348 34.6 23264 22674 genome.dna 1315747 1315168 NC_003116.gbk
239 31.5 24825 25448 genome.dna 2140199 2139503 NC_003116.gbk
2714 50.6 25826 28615 genome.dna 444811 441994 NC_003116.gbk
588 47.4 29669 29034 genome.dna 644118 643488 NC_003116.gbk
1432 46.9 30749 32122 genome.dna 2061797 2063219 NC_003116.gbk
2083 62.7 36667 35258 genome.dna 2078841 2077422 NC_003116.gbk
2480 62.0 37037 38860 genome.dna 1269661 1271473 NC_003116.gbk
408 44.3 39698 40135 genome.dna 2088982 2088490 NC_003116.gbk
1297 44.1 44746 43358 genome.dna 1075148 1076540 NC_003116.gbk
2041 52.7 47188 45107 genome.dna 661392 663435 NC_003116.gbk
2107 46.3 49985 47886 genome.dna 1850850 1848672 NC_003116.gbk
597 49.7 50956 50333 genome.dna 1851804 1851186 NC_003116.gbk
1950 65.2 62838 64181 genome.dna 1898766 1900101 NC_003116.gbk
511 45.4 68440 67694 genome.dna 1750836 1751589 NC_003116.gbk
2142 48.3 70479 68437 genome.dna 48023 45986 NC_003116.gbk
759 45.0 76671 77513 genome.dna 1188431 1187585 NC_003116.gbk
295 36.2 97287 96724 genome.dna 1863015 1863567 NC_003116.gbk
627 42.0 97589 98332 genome.dna 1428432 1429239 NC_003116.gbk
1510 73.4 98527 99441 genome.dna 498801 499707 NC_003116.gbk
1940 45.5 99451 101520 genome.dna 500214 502278 NC_003116.gbk
411 42.5 110262 109636 genome.dna 1052895 1052307 NC_003116.gbk
2376 79.4 124086 125432 genome.dna 295202 293858 NC_003116.gbk
2052 64.2 138613 140052 genome.dna 469560 468117 NC_003116.gbk
1125 45.3 140268 141428 genome.dna 1500609 1499436 NC_003116.gbk
681 37.3 151546 150683 genome.dna 891777 890892 NC_003116.gbk
878 56.9 162282 162998 genome.dna 1633114 1632385 NC_003116.gbk
810 55.9 163345 163986 genome.dna 555724 555082 NC_003116.gbk
670 66.0 165569 165111 genome.dna 1060061 1060514 NC_003116.gbk
918 38.9 166824 165547 genome.dna 1847421 1848606 NC_003116.gbk
517 38.2 166978 167643 genome.dna 1343667 1342989 NC_003116.gbk
361 71.1 167881 168117 genome.dna 2111952 2111718 NC_003116.gbk
263 78.4 168129 168296 genome.dna 2111687 2111531 NC_003116.gbk
907 50.7 168516 169325 genome.dna 1403615 1402787 NC_003116.gbk
355 35.4 170854 170375 genome.dna 389808 390321 NC_003116.gbk
859 38.6 172168 170891 genome.dna 245929 244657 NC_003116.gbk
457 33.7 174074 173307 genome.dna 1893156 1893921 NC_003116.gbk
702 39.5 184524 183541 genome.dna 228043 227074 NC_003116.gbk
703 44.0 185588 184521 genome.dna 1660249 1659238 NC_003116.gbk
859 50.6 186544 185612 genome.dna 997181 998186 NC_003116.gbk
430 47.1 192299 192775 genome.dna 660863 661307 NC_003116.gbk
847 42.7 192775 193791 genome.dna 347945 348935 NC_003116.gbk
921 56.0 193935 194756 genome.dna 736939 736120 NC_003116.gbk
805 43.3 199675 198740 genome.dna 352015 351085 NC_003116.gbk
2758 55.6 199780 202044 genome.dna 1087094 1089371 NC_003116.gbk
932 32.6 212248 209609 genome.dna 345069 347823 NC_003116.gbk
524 38.5 217784 218788 genome.dna 665737 664693 NC_003116.gbk
1378 48.9 219661 221034 genome.dna 828719 827342 NC_003116.gbk
1134 40.4 221269 222798 genome.dna 356108 357893 NC_003116.gbk
979 61.0 222967 223722 genome.dna 923716 924454 NC_003116.gbk
1690 52.4 224355 225995 genome.dna 734252 735764 NC_003116.gbk
927 51.0 226939 227694 genome.dna 788168 787397 NC_003116.gbk
1506 68.2 228573 229595 genome.dna 974498 975515 NC_003116.gbk
2618 74.4 230345 231841 genome.dna 1889065 1887586 NC_003116.gbk
346 33.9 237567 238178 genome.dna 225091 224479 NC_003116.gbk
1386 43.0 238222 239673 genome.dna 837484 836026 NC_003116.gbk
962 45.3 245968 247005 genome.dna 983463 982422 NC_003116.gbk
2215 81.7 250357 251541 genome.dna 118729 117544 NC_003116.gbk
2215 81.7 250357 251541 genome.dna 136055 134870 NC_003116.gbk
735 60.3 252164 252709 genome.dna 134394 133857 NC_003116.gbk
652 68.1 252872 253300 genome.dna 133757 133322 NC_003116.gbk
1008 66.5 253304 254008 genome.dna 133323 132627 NC_003116.gbk
423 43.8 254326 254823 genome.dna 132398 131897 NC_003116.gbk
453 64.2 254890 255255 genome.dna 131840 131468 NC_003116.gbk
2750 63.7 255584 259612 genome.dna 131278 127099 NC_003116.gbk
6192 66.3 259736 263959 genome.dna 126948 122772 NC_003116.gbk
650 41.1 269828 269043 genome.dna 335052 334263 NC_003116.gbk
709 46.2 270806 270027 genome.dna 344955 344184 NC_003116.gbk
613 47.5 271449 270808 genome.dna 336499 335881 NC_003116.gbk
2965 68.5 273440 271446 genome.dna 365772 367674 NC_003116.gbk
1585 66.6 275283 276347 genome.dna 954013 955078 NC_003116.gbk
1690 61.7 280242 278956 genome.dna 223954 222682 NC_003116.gbk
1992 59.3 281849 280260 genome.dna 1129590 1131183 NC_003116.gbk
710 50.0 292998 292333 genome.dna 963784 964501 NC_003116.gbk
735 51.3 293855 293088 genome.dna 962967 963795 NC_003116.gbk
1117 53.3 301263 300298 genome.dna 1539739 1538728 NC_003116.gbk
847 44.5 303420 302533 genome.dna 568608 567720 NC_003116.gbk
2104 69.1 306633 305290 genome.dna 570230 568868 NC_003116.gbk
574 60.9 307112 306645 genome.dna 570798 570342 NC_003116.gbk
463 40.8 315964 316557 genome.dna 787345 786739 NC_003116.gbk
1526 46.9 316547 318016 genome.dna 660372 658878 NC_003116.gbk
1693 54.1 321945 323390 genome.dna 339125 340568 NC_003116.gbk
420 40.2 331519 330968 genome.dna 1010192 1010768 NC_003116.gbk
1324 48.0 331816 333156 genome.dna 1010102 1008770 NC_003116.gbk
210 38.6 334075 333803 genome.dna 360864 361134 NC_003116.gbk
781 44.3 334964 334107 genome.dna 916012 916867 NC_003116.gbk
297 37.7 335599 335126 genome.dna 914616 915066 NC_003116.gbk
927 57.9 338215 337490 genome.dna 2082020 2081255 NC_003116.gbk
344 38.9 338791 338219 genome.dna 2082594 2082063 NC_003116.gbk
506 45.2 339901 339335 genome.dna 2083689 2083152 NC_003116.gbk
1135 52.7 340994 339921 genome.dna 2084881 2083906 NC_003116.gbk
922 49.4 342391 343203 genome.dna 471430 472291 NC_003116.gbk
872 55.7 343211 343993 genome.dna 472338 473115 NC_003116.gbk
401 42.6 343998 344564 genome.dna 473165 473660 NC_003116.gbk
147 33.3 345645 345899 genome.dna 239817 240066 NC_003116.gbk
1555 58.6 345980 347242 genome.dna 242645 241391 NC_003116.gbk
802 36.0 349956 348586 genome.dna 700420 698920 NC_003116.gbk
850 39.6 350815 351966 genome.dna 1415497 1416649 NC_003116.gbk
653 67.6 352201 352629 genome.dna 349997 350429 NC_003116.gbk
541 62.3 352645 353037 genome.dna 350438 350831 NC_003116.gbk
599 46.3 353367 354008 genome.dna 480734 481340 NC_003116.gbk
408 35.1 366712 367449 genome.dna 2079963 2080665 NC_003116.gbk
297 33.7 369528 368956 genome.dna 316929 316320 NC_003116.gbk
608 49.2 370130 369540 genome.dna 317586 316992 NC_003116.gbk
713 44.0 372605 373492 genome.dna 317990 318866 NC_003116.gbk
880 45.6 384350 385246 genome.dna 573381 574281 NC_003116.gbk
808 57.1 385868 385287 genome.dna 573143 572564 NC_003116.gbk
312 33.6 386934 386071 genome.dna 560003 558938 NC_003116.gbk
340 45.7 431880 431494 genome.dna 838796 838406 NC_003116.gbk
495 51.0 432443 431979 genome.dna 152946 152487 NC_003116.gbk
1228 62.1 433394 432459 genome.dna 153876 152955 NC_003116.gbk
1435 66.9 435364 434357 genome.dna 1706819 1707815 NC_003116.gbk
775 35.9 442927 444705 genome.dna 671030 672773 NC_003116.gbk
3036 52.4 460910 458055 genome.dna 94481 97319 NC_003116.gbk
147 30.3 461372 460923 genome.dna 1699962 1699521 NC_003116.gbk
152 30.5 526251 526580 genome.dna 349329 349635 NC_003116.gbk
278 31.6 526894 527520 genome.dna 310354 310936 NC_003116.gbk
1694 55.7 530287 528905 genome.dna 955263 956643 NC_003116.gbk
2246 61.7 533382 534971 genome.dna 818368 816772 NC_003116.gbk
430 33.1 536846 537643 genome.dna 1880850 1879995 NC_003116.gbk
644 34.1 692651 690918 genome.dna 1651909 1650067 NC_003116.gbk
2218 72.5 695973 694534 genome.dna 1352341 1353739 NC_003116.gbk
340 57.3 697176 697469 genome.dna 451546 451837 NC_003116.gbk
2597 75.0 697515 699164 genome.dna 451929 453564 NC_003116.gbk
812 45.2 699974 700837 genome.dna 913541 914432 NC_003116.gbk
260 44.2 703585 703950 genome.dna 1690172 1689788 NC_003116.gbk
227 35.2 705891 705376 genome.dna 1365566 1365089 NC_003116.gbk
1730 69.2 725271 724024 genome.dna 290319 291549 NC_003116.gbk
1076 53.3 726542 725589 genome.dna 244135 243160 NC_003116.gbk
1558 54.3 753122 751287 genome.dna 1671822 1673751 NC_003116.gbk
1458 44.1 755031 753277 genome.dna 1669863 1671636 NC_003116.gbk
278 70.0 755400 755185 genome.dna 482919 482706 NC_003116.gbk
1154 57.1 755628 756641 genome.dna 648472 649537 NC_003116.gbk
1095 53.4 761351 760380 genome.dna 2108909 2107934 NC_003116.gbk
386 51.0 761608 761919 genome.dna 2109132 2109441 NC_003116.gbk
388 73.2 761939 762196 genome.dna 2109465 2109738 NC_003116.gbk
802 43.3 762286 763248 genome.dna 1594527 1593603 NC_003116.gbk
1253 54.6 763509 764681 genome.dna 320558 321713 NC_003116.gbk
594 57.2 766454 766933 genome.dna 1557110 1556633 NC_003116.gbk
218 44.3 767354 767061 genome.dna 974046 974331 NC_003116.gbk
668 51.0 767499 768128 genome.dna 973937 973316 NC_003116.gbk
2452 58.5 768185 770122 genome.dna 973253 971285 NC_003116.gbk
782 48.3 770241 771074 genome.dna 1885134 1884282 NC_003116.gbk
1594 54.4 771082 772419 genome.dna 1884153 1882818 NC_003116.gbk
250 33.9 772670 773002 genome.dna 542086 541735 NC_003116.gbk
357 41.1 777307 777729 genome.dna 1820250 1820700 NC_003116.gbk
1365 47.5 777751 779280 genome.dna 1820712 1822230 NC_003116.gbk
2578 47.5 779306 782008 genome.dna 1822241 1825130 NC_003116.gbk
263 38.7 782083 782481 genome.dna 1492172 1492544 NC_003116.gbk
725 41.4 782481 783425 genome.dna 1493136 1494057 NC_003116.gbk
353 62.9 783547 783816 genome.dna 796137 796407 NC_003116.gbk
2822 62.3 784066 786186 genome.dna 933316 935437 NC_003116.gbk
215 35.0 803045 802602 genome.dna 556957 556516 NC_003116.gbk
1157 52.3 812975 814090 genome.dna 749197 750304 NC_003116.gbk
502 59.5 814149 814541 genome.dna 750466 750853 NC_003116.gbk
3832 58.8 814656 817529 genome.dna 1864862 1867715 NC_003116.gbk
513 39.3 830229 830876 genome.dna 1828288 1828915 NC_003116.gbk
134 30.6 832337 832603 genome.dna 1095626 1095875 NC_003116.gbk
884 47.3 839867 840766 genome.dna 929035 929911 NC_003116.gbk
1497 46.0 841615 843360 genome.dna 1011596 1013297 NC_003116.gbk
1891 55.8 844582 846099 genome.dna 1546017 1544505 NC_003116.gbk
550 32.2 853003 853935 genome.dna 1537870 1537000 NC_003116.gbk
450 36.6 912721 911924 genome.dna 1988634 1987821 NC_003116.gbk
469 47.9 927840 927358 genome.dna 1659190 1658737 NC_003116.gbk
320 33.1 927996 928442 genome.dna 971076 970632 NC_003116.gbk
286 46.0 928432 928713 genome.dna 970640 970361 NC_003116.gbk
183 38.2 929286 928951 genome.dna 60585 60963 NC_003116.gbk
1242 38.6 931102 929441 genome.dna 918775 920449 NC_003116.gbk
730 38.9 932060 931182 genome.dna 980293 979402 NC_003116.gbk
389 39.2 932209 932796 genome.dna 737122 737701 NC_003116.gbk
273 66.7 934700 934497 genome.dna 1609983 1609773 NC_003116.gbk
1280 48.0 967560 968834 genome.dna 380291 379049 NC_003116.gbk
972 49.2 983011 983910 genome.dna 962683 961774 NC_003116.gbk
989 52.1 986075 986968 genome.dna 1048380 1047519 NC_003116.gbk
2258 54.4 990019 988067 genome.dna 720268 722203 NC_003116.gbk
876 40.8 991219 990023 genome.dna 719024 720203 NC_003116.gbk
722 50.2 991470 992150 genome.dna 784377 783699 NC_003116.gbk
1210 35.3 995970 994243 genome.dna 361133 362909 NC_003116.gbk
1064 56.8 997695 996727 genome.dna 938271 939204 NC_003116.gbk
212 40.0 1001658 1001365 genome.dna 2030532 2030178 NC_003116.gbk
846 41.9 1003896 1003036 genome.dna 1764194 1763339 NC_003116.gbk
620 31.0 1010351 1008708 genome.dna 1756550 1758191 NC_003116.gbk
1249 33.6 1046527 1048740 genome.dna 547306 545128 NC_003116.gbk
952 52.4 1060623 1061516 genome.dna 1721482 1722346 NC_003116.gbk
282 45.5 1085958 1085686 genome.dna 388578 388845 NC_003116.gbk
949 41.9 1087061 1085955 genome.dna 1520241 1521291 NC_003116.gbk
817 52.0 1087227 1087946 genome.dna 1438564 1439281 NC_003116.gbk
632 50.0 1096541 1097074 genome.dna 1876160 1875635 NC_003116.gbk
1028 52.5 1099537 1100406 genome.dna 1201480 1200628 NC_003116.gbk
1338 71.6 1100443 1101237 genome.dna 1898344 1897549 NC_003116.gbk
1023 32.9 1103446 1106844 genome.dna 1914900 1911690 NC_003116.gbk
1214 32.3 1109886 1113512 genome.dna 961542 957927 NC_003116.gbk
559 36.1 1113509 1115371 genome.dna 1302069 1300323 NC_003116.gbk
986 39.1 1119387 1118062 genome.dna 554578 553267 NC_003116.gbk
1267 50.4 1119665 1120909 genome.dna 1971154 1972405 NC_003116.gbk
813 47.4 1134065 1134883 genome.dna 1633876 1634653 NC_003116.gbk
1316 72.0 1150402 1149575 genome.dna 2100110 2099288 NC_003116.gbk
1514 34.2 1153145 1150431 genome.dna 1280077 1277518 NC_003116.gbk
902 52.1 1154052 1153258 genome.dna 315623 314843 NC_003116.gbk
880 55.0 1154397 1155122 genome.dna 309867 309138 NC_003116.gbk
849 49.8 1155257 1156108 genome.dna 309010 308155 NC_003116.gbk
827 52.4 1156279 1157004 genome.dna 307833 307113 NC_003116.gbk
681 56.9 1157130 1157687 genome.dna 79150 79708 NC_003116.gbk
1295 56.5 1157925 1159121 genome.dna 81365 82550 NC_003116.gbk
807 51.7 1159320 1160081 genome.dna 79763 80510 NC_003116.gbk
452 36.2 1160091 1160948 genome.dna 80512 81310 NC_003116.gbk
1068 39.5 1160970 1162325 genome.dna 82584 83925 NC_003116.gbk
1358 34.0 1162361 1164805 genome.dna 83981 86375 NC_003116.gbk
770 38.7 1165447 1166469 genome.dna 86973 88017 NC_003116.gbk
569 56.7 1166572 1167027 genome.dna 88052 88502 NC_003116.gbk
825 46.9 1167032 1167820 genome.dna 89535 90312 NC_003116.gbk
1060 46.4 1167824 1168975 genome.dna 63862 62707 NC_003116.gbk
686 60.1 1168997 1169593 genome.dna 73824 74409 NC_003116.gbk
1599 47.2 1169670 1173152 genome.dna 617828 614393 NC_003116.gbk
1362 64.5 1173165 1174124 genome.dna 1248957 1249917 NC_003116.gbk
602 34.8 1174650 1175972 genome.dna 1250014 1251295 NC_003116.gbk
2536 49.6 1180703 1178139 genome.dna 231215 233810 NC_003116.gbk
443 63.3 1211683 1212024 genome.dna 269504 269174 NC_003116.gbk
715 39.2 1212161 1213231 genome.dna 1385230 1384237 NC_003116.gbk
576 33.1 1254320 1253391 genome.dna 1020812 1019912 NC_003116.gbk
1178 55.4 1271755 1272822 genome.dna 571153 572194 NC_003116.gbk
1556 60.6 1272920 1274065 genome.dna 899901 898785 NC_003116.gbk
177 33.0 1274175 1274507 genome.dna 792644 792911 NC_003116.gbk
691 43.6 1274535 1276382 genome.dna 793119 794976 NC_003116.gbk
770 38.6 1276393 1277361 genome.dna 794979 795915 NC_003116.gbk
365 34.9 1278470 1278919 genome.dna 631239 630774 NC_003116.gbk
960 46.2 1278982 1280091 genome.dna 630743 629633 NC_003116.gbk
357 43.5 1280201 1280677 genome.dna 859696 859219 NC_003116.gbk
317 40.5 1280702 1281121 genome.dna 859142 858716 NC_003116.gbk
749 42.0 1281190 1282170 genome.dna 2057887 2056930 NC_003116.gbk
447 45.2 1282175 1282681 genome.dna 2056938 2056452 NC_003116.gbk
1474 56.1 1284598 1282733 genome.dna 561198 563112 NC_003116.gbk
812 47.8 1285528 1284617 genome.dna 2178249 2179146 NC_003116.gbk
1087 39.7 1291078 1289714 genome.dna 1596812 1595426 NC_003116.gbk
840 40.8 1297979 1296492 genome.dna 2077268 2075984 NC_003116.gbk
1082 39.6 1299536 1300840 genome.dna 1422492 1421178 NC_003116.gbk
942 72.0 1301367 1301990 genome.dna 1421083 1420468 NC_003116.gbk
1780 69.2 1302154 1303428 genome.dna 1491982 1490737 NC_003116.gbk
2448 64.5 1303620 1306001 genome.dna 1298898 1296435 NC_003116.gbk
356 64.0 1306200 1306472 genome.dna 1296254 1295984 NC_003116.gbk
265 38.9 1309374 1309772 genome.dna 475944 476328 NC_003116.gbk
731 51.1 1310544 1309849 genome.dna 692469 693129 NC_003116.gbk
951 45.6 1316909 1318201 genome.dna 802750 801445 NC_003116.gbk
228 80.0 1322427 1322284 genome.dna 1085604 1085478 NC_003116.gbk
219 43.8 1322693 1322445 genome.dna 1085879 1085603 NC_003116.gbk
1011 42.6 1327249 1326056 genome.dna 1908188 1906949 NC_003116.gbk
343 31.9 1327415 1328056 genome.dna 1908595 1909228 NC_003116.gbk
316 41.0 1329039 1329440 genome.dna 747561 747201 NC_003116.gbk
503 43.6 1329655 1330212 genome.dna 1851931 1852531 NC_003116.gbk
1345 38.1 1330287 1332362 genome.dna 1570353 1572483 NC_003116.gbk
355 52.3 1332403 1332732 genome.dna 1572562 1572898 NC_003116.gbk
482 40.3 1332732 1333337 genome.dna 1305229 1304611 NC_003116.gbk
939 64.5 1335658 1336302 genome.dna 991809 992457 NC_003116.gbk
1019 46.2 1336525 1337487 genome.dna 898704 897693 NC_003116.gbk
128 32.8 1348630 1348836 genome.dna 1625288 1625483 NC_003116.gbk
243 33.3 1352428 1351949 genome.dna 1356068 1355588 NC_003116.gbk
1524 38.9 1356196 1353473 genome.dna 1432648 1434826 NC_003116.gbk
630 36.6 1358126 1357212 genome.dna 1286384 1285436 NC_003116.gbk
2034 80.4 1359784 1358654 genome.dna 1396190 1395056 NC_003116.gbk
4048 78.3 1362181 1359896 genome.dna 1400781 1398501 NC_003116.gbk
819 56.8 1363250 1362525 genome.dna 380454 381171 NC_003116.gbk
2827 53.7 1363499 1366138 genome.dna 1504502 1507253 NC_003116.gbk
278 33.8 1392117 1391434 genome.dna 1863556 1864198 NC_003116.gbk
627 50.0 1426894 1426256 genome.dna 1698338 1697711 NC_003116.gbk
1368 58.6 1427931 1426894 genome.dna 1319919 1318884 NC_003116.gbk
951 65.9 1428285 1428911 genome.dna 948954 949581 NC_003116.gbk
954 39.6 1429248 1430537 genome.dna 1425357 1426569 NC_003116.gbk
388 31.9 1430628 1431344 genome.dna 1206580 1205848 NC_003116.gbk
403 50.0 1431761 1431390 genome.dna 237361 237007 NC_003116.gbk
266 31.7 1433876 1433409 genome.dna 928480 928984 NC_003116.gbk
918 48.3 1434853 1435731 genome.dna 1074841 1073965 NC_003116.gbk
485 49.3 1437843 1438295 genome.dna 2107930 2107483 NC_003116.gbk
483 38.0 1446005 1445229 genome.dna 1924567 1923904 NC_003116.gbk
1041 35.9 1462930 1461608 genome.dna 655667 656981 NC_003116.gbk
1445 56.6 1466359 1465232 genome.dna 1664212 1663066 NC_003116.gbk
262 38.3 1466738 1466361 genome.dna 1307262 1306887 NC_003116.gbk
268 42.4 1468782 1468399 genome.dna 1191118 1190758 NC_003116.gbk
1327 61.7 1470427 1469462 genome.dna 1283182 1282198 NC_003116.gbk
216 40.2 1471750 1471487 genome.dna 1284075 1283799 NC_003116.gbk
423 41.7 1477924 1477454 genome.dna 388035 388506 NC_003116.gbk
258 39.0 1478243 1477926 genome.dna 387595 387982 NC_003116.gbk
358 38.0 1479078 1478437 genome.dna 386943 387537 NC_003116.gbk
235 32.9 1480669 1480115 genome.dna 888199 888679 NC_003116.gbk
1173 55.7 1483266 1480684 genome.dna 534812 537545 NC_003116.gbk
899 34.6 1489354 1487825 genome.dna 894929 893390 NC_003116.gbk
832 50.4 1490240 1489362 genome.dna 706082 705257 NC_003116.gbk
460 48.4 1490971 1490492 genome.dna 706599 706083 NC_003116.gbk
1134 57.3 1492026 1490968 genome.dna 1016513 1015559 NC_003116.gbk
1873 64.5 1493774 1492350 genome.dna 564525 563196 NC_003116.gbk
2237 60.4 1504627 1506285 genome.dna 1693254 1691532 NC_003116.gbk
504 54.0 1506798 1506349 genome.dna 60367 59932 NC_003116.gbk
335 40.0 1514785 1514357 genome.dna 592701 592269 NC_003116.gbk
329 31.0 1528762 1530255 genome.dna 2145584 2146886 NC_003116.gbk
762 51.9 1530248 1530991 genome.dna 352145 352895 NC_003116.gbk
717 51.9 1531148 1531804 genome.dna 22674 23322 NC_003116.gbk
867 45.2 1531798 1532742 genome.dna 23318 24248 NC_003116.gbk
804 51.2 1532732 1533469 genome.dna 24234 24972 NC_003116.gbk
1963 67.5 1536355 1535069 genome.dna 1095986 1097270 NC_003116.gbk
272 36.6 1537007 1537396 genome.dna 1092317 1092695 NC_003116.gbk
282 35.0 1537390 1537737 genome.dna 1092688 1093030 NC_003116.gbk
2318 56.9 1537737 1539503 genome.dna 1093032 1094796 NC_003116.gbk
1112 64.8 1539520 1540236 genome.dna 1094915 1095623 NC_003116.gbk
3126 50.8 1540513 1543320 genome.dna 1097474 1100303 NC_003116.gbk
1398 54.9 1543336 1544562 genome.dna 1100402 1101614 NC_003116.gbk
1582 63.1 1544898 1546064 genome.dna 1103892 1105059 NC_003116.gbk
1450 72.8 1546064 1546936 genome.dna 1105069 1105960 NC_003116.gbk
1442 66.2 1558773 1559834 genome.dna 2042838 2043951 NC_003116.gbk
1477 64.0 1561884 1562939 genome.dna 2127889 2126833 NC_003116.gbk
864 55.9 1563766 1563014 genome.dna 1746078 1745394 NC_003116.gbk
1378 58.2 1573036 1572017 genome.dna 186683 187703 NC_003116.gbk
909 46.9 1584709 1585674 genome.dna 1513075 1512088 NC_003116.gbk
1044 56.9 1598005 1595975 genome.dna 260864 258806 NC_003116.gbk
988 45.7 1598229 1599338 genome.dna 589086 587958 NC_003116.gbk
593 35.5 1613498 1614457 genome.dna 1475159 1476170 NC_003116.gbk
509 33.0 1633374 1634744 genome.dna 966668 965285 NC_003116.gbk
1035 54.0 1635671 1634820 genome.dna 932019 931155 NC_003116.gbk
743 60.2 1636204 1635668 genome.dna 171639 171084 NC_003116.gbk
1370 69.2 1637078 1636206 genome.dna 172544 171677 NC_003116.gbk
1370 69.2 1637078 1636206 genome.dna 188949 189816 NC_003116.gbk
1623 53.6 1638449 1639855 genome.dna 247440 245991 NC_003116.gbk
1401 35.3 1992328 1990295 genome.dna 1379817 1377834 NC_003116.gbk
1481 35.4 2005482 2003347 genome.dna 205671 207822 NC_003116.gbk
401 40.8 2012054 2011395 genome.dna 389001 389685 NC_003116.gbk
170 30.3 2015203 2015631 genome.dna 1633660 1633195 NC_003116.gbk
1229 54.8 2034173 2033130 genome.dna 857316 858351 NC_003116.gbk
276 43.3 2034358 2034645 genome.dna 1709425 1709131 NC_003116.gbk
760 53.6 2038594 2039550 genome.dna 64920 63927 NC_003116.gbk
468 40.5 2040198 2039605 genome.dna 523272 523863 NC_003116.gbk
190 31.6 2040339 2040860 genome.dna 523125 522621 NC_003116.gbk
243 66.7 2040877 2041047 genome.dna 522588 522408 NC_003116.gbk
786 38.7 2041077 2042123 genome.dna 521466 520410 NC_003116.gbk
1039 50.9 2042130 2043083 genome.dna 519331 518368 NC_003116.gbk
1093 55.1 2043101 2044030 genome.dna 517771 516844 NC_003116.gbk
1036 69.2 2044045 2044779 genome.dna 513115 512368 NC_003116.gbk
338 72.4 2044934 2045170 genome.dna 34868 35105 NC_003116.gbk
1683 59.5 2045253 2046494 genome.dna 35271 36519 NC_003116.gbk
768 39.9 2047434 2048453 genome.dna 846082 847078 NC_003116.gbk
500 41.5 2048443 2049102 genome.dna 847137 847758 NC_003116.gbk
732 44.4 2050132 2050929 genome.dna 947402 948182 NC_003116.gbk
316 40.4 2055442 2055792 genome.dna 789445 789121 NC_003116.gbk
932 42.7 2057749 2058777 genome.dna 697142 696056 NC_003116.gbk
2576 44.4 2070405 2066956 genome.dna 1387160 1391051 NC_003116.gbk
823 56.4 2071740 2072447 genome.dna 1302832 1302136 NC_003116.gbk
873 34.5 2072444 2073691 genome.dna 1304072 1302824 NC_003116.gbk
497 45.5 2079241 2079792 genome.dna 1768286 1767752 NC_003116.gbk
2355 56.9 2083361 2081520 genome.dna 1516015 1517929 NC_003116.gbk
352 38.7 2085741 2085214 genome.dna 382981 382462 NC_003116.gbk
824 46.7 2102053 2101232 genome.dna 809513 810335 NC_003116.gbk
3545 66.1 2102354 2104732 genome.dna 809102 806717 NC_003116.gbk
878 42.0 2106065 2105019 genome.dna 739121 738065 NC_003116.gbk
1158 39.5 2177036 2175615 genome.dna 1564389 1565844 NC_003116.gbk
494 36.5 2177765 2177046 genome.dna 1562915 1563695 NC_003116.gbk
977 33.8 2181270 2179897 genome.dna 985020 983640 NC_003116.gbk
809 61.0 2181519 2182154 genome.dna 1315051 1314388 NC_003116.gbk
332 43.3 2186467 2186817 genome.dna 948537 948849 NC_003116.gbk
580 59.3 2188157 2187750 genome.dna 2095338 2094921 NC_003116.gbk
927 44.7 2190305 2191417 genome.dna 2065467 2066571 NC_003116.gbk
608 44.8 2191939 2192622 genome.dna 1476932 1476299 NC_003116.gbk
1751 61.5 2192856 2194133 genome.dna 597949 599245 NC_003116.gbk
1029 43.6 2198282 2200954 genome.dna 1999129 1996522 NC_003116.gbk
765 59.4 2203467 2202874 genome.dna 1321343 1321937 NC_003116.gbk
791 52.7 2216576 2217319 genome.dna 992982 993723 NC_003116.gbk
2875 61.9 2221311 2219248 genome.dna 1623217 1625299 NC_003116.gbk
1013 59.7 2239913 2239125 genome.dna 2099134 2098348 NC_003116.gbk
1436 72.3 2263993 2263058 genome.dna 1357495 1358455 NC_003116.gbk
1650 73.8 2267632 2266640 genome.dna 1878691 1877692 NC_003116.gbk
551 42.8 2306210 2305560 genome.dna 1317757 1318414 NC_003116.gbk
1845 60.4 2338271 2339743 genome.dna 1621698 1620264 NC_003116.gbk
635 42.2 2353959 2354768 genome.dna 487102 487966 NC_003116.gbk
332 37.5 2461266 2461811 genome.dna 590810 591311 NC_003116.gbk
1638 66.4 2487322 2486231 genome.dna 594666 595758 NC_003116.gbk
674 53.7 2488039 2487452 genome.dna 970309 969730 NC_003116.gbk
1397 66.8 2489732 2488785 genome.dna 1041802 1042786 NC_003116.gbk
723 42.6 2490742 2489870 genome.dna 1040535 1041381 NC_003116.gbk
1111 43.8 2491599 2492855 genome.dna 751004 752252 NC_003116.gbk
1526 63.7 2492889 2493971 genome.dna 1879892 1878815 NC_003116.gbk
708 44.1 2493971 2494816 genome.dna 341269 342091 NC_003116.gbk
233 37.6 2494828 2495223 genome.dna 926158 925783 NC_003116.gbk
1300 70.5 2496092 2496946 genome.dna 1391604 1392447 NC_003116.gbk
2263 68.6 2502156 2503685 genome.dna 1127015 1125473 NC_003116.gbk
2225 74.9 2503696 2505084 genome.dna 1125021 1123635 NC_003116.gbk
664 43.9 2507176 2506430 genome.dna 2061597 2060862 NC_003116.gbk
625 54.2 2511822 2511298 genome.dna 1521707 1522268 NC_003116.gbk
944 55.1 2552084 2552833 genome.dna 1070171 1070993 NC_003116.gbk
1901 62.4 2563367 2561970 genome.dna 1592150 1593539 NC_003116.gbk
523 42.1 2580340 2580921 genome.dna 741098 740504 NC_003116.gbk
413 36.8 2585266 2585973 genome.dna 741728 741101 NC_003116.gbk
1002 68.8 2585970 2586605 genome.dna 701187 700557 NC_003116.gbk
1032 52.5 2589820 2588846 genome.dna 2059799 2060750 NC_003116.gbk
907 41.5 2593132 2590532 genome.dna 141648 139341 NC_003116.gbk
1198 56.7 2594839 2593787 genome.dna 1723449 1722396 NC_003116.gbk
446 32.5 2595189 2595950 genome.dna 1240582 1239811 NC_003116.gbk
824 52.6 2597527 2596643 genome.dna 1477431 1478202 NC_003116.gbk
769 58.5 2598308 2597688 genome.dna 1992579 1991958 NC_003116.gbk
615 39.5 2599344 2598460 genome.dna 619075 619912 NC_003116.gbk
800 34.9 2602958 2604520 genome.dna 1174614 1173138 NC_003116.gbk
688 36.6 2605113 2606180 genome.dna 1117546 1118605 NC_003116.gbk
1420 54.9 2607572 2608762 genome.dna 872876 874079 NC_003116.gbk
525 36.0 2608762 2609568 genome.dna 853952 854738 NC_003116.gbk
359 33.9 2619430 2619996 genome.dna 2091901 2091370 NC_003116.gbk
540 61.3 2620019 2620441 genome.dna 1071490 1071043 NC_003116.gbk
307 49.0 2621565 2621861 genome.dna 2091368 2091077 NC_003116.gbk
939 51.9 2639766 2638855 genome.dna 829607 828737 NC_003116.gbk
336 36.1 2645457 2646263 genome.dna 2039894 2039123 NC_003116.gbk
504 40.9 2649224 2648673 genome.dna 1816807 1816249 NC_003116.gbk
521 32.8 2651794 2652813 genome.dna 1881879 1880889 NC_003116.gbk
270 32.3 2652833 2653480 genome.dna 228715 228079 NC_003116.gbk
1024 49.0 2654735 2655739 genome.dna 230772 229767 NC_003116.gbk
1579 55.3 2664862 2663609 genome.dna 92138 93395 NC_003116.gbk
445 35.9 2677723 2677067 genome.dna 1449400 1448743 NC_003116.gbk
358 34.6 2678460 2679146 genome.dna 101401 100687 NC_003116.gbk
1278 72.4 2679167 2679979 genome.dna 100659 99843 NC_003116.gbk
248 40.2 2679983 2680252 genome.dna 99840 99576 NC_003116.gbk
2061 55.8 2683421 2681736 genome.dna 1687880 1686209 NC_003116.gbk
311 34.8 2685383 2684682 genome.dna 557631 556953 NC_003116.gbk
295 42.5 2687612 2687956 genome.dna 1356142 1356505 NC_003116.gbk
1426 46.2 2696737 2695181 genome.dna 1619000 1617443 NC_003116.gbk
566 48.9 2701066 2701629 genome.dna 44987 45554 NC_003116.gbk
420 64.6 2728844 2728548 genome.dna 908954 909257 NC_003116.gbk
2086 43.0 2731236 2728849 genome.dna 906517 908881 NC_003116.gbk
1345 59.1 2732234 2731251 genome.dna 903723 904716 NC_003116.gbk
616 80.5 2732903 2732547 genome.dna 903018 903378 NC_003116.gbk
221 58.5 2733144 2732947 genome.dna 902808 903006 NC_003116.gbk
760 64.2 2733782 2733240 genome.dna 902140 902662 NC_003116.gbk
2738 61.2 2735713 2733785 genome.dna 900209 902123 NC_003116.gbk
884 52.2 2741372 2740491 genome.dna 991595 990755 NC_003116.gbk
1338 56.7 2757088 2758194 genome.dna 1689102 1687950 NC_003116.gbk
1890 61.6 2759027 2760397 genome.dna 2153493 2152122 NC_003116.gbk
409 43.2 2777056 2776550 genome.dna 543025 543553 NC_003116.gbk
743 55.6 2793288 2792647 genome.dna 1518109 1518748 NC_003116.gbk
1146 45.2 2794931 2793456 genome.dna 1515476 1514030 NC_003116.gbk
678 39.9 2795320 2796189 genome.dna 1512039 1511190 NC_003116.gbk
1353 50.2 2796565 2798007 genome.dna 158716 160189 NC_003116.gbk
1607 71.2 2809298 2808294 genome.dna 1310977 1312009 NC_003116.gbk
463 40.3 2809923 2809306 genome.dna 2174246 2174831 NC_003116.gbk
521 51.5 2810663 2810151 genome.dna 1538463 1537920 NC_003116.gbk
908 56.0 2811487 2810744 genome.dna 1830723 1831452 NC_003116.gbk
323 41.1 2811954 2811511 genome.dna 831661 831202 NC_003116.gbk
2287 56.1 2813755 2811956 genome.dna 1956604 1954795 NC_003116.gbk
2045 54.2 2835515 2837245 genome.dna 1637092 1638811 NC_003116.gbk
2178 62.5 2838878 2837343 genome.dna 2163481 2165020 NC_003116.gbk
600 44.3 2842935 2843582 genome.dna 1929237 1928595 NC_003116.gbk
258 32.8 2849466 2848900 genome.dna 1862493 1863012 NC_003116.gbk
1270 37.3 2851106 2849466 genome.dna 1860832 1862494 NC_003116.gbk
695 30.5 2852337 2851093 genome.dna 1859535 1860840 NC_003116.gbk
1992 48.7 2854450 2852540 genome.dna 1177021 1175110 NC_003116.gbk
1165 52.9 2859653 2858643 genome.dna 34637 33629 NC_003116.gbk
2652 47.7 2862472 2859857 genome.dna 1535322 1532718 NC_003116.gbk
1100 43.6 2862696 2863901 genome.dna 1635741 1637001 NC_003116.gbk
1701 63.8 2867225 2868415 genome.dna 709353 708159 NC_003116.gbk
685 44.2 2869134 2868487 genome.dna 358731 358098 NC_003116.gbk
778 53.3 2884168 2883416 genome.dna 851875 852637 NC_003116.gbk
206 48.3 2884347 2884165 genome.dna 851696 851879 NC_003116.gbk
610 42.7 2885460 2884459 genome.dna 849806 850841 NC_003116.gbk
1221 34.8 2887241 2885457 genome.dna 516707 514841 NC_003116.gbk
548 30.3 2889516 2887243 genome.dna 881650 883726 NC_003116.gbk
785 45.0 2891958 2891200 genome.dna 423842 423083 NC_003116.gbk
851 44.6 2892962 2891955 genome.dna 425546 424598 NC_003116.gbk
1062 50.5 2893911 2892949 genome.dna 426531 425562 NC_003116.gbk
693 40.8 2894873 2893923 genome.dna 427767 426801 NC_003116.gbk
439 33.5 2915911 2915069 genome.dna 981706 980929 NC_003116.gbk
993 41.4 2917289 2918617 genome.dna 1715226 1716516 NC_003116.gbk
300 37.9 2920770 2921360 genome.dna 821089 820450 NC_003116.gbk
449 34.7 2921367 2922104 genome.dna 820418 819680 NC_003116.gbk
652 41.6 2922086 2922862 genome.dna 819668 818900 NC_003116.gbk
348 56.7 2923933 2923649 genome.dna 1411939 1412254 NC_003116.gbk
2444 64.7 2925698 2924025 genome.dna 1410243 1411929 NC_003116.gbk
598 45.6 2926492 2925815 genome.dna 1409432 1410089 NC_003116.gbk
1420 55.7 2928002 2926713 genome.dna 1557501 1558803 NC_003116.gbk
1106 47.3 2929170 2928085 genome.dna 1819904 1818797 NC_003116.gbk
287 34.7 2950143 2949601 genome.dna 1163266 1163770 NC_003116.gbk
1744 62.9 2975613 2974318 genome.dna 1876324 1877620 NC_003116.gbk
1497 53.7 2977060 2975717 genome.dna 1328117 1326806 NC_003116.gbk
554 56.5 2981911 2981417 genome.dna 1833154 1832689 NC_003116.gbk
1354 64.8 2982496 2983455 genome.dna 1432510 1431559 NC_003116.gbk
537 38.0 2987214 2987927 genome.dna 59863 59137 NC_003116.gbk
346 70.8 2988043 2988261 genome.dna 104787 104568 NC_003116.gbk
2785 56.0 2992855 2990582 genome.dna 1007697 1005417 NC_003116.gbk
272 41.0 2993205 2992885 genome.dna 1008012 1007700 NC_003116.gbk
299 67.2 2993630 2993851 genome.dna 1008269 1008473 NC_003116.gbk
684 41.1 2995945 2996844 genome.dna 1695051 1694148 NC_003116.gbk
964 52.7 3009847 3009002 genome.dna 798892 799780 NC_003116.gbk
873 48.3 3010809 3009844 genome.dna 797927 798893 NC_003116.gbk
1371 57.3 3011957 3010824 genome.dna 796787 797912 NC_003116.gbk
1030 43.0 3013338 3012229 genome.dna 1729809 1728678 NC_003116.gbk
132 33.8 3016496 3016762 genome.dna 660585 660843 NC_003116.gbk
742 35.3 3022380 3021175 genome.dna 1044719 1043549 NC_003116.gbk
699 49.5 3023325 3022666 genome.dna 486326 487013 NC_003116.gbk
1849 71.0 3050037 3051158 genome.dna 1413132 1414269 NC_003116.gbk
1041 53.6 3051198 3052058 genome.dna 1414277 1415105 NC_003116.gbk
863 43.0 3058890 3057901 genome.dna 257763 258732 NC_003116.gbk
919 45.1 3064423 3065496 genome.dna 446946 445929 NC_003116.gbk
647 30.3 3083683 3082493 genome.dna 1982247 1981014 NC_003116.gbk
408 36.0 3084419 3083724 genome.dna 1406553 1407246 NC_003116.gbk
961 35.1 3127190 3125091 genome.dna 2147278 2149429 NC_003116.gbk
806 39.9 3140563 3139631 genome.dna 1152028 1153030 NC_003116.gbk
1141 72.1 3140808 3141479 genome.dna 1342917 1342191 NC_003116.gbk
1241 47.6 3147123 3145672 genome.dna 1540104 1541478 NC_003116.gbk
2785 64.0 3161386 3159374 genome.dna 1443110 1441082 NC_003116.gbk
346 31.5 3163130 3162450 genome.dna 912373 913021 NC_003116.gbk
651 35.5 3165022 3163865 genome.dna 1948110 1946967 NC_003116.gbk
1271 59.5 3166099 3165062 genome.dna 1254937 1255990 NC_003116.gbk
1691 58.8 3166195 3167499 genome.dna 911075 912377 NC_003116.gbk
514 38.2 3169188 3169883 genome.dna 412922 412229 NC_003116.gbk
715 50.0 3180901 3181500 genome.dna 2144129 2143523 NC_003116.gbk
561 31.4 3193197 3192250 genome.dna 2144683 2145595 NC_003116.gbk
583 52.7 3228583 3228035 genome.dna 1724859 1724295 NC_003116.gbk
1796 46.0 3230474 3228642 genome.dna 1434880 1436767 NC_003116.gbk
315 42.1 3332182 3332514 genome.dna 2044101 2044437 NC_003116.gbk
1581 62.7 3364676 3363084 genome.dna 1307411 1309040 NC_003116.gbk
773 30.6 3372145 3370688 genome.dna 2181111 2179665 NC_003116.gbk
850 35.2 3373687 3372152 genome.dna 2182617 2181120 NC_003116.gbk
823 35.7 3375638 3373788 genome.dna 2438 413 NC_003116.gbk
254 37.6 3375937 3375635 genome.dna 3866 3560 NC_003116.gbk
751 40.4 3378041 3377067 genome.dna 6943 5866 NC_003116.gbk
1230 47.2 3382301 3380952 genome.dna 11782 10480 NC_003116.gbk
307 36.1 3382843 3382298 genome.dna 12645 12171 NC_003116.gbk
2108 75.0 3389494 3390708 genome.dna 1609685 1608470 NC_003116.gbk
1290 51.1 3395711 3396913 genome.dna 1648327 1649554 NC_003116.gbk
637 51.6 3408161 3407589 genome.dna 488597 488027 NC_003116.gbk
1850 57.7 3409858 3408341 genome.dna 866233 864688 NC_003116.gbk
259 31.9 3410380 3409880 genome.dna 866939 866441 NC_003116.gbk
673 43.6 3412525 3411257 genome.dna 869217 867942 NC_003116.gbk
1129 59.4 3413548 3412631 genome.dna 854774 855647 NC_003116.gbk
943 66.5 3414435 3413773 genome.dna 1177684 1177039 NC_003116.gbk
730 44.8 3415469 3414618 genome.dna 373158 372360 NC_003116.gbk
654 39.8 3425582 3424782 genome.dna 1999995 1999206 NC_003116.gbk
1574 63.5 3427528 3426443 genome.dna 1871892 1872993 NC_003116.gbk
909 48.5 3428548 3427616 genome.dna 1839696 1838784 NC_003116.gbk
1756 52.9 3443783 3442200 genome.dna 312123 313590 NC_003116.gbk
740 47.2 3459693 3458845 genome.dna 2103582 2104443 NC_003116.gbk
689 36.0 3501629 3502645 genome.dna 826566 825570 NC_003116.gbk
1042 35.3 3502786 3504363 genome.dna 825515 823985 NC_003116.gbk
848 41.1 3504366 3505406 genome.dna 823965 822906 NC_003116.gbk
587 32.6 3512886 3511738 genome.dna 624484 623269 NC_003116.gbk
1150 60.2 3516455 3517318 genome.dna 329568 328713 NC_003116.gbk
203 47.8 3517351 3517563 genome.dna 618359 618593 NC_003116.gbk
174 32.1 3519771 3519349 genome.dna 2144576 2144177 NC_003116.gbk
641 61.3 3520193 3520687 genome.dna 967340 966830 NC_003116.gbk
743 51.3 3520698 3521420 genome.dna 712996 712273 NC_003116.gbk
576 59.5 3521609 3522118 genome.dna 1566512 1566026 NC_003116.gbk
444 33.5 3522115 3523185 genome.dna 1172600 1171463 NC_003116.gbk
1203 47.1 3525014 3526381 genome.dna 51961 53281 NC_003116.gbk
1331 36.9 3531913 3533985 genome.dna 533409 531351 NC_003116.gbk
165 30.2 3537641 3537204 genome.dna 590255 590696 NC_003116.gbk
1473 51.9 3537873 3539351 genome.dna 417183 415728 NC_003116.gbk
2435 61.3 3556399 3554642 genome.dna 1147594 1145902 NC_003116.gbk
1139 40.2 3566972 3568372 genome.dna 1562767 1561225 NC_003116.gbk
1011 58.4 3573115 3574479 genome.dna 1853689 1855045 NC_003116.gbk
689 44.5 3577570 3576767 genome.dna 1762483 1763290 NC_003116.gbk
2306 65.7 3590632 3589055 genome.dna 514742 513176 NC_003116.gbk
1992 63.2 3592205 3590739 genome.dna 1276640 1275176 NC_003116.gbk
1172 41.8 3592378 3593766 genome.dna 1482380 1481024 NC_003116.gbk
1033 48.0 3599984 3598497 genome.dna 1022300 1020842 NC_003116.gbk
1461 52.0 3603229 3601955 genome.dna 1024379 1023083 NC_003116.gbk
304 35.4 3604488 3603367 genome.dna 1419150 1420416 NC_003116.gbk
1356 57.3 3607701 3606505 genome.dna 1417276 1418371 NC_003116.gbk
614 63.8 3608433 3608005 genome.dna 1416707 1417133 NC_003116.gbk
213 47.7 3616273 3616073 genome.dna 1248079 1248277 NC_003116.gbk
544 69.4 3616630 3616295 genome.dna 1246651 1246993 NC_003116.gbk
2116 56.5 3618482 3616632 genome.dna 1243051 1244914 NC_003116.gbk
333 36.1 3619075 3618557 genome.dna 1503904 1504405 NC_003116.gbk
483 61.9 3619470 3619147 genome.dna 1503321 1503642 NC_003116.gbk
721 81.7 3619938 3619552 genome.dna 1502848 1503235 NC_003116.gbk
1958 72.8 3621177 3619963 genome.dna 1501373 1502588 NC_003116.gbk
498 53.4 3621953 3621459 genome.dna 1500898 1501345 NC_003116.gbk
364 36.5 3622783 3622058 genome.dna 1463532 1464411 NC_003116.gbk
763 44.4 3622920 3623723 genome.dna 1463352 1462566 NC_003116.gbk
1797 64.7 3635387 3634134 genome.dna 1182961 1181710 NC_003116.gbk
542 70.5 3640872 3640534 genome.dna 422689 423028 NC_003116.gbk
3469 55.0 3649390 3645506 genome.dna 422226 418263 NC_003116.gbk
430 45.2 3651787 3651263 genome.dna 1078360 1077913 NC_003116.gbk
359 59.7 3679566 3679826 genome.dna 136723 136471 NC_003116.gbk
296 41.9 3680225 3679845 genome.dna 1976468 1976090 NC_003116.gbk
893 60.3 3680956 3680225 genome.dna 1979000 1978271 NC_003116.gbk
335 34.4 3681774 3681037 genome.dna 1979818 1979023 NC_003116.gbk
910 46.4 3682691 3681786 genome.dna 860998 861922 NC_003116.gbk
658 47.7 3683368 3682688 genome.dna 860232 860952 NC_003116.gbk
2786 68.4 3686442 3684643 genome.dna 943889 942095 NC_003116.gbk
1010 43.4 3689812 3691413 genome.dna 2044485 2045994 NC_003116.gbk
964 64.7 3694571 3695257 genome.dna 1286886 1287546 NC_003116.gbk
1436 48.2 3698228 3696813 genome.dna 236239 234844 NC_003116.gbk
1077 51.9 3703917 3702925 genome.dna 1047523 1046449 NC_003116.gbk
925 52.6 3705613 3704801 genome.dna 1049594 1048757 NC_003116.gbk
996 49.3 3706780 3705770 genome.dna 1170829 1169773 NC_003116.gbk
700 48.7 3711890 3712588 genome.dna 944735 944033 NC_003116.gbk
518 63.5 3714535 3714188 genome.dna 733255 733594 NC_003116.gbk
1612 55.4 3714803 3716083 genome.dna 565357 566641 NC_003116.gbk
376 45.2 3729128 3729583 genome.dna 200754 200337 NC_003116.gbk
512 47.5 3729711 3730679 genome.dna 2086492 2087380 NC_003116.gbk
417 39.9 3730782 3732230 genome.dna 1013597 1014959 NC_003116.gbk
338 43.8 3732230 3732727 genome.dna 925774 925279 NC_003116.gbk
921 54.6 3732844 3733638 genome.dna 1036051 1036843 NC_003116.gbk
859 49.8 3733793 3734647 genome.dna 1036965 1037802 NC_003116.gbk
396 53.0 3734665 3735045 genome.dna 1391199 1391583 NC_003116.gbk
699 45.1 3749695 3748958 genome.dna 1646067 1645332 NC_003116.gbk
598 57.7 3749751 3750215 genome.dna 1764322 1764760 NC_003116.gbk
562 38.5 3750989 3751744 genome.dna 418169 417416 NC_003116.gbk
3686 64.9 3762599 3760023 genome.dna 1605804 1608384 NC_003116.gbk
790 53.4 3763458 3762733 genome.dna 887368 888148 NC_003116.gbk
901 46.6 3764478 3763501 genome.dna 884585 885710 NC_003116.gbk
612 42.1 3764613 3765347 genome.dna 884587 883783 NC_003116.gbk
476 64.3 3773009 3772662 genome.dna 778156 777790 NC_003116.gbk
909 54.2 3773827 3773072 genome.dna 778921 778171 NC_003116.gbk
345 35.7 3774414 3773866 genome.dna 779430 778920 NC_003116.gbk
361 64.2 3774681 3774433 genome.dna 779691 779445 NC_003116.gbk
1944 64.4 3776200 3774839 genome.dna 2137802 2139173 NC_003116.gbk
874 75.3 3777786 3777271 genome.dna 445463 444956 NC_003116.gbk
277 36.7 3780004 3779576 genome.dna 701646 701232 NC_003116.gbk
3451 59.8 3784972 3782345 genome.dna 1730013 1732638 NC_003116.gbk
226 35.1 3785598 3785110 genome.dna 1613638 1614100 NC_003116.gbk
1554 66.2 3786717 3785644 genome.dna 1575213 1574166 NC_003116.gbk
507 55.2 3787319 3786825 genome.dna 274012 274498 NC_003116.gbk
1016 37.5 3866442 3865039 genome.dna 1903680 1902276 NC_003116.gbk
3088 51.8 3869582 3866439 genome.dna 1906938 1903734 NC_003116.gbk
1157 45.7 3882715 3881462 genome.dna 1196523 1195260 NC_003116.gbk
786 40.1 3883829 3882726 genome.dna 1197645 1196535 NC_003116.gbk
826 41.3 3889382 3888324 genome.dna 1579392 1578333 NC_003116.gbk
855 51.4 3893140 3892373 genome.dna 632111 631268 NC_003116.gbk
641 32.9 3918901 3920391 genome.dna 1471220 1472666 NC_003116.gbk
1088 44.7 3932105 3933280 genome.dna 2114936 2113751 NC_003116.gbk
2112 59.7 3933298 3934833 genome.dna 2113752 2112201 NC_003116.gbk
337 34.1 3952181 3951618 genome.dna 376590 376026 NC_003116.gbk
592 44.1 3955431 3956147 genome.dna 228829 229510 NC_003116.gbk
2209 58.8 3956293 3958011 genome.dna 1451176 1449463 NC_003116.gbk
478 34.4 3960197 3959163 genome.dna 1616578 1615330 NC_003116.gbk
372 37.1 3961248 3960622 genome.dna 543654 544311 NC_003116.gbk
596 57.1 3963052 3962555 genome.dna 1644615 1644132 NC_003116.gbk
556 44.3 3963804 3963091 genome.dna 1645336 1644646 NC_003116.gbk
645 40.8 3964485 3965270 genome.dna 1755554 1756361 NC_003116.gbk
668 42.7 3965404 3966168 genome.dna 1642466 1641719 NC_003116.gbk
726 45.8 3969453 3967963 genome.dna 1264274 1262987 NC_003116.gbk
854 49.0 3970373 3969465 genome.dna 1265236 1264312 NC_003116.gbk
1786 58.9 3971825 3970383 genome.dna 1267484 1266023 NC_003116.gbk
2655 67.1 3974615 3972882 genome.dna 1261150 1259380 NC_003116.gbk
2145 55.0 3976444 3974615 genome.dna 1262991 1261176 NC_003116.gbk
190 33.0 3986036 3985365 genome.dna 694740 695379 NC_003116.gbk
1752 63.0 4001743 4000448 genome.dna 1392949 1394236 NC_003116.gbk
2453 66.1 4003479 4001842 genome.dna 1686098 1684463 NC_003116.gbk
1374 40.2 4007080 4004843 genome.dna 1929457 1931767 NC_003116.gbk
793 36.8 4012636 4011491 genome.dna 1367332 1366216 NC_003116.gbk
426 30.2 4013697 4012813 genome.dna 1718667 1719537 NC_003116.gbk
1120 44.2 4027241 4025196 genome.dna 843799 841273 NC_003116.gbk
1270 37.9 4031933 4029078 genome.dna 31316 28625 NC_003116.gbk
1321 52.2 4034399 4035643 genome.dna 1309111 1310365 NC_003116.gbk
710 44.5 4036522 4035704 genome.dna 2027020 2026198 NC_003116.gbk
295 37.6 4037027 4036671 genome.dna 1189176 1189533 NC_003116.gbk
468 41.9 4037132 4037767 genome.dna 1189121 1188518 NC_003116.gbk
341 39.0 4039680 4040210 genome.dna 831101 830567 NC_003116.gbk
505 53.4 4059979 4059527 genome.dna 1430479 1430026 NC_003116.gbk
354 67.1 4060248 4060021 genome.dna 1430726 1430495 NC_003116.gbk
540 70.9 4060971 4060579 genome.dna 1431404 1431035 NC_003116.gbk
789 53.5 4068636 4067902 genome.dna 1077387 1076601 NC_003116.gbk
1860 44.3 4071195 4068739 genome.dna 1272462 1274838 NC_003116.gbk
392 45.7 4071662 4071237 genome.dna 1991388 1991832 NC_003116.gbk
1039 50.3 4076878 4075862 genome.dna 202953 203997 NC_003116.gbk
625 44.6 4076900 4077613 genome.dna 202834 202147 NC_003116.gbk
641 40.1 4077711 4078532 genome.dna 201692 200900 NC_003116.gbk
595 48.5 4079441 4080034 genome.dna 830234 829634 NC_003116.gbk
1286 51.7 4080027 4081166 genome.dna 841241 840041 NC_003116.gbk
423 33.2 4102382 4101120 genome.dna 447547 448768 NC_003116.gbk
1149 53.5 4109655 4110677 genome.dna 2088460 2087449 NC_003116.gbk
1636 55.5 4114440 4115846 genome.dna 1053057 1054464 NC_003116.gbk
858 39.0 4115888 4116970 genome.dna 1833478 1834537 NC_003116.gbk
1592 57.8 4119655 4120848 genome.dna 1870637 1869443 NC_003116.gbk
4336 68.7 4139901 4137067 genome.dna 1111811 1108964 NC_003116.gbk
479 45.0 4140147 4140710 genome.dna 1595423 1594898 NC_003116.gbk
184 30.9 4145402 4144980 genome.dna 1798886 1798406 NC_003116.gbk
570 41.0 4147026 4146418 genome.dna 1800709 1800097 NC_003116.gbk
512 34.5 4151444 4150536 genome.dna 1160205 1159329 NC_003116.gbk
200 37.6 4151759 4151454 genome.dna 1160540 1160249 NC_003116.gbk
527 42.2 4196148 4196876 genome.dna 777503 776747 NC_003116.gbk
1027 57.1 4196873 4197727 genome.dna 776712 775836 NC_003116.gbk
495 39.9 4197767 4198645 genome.dna 775760 774833 NC_003116.gbk
4258 74.0 4221505 4218908 genome.dna 1704092 1706678 NC_003116.gbk
1495 63.4 4231793 4230366 genome.dna 1456367 1458152 NC_003116.gbk
1578 56.3 4233904 4232027 genome.dna 1454682 1456290 NC_003116.gbk
3684 61.5 4236582 4233919 genome.dna 1451869 1454533 NC_003116.gbk
444 36.1 4237489 4236725 genome.dna 1901172 1900389 NC_003116.gbk
673 57.1 4243540 4242965 genome.dna 845999 845426 NC_003116.gbk
587 38.6 4244964 4245854 genome.dna 2041367 2040485 NC_003116.gbk
205 32.5 4246180 4246626 genome.dna 250988 250475 NC_003116.gbk
710 30.4 4248098 4249303 genome.dna 2102276 2103509 NC_003116.gbk
383 34.0 4250722 4251348 genome.dna 2104444 2105077 NC_003116.gbk
3292 57.4 4255592 4252890 genome.dna 1666968 1669719 NC_003116.gbk
1016 46.8 4257707 4256787 genome.dna 249549 248625 NC_003116.gbk
1131 48.4 4258960 4257809 genome.dna 2005524 2004345 NC_003116.gbk
1111 41.5 4260285 4259029 genome.dna 2006887 2005642 NC_003116.gbk
437 31.6 4261166 4260282 genome.dna 2007701 2006972 NC_003116.gbk
892 47.9 4262088 4261168 genome.dna 2008605 2007690 NC_003116.gbk
1650 54.7 4263557 4262097 genome.dna 2010238 2008717 NC_003116.gbk
1066 47.7 4264711 4263620 genome.dna 2011349 2010281 NC_003116.gbk
754 39.9 4265910 4264708 genome.dna 2012660 2011352 NC_003116.gbk
873 37.3 4267226 4265910 genome.dna 2014141 2012803 NC_003116.gbk
1437 58.2 4268312 4267230 genome.dna 2015695 2014612 NC_003116.gbk
976 41.7 4269667 4268306 genome.dna 2017326 2015967 NC_003116.gbk
1256 45.7 4271151 4269664 genome.dna 2020599 2019120 NC_003116.gbk
1404 41.0 4272901 4271138 genome.dna 2022369 2020623 NC_003116.gbk
1045 52.7 4274186 4273242 genome.dna 2023676 2022689 NC_003116.gbk
339 41.7 4274647 4274189 genome.dna 2024128 2023672 NC_003116.gbk
604 57.7 4277861 4277370 genome.dna 1709983 1709491 NC_003116.gbk
2255 58.8 4279582 4277864 genome.dna 1711721 1709993 NC_003116.gbk
1418 46.0 4282166 4283764 genome.dna 1198130 1199684 NC_003116.gbk
1171 52.7 4283764 4284855 genome.dna 1350084 1351155 NC_003116.gbk
1898 60.9 4284858 4286258 genome.dna 1345394 1346804 NC_003116.gbk
773 53.8 4286272 4286874 genome.dna 1347216 1347858 NC_003116.gbk
1154 56.9 4318033 4319034 genome.dna 69949 68959 NC_003116.gbk
807 47.9 4319027 4319845 genome.dna 871806 871026 NC_003116.gbk
742 46.1 4320238 4321083 genome.dna 838329 837498 NC_003116.gbk
376 41.6 4323873 4323391 genome.dna 2126766 2126277 NC_003116.gbk
4863 68.9 4330684 4327460 genome.dna 577723 574507 NC_003116.gbk
1657 67.8 4331847 4330699 genome.dna 581679 580545 NC_003116.gbk
1120 65.2 4333114 4332293 genome.dna 60972 61782 NC_003116.gbk
1217 60.8 4334402 4333452 genome.dna 605107 606076 NC_003116.gbk
424 44.8 4335368 4334856 genome.dna 604581 605079 NC_003116.gbk
3386 53.4 4338181 4335368 genome.dna 600605 603395 NC_003116.gbk
787 44.4 4339154 4338213 genome.dna 599507 600464 NC_003116.gbk
285 51.2 4339580 4339843 genome.dna 1959077 1958813 NC_003116.gbk
1601 60.7 4343498 4342359 genome.dna 193804 192682 NC_003116.gbk
2917 70.5 4345514 4343607 genome.dna 731772 729843 NC_003116.gbk
942 54.9 4351702 4352475 genome.dna 1062038 1062818 NC_003116.gbk
591 31.2 4353827 4352538 genome.dna 1333236 1334646 NC_003116.gbk
429 43.9 4360338 4359856 genome.dna 1447175 1447736 NC_003116.gbk
2584 69.2 4365488 4367155 genome.dna 2054716 2056393 NC_003116.gbk
708 51.4 4373604 4372945 genome.dna 1644056 1643384 NC_003116.gbk
565 33.2 4377440 4376580 genome.dna 273138 273987 NC_003116.gbk
1414 56.2 4379941 4378778 genome.dna 241311 240132 NC_003116.gbk
1026 45.1 4381030 4380014 genome.dna 57850 58882 NC_003116.gbk
2889 63.2 4383337 4381343 genome.dna 1590030 1592010 NC_003116.gbk
2982 70.0 4387762 4385783 genome.dna 1954194 1952301 NC_003116.gbk
1790 70.2 4388480 4389631 genome.dna 650822 651992 NC_003116.gbk
576 38.0 4391555 4392289 genome.dna 507851 507125 NC_003116.gbk
929 46.3 4392301 4393260 genome.dna 1691440 1690483 NC_003116.gbk
548 43.6 4393344 4393907 genome.dna 1447737 1448286 NC_003116.gbk
304 40.9 4393907 4394326 genome.dna 1448278 1448734 NC_003116.gbk
801 44.0 4395434 4394430 genome.dna 1187340 1186365 NC_003116.gbk
1053 55.9 4395604 4396995 genome.dna 1253354 1254731 NC_003116.gbk
1729 58.2 4398393 4397095 genome.dna 986608 987907 NC_003116.gbk
987 49.3 4403893 4402952 genome.dna 1079578 1078636 NC_003116.gbk
1165 38.0 4405841 4403886 genome.dna 1568282 1570259 NC_003116.gbk
447 48.6 4408042 4407560 genome.dna 1970696 1971158 NC_003116.gbk
738 57.9 4435345 4434803 genome.dna 567703 567139 NC_003116.gbk
485 35.1 4435653 4436702 genome.dna 2176854 2177778 NC_003116.gbk
374 32.1 4448185 4447619 genome.dna 1081567 1082128 NC_003116.gbk
2077 57.1 4451372 4449723 genome.dna 1511070 1509423 NC_003116.gbk
1034 41.2 4455549 4457003 genome.dna 1951082 1949615 NC_003116.gbk
734 61.8 4477982 4478530 genome.dna 815866 816397 NC_003116.gbk
785 48.3 4479596 4478769 genome.dna 2079145 2079961 NC_003116.gbk
567 33.4 4482321 4481200 genome.dna 143394 142206 NC_003116.gbk
619 53.3 4482450 4482959 genome.dna 150294 149790 NC_003116.gbk
884 47.7 4482986 4483933 genome.dna 149704 148777 NC_003116.gbk
1015 40.8 4484001 4485290 genome.dna 148699 147439 NC_003116.gbk
1358 46.2 4485347 4486723 genome.dna 1758288 1759701 NC_003116.gbk
563 68.9 4488068 4487676 genome.dna 101916 101547 NC_003116.gbk
1339 62.0 4489098 4488109 genome.dna 102926 101939 NC_003116.gbk
1000 72.8 4489744 4489124 genome.dna 103572 102951 NC_003116.gbk
689 74.8 4490164 4489775 genome.dna 103987 103591 NC_003116.gbk
539 68.1 4490537 4490181 genome.dna 104369 104006 NC_003116.gbk
184 68.4 4490800 4490684 genome.dna 104548 104434 NC_003116.gbk
1616 56.0 4492165 4490834 genome.dna 106102 104791 NC_003116.gbk
548 59.4 4492607 4492173 genome.dna 106548 106113 NC_003116.gbk
193 53.6 4492790 4492611 genome.dna 106735 106549 NC_003116.gbk
684 59.5 4493297 4492797 genome.dna 107246 106727 NC_003116.gbk
401 53.8 4493665 4493312 genome.dna 107618 107264 NC_003116.gbk
707 60.5 4494208 4493675 genome.dna 108165 107631 NC_003116.gbk
611 69.2 4494614 4494222 genome.dna 108571 108178 NC_003116.gbk
388 54.5 4494953 4494648 genome.dna 108892 108586 NC_003116.gbk
866 69.1 4495506 4494967 genome.dna 109434 108894 NC_003116.gbk
335 52.9 4495835 4495521 genome.dna 109767 109443 NC_003116.gbk
633 78.0 4496217 4495846 genome.dna 110147 109778 NC_003116.gbk
362 66.7 4496635 4496381 genome.dna 110632 110368 NC_003116.gbk
237 61.9 4496826 4496635 genome.dna 110823 110631 NC_003116.gbk
711 79.4 4497236 4496826 genome.dna 111239 110822 NC_003116.gbk
956 59.4 4497950 4497249 genome.dna 111915 111222 NC_003116.gbk
453 66.1 4498300 4497968 genome.dna 112254 111924 NC_003116.gbk
486 75.0 4498593 4498315 genome.dna 112541 112262 NC_003116.gbk
1297 68.0 4499431 4498610 genome.dna 113381 112547 NC_003116.gbk
305 53.1 4499751 4499449 genome.dna 113707 113386 NC_003116.gbk
712 54.2 4500353 4499748 genome.dna 114318 113697 NC_003116.gbk
893 67.0 4500993 4500364 genome.dna 114962 114317 NC_003116.gbk
465 71.6 4501337 4501026 genome.dna 117527 117215 NC_003116.gbk
538 57.0 4502117 4501644 genome.dna 1281243 1280769 NC_003116.gbk
3376 73.0 4505956 4503842 genome.dna 120922 118816 NC_003116.gbk
699 66.7 4506523 4506053 genome.dna 121411 120940 NC_003116.gbk
703 84.6 4506994 4506620 genome.dna 121900 121528 NC_003116.gbk
1585 43.5 4509286 4510932 genome.dna 1818517 1816882 NC_003116.gbk
555 37.5 4517475 4516657 genome.dna 1699263 1698444 NC_003116.gbk
397 42.3 4520431 4519847 genome.dna 1653922 1653439 NC_003116.gbk
823 34.8 4522627 4520816 genome.dna 56663 54686 NC_003116.gbk
641 37.2 4526001 4527020 genome.dna 2165152 2166109 NC_003116.gbk
393 52.3 4528763 4528356 genome.dna 1696835 1696484 NC_003116.gbk
1547 57.3 4531124 4529898 genome.dna 1489479 1490673 NC_003116.gbk
860 62.4 4531820 4531245 genome.dna 1116891 1117482 NC_003116.gbk
593 52.2 4539402 4538833 genome.dna 1364111 1363553 NC_003116.gbk
559 34.1 4557783 4556779 genome.dna 1605544 1604533 NC_003116.gbk
457 40.4 4558484 4557780 genome.dna 1612863 1613571 NC_003116.gbk
1015 66.4 4559154 4558477 genome.dna 1312760 1312031 NC_003116.gbk
1186 52.8 4562421 4561336 genome.dna 633834 632754 NC_003116.gbk
416 44.6 4562994 4562473 genome.dna 634426 633913 NC_003116.gbk
1535 38.8 4567199 4569754 genome.dna 640971 643368 NC_003116.gbk
326 40.3 4573911 4574321 genome.dna 1248746 1248344 NC_003116.gbk
651 37.1 4574406 4575275 genome.dna 414656 415643 NC_003116.gbk
385 42.9 4592217 4591738 genome.dna 864589 864097 NC_003116.gbk
2899 59.8 4597892 4600225 genome.dna 178133 175859 NC_003116.gbk
257 31.9 4613483 4614184 genome.dna 2171683 2172409 NC_003116.gbk
686 42.5 4620311 4619553 genome.dna 1694106 1693332 NC_003116.gbk
1659 66.4 4644844 4643741 genome.dna 327895 326779 NC_003116.gbk
1594 55.1 4647455 4646079 genome.dna 384386 383000 NC_003116.gbk
1998 47.6 4672431 4670269 genome.dna 22491 20283 NC_003116.gbk
742 39.5 4674165 4673230 genome.dna 560196 561114 NC_003116.gbk
936 53.9 4675687 4674863 genome.dna 936624 937476 NC_003116.gbk
259 35.9 4676010 4676330 genome.dna 447296 446972 NC_003116.gbk
1055 56.5 4680620 4681561 genome.dna 706717 707653 NC_003116.gbk
1792 77.0 4702353 4701286 genome.dna 187818 188844 NC_003116.gbk
1792 77.0 4702353 4701286 genome.dna 173675 172649 NC_003116.gbk
1444 57.1 4704862 4703738 genome.dna 182200 183319 NC_003116.gbk
1959 69.1 4708658 4707399 genome.dna 806498 805238 NC_003116.gbk
465 60.7 4709479 4709153 genome.dna 1484243 1484576 NC_003116.gbk
1025 35.7 4710897 4712393 genome.dna 1601825 1603334 NC_003116.gbk
1954 48.4 4714432 4712411 genome.dna 1576250 1578266 NC_003116.gbk
2063 52.0 4718921 4714953 genome.dna 2032539 2036364 NC_003116.gbk
2032 63.3 4719117 4720601 genome.dna 2030981 2032508 NC_003116.gbk
1794 54.2 4728119 4726569 genome.dna 1044866 1046393 NC_003116.gbk
2875 68.4 4729969 4728119 genome.dna 1259208 1257348 NC_003116.gbk
1591 51.8 4733613 4735139 genome.dna 2030165 2028668 NC_003116.gbk
343 34.6 4748208 4747351 genome.dna 1970495 1969682 NC_003116.gbk
1299 54.5 4750499 4751602 genome.dna 1871746 1870657 NC_003116.gbk
638 37.4 4755209 4754301 genome.dna 99573 98652 NC_003116.gbk
1433 73.1 4756712 4755816 genome.dna 1086077 1086956 NC_003116.gbk
903 39.2 4766891 4765731 genome.dna 976735 975577 NC_003116.gbk
280 58.5 4770684 4770469 genome.dna 477641 477857 NC_003116.gbk
1653 39.4 4770998 4773196 genome.dna 723539 725729 NC_003116.gbk
484 33.5 4784192 4784938 genome.dna 1583001 1583781 NC_003116.gbk
611 44.2 4786326 4787093 genome.dna 542848 542092 NC_003116.gbk
312 38.6 4814473 4814072 genome.dna 1923902 1923467 NC_003116.gbk
585 57.0 4834867 4834403 genome.dna 2172473 2172938 NC_003116.gbk
897 53.9 4866035 4865178 genome.dna 893136 892263 NC_003116.gbk
447 30.7 4867335 4866367 genome.dna 238808 239726 NC_003116.gbk
730 50.2 4867996 4867325 genome.dna 238161 238812 NC_003116.gbk
1176 46.8 4869411 4868002 genome.dna 276313 277579 NC_003116.gbk
393 38.2 4869761 4870336 genome.dna 137415 136845 NC_003116.gbk
95 31.1 4871324 4871004 genome.dna 301180 300862 NC_003116.gbk
910 60.8 4875290 4875967 genome.dna 2115897 2116584 NC_003116.gbk
959 34.7 4911222 4909444 genome.dna 1185217 1183441 NC_003116.gbk
902 50.0 4919331 4920581 genome.dna 621256 619963 NC_003116.gbk
2606 59.4 4981440 4979023 genome.dna 49252 51643 NC_003116.gbk
940 42.6 4983694 4982594 genome.dna 529237 530341 NC_003116.gbk
1243 42.3 4985096 4983699 genome.dna 527601 529158 NC_003116.gbk
196 68.2 4985770 4985910 genome.dna 527314 527179 NC_003116.gbk
229 41.3 4985929 4986288 genome.dna 527177 526811 NC_003116.gbk
1071 38.2 4986512 4988146 genome.dna 526353 524715 NC_003116.gbk
1465 53.3 4988276 4989640 genome.dna 433817 432470 NC_003116.gbk
711 54.4 5004263 5003604 genome.dna 1238601 1237953 NC_003116.gbk
212 32.2 5004619 5004260 genome.dna 1238969 1238597 NC_003116.gbk
1030 69.1 5005309 5004638 genome.dna 1239647 1238975 NC_003116.gbk
1476 51.6 5010680 5009268 genome.dna 2004207 2002896 NC_003116.gbk
1019 62.5 5022536 5021802 genome.dna 870854 870125 NC_003116.gbk
1141 49.5 5033818 5032592 genome.dna 1891822 1892959 NC_003116.gbk
2025 52.4 5049054 5047222 genome.dna 262818 260979 NC_003116.gbk
1553 52.7 5050610 5049240 genome.dna 270951 269580 NC_003116.gbk
346 43.2 5053946 5053527 genome.dna 498024 498447 NC_003116.gbk
2451 80.9 5055348 5053966 genome.dna 496616 498014 NC_003116.gbk
964 51.5 5056259 5055396 genome.dna 495703 496579 NC_003116.gbk
2361 68.2 5057853 5056312 genome.dna 494131 495679 NC_003116.gbk
297 30.8 5058399 5057866 genome.dna 493587 494121 NC_003116.gbk
454 44.2 5058884 5058414 genome.dna 493112 493583 NC_003116.gbk
208 44.9 5059187 5058948 genome.dna 492805 493042 NC_003116.gbk
686 46.8 5060037 5059237 genome.dna 491882 492749 NC_003116.gbk
589 46.4 5061686 5061066 genome.dna 76852 76228 NC_003116.gbk
2679 64.5 5063659 5061770 genome.dna 71869 73756 NC_003116.gbk
