1353 60.9 1179 2171 genome.dna 1267566 1266573 NC_002737.gbk
1020 33.6 5629 7497 genome.dna 1173773 1171772 NC_002737.gbk
426 33.6 9676 9014 genome.dna 1020001 1019326 NC_002737.gbk
521 31.2 15468 16463 genome.dna 1263993 1263015 NC_002737.gbk
1214 37.2 25826 28615 genome.dna 171523 174166 NC_002737.gbk
487 40.4 29669 29034 genome.dna 733215 733815 NC_002737.gbk
736 42.6 36667 35258 genome.dna 1559383 1558036 NC_002737.gbk
2217 55.4 37037 38860 genome.dna 1257499 1255657 NC_002737.gbk
427 46.9 39698 40135 genome.dna 1649104 1648660 NC_002737.gbk
1219 39.1 47188 45107 genome.dna 1478776 1476760 NC_002737.gbk
550 43.7 50956 50333 genome.dna 1354098 1353462 NC_002737.gbk
649 32.2 59253 58054 genome.dna 1547841 1549011 NC_002737.gbk
1929 64.7 77642 78994 genome.dna 669064 670417 NC_002737.gbk
578 47.2 97287 96724 genome.dna 1769542 1768981 NC_002737.gbk
1253 62.9 98527 99441 genome.dna 1404594 1403676 NC_002737.gbk
1226 35.3 99451 101520 genome.dna 1403299 1401259 NC_002737.gbk
733 51.9 110262 109636 genome.dna 1165553 1164947 NC_002737.gbk
322 31.2 140268 141428 genome.dna 342669 343857 NC_002737.gbk
228 34.8 165569 165111 genome.dna 204839 205286 NC_002737.gbk
502 38.6 166978 167643 genome.dna 916002 916683 NC_002737.gbk
133 40.8 168129 168296 genome.dna 1799283 1799433 NC_002737.gbk
565 35.8 168516 169325 genome.dna 398927 399755 NC_002737.gbk
378 37.3 170854 170375 genome.dna 1265922 1265430 NC_002737.gbk
782 40.0 192775 193791 genome.dna 199611 198594 NC_002737.gbk
549 38.5 207819 208589 genome.dna 1551809 1551029 NC_002737.gbk
1011 30.5 212248 209609 genome.dna 487641 490404 NC_002737.gbk
325 34.6 237567 238178 genome.dna 1339715 1340348 NC_002737.gbk
854 44.0 248939 247989 genome.dna 1016676 1017597 NC_002737.gbk
1983 73.4 250357 251541 genome.dna 492201 493398 NC_002737.gbk
388 34.4 252164 252709 genome.dna 148675 149215 NC_002737.gbk
577 62.7 252872 253300 genome.dna 378295 378721 NC_002737.gbk
842 55.9 253304 254008 genome.dna 378826 379516 NC_002737.gbk
352 39.2 254326 254823 genome.dna 882563 883064 NC_002737.gbk
352 51.6 254890 255255 genome.dna 883128 883494 NC_002737.gbk
2055 43.8 255584 259612 genome.dna 93585 97152 NC_002737.gbk
2451 45.3 259736 263959 genome.dna 97242 100884 NC_002737.gbk
1228 46.5 280242 278956 genome.dna 46499 47765 NC_002737.gbk
483 37.8 292998 292333 genome.dna 748681 749332 NC_002737.gbk
662 34.9 301263 300298 genome.dna 114032 113054 NC_002737.gbk
408 32.9 303420 302533 genome.dna 1659041 1658087 NC_002737.gbk
1564 52.7 306633 305290 genome.dna 1448075 1446710 NC_002737.gbk
262 37.3 307112 306645 genome.dna 1449026 1448525 NC_002737.gbk
631 37.2 334964 334107 genome.dna 526681 527572 NC_002737.gbk
1255 50.1 345980 347242 genome.dna 621628 622900 NC_002737.gbk
521 57.1 352201 352629 genome.dna 1610048 1609601 NC_002737.gbk
477 50.8 352645 353037 genome.dna 1609581 1609188 NC_002737.gbk
450 34.4 355354 354581 genome.dna 1359597 1360377 NC_002737.gbk
666 34.3 362158 363087 genome.dna 320898 321819 NC_002737.gbk
641 42.3 372605 373492 genome.dna 338927 339791 NC_002737.gbk
512 34.3 386934 386071 genome.dna 1567905 1567023 NC_002737.gbk
678 43.8 399153 398326 genome.dna 1406470 1405630 NC_002737.gbk
805 35.7 413001 411592 genome.dna 1508031 1509471 NC_002737.gbk
2513 53.3 426927 424789 genome.dna 1762544 1760345 NC_002737.gbk
255 34.8 431880 431494 genome.dna 132416 132782 NC_002737.gbk
399 32.6 433394 432459 genome.dna 682213 683149 NC_002737.gbk
1159 54.1 435364 434357 genome.dna 1272873 1271859 NC_002737.gbk
1224 44.5 460910 458055 genome.dna 1294706 1292057 NC_002737.gbk
1198 42.0 530287 528905 genome.dna 205366 206728 NC_002737.gbk
1354 47.6 533382 534971 genome.dna 1177371 1175826 NC_002737.gbk
737 35.7 537938 539215 genome.dna 1551009 1549806 NC_002737.gbk
101 34.6 680017 679742 genome.dna 1087993 1087753 NC_002737.gbk
180 34.7 697176 697469 genome.dna 1724595 1724304 NC_002737.gbk
2054 59.6 697515 699164 genome.dna 1724269 1722637 NC_002737.gbk
1462 58.9 725271 724024 genome.dna 285023 286238 NC_002737.gbk
500 30.3 727813 726815 genome.dna 364355 365315 NC_002737.gbk
866 42.3 755628 756641 genome.dna 1554496 1553467 NC_002737.gbk
241 36.3 761608 761919 genome.dna 676390 676705 NC_002737.gbk
284 55.6 761939 762196 genome.dna 677070 677364 NC_002737.gbk
1025 43.9 763509 764681 genome.dna 1106360 1105046 NC_002737.gbk
410 45.5 766454 766933 genome.dna 305929 306460 NC_002737.gbk
200 37.1 767354 767061 genome.dna 273813 274122 NC_002737.gbk
650 42.2 770241 771074 genome.dna 898612 899413 NC_002737.gbk
1118 43.1 771082 772419 genome.dna 848794 850150 NC_002737.gbk
1921 37.7 779306 782008 genome.dna 1427641 1424779 NC_002737.gbk
244 33.0 782083 782481 genome.dna 1424581 1424224 NC_002737.gbk
495 33.3 782481 783425 genome.dna 1032891 1032006 NC_002737.gbk
322 53.9 783547 783816 genome.dna 1625714 1625444 NC_002737.gbk
2071 49.9 784066 786186 genome.dna 1620329 1618196 NC_002737.gbk
1127 38.5 787369 789282 genome.dna 1175520 1173900 NC_002737.gbk
848 41.5 797270 798493 genome.dna 738002 739214 NC_002737.gbk
764 49.1 798538 799257 genome.dna 741128 741842 NC_002737.gbk
205 37.5 803045 802602 genome.dna 1554911 1554485 NC_002737.gbk
458 37.2 830229 830876 genome.dna 953432 952781 NC_002737.gbk
1536 49.8 844582 846099 genome.dna 479534 478040 NC_002737.gbk
401 45.9 927840 927358 genome.dna 406206 406674 NC_002737.gbk
1055 32.9 931102 929441 genome.dna 1228252 1226590 NC_002737.gbk
283 36.0 932209 932796 genome.dna 1459913 1459340 NC_002737.gbk
89 32.8 934700 934497 genome.dna 934035 933849 NC_002737.gbk
1299 56.5 937176 936079 genome.dna 1704739 1703650 NC_002737.gbk
582 33.5 939859 940740 genome.dna 219087 220050 NC_002737.gbk
2104 50.4 955638 953644 genome.dna 1392106 1389970 NC_002737.gbk
291 34.0 957261 956803 genome.dna 1605014 1604498 NC_002737.gbk
1682 45.6 995970 994243 genome.dna 1141010 1139276 NC_002737.gbk
857 51.1 997695 996727 genome.dna 1340475 1341417 NC_002737.gbk
1153 44.2 1040649 1039456 genome.dna 402158 403352 NC_002737.gbk
713 35.3 1087061 1085955 genome.dna 1520566 1521691 NC_002737.gbk
395 30.0 1100443 1101237 genome.dna 730240 731080 NC_002737.gbk
644 33.9 1129588 1128602 genome.dna 1668356 1669334 NC_002737.gbk
362 31.1 1154052 1153258 genome.dna 1120798 1119937 NC_002737.gbk
834 51.0 1154397 1155122 genome.dna 1746460 1747228 NC_002737.gbk
362 37.5 1155257 1156108 genome.dna 1747361 1748402 NC_002737.gbk
749 49.2 1156279 1157004 genome.dna 379838 380567 NC_002737.gbk
516 45.4 1157130 1157687 genome.dna 380595 381153 NC_002737.gbk
669 44.6 1159320 1160081 genome.dna 1637976 1637226 NC_002737.gbk
383 31.5 1160091 1160948 genome.dna 1637214 1636419 NC_002737.gbk
426 44.6 1166572 1167027 genome.dna 1448526 1448106 NC_002737.gbk
248 46.4 1174256 1174645 genome.dna 950308 950722 NC_002737.gbk
1838 39.7 1180703 1178139 genome.dna 1789576 1787020 NC_002737.gbk
638 34.0 1203627 1202668 genome.dna 1487087 1486064 NC_002737.gbk
488 65.1 1211683 1212024 genome.dna 1053418 1053082 NC_002737.gbk
629 31.7 1265611 1266930 genome.dna 284790 283419 NC_002737.gbk
955 45.3 1271755 1272822 genome.dna 1161364 1162393 NC_002737.gbk
1328 52.7 1272920 1274065 genome.dna 184632 185775 NC_002737.gbk
464 46.7 1278470 1278919 genome.dna 294243 294738 NC_002737.gbk
228 31.7 1280702 1281121 genome.dna 1511034 1510581 NC_002737.gbk
555 41.6 1285528 1284617 genome.dna 1230423 1229550 NC_002737.gbk
730 54.2 1301367 1301990 genome.dna 334802 335393 NC_002737.gbk
1519 58.1 1302154 1303428 genome.dna 731976 733206 NC_002737.gbk
315 54.5 1306200 1306472 genome.dna 1222912 1222636 NC_002737.gbk
266 46.2 1322693 1322445 genome.dna 576031 575770 NC_002737.gbk
570 51.2 1329655 1330212 genome.dna 771126 771645 NC_002737.gbk
189 33.7 1332403 1332732 genome.dna 1545227 1545527 NC_002737.gbk
443 35.7 1332732 1333337 genome.dna 1181719 1181122 NC_002737.gbk
522 40.8 1335658 1336302 genome.dna 75177 75816 NC_002737.gbk
1697 41.0 1356196 1353473 genome.dna 1422469 1420267 NC_002737.gbk
1554 47.3 1363499 1366138 genome.dna 946970 949457 NC_002737.gbk
411 35.0 1426894 1426256 genome.dna 42779 43334 NC_002737.gbk
1106 52.9 1427931 1426894 genome.dna 41589 42612 NC_002737.gbk
744 53.2 1428285 1428911 genome.dna 333949 334579 NC_002737.gbk
677 42.7 1429248 1430537 genome.dna 680893 682153 NC_002737.gbk
647 41.9 1436929 1437642 genome.dna 35363 36098 NC_002737.gbk
1420 57.7 1458435 1457257 genome.dna 1357042 1358230 NC_002737.gbk
759 56.0 1459094 1458447 genome.dna 1358905 1359565 NC_002737.gbk
709 50.0 1459750 1459094 genome.dna 130131 130791 NC_002737.gbk
271 37.5 1478243 1477926 genome.dna 275412 275790 NC_002737.gbk
306 34.3 1479078 1478437 genome.dna 274190 274823 NC_002737.gbk
1798 42.3 1483266 1480684 genome.dna 157126 159628 NC_002737.gbk
958 48.1 1492026 1490968 genome.dna 386482 387535 NC_002737.gbk
609 33.3 1501778 1500630 genome.dna 1407740 1406591 NC_002737.gbk
913 39.3 1528762 1530255 genome.dna 1236452 1235042 NC_002737.gbk
641 47.5 1533499 1534146 genome.dna 408162 407514 NC_002737.gbk
855 53.3 1563766 1563014 genome.dna 1185447 1184751 NC_002737.gbk
680 47.5 1599518 1600159 genome.dna 1135002 1134375 NC_002737.gbk
612 39.4 1635671 1634820 genome.dna 643849 644704 NC_002737.gbk
248 33.9 1636204 1635668 genome.dna 776670 777264 NC_002737.gbk
1317 67.4 1637078 1636206 genome.dna 775801 776671 NC_002737.gbk
880 37.1 1647128 1648552 genome.dna 1600409 1599002 NC_002737.gbk
989 34.7 1658980 1660527 genome.dna 1013489 1011956 NC_002737.gbk
126 30.5 1666913 1666599 genome.dna 1607628 1607964 NC_002737.gbk
1091 41.1 1751217 1749904 genome.dna 971094 969687 NC_002737.gbk
607 44.4 1763515 1764231 genome.dna 1039451 1038749 NC_002737.gbk
494 56.8 1860773 1860348 genome.dna 739232 739673 NC_002737.gbk
875 61.1 1990078 1989440 genome.dna 510950 511592 NC_002737.gbk
357 44.2 2009604 2010017 genome.dna 174352 174808 NC_002737.gbk
149 33.7 2010635 2010913 genome.dna 308366 308087 NC_002737.gbk
487 31.3 2029109 2030257 genome.dna 760933 761920 NC_002737.gbk
626 34.7 2041077 2042123 genome.dna 34000 35008 NC_002737.gbk
742 37.8 2042130 2043083 genome.dna 1454394 1453419 NC_002737.gbk
791 43.0 2043101 2044030 genome.dna 1451937 1450998 NC_002737.gbk
662 42.9 2044045 2044779 genome.dna 1451009 1450274 NC_002737.gbk
162 37.3 2044934 2045170 genome.dna 1453359 1453134 NC_002737.gbk
1120 43.4 2045253 2046494 genome.dna 1450260 1449027 NC_002737.gbk
426 39.5 2048443 2049102 genome.dna 336408 337044 NC_002737.gbk
543 34.4 2050132 2050929 genome.dna 224790 225615 NC_002737.gbk
2273 37.8 2070405 2066956 genome.dna 5236 8740 NC_002737.gbk
214 34.3 2076838 2077179 genome.dna 1301305 1300966 NC_002737.gbk
871 51.2 2077218 2077982 genome.dna 1302113 1301357 NC_002737.gbk
350 41.5 2079241 2079792 genome.dna 485655 485175 NC_002737.gbk
342 31.0 2097009 2097755 genome.dna 985815 985089 NC_002737.gbk
984 38.2 2112831 2114330 genome.dna 252423 253842 NC_002737.gbk
850 52.6 2114428 2115174 genome.dna 248580 249351 NC_002737.gbk
1215 44.4 2116495 2117718 genome.dna 250738 251965 NC_002737.gbk
1264 43.2 2121733 2120321 genome.dna 1057881 1056378 NC_002737.gbk
721 39.9 2122379 2123242 genome.dna 461982 462825 NC_002737.gbk
1875 59.6 2125493 2126887 genome.dna 464707 466132 NC_002737.gbk
420 39.6 2153926 2154558 genome.dna 1343890 1343248 NC_002737.gbk
443 30.6 2184700 2183675 genome.dna 1071482 1070462 NC_002737.gbk
290 40.8 2188157 2187750 genome.dna 411480 411102 NC_002737.gbk
1421 49.8 2192856 2194133 genome.dna 90918 89661 NC_002737.gbk
594 44.0 2216576 2217319 genome.dna 744641 745334 NC_002737.gbk
896 55.7 2218378 2219073 genome.dna 163946 164651 NC_002737.gbk
713 41.4 2237016 2237987 genome.dna 933797 932858 NC_002737.gbk
519 31.6 2267632 2266640 genome.dna 960383 961376 NC_002737.gbk
904 33.5 2338271 2339743 genome.dna 1139092 1137664 NC_002737.gbk
1291 52.3 2487322 2486231 genome.dna 3479 4595 NC_002737.gbk
379 32.4 2488039 2487452 genome.dna 4664 5234 NC_002737.gbk
1067 52.2 2489732 2488785 genome.dna 31994 32957 NC_002737.gbk
1199 50.0 2492889 2493971 genome.dna 934776 935856 NC_002737.gbk
561 42.7 2585970 2586605 genome.dna 772405 773062 NC_002737.gbk
1446 39.4 2593132 2590532 genome.dna 956724 958854 NC_002737.gbk
427 32.2 2597527 2596643 genome.dna 317368 318091 NC_002737.gbk
814 47.3 2627092 2626058 genome.dna 262440 263364 NC_002737.gbk
918 46.6 2628084 2627089 genome.dna 261377 262448 NC_002737.gbk
587 46.0 2637907 2637311 genome.dna 934172 934742 NC_002737.gbk
781 43.5 2639766 2638855 genome.dna 1835309 1836224 NC_002737.gbk
350 32.8 2645012 2644386 genome.dna 1413701 1413095 NC_002737.gbk
1061 50.3 2654735 2655739 genome.dna 239579 240590 NC_002737.gbk
336 37.1 2668329 2668766 genome.dna 161838 162324 NC_002737.gbk
761 37.5 2697304 2698272 genome.dna 1439886 1440879 NC_002737.gbk
824 51.0 2698450 2699247 genome.dna 1440967 1441777 NC_002737.gbk
804 46.2 2699262 2700104 genome.dna 1441793 1442705 NC_002737.gbk
297 64.6 2702947 2702738 genome.dna 1728077 1727873 NC_002737.gbk
648 34.0 2704043 2704957 genome.dna 371476 372409 NC_002737.gbk
513 34.3 2704954 2705844 genome.dna 372472 373198 NC_002737.gbk
642 36.1 2706704 2707561 genome.dna 373198 374053 NC_002737.gbk
572 41.3 2712101 2712862 genome.dna 510131 510926 NC_002737.gbk
1061 48.2 2716618 2717745 genome.dna 1645735 1644601 NC_002737.gbk
1196 66.4 2724246 2725070 genome.dna 1372170 1371345 NC_002737.gbk
942 31.0 2726216 2727934 genome.dna 942299 944027 NC_002737.gbk
1464 34.7 2731236 2728849 genome.dna 625203 627609 NC_002737.gbk
715 43.4 2732234 2731251 genome.dna 623872 624994 NC_002737.gbk
475 62.4 2732903 2732547 genome.dna 662367 662727 NC_002737.gbk
186 50.0 2733144 2732947 genome.dna 662111 662309 NC_002737.gbk
548 51.2 2733782 2733240 genome.dna 661539 662070 NC_002737.gbk
1745 40.6 2735713 2733785 genome.dna 417351 419295 NC_002737.gbk
379 31.6 2741372 2740491 genome.dna 289904 290801 NC_002737.gbk
1392 56.6 2757088 2758194 genome.dna 1822324 1821202 NC_002737.gbk
1258 48.7 2765355 2764123 genome.dna 658221 659445 NC_002737.gbk
539 36.1 2767679 2768455 genome.dna 903287 904064 NC_002737.gbk
883 40.1 2768546 2769589 genome.dna 904056 905130 NC_002737.gbk
405 45.3 2777056 2776550 genome.dna 1133026 1132528 NC_002737.gbk
516 31.2 2781410 2782864 genome.dna 1029538 1028227 NC_002737.gbk
245 40.6 2806364 2806672 genome.dna 1098954 1098618 NC_002737.gbk
1281 57.1 2809298 2808294 genome.dna 53842 54841 NC_002737.gbk
336 32.2 2809923 2809306 genome.dna 1770148 1769551 NC_002737.gbk
539 39.5 2811487 2810744 genome.dna 278422 279139 NC_002737.gbk
1707 49.2 2813755 2811956 genome.dna 1797249 1795500 NC_002737.gbk
345 32.0 2833872 2833114 genome.dna 340886 340256 NC_002737.gbk
682 33.9 2835515 2837245 genome.dna 1790639 1792331 NC_002737.gbk
453 31.6 2839971 2839006 genome.dna 1759989 1759053 NC_002737.gbk
703 35.5 2864092 2865492 genome.dna 524921 526268 NC_002737.gbk
898 32.3 2887241 2885457 genome.dna 202061 203846 NC_002737.gbk
302 38.1 2900715 2899810 genome.dna 968842 967957 NC_002737.gbk
1752 55.2 2902776 2901247 genome.dna 974786 976319 NC_002737.gbk
1023 56.6 2903705 2902830 genome.dna 973896 974784 NC_002737.gbk
262 42.3 2903995 2903705 genome.dna 973600 973909 NC_002737.gbk
620 33.3 2905083 2904019 genome.dna 979461 978408 NC_002737.gbk
517 42.5 2926492 2925815 genome.dna 660697 661378 NC_002737.gbk
528 31.1 2928002 2926713 genome.dna 1118869 1117576 NC_002737.gbk
344 30.0 2931779 2932639 genome.dna 1183297 1182517 NC_002737.gbk
1588 43.1 2932697 2934979 genome.dna 1532791 1535119 NC_002737.gbk
785 47.6 2966712 2967509 genome.dna 323956 324748 NC_002737.gbk
1480 53.9 2975613 2974318 genome.dna 1443569 1444847 NC_002737.gbk
895 37.3 2977060 2975717 genome.dna 1662170 1663439 NC_002737.gbk
335 67.1 2988043 2988261 genome.dna 75933 76152 NC_002737.gbk
515 32.0 3010809 3009844 genome.dna 902496 903291 NC_002737.gbk
552 40.9 3019705 3020373 genome.dna 1549777 1549105 NC_002737.gbk
251 30.3 3022380 3021175 genome.dna 894067 895303 NC_002737.gbk
413 40.6 3046334 3045672 genome.dna 898001 898604 NC_002737.gbk
750 43.1 3068393 3066702 genome.dna 706293 708240 NC_002737.gbk
462 33.1 3069350 3068412 genome.dna 705385 706297 NC_002737.gbk
356 31.7 3072423 3072995 genome.dna 1512019 1511461 NC_002737.gbk
470 37.8 3084419 3083724 genome.dna 1108912 1108177 NC_002737.gbk
834 46.1 3148240 3147401 genome.dna 330369 329586 NC_002737.gbk
636 35.9 3149284 3148253 genome.dna 327625 326587 NC_002737.gbk
490 38.1 3154559 3153852 genome.dna 311231 311921 NC_002737.gbk
461 30.3 3157972 3158883 genome.dna 527568 528546 NC_002737.gbk
2433 56.1 3161386 3159374 genome.dna 1093212 1091220 NC_002737.gbk
352 37.9 3228583 3228035 genome.dna 1828570 1828027 NC_002737.gbk
694 34.8 3230474 3228642 genome.dna 876669 878466 NC_002737.gbk
1249 42.1 3233243 3234655 genome.dna 1375176 1373796 NC_002737.gbk
648 34.2 3265816 3266967 genome.dna 1004949 1003749 NC_002737.gbk
1621 45.0 3364676 3363084 genome.dna 1843353 1844973 NC_002737.gbk
1752 47.7 3368339 3370030 genome.dna 1752299 1750670 NC_002737.gbk
1717 61.1 3389494 3390708 genome.dna 1471269 1470054 NC_002737.gbk
951 41.7 3395711 3396913 genome.dna 106220 107417 NC_002737.gbk
672 39.0 3409858 3408341 genome.dna 40107 41562 NC_002737.gbk
726 42.5 3413548 3412631 genome.dna 1446702 1445835 NC_002737.gbk
499 33.8 3415469 3414618 genome.dna 1577049 1576299 NC_002737.gbk
235 36.6 3427528 3426443 genome.dna 667275 668442 NC_002737.gbk
1156 45.1 3514279 3513113 genome.dna 442623 443781 NC_002737.gbk
885 49.1 3516455 3517318 genome.dna 1232963 1232108 NC_002737.gbk
1135 44.3 3519048 3517663 genome.dna 1616125 1614781 NC_002737.gbk
597 62.3 3521609 3522118 genome.dna 48042 48534 NC_002737.gbk
922 52.0 3527868 3527053 genome.dna 1025384 1024580 NC_002737.gbk
824 35.4 3546973 3548205 genome.dna 1084882 1083622 NC_002737.gbk
1278 41.9 3548305 3549609 genome.dna 1079518 1078210 NC_002737.gbk
875 43.4 3549622 3550470 genome.dna 1078214 1077353 NC_002737.gbk
644 32.4 3573115 3574479 genome.dna 475959 477246 NC_002737.gbk
1792 51.9 3590632 3589055 genome.dna 987470 989033 NC_002737.gbk
1769 56.7 3592205 3590739 genome.dna 1840654 1839172 NC_002737.gbk
928 36.1 3592378 3593766 genome.dna 1231956 1230615 NC_002737.gbk
439 36.8 3599984 3598497 genome.dna 296862 298173 NC_002737.gbk
1152 41.3 3603229 3601955 genome.dna 1798867 1797586 NC_002737.gbk
746 36.4 3607701 3606505 genome.dna 1261944 1260864 NC_002737.gbk
182 33.1 3619938 3619552 genome.dna 251951 252431 NC_002737.gbk
783 39.0 3621177 3619963 genome.dna 919750 918622 NC_002737.gbk
1510 57.7 3635387 3634134 genome.dna 937728 938985 NC_002737.gbk
835 44.7 3682691 3681786 genome.dna 389319 390216 NC_002737.gbk
469 38.4 3683368 3682688 genome.dna 429695 430388 NC_002737.gbk
2396 57.8 3686442 3684643 genome.dna 861899 863732 NC_002737.gbk
751 51.6 3694571 3695257 genome.dna 749464 750118 NC_002737.gbk
412 36.2 3698228 3696813 genome.dna 208436 209882 NC_002737.gbk
639 41.9 3711890 3712588 genome.dna 369395 370091 NC_002737.gbk
391 41.9 3732230 3732727 genome.dna 899775 900276 NC_002737.gbk
540 34.2 3736813 3735875 genome.dna 603796 604720 NC_002737.gbk
192 34.3 3744803 3745042 genome.dna 1141670 1141889 NC_002737.gbk
2581 55.0 3745456 3747603 genome.dna 354747 356928 NC_002737.gbk
1123 49.8 3747628 3748590 genome.dna 353275 354289 NC_002737.gbk
1039 45.1 3762599 3760023 genome.dna 1238675 1240958 NC_002737.gbk
683 43.6 3764478 3763501 genome.dna 679070 679961 NC_002737.gbk
411 53.6 3773009 3772662 genome.dna 579759 580107 NC_002737.gbk
742 45.6 3773827 3773072 genome.dna 700524 701256 NC_002737.gbk
233 48.7 3774681 3774433 genome.dna 693210 693483 NC_002737.gbk
1415 46.4 3776200 3774839 genome.dna 984645 983085 NC_002737.gbk
351 36.9 3777786 3777271 genome.dna 1361852 1362335 NC_002737.gbk
1879 42.8 3784972 3782345 genome.dna 1152700 1150081 NC_002737.gbk
1336 60.4 3786717 3785644 genome.dna 1767553 1766416 NC_002737.gbk
1183 45.8 3882715 3881462 genome.dna 1386232 1384981 NC_002737.gbk
770 38.1 3889382 3888324 genome.dna 1532583 1531488 NC_002737.gbk
1244 50.0 3921930 3923132 genome.dna 168453 169650 NC_002737.gbk
995 46.0 3952362 3953393 genome.dna 281607 282672 NC_002737.gbk
554 42.7 3953386 3954039 genome.dna 282703 283366 NC_002737.gbk
517 33.1 3954101 3954916 genome.dna 280512 281358 NC_002737.gbk
778 42.0 3956293 3958011 genome.dna 1634890 1633033 NC_002737.gbk
986 62.3 3966155 3966877 genome.dna 1095578 1096319 NC_002737.gbk
1577 57.2 4001743 4000448 genome.dna 586540 587848 NC_002737.gbk
1847 54.1 4003479 4001842 genome.dna 1570949 1569344 NC_002737.gbk
1594 37.0 4007080 4004843 genome.dna 1651350 1649118 NC_002737.gbk
445 33.8 4012636 4011491 genome.dna 1584585 1583511 NC_002737.gbk
1447 42.4 4027241 4025196 genome.dna 611245 613204 NC_002737.gbk
550 36.0 4036522 4035704 genome.dna 245536 246376 NC_002737.gbk
278 33.0 4037132 4037767 genome.dna 752217 751575 NC_002737.gbk
228 49.3 4060248 4060021 genome.dna 1518935 1518695 NC_002737.gbk
511 35.7 4068636 4067902 genome.dna 1613336 1612589 NC_002737.gbk
1274 32.0 4071195 4068739 genome.dna 403870 406204 NC_002737.gbk
372 30.7 4076900 4077613 genome.dna 1248390 1247718 NC_002737.gbk
638 30.9 4080027 4081166 genome.dna 850987 852118 NC_002737.gbk
1097 41.2 4114440 4115846 genome.dna 1815541 1814173 NC_002737.gbk
552 33.2 4115888 4116970 genome.dna 1496043 1494942 NC_002737.gbk
3517 56.2 4139901 4137067 genome.dna 1516627 1513798 NC_002737.gbk
227 33.9 4140147 4140710 genome.dna 1519591 1519099 NC_002737.gbk
410 35.9 4196148 4196876 genome.dna 87660 88380 NC_002737.gbk
304 32.6 4207998 4208687 genome.dna 363581 364280 NC_002737.gbk
1065 35.0 4209249 4211753 genome.dna 1707894 1705476 NC_002737.gbk
418 32.8 4211839 4212789 genome.dna 1712229 1713003 NC_002737.gbk
175 32.3 4215997 4216284 genome.dna 161438 161717 NC_002737.gbk
1190 46.3 4216300 4217559 genome.dna 1622729 1621493 NC_002737.gbk
478 37.7 4217612 4218277 genome.dna 1705464 1704795 NC_002737.gbk
638 40.0 4244964 4245854 genome.dna 180950 181823 NC_002737.gbk
528 32.9 4250428 4249388 genome.dna 929642 930626 NC_002737.gbk
346 35.7 4250722 4251348 genome.dna 399751 400345 NC_002737.gbk
850 45.3 4255592 4252890 genome.dna 1499031 1496511 NC_002737.gbk
1097 50.4 4258960 4257809 genome.dna 1249712 1248392 NC_002737.gbk
660 31.9 4260285 4259029 genome.dna 1251100 1249735 NC_002737.gbk
529 34.2 4262088 4261168 genome.dna 1181022 1179975 NC_002737.gbk
468 31.7 4265910 4264708 genome.dna 490543 491848 NC_002737.gbk
361 36.9 4268312 4267230 genome.dna 1380906 1379895 NC_002737.gbk
559 30.5 4269667 4268306 genome.dna 1179785 1178393 NC_002737.gbk
268 30.6 4271151 4269664 genome.dna 332060 330614 NC_002737.gbk
795 42.5 4274186 4273242 genome.dna 1384508 1383494 NC_002737.gbk
467 32.4 4319027 4319845 genome.dna 226290 227163 NC_002737.gbk
2863 49.4 4330684 4327460 genome.dna 684500 687677 NC_002737.gbk
690 44.2 4331847 4330699 genome.dna 683192 684275 NC_002737.gbk
277 37.8 4335368 4334856 genome.dna 678622 679081 NC_002737.gbk
2339 40.0 4338181 4335368 genome.dna 1244960 1242158 NC_002737.gbk
463 31.4 4339154 4338213 genome.dna 1031978 1031045 NC_002737.gbk
171 41.0 4339580 4339843 genome.dna 1017665 1017899 NC_002737.gbk
1201 49.4 4343498 4342359 genome.dna 1457053 1455916 NC_002737.gbk
1899 56.1 4345514 4343607 genome.dna 1459160 1457333 NC_002737.gbk
1106 35.0 4365488 4367155 genome.dna 715226 717104 NC_002737.gbk
494 41.1 4373604 4372945 genome.dna 737242 737926 NC_002737.gbk
702 42.2 4379941 4378778 genome.dna 1561869 1560672 NC_002737.gbk
1118 59.0 4388480 4389631 genome.dna 1126526 1125329 NC_002737.gbk
231 30.8 4393907 4394326 genome.dna 1765349 1764929 NC_002737.gbk
1371 48.0 4398393 4397095 genome.dna 145840 147133 NC_002737.gbk
863 41.6 4402445 4401165 genome.dna 765194 766433 NC_002737.gbk
351 33.8 4403893 4402952 genome.dna 764222 765122 NC_002737.gbk
831 32.7 4405841 4403886 genome.dna 1773363 1771380 NC_002737.gbk
254 37.4 4408042 4407560 genome.dna 1436845 1436383 NC_002737.gbk
1657 51.1 4413004 4411424 genome.dna 1729653 1731186 NC_002737.gbk
830 62.0 4413698 4413135 genome.dna 1729072 1729633 NC_002737.gbk
395 32.1 4429982 4429287 genome.dna 874374 875076 NC_002737.gbk
348 34.3 4435653 4436702 genome.dna 227586 228459 NC_002737.gbk
688 37.8 4482986 4483933 genome.dna 1350619 1349683 NC_002737.gbk
627 31.5 4484001 4485290 genome.dna 1349694 1348371 NC_002737.gbk
220 38.2 4486815 4487225 genome.dna 640075 639712 NC_002737.gbk
170 46.8 4488068 4487676 genome.dna 78076 78463 NC_002737.gbk
868 46.6 4489098 4488109 genome.dna 77123 78062 NC_002737.gbk
566 46.4 4489744 4489124 genome.dna 1811829 1811217 NC_002737.gbk
578 67.4 4490164 4489775 genome.dna 76694 77078 NC_002737.gbk
442 58.6 4490537 4490181 genome.dna 76311 76677 NC_002737.gbk
187 65.8 4490800 4490684 genome.dna 76177 76294 NC_002737.gbk
1025 37.7 4492165 4490834 genome.dna 73723 75028 NC_002737.gbk
397 45.6 4492607 4492173 genome.dna 73266 73707 NC_002737.gbk
180 49.1 4492790 4492611 genome.dna 72870 73053 NC_002737.gbk
575 54.8 4493297 4492797 genome.dna 72361 72856 NC_002737.gbk
302 47.0 4493665 4493312 genome.dna 71986 72343 NC_002737.gbk
489 45.1 4494208 4493675 genome.dna 71345 71882 NC_002737.gbk
433 48.1 4494614 4494222 genome.dna 70744 71143 NC_002737.gbk
237 43.6 4494953 4494648 genome.dna 1553027 1553297 NC_002737.gbk
763 61.6 4495506 4494967 genome.dna 69850 70393 NC_002737.gbk
277 46.0 4495835 4495521 genome.dna 69521 69827 NC_002737.gbk
522 64.2 4496217 4495846 genome.dna 69074 69443 NC_002737.gbk
272 54.4 4496635 4496381 genome.dna 68789 69050 NC_002737.gbk
140 47.3 4496826 4496635 genome.dna 68557 68764 NC_002737.gbk
472 54.5 4497236 4496826 genome.dna 68134 68548 NC_002737.gbk
815 58.2 4497950 4497249 genome.dna 67477 68131 NC_002737.gbk
343 56.0 4498300 4497968 genome.dna 67120 67465 NC_002737.gbk
441 67.4 4498593 4498315 genome.dna 66826 67105 NC_002737.gbk
1061 56.5 4499431 4498610 genome.dna 65854 66688 NC_002737.gbk
147 40.2 4499751 4499449 genome.dna 65540 65837 NC_002737.gbk
515 42.0 4500353 4499748 genome.dna 64917 65541 NC_002737.gbk
612 52.2 4500993 4500364 genome.dna 64267 64894 NC_002737.gbk
426 60.8 4501337 4501026 genome.dna 63711 64020 NC_002737.gbk
2404 60.3 4505956 4503842 genome.dna 237153 239232 NC_002737.gbk
605 53.2 4506523 4506053 genome.dna 236316 236787 NC_002737.gbk
510 69.9 4506994 4506620 genome.dna 235882 236296 NC_002737.gbk
415 34.8 4510929 4511597 genome.dna 721373 722042 NC_002737.gbk
486 44.2 4531820 4531245 genome.dna 1661571 1662138 NC_002737.gbk
498 32.5 4542308 4541385 genome.dna 1669330 1670152 NC_002737.gbk
506 31.3 4557783 4556779 genome.dna 1841984 1840961 NC_002737.gbk
594 42.3 4559154 4558477 genome.dna 228468 229131 NC_002737.gbk
638 34.5 4562421 4561336 genome.dna 1299151 1300225 NC_002737.gbk
228 31.5 4562994 4562473 genome.dna 1117584 1117092 NC_002737.gbk
1318 44.1 4597892 4600225 genome.dna 468484 470617 NC_002737.gbk
322 30.4 4622349 4623851 genome.dna 1398428 1396589 NC_002737.gbk
1003 39.1 4632742 4630295 genome.dna 1068820 1066555 NC_002737.gbk
712 30.8 4656105 4657454 genome.dna 365647 366985 NC_002737.gbk
1652 38.6 4672431 4670269 genome.dna 1046127 1043808 NC_002737.gbk
385 33.7 4688923 4688132 genome.dna 747753 748653 NC_002737.gbk
785 31.9 4690836 4689472 genome.dna 51281 52574 NC_002737.gbk
718 45.1 4702353 4701286 genome.dna 777507 778548 NC_002737.gbk
315 45.0 4709479 4709153 genome.dna 1522720 1522405 NC_002737.gbk
401 30.2 4730969 4730043 genome.dna 756973 757996 NC_002737.gbk
878 38.6 4766891 4765731 genome.dna 155812 156952 NC_002737.gbk
1285 34.0 4770998 4773196 genome.dna 1353065 1350680 NC_002737.gbk
533 30.1 4773468 4774511 genome.dna 413463 414465 NC_002737.gbk
250 32.6 4780345 4781184 genome.dna 1539461 1538513 NC_002737.gbk
1947 56.1 4781238 4782749 genome.dna 1399970 1398443 NC_002737.gbk
656 42.7 4786326 4787093 genome.dna 493638 494397 NC_002737.gbk
1030 53.6 4825789 4824827 genome.dna 1058957 1057943 NC_002737.gbk
552 38.9 4829201 4829899 genome.dna 426383 427094 NC_002737.gbk
360 41.4 4834867 4834403 genome.dna 318528 319077 NC_002737.gbk
649 45.0 4867996 4867325 genome.dna 517209 517902 NC_002737.gbk
907 37.2 4869411 4868002 genome.dna 458683 460234 NC_002737.gbk
313 33.7 4869761 4870336 genome.dna 1266451 1265911 NC_002737.gbk
1276 32.4 4924099 4922195 genome.dna 462826 464689 NC_002737.gbk
1507 52.4 4932696 4934039 genome.dna 907532 908864 NC_002737.gbk
418 33.0 4936111 4935389 genome.dna 905850 905184 NC_002737.gbk
1785 53.7 4946843 4945446 genome.dna 1103894 1102493 NC_002737.gbk
1785 53.7 4946843 4945446 genome.dna 1103894 1102493 NC_002737.gbk
289 48.0 4948499 4948188 genome.dna 1099268 1098956 NC_002737.gbk
344 33.0 4956801 4956184 genome.dna 512626 513262 NC_002737.gbk
344 33.0 4956801 4956184 genome.dna 512626 513262 NC_002737.gbk
796 45.9 4969043 4968228 genome.dna 497753 496943 NC_002737.gbk
241 39.8 4974776 4974429 genome.dna 1602511 1602193 NC_002737.gbk
199 69.8 4985770 4985910 genome.dna 216579 216714 NC_002737.gbk
836 33.3 4988276 4989640 genome.dna 882231 880854 NC_002737.gbk
519 39.3 5010680 5009268 genome.dna 1438459 1436998 NC_002737.gbk
370 31.0 5017538 5016804 genome.dna 1023742 1023088 NC_002737.gbk
871 38.2 5026700 5027902 genome.dna 523707 524901 NC_002737.gbk
1364 37.3 5049054 5047222 genome.dna 1055428 1053613 NC_002737.gbk
1110 41.6 5050610 5049240 genome.dna 367157 368540 NC_002737.gbk
220 30.5 5053946 5053527 genome.dna 620624 621041 NC_002737.gbk
1975 65.7 5055348 5053966 genome.dna 619205 620612 NC_002737.gbk
576 34.8 5056259 5055396 genome.dna 618168 619044 NC_002737.gbk
1169 54.1 5057853 5056312 genome.dna 616644 618153 NC_002737.gbk
239 31.6 5060037 5059237 genome.dna 614864 615581 NC_002737.gbk
306 31.4 5061686 5061066 genome.dna 289151 288437 NC_002737.gbk
2051 49.2 5063659 5061770 genome.dna 1819985 1818086 NC_002737.gbk
