1310 32.9 25826 28615 genome.dna 1275809 1278548 NC_004917.gbk
332 35.9 29669 29034 genome.dna 1286456 1287125 NC_004917.gbk
1295 44.4 30749 32122 genome.dna 947938 946549 NC_004917.gbk
892 33.5 33859 32447 genome.dna 1560221 1561532 NC_004917.gbk
1577 51.1 36667 35258 genome.dna 537877 539317 NC_004917.gbk
1906 50.4 37037 38860 genome.dna 1694416 1696096 NC_004917.gbk
1220 34.9 49985 47886 genome.dna 810511 808360 NC_004917.gbk
426 39.5 50956 50333 genome.dna 687042 687645 NC_004917.gbk
1605 56.1 62838 64181 genome.dna 1204977 1206330 NC_004917.gbk
1202 61.2 98527 99441 genome.dna 511257 512154 NC_004917.gbk
369 37.0 110262 109636 genome.dna 1754120 1754756 NC_004917.gbk
344 30.9 111355 110522 genome.dna 216173 215393 NC_004917.gbk
342 42.0 165569 165111 genome.dna 145429 144952 NC_004917.gbk
683 35.7 166824 165547 genome.dna 1291454 1292696 NC_004917.gbk
155 50.9 168129 168296 genome.dna 359566 359395 NC_004917.gbk
520 50.3 170854 170375 genome.dna 1317287 1317785 NC_004917.gbk
480 32.8 172168 170891 genome.dna 618783 620040 NC_004917.gbk
418 32.1 186544 185612 genome.dna 1471614 1470606 NC_004917.gbk
507 31.5 192775 193791 genome.dna 770156 769220 NC_004917.gbk
1813 44.5 199780 202044 genome.dna 831506 829229 NC_004917.gbk
499 34.9 217784 218788 genome.dna 647878 648763 NC_004917.gbk
398 31.0 218826 219599 genome.dna 174323 175166 NC_004917.gbk
1112 41.1 219661 221034 genome.dna 1643181 1644600 NC_004917.gbk
344 31.7 222967 223722 genome.dna 1644592 1645324 NC_004917.gbk
151 33.3 226078 226338 genome.dna 687717 687966 NC_004917.gbk
491 32.8 226939 227694 genome.dna 1425672 1424874 NC_004917.gbk
852 43.8 228573 229595 genome.dna 1534099 1533121 NC_004917.gbk
2006 74.4 250357 251541 genome.dna 360780 359580 NC_004917.gbk
526 42.4 252164 252709 genome.dna 359065 358549 NC_004917.gbk
548 57.7 252872 253300 genome.dna 358520 358094 NC_004917.gbk
806 52.9 253304 254008 genome.dna 358078 357373 NC_004917.gbk
446 58.7 254890 255255 genome.dna 356780 356399 NC_004917.gbk
701 45.2 269828 269043 genome.dna 1773864 1774656 NC_004917.gbk
626 39.8 270806 270027 genome.dna 1515961 1515148 NC_004917.gbk
235 31.2 271449 270808 genome.dna 1750972 1750327 NC_004917.gbk
1029 47.8 275283 276347 genome.dna 1795480 1794457 NC_004917.gbk
191 35.6 277924 278196 genome.dna 768907 769195 NC_004917.gbk
1000 37.3 280242 278956 genome.dna 578972 577691 NC_004917.gbk
719 42.6 281849 280260 genome.dna 469155 467784 NC_004917.gbk
814 56.8 288581 287820 genome.dna 1419517 1420183 NC_004917.gbk
603 35.8 301263 300298 genome.dna 796307 795320 NC_004917.gbk
679 43.5 302355 301621 genome.dna 893661 894405 NC_004917.gbk
1497 49.7 306633 305290 genome.dna 187203 188568 NC_004917.gbk
364 41.5 307112 306645 genome.dna 186720 187194 NC_004917.gbk
419 49.3 307589 307137 genome.dna 918631 918154 NC_004917.gbk
1216 54.6 313270 314313 genome.dna 1149138 1150173 NC_004917.gbk
857 55.8 338215 337490 genome.dna 1047733 1047010 NC_004917.gbk
302 34.6 339901 339335 genome.dna 1284933 1285428 NC_004917.gbk
788 39.4 340994 339921 genome.dna 1139444 1138475 NC_004917.gbk
1176 46.8 345980 347242 genome.dna 554846 553580 NC_004917.gbk
858 37.9 349956 348586 genome.dna 435031 436465 NC_004917.gbk
483 50.8 352201 352629 genome.dna 484627 485056 NC_004917.gbk
388 48.8 352645 353037 genome.dna 485064 485454 NC_004917.gbk
651 38.5 362158 363087 genome.dna 474481 475444 NC_004917.gbk
340 33.8 372605 373492 genome.dna 1670969 1671830 NC_004917.gbk
380 32.7 376932 375772 genome.dna 13935 15108 NC_004917.gbk
761 54.2 385868 385287 genome.dna 1414565 1415150 NC_004917.gbk
511 33.7 386934 386071 genome.dna 104931 105855 NC_004917.gbk
1062 39.6 406489 405197 genome.dna 1790212 1791487 NC_004917.gbk
225 32.8 410005 410430 genome.dna 415253 415649 NC_004917.gbk
339 43.9 431880 431494 genome.dna 1621268 1620887 NC_004917.gbk
480 35.1 433394 432459 genome.dna 502409 503303 NC_004917.gbk
371 36.1 435364 434357 genome.dna 949377 948387 NC_004917.gbk
1118 40.1 460910 458055 genome.dna 906507 909207 NC_004917.gbk
481 33.3 479807 478617 genome.dna 1041348 1042470 NC_004917.gbk
630 30.5 480919 479801 genome.dna 1280435 1279259 NC_004917.gbk
1031 48.3 481917 480919 genome.dna 1249102 1250077 NC_004917.gbk
869 32.4 483335 481914 genome.dna 1247725 1249081 NC_004917.gbk
1206 41.3 530287 528905 genome.dna 568537 569884 NC_004917.gbk
954 59.2 694412 693111 genome.dna 703013 704441 NC_004917.gbk
1750 55.7 695973 694534 genome.dna 701494 702934 NC_004917.gbk
155 33.3 697176 697469 genome.dna 1168355 1168628 NC_004917.gbk
2160 62.2 697515 699164 genome.dna 1168661 1170299 NC_004917.gbk
285 43.1 703585 703950 genome.dna 208881 209292 NC_004917.gbk
1177 39.6 753122 751287 genome.dna 525849 523977 NC_004917.gbk
509 30.3 755031 753277 genome.dna 1167972 1166412 NC_004917.gbk
175 45.0 755400 755185 genome.dna 753725 753512 NC_004917.gbk
261 34.3 755628 756641 genome.dna 1763782 1762705 NC_004917.gbk
456 34.1 761351 760380 genome.dna 1649170 1650082 NC_004917.gbk
299 43.7 761608 761919 genome.dna 9604 9289 NC_004917.gbk
352 66.3 761939 762196 genome.dna 9273 9015 NC_004917.gbk
998 45.9 763509 764681 genome.dna 8888 7844 NC_004917.gbk
484 50.0 766454 766933 genome.dna 145924 145432 NC_004917.gbk
1540 42.8 768185 770122 genome.dna 801742 799906 NC_004917.gbk
1198 45.5 771082 772419 genome.dna 1702065 1703427 NC_004917.gbk
217 33.1 777307 777729 genome.dna 816393 815919 NC_004917.gbk
1879 37.1 779306 782008 genome.dna 989271 986622 NC_004917.gbk
268 46.6 783547 783816 genome.dna 522996 522723 NC_004917.gbk
1332 36.7 784066 786186 genome.dna 574333 572203 NC_004917.gbk
848 43.7 805628 804636 genome.dna 1405283 1406444 NC_004917.gbk
1614 49.6 844582 846099 genome.dna 1595823 1594266 NC_004917.gbk
2178 60.9 894744 893086 genome.dna 1482208 1483858 NC_004917.gbk
1158 44.6 909308 910588 genome.dna 614896 616189 NC_004917.gbk
400 43.6 927840 927358 genome.dna 118523 118055 NC_004917.gbk
341 39.4 957261 956803 genome.dna 1322942 1323386 NC_004917.gbk
682 45.3 997695 996727 genome.dna 825489 826392 NC_004917.gbk
872 41.8 1085633 1084560 genome.dna 1752927 1751700 NC_004917.gbk
767 50.7 1094877 1094161 genome.dna 1606231 1605553 NC_004917.gbk
225 31.1 1099537 1100406 genome.dna 492136 491257 NC_004917.gbk
873 38.2 1131750 1134008 genome.dna 924891 922404 NC_004917.gbk
568 36.5 1154052 1153258 genome.dna 1339632 1340391 NC_004917.gbk
809 52.8 1154397 1155122 genome.dna 1045501 1044706 NC_004917.gbk
378 35.7 1155257 1156108 genome.dna 1044705 1043637 NC_004917.gbk
747 53.4 1156279 1157004 genome.dna 811533 810822 NC_004917.gbk
543 39.6 1157130 1157687 genome.dna 421748 422306 NC_004917.gbk
476 33.5 1157925 1159121 genome.dna 505701 506811 NC_004917.gbk
633 46.1 1159320 1160081 genome.dna 1063534 1064248 NC_004917.gbk
595 34.3 1165447 1166469 genome.dna 1069034 1070015 NC_004917.gbk
389 39.1 1166572 1167027 genome.dna 1146481 1146991 NC_004917.gbk
672 42.9 1167032 1167820 genome.dna 1147000 1147783 NC_004917.gbk
1784 36.7 1169670 1173152 genome.dna 1234740 1231083 NC_004917.gbk
947 49.8 1173165 1174124 genome.dna 707682 706755 NC_004917.gbk
1053 50.5 1248508 1249548 genome.dna 642034 640897 NC_004917.gbk
841 61.8 1270601 1269999 genome.dna 1480945 1481542 NC_004917.gbk
258 34.4 1271755 1272822 genome.dna 1424878 1423780 NC_004917.gbk
1045 44.6 1272920 1274065 genome.dna 817889 816743 NC_004917.gbk
625 30.9 1274535 1276382 genome.dna 1574116 1575955 NC_004917.gbk
783 40.5 1276393 1277361 genome.dna 1575958 1576930 NC_004917.gbk
473 50.0 1280201 1280677 genome.dna 43662 43191 NC_004917.gbk
287 37.4 1280702 1281121 genome.dna 43181 42707 NC_004917.gbk
277 35.0 1282175 1282681 genome.dna 1513386 1513872 NC_004917.gbk
1580 40.4 1284598 1282733 genome.dna 587267 585377 NC_004917.gbk
274 30.3 1288101 1287511 genome.dna 1765667 1765097 NC_004917.gbk
718 30.6 1291078 1289714 genome.dna 1539579 1538247 NC_004917.gbk
864 67.0 1301367 1301990 genome.dna 545689 546280 NC_004917.gbk
1209 52.7 1302154 1303428 genome.dna 1147775 1149056 NC_004917.gbk
1443 41.3 1303620 1306001 genome.dna 819982 822391 NC_004917.gbk
2728 42.8 1326027 1322899 genome.dna 170830 167701 NC_004917.gbk
516 31.5 1327249 1326056 genome.dna 172021 170839 NC_004917.gbk
544 48.9 1329655 1330212 genome.dna 1323782 1324319 NC_004917.gbk
388 35.1 1332732 1333337 genome.dna 1457633 1457045 NC_004917.gbk
1564 44.8 1333507 1335396 genome.dna 1666991 1665134 NC_004917.gbk
1095 30.6 1356196 1353473 genome.dna 660934 663178 NC_004917.gbk
648 35.1 1358126 1357212 genome.dna 835836 834933 NC_004917.gbk
1642 47.6 1363499 1366138 genome.dna 1557236 1559711 NC_004917.gbk
948 42.7 1395770 1396903 genome.dna 60642 61803 NC_004917.gbk
1444 43.4 1399081 1400775 genome.dna 61813 63544 NC_004917.gbk
219 30.4 1400772 1401275 genome.dna 64326 64866 NC_004917.gbk
852 41.3 1402802 1401792 genome.dna 317803 316795 NC_004917.gbk
1152 44.1 1403920 1402802 genome.dna 320650 319507 NC_004917.gbk
167 32.9 1404198 1403920 genome.dna 321670 321409 NC_004917.gbk
503 36.2 1405064 1404189 genome.dna 322408 321679 NC_004917.gbk
557 34.2 1422749 1425052 genome.dna 324812 322388 NC_004917.gbk
1072 53.0 1427931 1426894 genome.dna 1209807 1210815 NC_004917.gbk
353 35.6 1433876 1433409 genome.dna 986129 986588 NC_004917.gbk
686 41.7 1434853 1435731 genome.dna 1549180 1550062 NC_004917.gbk
625 41.1 1436929 1437642 genome.dna 1542779 1543490 NC_004917.gbk
660 34.5 1466359 1465232 genome.dna 1728913 1727734 NC_004917.gbk
759 37.4 1475506 1474394 genome.dna 759436 758293 NC_004917.gbk
1119 33.9 1477420 1475516 genome.dna 1287997 1289785 NC_004917.gbk
933 43.1 1483266 1480684 genome.dna 448910 446417 NC_004917.gbk
857 52.3 1484840 1484115 genome.dna 338257 339010 NC_004917.gbk
384 32.7 1485514 1484840 genome.dna 1421749 1422409 NC_004917.gbk
819 34.2 1493774 1492350 genome.dna 1237944 1239276 NC_004917.gbk
281 33.8 1506798 1506349 genome.dna 870930 871392 NC_004917.gbk
438 39.6 1507655 1507128 genome.dna 691168 690670 NC_004917.gbk
961 43.1 1536355 1535069 genome.dna 1430782 1432066 NC_004917.gbk
974 36.3 1537737 1539503 genome.dna 666042 668019 NC_004917.gbk
1338 44.0 1547669 1549237 genome.dna 1074260 1072685 NC_004917.gbk
256 35.9 1550947 1551351 genome.dna 863926 863509 NC_004917.gbk
254 34.4 1555196 1555705 genome.dna 417668 418130 NC_004917.gbk
253 30.6 1558773 1559834 genome.dna 1760722 1761736 NC_004917.gbk
384 35.2 1573036 1572017 genome.dna 371690 372728 NC_004917.gbk
865 39.1 1598229 1599338 genome.dna 1443005 1444109 NC_004917.gbk
1119 42.0 1631952 1633361 genome.dna 655153 656587 NC_004917.gbk
1178 59.4 1637078 1636206 genome.dna 99493 98617 NC_004917.gbk
1266 60.5 1782838 1781498 genome.dna 370064 371639 NC_004917.gbk
368 33.1 1840176 1840934 genome.dna 1550058 1550862 NC_004917.gbk
777 31.9 1862075 1860786 genome.dna 1367060 1368368 NC_004917.gbk
1091 34.8 1937404 1939404 genome.dna 650671 653029 NC_004917.gbk
326 32.8 1942291 1943163 genome.dna 436486 437323 NC_004917.gbk
365 43.3 1944254 1944643 genome.dna 803183 802805 NC_004917.gbk
647 33.5 1945543 1946694 genome.dna 995141 994013 NC_004917.gbk
1114 39.9 1946687 1948771 genome.dna 450485 452693 NC_004917.gbk
215 31.3 1950974 1951390 genome.dna 1346854 1347289 NC_004917.gbk
208 34.2 1951419 1951823 genome.dna 1347307 1347799 NC_004917.gbk
864 48.5 1954611 1955393 genome.dna 1050681 1051470 NC_004917.gbk
505 35.5 1956304 1957413 genome.dna 138178 137131 NC_004917.gbk
275 48.8 1962586 1962317 genome.dna 419733 420000 NC_004917.gbk
749 50.0 1963383 1962607 genome.dna 672435 673233 NC_004917.gbk
449 30.2 1965221 1964208 genome.dna 1112647 1113709 NC_004917.gbk
1125 46.6 1968985 1967612 genome.dna 544292 542915 NC_004917.gbk
667 34.3 1970689 1969697 genome.dna 589144 588112 NC_004917.gbk
188 31.2 1974025 1973615 genome.dna 768179 768563 NC_004917.gbk
522 33.6 1980555 1981667 genome.dna 608577 607482 NC_004917.gbk
257 32.4 2030910 2030332 genome.dna 980384 980918 NC_004917.gbk
668 35.7 2034173 2033130 genome.dna 593644 594676 NC_004917.gbk
78 32.0 2040877 2041047 genome.dna 658673 658823 NC_004917.gbk
552 37.3 2041077 2042123 genome.dna 658844 659846 NC_004917.gbk
875 41.5 2042130 2043083 genome.dna 659855 660854 NC_004917.gbk
483 32.2 2043101 2044030 genome.dna 1243792 1244680 NC_004917.gbk
610 40.9 2044045 2044779 genome.dna 711140 710396 NC_004917.gbk
270 59.7 2044934 2045170 genome.dna 709236 709005 NC_004917.gbk
1353 49.0 2045253 2046494 genome.dna 708930 707694 NC_004917.gbk
494 35.1 2050132 2050929 genome.dna 1281446 1282244 NC_004917.gbk
283 41.8 2055442 2055792 genome.dna 34348 34690 NC_004917.gbk
296 34.0 2064690 2065280 genome.dna 1022060 1021475 NC_004917.gbk
1499 31.5 2070405 2066956 genome.dna 441509 438503 NC_004917.gbk
222 38.6 2074702 2075532 genome.dna 550559 549791 NC_004917.gbk
1602 50.1 2102354 2104732 genome.dna 1745780 1743350 NC_004917.gbk
432 45.5 2148473 2147781 genome.dna 154244 155087 NC_004917.gbk
1320 51.8 2150965 2148479 genome.dna 151421 154235 NC_004917.gbk
1087 39.4 2177036 2175615 genome.dna 629755 631195 NC_004917.gbk
494 35.1 2177765 2177046 genome.dna 629021 629753 NC_004917.gbk
554 32.3 2179364 2177811 genome.dna 628728 626952 NC_004917.gbk
302 32.1 2192856 2194133 genome.dna 808348 807145 NC_004917.gbk
542 47.2 2203467 2202874 genome.dna 48103 48688 NC_004917.gbk
411 34.6 2216576 2217319 genome.dna 42707 42005 NC_004917.gbk
2014 56.2 2221311 2219248 genome.dna 1799037 1796865 NC_004917.gbk
813 50.0 2239913 2239125 genome.dna 1273212 1272381 NC_004917.gbk
472 42.9 2258625 2258122 genome.dna 1739281 1738783 NC_004917.gbk
535 32.2 2263993 2263058 genome.dna 1537946 1537142 NC_004917.gbk
684 32.2 2460964 2459636 genome.dna 1185315 1183869 NC_004917.gbk
1273 53.7 2487322 2486231 genome.dna 1326544 1327645 NC_004917.gbk
1129 55.5 2489732 2488785 genome.dna 1474074 1473144 NC_004917.gbk
1209 50.1 2492889 2493971 genome.dna 1701680 1700612 NC_004917.gbk
361 31.1 2493971 2494816 genome.dna 1304205 1303365 NC_004917.gbk
632 44.9 2496092 2496946 genome.dna 44504 43691 NC_004917.gbk
537 33.2 2534552 2533659 genome.dna 1013440 1012402 NC_004917.gbk
921 53.4 2552084 2552833 genome.dna 1492815 1492062 NC_004917.gbk
431 36.3 2585970 2586605 genome.dna 1506170 1506863 NC_004917.gbk
471 34.4 2593132 2590532 genome.dna 1718739 1720989 NC_004917.gbk
772 35.4 2602958 2604520 genome.dna 311947 310450 NC_004917.gbk
1247 49.9 2607572 2608762 genome.dna 1354517 1355780 NC_004917.gbk
189 31.8 2620019 2620441 genome.dna 1580598 1580136 NC_004917.gbk
512 36.9 2639766 2638855 genome.dna 556015 555262 NC_004917.gbk
983 51.4 2642732 2643580 genome.dna 1619984 1619129 NC_004917.gbk
624 46.3 2645012 2644386 genome.dna 1050530 1049897 NC_004917.gbk
287 40.4 2654386 2653967 genome.dna 1356162 1355793 NC_004917.gbk
896 41.7 2654735 2655739 genome.dna 478597 477613 NC_004917.gbk
891 51.6 2679167 2679979 genome.dna 1191872 1192688 NC_004917.gbk
230 30.4 2724246 2725070 genome.dna 984363 985188 NC_004917.gbk
799 48.4 2732234 2731251 genome.dna 34207 33205 NC_004917.gbk
405 53.9 2732903 2732547 genome.dna 424943 425297 NC_004917.gbk
451 44.0 2733782 2733240 genome.dna 424119 424644 NC_004917.gbk
1696 45.0 2735713 2733785 genome.dna 422308 424123 NC_004917.gbk
567 34.4 2757088 2758194 genome.dna 929078 930116 NC_004917.gbk
494 46.7 2770193 2769657 genome.dna 1015878 1016391 NC_004917.gbk
521 47.9 2788070 2787564 genome.dna 1290871 1291366 NC_004917.gbk
1113 51.7 2809298 2808294 genome.dna 489682 488671 NC_004917.gbk
289 31.4 2809923 2809306 genome.dna 495227 494636 NC_004917.gbk
313 40.4 2810663 2810151 genome.dna 1082088 1082646 NC_004917.gbk
1906 50.3 2813755 2811956 genome.dna 1724018 1722272 NC_004917.gbk
489 34.2 2828026 2828805 genome.dna 1774671 1775391 NC_004917.gbk
676 37.3 2828802 2829785 genome.dna 1297084 1296136 NC_004917.gbk
522 39.1 2884168 2883416 genome.dna 161818 161092 NC_004917.gbk
249 30.0 2885460 2884459 genome.dna 985197 986100 NC_004917.gbk
1053 31.6 2887241 2885457 genome.dna 663393 665109 NC_004917.gbk
367 30.4 2906057 2905173 genome.dna 1157095 1156156 NC_004917.gbk
955 38.0 2917289 2918617 genome.dna 1647127 1648438 NC_004917.gbk
412 39.1 2920770 2921360 genome.dna 470498 471152 NC_004917.gbk
396 35.7 2921367 2922104 genome.dna 804002 803270 NC_004917.gbk
712 47.1 2922086 2922862 genome.dna 1142584 1143340 NC_004917.gbk
319 32.6 2922856 2923488 genome.dna 428129 427433 NC_004917.gbk
955 31.7 2925698 2924025 genome.dna 133408 131749 NC_004917.gbk
1243 46.5 2975613 2974318 genome.dna 1426403 1427672 NC_004917.gbk
713 32.2 2977060 2975717 genome.dna 1566386 1565150 NC_004917.gbk
687 38.0 2982496 2983455 genome.dna 471234 472170 NC_004917.gbk
307 61.1 2988043 2988261 genome.dna 1340393 1340612 NC_004917.gbk
2157 44.5 2992855 2990582 genome.dna 1497573 1495296 NC_004917.gbk
177 38.9 3002657 3002334 genome.dna 1722263 1721951 NC_004917.gbk
747 32.6 3042056 3043384 genome.dna 1271631 1270284 NC_004917.gbk
604 37.8 3058890 3057901 genome.dna 174239 173303 NC_004917.gbk
712 36.2 3061480 3059363 genome.dna 699208 701395 NC_004917.gbk
642 36.6 3064423 3065496 genome.dna 1127930 1126892 NC_004917.gbk
1314 38.2 3076165 3077973 genome.dna 457375 459151 NC_004917.gbk
1262 57.5 3077983 3079080 genome.dna 1706320 1707373 NC_004917.gbk
1205 51.4 3079077 3080102 genome.dna 1707365 1708433 NC_004917.gbk
884 40.0 3080104 3081720 genome.dna 1708548 1710003 NC_004917.gbk
110 34.9 3155372 3155127 genome.dna 50020 50245 NC_004917.gbk
465 46.8 3155863 3155369 genome.dna 56476 56956 NC_004917.gbk
2331 53.6 3161386 3159374 genome.dna 1485854 1483877 NC_004917.gbk
858 34.3 3166195 3167499 genome.dna 1179846 1181160 NC_004917.gbk
615 36.0 3174746 3173826 genome.dna 400680 399783 NC_004917.gbk
984 34.0 3190713 3188704 genome.dna 1477979 1479989 NC_004917.gbk
724 64.1 3204842 3205360 genome.dna 235052 234542 NC_004917.gbk
269 33.5 3228583 3228035 genome.dna 1607379 1607925 NC_004917.gbk
1072 43.8 3290769 3289561 genome.dna 542775 541608 NC_004917.gbk
420 31.3 3291639 3290800 genome.dna 541409 540428 NC_004917.gbk
414 32.0 3320342 3321007 genome.dna 1420989 1421739 NC_004917.gbk
182 30.0 3332182 3332514 genome.dna 491261 490904 NC_004917.gbk
1449 41.9 3364676 3363084 genome.dna 887586 889197 NC_004917.gbk
951 34.1 3373687 3372152 genome.dna 1521427 1519849 NC_004917.gbk
1142 36.3 3375638 3373788 genome.dna 1523301 1521423 NC_004917.gbk
269 40.0 3375937 3375635 genome.dna 1523606 1523303 NC_004917.gbk
274 40.3 3378041 3377067 genome.dna 1525762 1524763 NC_004917.gbk
1060 43.7 3395711 3396913 genome.dna 1266978 1265772 NC_004917.gbk
326 30.1 3408161 3407589 genome.dna 1316694 1317288 NC_004917.gbk
744 39.0 3409858 3408341 genome.dna 473047 474472 NC_004917.gbk
838 46.7 3413548 3412631 genome.dna 1203421 1202542 NC_004917.gbk
596 31.9 3416479 3415469 genome.dna 1796520 1795494 NC_004917.gbk
650 44.7 3425582 3424782 genome.dna 1582611 1583280 NC_004917.gbk
1135 48.5 3427528 3426443 genome.dna 679579 680656 NC_004917.gbk
1678 50.1 3443783 3442200 genome.dna 1645522 1647007 NC_004917.gbk
1487 52.9 3477877 3476636 genome.dna 1674506 1675715 NC_004917.gbk
907 47.8 3516455 3517318 genome.dna 1321060 1321921 NC_004917.gbk
947 37.7 3519048 3517663 genome.dna 498695 500162 NC_004917.gbk
432 43.3 3521609 3522118 genome.dna 509345 509840 NC_004917.gbk
858 43.8 3523656 3524945 genome.dna 1070052 1071432 NC_004917.gbk
1181 33.3 3531913 3533985 genome.dna 481897 479803 NC_004917.gbk
445 34.7 3569781 3570509 genome.dna 1536049 1535383 NC_004917.gbk
731 50.5 3570531 3571184 genome.dna 1024750 1025416 NC_004917.gbk
641 36.2 3573115 3574479 genome.dna 636438 635115 NC_004917.gbk
1737 54.0 3592205 3590739 genome.dna 682095 683541 NC_004917.gbk
852 32.8 3599984 3598497 genome.dna 1475122 1476586 NC_004917.gbk
968 43.3 3604488 3603367 genome.dna 787116 786051 NC_004917.gbk
692 37.0 3607701 3606505 genome.dna 1144063 1145173 NC_004917.gbk
553 61.3 3608433 3608005 genome.dna 657891 658305 NC_004917.gbk
1624 57.0 3635387 3634134 genome.dna 1594267 1593016 NC_004917.gbk
309 46.4 3679566 3679826 genome.dna 962608 962356 NC_004917.gbk
480 41.9 3680956 3680225 genome.dna 842685 841881 NC_004917.gbk
529 33.8 3682691 3681786 genome.dna 304756 303835 NC_004917.gbk
477 36.6 3683368 3682688 genome.dna 678860 679583 NC_004917.gbk
2310 55.9 3686442 3684643 genome.dna 101364 99549 NC_004917.gbk
583 35.3 3689812 3691413 genome.dna 18134 16691 NC_004917.gbk
637 45.9 3694571 3695257 genome.dna 1212761 1213469 NC_004917.gbk
1169 43.9 3698228 3696813 genome.dna 898282 896887 NC_004917.gbk
372 47.5 3702410 3702844 genome.dna 1031809 1032202 NC_004917.gbk
409 34.2 3711890 3712588 genome.dna 1244694 1245393 NC_004917.gbk
1450 52.7 3714803 3716083 genome.dna 935253 933945 NC_004917.gbk
604 37.6 3732844 3733638 genome.dna 490557 489762 NC_004917.gbk
595 39.4 3733793 3734647 genome.dna 41969 41135 NC_004917.gbk
178 30.3 3737076 3737717 genome.dna 45162 44514 NC_004917.gbk
399 43.9 3749751 3750215 genome.dna 678421 678868 NC_004917.gbk
2711 49.9 3762599 3760023 genome.dna 109400 106820 NC_004917.gbk
332 49.1 3773009 3772662 genome.dna 911314 910957 NC_004917.gbk
499 33.2 3773827 3773072 genome.dna 912036 911310 NC_004917.gbk
231 46.5 3774681 3774433 genome.dna 913069 912835 NC_004917.gbk
1061 36.0 3776200 3774839 genome.dna 914487 913143 NC_004917.gbk
755 65.2 3777786 3777271 genome.dna 172770 172272 NC_004917.gbk
197 31.1 3780004 3779576 genome.dna 173260 172825 NC_004917.gbk
626 45.1 3784972 3782345 genome.dna 840251 837572 NC_004917.gbk
1409 60.9 3786717 3785644 genome.dna 612609 611571 NC_004917.gbk
362 43.2 3787319 3786825 genome.dna 892390 891877 NC_004917.gbk
2058 57.7 3863434 3861956 genome.dna 239791 238318 NC_004917.gbk
506 52.9 3863969 3863466 genome.dna 240336 239838 NC_004917.gbk
1028 40.5 3882715 3881462 genome.dna 786052 784813 NC_004917.gbk
534 46.8 3893814 3893233 genome.dna 1469150 1468559 NC_004917.gbk
364 34.1 3913956 3913303 genome.dna 337652 338261 NC_004917.gbk
533 32.4 3918901 3920391 genome.dna 680732 682076 NC_004917.gbk
957 47.5 3952362 3953393 genome.dna 694810 693754 NC_004917.gbk
642 44.7 3953386 3954039 genome.dna 693744 693033 NC_004917.gbk
618 42.8 3954101 3954916 genome.dna 692126 691319 NC_004917.gbk
934 42.1 3956293 3958011 genome.dna 1651424 1653191 NC_004917.gbk
467 40.4 3961248 3960622 genome.dna 583303 582646 NC_004917.gbk
1398 52.6 4001743 4000448 genome.dna 611308 610030 NC_004917.gbk
1836 50.7 4003479 4001842 genome.dna 1305553 1307176 NC_004917.gbk
1251 38.9 4027241 4025196 genome.dna 1725149 1727102 NC_004917.gbk
1129 44.3 4028828 4027398 genome.dna 1470583 1469134 NC_004917.gbk
227 30.0 4037132 4037767 genome.dna 894823 895498 NC_004917.gbk
506 51.6 4039680 4040210 genome.dna 1770457 1770958 NC_004917.gbk
286 37.9 4050959 4050219 genome.dna 1385004 1385805 NC_004917.gbk
223 31.5 4059979 4059527 genome.dna 307122 306678 NC_004917.gbk
419 38.6 4076900 4077613 genome.dna 1608986 1609655 NC_004917.gbk
118 30.9 4079441 4080034 genome.dna 1756713 1757430 NC_004917.gbk
427 30.4 4080027 4081166 genome.dna 595808 594692 NC_004917.gbk
595 32.3 4102382 4101120 genome.dna 1445970 1447245 NC_004917.gbk
786 35.3 4114440 4115846 genome.dna 1585868 1587332 NC_004917.gbk
1970 49.9 4139901 4137067 genome.dna 129319 126487 NC_004917.gbk
347 36.8 4140147 4140710 genome.dna 518864 519377 NC_004917.gbk
3153 60.7 4221505 4218908 genome.dna 1663284 1660704 NC_004917.gbk
582 37.1 4244964 4245854 genome.dna 1754868 1755699 NC_004917.gbk
287 32.4 4250722 4251348 genome.dna 1626958 1627582 NC_004917.gbk
915 50.0 4255592 4252890 genome.dna 312775 315190 NC_004917.gbk
818 41.5 4257707 4256787 genome.dna 991964 991064 NC_004917.gbk
872 41.4 4258960 4257809 genome.dna 755176 753961 NC_004917.gbk
450 32.1 4263557 4262097 genome.dna 364345 365665 NC_004917.gbk
992 41.3 4268312 4267230 genome.dna 1135868 1134788 NC_004917.gbk
506 34.3 4274186 4273242 genome.dna 1242152 1243106 NC_004917.gbk
307 36.3 4277861 4277370 genome.dna 843178 842695 NC_004917.gbk
1833 48.4 4279582 4277864 genome.dna 844892 843179 NC_004917.gbk
1035 51.1 4283764 4284855 genome.dna 1102677 1101726 NC_004917.gbk
413 30.3 4284858 4286258 genome.dna 1104632 1103369 NC_004917.gbk
348 30.6 4319027 4319845 genome.dna 1142409 1141557 NC_004917.gbk
3075 52.9 4330684 4327460 genome.dna 1618514 1615160 NC_004917.gbk
1011 43.1 4331847 4330699 genome.dna 866648 865511 NC_004917.gbk
491 34.3 4333114 4332293 genome.dna 472212 472980 NC_004917.gbk
386 30.3 4334402 4333452 genome.dna 134323 133501 NC_004917.gbk
783 40.1 4338181 4335368 genome.dna 1157209 1160002 NC_004917.gbk
149 30.2 4339580 4339843 genome.dna 1702023 1701705 NC_004917.gbk
609 38.0 4342070 4340889 genome.dna 1572431 1573766 NC_004917.gbk
950 41.0 4343498 4342359 genome.dna 1457747 1458905 NC_004917.gbk
2323 56.7 4345514 4343607 genome.dna 643987 642109 NC_004917.gbk
511 48.7 4348720 4348133 genome.dna 51252 51792 NC_004917.gbk
268 31.8 4353827 4352538 genome.dna 507716 509261 NC_004917.gbk
613 35.3 4377440 4376580 genome.dna 1688370 1687545 NC_004917.gbk
1008 41.5 4379941 4378778 genome.dna 324932 326141 NC_004917.gbk
742 40.8 4383337 4381343 genome.dna 30766 28807 NC_004917.gbk
1009 31.9 4387762 4385783 genome.dna 1198152 1200006 NC_004917.gbk
1579 62.2 4388480 4389631 genome.dna 1477761 1476600 NC_004917.gbk
279 33.7 4395434 4394430 genome.dna 1301107 1300267 NC_004917.gbk
1296 48.6 4398393 4397095 genome.dna 928083 926835 NC_004917.gbk
914 44.5 4422828 4421779 genome.dna 1132408 1133500 NC_004917.gbk
496 42.3 4448185 4447619 genome.dna 106198 106762 NC_004917.gbk
880 46.8 4471827 4470898 genome.dna 616197 617079 NC_004917.gbk
387 32.8 4479596 4478769 genome.dna 1211624 1212431 NC_004917.gbk
399 36.6 4482450 4482959 genome.dna 547400 547946 NC_004917.gbk
440 30.8 4482986 4483933 genome.dna 405497 406448 NC_004917.gbk
321 43.1 4488068 4487676 genome.dna 1343263 1343614 NC_004917.gbk
576 34.1 4489098 4488109 genome.dna 1342244 1343249 NC_004917.gbk
671 50.2 4489744 4489124 genome.dna 1341590 1342217 NC_004917.gbk
503 54.6 4490164 4489775 genome.dna 1341187 1341580 NC_004917.gbk
414 53.0 4490537 4490181 genome.dna 1340815 1341178 NC_004917.gbk
1103 40.9 4492165 4490834 genome.dna 1338380 1339631 NC_004917.gbk
292 42.4 4492607 4492173 genome.dna 1337982 1338384 NC_004917.gbk
504 52.1 4493297 4492797 genome.dna 1337531 1337972 NC_004917.gbk
174 31.0 4493665 4493312 genome.dna 1337165 1337522 NC_004917.gbk
523 45.1 4494208 4493675 genome.dna 1336613 1337150 NC_004917.gbk
323 41.1 4494614 4494222 genome.dna 1336208 1336604 NC_004917.gbk
607 48.6 4495506 4494967 genome.dna 1335466 1336012 NC_004917.gbk
553 69.1 4496217 4495846 genome.dna 1334862 1335231 NC_004917.gbk
227 42.3 4496635 4496381 genome.dna 1334599 1334866 NC_004917.gbk
104 33.3 4496826 4496635 genome.dna 1334407 1334596 NC_004917.gbk
570 62.4 4497236 4496826 genome.dna 1333995 1334421 NC_004917.gbk
837 53.0 4497950 4497249 genome.dna 1333281 1333992 NC_004917.gbk
406 63.3 4498593 4498315 genome.dna 1332415 1332697 NC_004917.gbk
938 51.6 4499431 4498610 genome.dna 1331577 1332405 NC_004917.gbk
294 33.0 4500993 4500364 genome.dna 1330099 1330651 NC_004917.gbk
439 60.8 4501337 4501026 genome.dna 1329705 1330017 NC_004917.gbk
3025 65.4 4505956 4503842 genome.dna 346588 344509 NC_004917.gbk
621 56.5 4506523 4506053 genome.dna 347071 346603 NC_004917.gbk
592 71.0 4506994 4506620 genome.dna 347476 347086 NC_004917.gbk
845 30.9 4509286 4510932 genome.dna 59910 58323 NC_004917.gbk
410 34.3 4510929 4511597 genome.dna 1583820 1584492 NC_004917.gbk
426 39.1 4520431 4519847 genome.dna 418995 419550 NC_004917.gbk
836 38.0 4531124 4529898 genome.dna 938726 939926 NC_004917.gbk
1091 49.4 4557783 4556779 genome.dna 535466 536465 NC_004917.gbk
677 46.5 4559154 4558477 genome.dna 1301931 1302582 NC_004917.gbk
794 39.5 4562421 4561336 genome.dna 861050 859988 NC_004917.gbk
256 33.7 4562994 4562473 genome.dna 609133 608629 NC_004917.gbk
577 31.5 4668986 4668036 genome.dna 1607235 1606266 NC_004917.gbk
828 48.0 4680620 4681561 genome.dna 1653200 1654166 NC_004917.gbk
736 32.8 4690836 4689472 genome.dna 1309758 1311090 NC_004917.gbk
1093 49.7 4702353 4701286 genome.dna 98618 97586 NC_004917.gbk
1585 56.5 4708658 4707399 genome.dna 24449 25742 NC_004917.gbk
334 42.9 4709479 4709153 genome.dna 60287 59969 NC_004917.gbk
1042 38.3 4714432 4712411 genome.dna 1313612 1315727 NC_004917.gbk
1482 51.5 4719117 4720601 genome.dna 147339 146037 NC_004917.gbk
1153 47.1 4729969 4728119 genome.dna 828208 826489 NC_004917.gbk
805 42.1 4730969 4730043 genome.dna 430165 429232 NC_004917.gbk
741 37.7 4733613 4735139 genome.dna 548036 549476 NC_004917.gbk
562 34.9 4750499 4751602 genome.dna 673244 674459 NC_004917.gbk
953 40.8 4766891 4765731 genome.dna 67489 68641 NC_004917.gbk
179 40.3 4770684 4770469 genome.dna 1670758 1670965 NC_004917.gbk
565 51.7 4775884 4776414 genome.dna 306664 306121 NC_004917.gbk
1262 44.5 4776424 4777755 genome.dna 306108 304773 NC_004917.gbk
308 33.9 4786326 4787093 genome.dna 1274450 1273742 NC_004917.gbk
720 40.2 4789295 4788411 genome.dna 332212 333103 NC_004917.gbk
323 38.8 4834867 4834403 genome.dna 369915 369444 NC_004917.gbk
1044 31.4 4872230 4874593 genome.dna 562621 564709 NC_004917.gbk
160 31.1 4875290 4875967 genome.dna 1759342 1759915 NC_004917.gbk
2086 46.8 4981440 4979023 genome.dna 1095900 1098219 NC_004917.gbk
837 34.5 4985096 4983699 genome.dna 1081989 1080618 NC_004917.gbk
206 70.5 4985770 4985910 genome.dna 114484 114349 NC_004917.gbk
762 32.9 4988276 4989640 genome.dna 110977 109546 NC_004917.gbk
407 32.7 5014534 5013698 genome.dna 722419 723247 NC_004917.gbk
931 38.5 5026700 5027902 genome.dna 1598649 1599837 NC_004917.gbk
417 32.0 5031540 5032457 genome.dna 875782 874792 NC_004917.gbk
1049 42.6 5049054 5047222 genome.dna 832634 834488 NC_004917.gbk
676 39.9 5050610 5049240 genome.dna 672337 670972 NC_004917.gbk
2052 68.2 5055348 5053966 genome.dna 412868 414269 NC_004917.gbk
546 33.1 5056259 5055396 genome.dna 411956 412850 NC_004917.gbk
1209 55.4 5057853 5056312 genome.dna 410429 411944 NC_004917.gbk
1877 49.2 5063659 5061770 genome.dna 11393 13283 NC_004917.gbk
