341 36.1 29669 29034 genome.dna 1279050 1279602 NC_000918.gbk
1321 43.7 30749 32122 genome.dna 1497248 1495877 NC_000918.gbk
1030 37.3 33859 32447 genome.dna 780147 781467 NC_000918.gbk
1729 53.5 36667 35258 genome.dna 67697 69107 NC_000918.gbk
406 42.8 39698 40135 genome.dna 292557 292110 NC_000918.gbk
1446 38.2 47188 45107 genome.dna 1444795 1442416 NC_000918.gbk
515 44.0 47880 47188 genome.dna 1163286 1162650 NC_000918.gbk
1732 40.8 49985 47886 genome.dna 583393 581302 NC_000918.gbk
1207 59.6 98527 99441 genome.dna 651392 652250 NC_000918.gbk
977 33.2 99451 101520 genome.dna 1506461 1508456 NC_000918.gbk
249 31.1 110262 109636 genome.dna 1066290 1066932 NC_000918.gbk
421 31.7 124086 125432 genome.dna 797532 798738 NC_000918.gbk
825 53.2 162282 162998 genome.dna 639611 640379 NC_000918.gbk
410 45.0 165569 165111 genome.dna 136574 136121 NC_000918.gbk
863 39.5 166824 165547 genome.dna 562285 561118 NC_000918.gbk
462 36.2 166978 167643 genome.dna 1132103 1131407 NC_000918.gbk
127 43.8 168129 168296 genome.dna 1358159 1358312 NC_000918.gbk
444 43.4 170854 170375 genome.dna 162217 161731 NC_000918.gbk
510 37.0 174074 173307 genome.dna 1227642 1226886 NC_000918.gbk
609 35.7 186544 185612 genome.dna 225160 224227 NC_000918.gbk
708 34.5 186786 187982 genome.dna 425549 426671 NC_000918.gbk
605 36.4 192775 193791 genome.dna 1145741 1146683 NC_000918.gbk
1858 44.2 199780 202044 genome.dna 1203707 1201421 NC_000918.gbk
617 34.7 217784 218788 genome.dna 1324805 1325828 NC_000918.gbk
311 33.2 218826 219599 genome.dna 1455908 1456727 NC_000918.gbk
1313 45.6 219661 221034 genome.dna 975754 977128 NC_000918.gbk
623 40.7 226939 227694 genome.dna 895685 896408 NC_000918.gbk
1038 48.6 228573 229595 genome.dna 1485818 1486811 NC_000918.gbk
1369 43.0 230345 231841 genome.dna 1133539 1132078 NC_000918.gbk
1937 70.0 250357 251541 genome.dna 2116 3334 NC_000918.gbk
542 58.2 252872 253300 genome.dna 1359385 1359823 NC_000918.gbk
655 45.4 253304 254008 genome.dna 1359827 1360556 NC_000918.gbk
448 60.3 254890 255255 genome.dna 1361172 1361559 NC_000918.gbk
2139 46.4 255584 259612 genome.dna 1361771 1366178 NC_000918.gbk
1548 46.1 259736 263959 genome.dna 1366174 1370899 NC_000918.gbk
715 48.4 269828 269043 genome.dna 1533389 1532585 NC_000918.gbk
268 31.0 271449 270808 genome.dna 381704 381056 NC_000918.gbk
632 38.4 275283 276347 genome.dna 215953 216970 NC_000918.gbk
1457 53.3 280242 278956 genome.dna 516285 515010 NC_000918.gbk
1004 49.2 281849 280260 genome.dna 1381698 1380177 NC_000918.gbk
1596 52.1 306633 305290 genome.dna 1167430 1166095 NC_000918.gbk
346 38.9 307112 306645 genome.dna 969725 969260 NC_000918.gbk
1178 54.8 313270 314313 genome.dna 583430 584456 NC_000918.gbk
456 40.9 315964 316557 genome.dna 1208641 1209214 NC_000918.gbk
813 38.8 321945 323390 genome.dna 1422406 1423621 NC_000918.gbk
806 47.1 338215 337490 genome.dna 282322 283039 NC_000918.gbk
420 40.5 339901 339335 genome.dna 1529364 1529856 NC_000918.gbk
920 44.0 340994 339921 genome.dna 1096104 1095135 NC_000918.gbk
675 39.8 341977 341009 genome.dna 42794 43763 NC_000918.gbk
525 38.2 342391 343203 genome.dna 1504145 1504907 NC_000918.gbk
495 34.0 343211 343993 genome.dna 232578 231840 NC_000918.gbk
1133 45.2 345980 347242 genome.dna 906162 907440 NC_000918.gbk
858 36.8 349956 348586 genome.dna 1034951 1036313 NC_000918.gbk
548 57.0 352201 352629 genome.dna 1323946 1324381 NC_000918.gbk
343 43.7 352645 353037 genome.dna 1324377 1324821 NC_000918.gbk
818 36.7 357036 355618 genome.dna 1454975 1453544 NC_000918.gbk
2672 46.4 361542 357046 genome.dna 1105817 1110299 NC_000918.gbk
792 37.7 362158 363087 genome.dna 433143 432189 NC_000918.gbk
501 35.7 386934 386071 genome.dna 988224 987291 NC_000918.gbk
322 40.0 431880 431494 genome.dna 240240 239862 NC_000918.gbk
369 30.7 433394 432459 genome.dna 278114 277238 NC_000918.gbk
604 36.8 435364 434357 genome.dna 1203751 1204672 NC_000918.gbk
1051 33.3 460910 458055 genome.dna 1006933 1010431 NC_000918.gbk
854 34.3 463248 461737 genome.dna 1476834 1475352 NC_000918.gbk
1087 42.3 530287 528905 genome.dna 376495 375160 NC_000918.gbk
279 37.0 692962 692627 genome.dna 694698 695013 NC_000918.gbk
2057 59.1 697515 699164 genome.dna 1547531 1549169 NC_000918.gbk
366 30.9 699974 700837 genome.dna 33887 33032 NC_000918.gbk
1102 38.8 753122 751287 genome.dna 1062096 1060368 NC_000918.gbk
552 32.2 755031 753277 genome.dna 1063631 1062134 NC_000918.gbk
151 34.9 755400 755185 genome.dna 600596 600392 NC_000918.gbk
953 43.1 755628 756641 genome.dna 551566 552574 NC_000918.gbk
568 33.8 761351 760380 genome.dna 619896 618981 NC_000918.gbk
271 39.6 761608 761919 genome.dna 1154200 1153903 NC_000918.gbk
334 60.7 761939 762196 genome.dna 1251716 1252013 NC_000918.gbk
1007 48.3 763509 764681 genome.dna 1456739 1457771 NC_000918.gbk
1932 50.9 768185 770122 genome.dna 645832 647737 NC_000918.gbk
203 34.4 772670 773002 genome.dna 61695 61998 NC_000918.gbk
309 40.3 777307 777729 genome.dna 166841 166364 NC_000918.gbk
2092 46.8 779306 782008 genome.dna 1429083 1431501 NC_000918.gbk
528 38.3 782481 783425 genome.dna 482343 481479 NC_000918.gbk
280 47.7 783547 783816 genome.dna 139169 138896 NC_000918.gbk
1900 43.9 784066 786186 genome.dna 138894 136566 NC_000918.gbk
232 32.0 803045 802602 genome.dna 387418 386953 NC_000918.gbk
620 34.0 812414 811260 genome.dna 803970 802806 NC_000918.gbk
325 35.7 812975 814090 genome.dna 1039760 1040666 NC_000918.gbk
432 32.5 841615 843360 genome.dna 1519139 1520756 NC_000918.gbk
415 47.9 927840 927358 genome.dna 187373 186899 NC_000918.gbk
392 44.9 957261 956803 genome.dna 795749 796214 NC_000918.gbk
745 43.7 987143 988024 genome.dna 1100085 1101069 NC_000918.gbk
524 32.4 1119665 1120909 genome.dna 1181771 1180691 NC_000918.gbk
671 35.0 1129588 1128602 genome.dna 326378 325394 NC_000918.gbk
627 41.6 1154052 1153258 genome.dna 48447 47670 NC_000918.gbk
785 48.0 1154397 1155122 genome.dna 1411810 1410985 NC_000918.gbk
350 39.4 1155257 1156108 genome.dna 489798 488925 NC_000918.gbk
742 47.7 1156279 1157004 genome.dna 488926 488203 NC_000918.gbk
511 45.6 1157130 1157687 genome.dna 488198 487643 NC_000918.gbk
506 33.2 1157925 1159121 genome.dna 274128 275271 NC_000918.gbk
659 44.8 1159320 1160081 genome.dna 880331 881027 NC_000918.gbk
378 36.6 1160970 1162325 genome.dna 1383000 1381710 NC_000918.gbk
565 58.0 1166572 1167027 genome.dna 36758 36305 NC_000918.gbk
749 46.7 1167032 1167820 genome.dna 412005 412791 NC_000918.gbk
501 44.7 1168997 1169593 genome.dna 1374520 1375111 NC_000918.gbk
895 37.6 1169670 1173152 genome.dna 701428 697942 NC_000918.gbk
1058 50.2 1173165 1174124 genome.dna 847968 848940 NC_000918.gbk
1757 35.8 1180703 1178139 genome.dna 200712 203292 NC_000918.gbk
519 35.4 1260789 1261478 genome.dna 207351 208038 NC_000918.gbk
1014 44.3 1271755 1272822 genome.dna 618969 617964 NC_000918.gbk
1313 52.2 1272920 1274065 genome.dna 926030 927167 NC_000918.gbk
448 36.6 1276393 1277361 genome.dna 1127750 1126883 NC_000918.gbk
715 38.4 1278982 1280091 genome.dna 86488 85417 NC_000918.gbk
474 46.8 1280201 1280677 genome.dna 81822 82287 NC_000918.gbk
194 32.0 1280702 1281121 genome.dna 82283 82730 NC_000918.gbk
470 32.5 1281190 1282170 genome.dna 1493725 1492804 NC_000918.gbk
292 33.6 1282175 1282681 genome.dna 206026 205588 NC_000918.gbk
2021 49.8 1284598 1282733 genome.dna 609968 608081 NC_000918.gbk
443 35.9 1285528 1284617 genome.dna 519428 518639 NC_000918.gbk
829 36.6 1291078 1289714 genome.dna 864400 865579 NC_000918.gbk
582 36.2 1292157 1291267 genome.dna 93767 94646 NC_000918.gbk
878 66.0 1301367 1301990 genome.dna 954075 953469 NC_000918.gbk
1672 63.5 1302154 1303428 genome.dna 953450 952211 NC_000918.gbk
2412 48.3 1303620 1306001 genome.dna 151205 153593 NC_000918.gbk
381 33.0 1310544 1309849 genome.dna 573049 573706 NC_000918.gbk
1223 46.9 1316909 1318201 genome.dna 69168 70440 NC_000918.gbk
442 36.8 1332732 1333337 genome.dna 1054661 1054025 NC_000918.gbk
569 43.6 1335658 1336302 genome.dna 49057 48436 NC_000918.gbk
537 31.5 1336525 1337487 genome.dna 652889 653819 NC_000918.gbk
491 31.3 1362181 1359896 genome.dna 60366 57960 NC_000918.gbk
1509 41.7 1363499 1366138 genome.dna 677904 680139 NC_000918.gbk
983 42.9 1395770 1396903 genome.dna 665247 664197 NC_000918.gbk
1699 45.8 1399081 1400775 genome.dna 662204 660509 NC_000918.gbk
382 39.6 1400772 1401275 genome.dna 455139 455628 NC_000918.gbk
995 47.6 1402802 1401792 genome.dna 706455 707454 NC_000918.gbk
1232 46.3 1403920 1402802 genome.dna 814671 813528 NC_000918.gbk
775 47.7 1405064 1404189 genome.dna 456334 457114 NC_000918.gbk
196 30.7 1405419 1405066 genome.dna 707453 707801 NC_000918.gbk
1350 39.1 1422749 1425052 genome.dna 457082 459323 NC_000918.gbk
533 41.1 1426894 1426256 genome.dna 592595 593246 NC_000918.gbk
992 49.4 1427931 1426894 genome.dna 532825 533821 NC_000918.gbk
544 39.2 1428285 1428911 genome.dna 1524117 1524744 NC_000918.gbk
463 47.1 1433876 1433409 genome.dna 332979 333465 NC_000918.gbk
856 49.0 1434853 1435731 genome.dna 800896 801781 NC_000918.gbk
625 47.1 1436929 1437642 genome.dna 1492327 1491676 NC_000918.gbk
272 56.9 1468125 1468334 genome.dna 923047 922834 NC_000918.gbk
208 36.4 1468782 1468399 genome.dna 304931 305306 NC_000918.gbk
140 38.7 1469182 1469379 genome.dna 41649 41883 NC_000918.gbk
861 48.9 1470427 1469462 genome.dna 963283 962452 NC_000918.gbk
812 36.5 1475506 1474394 genome.dna 14005 12886 NC_000918.gbk
816 32.0 1477420 1475516 genome.dna 837077 838865 NC_000918.gbk
230 33.3 1478243 1477926 genome.dna 900899 900569 NC_000918.gbk
280 38.8 1490971 1490492 genome.dna 962033 962486 NC_000918.gbk
989 47.0 1492026 1490968 genome.dna 961063 962110 NC_000918.gbk
1176 43.0 1493774 1492350 genome.dna 186344 185021 NC_000918.gbk
287 32.8 1506798 1506349 genome.dna 1010893 1010434 NC_000918.gbk
169 31.9 1514785 1514357 genome.dna 1226345 1225913 NC_000918.gbk
1430 47.6 1537737 1539503 genome.dna 406211 404495 NC_000918.gbk
1291 51.8 1544898 1546064 genome.dna 1137328 1138486 NC_000918.gbk
1244 63.8 1546064 1546936 genome.dna 1138497 1139415 NC_000918.gbk
852 40.6 1547669 1549237 genome.dna 963859 965266 NC_000918.gbk
538 31.6 1549251 1550390 genome.dna 965267 966368 NC_000918.gbk
647 35.1 1558773 1559834 genome.dna 1331126 1332095 NC_000918.gbk
687 39.5 1561588 1560626 genome.dna 744787 745714 NC_000918.gbk
1421 43.8 1567041 1563904 genome.dna 786834 783681 NC_000918.gbk
709 41.6 1573036 1572017 genome.dna 742221 741237 NC_000918.gbk
369 30.2 1576893 1577582 genome.dna 54470 55133 NC_000918.gbk
492 35.8 1591734 1591099 genome.dna 724840 725476 NC_000918.gbk
905 44.8 1592635 1591727 genome.dna 723926 724838 NC_000918.gbk
3347 49.2 1595695 1592648 genome.dna 720864 723912 NC_000918.gbk
267 35.8 1600255 1600836 genome.dna 1130362 1129819 NC_000918.gbk
634 38.1 1631952 1633361 genome.dna 400745 402107 NC_000918.gbk
789 35.5 1768623 1769945 genome.dna 943805 945002 NC_000918.gbk
1563 41.2 1788362 1786503 genome.dna 766600 768295 NC_000918.gbk
684 35.1 1945543 1946694 genome.dna 1416210 1417263 NC_000918.gbk
1901 43.3 1946687 1948771 genome.dna 852068 854105 NC_000918.gbk
312 42.7 1951419 1951823 genome.dna 832742 832337 NC_000918.gbk
898 49.6 1954611 1955393 genome.dna 575837 575048 NC_000918.gbk
934 45.6 1956304 1957413 genome.dna 1205735 1204652 NC_000918.gbk
402 31.0 1962314 1961529 genome.dna 1379325 1378548 NC_000918.gbk
250 38.8 1962586 1962317 genome.dna 1379582 1379312 NC_000918.gbk
767 47.9 1963383 1962607 genome.dna 1352058 1351338 NC_000918.gbk
1137 44.5 1968985 1967612 genome.dna 1123836 1122504 NC_000918.gbk
440 31.5 1980555 1981667 genome.dna 1212398 1213439 NC_000918.gbk
457 35.4 1986118 1986840 genome.dna 856011 856722 NC_000918.gbk
288 36.8 2009604 2010017 genome.dna 1316398 1316812 NC_000918.gbk
88 31.7 2040877 2041047 genome.dna 770426 770234 NC_000918.gbk
697 37.3 2041077 2042123 genome.dna 770235 769221 NC_000918.gbk
1013 50.0 2042130 2043083 genome.dna 769221 768291 NC_000918.gbk
773 42.2 2043101 2044030 genome.dna 616147 617128 NC_000918.gbk
774 49.6 2044045 2044779 genome.dna 1206405 1207152 NC_000918.gbk
296 62.5 2044934 2045170 genome.dna 1207164 1207401 NC_000918.gbk
1472 51.6 2045253 2046494 genome.dna 1207397 1208645 NC_000918.gbk
448 30.3 2047434 2048453 genome.dna 535609 536590 NC_000918.gbk
388 35.0 2048443 2049102 genome.dna 669173 669761 NC_000918.gbk
343 46.0 2055442 2055792 genome.dna 87801 87435 NC_000918.gbk
613 45.4 2071740 2072447 genome.dna 192622 193297 NC_000918.gbk
229 31.3 2073776 2074690 genome.dna 1065596 1064735 NC_000918.gbk
579 43.7 2074702 2075532 genome.dna 1528661 1529381 NC_000918.gbk
996 51.4 2102354 2104732 genome.dna 1508457 1511028 NC_000918.gbk
390 33.8 2181519 2182154 genome.dna 1200458 1199834 NC_000918.gbk
658 37.8 2183367 2182216 genome.dna 1224494 1223291 NC_000918.gbk
381 35.5 2216576 2217319 genome.dna 1115452 1116148 NC_000918.gbk
864 34.1 2221311 2219248 genome.dna 895354 893686 NC_000918.gbk
848 50.6 2239913 2239125 genome.dna 1099281 1098423 NC_000918.gbk
405 38.9 2258625 2258122 genome.dna 329528 329018 NC_000918.gbk
585 33.2 2267632 2266640 genome.dna 504613 505618 NC_000918.gbk
1029 37.0 2338271 2339743 genome.dna 116079 114648 NC_000918.gbk
1268 54.3 2487322 2486231 genome.dna 416548 415435 NC_000918.gbk
424 42.7 2488039 2487452 genome.dna 228040 227461 NC_000918.gbk
941 47.1 2489732 2488785 genome.dna 1147750 1146814 NC_000918.gbk
218 31.1 2490742 2489870 genome.dna 630431 631238 NC_000918.gbk
787 37.4 2491599 2492855 genome.dna 904556 905777 NC_000918.gbk
1231 50.0 2492889 2493971 genome.dna 604784 605873 NC_000918.gbk
462 33.5 2493971 2494816 genome.dna 61933 62779 NC_000918.gbk
776 45.8 2496092 2496946 genome.dna 53670 54474 NC_000918.gbk
273 32.6 2511822 2511298 genome.dna 149123 149639 NC_000918.gbk
481 36.4 2585970 2586605 genome.dna 333389 334088 NC_000918.gbk
472 37.5 2597527 2596643 genome.dna 1043005 1043755 NC_000918.gbk
249 31.1 2598308 2597688 genome.dna 445759 445162 NC_000918.gbk
664 33.4 2605113 2606180 genome.dna 117937 118960 NC_000918.gbk
1519 58.9 2607572 2608762 genome.dna 482373 483567 NC_000918.gbk
500 33.3 2608762 2609568 genome.dna 1097636 1096847 NC_000918.gbk
759 42.7 2639766 2638855 genome.dna 1199330 1198436 NC_000918.gbk
685 37.6 2642732 2643580 genome.dna 1280344 1281196 NC_000918.gbk
189 40.3 2652833 2653480 genome.dna 686940 687537 NC_000918.gbk
1020 51.9 2654735 2655739 genome.dna 737984 736955 NC_000918.gbk
805 46.9 2679167 2679979 genome.dna 606899 606110 NC_000918.gbk
1155 34.8 2731236 2728849 genome.dna 1217399 1219727 NC_000918.gbk
800 48.1 2732234 2731251 genome.dna 656040 657057 NC_000918.gbk
447 64.3 2732903 2732547 genome.dna 655684 656041 NC_000918.gbk
160 53.3 2733144 2732947 genome.dna 547719 547923 NC_000918.gbk
567 52.7 2733782 2733240 genome.dna 1256059 1255531 NC_000918.gbk
1677 39.4 2735713 2733785 genome.dna 1171148 1169231 NC_000918.gbk
1173 46.0 2755752 2754499 genome.dna 1076237 1077518 NC_000918.gbk
571 35.7 2757088 2758194 genome.dna 862047 863118 NC_000918.gbk
424 30.2 2794931 2793456 genome.dna 335367 334071 NC_000918.gbk
460 34.9 2801685 2802443 genome.dna 420914 421613 NC_000918.gbk
740 48.6 2811487 2810744 genome.dna 1112818 1113568 NC_000918.gbk
1954 50.5 2813755 2811956 genome.dna 1177547 1179359 NC_000918.gbk
521 31.3 2838878 2837343 genome.dna 1262650 1261150 NC_000918.gbk
464 38.6 2869134 2868487 genome.dna 1503517 1504153 NC_000918.gbk
310 31.1 2879580 2880428 genome.dna 1397248 1396522 NC_000918.gbk
332 41.5 2884168 2883416 genome.dna 470796 471501 NC_000918.gbk
992 40.3 2917289 2918617 genome.dna 540865 539584 NC_000918.gbk
419 31.2 2918614 2919687 genome.dna 1467310 1466245 NC_000918.gbk
466 40.2 2920770 2921360 genome.dna 508589 509213 NC_000918.gbk
446 33.5 2921367 2922104 genome.dna 923867 923150 NC_000918.gbk
769 48.0 2922086 2922862 genome.dna 110615 111377 NC_000918.gbk
271 32.8 2922856 2923488 genome.dna 1385745 1386363 NC_000918.gbk
190 34.1 2923933 2923649 genome.dna 1530745 1531048 NC_000918.gbk
847 32.3 2925698 2924025 genome.dna 1059539 1057931 NC_000918.gbk
515 38.0 2926492 2925815 genome.dna 1517969 1518638 NC_000918.gbk
1496 54.9 2975613 2974318 genome.dna 194561 193283 NC_000918.gbk
610 33.5 2982496 2983455 genome.dna 338085 337113 NC_000918.gbk
291 63.2 2988043 2988261 genome.dna 47668 47425 NC_000918.gbk
503 43.7 3019705 3020373 genome.dna 90417 91077 NC_000918.gbk
816 42.6 3042056 3043384 genome.dna 587379 586080 NC_000918.gbk
384 38.8 3046334 3045672 genome.dna 149719 150274 NC_000918.gbk
554 34.8 3065575 3066420 genome.dna 1142857 1142008 NC_000918.gbk
559 40.9 3084419 3083724 genome.dna 377948 377231 NC_000918.gbk
223 31.1 3155124 3154672 genome.dna 1534285 1534750 NC_000918.gbk
137 33.3 3155372 3155127 genome.dna 773848 774085 NC_000918.gbk
548 33.8 3157424 3156435 genome.dna 1534727 1535690 NC_000918.gbk
470 33.8 3157972 3158883 genome.dna 539083 538096 NC_000918.gbk
2374 56.1 3161386 3159374 genome.dna 1305588 1307580 NC_000918.gbk
568 30.0 3166099 3165062 genome.dna 674672 675671 NC_000918.gbk
833 36.4 3166195 3167499 genome.dna 104660 103298 NC_000918.gbk
776 35.7 3178804 3180039 genome.dna 17052 18261 NC_000918.gbk
694 42.2 3180042 3180794 genome.dna 942989 943805 NC_000918.gbk
565 30.8 3230474 3228642 genome.dna 1497724 1499425 NC_000918.gbk
1163 40.1 3284277 3282703 genome.dna 136105 134584 NC_000918.gbk
1105 39.3 3373687 3372152 genome.dna 935399 936875 NC_000918.gbk
1262 37.6 3375638 3373788 genome.dna 933531 935400 NC_000918.gbk
260 40.4 3375937 3375635 genome.dna 979398 979707 NC_000918.gbk
280 32.1 3376497 3375934 genome.dna 978881 979418 NC_000918.gbk
605 38.0 3378041 3377067 genome.dna 931119 932130 NC_000918.gbk
1122 45.8 3382301 3380952 genome.dna 390935 389654 NC_000918.gbk
348 31.8 3382843 3382298 genome.dna 391392 390909 NC_000918.gbk
964 35.1 3384645 3382846 genome.dna 929346 931107 NC_000918.gbk
455 38.5 3408161 3407589 genome.dna 358694 359264 NC_000918.gbk
641 37.0 3409858 3408341 genome.dna 825993 827391 NC_000918.gbk
571 30.1 3412525 3411257 genome.dna 1438966 1437733 NC_000918.gbk
974 55.4 3413548 3412631 genome.dna 303135 303966 NC_000918.gbk
366 30.0 3415469 3414618 genome.dna 520167 519441 NC_000918.gbk
757 39.4 3416479 3415469 genome.dna 1315362 1316385 NC_000918.gbk
252 36.5 3427528 3426443 genome.dna 50604 51801 NC_000918.gbk
452 47.0 3465394 3464954 genome.dna 287857 287455 NC_000918.gbk
644 30.5 3466688 3465462 genome.dna 517420 518647 NC_000918.gbk
1310 47.6 3468186 3466690 genome.dna 1051344 1052754 NC_000918.gbk
1531 55.1 3477877 3476636 genome.dna 1473573 1472328 NC_000918.gbk
769 41.5 3511745 3510762 genome.dna 1338308 1337339 NC_000918.gbk
449 31.0 3514279 3513113 genome.dna 12609 11295 NC_000918.gbk
912 49.6 3516455 3517318 genome.dna 1337356 1336480 NC_000918.gbk
1157 45.7 3519048 3517663 genome.dna 741233 739745 NC_000918.gbk
494 50.0 3521609 3522118 genome.dna 828840 829344 NC_000918.gbk
517 33.3 3522115 3523185 genome.dna 156793 157891 NC_000918.gbk
575 38.9 3577570 3576767 genome.dna 1377794 1378562 NC_000918.gbk
1529 54.3 3590632 3589055 genome.dna 149078 147545 NC_000918.gbk
1806 58.1 3592205 3590739 genome.dna 1424164 1425637 NC_000918.gbk
566 38.6 3599984 3598497 genome.dna 1350036 1351338 NC_000918.gbk
1022 46.3 3603229 3601955 genome.dna 78246 77034 NC_000918.gbk
1059 46.8 3604488 3603367 genome.dna 1092152 1091078 NC_000918.gbk
777 39.2 3607701 3606505 genome.dna 285506 286553 NC_000918.gbk
406 47.5 3608433 3608005 genome.dna 1120637 1121066 NC_000918.gbk
1079 42.9 3621177 3619963 genome.dna 512736 513957 NC_000918.gbk
542 34.6 3622920 3623723 genome.dna 1395157 1395952 NC_000918.gbk
1674 62.3 3635387 3634134 genome.dna 325386 324099 NC_000918.gbk
540 71.4 3640872 3640534 genome.dna 67338 67677 NC_000918.gbk
365 42.8 3651787 3651263 genome.dna 623165 623621 NC_000918.gbk
172 32.5 3680225 3679845 genome.dna 560256 559887 NC_000918.gbk
783 55.2 3680956 3680225 genome.dna 1014722 1015451 NC_000918.gbk
701 39.1 3682691 3681786 genome.dna 1403916 1403010 NC_000918.gbk
404 34.8 3683368 3682688 genome.dna 652227 652893 NC_000918.gbk
2210 53.9 3686442 3684643 genome.dna 1213457 1215260 NC_000918.gbk
1256 43.2 3698228 3696813 genome.dna 859083 860505 NC_000918.gbk
339 42.6 3714535 3714188 genome.dna 1307948 1307597 NC_000918.gbk
1398 48.9 3714803 3716083 genome.dna 562309 563584 NC_000918.gbk
330 38.1 3732230 3732727 genome.dna 98535 99018 NC_000918.gbk
675 42.4 3732844 3733638 genome.dna 1390295 1389497 NC_000918.gbk
734 46.5 3733793 3734647 genome.dna 1503163 1502314 NC_000918.gbk
350 45.1 3734665 3735045 genome.dna 322200 322575 NC_000918.gbk
524 46.4 3738313 3737777 genome.dna 369241 369778 NC_000918.gbk
615 39.4 3742499 3743362 genome.dna 39495 40338 NC_000918.gbk
645 38.2 3764478 3763501 genome.dna 1238117 1237166 NC_000918.gbk
572 32.9 3766362 3767522 genome.dna 655630 654541 NC_000918.gbk
558 39.1 3773827 3773072 genome.dna 1060379 1059605 NC_000918.gbk
1320 46.5 3776200 3774839 genome.dna 1211176 1209811 NC_000918.gbk
1981 47.2 3784972 3782345 genome.dna 914827 917431 NC_000918.gbk
1251 58.2 3786717 3785644 genome.dna 1515869 1516907 NC_000918.gbk
1537 35.7 3854898 3852301 genome.dna 1177443 1174422 NC_000918.gbk
1166 43.2 3882715 3881462 genome.dna 742978 744310 NC_000918.gbk
675 35.5 3883829 3882726 genome.dna 794837 793766 NC_000918.gbk
446 40.7 3893814 3893233 genome.dna 626497 627073 NC_000918.gbk
596 48.3 3906590 3906045 genome.dna 1390680 1391232 NC_000918.gbk
604 38.4 3907276 3906587 genome.dna 1391224 1391896 NC_000918.gbk
569 45.4 3907890 3907273 genome.dna 1392254 1392881 NC_000918.gbk
565 30.9 3918901 3920391 genome.dna 160132 158695 NC_000918.gbk
1549 41.6 3956293 3958011 genome.dna 241949 240236 NC_000918.gbk
419 44.6 3963052 3962555 genome.dna 657835 658306 NC_000918.gbk
343 32.9 3963804 3963091 genome.dna 938283 938925 NC_000918.gbk
176 32.7 3986036 3985365 genome.dna 1431464 1432124 NC_000918.gbk
1642 59.5 4001743 4000448 genome.dna 326761 328042 NC_000918.gbk
1672 55.9 4003479 4001842 genome.dna 950069 948473 NC_000918.gbk
517 43.8 4004518 4003706 genome.dna 222566 223340 NC_000918.gbk
1653 40.6 4027241 4025196 genome.dna 433165 435328 NC_000918.gbk
449 41.1 4036522 4035704 genome.dna 1545760 1544989 NC_000918.gbk
398 39.3 4037132 4037767 genome.dna 461010 460431 NC_000918.gbk
698 57.6 4039680 4040210 genome.dna 1096641 1096104 NC_000918.gbk
641 45.8 4050959 4050219 genome.dna 218716 217909 NC_000918.gbk
302 36.9 4059979 4059527 genome.dna 1435163 1435613 NC_000918.gbk
181 48.4 4060248 4060021 genome.dna 41196 41415 NC_000918.gbk
1552 37.5 4071195 4068739 genome.dna 1438995 1441113 NC_000918.gbk
944 43.4 4076878 4075862 genome.dna 516320 517421 NC_000918.gbk
410 42.4 4079441 4080034 genome.dna 122070 122679 NC_000918.gbk
485 31.8 4102382 4101120 genome.dna 850667 849404 NC_000918.gbk
974 37.9 4114440 4115846 genome.dna 1049036 1050443 NC_000918.gbk
289 31.4 4115888 4116970 genome.dna 1285738 1286755 NC_000918.gbk
255 34.7 4137049 4136630 genome.dna 1383404 1382999 NC_000918.gbk
2334 55.8 4139901 4137067 genome.dna 465626 468407 NC_000918.gbk
730 39.9 4200650 4199670 genome.dna 589705 588742 NC_000918.gbk
425 33.6 4217612 4218277 genome.dna 75981 75327 NC_000918.gbk
705 44.9 4244964 4245854 genome.dna 601706 600881 NC_000918.gbk
292 30.3 4250722 4251348 genome.dna 1395948 1396539 NC_000918.gbk
787 45.5 4255592 4252890 genome.dna 1316868 1319823 NC_000918.gbk
383 32.5 4257707 4256787 genome.dna 1250093 1250942 NC_000918.gbk
930 42.3 4258960 4257809 genome.dna 356842 357946 NC_000918.gbk
505 38.2 4262088 4261168 genome.dna 354043 354919 NC_000918.gbk
942 42.8 4263557 4262097 genome.dna 968216 966851 NC_000918.gbk
1112 46.8 4268312 4267230 genome.dna 34963 33883 NC_000918.gbk
462 30.0 4269667 4268306 genome.dna 567745 566407 NC_000918.gbk
532 38.7 4271151 4269664 genome.dna 1231247 1229798 NC_000918.gbk
648 43.4 4274186 4273242 genome.dna 1323016 1323901 NC_000918.gbk
432 42.7 4277861 4277370 genome.dna 1300129 1299550 NC_000918.gbk
1969 51.0 4279582 4277864 genome.dna 307374 305616 NC_000918.gbk
1577 49.3 4282166 4283764 genome.dna 1469551 1471126 NC_000918.gbk
1195 51.8 4283764 4284855 genome.dna 156148 155053 NC_000918.gbk
459 36.1 4284858 4286258 genome.dna 647736 649035 NC_000918.gbk
402 33.6 4319027 4319845 genome.dna 1280325 1279578 NC_000918.gbk
1184 49.6 4331847 4330699 genome.dna 279226 278110 NC_000918.gbk
618 39.9 4333114 4332293 genome.dna 631525 632323 NC_000918.gbk
574 33.1 4334402 4333452 genome.dna 1224573 1225443 NC_000918.gbk
297 36.4 4335368 4334856 genome.dna 1291520 1292024 NC_000918.gbk
1270 44.0 4338181 4335368 genome.dna 200674 197803 NC_000918.gbk
694 41.1 4339154 4338213 genome.dna 87429 86484 NC_000918.gbk
892 41.3 4343498 4342359 genome.dna 481409 480278 NC_000918.gbk
2130 51.8 4345514 4343607 genome.dna 687605 689504 NC_000918.gbk
560 54.4 4348720 4348133 genome.dna 39459 38922 NC_000918.gbk
387 31.4 4354760 4353831 genome.dna 928044 927150 NC_000918.gbk
238 31.9 4362071 4361421 genome.dna 1401446 1400807 NC_000918.gbk
999 43.6 4379941 4378778 genome.dna 75316 74122 NC_000918.gbk
1962 45.4 4383337 4381343 genome.dna 1243041 1245111 NC_000918.gbk
1334 51.1 4388480 4389631 genome.dna 809560 810691 NC_000918.gbk
170 30.8 4393907 4394326 genome.dna 1065988 1065592 NC_000918.gbk
1335 48.8 4398393 4397095 genome.dna 914194 912895 NC_000918.gbk
570 33.3 4403893 4402952 genome.dna 738024 738942 NC_000918.gbk
198 33.8 4408042 4407560 genome.dna 580900 581302 NC_000918.gbk
335 32.1 4409618 4408062 genome.dna 970487 971987 NC_000918.gbk
617 46.8 4413698 4413135 genome.dna 328965 328329 NC_000918.gbk
480 35.3 4442310 4441333 genome.dna 528309 529191 NC_000918.gbk
441 33.8 4444572 4445309 genome.dna 377196 376503 NC_000918.gbk
542 45.0 4448185 4447619 genome.dna 970300 969721 NC_000918.gbk
570 31.1 4448227 4449270 genome.dna 309581 308468 NC_000918.gbk
557 48.0 4477982 4478530 genome.dna 1162146 1162665 NC_000918.gbk
386 33.2 4479596 4478769 genome.dna 622363 623173 NC_000918.gbk
413 40.6 4482450 4482959 genome.dna 394091 394601 NC_000918.gbk
686 41.6 4482986 4483933 genome.dna 1502318 1501406 NC_000918.gbk
329 43.2 4488068 4487676 genome.dna 44857 44500 NC_000918.gbk
741 39.9 4489098 4488109 genome.dna 45816 44862 NC_000918.gbk
568 45.3 4489744 4489124 genome.dna 46464 45828 NC_000918.gbk
531 55.3 4490164 4489775 genome.dna 46842 46464 NC_000918.gbk
418 53.0 4490537 4490181 genome.dna 47238 46857 NC_000918.gbk
1276 43.9 4492165 4490834 genome.dna 50351 49061 NC_000918.gbk
317 41.1 4492607 4492173 genome.dna 1154661 1154211 NC_000918.gbk
299 42.5 4493665 4493312 genome.dna 1156050 1155675 NC_000918.gbk
416 40.6 4494208 4493675 genome.dna 1156614 1156062 NC_000918.gbk
149 35.3 4494614 4494222 genome.dna 1157133 1156626 NC_000918.gbk
782 61.9 4495506 4494967 genome.dna 1157962 1157395 NC_000918.gbk
103 40.8 4495835 4495521 genome.dna 1158362 1157963 NC_000918.gbk
486 57.7 4496217 4495846 genome.dna 1158727 1158361 NC_000918.gbk
475 51.1 4497236 4496826 genome.dna 8016 8445 NC_000918.gbk
808 54.5 4497950 4497249 genome.dna 7316 7955 NC_000918.gbk
631 51.0 4499431 4498610 genome.dna 5312 6227 NC_000918.gbk
227 44.4 4499751 4499449 genome.dna 4989 5301 NC_000918.gbk
292 32.8 4500353 4499748 genome.dna 4386 4986 NC_000918.gbk
610 48.6 4500993 4500364 genome.dna 3664 4390 NC_000918.gbk
380 51.0 4501337 4501026 genome.dna 3345 3660 NC_000918.gbk
2775 57.9 4505956 4503842 genome.dna 0 2100 NC_000918.gbk
496 48.1 4506523 4506053 genome.dna 509685 509202 NC_000918.gbk
621 72.4 4506994 4506620 genome.dna 510075 509688 NC_000918.gbk
621 72.4 4506994 4506620 genome.dna 1289270 1288883 NC_000918.gbk
550 42.2 4514856 4514044 genome.dna 177612 178299 NC_000918.gbk
288 37.2 4528763 4528356 genome.dna 1098022 1097623 NC_000918.gbk
891 39.5 4531124 4529898 genome.dna 11299 10168 NC_000918.gbk
774 56.8 4531820 4531245 genome.dna 373339 372745 NC_000918.gbk
334 33.0 4558484 4557780 genome.dna 956154 955512 NC_000918.gbk
633 44.1 4559154 4558477 genome.dna 669164 668495 NC_000918.gbk
361 35.3 4562994 4562473 genome.dna 1532111 1532618 NC_000918.gbk
797 33.3 4567199 4569754 genome.dna 423372 425553 NC_000918.gbk
847 33.1 4634257 4632818 genome.dna 497376 498768 NC_000918.gbk
2400 55.2 4639754 4637577 genome.dna 498742 500635 NC_000918.gbk
540 31.9 4672431 4670269 genome.dna 549907 547897 NC_000918.gbk
265 35.3 4675687 4674863 genome.dna 1292801 1291961 NC_000918.gbk
994 51.8 4680620 4681561 genome.dna 168917 169889 NC_000918.gbk
932 36.2 4690836 4689472 genome.dna 407820 406506 NC_000918.gbk
1564 57.2 4708658 4707399 genome.dna 603213 604524 NC_000918.gbk
662 48.5 4729969 4728119 genome.dna 578039 579707 NC_000918.gbk
733 40.0 4730969 4730043 genome.dna 1334855 1333919 NC_000918.gbk
1207 43.7 4733613 4735139 genome.dna 188377 189856 NC_000918.gbk
401 32.0 4748208 4747351 genome.dna 212577 211812 NC_000918.gbk
755 42.9 4756712 4755816 genome.dna 1019472 1018581 NC_000918.gbk
657 57.9 4775884 4776414 genome.dna 1173774 1174305 NC_000918.gbk
1648 56.1 4776424 4777755 genome.dna 117442 116089 NC_000918.gbk
1624 48.4 4781238 4782749 genome.dna 296294 294815 NC_000918.gbk
600 42.5 4786326 4787093 genome.dna 238302 237558 NC_000918.gbk
835 45.7 4825789 4824827 genome.dna 1201425 1200459 NC_000918.gbk
1033 38.7 4869411 4868002 genome.dna 636164 634778 NC_000918.gbk
737 39.7 4926494 4925484 genome.dna 1495876 1494958 NC_000918.gbk
1880 44.9 4981440 4979023 genome.dna 713159 710780 NC_000918.gbk
1028 39.5 4988276 4989640 genome.dna 601851 603198 NC_000918.gbk
482 36.2 5017538 5016804 genome.dna 626483 625817 NC_000918.gbk
1036 59.7 5018328 5017552 genome.dna 730554 729780 NC_000918.gbk
845 43.4 5019301 5018414 genome.dna 1421067 1421925 NC_000918.gbk
872 45.0 5020260 5019301 genome.dna 1420126 1421089 NC_000918.gbk
1116 51.5 5021463 5020423 genome.dna 1419126 1420140 NC_000918.gbk
948 36.6 5026700 5027902 genome.dna 1386623 1387808 NC_000918.gbk
953 45.8 5049054 5047222 genome.dna 194590 196369 NC_000918.gbk
746 35.5 5050610 5049240 genome.dna 412804 414199 NC_000918.gbk
1846 63.5 5055348 5053966 genome.dna 1434204 1432767 NC_000918.gbk
542 32.5 5056259 5055396 genome.dna 1435093 1434217 NC_000918.gbk
1194 55.3 5057853 5056312 genome.dna 461662 463174 NC_000918.gbk
180 32.9 5058884 5058414 genome.dna 1119107 1119542 NC_000918.gbk
284 30.1 5061686 5061066 genome.dna 1116628 1117219 NC_000918.gbk
1779 50.3 5063659 5061770 genome.dna 526456 528310 NC_000918.gbk
