216 30.5 475 32 genome.dna 2115348 2115792 NC_004668.gbk
1033 34.0 5629 7497 genome.dna 832914 834921 NC_004668.gbk
443 35.2 9676 9014 genome.dna 2218788 2218125 NC_004668.gbk
380 43.9 10521 10940 genome.dna 2833413 2833017 NC_004668.gbk
1054 37.2 10948 12453 genome.dna 175818 177387 NC_004668.gbk
815 43.8 14538 15464 genome.dna 2834340 2833428 NC_004668.gbk
630 31.8 15468 16463 genome.dna 2835433 2834437 NC_004668.gbk
1276 36.7 25826 28615 genome.dna 840673 843322 NC_004668.gbk
432 39.2 29669 29034 genome.dna 1857513 1856931 NC_004668.gbk
777 40.9 36667 35258 genome.dna 2068012 2066671 NC_004668.gbk
2174 53.4 37037 38860 genome.dna 2381771 2379935 NC_004668.gbk
421 42.1 39698 40135 genome.dna 1910967 1910520 NC_004668.gbk
700 33.6 44746 43358 genome.dna 2287575 2286270 NC_004668.gbk
1305 38.6 47188 45107 genome.dna 2989646 2987609 NC_004668.gbk
505 43.7 50956 50333 genome.dna 3004159 3003544 NC_004668.gbk
1632 57.3 62838 64181 genome.dna 1395108 1396455 NC_004668.gbk
1809 59.2 77642 78994 genome.dna 3145085 3143735 NC_004668.gbk
617 47.8 97287 96724 genome.dna 2925590 2925038 NC_004668.gbk
1256 62.2 98527 99441 genome.dna 2329001 2328092 NC_004668.gbk
1316 36.2 99451 101520 genome.dna 2328091 2326006 NC_004668.gbk
935 40.5 104909 106057 genome.dna 384320 385475 NC_004668.gbk
803 55.5 110262 109636 genome.dna 430994 431603 NC_004668.gbk
1529 47.8 111626 113161 genome.dna 229557 231048 NC_004668.gbk
1026 39.5 115831 114374 genome.dna 514713 516204 NC_004668.gbk
1542 51.4 117217 115898 genome.dna 513344 514652 NC_004668.gbk
497 30.3 151546 150683 genome.dna 3007152 3006267 NC_004668.gbk
293 32.6 153705 152758 genome.dna 1129086 1130010 NC_004668.gbk
190 32.3 165569 165111 genome.dna 42256 42736 NC_004668.gbk
449 33.5 166978 167643 genome.dna 2804157 2803458 NC_004668.gbk
136 42.9 168129 168296 genome.dna 3074149 3074299 NC_004668.gbk
590 37.7 168516 169325 genome.dna 843421 844264 NC_004668.gbk
501 48.7 170854 170375 genome.dna 2370077 2369585 NC_004668.gbk
183 30.0 191679 192110 genome.dna 2691509 2691110 NC_004668.gbk
872 42.7 192775 193791 genome.dna 1695395 1694372 NC_004668.gbk
389 31.7 208739 209521 genome.dna 814396 815149 NC_004668.gbk
387 39.8 237567 238178 genome.dna 1716785 1717448 NC_004668.gbk
905 44.7 248939 247989 genome.dna 167162 166238 NC_004668.gbk
2073 76.4 250357 251541 genome.dna 194517 195705 NC_004668.gbk
461 38.3 252164 252709 genome.dna 2640689 2640143 NC_004668.gbk
603 66.7 252872 253300 genome.dna 2631041 2630618 NC_004668.gbk
801 53.3 253304 254008 genome.dna 2630507 2629817 NC_004668.gbk
313 34.6 254326 254823 genome.dna 2629495 2628994 NC_004668.gbk
386 56.9 254890 255255 genome.dna 2628932 2628563 NC_004668.gbk
2065 44.9 255584 259612 genome.dna 3112405 3108781 NC_004668.gbk
2538 46.1 259736 263959 genome.dna 3108615 3104961 NC_004668.gbk
1288 48.0 280242 278956 genome.dna 1721687 1720439 NC_004668.gbk
998 49.7 281849 280260 genome.dna 1723247 1721705 NC_004668.gbk
970 59.8 288581 287820 genome.dna 1094597 1093865 NC_004668.gbk
488 38.0 292998 292333 genome.dna 767136 766494 NC_004668.gbk
336 43.5 297836 298240 genome.dna 3008037 3007566 NC_004668.gbk
743 37.3 301263 300298 genome.dna 245216 246215 NC_004668.gbk
359 30.2 302355 301621 genome.dna 1660580 1659881 NC_004668.gbk
399 30.8 303420 302533 genome.dna 1915120 1914172 NC_004668.gbk
1595 51.9 306633 305290 genome.dna 2757487 2756116 NC_004668.gbk
284 35.2 307112 306645 genome.dna 2758412 2757923 NC_004668.gbk
890 44.6 310630 309653 genome.dna 2566354 2567347 NC_004668.gbk
417 40.1 315964 316557 genome.dna 3036335 3035780 NC_004668.gbk
695 39.2 334964 334107 genome.dna 725552 726440 NC_004668.gbk
682 31.2 337440 336007 genome.dna 739901 741215 NC_004668.gbk
1210 46.4 345980 347242 genome.dna 1139382 1140675 NC_004668.gbk
470 51.5 352645 353037 genome.dna 3100514 3100121 NC_004668.gbk
718 34.4 362158 363087 genome.dna 756137 755168 NC_004668.gbk
618 41.1 372605 373492 genome.dna 2668589 2667716 NC_004668.gbk
500 33.0 386934 386071 genome.dna 1138339 1139209 NC_004668.gbk
922 50.0 399153 398326 genome.dna 1108495 1109320 NC_004668.gbk
837 35.5 400586 399423 genome.dna 187515 188703 NC_004668.gbk
1147 39.6 406489 405197 genome.dna 400918 402214 NC_004668.gbk
578 32.5 408325 407348 genome.dna 399384 400392 NC_004668.gbk
785 33.6 413001 411592 genome.dna 1557237 1558698 NC_004668.gbk
2501 52.3 426927 424789 genome.dna 2662196 2664380 NC_004668.gbk
354 44.4 431880 431494 genome.dna 31429 31810 NC_004668.gbk
376 32.3 433394 432459 genome.dna 1670431 1669504 NC_004668.gbk
1119 52.0 435364 434357 genome.dna 108984 110004 NC_004668.gbk
446 36.4 457861 457211 genome.dna 657373 658021 NC_004668.gbk
803 43.1 460910 458055 genome.dna 2812271 2809628 NC_004668.gbk
2421 48.6 500272 497561 genome.dna 1323680 1326293 NC_004668.gbk
433 54.4 503049 502735 genome.dna 407020 407332 NC_004668.gbk
884 50.0 504017 503193 genome.dna 406184 407024 NC_004668.gbk
1719 57.6 505284 504022 genome.dna 404861 406148 NC_004668.gbk
1244 43.8 506771 505281 genome.dna 403380 404865 NC_004668.gbk
1286 43.6 530287 528905 genome.dna 42814 44185 NC_004668.gbk
1542 47.2 533382 534971 genome.dna 655164 656739 NC_004668.gbk
608 32.6 599597 601615 genome.dna 2236492 2234374 NC_004668.gbk
270 45.7 697176 697469 genome.dna 2547309 2547024 NC_004668.gbk
2048 59.8 697515 699164 genome.dna 2546967 2545341 NC_004668.gbk
366 36.0 704061 704669 genome.dna 1532343 1531713 NC_004668.gbk
1374 53.0 725271 724024 genome.dna 2894505 2893242 NC_004668.gbk
680 38.0 727813 726815 genome.dna 966939 967938 NC_004668.gbk
814 40.3 755628 756641 genome.dna 2395078 2394031 NC_004668.gbk
289 41.7 761608 761919 genome.dna 931314 931623 NC_004668.gbk
297 56.8 761939 762196 genome.dna 932012 932300 NC_004668.gbk
1028 41.9 763509 764681 genome.dna 1484367 1485684 NC_004668.gbk
432 47.4 766454 766933 genome.dna 2792182 2791702 NC_004668.gbk
209 34.8 767354 767061 genome.dna 2752525 2752213 NC_004668.gbk
1843 46.8 768185 770122 genome.dna 241990 244147 NC_004668.gbk
615 43.1 770241 771074 genome.dna 3141537 3140745 NC_004668.gbk
297 37.4 777307 777729 genome.dna 1239748 1240222 NC_004668.gbk
2015 42.1 779306 782008 genome.dna 1242192 1244589 NC_004668.gbk
233 34.9 782083 782481 genome.dna 1244613 1244964 NC_004668.gbk
314 51.7 783547 783816 genome.dna 2937859 2937589 NC_004668.gbk
2186 49.7 784066 786186 genome.dna 2937403 2935288 NC_004668.gbk
1150 39.7 787369 789282 genome.dna 805107 806718 NC_004668.gbk
1032 40.4 795852 797180 genome.dna 170880 172182 NC_004668.gbk
897 45.3 797270 798493 genome.dna 180637 181804 NC_004668.gbk
790 52.6 798538 799257 genome.dna 182656 183364 NC_004668.gbk
472 32.5 808710 809492 genome.dna 1180872 1181577 NC_004668.gbk
1700 48.0 809514 811193 genome.dna 1179208 1180861 NC_004668.gbk
531 38.3 830229 830876 genome.dna 1635831 1636494 NC_004668.gbk
763 39.7 839867 840766 genome.dna 1492089 1492980 NC_004668.gbk
1694 51.5 844582 846099 genome.dna 246308 247805 NC_004668.gbk
499 34.5 858630 859340 genome.dna 1015329 1016016 NC_004668.gbk
453 47.7 927840 927358 genome.dna 2531325 2530860 NC_004668.gbk
1080 34.2 931102 929441 genome.dna 941469 943143 NC_004668.gbk
323 35.4 932209 932796 genome.dna 1273924 1274464 NC_004668.gbk
558 35.3 933233 934465 genome.dna 1846267 1844905 NC_004668.gbk
95 30.0 934700 934497 genome.dna 2741999 2741819 NC_004668.gbk
214 32.4 937554 938135 genome.dna 2611700 2611103 NC_004668.gbk
1068 49.1 941591 942676 genome.dna 902899 901795 NC_004668.gbk
286 33.3 957261 956803 genome.dna 1784390 1783874 NC_004668.gbk
249 34.0 969365 968913 genome.dna 801758 802205 NC_004668.gbk
1757 48.8 995970 994243 genome.dna 662878 664606 NC_004668.gbk
197 38.3 996273 996016 genome.dna 662612 662879 NC_004668.gbk
851 51.4 997695 996727 genome.dna 1537479 1538412 NC_004668.gbk
1366 51.4 1040649 1039456 genome.dna 1989356 1990595 NC_004668.gbk
792 50.8 1100443 1101237 genome.dna 1529047 1529995 NC_004668.gbk
637 36.4 1154052 1153258 genome.dna 2115174 2114409 NC_004668.gbk
810 50.4 1154397 1155122 genome.dna 2322844 2322058 NC_004668.gbk
445 42.1 1155257 1156108 genome.dna 2321953 2321071 NC_004668.gbk
756 48.9 1156279 1157004 genome.dna 2320811 2320088 NC_004668.gbk
570 47.8 1157130 1157687 genome.dna 2320085 2319527 NC_004668.gbk
671 45.5 1159320 1160081 genome.dna 2420748 2419932 NC_004668.gbk
432 50.0 1166572 1167027 genome.dna 2757920 2757494 NC_004668.gbk
983 32.8 1169670 1173152 genome.dna 1006080 1009410 NC_004668.gbk
896 54.5 1173165 1174124 genome.dna 2755193 2754404 NC_004668.gbk
370 47.2 1174256 1174645 genome.dna 2126320 2126701 NC_004668.gbk
1952 39.6 1180703 1178139 genome.dna 3041100 3038523 NC_004668.gbk
543 68.8 1211683 1212024 genome.dna 1350970 1351309 NC_004668.gbk
404 36.3 1221233 1222429 genome.dna 3010083 3009009 NC_004668.gbk
493 31.0 1248508 1249548 genome.dna 1134764 1135730 NC_004668.gbk
928 48.9 1264025 1265131 genome.dna 367624 368752 NC_004668.gbk
798 33.9 1265611 1266930 genome.dna 220703 219347 NC_004668.gbk
994 45.7 1271755 1272822 genome.dna 827432 828464 NC_004668.gbk
1407 54.1 1272920 1274065 genome.dna 861621 862767 NC_004668.gbk
453 45.0 1278470 1278919 genome.dna 845039 845522 NC_004668.gbk
223 34.5 1280702 1281121 genome.dna 936152 936617 NC_004668.gbk
692 42.5 1285528 1284617 genome.dna 939153 940035 NC_004668.gbk
181 41.8 1285773 1285525 genome.dna 938923 939154 NC_004668.gbk
394 41.2 1289161 1289652 genome.dna 1136946 1136451 NC_004668.gbk
589 31.5 1299536 1300840 genome.dna 669196 670480 NC_004668.gbk
842 62.0 1301367 1301990 genome.dna 730830 730236 NC_004668.gbk
1616 58.4 1302154 1303428 genome.dna 1858864 1857610 NC_004668.gbk
324 53.4 1306200 1306472 genome.dna 1505185 1505461 NC_004668.gbk
1678 42.3 1312639 1314408 genome.dna 1683026 1681274 NC_004668.gbk
1170 33.7 1314401 1316176 genome.dna 1681275 1679490 NC_004668.gbk
236 43.0 1322693 1322445 genome.dna 1142063 1142333 NC_004668.gbk
555 49.4 1329655 1330212 genome.dna 1637503 1636990 NC_004668.gbk
196 33.0 1332403 1332732 genome.dna 2684113 2683798 NC_004668.gbk
478 37.7 1332732 1333337 genome.dna 2672741 2672144 NC_004668.gbk
582 44.0 1335658 1336302 genome.dna 209233 209884 NC_004668.gbk
893 41.5 1336525 1337487 genome.dna 1924363 1923421 NC_004668.gbk
471 30.5 1348853 1349839 genome.dna 3074314 3075289 NC_004668.gbk
316 34.8 1352428 1351949 genome.dna 1678556 1678061 NC_004668.gbk
1771 41.1 1356196 1353473 genome.dna 283277 285764 NC_004668.gbk
1694 50.1 1363499 1366138 genome.dna 6673 9175 NC_004668.gbk
310 30.4 1381068 1381829 genome.dna 418585 419389 NC_004668.gbk
1142 61.9 1381835 1382692 genome.dna 413202 414018 NC_004668.gbk
454 35.5 1426894 1426256 genome.dna 1723816 1723243 NC_004668.gbk
997 47.6 1427931 1426894 genome.dna 1724844 1723812 NC_004668.gbk
756 53.7 1428285 1428911 genome.dna 2463875 2463245 NC_004668.gbk
1283 45.3 1429248 1430537 genome.dna 1671725 1670444 NC_004668.gbk
712 42.8 1434853 1435731 genome.dna 1151048 1151921 NC_004668.gbk
578 37.8 1436929 1437642 genome.dna 1730130 1729416 NC_004668.gbk
320 30.7 1437843 1438295 genome.dna 1216395 1216854 NC_004668.gbk
720 30.6 1462930 1461608 genome.dna 3212084 3213482 NC_004668.gbk
173 30.8 1466738 1466361 genome.dna 2424739 2424379 NC_004668.gbk
329 36.1 1479078 1478437 genome.dna 2752196 2751536 NC_004668.gbk
1777 43.0 1483266 1480684 genome.dna 761592 764007 NC_004668.gbk
192 35.7 1490971 1490492 genome.dna 2332299 2331819 NC_004668.gbk
954 48.4 1492026 1490968 genome.dna 2335500 2334525 NC_004668.gbk
538 32.8 1501778 1500630 genome.dna 2920945 2919793 NC_004668.gbk
402 32.4 1502595 1501795 genome.dna 434220 434922 NC_004668.gbk
257 31.6 1506798 1506349 genome.dna 1538550 1538994 NC_004668.gbk
607 43.1 1515559 1514879 genome.dna 529821 530511 NC_004668.gbk
742 32.8 1518297 1515565 genome.dna 527257 529810 NC_004668.gbk
171 37.9 1519100 1518525 genome.dna 526640 527171 NC_004668.gbk
2687 61.8 1521264 1519120 genome.dna 524596 526627 NC_004668.gbk
1633 50.1 1522968 1521280 genome.dna 522904 524581 NC_004668.gbk
930 37.3 1528762 1530255 genome.dna 1552090 1550656 NC_004668.gbk
675 47.0 1533499 1534146 genome.dna 372354 372996 NC_004668.gbk
913 35.7 1547669 1549237 genome.dna 1983768 1982349 NC_004668.gbk
569 31.9 1549251 1550390 genome.dna 1982353 1981339 NC_004668.gbk
821 52.7 1563766 1563014 genome.dna 189446 188759 NC_004668.gbk
625 31.5 1571894 1570848 genome.dna 1040459 1039421 NC_004668.gbk
890 41.2 1573036 1572017 genome.dna 2688189 2687196 NC_004668.gbk
395 33.6 1576123 1576893 genome.dna 1375449 1376250 NC_004668.gbk
502 38.7 1576893 1577582 genome.dna 1376258 1376930 NC_004668.gbk
733 52.2 1599518 1600159 genome.dna 786739 787369 NC_004668.gbk
845 34.6 1603000 1604352 genome.dna 1862036 1860662 NC_004668.gbk
706 43.6 1635671 1634820 genome.dna 2107123 2106223 NC_004668.gbk
602 51.1 1636204 1635668 genome.dna 2108784 2108211 NC_004668.gbk
1344 68.1 1637078 1636206 genome.dna 2109663 2108796 NC_004668.gbk
2234 71.0 1638449 1639855 genome.dna 1013750 1015172 NC_004668.gbk
1502 47.9 1647128 1648552 genome.dna 1213414 1214848 NC_004668.gbk
1251 34.3 1732656 1729534 genome.dna 2624665 2621587 NC_004668.gbk
906 43.2 1735237 1734179 genome.dna 1186157 1187198 NC_004668.gbk
582 41.3 1763515 1764231 genome.dna 1286939 1287641 NC_004668.gbk
662 32.4 1768623 1769945 genome.dna 357684 358905 NC_004668.gbk
282 35.7 1851097 1851453 genome.dna 882406 882055 NC_004668.gbk
981 33.1 1853839 1851992 genome.dna 2272107 2270274 NC_004668.gbk
128 30.8 1924289 1923957 genome.dna 808863 809241 NC_004668.gbk
204 40.2 2005949 2005503 genome.dna 3049936 3049552 NC_004668.gbk
384 44.7 2009604 2010017 genome.dna 1576370 1575941 NC_004668.gbk
272 31.6 2013994 2014578 genome.dna 2965123 2965624 NC_004668.gbk
302 34.9 2014583 2015038 genome.dna 822257 821792 NC_004668.gbk
298 37.7 2016186 2015680 genome.dna 1648523 1648058 NC_004668.gbk
156 38.9 2040877 2041047 genome.dna 548690 548870 NC_004668.gbk
641 36.4 2041077 2042123 genome.dna 2987507 2986505 NC_004668.gbk
785 41.6 2042130 2043083 genome.dna 2763709 2762743 NC_004668.gbk
803 44.6 2043101 2044030 genome.dna 2761338 2760408 NC_004668.gbk
662 43.1 2044045 2044779 genome.dna 2760405 2759667 NC_004668.gbk
214 45.2 2044934 2045170 genome.dna 2986369 2986129 NC_004668.gbk
1331 48.9 2045253 2046494 genome.dna 268608 269847 NC_004668.gbk
402 38.1 2048443 2049102 genome.dna 2671936 2671297 NC_004668.gbk
608 38.0 2050132 2050929 genome.dna 898743 899514 NC_004668.gbk
2033 35.5 2070405 2066956 genome.dna 233148 236718 NC_004668.gbk
614 42.5 2071740 2072447 genome.dna 1627502 1626821 NC_004668.gbk
718 36.1 2091759 2090755 genome.dna 1594187 1593179 NC_004668.gbk
401 31.8 2097009 2097755 genome.dna 1126827 1127592 NC_004668.gbk
1444 40.2 2099496 2097796 genome.dna 1556995 1555321 NC_004668.gbk
1012 39.3 2112831 2114330 genome.dna 2315382 2313987 NC_004668.gbk
871 52.6 2114428 2115174 genome.dna 2319158 2318387 NC_004668.gbk
1299 47.3 2116495 2117718 genome.dna 2317090 2315854 NC_004668.gbk
1499 51.4 2121733 2120321 genome.dna 1010609 1012367 NC_004668.gbk
723 38.3 2122379 2123242 genome.dna 2519269 2518426 NC_004668.gbk
1879 46.1 2123556 2125457 genome.dna 2518264 2516383 NC_004668.gbk
412 35.2 2153926 2154558 genome.dna 2789746 2789113 NC_004668.gbk
1101 49.2 2158261 2157266 genome.dna 114543 115563 NC_004668.gbk
370 30.1 2175615 2174920 genome.dna 1078183 1078903 NC_004668.gbk
1454 48.0 2177036 2175615 genome.dna 1076718 1078191 NC_004668.gbk
749 44.9 2177765 2177046 genome.dna 1075944 1076706 NC_004668.gbk
699 39.2 2183367 2182216 genome.dna 196982 198149 NC_004668.gbk
632 33.7 2184700 2183675 genome.dna 169732 170740 NC_004668.gbk
295 41.1 2188157 2187750 genome.dna 1110610 1110235 NC_004668.gbk
1492 53.1 2192856 2194133 genome.dna 1687112 1685849 NC_004668.gbk
628 46.5 2216576 2217319 genome.dna 1662125 1661411 NC_004668.gbk
804 50.9 2218378 2219073 genome.dna 1103477 1104188 NC_004668.gbk
1245 58.7 2222606 2221689 genome.dna 839574 840486 NC_004668.gbk
783 38.4 2237016 2237987 genome.dna 3133655 3132587 NC_004668.gbk
792 48.8 2239913 2239125 genome.dna 268311 267558 NC_004668.gbk
324 32.3 2258625 2258122 genome.dna 2813151 2812662 NC_004668.gbk
780 30.5 2259590 2261206 genome.dna 2956908 2955264 NC_004668.gbk
601 32.8 2267632 2266640 genome.dna 2214959 2213987 NC_004668.gbk
386 34.6 2275290 2274685 genome.dna 2519569 2520196 NC_004668.gbk
477 32.6 2298807 2297113 genome.dna 2878737 2877117 NC_004668.gbk
499 30.3 2342538 2343356 genome.dna 1185339 1186119 NC_004668.gbk
909 41.0 2352527 2353639 genome.dna 419389 420493 NC_004668.gbk
690 35.0 2359305 2358133 genome.dna 2680079 2678888 NC_004668.gbk
807 36.8 2463282 2462086 genome.dna 214271 215405 NC_004668.gbk
599 34.5 2463567 2464547 genome.dna 68448 67461 NC_004668.gbk
309 35.2 2464656 2465162 genome.dna 38297 37787 NC_004668.gbk
2156 65.1 2470978 2472408 genome.dna 258774 260205 NC_004668.gbk
1332 55.3 2487322 2486231 genome.dna 3179790 3178674 NC_004668.gbk
373 35.4 2488039 2487452 genome.dna 232592 233159 NC_004668.gbk
1044 49.5 2489732 2488785 genome.dna 3035036 3034064 NC_004668.gbk
405 34.5 2490742 2489870 genome.dna 52617 53469 NC_004668.gbk
1180 50.9 2492889 2493971 genome.dna 2468286 2467212 NC_004668.gbk
503 38.7 2493971 2494816 genome.dna 2467220 2466386 NC_004668.gbk
957 34.4 2556170 2554698 genome.dna 744865 746332 NC_004668.gbk
521 31.2 2567649 2568662 genome.dna 169573 168559 NC_004668.gbk
664 35.3 2571743 2570592 genome.dna 1214872 1215922 NC_004668.gbk
625 49.0 2585970 2586605 genome.dna 1126006 1126654 NC_004668.gbk
885 38.2 2593132 2590532 genome.dna 1604675 1602596 NC_004668.gbk
960 55.4 2627092 2626058 genome.dna 878287 879244 NC_004668.gbk
1031 50.0 2628084 2627089 genome.dna 877229 878288 NC_004668.gbk
860 43.2 2629936 2629016 genome.dna 875226 876168 NC_004668.gbk
2526 49.5 2634501 2637176 genome.dna 864151 866698 NC_004668.gbk
603 50.3 2637907 2637311 genome.dna 2468882 2468297 NC_004668.gbk
775 44.8 2639766 2638855 genome.dna 1694361 1693464 NC_004668.gbk
241 33.3 2645457 2646263 genome.dna 2644250 2645006 NC_004668.gbk
150 30.0 2652833 2653480 genome.dna 3066016 3066562 NC_004668.gbk
379 45.1 2654386 2653967 genome.dna 3035648 3035210 NC_004668.gbk
1113 51.8 2654735 2655739 genome.dna 1902511 1901509 NC_004668.gbk
283 30.5 2685383 2684682 genome.dna 2396828 2396072 NC_004668.gbk
841 41.6 2697304 2698272 genome.dna 23087 24080 NC_004668.gbk
880 51.9 2698450 2699247 genome.dna 24114 24918 NC_004668.gbk
844 52.2 2699262 2700104 genome.dna 24940 25852 NC_004668.gbk
304 72.6 2702947 2702738 genome.dna 1343949 1343748 NC_004668.gbk
671 33.6 2704043 2704957 genome.dna 539369 540320 NC_004668.gbk
613 37.7 2704954 2705844 genome.dna 1995026 1995776 NC_004668.gbk
702 38.6 2706704 2707561 genome.dna 1995772 1996642 NC_004668.gbk
582 41.3 2712101 2712862 genome.dna 397239 398028 NC_004668.gbk
744 41.7 2714816 2715706 genome.dna 2156487 2155584 NC_004668.gbk
1436 50.3 2722186 2723580 genome.dna 699668 701060 NC_004668.gbk
1228 65.9 2724246 2725070 genome.dna 2538495 2537667 NC_004668.gbk
2174 56.2 2726216 2727934 genome.dna 2593064 2591348 NC_004668.gbk
878 36.1 2731236 2728849 genome.dna 1088948 1091372 NC_004668.gbk
769 47.0 2732234 2731251 genome.dna 1087894 1088941 NC_004668.gbk
472 61.0 2732903 2732547 genome.dna 881650 882010 NC_004668.gbk
179 53.7 2733144 2732947 genome.dna 881389 881590 NC_004668.gbk
559 48.5 2733782 2733240 genome.dna 880754 881276 NC_004668.gbk
1482 40.6 2735713 2733785 genome.dna 2741423 2739485 NC_004668.gbk
930 34.8 2737369 2735993 genome.dna 1074445 1073092 NC_004668.gbk
359 30.5 2738767 2737976 genome.dna 393793 394546 NC_004668.gbk
511 34.9 2746160 2745411 genome.dna 3068746 3068017 NC_004668.gbk
1373 54.7 2757088 2758194 genome.dna 1991899 1990774 NC_004668.gbk
1274 49.8 2765355 2764123 genome.dna 1360685 1361915 NC_004668.gbk
967 49.5 2765687 2766838 genome.dna 2565523 2564437 NC_004668.gbk
481 32.7 2766822 2767682 genome.dna 2564419 2563612 NC_004668.gbk
602 38.5 2767679 2768455 genome.dna 2563613 2562776 NC_004668.gbk
867 40.3 2768546 2769589 genome.dna 2562780 2561706 NC_004668.gbk
413 44.8 2777056 2776550 genome.dna 1037367 1037847 NC_004668.gbk
408 34.9 2793288 2792647 genome.dna 3009005 3008351 NC_004668.gbk
1151 38.4 2794931 2793456 genome.dna 964691 963167 NC_004668.gbk
402 32.0 2795320 2796189 genome.dna 2353801 2352952 NC_004668.gbk
1343 58.1 2809298 2808294 genome.dna 69293 70310 NC_004668.gbk
380 32.8 2809923 2809306 genome.dna 68666 69281 NC_004668.gbk
738 46.9 2811487 2810744 genome.dna 615338 616067 NC_004668.gbk
2067 52.5 2813755 2811956 genome.dna 1908844 1907074 NC_004668.gbk
258 34.3 2822402 2821764 genome.dna 493255 492700 NC_004668.gbk
379 34.3 2833872 2833114 genome.dna 2579290 2579920 NC_004668.gbk
651 32.6 2835515 2837245 genome.dna 2393712 2392020 NC_004668.gbk
527 34.3 2839971 2839006 genome.dna 2644044 2643129 NC_004668.gbk
1163 33.6 2854450 2852540 genome.dna 1527134 1529030 NC_004668.gbk
749 34.4 2864092 2865492 genome.dna 2293309 2291956 NC_004668.gbk
404 33.6 2869134 2868487 genome.dna 2351525 2352152 NC_004668.gbk
476 52.3 2890358 2889900 genome.dna 575150 575549 NC_004668.gbk
806 45.0 2891958 2891200 genome.dna 2959232 2958476 NC_004668.gbk
753 40.3 2892962 2891955 genome.dna 2960194 2959228 NC_004668.gbk
910 42.5 2893911 2892949 genome.dna 2961138 2960190 NC_004668.gbk
680 37.7 2894873 2893923 genome.dna 2958438 2957484 NC_004668.gbk
457 33.8 2900715 2899810 genome.dna 3202668 3201798 NC_004668.gbk
258 31.0 2901220 2900693 genome.dna 3205891 3205354 NC_004668.gbk
1769 55.4 2902776 2901247 genome.dna 3207296 3205883 NC_004668.gbk
984 56.2 2903705 2902830 genome.dna 3208306 3207418 NC_004668.gbk
269 43.3 2903995 2903705 genome.dna 3208602 3208293 NC_004668.gbk
462 36.3 2905083 2904019 genome.dna 3209618 3208607 NC_004668.gbk
554 43.3 2926492 2925815 genome.dna 1501448 1502129 NC_004668.gbk
2978 59.5 2932697 2934979 genome.dna 1570915 1568668 NC_004668.gbk
752 45.6 2966712 2967509 genome.dna 1568592 1567827 NC_004668.gbk
1622 48.6 2969171 2967603 genome.dna 3149191 3147637 NC_004668.gbk
1076 43.8 2970291 2969182 genome.dna 3150286 3149191 NC_004668.gbk
1405 52.3 2975613 2974318 genome.dna 3172905 3174177 NC_004668.gbk
957 38.5 2977060 2975717 genome.dna 1916383 1917661 NC_004668.gbk
734 38.6 2982496 2983455 genome.dna 1308370 1309285 NC_004668.gbk
1008 34.4 2983684 2985450 genome.dna 1981335 1979601 NC_004668.gbk
338 71.4 2988043 2988261 genome.dna 210094 210313 NC_004668.gbk
190 37.5 3002657 3002334 genome.dna 219215 218903 NC_004668.gbk
566 39.8 3016080 3015361 genome.dna 1149199 1148464 NC_004668.gbk
680 54.1 3019705 3020373 genome.dna 172209 172872 NC_004668.gbk
1015 47.8 3024334 3023318 genome.dna 2003348 2002277 NC_004668.gbk
421 39.5 3046334 3045672 genome.dna 3142687 3142126 NC_004668.gbk
816 39.7 3054591 3053503 genome.dna 860374 861463 NC_004668.gbk
442 30.6 3065575 3066420 genome.dna 1684529 1683635 NC_004668.gbk
1178 41.3 3068393 3066702 genome.dna 648024 649443 NC_004668.gbk
435 31.5 3069350 3068412 genome.dna 647093 648020 NC_004668.gbk
366 35.4 3072423 3072995 genome.dna 272435 272996 NC_004668.gbk
765 40.1 3132141 3129835 genome.dna 1205200 1207351 NC_004668.gbk
729 43.3 3148240 3147401 genome.dna 184578 185379 NC_004668.gbk
740 40.5 3149284 3148253 genome.dna 186382 187387 NC_004668.gbk
749 39.4 3150266 3149277 genome.dna 185375 186386 NC_004668.gbk
493 38.4 3154559 3153852 genome.dna 1850446 1849759 NC_004668.gbk
416 45.3 3155863 3155369 genome.dna 1372063 1372573 NC_004668.gbk
671 34.1 3157424 3156435 genome.dna 1372569 1373544 NC_004668.gbk
458 30.7 3157972 3158883 genome.dna 726439 727435 NC_004668.gbk
2552 58.5 3161386 3159374 genome.dna 719487 721485 NC_004668.gbk
438 34.1 3169188 3169883 genome.dna 3067450 3066766 NC_004668.gbk
561 30.1 3178804 3180039 genome.dna 1370058 1371231 NC_004668.gbk
823 59.8 3180901 3181500 genome.dna 606678 607275 NC_004668.gbk
265 33.0 3228583 3228035 genome.dna 3020208 3019629 NC_004668.gbk
747 38.9 3230474 3228642 genome.dna 1384488 1386285 NC_004668.gbk
73 31.4 3259770 3259507 genome.dna 301510 301813 NC_004668.gbk
61 35.6 3261941 3261771 genome.dna 1017955 1017790 NC_004668.gbk
868 40.6 3290769 3289561 genome.dna 1993682 1992536 NC_004668.gbk
4660 58.6 3303128 3306640 genome.dna 2066372 2062682 NC_004668.gbk
997 49.7 3310237 3309242 genome.dna 2985833 2984825 NC_004668.gbk
1684 46.1 3364676 3363084 genome.dna 19001 17369 NC_004668.gbk
1553 50.6 3366849 3368273 genome.dna 2126109 2124642 NC_004668.gbk
1676 47.7 3368339 3370030 genome.dna 1319215 1320841 NC_004668.gbk
896 36.1 3382301 3380952 genome.dna 1366034 1367288 NC_004668.gbk
1718 60.6 3389494 3390708 genome.dna 1281963 1283181 NC_004668.gbk
1005 41.7 3395711 3396913 genome.dna 1920357 1919169 NC_004668.gbk
636 39.2 3409858 3408341 genome.dna 1726285 1724845 NC_004668.gbk
736 43.3 3413548 3412631 genome.dna 2756061 2755194 NC_004668.gbk
399 33.2 3416479 3415469 genome.dna 1149947 1151015 NC_004668.gbk
224 34.8 3427528 3426443 genome.dna 1516444 1517611 NC_004668.gbk
479 31.0 3496046 3494928 genome.dna 2657050 2655847 NC_004668.gbk
885 47.7 3516455 3517318 genome.dna 936720 937566 NC_004668.gbk
1185 43.6 3519048 3517663 genome.dna 48234 49647 NC_004668.gbk
590 58.9 3521609 3522118 genome.dna 1731887 1731398 NC_004668.gbk
484 30.1 3522115 3523185 genome.dna 1731406 1730281 NC_004668.gbk
990 55.9 3527868 3527053 genome.dna 1702473 1701714 NC_004668.gbk
347 44.5 3537011 3536586 genome.dna 423246 423648 NC_004668.gbk
834 38.2 3540580 3539417 genome.dna 1040678 1041842 NC_004668.gbk
870 36.8 3548305 3549609 genome.dna 1315826 1314482 NC_004668.gbk
652 36.2 3549622 3550470 genome.dna 1314479 1313615 NC_004668.gbk
297 33.1 3571239 3571790 genome.dna 2953937 2953379 NC_004668.gbk
625 32.5 3573115 3574479 genome.dna 3155094 3153846 NC_004668.gbk
268 36.6 3576568 3576161 genome.dna 932499 932952 NC_004668.gbk
669 41.6 3577570 3576767 genome.dna 2681503 2680672 NC_004668.gbk
376 31.5 3578361 3577567 genome.dna 2682950 2682131 NC_004668.gbk
1829 52.2 3590632 3589055 genome.dna 165927 164364 NC_004668.gbk
1796 56.7 3592205 3590739 genome.dna 3175870 3174388 NC_004668.gbk
1077 40.5 3592378 3593766 genome.dna 937575 938922 NC_004668.gbk
453 38.6 3599984 3598497 genome.dna 1503627 1504938 NC_004668.gbk
1188 42.2 3603229 3601955 genome.dna 1910163 1908861 NC_004668.gbk
816 38.3 3607701 3606505 genome.dna 1968132 1967058 NC_004668.gbk
351 41.5 3608433 3608005 genome.dna 997661 998063 NC_004668.gbk
931 35.6 3608793 3610373 genome.dna 28532 30101 NC_004668.gbk
765 31.3 3610387 3611748 genome.dna 1390128 1391523 NC_004668.gbk
1597 60.3 3635387 3634134 genome.dna 2465245 2464006 NC_004668.gbk
436 40.6 3651787 3651263 genome.dna 2119937 2119415 NC_004668.gbk
975 50.5 3653449 3652523 genome.dna 427623 428526 NC_004668.gbk
188 31.7 3680225 3679845 genome.dna 807349 807703 NC_004668.gbk
799 41.3 3682691 3681786 genome.dna 2331421 2330518 NC_004668.gbk
472 36.4 3683368 3682688 genome.dna 2974769 2974076 NC_004668.gbk
2391 58.1 3686442 3684643 genome.dna 2276537 2274701 NC_004668.gbk
870 58.4 3694571 3695257 genome.dna 912501 913182 NC_004668.gbk
490 37.1 3698228 3696813 genome.dna 45975 47433 NC_004668.gbk
341 30.7 3711660 3710149 genome.dna 1896762 1895400 NC_004668.gbk
648 45.3 3711890 3712588 genome.dna 2610795 2610099 NC_004668.gbk
759 45.3 3732844 3733638 genome.dna 1806302 1805474 NC_004668.gbk
757 42.0 3733793 3734647 genome.dna 1805460 1804611 NC_004668.gbk
417 50.0 3734665 3735045 genome.dna 1804599 1804203 NC_004668.gbk
1251 67.6 3735878 3735108 genome.dna 3079135 3078364 NC_004668.gbk
1463 75.9 3736813 3735875 genome.dna 3080063 3079127 NC_004668.gbk
593 49.4 3738313 3737777 genome.dna 241351 241897 NC_004668.gbk
175 30.6 3744803 3745042 genome.dna 441727 441502 NC_004668.gbk
246 38.4 3745052 3745459 genome.dna 441501 441123 NC_004668.gbk
2330 51.4 3745456 3747603 genome.dna 441143 438983 NC_004668.gbk
1108 53.1 3747628 3748590 genome.dna 438783 437817 NC_004668.gbk
3025 53.9 3762599 3760023 genome.dna 2281148 2278541 NC_004668.gbk
419 55.4 3773009 3772662 genome.dna 1843400 1843052 NC_004668.gbk
764 45.5 3773827 3773072 genome.dna 1844284 1843543 NC_004668.gbk
223 30.6 3774414 3773866 genome.dna 1844798 1844273 NC_004668.gbk
229 50.0 3774681 3774433 genome.dna 1643621 1643345 NC_004668.gbk
1460 49.3 3776200 3774839 genome.dna 1647632 1646213 NC_004668.gbk
373 41.7 3777786 3777271 genome.dna 1149741 1149282 NC_004668.gbk
2090 45.6 3784972 3782345 genome.dna 1355992 1358635 NC_004668.gbk
1356 59.2 3786717 3785644 genome.dna 3045517 3044470 NC_004668.gbk
1209 45.2 3882715 3881462 genome.dna 41129 39875 NC_004668.gbk
842 40.3 3889382 3888324 genome.dna 2666172 2665053 NC_004668.gbk
680 33.3 3911288 3910026 genome.dna 2871448 2870224 NC_004668.gbk
1154 43.2 3912529 3911285 genome.dna 2867503 2866294 NC_004668.gbk
565 32.0 3918901 3920391 genome.dna 682073 683543 NC_004668.gbk
1230 50.6 3921930 3923132 genome.dna 2552072 2553281 NC_004668.gbk
903 38.1 3928680 3929900 genome.dna 1536036 1534845 NC_004668.gbk
316 30.0 3930070 3930801 genome.dna 2435871 2436579 NC_004668.gbk
612 41.3 3953386 3954039 genome.dna 2002259 2001578 NC_004668.gbk
667 40.7 3954101 3954916 genome.dna 2001559 2000725 NC_004668.gbk
1744 46.9 3956293 3958011 genome.dna 2307653 2305934 NC_004668.gbk
579 53.8 3963052 3962555 genome.dna 45449 45923 NC_004668.gbk
1007 63.3 3966155 3966877 genome.dna 858730 858007 NC_004668.gbk
427 36.2 3989266 3990012 genome.dna 76735 77629 NC_004668.gbk
1581 59.1 3991591 3990452 genome.dna 398251 399364 NC_004668.gbk
433 32.3 3996022 3996702 genome.dna 114029 113348 NC_004668.gbk
1786 65.1 4001743 4000448 genome.dna 1899254 1897955 NC_004668.gbk
1847 53.6 4003479 4001842 genome.dna 1116052 1117663 NC_004668.gbk
1757 38.6 4007080 4004843 genome.dna 1913204 1910990 NC_004668.gbk
1314 54.1 4012636 4011491 genome.dna 2559450 2558301 NC_004668.gbk
599 36.8 4013697 4012813 genome.dna 2765776 2764885 NC_004668.gbk
1922 43.9 4027241 4025196 genome.dna 679156 681187 NC_004668.gbk
586 37.8 4036522 4035704 genome.dna 2358166 2358997 NC_004668.gbk
332 39.6 4037132 4037767 genome.dna 1595691 1596345 NC_004668.gbk
320 40.4 4059399 4059037 genome.dna 2690989 2690638 NC_004668.gbk
264 36.4 4059979 4059527 genome.dna 12714 13167 NC_004668.gbk
224 51.4 4060248 4060021 genome.dna 10288 10528 NC_004668.gbk
497 34.6 4068636 4067902 genome.dna 50031 50880 NC_004668.gbk
1345 35.0 4071195 4068739 genome.dna 2533707 2531337 NC_004668.gbk
451 32.8 4077711 4078532 genome.dna 925273 924457 NC_004668.gbk
618 31.5 4080027 4081166 genome.dna 1271416 1272601 NC_004668.gbk
157 31.8 4086876 4086421 genome.dna 652146 651714 NC_004668.gbk
809 36.6 4097614 4096277 genome.dna 976064 977342 NC_004668.gbk
366 31.5 4102382 4101120 genome.dna 1459670 1460963 NC_004668.gbk
1228 43.6 4114440 4115846 genome.dna 13439 14807 NC_004668.gbk
589 33.9 4115888 4116970 genome.dna 807732 808848 NC_004668.gbk
3659 58.0 4139901 4137067 genome.dna 721602 724422 NC_004668.gbk
277 32.4 4140147 4140710 genome.dna 9696 10263 NC_004668.gbk
166 35.0 4213549 4213875 genome.dna 328784 329096 NC_004668.gbk
212 40.6 4215997 4216284 genome.dna 2838365 2838065 NC_004668.gbk
1451 53.1 4216300 4217559 genome.dna 2838051 2836683 NC_004668.gbk
471 35.8 4217612 4218277 genome.dna 3186969 3186291 NC_004668.gbk
1206 43.9 4231793 4230366 genome.dna 1330756 1332163 NC_004668.gbk
870 36.0 4233904 4232027 genome.dna 1329129 1330749 NC_004668.gbk
394 38.3 4250722 4251348 genome.dna 844260 844860 NC_004668.gbk
207 33.1 4252799 4252404 genome.dna 3090226 3089809 NC_004668.gbk
896 47.6 4255592 4252890 genome.dna 1711651 1709113 NC_004668.gbk
1142 50.5 4258960 4257809 genome.dna 955492 956725 NC_004668.gbk
680 32.2 4260285 4259029 genome.dna 954143 955466 NC_004668.gbk
405 31.2 4264711 4263620 genome.dna 951745 952837 NC_004668.gbk
425 32.8 4265910 4264708 genome.dna 2377313 2376104 NC_004668.gbk
621 32.8 4267226 4265910 genome.dna 950370 951741 NC_004668.gbk
461 40.1 4268312 4267230 genome.dna 949382 950348 NC_004668.gbk
840 43.6 4274186 4273242 genome.dna 945744 946704 NC_004668.gbk
299 35.5 4274647 4274189 genome.dna 945301 945733 NC_004668.gbk
481 32.2 4319027 4319845 genome.dna 900113 901001 NC_004668.gbk
355 38.8 4323873 4323391 genome.dna 1530012 1530507 NC_004668.gbk
2712 49.0 4330684 4327460 genome.dna 1667131 1663948 NC_004668.gbk
450 45.7 4331847 4330699 genome.dna 1668210 1667130 NC_004668.gbk
2628 43.6 4338181 4335368 genome.dna 960335 963116 NC_004668.gbk
470 31.3 4339154 4338213 genome.dna 1261058 1262015 NC_004668.gbk
175 44.3 4339580 4339843 genome.dna 2361720 2361972 NC_004668.gbk
915 49.4 4343498 4342359 genome.dna 1276644 1277814 NC_004668.gbk
1936 55.2 4345514 4343607 genome.dna 1274523 1276353 NC_004668.gbk
494 42.7 4373604 4372945 genome.dna 190918 190237 NC_004668.gbk
804 44.1 4379941 4378778 genome.dna 1901383 1900189 NC_004668.gbk
1601 63.5 4388480 4389631 genome.dna 743508 744693 NC_004668.gbk
203 30.3 4391555 4392289 genome.dna 1914171 1913418 NC_004668.gbk
1355 47.5 4398393 4397095 genome.dna 15043 16336 NC_004668.gbk
884 41.2 4402445 4401165 genome.dna 2069882 2068640 NC_004668.gbk
550 35.6 4403893 4402952 genome.dna 2070815 2069885 NC_004668.gbk
229 33.1 4408042 4407560 genome.dna 914477 914957 NC_004668.gbk
744 55.1 4413698 4413135 genome.dna 2648728 2648164 NC_004668.gbk
508 33.7 4419630 4418704 genome.dna 2778586 2779549 NC_004668.gbk
399 32.1 4429982 4429287 genome.dna 785252 785933 NC_004668.gbk
517 36.0 4435653 4436702 genome.dna 2994659 2993765 NC_004668.gbk
421 42.1 4477982 4478530 genome.dna 2796444 2795952 NC_004668.gbk
232 32.0 4479596 4478769 genome.dna 1513415 1514282 NC_004668.gbk
775 38.9 4482986 4483933 genome.dna 3000138 2999196 NC_004668.gbk
472 32.1 4484001 4485290 genome.dna 2999191 2997811 NC_004668.gbk
288 40.9 4486815 4487225 genome.dna 3024140 3024590 NC_004668.gbk
187 48.0 4488068 4487676 genome.dna 212356 212740 NC_004668.gbk
866 45.4 4489098 4488109 genome.dna 211344 212283 NC_004668.gbk
556 44.5 4489744 4489124 genome.dna 2941387 2941999 NC_004668.gbk
560 59.7 4490164 4489775 genome.dna 210874 211264 NC_004668.gbk
464 56.9 4490537 4490181 genome.dna 210481 210847 NC_004668.gbk
189 65.8 4490800 4490684 genome.dna 210345 210462 NC_004668.gbk
1016 40.1 4492165 4490834 genome.dna 207848 209147 NC_004668.gbk
428 48.6 4492607 4492173 genome.dna 207407 207848 NC_004668.gbk
157 45.5 4492790 4492611 genome.dna 207180 207360 NC_004668.gbk
609 54.8 4493297 4492797 genome.dna 206665 207166 NC_004668.gbk
317 49.2 4493665 4493312 genome.dna 206288 206645 NC_004668.gbk
587 48.6 4494208 4493675 genome.dna 205591 206128 NC_004668.gbk
424 51.1 4494614 4494222 genome.dna 205161 205560 NC_004668.gbk
228 49.5 4494953 4494648 genome.dna 548406 548676 NC_004668.gbk
776 59.2 4495506 4494967 genome.dna 204382 204922 NC_004668.gbk
289 49.0 4495835 4495521 genome.dna 204045 204357 NC_004668.gbk
505 63.4 4496217 4495846 genome.dna 203641 204010 NC_004668.gbk
275 50.6 4496635 4496381 genome.dna 203317 203584 NC_004668.gbk
169 45.9 4496826 4496635 genome.dna 203105 203294 NC_004668.gbk
476 53.3 4497236 4496826 genome.dna 202681 203116 NC_004668.gbk
832 57.5 4497950 4497249 genome.dna 202022 202679 NC_004668.gbk
364 57.0 4498300 4497968 genome.dna 201608 201956 NC_004668.gbk
438 67.4 4498593 4498315 genome.dna 201308 201587 NC_004668.gbk
1095 59.1 4499431 4498610 genome.dna 200435 201266 NC_004668.gbk
164 38.6 4499751 4499449 genome.dna 200105 200396 NC_004668.gbk
509 41.9 4500353 4499748 genome.dna 199482 200106 NC_004668.gbk
640 49.8 4500993 4500364 genome.dna 198827 199457 NC_004668.gbk
443 62.7 4501337 4501026 genome.dna 198497 198806 NC_004668.gbk
2430 59.5 4505956 4503842 genome.dna 192285 194367 NC_004668.gbk
607 53.8 4506523 4506053 genome.dna 191731 192202 NC_004668.gbk
536 70.1 4506994 4506620 genome.dna 191262 191676 NC_004668.gbk
576 38.9 4508912 4508190 genome.dna 100853 100172 NC_004668.gbk
446 36.2 4514856 4514044 genome.dna 956741 957419 NC_004668.gbk
337 50.0 4518446 4518081 genome.dna 2680223 2680580 NC_004668.gbk
1042 48.5 4557783 4556779 genome.dna 2590295 2591306 NC_004668.gbk
664 47.2 4559154 4558477 genome.dna 2993742 2993088 NC_004668.gbk
746 37.6 4562421 4561336 genome.dna 1515366 1516443 NC_004668.gbk
328 36.9 4562994 4562473 genome.dna 1520051 1520558 NC_004668.gbk
540 37.1 4579442 4578723 genome.dna 1648685 1649396 NC_004668.gbk
2005 47.9 4597892 4600225 genome.dna 1278884 1281077 NC_004668.gbk
1030 53.2 4602698 4603534 genome.dna 2185863 2185032 NC_004668.gbk
193 30.4 4609268 4607523 genome.dna 2846028 2844612 NC_004668.gbk
171 30.0 4621561 4621244 genome.dna 2864464 2864149 NC_004668.gbk
875 30.2 4640126 4641844 genome.dna 3070496 3068726 NC_004668.gbk
1365 44.2 4664050 4662224 genome.dna 2379618 2377848 NC_004668.gbk
1613 39.2 4672431 4670269 genome.dna 676772 679031 NC_004668.gbk
783 32.9 4690836 4689472 genome.dna 2284785 2283489 NC_004668.gbk
379 30.7 4695646 4694897 genome.dna 1143751 1144498 NC_004668.gbk
696 44.9 4702353 4701286 genome.dna 2108187 2107158 NC_004668.gbk
1241 52.7 4704862 4703738 genome.dna 2795936 2794787 NC_004668.gbk
1431 52.3 4708658 4707399 genome.dna 1140671 1141964 NC_004668.gbk
341 48.0 4709479 4709153 genome.dna 1384009 1384324 NC_004668.gbk
416 33.0 4730969 4730043 genome.dna 1737225 1736205 NC_004668.gbk
1076 44.6 4766891 4765731 genome.dna 274323 275460 NC_004668.gbk
1384 34.8 4770998 4773196 genome.dna 3003083 3000650 NC_004668.gbk
562 47.7 4775884 4776414 genome.dna 1600042 1599493 NC_004668.gbk
915 48.7 4776424 4777755 genome.dna 1599479 1598075 NC_004668.gbk
246 35.9 4780345 4781184 genome.dna 1869351 1868646 NC_004668.gbk
1967 57.9 4781238 4782749 genome.dna 1872729 1871223 NC_004668.gbk
613 40.6 4786326 4787093 genome.dna 1900141 1899385 NC_004668.gbk
1030 45.2 4788410 4787304 genome.dna 692064 693078 NC_004668.gbk
180 31.9 4798346 4797948 genome.dna 2045100 2045460 NC_004668.gbk
180 31.9 4804978 4804580 genome.dna 2045100 2045460 NC_004668.gbk
622 43.2 4812444 4811680 genome.dna 1025736 1024926 NC_004668.gbk
1060 49.8 4825789 4824827 genome.dna 1009582 1010545 NC_004668.gbk
601 42.8 4829201 4829899 genome.dna 1159769 1160474 NC_004668.gbk
419 48.7 4834867 4834403 genome.dna 2578004 2577497 NC_004668.gbk
648 42.6 4867996 4867325 genome.dna 1707830 1707143 NC_004668.gbk
994 40.5 4869411 4868002 genome.dna 2969623 2968294 NC_004668.gbk
301 32.6 4869761 4870336 genome.dna 2370633 2370078 NC_004668.gbk
1234 36.3 4872230 4874593 genome.dna 1378052 1380155 NC_004668.gbk
1560 52.3 4932696 4934039 genome.dna 1174067 1172741 NC_004668.gbk
435 33.8 4936111 4935389 genome.dna 1175745 1176438 NC_004668.gbk
1946 58.7 4946843 4945446 genome.dna 977425 978820 NC_004668.gbk
1946 58.7 4946843 4945446 genome.dna 977425 978820 NC_004668.gbk
311 49.5 4948499 4948188 genome.dna 975329 975656 NC_004668.gbk
350 32.5 4956801 4956184 genome.dna 394706 395354 NC_004668.gbk
350 32.5 4956801 4956184 genome.dna 394706 395354 NC_004668.gbk
596 33.1 4961520 4960612 genome.dna 2982892 2981968 NC_004668.gbk
668 34.1 4962494 4961517 genome.dna 2983882 2982919 NC_004668.gbk
600 36.0 4964420 4963467 genome.dna 2504930 2505905 NC_004668.gbk
869 50.6 4969043 4968228 genome.dna 1112081 1111268 NC_004668.gbk
2059 60.4 4974416 4972974 genome.dna 276927 275496 NC_004668.gbk
2059 60.4 4974416 4972974 genome.dna 276927 275496 NC_004668.gbk
2059 60.4 4974416 4972974 genome.dna 276927 275496 NC_004668.gbk
232 37.5 4974776 4974429 genome.dna 975678 975999 NC_004668.gbk
1055 42.7 4976079 4974766 genome.dna 1486151 1487450 NC_004668.gbk
1969 44.7 4981440 4979023 genome.dna 4689 6618 NC_004668.gbk
1142 42.7 4985096 4983699 genome.dna 58 1402 NC_004668.gbk
186 65.1 4985770 4985910 genome.dna 3217567 3217432 NC_004668.gbk
881 36.0 4988276 4989640 genome.dna 3195591 3194193 NC_004668.gbk
757 31.0 5001994 5003496 genome.dna 1759473 1758063 NC_004668.gbk
1184 41.7 5010680 5009268 genome.dna 2816678 2815364 NC_004668.gbk
322 34.5 5015940 5016497 genome.dna 2435658 2435106 NC_004668.gbk
391 30.6 5017538 5016804 genome.dna 1701700 1701022 NC_004668.gbk
430 30.3 5019301 5018414 genome.dna 1704194 1703309 NC_004668.gbk
860 35.0 5026700 5027902 genome.dna 2294525 2293325 NC_004668.gbk
1477 40.3 5049054 5047222 genome.dna 2055235 2053426 NC_004668.gbk
1135 40.4 5050610 5049240 genome.dna 59601 60978 NC_004668.gbk
1999 66.3 5055348 5053966 genome.dna 2525789 2524382 NC_004668.gbk
544 36.1 5056259 5055396 genome.dna 2526771 2525862 NC_004668.gbk
1174 56.1 5057853 5056312 genome.dna 2528343 2526786 NC_004668.gbk
169 40.6 5059187 5058948 genome.dna 2529790 2529568 NC_004668.gbk
364 33.8 5061686 5061066 genome.dna 3182526 3181809 NC_004668.gbk
2002 48.9 5063659 5061770 genome.dna 3194174 3192275 NC_004668.gbk
