363 42.6 10521 10940 genome.dna 314262 313857 NC_002758.gbk
793 42.9 14538 15464 genome.dna 313830 312915 NC_002758.gbk
1266 38.4 25826 28615 genome.dna 1801188 1798557 NC_002758.gbk
369 34.2 29669 29034 genome.dna 1782449 1781858 NC_002758.gbk
687 37.4 36667 35258 genome.dna 1383556 1384897 NC_002758.gbk
2193 53.1 37037 38860 genome.dna 1162438 1164286 NC_002758.gbk
401 42.1 39698 40135 genome.dna 1742107 1741654 NC_002758.gbk
1110 38.2 47188 45107 genome.dna 1286400 1288461 NC_002758.gbk
504 40.2 50956 50333 genome.dna 1267421 1268045 NC_002758.gbk
703 40.1 93925 92960 genome.dna 973216 974176 NC_002758.gbk
554 43.0 97287 96724 genome.dna 1773437 1773998 NC_002758.gbk
470 37.9 104909 106057 genome.dna 2286509 2287616 NC_002758.gbk
779 53.6 110262 109636 genome.dna 1665101 1664501 NC_002758.gbk
1409 42.9 111626 113161 genome.dna 185149 186637 NC_002758.gbk
991 41.6 166824 165547 genome.dna 1268478 1269678 NC_002758.gbk
121 36.7 168129 168296 genome.dna 1410102 1410252 NC_002758.gbk
433 33.8 168516 169325 genome.dna 1798542 1797669 NC_002758.gbk
458 43.6 170854 170375 genome.dna 1178226 1178709 NC_002758.gbk
997 41.6 186786 187982 genome.dna 617885 619037 NC_002758.gbk
564 30.5 187993 189078 genome.dna 291310 292354 NC_002758.gbk
186 33.6 191679 192110 genome.dna 1648597 1648984 NC_002758.gbk
787 37.9 192775 193791 genome.dna 1588634 1587635 NC_002758.gbk
1673 43.9 199780 202044 genome.dna 403365 401136 NC_002758.gbk
595 37.5 217784 218788 genome.dna 209132 208100 NC_002758.gbk
357 30.8 218826 219599 genome.dna 206832 206067 NC_002758.gbk
1460 48.2 219661 221034 genome.dna 1003628 1002248 NC_002758.gbk
584 39.9 222967 223722 genome.dna 1586187 1585461 NC_002758.gbk
937 46.3 228573 229595 genome.dna 1777798 1776823 NC_002758.gbk
937 42.4 233849 232686 genome.dna 268387 267202 NC_002758.gbk
2054 75.3 250357 251541 genome.dna 615037 616222 NC_002758.gbk
504 41.4 252164 252709 genome.dna 599635 600184 NC_002758.gbk
602 67.4 252872 253300 genome.dna 600364 600787 NC_002758.gbk
773 52.0 253304 254008 genome.dna 600994 601687 NC_002758.gbk
334 34.4 254326 254823 genome.dna 601958 602459 NC_002758.gbk
418 57.6 254890 255255 genome.dna 602501 602870 NC_002758.gbk
2126 45.1 255584 259612 genome.dna 603867 607419 NC_002758.gbk
2466 45.5 259736 263959 genome.dna 607555 611179 NC_002758.gbk
802 37.6 275283 276347 genome.dna 1965175 1964137 NC_002758.gbk
859 39.8 280242 278956 genome.dna 1128044 1129184 NC_002758.gbk
872 47.0 281849 280260 genome.dna 1126433 1127915 NC_002758.gbk
766 45.5 293855 293088 genome.dna 2542107 2541327 NC_002758.gbk
1627 54.1 306633 305290 genome.dna 1644046 1642690 NC_002758.gbk
336 34.6 307112 306645 genome.dna 1644510 1644045 NC_002758.gbk
806 37.0 310630 309653 genome.dna 2496320 2497325 NC_002758.gbk
690 42.1 334964 334107 genome.dna 848302 849214 NC_002758.gbk
1092 43.1 345980 347242 genome.dna 2252123 2250863 NC_002758.gbk
543 57.7 352201 352629 genome.dna 2360248 2359810 NC_002758.gbk
465 52.3 352645 353037 genome.dna 2359791 2359398 NC_002758.gbk
954 57.3 355354 354581 genome.dna 140987 141764 NC_002758.gbk
746 33.5 357036 355618 genome.dna 519498 520962 NC_002758.gbk
2689 41.6 361542 357046 genome.dna 514981 519481 NC_002758.gbk
748 38.6 362158 363087 genome.dna 1898036 1898990 NC_002758.gbk
618 41.9 372605 373492 genome.dna 542272 543112 NC_002758.gbk
629 35.8 386934 386071 genome.dna 2253449 2252588 NC_002758.gbk
832 44.2 399153 398326 genome.dna 777504 778344 NC_002758.gbk
1019 38.4 413001 411592 genome.dna 2161515 2160030 NC_002758.gbk
681 31.3 414371 413001 genome.dna 219370 220825 NC_002758.gbk
540 32.1 417112 416177 genome.dna 2160034 2159074 NC_002758.gbk
348 41.3 424707 424243 genome.dna 2764624 2764087 NC_002758.gbk
2194 52.0 426927 424789 genome.dna 2766471 2764620 NC_002758.gbk
402 47.2 431880 431494 genome.dna 550155 550536 NC_002758.gbk
402 33.8 433394 432459 genome.dna 1256252 1257134 NC_002758.gbk
1341 60.8 435364 434357 genome.dna 1222206 1223208 NC_002758.gbk
1191 42.3 460910 458055 genome.dna 1773035 1770404 NC_002758.gbk
729 32.2 463248 461737 genome.dna 983619 985095 NC_002758.gbk
294 51.8 509102 508848 genome.dna 2536794 2536527 NC_002758.gbk
190 41.6 509350 509099 genome.dna 2537045 2536793 NC_002758.gbk
265 30.2 515161 515775 genome.dna 205813 205318 NC_002758.gbk
1019 45.5 518034 519071 genome.dna 2330814 2329812 NC_002758.gbk
1335 45.0 530287 528905 genome.dna 589875 591240 NC_002758.gbk
210 32.4 587151 587651 genome.dna 844423 844909 NC_002758.gbk
572 33.7 599597 601615 genome.dna 2382729 2380593 NC_002758.gbk
257 44.2 697176 697469 genome.dna 2150817 2150532 NC_002758.gbk
1990 57.3 697515 699164 genome.dna 2150457 2148840 NC_002758.gbk
883 42.1 755628 756641 genome.dna 2172049 2171023 NC_002758.gbk
510 30.4 761351 760380 genome.dna 1585460 1584500 NC_002758.gbk
308 41.7 761608 761919 genome.dna 1757470 1757161 NC_002758.gbk
274 54.2 761939 762196 genome.dna 1756839 1756539 NC_002758.gbk
424 46.5 766454 766933 genome.dna 1718136 1717659 NC_002758.gbk
220 37.9 767354 767061 genome.dna 1704811 1704520 NC_002758.gbk
1859 45.7 768185 770122 genome.dna 565133 567227 NC_002758.gbk
551 38.9 770241 771074 genome.dna 569662 570466 NC_002758.gbk
1235 46.3 771082 772419 genome.dna 2297013 2295657 NC_002758.gbk
289 34.7 777307 777729 genome.dna 1334869 1335337 NC_002758.gbk
301 42.1 782083 782481 genome.dna 1339659 1340010 NC_002758.gbk
557 36.6 782481 783425 genome.dna 1340178 1341096 NC_002758.gbk
322 53.9 783547 783816 genome.dna 1342196 1342466 NC_002758.gbk
2174 50.1 784066 786186 genome.dna 1342834 1344931 NC_002758.gbk
1077 41.4 795852 797180 genome.dna 2265188 2263847 NC_002758.gbk
920 44.0 797270 798493 genome.dna 153727 154906 NC_002758.gbk
764 52.3 798538 799257 genome.dna 150890 151598 NC_002758.gbk
203 32.4 803045 802602 genome.dna 2172506 2172041 NC_002758.gbk
560 35.3 805628 804636 genome.dna 674858 675797 NC_002758.gbk
437 31.0 808710 809492 genome.dna 2349340 2348635 NC_002758.gbk
1723 47.8 809514 811193 genome.dna 2351041 2349376 NC_002758.gbk
885 43.1 812975 814090 genome.dna 1653271 1652179 NC_002758.gbk
445 53.6 814149 814541 genome.dna 904266 904647 NC_002758.gbk
446 35.3 830229 830876 genome.dna 2311656 2310969 NC_002758.gbk
844 44.1 839867 840766 genome.dna 1613468 1612580 NC_002758.gbk
1655 51.6 844582 846099 genome.dna 571820 573308 NC_002758.gbk
867 32.7 856625 858271 genome.dna 700400 702443 NC_002758.gbk
449 50.3 927840 927358 genome.dna 867458 867923 NC_002758.gbk
953 32.7 931102 929441 genome.dna 1638529 1636849 NC_002758.gbk
369 32.6 932209 932796 genome.dna 1692522 1691895 NC_002758.gbk
663 39.1 933233 934465 genome.dna 1160210 1158857 NC_002758.gbk
114 35.1 934700 934497 genome.dna 1444642 1444453 NC_002758.gbk
502 31.4 949769 948918 genome.dna 1437335 1438187 NC_002758.gbk
287 34.0 957261 956803 genome.dna 2338152 2337636 NC_002758.gbk
457 40.7 994093 993584 genome.dna 1506481 1505980 NC_002758.gbk
1857 50.7 995970 994243 genome.dna 1137272 1138991 NC_002758.gbk
901 53.8 997695 996727 genome.dna 568514 569447 NC_002758.gbk
309 34.8 1067553 1068080 genome.dna 2671634 2672126 NC_002758.gbk
661 33.1 1087061 1085955 genome.dna 2011298 2010260 NC_002758.gbk
347 31.5 1099537 1100406 genome.dna 843576 844416 NC_002758.gbk
776 49.5 1100443 1101237 genome.dna 1510022 1509065 NC_002758.gbk
523 38.3 1134065 1134883 genome.dna 1736816 1736042 NC_002758.gbk
264 31.7 1138546 1138941 genome.dna 657776 658145 NC_002758.gbk
579 35.6 1154052 1153258 genome.dna 2028342 2027583 NC_002758.gbk
804 49.0 1154397 1155122 genome.dna 1321590 1322358 NC_002758.gbk
398 43.0 1155257 1156108 genome.dna 1322539 1323421 NC_002758.gbk
704 45.9 1156279 1157004 genome.dna 1323557 1324280 NC_002758.gbk
551 44.8 1157130 1157687 genome.dna 1324298 1324853 NC_002758.gbk
625 40.4 1159320 1160081 genome.dna 1325225 1325996 NC_002758.gbk
398 32.9 1160091 1160948 genome.dna 1326002 1326785 NC_002758.gbk
405 44.6 1166572 1167027 genome.dna 2229471 2229030 NC_002758.gbk
940 32.7 1169670 1173152 genome.dna 1822126 1818928 NC_002758.gbk
1082 54.2 1173165 1174124 genome.dna 1816198 1815253 NC_002758.gbk
1582 38.7 1180703 1178139 genome.dna 1367714 1370039 NC_002758.gbk
806 39.9 1203627 1202668 genome.dna 2316498 2315529 NC_002758.gbk
494 38.4 1205533 1204619 genome.dna 2318521 2317537 NC_002758.gbk
511 31.1 1248508 1249548 genome.dna 1592805 1593774 NC_002758.gbk
576 40.1 1260789 1261478 genome.dna 1609776 1609050 NC_002758.gbk
907 33.7 1265611 1266930 genome.dna 349806 348498 NC_002758.gbk
981 44.7 1271755 1272822 genome.dna 1752772 1751746 NC_002758.gbk
1439 58.6 1272920 1274065 genome.dna 1751724 1750584 NC_002758.gbk
397 40.7 1278470 1278919 genome.dna 1795625 1795154 NC_002758.gbk
505 32.4 1278982 1280091 genome.dna 1906180 1905136 NC_002758.gbk
468 56.5 1280201 1280677 genome.dna 1903229 1902827 NC_002758.gbk
247 33.9 1280702 1281121 genome.dna 1642254 1641864 NC_002758.gbk
617 41.6 1285528 1284617 genome.dna 1640310 1639428 NC_002758.gbk
530 31.6 1292157 1291267 genome.dna 1172526 1173441 NC_002758.gbk
615 43.5 1293119 1292505 genome.dna 1112059 1111453 NC_002758.gbk
2183 50.8 1295100 1293109 genome.dna 1114037 1112048 NC_002758.gbk
839 65.1 1301367 1301990 genome.dna 851824 852412 NC_002758.gbk
1565 59.8 1302154 1303428 genome.dna 1783865 1782602 NC_002758.gbk
365 60.7 1306200 1306472 genome.dna 1587465 1587192 NC_002758.gbk
856 57.1 1310544 1309849 genome.dna 785272 784603 NC_002758.gbk
985 39.6 1316909 1318201 genome.dna 2164047 2162796 NC_002758.gbk
246 43.0 1322693 1322445 genome.dna 2247094 2246839 NC_002758.gbk
301 39.8 1329039 1329440 genome.dna 184723 184339 NC_002758.gbk
536 45.9 1329655 1330212 genome.dna 1745254 1744735 NC_002758.gbk
248 36.9 1332403 1332732 genome.dna 528698 529016 NC_002758.gbk
542 42.5 1332732 1333337 genome.dna 529022 529619 NC_002758.gbk
639 46.5 1335658 1336302 genome.dna 2367704 2367056 NC_002758.gbk
272 31.8 1352428 1351949 genome.dna 769846 770329 NC_002758.gbk
1650 38.2 1356196 1353473 genome.dna 2702296 2704705 NC_002758.gbk
1662 49.8 1363499 1366138 genome.dna 7004 9674 NC_002758.gbk
1197 65.3 1381835 1382692 genome.dna 1095313 1096135 NC_002758.gbk
844 42.0 1425057 1426040 genome.dna 2863434 2864451 NC_002758.gbk
450 35.5 1426894 1426256 genome.dna 1125855 1126422 NC_002758.gbk
1117 50.0 1427931 1426894 genome.dna 1124824 1125853 NC_002758.gbk
723 51.7 1428285 1428911 genome.dna 2240524 2239894 NC_002758.gbk
1176 43.8 1429248 1430537 genome.dna 1254917 1256225 NC_002758.gbk
372 41.8 1433876 1433409 genome.dna 2004442 2003986 NC_002758.gbk
581 36.7 1434853 1435731 genome.dna 1478402 1479290 NC_002758.gbk
609 41.2 1436929 1437642 genome.dna 1119546 1120251 NC_002758.gbk
1268 51.2 1458435 1457257 genome.dna 399077 400259 NC_002758.gbk
591 35.9 1462930 1461608 genome.dna 2768031 2766660 NC_002758.gbk
276 67.2 1468125 1468334 genome.dna 895330 895531 NC_002758.gbk
970 51.6 1470427 1469462 genome.dna 968577 969495 NC_002758.gbk
600 33.5 1475506 1474394 genome.dna 1165911 1167033 NC_002758.gbk
284 31.2 1477924 1477454 genome.dna 33696 34176 NC_002758.gbk
240 33.7 1478243 1477926 genome.dna 1703374 1703020 NC_002758.gbk
1882 43.5 1483266 1480684 genome.dna 1896455 1894040 NC_002758.gbk
885 46.6 1492026 1490968 genome.dna 1682249 1681301 NC_002758.gbk
1118 39.6 1493774 1492350 genome.dna 1364688 1366233 NC_002758.gbk
537 30.5 1501778 1500630 genome.dna 774531 775713 NC_002758.gbk
1533 48.5 1502956 1504452 genome.dna 1848225 1846758 NC_002758.gbk
270 33.3 1506798 1506349 genome.dna 1613966 1613516 NC_002758.gbk
517 40.8 1515559 1514879 genome.dna 74169 73473 NC_002758.gbk
385 38.5 1519100 1518525 genome.dna 80845 81370 NC_002758.gbk
2054 54.1 1521264 1519120 genome.dna 2205212 2203184 NC_002758.gbk
1374 43.1 1522968 1521280 genome.dna 2206907 2205230 NC_002758.gbk
692 33.1 1528762 1530255 genome.dna 764518 765892 NC_002758.gbk
529 38.0 1531148 1531804 genome.dna 1717334 1716599 NC_002758.gbk
535 32.5 1531798 1532742 genome.dna 1716610 1715599 NC_002758.gbk
697 43.0 1532732 1533469 genome.dna 1713774 1713021 NC_002758.gbk
550 43.7 1533499 1534146 genome.dna 2857015 2857654 NC_002758.gbk
679 35.7 1536355 1535069 genome.dna 1808661 1807539 NC_002758.gbk
1742 40.2 1540513 1543320 genome.dna 1498373 1495598 NC_002758.gbk
923 43.3 1543336 1544562 genome.dna 1495562 1494293 NC_002758.gbk
1337 51.6 1544898 1546064 genome.dna 1307649 1308816 NC_002758.gbk
1244 65.1 1546064 1546936 genome.dna 1308837 1309746 NC_002758.gbk
785 41.4 1561588 1560626 genome.dna 2273566 2274544 NC_002758.gbk
762 47.3 1563766 1563014 genome.dna 2544785 2544098 NC_002758.gbk
445 35.3 1576893 1577582 genome.dna 2403856 2403184 NC_002758.gbk
638 33.0 1598229 1599338 genome.dna 2307185 2306120 NC_002758.gbk
692 50.5 1599518 1600159 genome.dna 1718787 1718163 NC_002758.gbk
421 30.3 1617930 1618712 genome.dna 137204 137984 NC_002758.gbk
2087 66.7 1638449 1639855 genome.dna 1628448 1627041 NC_002758.gbk
1484 52.8 1768623 1769945 genome.dna 2512677 2511399 NC_002758.gbk
1182 39.0 1800077 1801579 genome.dna 649644 651045 NC_002758.gbk
1568 55.1 1862075 1860786 genome.dna 1908999 1910292 NC_002758.gbk
1245 40.5 1993342 1994814 genome.dna 2760960 2759469 NC_002758.gbk
1843 51.6 1994834 1996513 genome.dna 2759209 2757499 NC_002758.gbk
157 30.6 2015203 2015631 genome.dna 1829115 1829616 NC_002758.gbk
653 35.1 2041077 2042123 genome.dna 1289240 1290227 NC_002758.gbk
802 39.6 2042130 2043083 genome.dna 1031457 1032399 NC_002758.gbk
723 39.4 2043101 2044030 genome.dna 1290219 1291146 NC_002758.gbk
828 55.0 2044045 2044779 genome.dna 1291132 1291873 NC_002758.gbk
277 64.3 2044934 2045170 genome.dna 1292307 1292541 NC_002758.gbk
1397 49.4 2045253 2046494 genome.dna 1032410 1033655 NC_002758.gbk
384 36.2 2048443 2049102 genome.dna 537748 538366 NC_002758.gbk
569 35.7 2050132 2050929 genome.dna 545400 546174 NC_002758.gbk
422 30.1 2059718 2061022 genome.dna 982280 983489 NC_002758.gbk
2199 36.8 2070405 2066956 genome.dna 555466 558973 NC_002758.gbk
332 31.5 2074702 2075532 genome.dna 2339968 2340700 NC_002758.gbk
933 53.6 2077218 2077982 genome.dna 312665 311903 NC_002758.gbk
388 46.3 2079241 2079792 genome.dna 1380320 1379843 NC_002758.gbk
1798 50.1 2096741 2095152 genome.dna 2447343 2445738 NC_002758.gbk
1697 43.6 2099496 2097796 genome.dna 1623442 1621792 NC_002758.gbk
1073 41.0 2112831 2114330 genome.dna 916065 917463 NC_002758.gbk
850 51.6 2114428 2115174 genome.dna 911938 912700 NC_002758.gbk
1252 45.1 2116495 2117718 genome.dna 914219 915461 NC_002758.gbk
1328 46.9 2121733 2120321 genome.dna 1812475 1810717 NC_002758.gbk
430 34.3 2153926 2154558 genome.dna 2025235 2024605 NC_002758.gbk
887 31.4 2179364 2177811 genome.dna 120692 122285 NC_002758.gbk
327 33.5 2181519 2182154 genome.dna 1905130 1904497 NC_002758.gbk
1379 47.7 2192856 2194133 genome.dna 1851772 1850509 NC_002758.gbk
2198 54.2 2198282 2200954 genome.dna 1425687 1428393 NC_002758.gbk
590 44.7 2216576 2217319 genome.dna 1262803 1263496 NC_002758.gbk
673 42.4 2239913 2239125 genome.dna 1060345 1061116 NC_002758.gbk
475 46.6 2258625 2258122 genome.dna 1832716 1832221 NC_002758.gbk
564 31.5 2267632 2266640 genome.dna 2666864 2667920 NC_002758.gbk
330 30.6 2275290 2274685 genome.dna 243242 242615 NC_002758.gbk
432 30.6 2306210 2305560 genome.dna 1980812 1980188 NC_002758.gbk
2568 49.9 2310451 2314227 genome.dna 2526929 2523239 NC_002758.gbk
2178 60.3 2314227 2315807 genome.dna 2523250 2521690 NC_002758.gbk
521 37.2 2316519 2317223 genome.dna 2521130 2520452 NC_002758.gbk
702 37.2 2322430 2321456 genome.dna 1550622 1549581 NC_002758.gbk
113 33.3 2324296 2324544 genome.dna 417924 418176 NC_002758.gbk
756 31.4 2336995 2338260 genome.dna 2750469 2749095 NC_002758.gbk
677 48.3 2351826 2352485 genome.dna 507589 508249 NC_002758.gbk
469 35.3 2378840 2379481 genome.dna 2518900 2518246 NC_002758.gbk
1087 44.0 2463282 2462086 genome.dna 2453875 2452753 NC_002758.gbk
536 33.4 2463567 2464547 genome.dna 370137 371139 NC_002758.gbk
1372 56.4 2487322 2486231 genome.dna 410218 411316 NC_002758.gbk
402 36.7 2488039 2487452 genome.dna 554894 555467 NC_002758.gbk
1034 50.3 2489732 2488785 genome.dna 552815 553781 NC_002758.gbk
382 30.6 2490742 2489870 genome.dna 548452 549301 NC_002758.gbk
829 34.8 2491599 2492855 genome.dna 1781642 1780295 NC_002758.gbk
1195 50.6 2492889 2493971 genome.dna 2245893 2244816 NC_002758.gbk
445 32.2 2493971 2494816 genome.dna 2244830 2243993 NC_002758.gbk
694 43.8 2546335 2547111 genome.dna 2608300 2607532 NC_002758.gbk
361 32.6 2552084 2552833 genome.dna 2614468 2613772 NC_002758.gbk
1820 59.6 2563367 2561970 genome.dna 1984768 1983382 NC_002758.gbk
582 45.2 2585970 2586605 genome.dna 1566892 1566232 NC_002758.gbk
1105 38.8 2593132 2590532 genome.dna 1313588 1315658 NC_002758.gbk
476 35.9 2597527 2596643 genome.dna 1610646 1609908 NC_002758.gbk
566 35.3 2605113 2606180 genome.dna 1450939 1451938 NC_002758.gbk
1331 50.1 2607572 2608762 genome.dna 1453346 1454561 NC_002758.gbk
1023 54.4 2628084 2627089 genome.dna 1036335 1037418 NC_002758.gbk
721 38.0 2629004 2628096 genome.dna 1044936 1045818 NC_002758.gbk
848 42.6 2629936 2629016 genome.dna 1034323 1035250 NC_002758.gbk
2455 48.8 2634501 2637176 genome.dna 164421 167031 NC_002758.gbk
795 45.2 2639766 2638855 genome.dna 2636557 2635690 NC_002758.gbk
346 42.9 2654386 2653967 genome.dna 1506921 1506492 NC_002758.gbk
1017 48.4 2654735 2655739 genome.dna 856879 857890 NC_002758.gbk
581 30.9 2704043 2704957 genome.dna 705919 704989 NC_002758.gbk
737 38.8 2706704 2707561 genome.dna 706752 705915 NC_002758.gbk
1418 48.8 2722186 2723580 genome.dna 425795 424406 NC_002758.gbk
1000 59.6 2724246 2725070 genome.dna 2057648 2056826 NC_002758.gbk
1283 39.1 2726216 2727934 genome.dna 2009125 2007388 NC_002758.gbk
1525 37.6 2731236 2728849 genome.dna 1191713 1194116 NC_002758.gbk
867 50.9 2732234 2731251 genome.dna 1190655 1191714 NC_002758.gbk
489 62.4 2732903 2732547 genome.dna 1787534 1787177 NC_002758.gbk
200 53.1 2733144 2732947 genome.dna 1787781 1787580 NC_002758.gbk
579 51.5 2733782 2733240 genome.dna 1788328 1787809 NC_002758.gbk
1837 42.6 2735713 2733785 genome.dna 1792421 1790483 NC_002758.gbk
439 32.4 2746160 2745411 genome.dna 306222 306963 NC_002758.gbk
1087 62.1 2755752 2754499 genome.dna 1807491 1806222 NC_002758.gbk
1373 55.6 2757088 2758194 genome.dna 1730927 1729808 NC_002758.gbk
1307 49.9 2765355 2764123 genome.dna 821704 820477 NC_002758.gbk
466 31.5 2766822 2767682 genome.dna 1154298 1155096 NC_002758.gbk
597 38.2 2767679 2768455 genome.dna 1155101 1155911 NC_002758.gbk
774 36.3 2768546 2769589 genome.dna 1155910 1156984 NC_002758.gbk
533 46.2 2770193 2769657 genome.dna 2690541 2690019 NC_002758.gbk
544 55.2 2777056 2776550 genome.dna 1838193 1838658 NC_002758.gbk
388 32.9 2788070 2787564 genome.dna 2033265 2033766 NC_002758.gbk
1197 38.1 2794931 2793456 genome.dna 1619130 1620615 NC_002758.gbk
1337 59.4 2809298 2808294 genome.dna 1753778 1752773 NC_002758.gbk
386 36.3 2809923 2809306 genome.dna 1754412 1753809 NC_002758.gbk
2105 52.7 2813755 2811956 genome.dna 1739043 1737276 NC_002758.gbk
740 37.9 2859653 2858643 genome.dna 2734007 2735072 NC_002758.gbk
723 35.9 2864092 2865492 genome.dna 1569188 1567895 NC_002758.gbk
423 35.2 2869134 2868487 genome.dna 1658328 1657704 NC_002758.gbk
846 47.6 2891958 2891200 genome.dna 813145 813907 NC_002758.gbk
732 35.3 2892962 2891955 genome.dna 812192 813149 NC_002758.gbk
903 40.1 2893911 2892949 genome.dna 811234 812206 NC_002758.gbk
509 31.8 2894873 2893923 genome.dna 814025 815054 NC_002758.gbk
515 38.0 2906057 2905173 genome.dna 1015980 1016883 NC_002758.gbk
849 33.0 2917289 2918617 genome.dna 2846087 2844836 NC_002758.gbk
406 41.0 2920770 2921360 genome.dna 2843264 2842685 NC_002758.gbk
716 39.5 2922086 2922862 genome.dna 2841992 2841233 NC_002758.gbk
545 43.2 2922856 2923488 genome.dna 2841237 2840604 NC_002758.gbk
471 38.7 2926492 2925815 genome.dna 1592729 1592069 NC_002758.gbk
3351 64.2 2932697 2934979 genome.dna 258829 261079 NC_002758.gbk
770 48.7 2966712 2967509 genome.dna 261101 261857 NC_002758.gbk
1364 50.6 2975613 2974318 genome.dna 12792 14079 NC_002758.gbk
892 36.9 2977060 2975717 genome.dna 1734607 1735882 NC_002758.gbk
726 41.6 2982496 2983455 genome.dna 846422 847358 NC_002758.gbk
361 70.8 2988043 2988261 genome.dna 2366864 2366645 NC_002758.gbk
685 30.8 2988414 2989868 genome.dna 581743 580360 NC_002758.gbk
566 38.1 3016080 3015361 genome.dna 423571 424327 NC_002758.gbk
671 53.4 3019705 3020373 genome.dna 2266090 2265427 NC_002758.gbk
671 52.6 3019705 3020373 genome.dna 153037 153700 NC_002758.gbk
913 44.6 3024334 3023318 genome.dna 907425 908451 NC_002758.gbk
1456 45.2 3063296 3061821 genome.dna 1408291 1406836 NC_002758.gbk
491 32.1 3065575 3066420 genome.dna 1668481 1667590 NC_002758.gbk
1422 43.2 3080104 3081720 genome.dna 234901 233308 NC_002758.gbk
477 37.0 3084419 3083724 genome.dna 1883492 1882796 NC_002758.gbk
818 45.4 3148240 3147401 genome.dna 721607 722405 NC_002758.gbk
906 44.1 3150266 3149277 genome.dna 127498 126502 NC_002758.gbk
778 39.8 3151270 3150263 genome.dna 128506 127513 NC_002758.gbk
270 32.3 3155124 3154672 genome.dna 2398554 2398107 NC_002758.gbk
445 50.6 3155863 3155369 genome.dna 2400371 2400866 NC_002758.gbk
348 41.3 3156400 3155882 genome.dna 2401374 2400867 NC_002758.gbk
571 34.6 3157424 3156435 genome.dna 2397243 2396220 NC_002758.gbk
2513 58.2 3161386 3159374 genome.dna 837129 839121 NC_002758.gbk
587 32.2 3166099 3165062 genome.dna 2555369 2554361 NC_002758.gbk
839 33.0 3166195 3167499 genome.dna 2556729 2555370 NC_002758.gbk
431 32.3 3169188 3169883 genome.dna 2684333 2683643 NC_002758.gbk
561 31.4 3178804 3180039 genome.dna 2400309 2399049 NC_002758.gbk
635 45.4 3180901 3181500 genome.dna 2153203 2153830 NC_002758.gbk
282 34.9 3228583 3228035 genome.dna 1354843 1355422 NC_002758.gbk
775 36.7 3230474 3228642 genome.dna 1201597 1203379 NC_002758.gbk
1697 52.5 3233243 3234655 genome.dna 1809008 1810370 NC_002758.gbk
864 37.8 3265816 3266967 genome.dna 996762 997890 NC_002758.gbk
906 45.7 3310237 3309242 genome.dna 1042000 1042987 NC_002758.gbk
1128 46.7 3314908 3313691 genome.dna 2262551 2261366 NC_002758.gbk
583 38.3 3344476 3343682 genome.dna 189773 190514 NC_002758.gbk
1600 44.3 3364676 3363084 genome.dna 1473479 1475081 NC_002758.gbk
293 31.8 3365704 3366279 genome.dna 388113 388659 NC_002758.gbk
1152 38.0 3366849 3368273 genome.dna 521791 523219 NC_002758.gbk
1959 53.5 3368339 3370030 genome.dna 523282 524923 NC_002758.gbk
1064 45.0 3395711 3396913 genome.dna 1831064 1829861 NC_002758.gbk
683 37.9 3402984 3403889 genome.dna 853557 852654 NC_002758.gbk
612 36.5 3409858 3408341 genome.dna 1123347 1124832 NC_002758.gbk
766 44.3 3413548 3412631 genome.dna 1817055 1816197 NC_002758.gbk
447 32.4 3415469 3414618 genome.dna 2361291 2360487 NC_002758.gbk
446 30.6 3416479 3415469 genome.dna 1477411 1478401 NC_002758.gbk
538 36.5 3425582 3424782 genome.dna 1833584 1832813 NC_002758.gbk
191 35.1 3427528 3426443 genome.dna 1583165 1581998 NC_002758.gbk
1643 50.5 3443783 3442200 genome.dna 2490621 2489085 NC_002758.gbk
654 30.6 3477877 3476636 genome.dna 2707715 2706560 NC_002758.gbk
631 38.6 3479267 3480127 genome.dna 1880387 1879538 NC_002758.gbk
780 36.7 3494931 3493498 genome.dna 974755 976213 NC_002758.gbk
475 30.2 3496046 3494928 genome.dna 976209 977424 NC_002758.gbk
503 30.0 3511745 3510762 genome.dna 778475 779459 NC_002758.gbk
796 43.5 3516455 3517318 genome.dna 1117749 1116888 NC_002758.gbk
276 33.5 3520193 3520687 genome.dna 995015 995609 NC_002758.gbk
530 50.3 3521609 3522118 genome.dna 1117949 1118432 NC_002758.gbk
954 53.8 3527868 3527053 genome.dna 1468390 1467538 NC_002758.gbk
265 37.7 3537011 3536586 genome.dna 901652 901229 NC_002758.gbk
638 30.3 3546973 3548205 genome.dna 245522 246794 NC_002758.gbk
1547 52.3 3548305 3549609 genome.dna 246796 248065 NC_002758.gbk
1000 49.8 3549622 3550470 genome.dna 248066 248906 NC_002758.gbk
902 53.5 3557692 3558888 genome.dna 584720 583505 NC_002758.gbk
601 31.7 3573115 3574479 genome.dna 1720055 1718786 NC_002758.gbk
496 34.2 3575248 3576147 genome.dna 2039184 2038236 NC_002758.gbk
677 42.1 3577570 3576767 genome.dna 2225790 2224959 NC_002758.gbk
567 41.9 3578361 3577567 genome.dna 2224976 2224184 NC_002758.gbk
1457 51.5 3590632 3589055 genome.dna 434466 436008 NC_002758.gbk
1694 54.4 3592205 3590739 genome.dna 432975 434442 NC_002758.gbk
920 34.2 3592378 3593766 genome.dna 1641848 1640510 NC_002758.gbk
506 42.2 3599984 3598497 genome.dna 1589961 1588650 NC_002758.gbk
1095 41.4 3603229 3601955 genome.dna 1740321 1739058 NC_002758.gbk
808 36.0 3607701 3606505 genome.dna 1276932 1278027 NC_002758.gbk
435 43.6 3608433 3608005 genome.dna 1584409 1583959 NC_002758.gbk
1091 42.2 3608793 3610373 genome.dna 284097 282567 NC_002758.gbk
938 42.7 3621177 3619963 genome.dna 1732070 1730927 NC_002758.gbk
240 35.7 3621953 3621459 genome.dna 1734523 1734100 NC_002758.gbk
417 30.5 3622920 3623723 genome.dna 1161164 1161992 NC_002758.gbk
1571 58.2 3635387 3634134 genome.dna 2241790 2240551 NC_002758.gbk
664 33.4 3635748 3636938 genome.dna 280722 279576 NC_002758.gbk
447 42.9 3651787 3651263 genome.dna 626959 627430 NC_002758.gbk
934 52.2 3653449 3652523 genome.dna 218459 219359 NC_002758.gbk
242 37.3 3680225 3679845 genome.dna 2199860 2199500 NC_002758.gbk
803 39.2 3682691 3681786 genome.dna 1680071 1679171 NC_002758.gbk
402 33.8 3683368 3682688 genome.dna 1292656 1293388 NC_002758.gbk
2322 56.7 3686442 3684643 genome.dna 1697144 1695320 NC_002758.gbk
748 50.9 3694571 3695257 genome.dna 656606 657263 NC_002758.gbk
840 38.8 3698228 3696813 genome.dna 592894 594349 NC_002758.gbk
762 51.5 3711890 3712588 genome.dna 1707969 1707282 NC_002758.gbk
275 37.3 3714535 3714188 genome.dna 981467 981827 NC_002758.gbk
1549 52.8 3714803 3716083 genome.dna 1776776 1775489 NC_002758.gbk
357 40.1 3732230 3732727 genome.dna 570805 571282 NC_002758.gbk
670 43.7 3732844 3733638 genome.dna 2743921 2743102 NC_002758.gbk
709 42.0 3733793 3734647 genome.dna 2743110 2742258 NC_002758.gbk
345 48.1 3734665 3735045 genome.dna 2742245 2741873 NC_002758.gbk
555 47.5 3738313 3737777 genome.dna 564337 564877 NC_002758.gbk
221 36.5 3745052 3745459 genome.dna 807304 807703 NC_002758.gbk
1898 42.5 3745456 3747603 genome.dna 807614 809771 NC_002758.gbk
496 39.8 3747628 3748590 genome.dna 809888 810860 NC_002758.gbk
2770 51.6 3762599 3760023 genome.dna 1022951 1025561 NC_002758.gbk
602 41.0 3764478 3763501 genome.dna 1252855 1253773 NC_002758.gbk
414 53.5 3773009 3772662 genome.dna 1302304 1302655 NC_002758.gbk
726 42.7 3773827 3773072 genome.dna 1301463 1302201 NC_002758.gbk
209 41.9 3774681 3774433 genome.dna 1300497 1300773 NC_002758.gbk
1532 51.2 3776200 3774839 genome.dna 1298695 1300063 NC_002758.gbk
391 41.8 3777786 3777271 genome.dna 2262861 2263332 NC_002758.gbk
229 31.2 3780567 3780001 genome.dna 2443883 2443247 NC_002758.gbk
2082 44.8 3784972 3782345 genome.dna 1725624 1722993 NC_002758.gbk
1416 63.5 3786717 3785644 genome.dna 1356961 1358005 NC_002758.gbk
802 37.0 3889382 3888324 genome.dna 2035848 2034777 NC_002758.gbk
414 34.7 3909216 3909983 genome.dna 2154190 2154976 NC_002758.gbk
595 31.1 3918901 3920391 genome.dna 2042849 2041391 NC_002758.gbk
736 34.8 3921930 3923132 genome.dna 2583700 2582467 NC_002758.gbk
321 33.5 3930070 3930801 genome.dna 14729 15425 NC_002758.gbk
956 45.7 3952362 3953393 genome.dna 506560 507586 NC_002758.gbk
594 38.7 3954101 3954916 genome.dna 909156 909978 NC_002758.gbk
1709 45.0 3956293 3958011 genome.dna 1328302 1330006 NC_002758.gbk
907 55.8 3966155 3966877 genome.dna 1989323 1988594 NC_002758.gbk
1360 36.6 3976444 3974615 genome.dna 2771072 2769191 NC_002758.gbk
241 36.9 3984884 3985300 genome.dna 784602 784182 NC_002758.gbk
1084 39.2 3994559 3995977 genome.dna 2066566 2067946 NC_002758.gbk
1593 57.5 4001743 4000448 genome.dna 861750 863055 NC_002758.gbk
2046 55.6 4003479 4001842 genome.dna 2255907 2254296 NC_002758.gbk
1655 36.7 4007080 4004843 genome.dna 1744308 1742118 NC_002758.gbk
1187 49.3 4012636 4011491 genome.dna 2562964 2564107 NC_002758.gbk
1859 45.1 4027241 4025196 genome.dna 2048362 2046358 NC_002758.gbk
622 46.1 4036522 4035704 genome.dna 756021 755145 NC_002758.gbk
289 34.2 4037132 4037767 genome.dna 1430527 1429918 NC_002758.gbk
1380 40.3 4054763 4056430 genome.dna 214506 212865 NC_002758.gbk
306 40.4 4059399 4059037 genome.dna 279221 278864 NC_002758.gbk
225 30.7 4059979 4059527 genome.dna 20292 20739 NC_002758.gbk
287 58.6 4060248 4060021 genome.dna 412708 412951 NC_002758.gbk
532 38.9 4068636 4067902 genome.dna 597206 597953 NC_002758.gbk
487 45.0 4079441 4080034 genome.dna 1207996 1208584 NC_002758.gbk
612 31.0 4080027 4081166 genome.dna 1694755 1693630 NC_002758.gbk
188 34.1 4086876 4086421 genome.dna 1107096 1106661 NC_002758.gbk
350 32.4 4102382 4101120 genome.dna 1483128 1484394 NC_002758.gbk
1136 44.6 4114440 4115846 genome.dna 20770 22171 NC_002758.gbk
550 32.4 4115888 4116970 genome.dna 2199435 2198286 NC_002758.gbk
3695 57.3 4139901 4137067 genome.dna 839128 841975 NC_002758.gbk
259 34.6 4140147 4140710 genome.dna 412153 412657 NC_002758.gbk
392 33.3 4199525 4198710 genome.dna 770581 771343 NC_002758.gbk
278 30.8 4215531 4215974 genome.dna 377765 377321 NC_002758.gbk
216 37.1 4215997 4216284 genome.dna 377320 377035 NC_002758.gbk
1619 56.9 4216300 4217559 genome.dna 377021 375674 NC_002758.gbk
1212 44.8 4231793 4230366 genome.dna 1150666 1152073 NC_002758.gbk
549 32.0 4250428 4249388 genome.dna 1411131 1412109 NC_002758.gbk
367 32.8 4250722 4251348 genome.dna 1797654 1797030 NC_002758.gbk
190 30.2 4252799 4252404 genome.dna 2625566 2625173 NC_002758.gbk
935 45.7 4255592 4252890 genome.dna 830605 833137 NC_002758.gbk
1072 46.6 4258960 4257809 genome.dna 1242171 1243344 NC_002758.gbk
612 34.2 4262088 4261168 genome.dna 2216883 2215812 NC_002758.gbk
635 30.4 4267226 4265910 genome.dna 1237936 1239286 NC_002758.gbk
473 43.5 4268312 4267230 genome.dna 1236969 1237935 NC_002758.gbk
774 31.9 4269667 4268306 genome.dna 2215798 2214439 NC_002758.gbk
756 31.6 4271151 4269664 genome.dna 1068802 1070287 NC_002758.gbk
789 41.1 4274186 4273242 genome.dna 1233112 1234048 NC_002758.gbk
288 32.2 4274647 4274189 genome.dna 1232665 1233097 NC_002758.gbk
1608 43.0 4279582 4277864 genome.dna 2175809 2177579 NC_002758.gbk
1330 41.9 4282166 4283764 genome.dna 2179003 2180533 NC_002758.gbk
1073 46.6 4283764 4284855 genome.dna 2180535 2181582 NC_002758.gbk
1116 55.2 4284858 4286258 genome.dna 2181595 2182966 NC_002758.gbk
608 48.9 4286272 4286874 genome.dna 2182966 2183539 NC_002758.gbk
455 34.2 4319027 4319845 genome.dna 546881 547772 NC_002758.gbk
365 34.8 4323873 4323391 genome.dna 1508866 1508386 NC_002758.gbk
2862 49.3 4330684 4327460 genome.dna 1259520 1262694 NC_002758.gbk
380 44.7 4331847 4330699 genome.dna 1258427 1259528 NC_002758.gbk
282 36.4 4335368 4334856 genome.dna 1252364 1252856 NC_002758.gbk
2535 41.6 4338181 4335368 genome.dna 1247699 1250453 NC_002758.gbk
567 33.8 4339154 4338213 genome.dna 1341110 1342082 NC_002758.gbk
161 38.8 4339580 4339843 genome.dna 1697489 1697741 NC_002758.gbk
1151 46.8 4343498 4342359 genome.dna 1689859 1688719 NC_002758.gbk
1924 54.2 4345514 4343607 genome.dna 1691827 1689994 NC_002758.gbk
1188 37.2 4365488 4367155 genome.dna 792706 794584 NC_002758.gbk
776 41.5 4370220 4371221 genome.dna 2329578 2328570 NC_002758.gbk
393 35.3 4373604 4372945 genome.dna 2462247 2461560 NC_002758.gbk
775 42.9 4379941 4378778 genome.dna 858027 859218 NC_002758.gbk
1978 47.0 4383337 4381343 genome.dna 1415022 1417011 NC_002758.gbk
1166 61.9 4388480 4389631 genome.dna 1922273 1921076 NC_002758.gbk
239 30.0 4391555 4392289 genome.dna 1687776 1687023 NC_002758.gbk
1326 45.4 4398393 4397095 genome.dna 22448 23732 NC_002758.gbk
874 43.3 4402445 4401165 genome.dna 1380431 1381670 NC_002758.gbk
585 34.8 4403893 4402952 genome.dna 1378439 1379375 NC_002758.gbk
1711 53.5 4413004 4411424 genome.dna 422495 420971 NC_002758.gbk
827 62.4 4413698 4413135 genome.dna 423080 422510 NC_002758.gbk
403 30.9 4419630 4418704 genome.dna 2003981 2003030 NC_002758.gbk
403 30.4 4429982 4429287 genome.dna 1229477 1230164 NC_002758.gbk
956 33.8 4442783 4444579 genome.dna 1204368 1206135 NC_002758.gbk
449 39.6 4448185 4447619 genome.dna 1645541 1644983 NC_002758.gbk
420 33.6 4479596 4478769 genome.dna 1705621 1704814 NC_002758.gbk
245 30.8 4482450 4482959 genome.dna 1274209 1274698 NC_002758.gbk
792 40.0 4482986 4483933 genome.dna 1274690 1275626 NC_002758.gbk
236 47.0 4486815 4487225 genome.dna 1422892 1422529 NC_002758.gbk
191 47.9 4488068 4487676 genome.dna 2364664 2364295 NC_002758.gbk
797 41.8 4489098 4488109 genome.dna 2365625 2364680 NC_002758.gbk
558 45.2 4489744 4489124 genome.dna 1838901 1839504 NC_002758.gbk
581 62.0 4490164 4489775 genome.dna 2366089 2365699 NC_002758.gbk
430 51.7 4490537 4490181 genome.dna 2366478 2366112 NC_002758.gbk
173 65.8 4490800 4490684 genome.dna 2366614 2366500 NC_002758.gbk
1025 40.6 4492165 4490834 genome.dna 2369013 2367720 NC_002758.gbk
391 44.4 4492607 4492173 genome.dna 2369453 2369012 NC_002758.gbk
161 45.5 4492790 4492611 genome.dna 2369649 2369469 NC_002758.gbk
609 56.1 4493297 4492797 genome.dna 2370166 2369665 NC_002758.gbk
317 46.2 4493665 4493312 genome.dna 2370546 2370186 NC_002758.gbk
476 44.3 4494208 4493675 genome.dna 2371113 2370576 NC_002758.gbk
431 50.4 4494614 4494222 genome.dna 2371536 2371137 NC_002758.gbk
238 48.5 4494953 4494648 genome.dna 1410705 1410975 NC_002758.gbk
801 61.5 4495506 4494967 genome.dna 2372315 2371775 NC_002758.gbk
328 52.5 4495835 4495521 genome.dna 2372659 2372341 NC_002758.gbk
526 67.5 4496217 4495846 genome.dna 2373063 2372694 NC_002758.gbk
258 48.0 4496635 4496381 genome.dna 2373358 2373094 NC_002758.gbk
153 40.0 4496826 4496635 genome.dna 2373591 2373381 NC_002758.gbk
524 55.2 4497236 4496826 genome.dna 2374015 2373580 NC_002758.gbk
800 56.2 4497950 4497249 genome.dna 2374671 2374017 NC_002758.gbk
349 52.3 4498300 4497968 genome.dna 2375048 2374694 NC_002758.gbk
427 65.2 4498593 4498315 genome.dna 2375355 2375076 NC_002758.gbk
1134 59.4 4499431 4498610 genome.dna 2376255 2375421 NC_002758.gbk
174 38.3 4499751 4499449 genome.dna 2376563 2376287 NC_002758.gbk
480 39.8 4500353 4499748 genome.dna 2377186 2376562 NC_002758.gbk
571 43.5 4500993 4500364 genome.dna 2377875 2377212 NC_002758.gbk
444 65.7 4501337 4501026 genome.dna 2378211 2377902 NC_002758.gbk
2672 58.9 4505956 4503842 genome.dna 612739 614821 NC_002758.gbk
650 59.6 4506523 4506053 genome.dna 612146 612617 NC_002758.gbk
503 66.9 4506994 4506620 genome.dna 611667 612081 NC_002758.gbk
1040 32.2 4523306 4525213 genome.dna 2166808 2168737 NC_002758.gbk
902 38.3 4531124 4529898 genome.dna 210355 209170 NC_002758.gbk
521 42.8 4531820 4531245 genome.dna 785622 786216 NC_002758.gbk
1527 34.5 4546959 4549529 genome.dna 2530929 2528523 NC_002758.gbk
136 30.4 4549526 4549894 genome.dna 2528520 2528205 NC_002758.gbk
1113 52.3 4557783 4556779 genome.dna 1046849 1045859 NC_002758.gbk
587 42.6 4559154 4558477 genome.dna 1281871 1282516 NC_002758.gbk
658 34.6 4562421 4561336 genome.dna 1581973 1580908 NC_002758.gbk
1649 52.1 4575473 4577092 genome.dna 1922644 1924237 NC_002758.gbk
1336 41.8 4597892 4600225 genome.dna 2194218 2192067 NC_002758.gbk
565 34.0 4622349 4623851 genome.dna 1375636 1377358 NC_002758.gbk
906 33.0 4640126 4641844 genome.dna 304465 306220 NC_002758.gbk
965 35.7 4647455 4646079 genome.dna 2646767 2645408 NC_002758.gbk
1368 37.5 4664050 4662224 genome.dna 794595 796377 NC_002758.gbk
780 39.8 4665855 4666784 genome.dna 2862476 2861567 NC_002758.gbk
823 50.8 4670140 4669394 genome.dna 401094 400341 NC_002758.gbk
1623 39.3 4672431 4670269 genome.dna 2050558 2048365 NC_002758.gbk
784 42.8 4680620 4681561 genome.dna 1779417 1778490 NC_002758.gbk
400 35.5 4689462 4688920 genome.dna 2532492 2531955 NC_002758.gbk
824 32.5 4690836 4689472 genome.dna 2053125 2051829 NC_002758.gbk
1840 56.9 4694568 4693180 genome.dna 2442132 2440752 NC_002758.gbk
1017 42.8 4703612 4702350 genome.dna 181457 182720 NC_002758.gbk
719 51.8 4704862 4703738 genome.dna 2239874 2238743 NC_002758.gbk
1423 51.8 4708658 4707399 genome.dna 2248528 2247211 NC_002758.gbk
362 51.0 4709479 4709153 genome.dna 1200959 1201274 NC_002758.gbk
1546 48.0 4719117 4720601 genome.dna 2043519 2045058 NC_002758.gbk
1067 44.6 4729969 4728119 genome.dna 2174093 2175782 NC_002758.gbk
448 34.2 4730969 4730043 genome.dna 623495 624572 NC_002758.gbk
827 38.6 4766891 4765731 genome.dna 406332 405171 NC_002758.gbk
603 54.3 4775884 4776414 genome.dna 1318431 1318977 NC_002758.gbk
896 47.4 4776424 4777755 genome.dna 1319042 1320446 NC_002758.gbk
268 38.2 4780345 4781184 genome.dna 1373083 1373902 NC_002758.gbk
2103 61.1 4781238 4782749 genome.dna 1374030 1375527 NC_002758.gbk
628 41.5 4786326 4787093 genome.dna 859339 860101 NC_002758.gbk
975 47.9 4825789 4824827 genome.dna 1813420 1812496 NC_002758.gbk
619 44.7 4829201 4829899 genome.dna 1805833 1805128 NC_002758.gbk
400 43.0 4834867 4834403 genome.dna 1987312 1986841 NC_002758.gbk
433 32.8 4837408 4836659 genome.dna 43681 44425 NC_002758.gbk
1108 48.4 4838481 4837408 genome.dna 244412 245510 NC_002758.gbk
945 33.7 4911222 4909444 genome.dna 239334 241341 NC_002758.gbk
562 32.3 4914105 4915127 genome.dna 290083 291139 NC_002758.gbk
1045 48.7 4926494 4925484 genome.dna 1042989 1043970 NC_002758.gbk
568 34.9 4951144 4951938 genome.dna 191495 192257 NC_002758.gbk
619 30.9 4962494 4961517 genome.dna 1043962 1044925 NC_002758.gbk
649 37.9 4964420 4963467 genome.dna 284458 285394 NC_002758.gbk
1995 58.7 4974416 4972974 genome.dna 309980 311417 NC_002758.gbk
1995 58.7 4974416 4972974 genome.dna 309980 311417 NC_002758.gbk
1995 58.7 4974416 4972974 genome.dna 309980 311417 NC_002758.gbk
1157 42.1 4985096 4983699 genome.dna 516 1878 NC_002758.gbk
186 65.1 4985770 4985910 genome.dna 2877826 2877688 NC_002758.gbk
851 33.0 4988276 4989640 genome.dna 2877058 2875678 NC_002758.gbk
1131 42.0 4994663 4993335 genome.dna 2833719 2834958 NC_002758.gbk
1131 42.0 4994663 4993335 genome.dna 2833719 2834958 NC_002758.gbk
1079 40.9 5010680 5009268 genome.dna 2380481 2379146 NC_002758.gbk
492 32.8 5019301 5018414 genome.dna 1469354 1468436 NC_002758.gbk
583 32.0 5026700 5027902 genome.dna 1100713 1099558 NC_002758.gbk
1505 40.9 5049054 5047222 genome.dna 2281678 2279872 NC_002758.gbk
1151 42.3 5050610 5049240 genome.dna 551316 552669 NC_002758.gbk
259 34.1 5053946 5053527 genome.dna 2232081 2231676 NC_002758.gbk
1991 64.8 5055348 5053966 genome.dna 2233513 2232100 NC_002758.gbk
655 36.6 5056259 5055396 genome.dna 2234401 2233534 NC_002758.gbk
1183 54.3 5057853 5056312 genome.dna 2235940 2234431 NC_002758.gbk
169 43.3 5059187 5058948 genome.dna 2237432 2237219 NC_002758.gbk
322 34.1 5060037 5059237 genome.dna 2238203 2237474 NC_002758.gbk
343 32.2 5061686 5061066 genome.dna 2873735 2873015 NC_002758.gbk
2025 51.4 5063659 5061770 genome.dna 2875612 2873734 NC_002758.gbk
1057 34.6 5001994 5003496 genome.dna 21592 23137 NC_002774.gbk
