471 46.6 1179 2171 genome.dna 1695678 1696662 NC_004722.gbk
410 50.4 10521 10940 genome.dna 657536 657932 NC_004722.gbk
1569 48.9 10948 12453 genome.dna 657944 659435 NC_004722.gbk
1055 55.4 12461 13429 genome.dna 659437 660373 NC_004722.gbk
669 40.3 14538 15464 genome.dna 656643 657540 NC_004722.gbk
1329 38.1 25826 28615 genome.dna 4533975 4531299 NC_004722.gbk
393 34.4 29669 29034 genome.dna 4422730 4422133 NC_004722.gbk
2244 53.7 37037 38860 genome.dna 3937934 3936089 NC_004722.gbk
462 47.6 39698 40135 genome.dna 4340335 4339894 NC_004722.gbk
630 32.5 44746 43358 genome.dna 1516045 1517368 NC_004722.gbk
1304 39.5 47188 45107 genome.dna 3832528 3830479 NC_004722.gbk
469 41.6 50956 50333 genome.dna 3849416 3848798 NC_004722.gbk
477 30.6 62838 64181 genome.dna 1447490 1448630 NC_004722.gbk
966 48.1 93925 92960 genome.dna 4815728 4816691 NC_004722.gbk
812 60.2 110262 109636 genome.dna 4219993 4219336 NC_004722.gbk
490 32.0 151546 150683 genome.dna 3850636 3849760 NC_004722.gbk
692 38.3 156579 155680 genome.dna 219028 219949 NC_004722.gbk
840 55.2 162282 162998 genome.dna 4440487 4439749 NC_004722.gbk
1073 44.3 166824 165547 genome.dna 3848411 3847205 NC_004722.gbk
112 36.7 168129 168296 genome.dna 4279961 4279811 NC_004722.gbk
609 38.3 168516 169325 genome.dna 4531287 4530456 NC_004722.gbk
496 45.9 170854 170375 genome.dna 3912545 3912053 NC_004722.gbk
933 39.3 186786 187982 genome.dna 613508 614699 NC_004722.gbk
923 42.7 192775 193791 genome.dna 1459502 1460525 NC_004722.gbk
1865 46.9 199780 202044 genome.dna 3977391 3979680 NC_004722.gbk
468 35.4 218826 219599 genome.dna 4093509 4092741 NC_004722.gbk
1436 48.0 219661 221034 genome.dna 4572129 4570740 NC_004722.gbk
514 36.1 222967 223722 genome.dna 1466079 1466793 NC_004722.gbk
1012 48.0 228573 229595 genome.dna 4416905 4415915 NC_004722.gbk
1084 47.0 233849 232686 genome.dna 4907532 4906359 NC_004722.gbk
355 33.0 237567 238178 genome.dna 5098176 5098812 NC_004722.gbk
2072 75.6 250357 251541 genome.dna 124893 126081 NC_004722.gbk
541 44.6 252164 252709 genome.dna 109784 110318 NC_004722.gbk
606 66.2 252872 253300 genome.dna 110485 110911 NC_004722.gbk
760 52.0 253304 254008 genome.dna 111081 111780 NC_004722.gbk
361 38.0 254326 254823 genome.dna 112013 112514 NC_004722.gbk
436 58.8 254890 255255 genome.dna 112581 112941 NC_004722.gbk
2111 45.7 255584 259612 genome.dna 113907 117441 NC_004722.gbk
2529 47.2 259736 263959 genome.dna 117478 121090 NC_004722.gbk
707 47.0 269828 269043 genome.dna 734588 735365 NC_004722.gbk
260 32.0 271449 270808 genome.dna 405775 406444 NC_004722.gbk
2360 65.2 273440 271446 genome.dna 5131963 5130202 NC_004722.gbk
830 39.0 275283 276347 genome.dna 1052508 1053555 NC_004722.gbk
343 58.9 277924 278196 genome.dna 2261828 2261555 NC_004722.gbk
1466 53.4 280242 278956 genome.dna 310973 312245 NC_004722.gbk
1101 53.1 281849 280260 genome.dna 309015 310551 NC_004722.gbk
763 52.3 292998 292333 genome.dna 851716 852421 NC_004722.gbk
771 47.4 293855 293088 genome.dna 850938 851736 NC_004722.gbk
732 38.4 295276 296334 genome.dna 3372947 3373931 NC_004722.gbk
714 37.0 301263 300298 genome.dna 79184 80183 NC_004722.gbk
1490 46.2 304889 303438 genome.dna 3525009 3523575 NC_004722.gbk
1595 52.9 306633 305290 genome.dna 4146465 4145142 NC_004722.gbk
337 38.4 307112 306645 genome.dna 4146998 4146509 NC_004722.gbk
423 45.7 307589 307137 genome.dna 4156481 4156040 NC_004722.gbk
833 40.7 310630 309653 genome.dna 784587 785583 NC_004722.gbk
1259 57.7 313270 314313 genome.dna 4386368 4385348 NC_004722.gbk
481 44.9 315964 316557 genome.dna 4406536 4405960 NC_004722.gbk
596 34.2 316547 318016 genome.dna 4380573 4379184 NC_004722.gbk
1713 53.4 329415 330869 genome.dna 336129 337581 NC_004722.gbk
764 41.5 334964 334107 genome.dna 5055102 5054220 NC_004722.gbk
806 31.6 337440 336007 genome.dna 5046434 5045126 NC_004722.gbk
1345 51.9 345980 347242 genome.dna 5199414 5198109 NC_004722.gbk
598 35.3 348448 347351 genome.dna 5385248 5384072 NC_004722.gbk
571 59.3 352201 352629 genome.dna 144668 145106 NC_004722.gbk
494 56.9 352645 353037 genome.dna 145127 145520 NC_004722.gbk
762 39.7 362158 363087 genome.dna 4681930 4682890 NC_004722.gbk
581 36.3 374918 375703 genome.dna 1740788 1740026 NC_004722.gbk
306 37.6 385868 385287 genome.dna 832440 832989 NC_004722.gbk
614 37.5 386934 386071 genome.dna 5243381 5242523 NC_004722.gbk
939 50.7 399153 398326 genome.dna 4063666 4062838 NC_004722.gbk
902 38.3 400586 399423 genome.dna 3687163 3685999 NC_004722.gbk
1060 40.1 413001 411592 genome.dna 761316 759840 NC_004722.gbk
1806 60.5 414371 413001 genome.dna 762710 761333 NC_004722.gbk
528 34.8 417112 416177 genome.dna 759844 758902 NC_004722.gbk
356 34.3 423578 424231 genome.dna 1967121 1967781 NC_004722.gbk
236 34.9 424707 424243 genome.dna 3580037 3579584 NC_004722.gbk
1057 32.5 426927 424789 genome.dna 3581890 3580033 NC_004722.gbk
413 49.2 431880 431494 genome.dna 49765 50140 NC_004722.gbk
449 34.2 433394 432459 genome.dna 3871129 3870223 NC_004722.gbk
1197 57.7 435364 434357 genome.dna 387917 388916 NC_004722.gbk
762 43.1 460910 458055 genome.dna 4411925 4409279 NC_004722.gbk
955 36.3 463248 461737 genome.dna 4833272 4831787 NC_004722.gbk
1499 51.1 485144 483705 genome.dna 602160 603594 NC_004722.gbk
3314 56.0 500272 497561 genome.dna 4104067 4106794 NC_004722.gbk
625 31.6 525365 524040 genome.dna 1784350 1785634 NC_004722.gbk
1359 46.7 530287 528905 genome.dna 97717 99094 NC_004722.gbk
1049 48.0 537938 539215 genome.dna 5141816 5143028 NC_004722.gbk
975 38.8 543754 544950 genome.dna 2247551 2248751 NC_004722.gbk
1705 47.6 544947 546572 genome.dna 2248763 2250380 NC_004722.gbk
929 46.0 546583 547458 genome.dna 2250404 2251298 NC_004722.gbk
767 48.6 550604 551389 genome.dna 2246740 2247526 NC_004722.gbk
771 37.6 592768 594162 genome.dna 944496 945792 NC_004722.gbk
914 31.8 599597 601615 genome.dna 1789301 1791446 NC_004722.gbk
1345 48.6 694412 693111 genome.dna 407873 406559 NC_004722.gbk
262 44.1 697176 697469 genome.dna 257496 257787 NC_004722.gbk
2148 62.4 697515 699164 genome.dna 257825 259460 NC_004722.gbk
897 43.3 755628 756641 genome.dna 251891 252923 NC_004722.gbk
177 32.3 757206 756736 genome.dna 4137430 4136980 NC_004722.gbk
360 30.2 757677 758612 genome.dna 4538999 4538060 NC_004722.gbk
572 31.1 761351 760380 genome.dna 1466815 1467787 NC_004722.gbk
316 43.7 761608 761919 genome.dna 4379015 4378706 NC_004722.gbk
275 54.3 761939 762196 genome.dna 4378347 4378056 NC_004722.gbk
1106 45.2 763509 764681 genome.dna 4377445 4376158 NC_004722.gbk
410 44.9 766454 766933 genome.dna 4314249 4313772 NC_004722.gbk
1983 50.6 768185 770122 genome.dna 69363 71265 NC_004722.gbk
681 44.2 770241 771074 genome.dna 77270 78131 NC_004722.gbk
1250 46.6 771082 772419 genome.dna 161689 163036 NC_004722.gbk
275 36.1 777307 777729 genome.dna 3789885 3789414 NC_004722.gbk
315 44.6 782083 782481 genome.dna 3785336 3784979 NC_004722.gbk
336 57.3 783547 783816 genome.dna 3782854 3782584 NC_004722.gbk
2189 50.4 784066 786186 genome.dna 3782424 3780285 NC_004722.gbk
1099 44.7 795852 797180 genome.dna 4054612 4053307 NC_004722.gbk
968 46.6 797270 798493 genome.dna 4056639 4055454 NC_004722.gbk
921 57.4 798538 799257 genome.dna 1421697 1420989 NC_004722.gbk
272 35.8 803045 802602 genome.dna 251484 251907 NC_004722.gbk
633 37.4 805628 804636 genome.dna 1946644 1947580 NC_004722.gbk
743 44.2 808710 809492 genome.dna 864486 865245 NC_004722.gbk
1821 50.2 809514 811193 genome.dna 862781 864470 NC_004722.gbk
702 33.7 812414 811260 genome.dna 2125933 2127136 NC_004722.gbk
758 37.1 812975 814090 genome.dna 4177397 4176296 NC_004722.gbk
408 45.7 814149 814541 genome.dna 4896627 4896243 NC_004722.gbk
649 44.3 830229 830876 genome.dna 2143843 2143198 NC_004722.gbk
831 45.1 839867 840766 genome.dna 4058772 4057881 NC_004722.gbk
1721 53.5 844582 846099 genome.dna 80342 81842 NC_004722.gbk
1593 46.0 894744 893086 genome.dna 1565384 1566935 NC_004722.gbk
209 32.2 901717 902241 genome.dna 1096627 1096141 NC_004722.gbk
1211 44.4 909308 910588 genome.dna 5321706 5320440 NC_004722.gbk
449 46.4 927840 927358 genome.dna 5031251 5030783 NC_004722.gbk
380 33.2 932209 932796 genome.dna 4256461 4255894 NC_004722.gbk
1369 50.9 933233 934465 genome.dna 1757965 1756669 NC_004722.gbk
122 37.5 934700 934497 genome.dna 5295288 5295480 NC_004722.gbk
581 31.2 949769 948918 genome.dna 4025142 4024293 NC_004722.gbk
2173 49.8 955638 953644 genome.dna 3650518 3648475 NC_004722.gbk
382 39.3 957261 956803 genome.dna 5227266 5226822 NC_004722.gbk
882 32.8 959189 960961 genome.dna 966875 968627 NC_004722.gbk
278 35.5 969365 968913 genome.dna 2999849 3000290 NC_004722.gbk
484 45.8 994093 993584 genome.dna 5228544 5228046 NC_004722.gbk
1885 52.6 995970 994243 genome.dna 4021492 4019779 NC_004722.gbk
218 41.6 996273 996016 genome.dna 5052201 5051952 NC_004722.gbk
783 47.9 997695 996727 genome.dna 1716426 1717338 NC_004722.gbk
66 31.9 999107 999280 genome.dna 976003 975838 NC_004722.gbk
498 31.8 1024600 1025622 genome.dna 666814 667867 NC_004722.gbk
1283 47.8 1040649 1039456 genome.dna 1738758 1739973 NC_004722.gbk
265 35.0 1045784 1045371 genome.dna 2674784 2675210 NC_004722.gbk
444 44.5 1066357 1065851 genome.dna 2793086 2792582 NC_004722.gbk
289 30.0 1067553 1068080 genome.dna 2773424 2772911 NC_004722.gbk
655 35.6 1087061 1085955 genome.dna 491918 493016 NC_004722.gbk
832 51.3 1100443 1101237 genome.dna 2137844 2138801 NC_004722.gbk
531 34.9 1134065 1134883 genome.dna 4335641 4334873 NC_004722.gbk
254 36.6 1138546 1138941 genome.dna 5308570 5308201 NC_004722.gbk
715 44.7 1154052 1153258 genome.dna 137666 138413 NC_004722.gbk
834 52.8 1154397 1155122 genome.dna 3803609 3802907 NC_004722.gbk
386 44.9 1155257 1156108 genome.dna 3802804 3801916 NC_004722.gbk
771 50.0 1156279 1157004 genome.dna 3801850 3801127 NC_004722.gbk
585 48.1 1157130 1157687 genome.dna 3801125 3800567 NC_004722.gbk
663 41.1 1157925 1159121 genome.dna 3303263 3304421 NC_004722.gbk
684 45.6 1159320 1160081 genome.dna 3800482 3799705 NC_004722.gbk
471 50.4 1166572 1167027 genome.dna 5190530 5190095 NC_004722.gbk
1032 36.9 1169670 1173152 genome.dna 4555469 4552142 NC_004722.gbk
1156 56.1 1173165 1174124 genome.dna 4549099 4548124 NC_004722.gbk
490 57.0 1174256 1174645 genome.dna 600193 600580 NC_004722.gbk
1921 41.1 1180703 1178139 genome.dna 3741019 3738364 NC_004722.gbk
541 67.9 1211683 1212024 genome.dna 4859728 4859386 NC_004722.gbk
294 33.5 1250102 1250623 genome.dna 4182485 4182014 NC_004722.gbk
610 43.2 1260789 1261478 genome.dna 5390779 5390071 NC_004722.gbk
1155 44.1 1265611 1266930 genome.dna 1989940 1991278 NC_004722.gbk
1692 53.0 1267070 1268446 genome.dna 689473 688081 NC_004722.gbk
1021 48.1 1271755 1272822 genome.dna 4355105 4354052 NC_004722.gbk
1417 54.8 1272920 1274065 genome.dna 4354040 4352900 NC_004722.gbk
454 49.3 1278470 1278919 genome.dna 4526902 4526440 NC_004722.gbk
857 41.6 1278982 1280091 genome.dna 4073303 4074443 NC_004722.gbk
519 53.6 1280201 1280677 genome.dna 4076293 4076755 NC_004722.gbk
252 35.2 1280702 1281121 genome.dna 4144381 4143988 NC_004722.gbk
1812 45.6 1284598 1282733 genome.dna 4140308 4138415 NC_004722.gbk
670 43.9 1285528 1284617 genome.dna 4141500 4140609 NC_004722.gbk
182 33.3 1285773 1285525 genome.dna 4141730 4141499 NC_004722.gbk
389 40.0 1289161 1289652 genome.dna 1141210 1140709 NC_004722.gbk
554 35.1 1292157 1291267 genome.dna 3925334 3924407 NC_004722.gbk
597 46.3 1293119 1292505 genome.dna 3921369 3920745 NC_004722.gbk
2315 51.7 1295100 1293109 genome.dna 697532 695588 NC_004722.gbk
620 37.2 1296067 1295105 genome.dna 698432 697556 NC_004722.gbk
675 33.9 1299536 1300840 genome.dna 4429818 4428540 NC_004722.gbk
902 67.9 1301367 1301990 genome.dna 5050976 5051558 NC_004722.gbk
1671 61.4 1302154 1303428 genome.dna 4428276 4427016 NC_004722.gbk
2723 53.6 1303620 1306001 genome.dna 4425057 4422726 NC_004722.gbk
787 53.0 1310544 1309849 genome.dna 1319095 1319758 NC_004722.gbk
340 37.1 1312030 1312560 genome.dna 825692 826187 NC_004722.gbk
1788 45.4 1312639 1314408 genome.dna 3647450 3645704 NC_004722.gbk
1347 38.7 1314401 1316176 genome.dna 3645660 3643941 NC_004722.gbk
1070 43.7 1316909 1318201 genome.dna 1137140 1135907 NC_004722.gbk
268 48.1 1322693 1322445 genome.dna 5237434 5237179 NC_004722.gbk
533 52.6 1329655 1330212 genome.dna 4343258 4342745 NC_004722.gbk
248 36.9 1332403 1332732 genome.dna 27102 27432 NC_004722.gbk
579 45.4 1332732 1333337 genome.dna 27446 28043 NC_004722.gbk
653 47.7 1335658 1336302 genome.dna 137016 137667 NC_004722.gbk
774 39.9 1348853 1349839 genome.dna 1963959 1964919 NC_004722.gbk
393 42.9 1352428 1351949 genome.dna 3282752 3282275 NC_004722.gbk
1768 38.3 1356196 1353473 genome.dna 3696950 3694529 NC_004722.gbk
184 30.1 1356312 1356722 genome.dna 5073644 5074013 NC_004722.gbk
196 30.0 1357212 1356757 genome.dna 1999228 1999657 NC_004722.gbk
725 39.7 1358126 1357212 genome.dna 1999659 2000628 NC_004722.gbk
1718 52.2 1363499 1366138 genome.dna 6471 8946 NC_004722.gbk
428 30.4 1379359 1381041 genome.dna 4780025 4778270 NC_004722.gbk
1277 68.5 1381835 1382692 genome.dna 4777392 4776573 NC_004722.gbk
827 41.3 1402802 1401792 genome.dna 3221930 3220901 NC_004722.gbk
981 40.6 1422749 1425052 genome.dna 3220891 3218761 NC_004722.gbk
440 36.1 1426894 1426256 genome.dna 308403 308991 NC_004722.gbk
1172 54.4 1427931 1426894 genome.dna 307366 308407 NC_004722.gbk
716 48.8 1428285 1428911 genome.dna 5224416 5223786 NC_004722.gbk
1325 45.8 1429248 1430537 genome.dna 3872633 3871286 NC_004722.gbk
462 43.8 1433876 1433409 genome.dna 507370 507835 NC_004722.gbk
783 44.2 1434853 1435731 genome.dna 3773388 3772509 NC_004722.gbk
668 43.6 1436929 1437642 genome.dna 301954 302731 NC_004722.gbk
333 39.2 1437843 1438295 genome.dna 4542469 4542007 NC_004722.gbk
1162 47.3 1458435 1457257 genome.dna 5252414 5251232 NC_004722.gbk
649 43.4 1459094 1458447 genome.dna 2196414 2197077 NC_004722.gbk
695 48.8 1459750 1459094 genome.dna 2195731 2196430 NC_004722.gbk
917 58.7 1467907 1467197 genome.dna 2127316 2128009 NC_004722.gbk
303 69.8 1468125 1468334 genome.dna 5090943 5090739 NC_004722.gbk
215 34.5 1468782 1468399 genome.dna 4975766 4976201 NC_004722.gbk
1006 51.9 1470427 1469462 genome.dna 4880957 4880063 NC_004722.gbk
290 30.2 1477924 1477454 genome.dna 5383774 5383294 NC_004722.gbk
340 35.4 1479078 1478437 genome.dna 4271825 4271255 NC_004722.gbk
1855 42.8 1483266 1480684 genome.dna 4672761 4670352 NC_004722.gbk
972 59.8 1484840 1484115 genome.dna 636515 637304 NC_004722.gbk
898 48.7 1492026 1490968 genome.dna 4245689 4244729 NC_004722.gbk
1187 41.6 1493774 1492350 genome.dna 3743850 3742320 NC_004722.gbk
452 34.9 1502595 1501795 genome.dna 4027637 4026848 NC_004722.gbk
280 36.0 1506798 1506349 genome.dna 4059568 4059112 NC_004722.gbk
622 63.1 1514785 1514357 genome.dna 450863 450434 NC_004722.gbk
424 43.6 1519100 1518525 genome.dna 742656 743238 NC_004722.gbk
2184 58.2 1521264 1519120 genome.dna 740546 742640 NC_004722.gbk
1552 44.7 1522968 1521280 genome.dna 738868 740536 NC_004722.gbk
774 42.4 1526654 1525674 genome.dna 1633956 1634982 NC_004722.gbk
585 32.7 1527781 1528740 genome.dna 2450715 2451684 NC_004722.gbk
936 34.6 1528762 1530255 genome.dna 3108390 3106959 NC_004722.gbk
526 40.3 1531148 1531804 genome.dna 3025562 3024848 NC_004722.gbk
764 47.6 1532732 1533469 genome.dna 3023850 3023088 NC_004722.gbk
828 53.5 1533499 1534146 genome.dna 3021390 3020742 NC_004722.gbk
648 32.4 1536355 1535069 genome.dna 2227121 2228243 NC_004722.gbk
1804 39.3 1540513 1543320 genome.dna 1232459 1229591 NC_004722.gbk
1058 46.6 1543336 1544562 genome.dna 1229458 1228198 NC_004722.gbk
1416 55.7 1544898 1546064 genome.dna 3814395 3813234 NC_004722.gbk
1278 63.9 1546064 1546936 genome.dna 3813215 3812312 NC_004722.gbk
713 37.8 1549251 1550390 genome.dna 1884026 1885043 NC_004722.gbk
840 44.6 1561588 1560626 genome.dna 1649755 1650655 NC_004722.gbk
1010 61.6 1563766 1563014 genome.dna 2378084 2378822 NC_004722.gbk
1319 56.0 1573036 1572017 genome.dna 5373615 5372598 NC_004722.gbk
550 41.6 1576123 1576893 genome.dna 199337 198530 NC_004722.gbk
527 41.2 1576893 1577582 genome.dna 198525 197850 NC_004722.gbk
784 36.8 1590681 1589605 genome.dna 755053 753940 NC_004722.gbk
603 35.4 1598229 1599338 genome.dna 147035 148103 NC_004722.gbk
727 52.2 1599518 1600159 genome.dna 4315166 4314527 NC_004722.gbk
206 32.1 1609114 1609548 genome.dna 5227804 5227363 NC_004722.gbk
1123 61.7 1614552 1615325 genome.dna 3321173 3321941 NC_004722.gbk
1210 48.5 1615316 1616422 genome.dna 3473040 3474129 NC_004722.gbk
675 39.8 1635671 1634820 genome.dna 1194250 1195105 NC_004722.gbk
533 44.1 1636204 1635668 genome.dna 1192705 1193251 NC_004722.gbk
649 43.8 1637078 1636206 genome.dna 1191959 1192697 NC_004722.gbk
966 38.4 1647128 1648552 genome.dna 3724322 3723035 NC_004722.gbk
1572 48.7 1652381 1653892 genome.dna 2233498 2234959 NC_004722.gbk
607 33.6 1738556 1737522 genome.dna 1298697 1299774 NC_004722.gbk
332 32.6 1745705 1744989 genome.dna 4685377 4686052 NC_004722.gbk
1756 58.4 1751217 1749904 genome.dna 546822 545517 NC_004722.gbk
302 31.7 1764218 1764715 genome.dna 1430832 1431354 NC_004722.gbk
1767 64.6 1768623 1769945 genome.dna 1392818 1394093 NC_004722.gbk
1065 50.5 1779652 1780665 genome.dna 3197433 3196437 NC_004722.gbk
1354 43.0 1800077 1801579 genome.dna 2958878 2957420 NC_004722.gbk
742 42.7 1813209 1812400 genome.dna 2870319 2869563 NC_004722.gbk
402 30.5 1825190 1826161 genome.dna 1607425 1608334 NC_004722.gbk
137 32.0 1924289 1923957 genome.dna 240396 240747 NC_004722.gbk
728 41.6 1932575 1933540 genome.dna 444077 445028 NC_004722.gbk
1004 34.4 1937404 1939404 genome.dna 1583868 1585887 NC_004722.gbk
642 34.3 1945543 1946694 genome.dna 1618653 1619700 NC_004722.gbk
298 35.8 1951419 1951823 genome.dna 1597346 1597760 NC_004722.gbk
484 33.0 1963383 1962607 genome.dna 1616798 1617557 NC_004722.gbk
871 35.0 1968985 1967612 genome.dna 1601363 1602668 NC_004722.gbk
450 38.3 1975728 1976600 genome.dna 1613769 1613019 NC_004722.gbk
1358 43.2 1993342 1994814 genome.dna 3525564 3527049 NC_004722.gbk
337 46.4 2009604 2010017 genome.dna 3577364 3576950 NC_004722.gbk
242 34.6 2013548 2013970 genome.dna 4577263 4577698 NC_004722.gbk
299 36.5 2013994 2014578 genome.dna 2908199 2907668 NC_004722.gbk
174 30.8 2015203 2015631 genome.dna 4568774 4569233 NC_004722.gbk
390 43.0 2016186 2015680 genome.dna 4851327 4851789 NC_004722.gbk
583 43.2 2028974 2027880 genome.dna 1968851 1967810 NC_004722.gbk
748 39.3 2041077 2042123 genome.dna 3829801 3828808 NC_004722.gbk
783 38.5 2042130 2043083 genome.dna 1713033 1712049 NC_004722.gbk
828 45.5 2043101 2044030 genome.dna 3828794 3827849 NC_004722.gbk
829 53.5 2044045 2044779 genome.dna 3827850 3827109 NC_004722.gbk
281 60.5 2044934 2045170 genome.dna 3827049 3826806 NC_004722.gbk
1388 50.9 2045253 2046494 genome.dna 1153090 1154329 NC_004722.gbk
374 30.5 2047434 2048453 genome.dna 4319336 4318214 NC_004722.gbk
331 31.9 2048443 2049102 genome.dna 35802 36429 NC_004722.gbk
603 37.4 2050132 2050929 genome.dna 43532 44297 NC_004722.gbk
1129 43.7 2051245 2052678 genome.dna 471129 472632 NC_004722.gbk
2051 36.3 2070405 2066956 genome.dna 54284 57815 NC_004722.gbk
422 41.5 2079241 2079792 genome.dna 2055472 2055955 NC_004722.gbk
1365 46.3 2086038 2087372 genome.dna 2169554 2170913 NC_004722.gbk
1107 37.9 2088494 2089945 genome.dna 3455343 3456810 NC_004722.gbk
806 39.5 2091759 2090755 genome.dna 4301969 4300931 NC_004722.gbk
383 30.8 2097009 2097755 genome.dna 4026925 4026187 NC_004722.gbk
339 43.6 2111138 2111554 genome.dna 4826617 4826233 NC_004722.gbk
1088 39.8 2112831 2114330 genome.dna 4886871 4885473 NC_004722.gbk
862 50.8 2114428 2115174 genome.dna 4890654 4889868 NC_004722.gbk
1327 48.7 2116495 2117718 genome.dna 4888561 4887340 NC_004722.gbk
1481 51.1 2121733 2120321 genome.dna 4546983 4545225 NC_004722.gbk
492 39.9 2153926 2154558 genome.dna 2161321 2161963 NC_004722.gbk
1119 50.8 2158261 2157266 genome.dna 3454175 3455165 NC_004722.gbk
507 37.0 2175615 2174920 genome.dna 1285014 1285725 NC_004722.gbk
1916 58.4 2177036 2175615 genome.dna 1283593 1285015 NC_004722.gbk
835 50.6 2177765 2177046 genome.dna 1282857 1283577 NC_004722.gbk
623 30.5 2179364 2177811 genome.dna 605253 603633 NC_004722.gbk
946 34.4 2181270 2179897 genome.dna 1349034 1347675 NC_004722.gbk
335 31.2 2181519 2182154 genome.dna 4074424 4075069 NC_004722.gbk
693 35.3 2183367 2182216 genome.dna 3371380 3370207 NC_004722.gbk
171 31.0 2188157 2187750 genome.dna 3149697 3150090 NC_004722.gbk
576 34.4 2190305 2191417 genome.dna 2339845 2341027 NC_004722.gbk
1442 51.1 2192856 2194133 genome.dna 4599541 4598284 NC_004722.gbk
2691 56.2 2198282 2200954 genome.dna 3592718 3589994 NC_004722.gbk
917 33.8 2201168 2202799 genome.dna 187021 188605 NC_004722.gbk
602 43.0 2216576 2217319 genome.dna 3862970 3862253 NC_004722.gbk
3004 62.8 2221311 2219248 genome.dna 5332637 5330570 NC_004722.gbk
789 47.8 2239913 2239125 genome.dna 1195213 1195984 NC_004722.gbk
493 48.8 2258625 2258122 genome.dna 4580900 4580399 NC_004722.gbk
363 33.2 2275290 2274685 genome.dna 1794426 1795053 NC_004722.gbk
486 33.0 2298807 2297113 genome.dna 878405 879875 NC_004722.gbk
470 35.1 2306210 2305560 genome.dna 5326534 5325886 NC_004722.gbk
1812 51.7 2310451 2314227 genome.dna 2060945 2064629 NC_004722.gbk
2157 58.9 2314227 2315807 genome.dna 2064618 2066094 NC_004722.gbk
500 37.4 2316519 2317223 genome.dna 2066661 2067351 NC_004722.gbk
115 34.2 2324296 2324544 genome.dna 2848506 2848263 NC_004722.gbk
1266 46.0 2336995 2338260 genome.dna 333214 334654 NC_004722.gbk
778 33.2 2359305 2358133 genome.dna 3359843 3358628 NC_004722.gbk
1244 49.9 2463282 2462086 genome.dna 3631993 3633139 NC_004722.gbk
768 41.3 2463567 2464547 genome.dna 1960270 1959268 NC_004722.gbk
293 37.0 2473501 2473887 genome.dna 2912683 2913073 NC_004722.gbk
1362 55.7 2487322 2486231 genome.dna 5400380 5399279 NC_004722.gbk
435 37.9 2488039 2487452 genome.dna 53251 53884 NC_004722.gbk
1044 51.4 2489732 2488785 genome.dna 52297 53251 NC_004722.gbk
458 36.4 2490742 2489870 genome.dna 47872 48742 NC_004722.gbk
887 36.0 2491599 2492855 genome.dna 4420811 4419476 NC_004722.gbk
1203 50.0 2492889 2493971 genome.dna 5235979 5234902 NC_004722.gbk
419 33.3 2493971 2494816 genome.dna 5234903 5234051 NC_004722.gbk
355 33.7 2536745 2535825 genome.dna 2723651 2724506 NC_004722.gbk
338 36.5 2537412 2536813 genome.dna 2314294 2314891 NC_004722.gbk
1087 36.5 2556170 2554698 genome.dna 4645677 4647117 NC_004722.gbk
690 42.9 2559421 2558525 genome.dna 3637447 3636562 NC_004722.gbk
1811 59.2 2563367 2561970 genome.dna 1660436 1661825 NC_004722.gbk
950 43.5 2571743 2570592 genome.dna 3571962 3570930 NC_004722.gbk
583 45.5 2585970 2586605 genome.dna 1496875 1497523 NC_004722.gbk
512 40.4 2597527 2596643 genome.dna 1429997 1430726 NC_004722.gbk
623 33.3 2605113 2606180 genome.dna 1209780 1210806 NC_004722.gbk
1395 53.5 2607572 2608762 genome.dna 1212176 1213370 NC_004722.gbk
456 36.4 2608762 2609568 genome.dna 1213373 1214150 NC_004722.gbk
816 32.0 2624113 2625573 genome.dna 1170911 1172456 NC_004722.gbk
1049 49.1 2627092 2626058 genome.dna 220936 221902 NC_004722.gbk
1064 53.6 2628084 2627089 genome.dna 1162303 1163347 NC_004722.gbk
731 40.4 2629004 2628096 genome.dna 898278 899130 NC_004722.gbk
864 40.3 2629936 2629016 genome.dna 183305 184223 NC_004722.gbk
838 30.9 2631627 2629990 genome.dna 3563710 3562006 NC_004722.gbk
832 30.2 2633417 2631819 genome.dna 194385 192744 NC_004722.gbk
2748 49.9 2634501 2637176 genome.dna 4306028 4303424 NC_004722.gbk
246 31.1 2637907 2637311 genome.dna 5237071 5236483 NC_004722.gbk
816 45.6 2639766 2638855 genome.dna 4829036 4828145 NC_004722.gbk
408 35.2 2645012 2644386 genome.dna 5339020 5339653 NC_004722.gbk
571 33.3 2651794 2652813 genome.dna 3052300 3051295 NC_004722.gbk
1145 53.9 2654735 2655739 genome.dna 5043661 5042674 NC_004722.gbk
927 32.7 2658991 2660925 genome.dna 526136 528032 NC_004722.gbk
609 31.8 2670474 2672015 genome.dna 771574 772993 NC_004722.gbk
586 47.8 2679167 2679979 genome.dna 4383171 4382373 NC_004722.gbk
1255 43.8 2683421 2681736 genome.dna 4471566 4470084 NC_004722.gbk
481 39.2 2694345 2695058 genome.dna 3093332 3093977 NC_004722.gbk
157 30.9 2701066 2701629 genome.dna 5231338 5230789 NC_004722.gbk
289 69.4 2702947 2702738 genome.dna 4783650 4783449 NC_004722.gbk
446 34.1 2704954 2705844 genome.dna 4225063 4224292 NC_004722.gbk
1558 52.5 2722186 2723580 genome.dna 4188762 4190157 NC_004722.gbk
914 53.5 2724246 2725070 genome.dna 1942410 1941591 NC_004722.gbk
2485 63.6 2726216 2727934 genome.dna 5080109 5078393 NC_004722.gbk
1294 40.0 2731236 2728849 genome.dna 4508112 4505691 NC_004722.gbk
871 51.2 2732234 2731251 genome.dna 4509165 4508130 NC_004722.gbk
458 58.8 2732903 2732547 genome.dna 4519158 4518801 NC_004722.gbk
212 61.8 2733144 2732947 genome.dna 4519396 4519195 NC_004722.gbk
608 54.2 2733782 2733240 genome.dna 4519921 4519417 NC_004722.gbk
2028 45.5 2735713 2733785 genome.dna 2270094 2272017 NC_004722.gbk
1674 62.8 2745227 2744004 genome.dna 2244909 2246112 NC_004722.gbk
511 35.0 2746160 2745411 genome.dna 5363219 5362478 NC_004722.gbk
981 33.9 2747899 2746157 genome.dna 5364966 5363196 NC_004722.gbk
1184 65.8 2755752 2754499 genome.dna 4540311 4539018 NC_004722.gbk
1367 54.6 2757088 2758194 genome.dna 4330428 4329309 NC_004722.gbk
1337 50.1 2765355 2764123 genome.dna 3707754 3706515 NC_004722.gbk
972 46.2 2765687 2766838 genome.dna 1264159 1265143 NC_004722.gbk
854 45.0 2766822 2767682 genome.dna 1265139 1265988 NC_004722.gbk
758 34.0 2768546 2769589 genome.dna 1266833 1267883 NC_004722.gbk
1051 42.1 2771476 2770376 genome.dna 1715198 1716410 NC_004722.gbk
490 51.0 2777056 2776550 genome.dna 4594851 4595331 NC_004722.gbk
408 34.7 2788070 2787564 genome.dna 4951386 4951893 NC_004722.gbk
523 35.6 2795320 2796189 genome.dna 2162167 2163022 NC_004722.gbk
452 31.5 2802440 2803225 genome.dna 4224293 4223459 NC_004722.gbk
1238 63.9 2809298 2808294 genome.dna 4356182 4355321 NC_004722.gbk
396 35.0 2809923 2809306 genome.dna 4356946 4356328 NC_004722.gbk
552 36.0 2811487 2810744 genome.dna 517098 517827 NC_004722.gbk
2001 50.6 2813755 2811956 genome.dna 4337914 4336138 NC_004722.gbk
981 47.2 2839971 2839006 genome.dna 4609550 4610477 NC_004722.gbk
1279 36.0 2854450 2852540 genome.dna 2094490 2096386 NC_004722.gbk
1786 57.3 2864092 2865492 genome.dna 4505233 4503841 NC_004722.gbk
411 30.8 2869134 2868487 genome.dna 4205489 4204859 NC_004722.gbk
917 57.2 2891958 2891200 genome.dna 5005507 5004754 NC_004722.gbk
1010 44.8 2893911 2892949 genome.dna 5007581 5006564 NC_004722.gbk
877 30.9 2907965 2909560 genome.dna 543168 544776 NC_004722.gbk
445 35.8 2909647 2910348 genome.dna 544778 545471 NC_004722.gbk
976 39.2 2917289 2918617 genome.dna 1369734 1371024 NC_004722.gbk
471 39.3 2920770 2921360 genome.dna 1371608 1372238 NC_004722.gbk
506 34.0 2921367 2922104 genome.dna 1372210 1372930 NC_004722.gbk
693 43.6 2922086 2922862 genome.dna 1372923 1373682 NC_004722.gbk
589 44.3 2926492 2925815 genome.dna 1452587 1453265 NC_004722.gbk
490 30.2 2928002 2926713 genome.dna 2897828 2896538 NC_004722.gbk
1060 44.8 2929170 2928085 genome.dna 3229733 3228650 NC_004722.gbk
3348 64.2 2932697 2934979 genome.dna 480535 482785 NC_004722.gbk
870 49.4 2966712 2967509 genome.dna 482855 483587 NC_004722.gbk
1433 53.2 2975613 2974318 genome.dna 20217 21492 NC_004722.gbk
956 39.5 2977060 2975717 genome.dna 4332333 4333620 NC_004722.gbk
720 37.0 2982496 2983455 genome.dna 5057748 5056782 NC_004722.gbk
880 30.2 2983684 2985450 genome.dna 1885042 1886764 NC_004722.gbk
358 74.3 2988043 2988261 genome.dna 138481 138700 NC_004722.gbk
401 61.0 3002657 3002334 genome.dna 1774317 1774005 NC_004722.gbk
686 44.7 3009847 3009002 genome.dna 1265994 1266795 NC_004722.gbk
505 35.0 3016080 3015361 genome.dna 1576528 1577263 NC_004722.gbk
699 51.8 3019705 3020373 genome.dna 1778023 1778695 NC_004722.gbk
659 35.7 3022380 3021175 genome.dna 4045325 4044134 NC_004722.gbk
661 46.5 3023325 3022666 genome.dna 325296 325962 NC_004722.gbk
464 35.3 3040207 3039428 genome.dna 2753726 2754572 NC_004722.gbk
374 37.2 3046334 3045672 genome.dna 1464553 1465123 NC_004722.gbk
551 33.5 3049052 3049924 genome.dna 201859 200992 NC_004722.gbk
931 47.8 3056352 3057347 genome.dna 752473 751477 NC_004722.gbk
2142 64.8 3063296 3061821 genome.dna 3009977 3011453 NC_004722.gbk
508 31.7 3064304 3063432 genome.dna 5072693 5073593 NC_004722.gbk
513 32.3 3064423 3065496 genome.dna 5072547 5071524 NC_004722.gbk
441 31.6 3065575 3066420 genome.dna 4227441 4226544 NC_004722.gbk
453 32.3 3069350 3068412 genome.dna 3685091 3684179 NC_004722.gbk
867 33.0 3083683 3082493 genome.dna 180156 181407 NC_004722.gbk
500 38.1 3084419 3083724 genome.dna 4642215 4641486 NC_004722.gbk
301 32.0 3108374 3107820 genome.dna 2769182 2768678 NC_004722.gbk
498 39.6 3110358 3111017 genome.dna 382541 381848 NC_004722.gbk
1693 51.3 3139235 3137823 genome.dna 2938826 2940251 NC_004722.gbk
1106 60.2 3148240 3147401 genome.dna 611713 612535 NC_004722.gbk
1010 47.5 3149284 3148253 genome.dna 610717 611701 NC_004722.gbk
789 38.8 3150266 3149277 genome.dna 5300995 5299939 NC_004722.gbk
604 34.9 3151270 3150263 genome.dna 609468 608499 NC_004722.gbk
476 52.9 3155863 3155369 genome.dna 4654589 4655075 NC_004722.gbk
403 44.4 3156400 3155882 genome.dna 4693266 4692756 NC_004722.gbk
605 34.6 3157424 3156435 genome.dna 2068415 2069429 NC_004722.gbk
2524 58.8 3161386 3159374 genome.dna 5068528 5066551 NC_004722.gbk
298 32.0 3163130 3162450 genome.dna 4081674 4080945 NC_004722.gbk
635 36.0 3166099 3165062 genome.dna 4078279 4077280 NC_004722.gbk
845 34.1 3166195 3167499 genome.dna 4083062 4081673 NC_004722.gbk
234 30.8 3168781 3169188 genome.dna 5036361 5035986 NC_004722.gbk
460 35.5 3169188 3169883 genome.dna 5361879 5361186 NC_004722.gbk
1740 47.8 3171157 3172854 genome.dna 1687385 1689092 NC_004722.gbk
481 31.0 3178804 3180039 genome.dna 4654506 4653216 NC_004722.gbk
786 54.3 3180901 3181500 genome.dna 1898403 1899006 NC_004722.gbk
299 36.5 3228583 3228035 genome.dna 3754523 3753944 NC_004722.gbk
752 37.9 3230474 3228642 genome.dna 4466048 4464275 NC_004722.gbk
1265 41.2 3306810 3308309 genome.dna 649432 650884 NC_004722.gbk
1388 54.5 3314908 3313691 genome.dna 3147010 3145804 NC_004722.gbk
276 44.8 3333853 3334194 genome.dna 1946538 1946229 NC_004722.gbk
277 35.5 3334880 3335344 genome.dna 349077 349596 NC_004722.gbk
948 38.8 3352107 3353684 genome.dna 4719862 4721212 NC_004722.gbk
1671 45.5 3364676 3363084 genome.dna 2889434 2887808 NC_004722.gbk
391 31.9 3364794 3365690 genome.dna 3381034 3380134 NC_004722.gbk
1079 41.3 3366849 3368273 genome.dna 626151 627579 NC_004722.gbk
2111 54.6 3368339 3370030 genome.dna 627592 629254 NC_004722.gbk
609 30.3 3372145 3370688 genome.dna 5202130 5200648 NC_004722.gbk
909 35.1 3373687 3372152 genome.dna 5203673 5202170 NC_004722.gbk
1255 38.8 3375638 3373788 genome.dna 5205532 5203669 NC_004722.gbk
248 38.6 3375937 3375635 genome.dna 5205877 5205562 NC_004722.gbk
954 44.8 3378041 3377067 genome.dna 5207837 5206835 NC_004722.gbk
1058 43.9 3395711 3396913 genome.dna 4578915 4577721 NC_004722.gbk
806 49.0 3399252 3400112 genome.dna 3424051 3424816 NC_004722.gbk
676 36.4 3402984 3403889 genome.dna 488740 487834 NC_004722.gbk
685 39.3 3409858 3408341 genome.dna 305845 307261 NC_004722.gbk
779 48.3 3413548 3412631 genome.dna 4549956 4549086 NC_004722.gbk
500 34.0 3415469 3414618 genome.dna 143757 144516 NC_004722.gbk
545 33.5 3416479 3415469 genome.dna 2307990 2309034 NC_004722.gbk
936 52.6 3425582 3424782 genome.dna 2388160 2388919 NC_004722.gbk
225 40.0 3427528 3426443 genome.dna 1468622 1469795 NC_004722.gbk
1758 53.6 3443783 3442200 genome.dna 2916288 2917782 NC_004722.gbk
977 39.1 3477877 3476636 genome.dna 2855376 2856579 NC_004722.gbk
506 35.8 3479267 3480127 genome.dna 2154752 2155586 NC_004722.gbk
526 31.2 3511745 3510762 genome.dna 5351913 5352852 NC_004722.gbk
374 31.2 3512886 3511738 genome.dna 5183397 5182179 NC_004722.gbk
557 32.1 3514279 3513113 genome.dna 5102574 5101248 NC_004722.gbk
882 48.2 3516455 3517318 genome.dna 4143965 4143104 NC_004722.gbk
1271 44.5 3519048 3517663 genome.dna 105368 106766 NC_004722.gbk
591 61.6 3521609 3522118 genome.dna 298985 299471 NC_004722.gbk
475 31.8 3522115 3523185 genome.dna 299467 300619 NC_004722.gbk
1458 52.4 3523656 3524945 genome.dna 3364448 3363128 NC_004722.gbk
999 58.8 3527868 3527053 genome.dna 4212582 4211766 NC_004722.gbk
1415 36.3 3531913 3533985 genome.dna 3969103 3966994 NC_004722.gbk
422 49.6 3537011 3536586 genome.dna 4421683 4422100 NC_004722.gbk
1990 64.2 3548305 3549609 genome.dna 3988115 3986813 NC_004722.gbk
1232 61.6 3549622 3550470 genome.dna 3986813 3985970 NC_004722.gbk
1513 60.5 3557692 3558888 genome.dna 4954427 4953257 NC_004722.gbk
693 32.3 3566972 3568372 genome.dna 2258711 2260142 NC_004722.gbk
572 42.0 3569781 3570509 genome.dna 1434572 1435289 NC_004722.gbk
894 61.3 3570531 3571184 genome.dna 2575248 2575905 NC_004722.gbk
379 39.4 3571239 3571790 genome.dna 2951644 2951101 NC_004722.gbk
581 31.5 3573115 3574479 genome.dna 4316464 4315183 NC_004722.gbk
470 34.1 3575248 3576147 genome.dna 331345 332251 NC_004722.gbk
446 54.2 3576568 3576161 genome.dna 3444195 3443772 NC_004722.gbk
662 42.3 3577570 3576767 genome.dna 736392 737205 NC_004722.gbk
557 39.4 3578361 3577567 genome.dna 404959 405769 NC_004722.gbk
1844 51.5 3590632 3589055 genome.dna 259857 261405 NC_004722.gbk
1752 55.8 3592205 3590739 genome.dna 15348 16812 NC_004722.gbk
1124 40.8 3592378 3593766 genome.dna 4143078 4141719 NC_004722.gbk
558 39.0 3596586 3597341 genome.dna 3145026 3144261 NC_004722.gbk
639 39.8 3599984 3598497 genome.dna 1458173 1459484 NC_004722.gbk
1120 41.3 3603229 3601955 genome.dna 4339198 4337926 NC_004722.gbk
1130 49.6 3604488 3603367 genome.dna 4221840 4222953 NC_004722.gbk
775 35.3 3607701 3606505 genome.dna 3842018 3840929 NC_004722.gbk
438 47.1 3608433 3608005 genome.dna 1467911 1468358 NC_004722.gbk
785 34.4 3610387 3611748 genome.dna 5111946 5110620 NC_004722.gbk
456 32.6 3611852 3612721 genome.dna 1523850 1524684 NC_004722.gbk
145 31.6 3616630 3616295 genome.dna 2763077 2763398 NC_004722.gbk
884 42.2 3621177 3619963 genome.dna 4331588 4330526 NC_004722.gbk
252 35.1 3621953 3621459 genome.dna 4332040 4331623 NC_004722.gbk
489 32.5 3622920 3623723 genome.dna 3939090 3938304 NC_004722.gbk
1545 56.4 3635387 3634134 genome.dna 5225933 5224688 NC_004722.gbk
1093 42.8 3635748 3636938 genome.dna 1406909 1408118 NC_004722.gbk
452 46.5 3651787 3651263 genome.dna 24414 24915 NC_004722.gbk
956 53.2 3653449 3652523 genome.dna 819546 820431 NC_004722.gbk
200 37.8 3680225 3679845 genome.dna 237042 237402 NC_004722.gbk
829 41.3 3682691 3681786 genome.dna 4241082 4240176 NC_004722.gbk
458 34.5 3683368 3682688 genome.dna 3826748 3826010 NC_004722.gbk
2415 58.3 3686442 3684643 genome.dna 4261245 4259421 NC_004722.gbk
628 38.8 3689812 3691413 genome.dna 4365834 4364304 NC_004722.gbk
818 55.3 3694571 3695257 genome.dna 5313572 5312894 NC_004722.gbk
338 34.4 3695855 3696739 genome.dna 3699380 3698561 NC_004722.gbk
845 35.5 3698228 3696813 genome.dna 102787 104278 NC_004722.gbk
1114 56.1 3703917 3702925 genome.dna 1078635 1079709 NC_004722.gbk
1048 52.8 3704788 3703907 genome.dna 1077764 1078622 NC_004722.gbk
1022 58.6 3705613 3704801 genome.dna 1076925 1077753 NC_004722.gbk
796 52.6 3711890 3712588 genome.dna 4309131 4308435 NC_004722.gbk
290 38.5 3714535 3714188 genome.dna 4854447 4854093 NC_004722.gbk
1642 57.2 3714803 3716083 genome.dna 4415916 4414626 NC_004722.gbk
346 37.1 3732230 3732727 genome.dna 78490 79006 NC_004722.gbk
738 43.3 3732844 3733638 genome.dna 1488878 1489715 NC_004722.gbk
607 39.6 3733793 3734647 genome.dna 1489714 1490563 NC_004722.gbk
358 47.4 3734665 3735045 genome.dna 1490575 1490959 NC_004722.gbk
539 33.7 3736813 3735875 genome.dna 1678842 1679784 NC_004722.gbk
576 50.3 3738313 3737777 genome.dna 68735 69278 NC_004722.gbk
706 39.2 3742499 3743362 genome.dna 5289145 5288317 NC_004722.gbk
182 35.2 3745052 3745459 genome.dna 1324853 1325213 NC_004722.gbk
2074 44.5 3745456 3747603 genome.dna 1325199 1327284 NC_004722.gbk
848 42.5 3747628 3748590 genome.dna 1327365 1328334 NC_004722.gbk
3021 54.1 3762599 3760023 genome.dna 1146574 1149175 NC_004722.gbk
692 41.3 3764478 3763501 genome.dna 3874373 3873464 NC_004722.gbk
413 58.0 3773009 3772662 genome.dna 3817328 3816983 NC_004722.gbk
750 44.4 3773827 3773072 genome.dna 3818209 3817474 NC_004722.gbk
247 51.3 3774681 3774433 genome.dna 3819360 3819087 NC_004722.gbk
1559 52.2 3776200 3774839 genome.dna 3820811 3819461 NC_004722.gbk
364 37.7 3777786 3777271 genome.dna 4718713 4718239 NC_004722.gbk
2070 44.7 3784972 3782345 genome.dna 4323253 4320610 NC_004722.gbk
1380 61.3 3786717 3785644 genome.dna 3752542 3751510 NC_004722.gbk
787 38.0 3883829 3882726 genome.dna 2934399 2933295 NC_004722.gbk
1138 37.3 3886800 3888260 genome.dna 2380908 2382378 NC_004722.gbk
684 34.4 3889382 3888324 genome.dna 4108856 4107608 NC_004722.gbk
452 34.3 3890504 3891274 genome.dna 2850773 2849987 NC_004722.gbk
1018 42.8 3898328 3897126 genome.dna 4007752 4006570 NC_004722.gbk
677 42.4 3898447 3899475 genome.dna 361431 362478 NC_004722.gbk
334 36.7 3906590 3906045 genome.dna 4012858 4013371 NC_004722.gbk
334 36.6 3907890 3907273 genome.dna 4012242 4012881 NC_004722.gbk
524 36.6 3909216 3909983 genome.dna 4008834 4008054 NC_004722.gbk
600 31.8 3918901 3920391 genome.dna 327888 329346 NC_004722.gbk
1311 50.1 3921930 3923132 genome.dna 2760573 2759367 NC_004722.gbk
258 30.3 3926632 3927213 genome.dna 960476 961061 NC_004722.gbk
893 38.5 3928680 3929900 genome.dna 3133907 3132716 NC_004722.gbk
379 30.6 3930070 3930801 genome.dna 1625616 1626342 NC_004722.gbk
1487 58.0 3935043 3936227 genome.dna 600102 598923 NC_004722.gbk
1499 52.9 3945541 3944261 genome.dna 917553 916230 NC_004722.gbk
1075 49.2 3952362 3953393 genome.dna 324287 325307 NC_004722.gbk
659 39.9 3954101 3954916 genome.dna 325983 326835 NC_004722.gbk
1967 52.1 3956293 3958011 genome.dna 3796348 3794647 NC_004722.gbk
667 63.5 3963052 3962555 genome.dna 102254 102731 NC_004722.gbk
365 33.5 3963804 3963091 genome.dna 101457 102138 NC_004722.gbk
938 59.2 3966155 3966877 genome.dna 4114115 4113392 NC_004722.gbk
725 53.1 3967961 3967344 genome.dna 1384345 1384939 NC_004722.gbk
331 30.9 3972869 3972135 genome.dna 1382452 1383157 NC_004722.gbk
505 38.0 3989266 3990012 genome.dna 4650616 4649830 NC_004722.gbk
624 36.4 3994559 3995977 genome.dna 1262551 1263919 NC_004722.gbk
516 39.3 3996022 3996702 genome.dna 4444740 4445427 NC_004722.gbk
1777 65.4 4001743 4000448 genome.dna 5039005 5037709 NC_004722.gbk
1689 56.4 4003479 4001842 genome.dna 5246325 5244717 NC_004722.gbk
1781 38.1 4007080 4004843 genome.dna 4342535 4340351 NC_004722.gbk
1385 55.3 4012636 4011491 genome.dna 156903 158049 NC_004722.gbk
637 35.2 4013697 4012813 genome.dna 4015201 4014322 NC_004722.gbk
1967 45.3 4027241 4025196 genome.dna 317207 319217 NC_004722.gbk
1032 61.8 4036522 4035704 genome.dna 1349220 1350012 NC_004722.gbk
356 35.6 4037132 4037767 genome.dna 3582115 3582712 NC_004722.gbk
132 30.5 4040654 4040304 genome.dna 2780285 2779904 NC_004722.gbk
1569 44.6 4054763 4056430 genome.dna 2377319 2375642 NC_004722.gbk
345 36.3 4056533 4057198 genome.dna 2082550 2081842 NC_004722.gbk
239 33.8 4059979 4059527 genome.dna 5394916 5394469 NC_004722.gbk
283 61.5 4060248 4060021 genome.dna 5398213 5397979 NC_004722.gbk
574 40.1 4068636 4067902 genome.dna 107172 107916 NC_004722.gbk
1724 37.5 4071195 4068739 genome.dna 5033927 5031500 NC_004722.gbk
500 31.1 4077711 4078532 genome.dna 2935095 2935914 NC_004722.gbk
578 48.2 4079441 4080034 genome.dna 4439747 4439129 NC_004722.gbk
646 31.1 4080027 4081166 genome.dna 4258865 4257725 NC_004722.gbk
493 30.7 4100167 4101123 genome.dna 1046320 1047262 NC_004722.gbk
538 34.6 4104484 4105365 genome.dna 902683 903505 NC_004722.gbk
643 39.0 4114259 4113273 genome.dna 3430468 3431434 NC_004722.gbk
544 30.5 4115888 4116970 genome.dna 2004324 2005551 NC_004722.gbk
3809 60.5 4139901 4137067 genome.dna 5066546 5063669 NC_004722.gbk
303 38.6 4140147 4140710 genome.dna 5398771 5398258 NC_004722.gbk
860 32.4 4181249 4182667 genome.dna 2011756 2010340 NC_004722.gbk
1105 50.4 4186931 4185840 genome.dna 3993524 3994625 NC_004722.gbk
477 34.9 4217612 4218277 genome.dna 661347 661995 NC_004722.gbk
1256 44.2 4231793 4230366 genome.dna 3946712 3945299 NC_004722.gbk
372 31.8 4237489 4236725 genome.dna 1282032 1282689 NC_004722.gbk
665 42.0 4244964 4245854 genome.dna 4364285 4363451 NC_004722.gbk
408 39.9 4250722 4251348 genome.dna 4529700 4529097 NC_004722.gbk
965 49.8 4255592 4252890 genome.dna 5089599 5087091 NC_004722.gbk
1139 48.3 4258960 4257809 genome.dna 3886760 3885605 NC_004722.gbk
703 32.1 4260285 4259029 genome.dna 3888107 3886799 NC_004722.gbk
593 34.6 4262088 4261168 genome.dna 2524772 2525678 NC_004722.gbk
316 31.3 4263557 4262097 genome.dna 4621402 4620091 NC_004722.gbk
887 39.9 4265910 4264708 genome.dna 3892792 3891691 NC_004722.gbk
671 31.9 4267226 4265910 genome.dna 3894226 3892873 NC_004722.gbk
524 47.9 4268312 4267230 genome.dna 3895201 3894226 NC_004722.gbk
824 35.4 4269667 4268306 genome.dna 232053 233418 NC_004722.gbk
967 38.9 4271151 4269664 genome.dna 3896699 3895223 NC_004722.gbk
847 45.0 4274186 4273242 genome.dna 3902365 3901432 NC_004722.gbk
387 39.8 4277861 4277370 genome.dna 1361375 1361885 NC_004722.gbk
1281 44.3 4282166 4283764 genome.dna 1362935 1364444 NC_004722.gbk
791 50.8 4283764 4284855 genome.dna 1364521 1365586 NC_004722.gbk
1159 57.8 4284858 4286258 genome.dna 1365585 1366980 NC_004722.gbk
636 49.2 4286272 4286874 genome.dna 1366954 1367539 NC_004722.gbk
493 35.7 4319027 4319845 genome.dna 45065 45944 NC_004722.gbk
425 36.0 4323873 4323391 genome.dna 2138820 2139309 NC_004722.gbk
369 31.6 4325410 4326024 genome.dna 2235662 2235029 NC_004722.gbk
2904 49.3 4330684 4327460 genome.dna 3867875 3864656 NC_004722.gbk
417 46.9 4331847 4330699 genome.dna 3868981 3867859 NC_004722.gbk
329 37.6 4335368 4334856 genome.dna 3874869 3874377 NC_004722.gbk
2689 44.1 4338181 4335368 genome.dna 3878213 3875447 NC_004722.gbk
578 37.4 4339154 4338213 genome.dna 3783926 3782954 NC_004722.gbk
260 51.8 4339580 4339843 genome.dna 4263101 4263359 NC_004722.gbk
1232 52.8 4343498 4342359 genome.dna 4253828 4252712 NC_004722.gbk
1978 56.7 4345514 4343607 genome.dna 4255868 4254032 NC_004722.gbk
380 38.3 4345979 4346554 genome.dna 3508870 3508249 NC_004722.gbk
475 39.2 4373604 4372945 genome.dna 2763402 2764065 NC_004722.gbk
317 30.2 4376373 4375759 genome.dna 1935417 1934799 NC_004722.gbk
1176 62.8 4388480 4389631 genome.dna 4695519 4694319 NC_004722.gbk
239 33.8 4393907 4394326 genome.dna 4320264 4319850 NC_004722.gbk
1352 46.4 4398393 4397095 genome.dna 5392866 5391576 NC_004722.gbk
918 41.9 4402445 4401165 genome.dna 3673651 3672373 NC_004722.gbk
624 37.1 4403893 4402952 genome.dna 3680520 3679566 NC_004722.gbk
244 32.0 4408042 4407560 genome.dna 250303 250777 NC_004722.gbk
625 30.1 4409761 4410900 genome.dna 520931 522074 NC_004722.gbk
1743 56.6 4413004 4411424 genome.dna 359023 357496 NC_004722.gbk
873 66.8 4413698 4413135 genome.dna 359601 359037 NC_004722.gbk
582 39.3 4429982 4429287 genome.dna 3297628 3296917 NC_004722.gbk
529 35.7 4435653 4436702 genome.dna 3837944 3837062 NC_004722.gbk
1008 35.0 4442783 4444579 genome.dna 4462770 4460976 NC_004722.gbk
497 44.0 4448185 4447619 genome.dna 4154953 4154395 NC_004722.gbk
1265 37.2 4464530 4460847 genome.dna 4197501 4194099 NC_004722.gbk
1936 67.6 4468982 4467675 genome.dna 1110234 1111512 NC_004722.gbk
1850 55.2 4470612 4469014 genome.dna 1108648 1110211 NC_004722.gbk
1040 50.2 4471827 4470898 genome.dna 5320472 5319551 NC_004722.gbk
378 39.3 4477982 4478530 genome.dna 4689532 4690045 NC_004722.gbk
421 33.9 4479596 4478769 genome.dna 4273096 4272262 NC_004722.gbk
372 42.0 4482450 4482959 genome.dna 3844792 3844321 NC_004722.gbk
802 41.3 4482986 4483933 genome.dna 3844298 3843353 NC_004722.gbk
659 34.7 4484001 4485290 genome.dna 3843357 3842022 NC_004722.gbk
451 56.9 4486815 4487225 genome.dna 4610605 4611004 NC_004722.gbk
316 49.2 4488068 4487676 genome.dna 140810 141173 NC_004722.gbk
854 46.2 4489098 4488109 genome.dna 139830 140775 NC_004722.gbk
587 47.6 4489744 4489124 genome.dna 4596968 4597571 NC_004722.gbk
586 65.1 4490164 4489775 genome.dna 139260 139650 NC_004722.gbk
469 56.9 4490537 4490181 genome.dna 138870 139236 NC_004722.gbk
165 60.5 4490800 4490684 genome.dna 138735 138849 NC_004722.gbk
1137 42.7 4492165 4490834 genome.dna 2719336 2720641 NC_004722.gbk
444 50.7 4492607 4492173 genome.dna 135217 135658 NC_004722.gbk
185 49.2 4492790 4492611 genome.dna 135001 135184 NC_004722.gbk
607 54.8 4493297 4492797 genome.dna 134484 134988 NC_004722.gbk
364 53.8 4493665 4493312 genome.dna 134103 134466 NC_004722.gbk
536 50.3 4494208 4493675 genome.dna 133532 134072 NC_004722.gbk
431 51.1 4494614 4494222 genome.dna 133101 133500 NC_004722.gbk
800 59.8 4495506 4494967 genome.dna 132313 132853 NC_004722.gbk
319 51.0 4495835 4495521 genome.dna 131975 132287 NC_004722.gbk
534 67.5 4496217 4495846 genome.dna 131568 131937 NC_004722.gbk
254 46.8 4496635 4496381 genome.dna 131261 131525 NC_004722.gbk
136 39.6 4496826 4496635 genome.dna 131049 131241 NC_004722.gbk
562 59.7 4497236 4496826 genome.dna 130615 131050 NC_004722.gbk
794 56.7 4497950 4497249 genome.dna 129954 130614 NC_004722.gbk
386 62.0 4498300 4497968 genome.dna 129591 129951 NC_004722.gbk
434 66.3 4498593 4498315 genome.dna 129313 129592 NC_004722.gbk
1113 60.5 4499431 4498610 genome.dna 128422 129253 NC_004722.gbk
136 34.5 4499751 4499449 genome.dna 128103 128394 NC_004722.gbk
521 43.5 4500353 4499748 genome.dna 127480 128104 NC_004722.gbk
629 49.0 4500993 4500364 genome.dna 126822 127455 NC_004722.gbk
447 64.7 4501337 4501026 genome.dna 126479 126788 NC_004722.gbk
128 30.6 4502117 4501644 genome.dna 985289 985736 NC_004722.gbk
2527 63.1 4505956 4503842 genome.dna 122697 124776 NC_004722.gbk
635 56.4 4506523 4506053 genome.dna 122018 122489 NC_004722.gbk
526 68.4 4506994 4506620 genome.dna 121566 121989 NC_004722.gbk
559 40.5 4510929 4511597 genome.dna 3175319 3175994 NC_004722.gbk
473 38.8 4514856 4514044 genome.dna 3881373 3880698 NC_004722.gbk
326 33.3 4523180 4522629 genome.dna 3383491 3382954 NC_004722.gbk
1034 33.2 4523306 4525213 genome.dna 255338 253403 NC_004722.gbk
292 33.2 4525894 4525292 genome.dna 2322932 2322347 NC_004722.gbk
1044 42.7 4531124 4529898 genome.dna 4092784 4091584 NC_004722.gbk
806 58.4 4531820 4531245 genome.dna 75842 76430 NC_004722.gbk
473 31.2 4557783 4556779 genome.dna 3302858 3301874 NC_004722.gbk
732 50.7 4559154 4558477 genome.dna 3837060 3836415 NC_004722.gbk
809 39.6 4562421 4561336 genome.dna 1469794 1470880 NC_004722.gbk
1535 49.0 4575473 4577092 genome.dna 4696038 4697625 NC_004722.gbk
577 38.9 4579442 4578723 genome.dna 263259 263961 NC_004722.gbk
576 36.9 4584899 4583883 genome.dna 4308353 4307429 NC_004722.gbk
1867 44.2 4597892 4600225 genome.dna 240808 242983 NC_004722.gbk
535 35.9 4603858 4604907 genome.dna 1452104 1451129 NC_004722.gbk
268 30.0 4609268 4607523 genome.dna 2948179 2946535 NC_004722.gbk
223 30.0 4613483 4614184 genome.dna 5091768 5091063 NC_004722.gbk
164 30.4 4621561 4621244 genome.dna 4662353 4662047 NC_004722.gbk
653 30.3 4622349 4623851 genome.dna 1017472 1019155 NC_004722.gbk
2161 43.8 4632742 4630295 genome.dna 4788973 4786564 NC_004722.gbk
1075 37.1 4634257 4632818 genome.dna 4790422 4788991 NC_004722.gbk
732 39.3 4635563 4634286 genome.dna 4792720 4791589 NC_004722.gbk
1209 45.1 4639754 4637577 genome.dna 4794605 4792667 NC_004722.gbk
561 39.6 4651246 4650551 genome.dna 4942924 4942225 NC_004722.gbk
1885 60.4 4656105 4657454 genome.dna 653160 651810 NC_004722.gbk
1318 39.8 4664050 4662224 genome.dna 2782428 2780310 NC_004722.gbk
837 43.4 4665855 4666784 genome.dna 3531595 3530653 NC_004722.gbk
1627 39.3 4672431 4670269 genome.dna 314931 317193 NC_004722.gbk
605 36.5 4675687 4674863 genome.dna 4855355 4854488 NC_004722.gbk
842 47.9 4680620 4681561 genome.dna 4418610 4417680 NC_004722.gbk
542 36.8 4687992 4687321 genome.dna 4114767 4114107 NC_004722.gbk
810 33.3 4690836 4689472 genome.dna 300579 301923 NC_004722.gbk
2005 61.9 4694568 4693180 genome.dna 3412017 3410640 NC_004722.gbk
425 35.0 4695646 4694897 genome.dna 5335858 5335117 NC_004722.gbk
562 45.7 4702353 4701286 genome.dna 1193266 1194238 NC_004722.gbk
647 32.3 4703612 4702350 genome.dna 476452 477694 NC_004722.gbk
700 52.8 4704862 4703738 genome.dna 5101174 5100058 NC_004722.gbk
1563 57.9 4708658 4707399 genome.dna 5239425 5238153 NC_004722.gbk
298 41.3 4709479 4709153 genome.dna 4466524 4466209 NC_004722.gbk
1749 53.6 4719117 4720601 genome.dna 1206899 1205420 NC_004722.gbk
1216 46.7 4729969 4728119 genome.dna 1732372 1734034 NC_004722.gbk
689 39.9 4730969 4730043 genome.dna 1358465 1359362 NC_004722.gbk
1764 49.0 4732978 4731332 genome.dna 1729343 1731065 NC_004722.gbk
401 32.1 4748208 4747351 genome.dna 842745 843576 NC_004722.gbk
961 42.5 4766891 4765731 genome.dna 4307426 4306292 NC_004722.gbk
1348 34.4 4770998 4773196 genome.dna 3847209 3844803 NC_004722.gbk
736 36.3 4773468 4774511 genome.dna 4612709 4611710 NC_004722.gbk
610 54.0 4775884 4776414 genome.dna 3806770 3806227 NC_004722.gbk
944 50.3 4776424 4777755 genome.dna 3806205 3804813 NC_004722.gbk
235 37.3 4780345 4781184 genome.dna 1014998 1015835 NC_004722.gbk
2133 60.4 4781238 4782749 genome.dna 1015848 1017339 NC_004722.gbk
853 51.1 4782875 4783885 genome.dna 4873484 4874456 NC_004722.gbk
1192 54.4 4825789 4824827 genome.dna 4547996 4547036 NC_004722.gbk
577 42.6 4829201 4829899 genome.dna 4536694 4535974 NC_004722.gbk
361 40.8 4834867 4834403 genome.dna 523064 523553 NC_004722.gbk
388 32.9 4837408 4836659 genome.dna 5291060 5291786 NC_004722.gbk
583 33.0 4839358 4838507 genome.dna 552183 553005 NC_004722.gbk
618 33.9 4840266 4839379 genome.dna 551254 552187 NC_004722.gbk
734 34.6 4841673 4840339 genome.dna 553026 554403 NC_004722.gbk
356 31.3 4843920 4843159 genome.dna 3685840 3685087 NC_004722.gbk
483 35.3 4859998 4859297 genome.dna 1874277 1874979 NC_004722.gbk
494 31.3 4860774 4860004 genome.dna 1873534 1874278 NC_004722.gbk
608 44.0 4867996 4867325 genome.dna 5084790 5084112 NC_004722.gbk
154 30.1 4875073 4874828 genome.dna 780171 780405 NC_004722.gbk
1697 56.0 4932696 4934039 genome.dna 564248 565595 NC_004722.gbk
650 45.3 4936111 4935389 genome.dna 563418 564126 NC_004722.gbk
1371 41.3 4937762 4936104 genome.dna 561817 563422 NC_004722.gbk
540 32.5 4948910 4949932 genome.dna 2869546 2868559 NC_004722.gbk
1585 61.3 4949991 4951133 genome.dna 2867618 2866505 NC_004722.gbk
771 43.5 4951144 4951938 genome.dna 2868543 2867694 NC_004722.gbk
742 35.0 4962494 4961517 genome.dna 897321 898272 NC_004722.gbk
553 37.4 4969043 4968228 genome.dna 5311528 5312350 NC_004722.gbk
277 43.9 4974776 4974429 genome.dna 5116471 5116153 NC_004722.gbk
1158 43.2 4976079 4974766 genome.dna 2338203 2339487 NC_004722.gbk
317 52.5 4976401 4976096 genome.dna 5118100 5117797 NC_004722.gbk
1213 46.0 4985096 4983699 genome.dna 280 1621 NC_004722.gbk
185 65.1 4985770 4985910 genome.dna 5411527 5411392 NC_004722.gbk
829 34.1 4988276 4989640 genome.dna 5409299 5407922 NC_004722.gbk
1144 43.1 5010680 5009268 genome.dna 756637 755335 NC_004722.gbk
470 33.3 5014534 5013698 genome.dna 637316 638147 NC_004722.gbk
413 35.5 5015940 5016497 genome.dna 2323044 2323602 NC_004722.gbk
405 33.3 5017538 5016804 genome.dna 4211475 4210818 NC_004722.gbk
422 31.0 5019301 5018414 genome.dna 4213468 4212610 NC_004722.gbk
377 34.4 5020260 5019301 genome.dna 712215 713109 NC_004722.gbk
1028 40.6 5026700 5027902 genome.dna 1494844 1496032 NC_004722.gbk
627 34.2 5029737 5028745 genome.dna 3024858 3023868 NC_004722.gbk
232 32.5 5040111 5039689 genome.dna 3583557 3583137 NC_004722.gbk
1448 39.8 5049054 5047222 genome.dna 163522 165325 NC_004722.gbk
1202 45.3 5050610 5049240 genome.dna 50899 52279 NC_004722.gbk
295 34.4 5053946 5053527 genome.dna 5216088 5215686 NC_004722.gbk
2036 67.4 5055348 5053966 genome.dna 5217515 5216108 NC_004722.gbk
667 38.5 5056259 5055396 genome.dna 5218616 5217755 NC_004722.gbk
1225 54.9 5057853 5056312 genome.dna 5220471 5218953 NC_004722.gbk
188 44.3 5059187 5058948 genome.dna 5221867 5221648 NC_004722.gbk
2042 50.9 5063659 5061770 genome.dna 5407876 5405986 NC_004722.gbk
