206 30.1 1026 565 genome.dna 936367 936799 NC_003304.gbk
1854 45.4 5629 7497 genome.dna 711740 713660 NC_003304.gbk
583 40.1 9676 9014 genome.dna 2436168 2435487 NC_003304.gbk
1490 45.8 10948 12453 genome.dna 2823584 2822066 NC_003304.gbk
790 47.3 12461 13429 genome.dna 1877777 1876796 NC_003304.gbk
523 31.6 13455 14342 genome.dna 1876664 1875734 NC_003304.gbk
575 34.1 14538 15464 genome.dna 359447 358547 NC_003304.gbk
351 36.6 22684 22163 genome.dna 1684105 1684621 NC_003304.gbk
267 32.0 23264 22674 genome.dna 1683452 1684109 NC_003304.gbk
1682 42.7 25826 28615 genome.dna 113126 116222 NC_003304.gbk
217 38.7 29669 29034 genome.dna 376065 375411 NC_003304.gbk
950 35.9 30749 32122 genome.dna 1583237 1581884 NC_003304.gbk
1318 43.5 33859 32447 genome.dna 1439208 1440660 NC_003304.gbk
498 32.1 34917 33868 genome.dna 1438063 1439212 NC_003304.gbk
2058 63.4 36667 35258 genome.dna 1754154 1755564 NC_003304.gbk
2148 54.7 37037 38860 genome.dna 2646972 2645151 NC_003304.gbk
1449 41.8 47188 45107 genome.dna 1766403 1768509 NC_003304.gbk
1409 35.5 49985 47886 genome.dna 1022567 1024802 NC_003304.gbk
564 43.2 50956 50333 genome.dna 1090346 1091009 NC_003304.gbk
1334 52.0 59253 58054 genome.dna 590320 591505 NC_003304.gbk
1299 34.7 70479 68437 genome.dna 2649183 2647122 NC_003304.gbk
767 43.2 76671 77513 genome.dna 1124684 1123820 NC_003304.gbk
994 38.4 77642 78994 genome.dna 1594928 1593533 NC_003304.gbk
376 36.6 81805 82428 genome.dna 2653610 2654318 NC_003304.gbk
561 34.8 93925 92960 genome.dna 80185 79180 NC_003304.gbk
565 47.0 97287 96724 genome.dna 666320 666950 NC_003304.gbk
493 36.5 97589 98332 genome.dna 1886142 1885320 NC_003304.gbk
1128 63.8 98527 99441 genome.dna 626230 627163 NC_003304.gbk
469 33.6 99451 101520 genome.dna 631735 633889 NC_003304.gbk
436 45.3 110262 109636 genome.dna 872846 873449 NC_003304.gbk
565 42.0 111355 110522 genome.dna 2603814 2602998 NC_003304.gbk
2445 69.7 111626 113161 genome.dna 2195017 2193499 NC_003304.gbk
455 38.9 117691 118689 genome.dna 2326630 2325565 NC_003304.gbk
1463 46.8 118825 120366 genome.dna 2325475 2323936 NC_003304.gbk
939 38.9 120344 121525 genome.dna 2323940 2322743 NC_003304.gbk
1178 47.5 140268 141428 genome.dna 2295931 2297080 NC_003304.gbk
483 34.0 151546 150683 genome.dna 1089453 1090341 NC_003304.gbk
537 42.1 155671 154589 genome.dna 2478318 2479407 NC_003304.gbk
907 59.2 162282 162998 genome.dna 321761 321044 NC_003304.gbk
380 44.9 165569 165111 genome.dna 307366 306895 NC_003304.gbk
970 45.9 166824 165547 genome.dna 309108 310314 NC_003304.gbk
387 34.2 166978 167643 genome.dna 1588836 1589535 NC_003304.gbk
202 60.0 168129 168296 genome.dna 1289153 1288985 NC_003304.gbk
460 41.1 168516 169325 genome.dna 314609 315506 NC_003304.gbk
427 41.6 170854 170375 genome.dna 1668574 1668079 NC_003304.gbk
786 35.1 172168 170891 genome.dna 693448 694771 NC_003304.gbk
692 37.2 186786 187982 genome.dna 2593111 2592067 NC_003304.gbk
544 31.0 187993 189078 genome.dna 1402520 1403564 NC_003304.gbk
801 42.3 192775 193791 genome.dna 2634420 2633436 NC_003304.gbk
838 51.6 193935 194756 genome.dna 1558136 1557290 NC_003304.gbk
298 30.9 207484 206657 genome.dna 615681 616557 NC_003304.gbk
736 46.5 222967 223722 genome.dna 314466 313689 NC_003304.gbk
1001 35.1 224355 225995 genome.dna 313653 312078 NC_003304.gbk
163 39.2 226078 226338 genome.dna 1691454 1691241 NC_003304.gbk
449 35.5 226939 227694 genome.dna 1690451 1689647 NC_003304.gbk
1152 53.1 228573 229595 genome.dna 1156601 1155587 NC_003304.gbk
1022 38.5 238222 239673 genome.dna 1198320 1196982 NC_003304.gbk
1078 52.9 248939 247989 genome.dna 40749 39780 NC_003304.gbk
1986 74.7 250357 251541 genome.dna 1917114 1915938 NC_003304.gbk
1986 74.7 250357 251541 genome.dna 1937467 1936291 NC_003304.gbk
660 54.3 252164 252709 genome.dna 1934625 1934094 NC_003304.gbk
556 59.6 252872 253300 genome.dna 1933949 1933517 NC_003304.gbk
802 52.4 253304 254008 genome.dna 1933515 1932819 NC_003304.gbk
282 35.5 254326 254823 genome.dna 1932463 1931944 NC_003304.gbk
403 60.0 254890 255255 genome.dna 1931885 1931507 NC_003304.gbk
3863 58.4 255584 259612 genome.dna 1931244 1927107 NC_003304.gbk
5327 58.2 259736 263959 genome.dna 1926926 1922717 NC_003304.gbk
586 40.0 269828 269043 genome.dna 2538642 2537868 NC_003304.gbk
578 41.3 270806 270027 genome.dna 77194 77956 NC_003304.gbk
2694 68.3 273440 271446 genome.dna 2541640 2539816 NC_003304.gbk
826 39.0 275283 276347 genome.dna 2841284 2840249 NC_003304.gbk
1584 56.3 280242 278956 genome.dna 638760 637482 NC_003304.gbk
1629 53.5 281849 280260 genome.dna 2827855 2826238 NC_003304.gbk
1301 77.6 288581 287820 genome.dna 1565794 1566568 NC_003304.gbk
1117 50.6 289684 288590 genome.dna 1564624 1565782 NC_003304.gbk
1158 47.2 290872 289694 genome.dna 1563419 1564622 NC_003304.gbk
1340 57.4 291953 290928 genome.dna 1562284 1563316 NC_003304.gbk
633 33.9 295276 296334 genome.dna 2819933 2818910 NC_003304.gbk
818 44.9 301263 300298 genome.dna 1437050 1438067 NC_003304.gbk
1856 60.6 306633 305290 genome.dna 1318103 1316756 NC_003304.gbk
386 45.1 307112 306645 genome.dna 1318604 1318115 NC_003304.gbk
435 46.8 307589 307137 genome.dna 1319067 1318629 NC_003304.gbk
375 36.9 308443 307844 genome.dna 1898474 1899122 NC_003304.gbk
1119 51.9 309481 308480 genome.dna 1897530 1898472 NC_003304.gbk
400 43.1 315964 316557 genome.dna 526503 525879 NC_003304.gbk
1546 52.1 321945 323390 genome.dna 761595 760179 NC_003304.gbk
917 37.9 331816 333156 genome.dna 690686 692033 NC_003304.gbk
172 35.4 334075 333803 genome.dna 33686 33410 NC_003304.gbk
360 40.0 335599 335126 genome.dna 324282 323820 NC_003304.gbk
875 36.6 337440 336007 genome.dna 326652 325170 NC_003304.gbk
897 56.1 338215 337490 genome.dna 327677 326867 NC_003304.gbk
175 31.0 338791 338219 genome.dna 328250 327686 NC_003304.gbk
595 37.9 342391 343203 genome.dna 1630421 1629584 NC_003304.gbk
1136 49.3 345980 347242 genome.dna 531146 529853 NC_003304.gbk
926 38.7 349956 348586 genome.dna 2002861 2001316 NC_003304.gbk
731 35.3 350815 351966 genome.dna 2627009 2625845 NC_003304.gbk
576 58.0 352201 352629 genome.dna 1236878 1236413 NC_003304.gbk
456 54.0 352645 353037 genome.dna 1236411 1235943 NC_003304.gbk
555 39.1 355354 354581 genome.dna 1882576 1883362 NC_003304.gbk
1068 33.0 361542 357046 genome.dna 148786 154285 NC_003304.gbk
751 46.7 372605 373492 genome.dna 295138 296080 NC_003304.gbk
1814 41.3 392535 394805 genome.dna 1151746 1153999 NC_003304.gbk
400 33.9 397546 398283 genome.dna 2584816 2585569 NC_003304.gbk
554 34.3 399153 398326 genome.dna 864621 863793 NC_003304.gbk
1001 43.0 404861 403671 genome.dna 1561916 1560728 NC_003304.gbk
990 36.9 406489 405197 genome.dna 2739803 2741081 NC_003304.gbk
513 31.1 408325 407348 genome.dna 2741111 2742119 NC_003304.gbk
791 51.3 409087 410001 genome.dna 166809 167763 NC_003304.gbk
544 61.7 410005 410430 genome.dna 167769 168273 NC_003304.gbk
378 30.9 417112 416177 genome.dna 395633 396560 NC_003304.gbk
577 35.3 428913 428092 genome.dna 2318239 2319061 NC_003304.gbk
567 34.2 429839 428910 genome.dna 2317276 2318218 NC_003304.gbk
1807 55.0 431263 429833 genome.dna 2315812 2317273 NC_003304.gbk
484 32.9 433394 432459 genome.dna 1301137 1300195 NC_003304.gbk
472 36.5 435364 434357 genome.dna 425283 426201 NC_003304.gbk
1007 48.9 460910 458055 genome.dna 1708240 1705396 NC_003304.gbk
347 50.0 509102 508848 genome.dna 1979512 1979242 NC_003304.gbk
226 43.4 509350 509099 genome.dna 1979763 1979508 NC_003304.gbk
518 50.9 517457 517939 genome.dna 2258221 2257699 NC_003304.gbk
670 33.8 523994 522816 genome.dna 2756027 2754761 NC_003304.gbk
1232 44.0 530287 528905 genome.dna 1070611 1069204 NC_003304.gbk
1623 48.4 533382 534971 genome.dna 307455 309039 NC_003304.gbk
282 32.9 566365 566808 genome.dna 184937 184475 NC_003304.gbk
319 33.2 566824 567396 genome.dna 184479 183867 NC_003304.gbk
1349 57.6 567396 568499 genome.dna 183866 182756 NC_003304.gbk
1466 74.0 568499 569425 genome.dna 182623 181720 NC_003304.gbk
1121 66.0 569422 570210 genome.dna 181724 180947 NC_003304.gbk
808 52.4 570232 570948 genome.dna 180880 180172 NC_003304.gbk
1078 46.4 570938 572074 genome.dna 174115 172978 NC_003304.gbk
309 35.2 572077 572643 genome.dna 172982 172382 NC_003304.gbk
784 37.3 574080 575378 genome.dna 1225596 1224222 NC_003304.gbk
384 36.3 576656 577213 genome.dna 1227731 1227158 NC_003304.gbk
204 33.6 644961 644602 genome.dna 929138 929498 NC_003304.gbk
277 35.4 696469 696939 genome.dna 5029 4492 NC_003304.gbk
294 48.9 697176 697469 genome.dna 678332 678035 NC_003304.gbk
2289 65.9 697515 699164 genome.dna 677960 676325 NC_003304.gbk
534 39.0 699974 700837 genome.dna 643777 644731 NC_003304.gbk
1368 61.5 708773 707778 genome.dna 2233840 2234833 NC_003304.gbk
939 47.2 726542 725589 genome.dna 1840668 1841652 NC_003304.gbk
1416 47.6 753122 751287 genome.dna 2136497 2134442 NC_003304.gbk
773 46.8 755628 756641 genome.dna 2635517 2634419 NC_003304.gbk
889 45.5 761351 760380 genome.dna 623779 622762 NC_003304.gbk
307 45.6 761608 761919 genome.dna 2789144 2788829 NC_003304.gbk
376 67.1 761939 762196 genome.dna 2788789 2788519 NC_003304.gbk
1039 49.2 763509 764681 genome.dna 2786954 2785886 NC_003304.gbk
511 51.9 766454 766933 genome.dna 2158705 2159182 NC_003304.gbk
466 39.8 767499 768128 genome.dna 608835 609576 NC_003304.gbk
635 42.7 770241 771074 genome.dna 1346574 1347435 NC_003304.gbk
1282 42.1 777751 779280 genome.dna 93908 92291 NC_003304.gbk
2119 44.6 779306 782008 genome.dna 91491 88749 NC_003304.gbk
643 35.3 782481 783425 genome.dna 88254 87306 NC_003304.gbk
363 60.7 783547 783816 genome.dna 87141 86871 NC_003304.gbk
2587 57.5 784066 786186 genome.dna 86606 84464 NC_003304.gbk
785 53.4 794943 795722 genome.dna 135858 136632 NC_003304.gbk
1477 53.3 795852 797180 genome.dna 136628 137945 NC_003304.gbk
1588 55.5 797270 798493 genome.dna 141513 140292 NC_003304.gbk
1283 59.3 805628 804636 genome.dna 259027 258025 NC_003304.gbk
748 41.0 805742 806647 genome.dna 2447518 2446618 NC_003304.gbk
535 33.4 812975 814090 genome.dna 1462073 1460999 NC_003304.gbk
416 52.6 814149 814541 genome.dna 1460971 1460608 NC_003304.gbk
3690 58.5 814656 817529 genome.dna 1460609 1457744 NC_003304.gbk
545 39.2 818265 819005 genome.dna 1242357 1243116 NC_003304.gbk
493 33.6 819141 820013 genome.dna 385134 386061 NC_003304.gbk
497 30.1 820003 820902 genome.dna 386060 386882 NC_003304.gbk
561 32.2 829148 828144 genome.dna 574224 573198 NC_003304.gbk
503 35.5 830229 830876 genome.dna 896831 897530 NC_003304.gbk
1541 53.2 839555 838230 genome.dna 2052590 2053895 NC_003304.gbk
520 34.7 839867 840766 genome.dna 2612176 2613124 NC_003304.gbk
829 34.7 841615 843360 genome.dna 1569710 1567901 NC_003304.gbk
613 42.0 858630 859340 genome.dna 618695 618017 NC_003304.gbk
332 33.0 862985 864421 genome.dna 228075 226491 NC_003304.gbk
1270 44.8 866383 867786 genome.dna 224391 222915 NC_003304.gbk
526 34.1 868800 869759 genome.dna 221887 220900 NC_003304.gbk
1421 51.2 909308 910588 genome.dna 1239378 1240662 NC_003304.gbk
398 41.0 927840 927358 genome.dna 1018583 1019066 NC_003304.gbk
277 33.1 927996 928442 genome.dna 1434643 1435099 NC_003304.gbk
1064 33.8 931102 929441 genome.dna 2044685 2043011 NC_003304.gbk
387 40.0 932209 932796 genome.dna 323103 323739 NC_003304.gbk
852 39.1 933233 934465 genome.dna 1723275 1721904 NC_003304.gbk
514 45.5 937554 938135 genome.dna 1127006 1127636 NC_003304.gbk
1195 53.6 941591 942676 genome.dna 579908 580997 NC_003304.gbk
1118 39.9 957805 959187 genome.dna 2693078 2691800 NC_003304.gbk
2929 58.0 964883 967162 genome.dna 1635812 1638143 NC_003304.gbk
294 34.8 969365 968913 genome.dna 1471301 1470890 NC_003304.gbk
634 42.6 970301 969369 genome.dna 2219892 2220804 NC_003304.gbk
1058 56.0 997695 996727 genome.dna 306060 305091 NC_003304.gbk
713 51.5 1002298 1002951 genome.dna 1872378 1873020 NC_003304.gbk
350 39.1 1011943 1012413 genome.dna 1627088 1627526 NC_003304.gbk
540 31.6 1013309 1014424 genome.dna 892043 893180 NC_003304.gbk
258 34.1 1045784 1045371 genome.dna 2231148 2231562 NC_003304.gbk
402 41.7 1066357 1065851 genome.dna 244577 245096 NC_003304.gbk
759 43.9 1067454 1066555 genome.dna 871637 870749 NC_003304.gbk
594 50.9 1067553 1068080 genome.dna 871655 872276 NC_003304.gbk
528 31.7 1068077 1069264 genome.dna 949724 948617 NC_003304.gbk
953 43.4 1082387 1083430 genome.dna 2407493 2406446 NC_003304.gbk
487 33.1 1084556 1083393 genome.dna 246321 247419 NC_003304.gbk
738 39.7 1087061 1085955 genome.dna 794850 793746 NC_003304.gbk
364 31.1 1087227 1087946 genome.dna 357785 358484 NC_003304.gbk
1041 46.5 1093574 1092513 genome.dna 1083720 1082676 NC_003304.gbk
308 37.3 1096541 1097074 genome.dna 2777451 2776938 NC_003304.gbk
526 39.4 1099537 1100406 genome.dna 2181129 2181972 NC_003304.gbk
1249 66.3 1100443 1101237 genome.dna 2006559 2005764 NC_003304.gbk
494 31.5 1119665 1120909 genome.dna 1327289 1328549 NC_003304.gbk
1171 44.8 1125945 1124593 genome.dna 2727816 2728998 NC_003304.gbk
1600 48.0 1127665 1125938 genome.dna 2561173 2563066 NC_003304.gbk
674 38.2 1137533 1138456 genome.dna 2037904 2037001 NC_003304.gbk
1154 65.2 1150402 1149575 genome.dna 365802 364947 NC_003304.gbk
837 32.7 1153145 1150431 genome.dna 339635 342464 NC_003304.gbk
811 49.2 1154052 1153258 genome.dna 1587842 1588679 NC_003304.gbk
873 57.5 1154397 1155122 genome.dna 1367914 1368682 NC_003304.gbk
391 43.3 1155257 1156108 genome.dna 1369041 1369968 NC_003304.gbk
810 48.7 1156279 1157004 genome.dna 1370062 1370788 NC_003304.gbk
548 46.3 1157130 1157687 genome.dna 1370854 1371412 NC_003304.gbk
671 45.3 1157925 1159121 genome.dna 2590838 2592032 NC_003304.gbk
689 47.6 1159320 1160081 genome.dna 1371476 1372220 NC_003304.gbk
338 30.8 1160091 1160948 genome.dna 1372219 1373053 NC_003304.gbk
649 37.0 1165447 1166469 genome.dna 1376797 1377865 NC_003304.gbk
438 48.2 1166572 1167027 genome.dna 1377857 1378322 NC_003304.gbk
666 41.4 1167032 1167820 genome.dna 1378321 1379137 NC_003304.gbk
525 49.5 1168997 1169593 genome.dna 720395 719741 NC_003304.gbk
1697 42.2 1169670 1173152 genome.dna 1279613 1283117 NC_003304.gbk
811 40.5 1180703 1178139 genome.dna 336887 339539 NC_003304.gbk
742 47.5 1213819 1214541 genome.dna 2294401 2295160 NC_003304.gbk
441 39.6 1220231 1220965 genome.dna 2823886 2824579 NC_003304.gbk
718 48.0 1260789 1261478 genome.dna 422087 422771 NC_003304.gbk
732 46.8 1271755 1272822 genome.dna 1666685 1665584 NC_003304.gbk
1284 53.9 1272920 1274065 genome.dna 1665585 1664454 NC_003304.gbk
225 33.3 1274175 1274507 genome.dna 1551282 1550934 NC_003304.gbk
404 42.9 1278470 1278919 genome.dna 1161317 1161797 NC_003304.gbk
300 41.3 1280201 1280677 genome.dna 1164758 1165205 NC_003304.gbk
201 35.6 1280702 1281121 genome.dna 1165209 1165707 NC_003304.gbk
1923 50.4 1284598 1282733 genome.dna 744654 742734 NC_003304.gbk
731 45.1 1285528 1284617 genome.dna 2706366 2707374 NC_003304.gbk
799 63.1 1293119 1292505 genome.dna 143587 142960 NC_003304.gbk
3130 66.1 1295100 1293109 genome.dna 145597 143593 NC_003304.gbk
648 49.1 1296067 1295105 genome.dna 146672 145673 NC_003304.gbk
765 32.2 1299536 1300840 genome.dna 1652090 1650611 NC_003304.gbk
909 67.9 1301367 1301990 genome.dna 1246175 1246808 NC_003304.gbk
1869 68.8 1302154 1303428 genome.dna 1247099 1248377 NC_003304.gbk
3242 63.9 1303620 1306001 genome.dna 1248790 1251208 NC_003304.gbk
300 51.1 1306200 1306472 genome.dna 1251497 1251773 NC_003304.gbk
527 49.3 1312030 1312560 genome.dna 1865679 1865190 NC_003304.gbk
1474 50.8 1316909 1318201 genome.dna 2757540 2758890 NC_003304.gbk
958 49.5 1319182 1318319 genome.dna 2756062 2756947 NC_003304.gbk
3830 56.3 1326027 1322899 genome.dna 2522189 2525279 NC_003304.gbk
920 40.6 1327249 1326056 genome.dna 2520933 2522136 NC_003304.gbk
630 50.0 1329655 1330212 genome.dna 2207475 2206932 NC_003304.gbk
325 46.2 1332403 1332732 genome.dna 99469 99145 NC_003304.gbk
504 40.7 1332732 1333337 genome.dna 98413 97807 NC_003304.gbk
487 45.2 1335658 1336302 genome.dna 1904130 1903539 NC_003304.gbk
300 30.9 1348853 1349839 genome.dna 2809338 2808300 NC_003304.gbk
347 39.6 1352428 1351949 genome.dna 271967 271490 NC_003304.gbk
1842 39.8 1356196 1353473 genome.dna 1186387 1188898 NC_003304.gbk
325 39.8 1356312 1356722 genome.dna 928127 928550 NC_003304.gbk
1891 48.2 1363499 1366138 genome.dna 1498591 1495870 NC_003304.gbk
807 37.3 1373667 1372498 genome.dna 2710694 2709497 NC_003304.gbk
509 61.1 1374223 1373804 genome.dna 861072 860640 NC_003304.gbk
733 48.4 1374601 1375371 genome.dna 861175 861934 NC_003304.gbk
430 35.5 1381835 1382692 genome.dna 315552 316314 NC_003304.gbk
393 34.0 1392117 1391434 genome.dna 2661960 2661309 NC_003304.gbk
523 40.3 1426894 1426256 genome.dna 1129468 1128862 NC_003304.gbk
1240 53.6 1427931 1426894 genome.dna 1130607 1129533 NC_003304.gbk
699 51.0 1428285 1428911 genome.dna 139223 138593 NC_003304.gbk
361 38.3 1433876 1433409 genome.dna 1813056 1813524 NC_003304.gbk
786 44.4 1434853 1435731 genome.dna 1017535 1018420 NC_003304.gbk
713 45.8 1436929 1437642 genome.dna 1824771 1825536 NC_003304.gbk
361 67.1 1454201 1454428 genome.dna 2376660 2376402 NC_003304.gbk
1361 55.4 1458435 1457257 genome.dna 2773788 2774970 NC_003304.gbk
761 40.1 1466359 1465232 genome.dna 364933 363736 NC_003304.gbk
341 44.3 1466738 1466361 genome.dna 272327 271979 NC_003304.gbk
224 34.2 1468782 1468399 genome.dna 1465147 1465525 NC_003304.gbk
938 50.5 1470427 1469462 genome.dna 1430311 1431283 NC_003304.gbk
296 39.4 1471338 1470655 genome.dna 1543581 1544283 NC_003304.gbk
451 31.2 1474380 1473265 genome.dna 1490995 1489849 NC_003304.gbk
248 34.0 1477924 1477454 genome.dna 2782117 2781634 NC_003304.gbk
1394 45.1 1483266 1480684 genome.dna 2746015 2748646 NC_003304.gbk
391 41.5 1490971 1490492 genome.dna 352151 352658 NC_003304.gbk
929 48.9 1492026 1490968 genome.dna 351100 352141 NC_003304.gbk
1281 47.1 1493774 1492350 genome.dna 349677 351045 NC_003304.gbk
770 38.4 1501778 1500630 genome.dna 2586612 2587779 NC_003304.gbk
333 45.0 1506798 1506349 genome.dna 348237 348666 NC_003304.gbk
480 30.9 1526654 1525674 genome.dna 1976961 1975977 NC_003304.gbk
933 37.8 1528762 1530255 genome.dna 1213461 1212021 NC_003304.gbk
2014 69.1 1536355 1535069 genome.dna 1386386 1385096 NC_003304.gbk
1909 51.0 1537737 1539503 genome.dna 2630486 2628644 NC_003304.gbk
895 54.3 1539520 1540236 genome.dna 2628629 2627849 NC_003304.gbk
1556 44.4 1540513 1543320 genome.dna 2622436 2619385 NC_003304.gbk
1323 51.8 1543336 1544562 genome.dna 2619332 2618099 NC_003304.gbk
1086 50.4 1544898 1546064 genome.dna 2624671 2623477 NC_003304.gbk
1168 60.1 1546064 1546936 genome.dna 2623460 2622557 NC_003304.gbk
761 44.0 1573036 1572017 genome.dna 523616 524648 NC_003304.gbk
760 49.0 1576123 1576893 genome.dna 2533782 2534574 NC_003304.gbk
903 61.3 1576893 1577582 genome.dna 2534627 2535335 NC_003304.gbk
948 46.6 1577582 1578640 genome.dna 2535331 2536408 NC_003304.gbk
700 37.0 1584709 1585674 genome.dna 187770 186735 NC_003304.gbk
189 31.2 1609114 1609548 genome.dna 2660234 2660714 NC_003304.gbk
424 31.2 1613498 1614457 genome.dna 1188907 1189921 NC_003304.gbk
1446 46.4 1638449 1639855 genome.dna 1518951 1517520 NC_003304.gbk
1938 54.3 1652381 1653892 genome.dna 211140 209583 NC_003304.gbk
631 38.2 1660540 1661571 genome.dna 67773 68880 NC_003304.gbk
1695 52.9 1669675 1667978 genome.dna 404548 406225 NC_003304.gbk
1462 64.2 1670708 1669659 genome.dna 403420 404476 NC_003304.gbk
676 40.0 1674049 1674948 genome.dna 1982927 1982021 NC_003304.gbk
993 49.2 1735237 1734179 genome.dna 2114557 2115616 NC_003304.gbk
303 30.7 1745928 1746827 genome.dna 2481280 2480359 NC_003304.gbk
338 34.4 1765743 1764766 genome.dna 1432413 1431480 NC_003304.gbk
499 30.8 1778057 1778830 genome.dna 164144 164918 NC_003304.gbk
816 48.4 1778827 1779630 genome.dna 164917 165703 NC_003304.gbk
755 31.7 1786438 1785080 genome.dna 2689233 2690547 NC_003304.gbk
1369 48.5 1803146 1801686 genome.dna 1003284 1001799 NC_003304.gbk
548 30.4 1830416 1829217 genome.dna 1682256 1683456 NC_003304.gbk
568 57.2 1860773 1860348 genome.dna 1479936 1479513 NC_003304.gbk
163 34.7 1862440 1862120 genome.dna 1614958 1614610 NC_003304.gbk
992 63.7 1862527 1863225 genome.dna 1479521 1478810 NC_003304.gbk
759 41.0 1935437 1936324 genome.dna 545745 546618 NC_003304.gbk
1273 35.8 1937404 1939404 genome.dna 506411 508685 NC_003304.gbk
587 37.8 1942291 1943163 genome.dna 508698 509607 NC_003304.gbk
1099 51.1 1943163 1944215 genome.dna 509603 510659 NC_003304.gbk
268 34.6 1944254 1944643 genome.dna 510658 511048 NC_003304.gbk
639 33.4 1945543 1946694 genome.dna 549379 550462 NC_003304.gbk
1567 38.7 1946687 1948771 genome.dna 564579 566667 NC_003304.gbk
264 39.5 1951419 1951823 genome.dna 541476 541056 NC_003304.gbk
401 30.1 1952589 1953806 genome.dna 558935 560213 NC_003304.gbk
781 46.2 1954611 1955393 genome.dna 540703 539914 NC_003304.gbk
952 44.4 1956304 1957413 genome.dna 539409 538287 NC_003304.gbk
178 32.1 1962586 1962317 genome.dna 564155 564422 NC_003304.gbk
691 42.0 1963383 1962607 genome.dna 536515 535777 NC_003304.gbk
932 38.5 1968985 1967612 genome.dna 544032 542610 NC_003304.gbk
406 38.3 1992686 1993273 genome.dna 826617 827238 NC_003304.gbk
1712 54.7 1993342 1994814 genome.dna 827249 828731 NC_003304.gbk
1781 49.1 1994834 1996513 genome.dna 828961 830611 NC_003304.gbk
703 55.0 1997941 1997423 genome.dna 160087 159571 NC_003304.gbk
413 52.4 2008746 2008288 genome.dna 188169 187785 NC_003304.gbk
449 51.5 2009604 2010017 genome.dna 1238870 1239305 NC_003304.gbk
211 33.1 2015203 2015631 genome.dna 895731 896193 NC_003304.gbk
515 52.6 2016186 2015680 genome.dna 634121 634616 NC_003304.gbk
329 32.8 2031491 2030937 genome.dna 1475101 1474456 NC_003304.gbk
1259 55.7 2034173 2033130 genome.dna 393502 394684 NC_003304.gbk
459 37.3 2038594 2039550 genome.dna 1465591 1466581 NC_003304.gbk
743 38.0 2041077 2042123 genome.dna 1171373 1172465 NC_003304.gbk
969 46.9 2042130 2043083 genome.dna 1172469 1173441 NC_003304.gbk
811 46.0 2043101 2044030 genome.dna 1083889 1084885 NC_003304.gbk
822 51.2 2044045 2044779 genome.dna 1084963 1085701 NC_003304.gbk
311 63.6 2044934 2045170 genome.dna 1086052 1086289 NC_003304.gbk
1415 53.0 2045253 2046494 genome.dna 1086540 1087803 NC_003304.gbk
608 37.1 2047434 2048453 genome.dna 1088346 1089387 NC_003304.gbk
327 34.3 2048443 2049102 genome.dna 1488364 1487797 NC_003304.gbk
616 39.3 2050132 2050929 genome.dna 1485107 1484324 NC_003304.gbk
460 32.6 2059718 2061022 genome.dna 1985495 1984229 NC_003304.gbk
2025 37.0 2070405 2066956 genome.dna 1765901 1762403 NC_003304.gbk
649 50.5 2071740 2072447 genome.dna 1278495 1279104 NC_003304.gbk
735 31.2 2072444 2073691 genome.dna 1277097 1278405 NC_003304.gbk
596 33.6 2073776 2074690 genome.dna 2587782 2588709 NC_003304.gbk
2455 60.5 2083361 2081520 genome.dna 585013 583192 NC_003304.gbk
461 45.4 2085741 2085214 genome.dna 200174 199682 NC_003304.gbk
1164 42.7 2088494 2089945 genome.dna 933528 934992 NC_003304.gbk
564 39.2 2090762 2089965 genome.dna 2428912 2428129 NC_003304.gbk
795 40.5 2091759 2090755 genome.dna 2429997 2428908 NC_003304.gbk
587 39.4 2092574 2091756 genome.dna 2430887 2429993 NC_003304.gbk
945 35.6 2099496 2097796 genome.dna 578201 579887 NC_003304.gbk
2015 61.3 2112831 2114330 genome.dna 1804488 1803018 NC_003304.gbk
903 56.2 2114428 2115174 genome.dna 1802946 1802190 NC_003304.gbk
603 31.0 2115176 2116495 genome.dna 1802168 1800896 NC_003304.gbk
1333 49.8 2116495 2117718 genome.dna 1800880 1799653 NC_003304.gbk
399 44.6 2117752 2118168 genome.dna 907627 907210 NC_003304.gbk
446 42.6 2138606 2139226 genome.dna 2671101 2671743 NC_003304.gbk
556 40.9 2139226 2139882 genome.dna 2671945 2672605 NC_003304.gbk
706 45.8 2139951 2140691 genome.dna 2672679 2673441 NC_003304.gbk
352 40.3 2140906 2141388 genome.dna 962775 963273 NC_003304.gbk
1916 47.2 2141385 2143340 genome.dna 963269 965261 NC_003304.gbk
352 37.2 2143337 2143894 genome.dna 2673615 2674215 NC_003304.gbk
597 39.7 2161860 2161087 genome.dna 2711501 2710700 NC_003304.gbk
726 30.5 2181270 2179897 genome.dna 2144770 2143372 NC_003304.gbk
368 38.2 2181519 2182154 genome.dna 1163044 1163656 NC_003304.gbk
356 50.5 2186467 2186817 genome.dna 1834143 1834479 NC_003304.gbk
300 34.8 2188157 2187750 genome.dna 1788190 1787734 NC_003304.gbk
215 35.2 2188917 2189354 genome.dna 1076389 1076845 NC_003304.gbk
585 35.6 2190305 2191417 genome.dna 1808107 1806985 NC_003304.gbk
541 41.1 2191939 2192622 genome.dna 756987 757608 NC_003304.gbk
1000 40.3 2192856 2194133 genome.dna 1808255 1809509 NC_003304.gbk
379 30.0 2194218 2195078 genome.dna 2456070 2457006 NC_003304.gbk
276 30.1 2195725 2195117 genome.dna 834555 835263 NC_003304.gbk
3574 60.9 2198282 2200954 genome.dna 2670832 2668138 NC_003304.gbk
648 40.8 2207996 2209093 genome.dna 2822058 2821035 NC_003304.gbk
806 44.3 2209283 2210113 genome.dna 1878215 1879025 NC_003304.gbk
707 39.2 2210106 2211050 genome.dna 1879024 1879981 NC_003304.gbk
1308 45.3 2211053 2212543 genome.dna 1880102 1881572 NC_003304.gbk
789 40.3 2214721 2213777 genome.dna 1881616 1882552 NC_003304.gbk
478 38.3 2216576 2217319 genome.dna 292271 291563 NC_003304.gbk
2819 57.1 2227418 2225106 genome.dna 1538301 1540668 NC_003304.gbk
834 49.0 2239913 2239125 genome.dna 755025 754206 NC_003304.gbk
920 37.5 2252210 2253607 genome.dna 1351659 1350180 NC_003304.gbk
967 51.8 2263993 2263058 genome.dna 1838536 1837600 NC_003304.gbk
469 38.0 2275290 2274685 genome.dna 1202321 1201703 NC_003304.gbk
277 35.5 2290600 2290133 genome.dna 1989818 1990355 NC_003304.gbk
549 30.3 2300071 2298971 genome.dna 2168362 2169469 NC_003304.gbk
315 31.6 2306210 2305560 genome.dna 473659 473008 NC_003304.gbk
820 46.3 2318196 2317324 genome.dna 269291 270155 NC_003304.gbk
474 45.9 2318259 2318798 genome.dna 269195 268709 NC_003304.gbk
260 34.0 2318802 2319278 genome.dna 1000642 1001113 NC_003304.gbk
742 40.3 2322430 2321456 genome.dna 2731515 2730540 NC_003304.gbk
146 34.6 2324296 2324544 genome.dna 1623112 1623367 NC_003304.gbk
1197 47.5 2359305 2358133 genome.dna 997898 996668 NC_003304.gbk
1647 65.3 2446859 2448127 genome.dna 2385366 2384076 NC_003304.gbk
1350 56.4 2449772 2450872 genome.dna 2382181 2381002 NC_003304.gbk
899 57.9 2450865 2451701 genome.dna 2380998 2380236 NC_003304.gbk
824 53.3 2451703 2452401 genome.dna 2380043 2379347 NC_003304.gbk
256 30.2 2454742 2453948 genome.dna 1032754 1033489 NC_003304.gbk
617 59.6 2461266 2461811 genome.dna 2466277 2465752 NC_003304.gbk
1330 55.5 2487322 2486231 genome.dna 2204548 2205652 NC_003304.gbk
1133 53.8 2489732 2488785 genome.dna 2186241 2187174 NC_003304.gbk
399 34.1 2490742 2489870 genome.dna 620720 619820 NC_003304.gbk
677 38.3 2492889 2493971 genome.dna 1331514 1332543 NC_003304.gbk
795 46.6 2496092 2496946 genome.dna 1420517 1421363 NC_003304.gbk
1363 52.9 2502156 2503685 genome.dna 2462505 2464080 NC_003304.gbk
1446 59.6 2503696 2505084 genome.dna 2464100 2465546 NC_003304.gbk
1042 44.8 2513105 2511876 genome.dna 1945607 1946840 NC_003304.gbk
243 36.8 2513827 2513102 genome.dna 1944802 1945621 NC_003304.gbk
1065 42.7 2515088 2513820 genome.dna 1943432 1944806 NC_003304.gbk
833 44.9 2530749 2531648 genome.dna 915731 916691 NC_003304.gbk
328 30.2 2550693 2551877 genome.dna 1007279 1006166 NC_003304.gbk
398 33.8 2552084 2552833 genome.dna 856746 857469 NC_003304.gbk
804 30.1 2556170 2554698 genome.dna 836899 838423 NC_003304.gbk
1754 57.5 2563367 2561970 genome.dna 1599702 1601196 NC_003304.gbk
459 39.1 2595189 2595950 genome.dna 1066750 1065994 NC_003304.gbk
548 44.1 2595969 2596559 genome.dna 2810230 2810848 NC_003304.gbk
771 39.3 2605113 2606180 genome.dna 1671543 1672572 NC_003304.gbk
1463 57.3 2607572 2608762 genome.dna 15138 16359 NC_003304.gbk
416 30.8 2608762 2609568 genome.dna 16375 17203 NC_003304.gbk
355 33.5 2619430 2619996 genome.dna 2676786 2676129 NC_003304.gbk
388 45.9 2620019 2620441 genome.dna 1958039 1958432 NC_003304.gbk
219 39.8 2621565 2621861 genome.dna 2633349 2633055 NC_003304.gbk
656 30.0 2624113 2625573 genome.dna 2455937 2454458 NC_003304.gbk
840 42.2 2628084 2627089 genome.dna 1192472 1193540 NC_003304.gbk
513 38.2 2642048 2641143 genome.dna 1737513 1738452 NC_003304.gbk
703 40.2 2642732 2643580 genome.dna 2433171 2434056 NC_003304.gbk
408 30.5 2645012 2644386 genome.dna 161538 160899 NC_003304.gbk
595 36.5 2645457 2646263 genome.dna 1701467 1702265 NC_003304.gbk
619 48.3 2652833 2653480 genome.dna 2028500 2029127 NC_003304.gbk
436 45.0 2654386 2653967 genome.dna 898624 898216 NC_003304.gbk
989 53.2 2657649 2656798 genome.dna 1991319 1992165 NC_003304.gbk
621 30.8 2662378 2663577 genome.dna 2649893 2651090 NC_003304.gbk
494 47.3 2676960 2676514 genome.dna 922603 923083 NC_003304.gbk
487 39.8 2677723 2677067 genome.dna 1507231 1507921 NC_003304.gbk
1967 55.3 2683421 2681736 genome.dna 401899 400186 NC_003304.gbk
279 40.9 2687612 2687956 genome.dna 2096600 2096258 NC_003304.gbk
1238 47.8 2691006 2692370 genome.dna 1745125 1743658 NC_003304.gbk
591 40.6 2712101 2712862 genome.dna 1401700 1402471 NC_003304.gbk
564 33.1 2714816 2715706 genome.dna 2474288 2475227 NC_003304.gbk
473 32.1 2715699 2716604 genome.dna 2582300 2581442 NC_003304.gbk
660 38.1 2720363 2721325 genome.dna 1601394 1602327 NC_003304.gbk
684 31.2 2722186 2723580 genome.dna 806568 805149 NC_003304.gbk
2711 69.6 2726216 2727934 genome.dna 1725622 1723888 NC_003304.gbk
308 48.9 2728844 2728548 genome.dna 1173682 1174021 NC_003304.gbk
1476 37.1 2731236 2728849 genome.dna 255542 257966 NC_003304.gbk
860 50.6 2732234 2731251 genome.dna 254453 255518 NC_003304.gbk
466 59.8 2732903 2732547 genome.dna 252995 253400 NC_003304.gbk
110 38.9 2733144 2732947 genome.dna 252751 252955 NC_003304.gbk
1006 48.5 2735713 2733785 genome.dna 1734475 1732471 NC_003304.gbk
306 32.7 2741372 2740491 genome.dna 2832148 2831182 NC_003304.gbk
619 44.3 2760640 2761329 genome.dna 958758 959430 NC_003304.gbk
222 48.5 2786395 2786183 genome.dna 109822 110032 NC_003304.gbk
1581 39.9 2791079 2789028 genome.dna 889469 887369 NC_003304.gbk
1566 49.8 2794931 2793456 genome.dna 587322 585846 NC_003304.gbk
508 32.5 2795320 2796189 genome.dna 2577991 2577127 NC_003304.gbk
736 36.5 2801608 2800607 genome.dna 1510750 1511740 NC_003304.gbk
890 53.8 2802440 2803225 genome.dna 1509754 1508935 NC_003304.gbk
1534 42.8 2813755 2811956 genome.dna 1144631 1146419 NC_003304.gbk
445 37.3 2833872 2833114 genome.dna 2571577 2570821 NC_003304.gbk
942 34.7 2838878 2837343 genome.dna 342471 344061 NC_003304.gbk
324 31.3 2841233 2840649 genome.dna 783103 782503 NC_003304.gbk
1303 38.6 2854450 2852540 genome.dna 2702612 2700785 NC_003304.gbk
937 46.1 2859653 2858643 genome.dna 474261 475356 NC_003304.gbk
2426 44.9 2862472 2859857 genome.dna 980125 977476 NC_003304.gbk
585 35.2 2862696 2863901 genome.dna 217097 218417 NC_003304.gbk
759 49.3 2869134 2868487 genome.dna 2174776 2174131 NC_003304.gbk
639 43.7 2884168 2883416 genome.dna 104646 103890 NC_003304.gbk
1033 61.4 2891958 2891200 genome.dna 2444431 2445190 NC_003304.gbk
1059 51.6 2892962 2891955 genome.dna 2443466 2444435 NC_003304.gbk
1198 55.8 2893911 2892949 genome.dna 2442508 2443474 NC_003304.gbk
811 43.4 2894873 2893923 genome.dna 2441281 2442307 NC_003304.gbk
416 30.5 2903705 2902830 genome.dna 2791022 2790137 NC_003304.gbk
782 31.3 2910808 2912742 genome.dna 1890033 1888218 NC_003304.gbk
1011 41.9 2917289 2918617 genome.dna 529166 527867 NC_003304.gbk
320 37.3 2920770 2921360 genome.dna 43286 42635 NC_003304.gbk
467 35.5 2921367 2922104 genome.dna 42634 41890 NC_003304.gbk
648 40.9 2922086 2922862 genome.dna 41894 41117 NC_003304.gbk
299 48.4 2923933 2923649 genome.dna 330142 330445 NC_003304.gbk
535 36.1 2928002 2926713 genome.dna 628397 629675 NC_003304.gbk
382 30.7 2937215 2936178 genome.dna 455319 456492 NC_003304.gbk
144 45.2 2950670 2950470 genome.dna 455116 455329 NC_003304.gbk
1335 51.4 2975613 2974318 genome.dna 1689548 1688264 NC_003304.gbk
603 50.1 2977060 2975717 genome.dna 1892013 1890696 NC_003304.gbk
333 37.9 2981911 2981417 genome.dna 2160816 2160348 NC_003304.gbk
1081 54.2 2982496 2983455 genome.dna 2161070 2162045 NC_003304.gbk
447 39.1 2987214 2987927 genome.dna 1316750 1316135 NC_003304.gbk
407 40.4 2990339 2989860 genome.dna 479228 478766 NC_003304.gbk
2414 57.7 2992855 2990582 genome.dna 1358252 1360763 NC_003304.gbk
410 31.4 2998826 2999851 genome.dna 727422 728505 NC_003304.gbk
454 39.8 3002258 3001431 genome.dna 2077999 2077219 NC_003304.gbk
588 38.0 3005969 3006700 genome.dna 1859936 1860710 NC_003304.gbk
916 52.2 3009847 3009002 genome.dna 599648 600461 NC_003304.gbk
1041 51.4 3010809 3009844 genome.dna 598735 599644 NC_003304.gbk
1298 55.3 3011957 3010824 genome.dna 597566 598724 NC_003304.gbk
1393 55.5 3013338 3012229 genome.dna 596387 597485 NC_003304.gbk
229 30.8 3025403 3026020 genome.dna 836152 835492 NC_003304.gbk
1502 57.6 3050037 3051158 genome.dna 1655784 1656912 NC_003304.gbk
953 50.0 3051198 3052058 genome.dna 1470147 1469313 NC_003304.gbk
476 31.8 3064304 3063432 genome.dna 668540 669458 NC_003304.gbk
251 30.1 3064423 3065496 genome.dna 668333 667415 NC_003304.gbk
977 35.4 3076165 3077973 genome.dna 189526 191371 NC_003304.gbk
1533 58.6 3077983 3079080 genome.dna 191512 192607 NC_003304.gbk
1029 55.8 3079077 3080102 genome.dna 192606 193752 NC_003304.gbk
1931 55.0 3080104 3081720 genome.dna 193748 195398 NC_003304.gbk
236 46.8 3100258 3100503 genome.dna 1769354 1769108 NC_003304.gbk
238 42.2 3100493 3100777 genome.dna 1769112 1768821 NC_003304.gbk
577 55.2 3108684 3109187 genome.dna 2445312 2445801 NC_003304.gbk
1447 42.1 3122607 3120880 genome.dna 2687507 2689241 NC_003304.gbk
955 58.8 3132533 3133219 genome.dna 1389906 1389141 NC_003304.gbk
255 31.5 3137830 3136895 genome.dna 2338345 2337424 NC_003304.gbk
1264 47.0 3147123 3145672 genome.dna 2310524 2312033 NC_003304.gbk
582 44.9 3154559 3153852 genome.dna 2665537 2666320 NC_003304.gbk
416 43.8 3155124 3154672 genome.dna 1116381 1115913 NC_003304.gbk
167 39.3 3155372 3155127 genome.dna 1116640 1116385 NC_003304.gbk
596 61.1 3155863 3155369 genome.dna 1673405 1673897 NC_003304.gbk
519 49.7 3156400 3155882 genome.dna 619824 619254 NC_003304.gbk
574 31.6 3157424 3156435 genome.dna 1680069 1681119 NC_003304.gbk
663 36.6 3174746 3173826 genome.dna 1190495 1191440 NC_003304.gbk
798 36.5 3178804 3180039 genome.dna 1673897 1675115 NC_003304.gbk
188 56.2 3188503 3188336 genome.dna 410918 410759 NC_003304.gbk
380 37.9 3228583 3228035 genome.dna 1117227 1116639 NC_003304.gbk
1148 38.6 3230474 3228642 genome.dna 1119258 1117329 NC_003304.gbk
704 33.5 3276884 3278356 genome.dna 2525428 2526883 NC_003304.gbk
765 38.9 3290769 3289561 genome.dna 1806012 1804686 NC_003304.gbk
1316 43.6 3306810 3308309 genome.dna 1148804 1150286 NC_003304.gbk
490 30.6 3324257 3325147 genome.dna 211565 212447 NC_003304.gbk
221 31.5 3325375 3325824 genome.dna 1817493 1817937 NC_003304.gbk
506 33.9 3328674 3329513 genome.dna 2369205 2368380 NC_003304.gbk
356 52.8 3332182 3332514 genome.dna 2297621 2297276 NC_003304.gbk
227 38.8 3333853 3334194 genome.dna 1242255 1241940 NC_003304.gbk
435 41.6 3361359 3360859 genome.dna 2431431 2431956 NC_003304.gbk
357 31.4 3364794 3365690 genome.dna 1334713 1335631 NC_003304.gbk
826 34.2 3372145 3370688 genome.dna 1270455 1271898 NC_003304.gbk
897 37.2 3373687 3372152 genome.dna 1268925 1270437 NC_003304.gbk
792 38.3 3375638 3373788 genome.dna 1266928 1268926 NC_003304.gbk
233 36.6 3375937 3375635 genome.dna 1266612 1266921 NC_003304.gbk
243 31.7 3376497 3375934 genome.dna 1265968 1266583 NC_003304.gbk
488 40.6 3378041 3377067 genome.dna 1264256 1265303 NC_003304.gbk
1092 42.5 3382301 3380952 genome.dna 1260707 1262012 NC_003304.gbk
299 37.0 3385876 3385436 genome.dna 1256129 1256495 NC_003304.gbk
581 32.8 3387504 3386554 genome.dna 649171 648220 NC_003304.gbk
581 32.8 3388991 3388041 genome.dna 649171 648220 NC_003304.gbk
1406 72.9 3399252 3400112 genome.dna 1899561 1900434 NC_003304.gbk
745 40.0 3409858 3408341 genome.dna 1068389 1066880 NC_003304.gbk
522 32.5 3412525 3411257 genome.dna 18213 19593 NC_003304.gbk
858 45.0 3413548 3412631 genome.dna 17230 18127 NC_003304.gbk
572 39.4 3415469 3414618 genome.dna 362336 363137 NC_003304.gbk
684 34.9 3416479 3415469 genome.dna 2459923 2458888 NC_003304.gbk
518 31.1 3418053 3418931 genome.dna 2420356 2421265 NC_003304.gbk
1610 60.9 3421622 3420405 genome.dna 159496 158272 NC_003304.gbk
816 49.0 3425582 3424782 genome.dna 1574278 1575082 NC_003304.gbk
1364 57.8 3427528 3426443 genome.dna 752724 751626 NC_003304.gbk
1237 33.7 3438550 3436355 genome.dna 493223 495440 NC_003304.gbk
2263 65.1 3443783 3442200 genome.dna 812135 810347 NC_003304.gbk
420 35.4 3451704 3451132 genome.dna 1824013 1824577 NC_003304.gbk
1368 50.9 3477877 3476636 genome.dna 1572833 1571612 NC_003304.gbk
1091 53.6 3478244 3479224 genome.dna 1631735 1632719 NC_003304.gbk
909 51.3 3479267 3480127 genome.dna 2479426 2480293 NC_003304.gbk
864 47.5 3500028 3499135 genome.dna 259143 260034 NC_003304.gbk
652 46.9 3516455 3517318 genome.dna 572281 573181 NC_003304.gbk
1066 43.6 3519048 3517663 genome.dna 1065782 1064396 NC_003304.gbk
966 52.9 3527868 3527053 genome.dna 420417 421233 NC_003304.gbk
1265 34.5 3531913 3533985 genome.dna 1132880 1135079 NC_003304.gbk
535 59.1 3537011 3536586 genome.dna 848850 849273 NC_003304.gbk
432 50.4 3537641 3537204 genome.dna 848658 848199 NC_003304.gbk
925 37.5 3537873 3539351 genome.dna 1537975 1536547 NC_003304.gbk
1211 52.0 3546479 3545397 genome.dna 2579983 2578870 NC_003304.gbk
1044 53.5 3557435 3556470 genome.dna 261508 260479 NC_003304.gbk
1795 31.9 3560370 3563492 genome.dna 2017769 2014622 NC_003304.gbk
948 33.7 3566972 3568372 genome.dna 611004 609576 NC_003304.gbk
607 45.1 3570531 3571184 genome.dna 719020 719677 NC_003304.gbk
221 35.3 3571239 3571790 genome.dna 2405881 2406397 NC_003304.gbk
1932 54.9 3590632 3589055 genome.dna 276649 275071 NC_003304.gbk
1671 55.1 3592205 3590739 genome.dna 612448 613870 NC_003304.gbk
782 33.9 3592378 3593766 genome.dna 264964 266638 NC_003304.gbk
1090 39.6 3599984 3598497 genome.dna 2276309 2274878 NC_003304.gbk
269 33.4 3604488 3603367 genome.dna 2709377 2708126 NC_003304.gbk
646 43.8 3607701 3606505 genome.dna 2658370 2657197 NC_003304.gbk
516 58.0 3608433 3608005 genome.dna 1113298 1113721 NC_003304.gbk
723 36.3 3615811 3614501 genome.dna 219870 218475 NC_003304.gbk
200 39.3 3616630 3616295 genome.dna 1345216 1345537 NC_003304.gbk
231 31.4 3621953 3621459 genome.dna 817477 817918 NC_003304.gbk
390 33.8 3622783 3622058 genome.dna 1847339 1846499 NC_003304.gbk
1667 60.7 3635387 3634134 genome.dna 1160015 1161305 NC_003304.gbk
520 68.8 3640872 3640534 genome.dna 1753743 1754082 NC_003304.gbk
358 43.0 3651787 3651263 genome.dna 685058 684599 NC_003304.gbk
285 42.2 3680225 3679845 genome.dna 1025987 1026392 NC_003304.gbk
408 37.1 3680956 3680225 genome.dna 1986323 1985567 NC_003304.gbk
630 37.0 3682691 3681786 genome.dna 1028144 1029086 NC_003304.gbk
397 35.0 3683368 3682688 genome.dna 1027341 1028061 NC_003304.gbk
369 39.2 3684626 3683661 genome.dna 1026598 1027345 NC_003304.gbk
2409 57.4 3686442 3684643 genome.dna 241864 240037 NC_003304.gbk
826 57.0 3694571 3695257 genome.dna 2427036 2426322 NC_003304.gbk
1113 59.7 3704788 3703907 genome.dna 820235 821108 NC_003304.gbk
1045 60.1 3705613 3704801 genome.dna 819382 820243 NC_003304.gbk
1384 62.6 3706780 3705770 genome.dna 817980 819189 NC_003304.gbk
891 37.3 3709959 3708493 genome.dna 966007 967579 NC_003304.gbk
110 33.0 3711890 3712588 genome.dna 277371 276732 NC_003304.gbk
302 36.8 3714535 3714188 genome.dna 1700833 1701166 NC_003304.gbk
1712 42.7 3727511 3725031 genome.dna 56078 53591 NC_003304.gbk
552 40.8 3728155 3728859 genome.dna 1587094 1587814 NC_003304.gbk
372 41.2 3732230 3732727 genome.dna 1347863 1348400 NC_003304.gbk
693 41.1 3735878 3735108 genome.dna 1884293 1883531 NC_003304.gbk
775 44.2 3736813 3735875 genome.dna 1885216 1884289 NC_003304.gbk
276 32.2 3737076 3737717 genome.dna 2457183 2457825 NC_003304.gbk
310 53.4 3744803 3745042 genome.dna 70922 71174 NC_003304.gbk
562 60.8 3745052 3745459 genome.dna 71187 71586 NC_003304.gbk
3846 81.5 3745456 3747603 genome.dna 71678 73760 NC_003304.gbk
1745 82.6 3747628 3748590 genome.dna 73776 74751 NC_003304.gbk
592 46.5 3749695 3748958 genome.dna 3109 3808 NC_003304.gbk
641 66.9 3749751 3750215 genome.dna 771836 772277 NC_003304.gbk
379 37.6 3763458 3762733 genome.dna 2183238 2184033 NC_003304.gbk
374 42.8 3764478 3763501 genome.dna 2412827 2413805 NC_003304.gbk
688 46.8 3773827 3773072 genome.dna 2684948 2685647 NC_003304.gbk
250 30.9 3774414 3773866 genome.dna 2684404 2684944 NC_003304.gbk
1466 50.9 3776200 3774839 genome.dna 2681941 2683513 NC_003304.gbk
1920 51.0 3784972 3782345 genome.dna 1853605 1850941 NC_003304.gbk
1511 65.6 3786717 3785644 genome.dna 1854927 1853835 NC_003304.gbk
391 41.7 3787319 3786825 genome.dna 1435590 1435080 NC_003304.gbk
283 30.7 3788942 3789616 genome.dna 1498880 1499510 NC_003304.gbk
636 36.2 3793865 3792984 genome.dna 660090 659190 NC_003304.gbk
1019 39.8 3882715 3881462 genome.dna 2784749 2783441 NC_003304.gbk
865 40.3 3883829 3882726 genome.dna 2785890 2784720 NC_003304.gbk
638 35.3 3889382 3888324 genome.dna 1285741 1284523 NC_003304.gbk
617 32.6 3911288 3910026 genome.dna 2355235 2356465 NC_003304.gbk
927 57.5 3913322 3912579 genome.dna 1391916 1391184 NC_003304.gbk
873 59.9 3913956 3913303 genome.dna 1383646 1384306 NC_003304.gbk
772 57.3 3914621 3913953 genome.dna 1382978 1383650 NC_003304.gbk
1040 60.9 3915440 3914634 genome.dna 1382112 1382898 NC_003304.gbk
510 31.8 3918901 3920391 genome.dna 1308819 1310301 NC_003304.gbk
1012 46.0 3921930 3923132 genome.dna 884720 883622 NC_003304.gbk
858 39.3 3928680 3929900 genome.dna 2100729 2099520 NC_003304.gbk
327 34.5 3932105 3933280 genome.dna 1078612 1079680 NC_003304.gbk
894 40.0 3956293 3958011 genome.dna 1275647 1276970 NC_003304.gbk
423 37.6 3961248 3960622 genome.dna 1687273 1686631 NC_003304.gbk
1249 50.2 3969453 3967963 genome.dna 815509 814024 NC_003304.gbk
1421 67.8 3970373 3969465 genome.dna 816462 815508 NC_003304.gbk
1013 39.3 3971825 3970383 genome.dna 1449782 1451246 NC_003304.gbk
341 30.3 3972869 3972135 genome.dna 817273 816490 NC_003304.gbk
1344 38.6 3976444 3974615 genome.dna 154281 156051 NC_003304.gbk
484 30.4 3986238 3987221 genome.dna 611183 612185 NC_003304.gbk
1545 60.2 4001743 4000448 genome.dna 1421592 1422774 NC_003304.gbk
2018 55.7 4003479 4001842 genome.dna 1604173 1602436 NC_003304.gbk
497 46.5 4004518 4003706 genome.dna 1448858 1448012 NC_003304.gbk
466 30.0 4008483 4007131 genome.dna 735571 734320 NC_003304.gbk
654 39.4 4013697 4012813 genome.dna 2734336 2733433 NC_003304.gbk
773 47.0 4014558 4013788 genome.dna 1009347 1010148 NC_003304.gbk
1016 37.0 4019875 4021449 genome.dna 2824579 2826154 NC_003304.gbk
1131 45.9 4027241 4025196 genome.dna 2042887 2040712 NC_003304.gbk
631 31.4 4031933 4029078 genome.dna 971270 974237 NC_003304.gbk
726 45.2 4036522 4035704 genome.dna 288788 289595 NC_003304.gbk
158 30.0 4037027 4036671 genome.dna 1347514 1347880 NC_003304.gbk
416 42.2 4037132 4037767 genome.dna 1298849 1298240 NC_003304.gbk
679 52.8 4039680 4040210 genome.dna 2644260 2643726 NC_003304.gbk
773 55.9 4046883 4047521 genome.dna 129113 129764 NC_003304.gbk
585 42.7 4050959 4050219 genome.dna 2400393 2401236 NC_003304.gbk
1927 45.6 4051288 4053240 genome.dna 1205624 1203635 NC_003304.gbk
354 41.9 4059979 4059527 genome.dna 1080526 1079950 NC_003304.gbk
264 59.7 4060248 4060021 genome.dna 1081910 1081661 NC_003304.gbk
266 34.8 4060971 4060579 genome.dna 1082385 1081923 NC_003304.gbk
364 45.9 4067878 4067480 genome.dna 2069641 2070043 NC_003304.gbk
423 37.0 4068636 4067902 genome.dna 1957171 1957963 NC_003304.gbk
1272 35.3 4071195 4068739 genome.dna 1293956 1291601 NC_003304.gbk
337 39.3 4071662 4071237 genome.dna 205949 205478 NC_003304.gbk
346 36.1 4076900 4077613 genome.dna 2745826 2745163 NC_003304.gbk
499 35.6 4077711 4078532 genome.dna 2179657 2178838 NC_003304.gbk
370 37.3 4079441 4080034 genome.dna 321027 320382 NC_003304.gbk
809 37.1 4080027 4081166 genome.dna 320377 319177 NC_003304.gbk
140 36.8 4081395 4081658 genome.dna 810155 809873 NC_003304.gbk
1153 51.4 4109655 4110677 genome.dna 1507093 1506082 NC_003304.gbk
475 32.9 4114259 4113273 genome.dna 823913 822929 NC_003304.gbk
495 33.4 4114440 4115846 genome.dna 1076077 1074580 NC_003304.gbk
378 31.5 4115888 4116970 genome.dna 1072435 1071259 NC_003304.gbk
680 51.3 4118940 4119590 genome.dna 478098 478740 NC_003304.gbk
385 44.3 4137049 4136630 genome.dna 2130491 2130041 NC_003304.gbk
2808 58.9 4139901 4137067 genome.dna 1502300 1505222 NC_003304.gbk
545 47.3 4140147 4140710 genome.dna 1501994 1501472 NC_003304.gbk
390 42.4 4143007 4143462 genome.dna 260478 260034 NC_003304.gbk
263 41.7 4222572 4222883 genome.dna 2250308 2249987 NC_003304.gbk
1143 41.9 4231793 4230366 genome.dna 2616894 2615487 NC_003304.gbk
531 37.9 4237489 4236725 genome.dna 657459 656685 NC_003304.gbk
199 33.3 4252799 4252404 genome.dna 1048867 1048450 NC_003304.gbk
825 41.1 4257707 4256787 genome.dna 2046758 2045801 NC_003304.gbk
695 31.5 4260285 4259029 genome.dna 2050204 2048872 NC_003304.gbk
583 41.3 4262088 4261168 genome.dna 2052047 2051120 NC_003304.gbk
1291 44.0 4263557 4262097 genome.dna 2057353 2055937 NC_003304.gbk
466 34.9 4264711 4263620 genome.dna 2058486 2057349 NC_003304.gbk
518 32.9 4267226 4265910 genome.dna 2061061 2059651 NC_003304.gbk
1203 49.9 4268312 4267230 genome.dna 2062165 2061064 NC_003304.gbk
734 37.6 4269667 4268306 genome.dna 2063622 2062188 NC_003304.gbk
850 38.4 4271151 4269664 genome.dna 2065088 2063618 NC_003304.gbk
767 43.6 4274186 4273242 genome.dna 2068481 2067455 NC_003304.gbk
436 45.8 4277861 4277370 genome.dna 1993897 1993324 NC_003304.gbk
1969 50.8 4279582 4277864 genome.dna 1995710 1993916 NC_003304.gbk
1095 50.5 4283764 4284855 genome.dna 2792381 2793494 NC_003304.gbk
2029 64.1 4284858 4286258 genome.dna 2693493 2694903 NC_003304.gbk
696 52.1 4286272 4286874 genome.dna 2791554 2792160 NC_003304.gbk
515 34.5 4289018 4288182 genome.dna 1072557 1073379 NC_003304.gbk
1278 55.4 4296705 4297769 genome.dna 2700102 2699088 NC_003304.gbk
1146 40.3 4297745 4299352 genome.dna 2699069 2697443 NC_003304.gbk
616 48.2 4299357 4300049 genome.dna 2697447 2696730 NC_003304.gbk
761 38.8 4318033 4319034 genome.dna 1093558 1092535 NC_003304.gbk
531 39.0 4319027 4319845 genome.dna 1092536 1091705 NC_003304.gbk
367 44.1 4319858 4320235 genome.dna 427901 427499 NC_003304.gbk
375 39.8 4323873 4323391 genome.dna 2005768 2005240 NC_003304.gbk
403 44.9 4326494 4326126 genome.dna 865635 866004 NC_003304.gbk
849 60.5 4327281 4326592 genome.dna 864933 865587 NC_003304.gbk
2123 58.6 4330684 4327460 genome.dna 2150581 2154070 NC_003304.gbk
1201 49.4 4331847 4330699 genome.dna 2140049 2141255 NC_003304.gbk
729 44.6 4333114 4332293 genome.dna 186579 185766 NC_003304.gbk
939 48.8 4334402 4333452 genome.dna 769732 770779 NC_003304.gbk
354 39.9 4335368 4334856 genome.dna 332936 333425 NC_003304.gbk
1322 40.6 4338181 4335368 genome.dna 680860 683764 NC_003304.gbk
640 38.1 4339154 4338213 genome.dna 679607 680588 NC_003304.gbk
218 43.0 4339580 4339843 genome.dna 316509 316776 NC_003304.gbk
1522 56.3 4343498 4342359 genome.dna 126114 124980 NC_003304.gbk
2732 65.9 4345514 4343607 genome.dna 128106 126204 NC_003304.gbk
1742 57.6 4348005 4346668 genome.dna 2118610 2119942 NC_003304.gbk
684 32.8 4353827 4352538 genome.dna 786088 784516 NC_003304.gbk
318 39.4 4360338 4359856 genome.dna 2036302 2035810 NC_003304.gbk
2075 55.3 4365488 4367155 genome.dna 2091037 2089387 NC_003304.gbk
838 42.4 4370220 4371221 genome.dna 993487 992470 NC_003304.gbk
329 35.9 4373604 4372945 genome.dna 1596329 1595648 NC_003304.gbk
471 36.4 4376373 4375759 genome.dna 915411 914802 NC_003304.gbk
550 35.5 4377440 4376580 genome.dna 1044580 1043758 NC_003304.gbk
1037 48.6 4388480 4389631 genome.dna 356351 357614 NC_003304.gbk
819 41.3 4392301 4393260 genome.dna 302303 303263 NC_003304.gbk
464 37.7 4393344 4393907 genome.dna 777255 777861 NC_003304.gbk
1474 52.9 4398393 4397095 genome.dna 2420136 2418837 NC_003304.gbk
433 34.6 4399815 4398820 genome.dna 2003977 2003053 NC_003304.gbk
684 34.6 4401072 4399819 genome.dna 2005097 2003978 NC_003304.gbk
974 42.6 4402445 4401165 genome.dna 1446482 1447817 NC_003304.gbk
628 38.2 4403893 4402952 genome.dna 1999003 1998106 NC_003304.gbk
790 33.6 4405841 4403886 genome.dna 698965 697135 NC_003304.gbk
410 34.0 4409618 4408062 genome.dna 1753385 1751909 NC_003304.gbk
1475 63.1 4422828 4421779 genome.dna 1544349 1545417 NC_003304.gbk
429 36.8 4423913 4423296 genome.dna 2617572 2616957 NC_003304.gbk
425 34.6 4448185 4447619 genome.dna 2527573 2527003 NC_003304.gbk
611 33.6 4448227 4449270 genome.dna 2528858 2529950 NC_003304.gbk
1877 54.2 4451372 4449723 genome.dna 400056 398430 NC_003304.gbk
1086 34.7 4455241 4453595 genome.dna 2217778 2219431 NC_003304.gbk
657 33.0 4459180 4457075 genome.dna 406467 408594 NC_003304.gbk
4878 62.0 4464530 4460847 genome.dna 2123789 2120015 NC_003304.gbk
1693 62.8 4468982 4467675 genome.dna 594585 593280 NC_003304.gbk
941 45.0 4471827 4470898 genome.dna 2703520 2704447 NC_003304.gbk
400 39.5 4477982 4478530 genome.dna 1507952 1508483 NC_003304.gbk
453 34.9 4479596 4478769 genome.dna 1647 2508 NC_003304.gbk
467 43.7 4482450 4482959 genome.dna 360844 361357 NC_003304.gbk
700 40.6 4482986 4483933 genome.dna 361401 362337 NC_003304.gbk
1025 38.2 4485347 4486723 genome.dna 1444472 1445849 NC_003304.gbk
300 46.8 4486815 4487225 genome.dna 521536 521965 NC_003304.gbk
443 55.0 4488068 4487676 genome.dna 1901015 1900589 NC_003304.gbk
1057 51.4 4489098 4488109 genome.dna 1902144 1901133 NC_003304.gbk
501 41.4 4489744 4489124 genome.dna 1840217 1839599 NC_003304.gbk
609 66.7 4490164 4489775 genome.dna 1902729 1902339 NC_003304.gbk
428 57.3 4490537 4490181 genome.dna 1903236 1902867 NC_003304.gbk
1566 54.5 4492165 4490834 genome.dna 1905467 1904126 NC_003304.gbk
330 42.0 4492607 4492173 genome.dna 1906280 1905800 NC_003304.gbk
569 56.8 4493297 4492797 genome.dna 1907084 1906514 NC_003304.gbk
342 45.3 4493665 4493312 genome.dna 1907566 1907203 NC_003304.gbk
559 45.8 4494208 4493675 genome.dna 1908112 1907578 NC_003304.gbk
406 45.8 4494614 4494222 genome.dna 1908554 1908155 NC_003304.gbk
296 47.5 4494953 4494648 genome.dna 1908872 1908566 NC_003304.gbk
762 61.9 4495506 4494967 genome.dna 1909460 1908905 NC_003304.gbk
300 48.5 4495835 4495521 genome.dna 1909761 1909452 NC_003304.gbk
605 77.2 4496217 4495846 genome.dna 1910142 1909773 NC_003304.gbk
271 56.3 4496635 4496381 genome.dna 1910613 1910376 NC_003304.gbk
195 50.8 4496826 4496635 genome.dna 1910825 1910624 NC_003304.gbk
579 61.9 4497236 4496826 genome.dna 1911251 1910837 NC_003304.gbk
977 62.1 4497950 4497249 genome.dna 1912021 1911289 NC_003304.gbk
397 60.9 4498593 4498315 genome.dna 1912691 1912412 NC_003304.gbk
1098 60.4 4499431 4498610 genome.dna 1913543 1912706 NC_003304.gbk
251 48.4 4499751 4499449 genome.dna 1913880 1913586 NC_003304.gbk
358 35.1 4500353 4499748 genome.dna 1914497 1913876 NC_003304.gbk
654 49.8 4500993 4500364 genome.dna 1915151 1914509 NC_003304.gbk
493 72.5 4501337 4501026 genome.dna 1915628 1915319 NC_003304.gbk
480 49.0 4502117 4501644 genome.dna 2776386 2776896 NC_003304.gbk
2695 59.7 4505956 4503842 genome.dna 1919280 1917180 NC_003304.gbk
621 58.3 4506523 4506053 genome.dna 1919785 1919314 NC_003304.gbk
650 74.8 4506994 4506620 genome.dna 1920234 1919862 NC_003304.gbk
1444 41.1 4522627 4520816 genome.dna 1679276 1677467 NC_003304.gbk
1623 41.9 4523306 4525213 genome.dna 1111132 1109248 NC_003304.gbk
1162 47.4 4531124 4529898 genome.dna 424027 425227 NC_003304.gbk
193 39.8 4539402 4538833 genome.dna 1668050 1667480 NC_003304.gbk
784 51.6 4540514 4539705 genome.dna 2483722 2482969 NC_003304.gbk
1069 59.4 4541350 4540526 genome.dna 2484537 2483706 NC_003304.gbk
1175 59.7 4542308 4541385 genome.dna 2485443 2484540 NC_003304.gbk
1240 54.7 4543345 4542305 genome.dna 2486459 2485439 NC_003304.gbk
984 34.0 4545089 4543476 genome.dna 2488168 2486455 NC_003304.gbk
596 44.6 4551834 4552562 genome.dna 2339784 2339061 NC_003304.gbk
540 40.7 4552562 4553296 genome.dna 2339050 2338360 NC_003304.gbk
1074 65.9 4553293 4554057 genome.dna 2341398 2340621 NC_003304.gbk
671 41.3 4557783 4556779 genome.dna 344568 345633 NC_003304.gbk
416 35.9 4558484 4557780 genome.dna 1596534 1597236 NC_003304.gbk
762 53.8 4559154 4558477 genome.dna 1821299 1821977 NC_003304.gbk
1278 32.8 4567199 4569754 genome.dna 1328865 1331313 NC_003304.gbk
183 36.2 4573911 4574321 genome.dna 2751210 2750793 NC_003304.gbk
353 36.1 4574406 4575275 genome.dna 426437 427427 NC_003304.gbk
1568 46.6 4575473 4577092 genome.dna 37513 39199 NC_003304.gbk
2817 58.6 4597892 4600225 genome.dna 638955 641280 NC_003304.gbk
392 34.0 4660865 4661485 genome.dna 1844901 1844262 NC_003304.gbk
1830 47.5 4664050 4662224 genome.dna 63195 65004 NC_003304.gbk
695 36.7 4665855 4666784 genome.dna 1061655 1060746 NC_003304.gbk
658 38.1 4668986 4668036 genome.dna 710696 711725 NC_003304.gbk
471 32.9 4675687 4674863 genome.dna 2680395 2679522 NC_003304.gbk
682 32.5 4677558 4676383 genome.dna 1165728 1166952 NC_003304.gbk
793 45.4 4680620 4681561 genome.dna 2635590 2636520 NC_003304.gbk
701 30.2 4690836 4689472 genome.dna 1822590 1823943 NC_003304.gbk
629 31.2 4703612 4702350 genome.dna 2557979 2556704 NC_003304.gbk
1938 68.8 4708658 4707399 genome.dna 2839522 2838256 NC_003304.gbk
373 55.8 4709479 4709153 genome.dna 19961 19640 NC_003304.gbk
2932 72.8 4729969 4728119 genome.dna 1897222 1895386 NC_003304.gbk
412 30.8 4730969 4730043 genome.dna 867114 867996 NC_003304.gbk
1288 44.2 4733613 4735139 genome.dna 303446 304979 NC_003304.gbk
1169 39.4 4752903 4754309 genome.dna 1646721 1648206 NC_003304.gbk
811 43.9 4756712 4755816 genome.dna 2088208 2087317 NC_003304.gbk
724 35.4 4766891 4765731 genome.dna 429311 428126 NC_003304.gbk
1318 33.7 4770998 4773196 genome.dna 2612055 2609838 NC_003304.gbk
673 59.9 4775884 4776414 genome.dna 44601 45126 NC_003304.gbk
1613 58.3 4776424 4777755 genome.dna 45213 46521 NC_003304.gbk
208 32.7 4780345 4781184 genome.dna 464350 465076 NC_003304.gbk
448 32.1 4784192 4784938 genome.dna 1453895 1454708 NC_003304.gbk
605 43.4 4786326 4787093 genome.dna 1605584 1604813 NC_003304.gbk
556 33.7 4826899 4825997 genome.dna 2246729 2245772 NC_003304.gbk
485 37.3 4829201 4829899 genome.dna 37250 36524 NC_003304.gbk
385 40.9 4834867 4834403 genome.dna 2217119 2217605 NC_003304.gbk
1160 52.2 4838481 4837408 genome.dna 300338 301439 NC_003304.gbk
904 46.2 4839358 4838507 genome.dna 299485 300328 NC_003304.gbk
819 42.4 4840266 4839379 genome.dna 298592 299474 NC_003304.gbk
1023 38.1 4841673 4840339 genome.dna 297123 298422 NC_003304.gbk
728 33.7 4859267 4858077 genome.dna 1978514 1977269 NC_003304.gbk
861 55.6 4859998 4859297 genome.dna 2396905 2396176 NC_003304.gbk
1009 52.6 4862968 4862042 genome.dna 2400099 2399196 NC_003304.gbk
924 39.6 4864237 4863125 genome.dna 2395534 2394415 NC_003304.gbk
619 36.7 4866035 4865178 genome.dna 2415081 2415984 NC_003304.gbk
986 38.8 4869411 4868002 genome.dna 2678219 2676782 NC_003304.gbk
310 35.2 4869761 4870336 genome.dna 687119 687677 NC_003304.gbk
633 40.8 4882515 4883447 genome.dna 2270868 2271756 NC_003304.gbk
382 35.7 4906610 4907971 genome.dna 2109232 2107717 NC_003304.gbk
951 44.2 4914105 4915127 genome.dna 2818081 2817070 NC_003304.gbk
502 43.7 4917573 4916662 genome.dna 1844225 1843331 NC_003304.gbk
906 43.2 4926494 4925484 genome.dna 1193548 1194562 NC_003304.gbk
322 47.1 4942687 4942274 genome.dna 370518 370944 NC_003304.gbk
784 39.4 4948910 4949932 genome.dna 1865088 1863936 NC_003304.gbk
379 31.7 4956187 4955039 genome.dna 1400487 1401690 NC_003304.gbk
379 31.7 4956187 4955039 genome.dna 1400487 1401690 NC_003304.gbk
379 31.7 4956187 4955039 genome.dna 1400487 1401690 NC_003304.gbk
569 46.7 4956801 4956184 genome.dna 704221 703591 NC_003304.gbk
569 46.7 4956801 4956184 genome.dna 704221 703591 NC_003304.gbk
467 33.3 4957681 4956785 genome.dna 705151 704236 NC_003304.gbk
931 49.8 4964420 4963467 genome.dna 370313 369368 NC_003304.gbk
2925 58.0 4981440 4979023 genome.dna 8048 10499 NC_003304.gbk
931 42.0 4983694 4982594 genome.dna 294874 293755 NC_003304.gbk
844 35.1 4985096 4983699 genome.dna 317545 319108 NC_003304.gbk
730 38.5 4988276 4989640 genome.dna 2838167 2836838 NC_003304.gbk
852 39.3 5015861 5014662 genome.dna 2239824 2238645 NC_003304.gbk
307 31.3 5015940 5016497 genome.dna 243978 244560 NC_003304.gbk
485 35.0 5017538 5016804 genome.dna 421329 422055 NC_003304.gbk
1383 50.6 5026700 5027902 genome.dna 2170731 2169528 NC_003304.gbk
686 37.7 5031540 5032457 genome.dna 980587 981523 NC_003304.gbk
1756 47.4 5049054 5047222 genome.dna 1772482 1770655 NC_003304.gbk
485 40.0 5050610 5049240 genome.dna 1774048 1772686 NC_003304.gbk
2146 70.9 5055348 5053966 genome.dna 2606081 2604626 NC_003304.gbk
528 34.5 5056259 5055396 genome.dna 2606983 2606104 NC_003304.gbk
1277 56.7 5057853 5056312 genome.dna 2608544 2607014 NC_003304.gbk
87 30.8 5060442 5060059 genome.dna 128714 129041 NC_003304.gbk
1961 49.8 5063659 5061770 genome.dna 2836776 2834892 NC_003304.gbk
548 40.1 9676 9014 genome.dna 1132116 1131462 NC_003305.gbk
1483 46.4 10948 12453 genome.dna 413247 411705 NC_003305.gbk
932 46.7 12461 13429 genome.dna 1450650 1451634 NC_003305.gbk
454 31.6 13455 14342 genome.dna 1448181 1449093 NC_003305.gbk
614 37.7 14538 15464 genome.dna 2027403 2028342 NC_003305.gbk
972 38.6 33859 32447 genome.dna 846375 844833 NC_003305.gbk
534 43.9 68440 67694 genome.dna 1154567 1153940 NC_003305.gbk
1399 41.9 87882 86185 genome.dna 51749 50102 NC_003305.gbk
567 36.8 93925 92960 genome.dna 1848838 1849774 NC_003305.gbk
515 39.1 110262 109636 genome.dna 1732121 1731521 NC_003305.gbk
1505 49.5 115831 114374 genome.dna 1626910 1628365 NC_003305.gbk
1859 61.3 117217 115898 genome.dna 1628608 1629919 NC_003305.gbk
816 42.2 117691 118689 genome.dna 630861 629820 NC_003305.gbk
789 36.3 140268 141428 genome.dna 964877 966023 NC_003305.gbk
780 42.9 153705 152758 genome.dna 40717 41662 NC_003305.gbk
885 41.7 157508 156588 genome.dna 1882680 1883628 NC_003305.gbk
508 30.1 187993 189078 genome.dna 272913 273960 NC_003305.gbk
640 35.3 199675 198740 genome.dna 922835 923723 NC_003305.gbk
598 32.0 217581 216430 genome.dna 442479 443604 NC_003305.gbk
1290 44.0 219661 221034 genome.dna 653101 654502 NC_003305.gbk
1799 53.6 230345 231841 genome.dna 1531855 1530280 NC_003305.gbk
270 35.0 271449 270808 genome.dna 315449 316112 NC_003305.gbk
1145 65.5 288581 287820 genome.dna 1681267 1680505 NC_003305.gbk
488 39.0 292998 292333 genome.dna 1359409 1360030 NC_003305.gbk
656 36.0 295276 296334 genome.dna 578110 577120 NC_003305.gbk
1722 56.9 306633 305290 genome.dna 1398366 1399761 NC_003305.gbk
263 34.4 307112 306645 genome.dna 1397926 1398370 NC_003305.gbk
478 54.2 307589 307137 genome.dna 1679568 1679124 NC_003305.gbk
891 47.3 340994 339921 genome.dna 858352 857422 NC_003305.gbk
520 36.4 355354 354581 genome.dna 173951 173165 NC_003305.gbk
901 37.8 357036 355618 genome.dna 868226 866771 NC_003305.gbk
2155 44.7 361542 357046 genome.dna 873154 868408 NC_003305.gbk
730 39.4 384350 385246 genome.dna 1737804 1738710 NC_003305.gbk
577 36.1 399153 398326 genome.dna 1417197 1418031 NC_003305.gbk
1379 46.7 406489 405197 genome.dna 144385 143104 NC_003305.gbk
255 31.5 407011 406505 genome.dna 144907 144385 NC_003305.gbk
784 37.5 408325 407348 genome.dna 145970 144977 NC_003305.gbk
223 33.9 431880 431494 genome.dna 1028744 1029152 NC_003305.gbk
595 51.7 452937 452395 genome.dna 639776 639215 NC_003305.gbk
1645 56.5 485144 483705 genome.dna 885920 887366 NC_003305.gbk
300 41.6 503049 502735 genome.dna 542194 542518 NC_003305.gbk
297 30.7 526894 527520 genome.dna 812351 811763 NC_003305.gbk
167 47.8 536233 536394 genome.dna 1609677 1609503 NC_003305.gbk
369 35.7 539365 540081 genome.dna 1559324 1558607 NC_003305.gbk
298 59.4 705108 705329 genome.dna 1888407 1888203 NC_003305.gbk
429 38.7 713461 712685 genome.dna 269040 269757 NC_003305.gbk
175 43.3 755400 755185 genome.dna 1181803 1181575 NC_003305.gbk
2403 58.5 768185 770122 genome.dna 792938 790991 NC_003305.gbk
1426 48.6 771082 772419 genome.dna 790827 789450 NC_003305.gbk
852 32.4 787369 789282 genome.dna 1291299 1289451 NC_003305.gbk
949 43.2 792458 791463 genome.dna 1532869 1533847 NC_003305.gbk
469 37.4 794943 795722 genome.dna 2028361 2029321 NC_003305.gbk
631 38.3 805628 804636 genome.dna 973011 972012 NC_003305.gbk
777 38.9 805742 806647 genome.dna 1504011 1504911 NC_003305.gbk
611 36.1 808581 807679 genome.dna 1135450 1134538 NC_003305.gbk
628 31.0 812414 811260 genome.dna 1360871 1362050 NC_003305.gbk
484 34.4 819141 820013 genome.dna 255391 254458 NC_003305.gbk
554 31.2 829148 828144 genome.dna 372213 371187 NC_003305.gbk
354 44.1 839867 840766 genome.dna 680725 681721 NC_003305.gbk
1428 44.8 844582 846099 genome.dna 1616319 1614819 NC_003305.gbk
570 32.0 856625 858271 genome.dna 58813 60397 NC_003305.gbk
1053 37.2 908973 907498 genome.dna 580776 579303 NC_003305.gbk
338 30.9 912721 911924 genome.dna 560654 559793 NC_003305.gbk
440 36.6 919428 918802 genome.dna 508460 509093 NC_003305.gbk
571 50.0 937554 938135 genome.dna 1395563 1396160 NC_003305.gbk
718 42.4 939859 940740 genome.dna 159173 158312 NC_003305.gbk
525 34.1 940742 941554 genome.dna 158316 157479 NC_003305.gbk
1320 54.8 941591 942676 genome.dna 157470 156384 NC_003305.gbk
2151 51.2 955638 953644 genome.dna 815064 817047 NC_003305.gbk
784 34.4 959189 960961 genome.dna 592656 590961 NC_003305.gbk
2166 45.5 964883 967162 genome.dna 392727 395016 NC_003305.gbk
1137 52.3 984193 985221 genome.dna 555604 554617 NC_003305.gbk
1055 59.2 985221 986075 genome.dna 554556 553722 NC_003305.gbk
452 37.1 1029050 1029736 genome.dna 911038 910378 NC_003305.gbk
1295 35.0 1097087 1099333 genome.dna 1293143 1295411 NC_003305.gbk
673 34.9 1116476 1115454 genome.dna 1845151 1844077 NC_003305.gbk
1175 47.9 1125945 1124593 genome.dna 1587911 1589036 NC_003305.gbk
1276 61.9 1128600 1127662 genome.dna 481702 482728 NC_003305.gbk
1398 64.9 1129588 1128602 genome.dna 480692 481736 NC_003305.gbk
1902 52.9 1131228 1129642 genome.dna 480477 478869 NC_003305.gbk
622 36.9 1137533 1138456 genome.dna 84249 85128 NC_003305.gbk
1067 51.1 1173165 1174124 genome.dna 681784 682738 NC_003305.gbk
1426 53.9 1221233 1222429 genome.dna 273976 275185 NC_003305.gbk
204 41.4 1298919 1299233 genome.dna 678346 678628 NC_003305.gbk
349 32.4 1310544 1309849 genome.dna 380393 379682 NC_003305.gbk
1095 44.8 1327249 1326056 genome.dna 215788 214573 NC_003305.gbk
295 32.7 1327415 1328056 genome.dna 211297 210673 NC_003305.gbk
932 47.2 1336525 1337487 genome.dna 854740 855775 NC_003305.gbk
523 33.8 1348853 1349839 genome.dna 1649892 1648764 NC_003305.gbk
325 39.2 1357212 1356757 genome.dna 856884 857349 NC_003305.gbk
1283 62.3 1358126 1357212 genome.dna 855829 856882 NC_003305.gbk
539 43.2 1363250 1362525 genome.dna 558530 559283 NC_003305.gbk
578 40.7 1376426 1377313 genome.dna 2059126 2059876 NC_003305.gbk
452 35.4 1381835 1382692 genome.dna 530214 530991 NC_003305.gbk
520 41.0 1391405 1390635 genome.dna 647049 647883 NC_003305.gbk
727 39.5 1429248 1430537 genome.dna 82702 81379 NC_003305.gbk
923 31.5 1451498 1453288 genome.dna 62644 60679 NC_003305.gbk
961 43.7 1458435 1457257 genome.dna 1694017 1695223 NC_003305.gbk
593 46.1 1459094 1458447 genome.dna 1693311 1694007 NC_003305.gbk
555 42.7 1459750 1459094 genome.dna 1692607 1693315 NC_003305.gbk
711 49.1 1467907 1467197 genome.dna 1202279 1201565 NC_003305.gbk
231 50.8 1468125 1468334 genome.dna 131181 131391 NC_003305.gbk
1159 73.4 1484840 1484115 genome.dna 1360041 1360791 NC_003305.gbk
623 36.1 1487375 1486479 genome.dna 264997 265900 NC_003305.gbk
378 48.2 1514785 1514357 genome.dna 326647 327085 NC_003305.gbk
634 46.9 1515559 1514879 genome.dna 875300 874610 NC_003305.gbk
1828 37.8 1518297 1515565 genome.dna 878042 875360 NC_003305.gbk
562 51.3 1519100 1518525 genome.dna 878684 878117 NC_003305.gbk
2022 63.0 1521264 1519120 genome.dna 880781 878696 NC_003305.gbk
1948 55.7 1522968 1521280 genome.dna 882702 880998 NC_003305.gbk
2003 56.9 1547669 1549237 genome.dna 1211469 1213059 NC_003305.gbk
1371 50.0 1549251 1550390 genome.dna 1213065 1214223 NC_003305.gbk
286 38.8 1550947 1551351 genome.dna 800786 800345 NC_003305.gbk
542 41.7 1551348 1552034 genome.dna 800084 799364 NC_003305.gbk
356 38.8 1555196 1555705 genome.dna 796145 795611 NC_003305.gbk
497 36.9 1558773 1559834 genome.dna 1218962 1217924 NC_003305.gbk
755 42.4 1573036 1572017 genome.dna 1285599 1284612 NC_003305.gbk
814 43.5 1578878 1579741 genome.dna 1513619 1514474 NC_003305.gbk
1721 67.4 1583143 1582073 genome.dna 1511266 1512316 NC_003305.gbk
551 30.9 1606718 1607845 genome.dna 1990403 1991549 NC_003305.gbk
598 35.9 1614552 1615325 genome.dna 1973268 1972455 NC_003305.gbk
1276 42.4 1631952 1633361 genome.dna 388556 387125 NC_003305.gbk
771 42.7 1635671 1634820 genome.dna 1764055 1763161 NC_003305.gbk
502 46.2 1636204 1635668 genome.dna 1765687 1765117 NC_003305.gbk
1230 61.0 1637078 1636206 genome.dna 1763165 1762298 NC_003305.gbk
552 36.7 1652035 1651178 genome.dna 1662035 1661219 NC_003305.gbk
1299 46.7 1654089 1656020 genome.dna 1659101 1657274 NC_003305.gbk
1046 52.3 1656775 1657761 genome.dna 1125161 1124168 NC_003305.gbk
832 40.6 1660540 1661571 genome.dna 411709 410644 NC_003305.gbk
969 40.4 1661611 1662744 genome.dna 1655229 1654101 NC_003305.gbk
2229 53.7 1662791 1664695 genome.dna 1661014 1659097 NC_003305.gbk
931 44.7 1664731 1665621 genome.dna 1657273 1656364 NC_003305.gbk
861 50.8 1665648 1666472 genome.dna 1656265 1655452 NC_003305.gbk
692 38.1 1674049 1674948 genome.dna 2061371 2062289 NC_003305.gbk
965 48.9 1735237 1734179 genome.dna 1958515 1959577 NC_003305.gbk
1688 44.0 1737321 1735243 genome.dna 1956287 1958519 NC_003305.gbk
1079 47.9 1738556 1737522 genome.dna 1955183 1956209 NC_003305.gbk
770 33.8 1786438 1785080 genome.dna 1554943 1556248 NC_003305.gbk
1555 41.4 1788362 1786503 genome.dna 426760 424912 NC_003305.gbk
247 30.5 1793872 1793363 genome.dna 767465 768008 NC_003305.gbk
1078 38.9 1794345 1795769 genome.dna 445124 446588 NC_003305.gbk
2304 68.3 1800077 1801579 genome.dna 1456516 1454965 NC_003305.gbk
1326 70.5 1827346 1826507 genome.dna 641210 640313 NC_003305.gbk
1737 50.5 1839441 1837903 genome.dna 1934611 1936135 NC_003305.gbk
664 38.8 1859923 1859015 genome.dna 1269927 1269024 NC_003305.gbk
629 38.4 1903087 1902248 genome.dna 1750494 1749564 NC_003305.gbk
1148 39.1 1993342 1994814 genome.dna 1365588 1367070 NC_003305.gbk
1196 40.6 1994834 1996513 genome.dna 1246418 1248026 NC_003305.gbk
248 33.8 1996673 1997326 genome.dna 1642002 1642698 NC_003305.gbk
603 34.1 2042130 2043083 genome.dna 1115186 1116173 NC_003305.gbk
544 38.5 2044045 2044779 genome.dna 581534 580793 NC_003305.gbk
760 36.6 2063309 2062113 genome.dna 900290 901499 NC_003305.gbk
1124 45.2 2064554 2063346 genome.dna 1444812 1443582 NC_003305.gbk
564 49.5 2064690 2065280 genome.dna 1444955 1445528 NC_003305.gbk
750 54.1 2146500 2145886 genome.dna 1545286 1545988 NC_003305.gbk
364 40.3 2146934 2146497 genome.dna 1544798 1545290 NC_003305.gbk
3917 67.3 2150965 2148479 genome.dna 1542354 1544829 NC_003305.gbk
132 34.5 2151231 2150962 genome.dna 1542062 1542350 NC_003305.gbk
509 45.9 2151764 2151228 genome.dna 1541569 1542070 NC_003305.gbk
286 34.4 2153926 2154558 genome.dna 1424677 1425313 NC_003305.gbk
727 49.4 2159158 2158370 genome.dna 511909 512701 NC_003305.gbk
3781 74.8 2163569 2165743 genome.dna 1794291 1796463 NC_003305.gbk
466 30.5 2214721 2213777 genome.dna 973982 973007 NC_003305.gbk
2511 50.5 2227418 2225106 genome.dna 1947184 1944889 NC_003305.gbk
715 41.7 2246458 2245529 genome.dna 905639 904712 NC_003305.gbk
394 34.7 2246565 2247398 genome.dna 1722836 1722086 NC_003305.gbk
1199 37.4 2259590 2261206 genome.dna 1386399 1384737 NC_003305.gbk
1123 51.9 2267632 2266640 genome.dna 963756 964770 NC_003305.gbk
369 34.3 2301922 2302608 genome.dna 665502 664842 NC_003305.gbk
1307 52.0 2320507 2319365 genome.dna 1050589 1051735 NC_003305.gbk
1241 63.1 2321445 2320504 genome.dna 1051745 1052690 NC_003305.gbk
652 36.1 2322430 2321456 genome.dna 1928777 1927766 NC_003305.gbk
622 33.8 2325750 2324722 genome.dna 1977821 1976750 NC_003305.gbk
999 43.9 2335148 2334054 genome.dna 1370189 1371272 NC_003305.gbk
1910 58.3 2338271 2339743 genome.dna 1371284 1372739 NC_003305.gbk
694 34.7 2340110 2341189 genome.dna 1367445 1368456 NC_003305.gbk
706 39.9 2342538 2343356 genome.dna 1369392 1370193 NC_003305.gbk
980 62.3 2343795 2344529 genome.dna 329251 328516 NC_003305.gbk
769 34.4 2359305 2358133 genome.dna 1414911 1416093 NC_003305.gbk
1081 50.8 2439405 2440412 genome.dna 1069388 1070405 NC_003305.gbk
334 30.8 2449772 2450872 genome.dna 1245348 1246356 NC_003305.gbk
579 41.6 2451703 2452401 genome.dna 1662853 1662136 NC_003305.gbk
493 50.3 2457511 2456957 genome.dna 466657 466111 NC_003305.gbk
944 50.2 2458582 2457599 genome.dna 464261 463322 NC_003305.gbk
1720 58.9 2460964 2459636 genome.dna 469292 467951 NC_003305.gbk
1063 52.9 2463567 2464547 genome.dna 470317 469315 NC_003305.gbk
774 46.7 2472640 2473437 genome.dna 979841 980630 NC_003305.gbk
1261 54.8 2492889 2493971 genome.dna 1295440 1296523 NC_003305.gbk
520 39.8 2493971 2494816 genome.dna 1296519 1297389 NC_003305.gbk
837 40.8 2508508 2509803 genome.dna 129182 130418 NC_003305.gbk
891 52.8 2552084 2552833 genome.dna 1229418 1230168 NC_003305.gbk
1156 53.7 2570445 2569453 genome.dna 983555 982517 NC_003305.gbk
752 52.2 2585970 2586605 genome.dna 1603143 1602432 NC_003305.gbk
332 33.5 2611473 2610838 genome.dna 201234 200547 NC_003305.gbk
406 50.4 2620019 2620441 genome.dna 951395 951005 NC_003305.gbk
1112 51.3 2629936 2629016 genome.dna 1384683 1383759 NC_003305.gbk
747 44.9 2639766 2638855 genome.dna 861704 860816 NC_003305.gbk
733 40.5 2642732 2643580 genome.dna 1442542 1443508 NC_003305.gbk
1636 57.5 2664862 2663609 genome.dna 318882 320139 NC_003305.gbk
310 33.8 2678460 2679146 genome.dna 267770 267050 NC_003305.gbk
1053 61.3 2679167 2679979 genome.dna 267015 266199 NC_003305.gbk
164 34.1 2679983 2680252 genome.dna 266203 265942 NC_003305.gbk
1679 52.7 2696737 2695181 genome.dna 1492325 1490768 NC_003305.gbk
1251 64.8 2704043 2704957 genome.dna 1613380 1612480 NC_003305.gbk
1195 60.8 2704954 2705844 genome.dna 1612478 1611575 NC_003305.gbk
1293 68.4 2705844 2706707 genome.dna 1611595 1610734 NC_003305.gbk
970 50.4 2706704 2707561 genome.dna 1610738 1609883 NC_003305.gbk
234 41.9 2710820 2710485 genome.dna 152538 152856 NC_003305.gbk
853 43.2 2711183 2712019 genome.dna 150725 149900 NC_003305.gbk
908 54.4 2712101 2712862 genome.dna 149904 149160 NC_003305.gbk
1231 61.2 2714816 2715706 genome.dna 141936 141054 NC_003305.gbk
1182 57.1 2715699 2716604 genome.dna 141050 140165 NC_003305.gbk
1265 56.0 2716618 2717745 genome.dna 140163 139062 NC_003305.gbk
1019 41.2 2717761 2719050 genome.dna 139019 137750 NC_003305.gbk
1053 36.5 2737369 2735993 genome.dna 885662 884204 NC_003305.gbk
723 39.3 2742385 2741537 genome.dna 1720345 1721242 NC_003305.gbk
676 35.0 2757088 2758194 genome.dna 782159 781016 NC_003305.gbk
550 42.0 2760640 2761329 genome.dna 1876542 1875879 NC_003305.gbk
1260 52.1 2771476 2770376 genome.dna 162857 164054 NC_003305.gbk
494 39.2 2771944 2772576 genome.dna 1325870 1325159 NC_003305.gbk
663 49.7 2793288 2792647 genome.dna 1641241 1641880 NC_003305.gbk
698 37.9 2794931 2793456 genome.dna 2015833 2017219 NC_003305.gbk
958 37.2 2796565 2798007 genome.dna 841232 842672 NC_003305.gbk
1328 60.0 2809298 2808294 genome.dna 803363 802322 NC_003305.gbk
328 31.2 2809923 2809306 genome.dna 804067 803449 NC_003305.gbk
435 45.3 2810663 2810151 genome.dna 804607 804094 NC_003305.gbk
726 49.2 2811487 2810744 genome.dna 809144 808397 NC_003305.gbk
789 59.1 2822402 2821764 genome.dna 941774 942407 NC_003305.gbk
190 47.2 2884347 2884165 genome.dna 776991 776802 NC_003305.gbk
1170 34.8 2887241 2885457 genome.dna 1747477 1745713 NC_003305.gbk
488 35.3 2906057 2905173 genome.dna 1740466 1739617 NC_003305.gbk
1815 46.2 2925698 2924025 genome.dna 1222747 1224448 NC_003305.gbk
404 41.7 2926492 2925815 genome.dna 1221945 1222578 NC_003305.gbk
1401 42.7 2969171 2967603 genome.dna 33606 35163 NC_003305.gbk
887 39.7 2970291 2969182 genome.dna 35155 36289 NC_003305.gbk
485 46.2 2981911 2981417 genome.dna 1278393 1278864 NC_003305.gbk
942 32.8 2983684 2985450 genome.dna 1208121 1209726 NC_003305.gbk
522 36.6 3020405 3021178 genome.dna 2021333 2020601 NC_003305.gbk
937 44.1 3027219 3026053 genome.dna 1153342 1152340 NC_003305.gbk
834 38.9 3050037 3051158 genome.dna 1413582 1412643 NC_003305.gbk
781 35.6 3061480 3059363 genome.dna 1019011 1016902 NC_003305.gbk
1642 47.8 3080104 3081720 genome.dna 1821724 1823392 NC_003305.gbk
575 32.2 3092131 3093381 genome.dna 926936 928127 NC_003305.gbk
119 33.3 3100258 3100503 genome.dna 1604938 1605163 NC_003305.gbk
222 38.0 3100493 3100777 genome.dna 1605168 1605456 NC_003305.gbk
872 49.8 3148240 3147401 genome.dna 766310 767114 NC_003305.gbk
841 41.4 3149284 3148253 genome.dna 765307 766318 NC_003305.gbk
924 44.9 3150266 3149277 genome.dna 764297 765347 NC_003305.gbk
177 31.8 3163130 3162450 genome.dna 1113221 1113860 NC_003305.gbk
626 33.4 3165022 3163865 genome.dna 1112079 1113225 NC_003305.gbk
1368 63.8 3166099 3165062 genome.dna 1111063 1112083 NC_003305.gbk
661 30.8 3166195 3167499 genome.dna 363082 364417 NC_003305.gbk
826 44.0 3173816 3172911 genome.dna 1883704 1884511 NC_003305.gbk
1912 68.7 3271834 3270545 genome.dna 1339122 1337823 NC_003305.gbk
4460 63.7 3275000 3271911 genome.dna 1341062 1344173 NC_003305.gbk
1067 52.3 3276106 3274997 genome.dna 1339953 1341063 NC_003305.gbk
780 46.8 3278435 3279220 genome.dna 1344202 1345078 NC_003305.gbk
375 34.5 3295986 3295378 genome.dna 80636 81281 NC_003305.gbk
819 44.4 3311103 3310240 genome.dna 287009 286133 NC_003305.gbk
941 47.7 3312061 3311105 genome.dna 287917 287008 NC_003305.gbk
823 31.7 3313639 3312074 genome.dna 289806 288279 NC_003305.gbk
392 32.7 3319656 3320333 genome.dna 397034 397817 NC_003305.gbk
513 32.8 3324257 3325147 genome.dna 1241497 1240579 NC_003305.gbk
2858 53.8 3339478 3336770 genome.dna 998892 996243 NC_003305.gbk
1083 62.6 3344476 3343682 genome.dna 1002698 1001900 NC_003305.gbk
777 44.8 3345329 3344487 genome.dna 1003605 1002711 NC_003305.gbk
841 39.8 3346676 3345414 genome.dna 1005011 1003718 NC_003305.gbk
1152 33.8 3364676 3363084 genome.dna 962073 963696 NC_003305.gbk
475 41.6 3364794 3365690 genome.dna 1394691 1395537 NC_003305.gbk
1018 39.2 3382301 3380952 genome.dna 1867791 1869348 NC_003305.gbk
429 30.6 3387504 3386554 genome.dna 983635 984496 NC_003305.gbk
429 30.6 3388991 3388041 genome.dna 983635 984496 NC_003305.gbk
450 37.8 3394163 3393489 genome.dna 268188 268875 NC_003305.gbk
582 52.0 3408161 3407589 genome.dna 1530284 1529693 NC_003305.gbk
234 31.9 3431576 3432112 genome.dna 1899533 1899035 NC_003305.gbk
810 31.7 3432966 3435347 genome.dna 1898326 1895887 NC_003305.gbk
334 36.1 3451704 3451132 genome.dna 475079 474461 NC_003305.gbk
1966 82.9 3457211 3458236 genome.dna 1240443 1239420 NC_003305.gbk
1684 76.1 3491089 3492066 genome.dna 921399 920415 NC_003305.gbk
2076 90.3 3492094 3493125 genome.dna 920390 919361 NC_003305.gbk
726 39.1 3500028 3499135 genome.dna 2054862 2055762 NC_003305.gbk
502 55.4 3500331 3500732 genome.dna 1505377 1504981 NC_003305.gbk
657 62.0 3521609 3522118 genome.dna 836388 836889 NC_003305.gbk
549 34.3 3522115 3523185 genome.dna 836900 837977 NC_003305.gbk
447 51.1 3537641 3537204 genome.dna 2049358 2049811 NC_003305.gbk
2761 43.3 3560370 3563492 genome.dna 294582 297723 NC_003305.gbk
540 45.1 3570531 3571184 genome.dna 1905623 1906253 NC_003305.gbk
852 52.7 3577570 3576767 genome.dna 316108 316906 NC_003305.gbk
355 35.3 3578361 3577567 genome.dna 314722 315463 NC_003305.gbk
994 60.5 3586091 3587221 genome.dna 1734582 1733514 NC_003305.gbk
568 38.7 3596586 3597341 genome.dna 80549 79775 NC_003305.gbk
252 32.1 3621953 3621459 genome.dna 470619 471069 NC_003305.gbk
688 40.2 3622920 3623723 genome.dna 832863 832062 NC_003305.gbk
1229 52.3 3625021 3626103 genome.dna 434187 433119 NC_003305.gbk
580 37.6 3626100 3626900 genome.dna 433126 432373 NC_003305.gbk
1530 58.2 3630615 3629488 genome.dna 436553 435419 NC_003305.gbk
507 32.3 3631822 3630734 genome.dna 1645010 1643960 NC_003305.gbk
597 36.8 3689812 3691413 genome.dna 1217928 1216359 NC_003305.gbk
680 33.0 3698228 3696813 genome.dna 1618026 1616568 NC_003305.gbk
814 43.8 3700404 3701453 genome.dna 2053073 2052002 NC_003305.gbk
469 42.1 3701538 3702119 genome.dna 1339856 1339268 NC_003305.gbk
1003 50.0 3703917 3702925 genome.dna 552826 551800 NC_003305.gbk
923 50.4 3704788 3703907 genome.dna 553719 552831 NC_003305.gbk
397 33.3 3714803 3716083 genome.dna 1979342 1977938 NC_003305.gbk
1589 41.0 3720403 3718385 genome.dna 1138697 1140662 NC_003305.gbk
491 30.2 3721319 3720396 genome.dna 1137819 1138701 NC_003305.gbk
1004 58.6 3722136 3721339 genome.dna 1140696 1141506 NC_003305.gbk
614 39.2 3732844 3733638 genome.dna 532006 532846 NC_003305.gbk
726 44.0 3733793 3734647 genome.dna 531131 532010 NC_003305.gbk
433 39.5 3738313 3737777 genome.dna 660510 659967 NC_003305.gbk
186 30.7 3749751 3750215 genome.dna 187830 187356 NC_003305.gbk
487 35.0 3750989 3751744 genome.dna 669617 670388 NC_003305.gbk
3223 57.8 3762599 3760023 genome.dna 1298934 1301559 NC_003305.gbk
277 38.4 3780004 3779576 genome.dna 192754 192316 NC_003305.gbk
563 34.4 3793865 3792984 genome.dna 205910 206804 NC_003305.gbk
1166 40.2 3854898 3852301 genome.dna 1477251 1479930 NC_003305.gbk
1161 40.4 3857041 3855704 genome.dna 1467066 1465725 NC_003305.gbk
1185 38.2 3863434 3861956 genome.dna 1475307 1473825 NC_003305.gbk
276 33.8 3863969 3863466 genome.dna 1475937 1475400 NC_003305.gbk
4072 59.2 3869582 3866439 genome.dna 214561 211426 NC_003305.gbk
680 34.2 3911288 3910026 genome.dna 72374 73616 NC_003305.gbk
681 47.6 3913956 3913303 genome.dna 1847443 1848103 NC_003305.gbk
653 47.7 3914621 3913953 genome.dna 1846742 1847447 NC_003305.gbk
462 31.2 3915440 3914634 genome.dna 1845872 1846676 NC_003305.gbk
288 30.5 3917101 3918687 genome.dna 1884532 1886317 NC_003305.gbk
230 33.3 3921260 3920868 genome.dna 1393569 1393974 NC_003305.gbk
967 47.8 3921930 3923132 genome.dna 1060552 1059466 NC_003305.gbk
413 35.4 3932105 3933280 genome.dna 1622038 1623256 NC_003305.gbk
886 31.1 3933298 3934833 genome.dna 1623277 1624861 NC_003305.gbk
1513 52.4 3945541 3944261 genome.dna 1128717 1130049 NC_003305.gbk
947 46.4 3952362 3953393 genome.dna 1633266 1634307 NC_003305.gbk
738 52.8 3953386 3954039 genome.dna 1634296 1634965 NC_003305.gbk
777 46.7 3954101 3954916 genome.dna 1635016 1635796 NC_003305.gbk
1055 40.3 3971825 3970383 genome.dna 996233 994805 NC_003305.gbk
991 35.8 3983509 3984855 genome.dna 1707512 1706159 NC_003305.gbk
269 37.5 3984884 3985300 genome.dna 379683 379326 NC_003305.gbk
497 36.7 3996022 3996702 genome.dna 1411530 1410837 NC_003305.gbk
676 39.8 4013697 4012813 genome.dna 1204990 1204048 NC_003305.gbk
1052 36.7 4019875 4021449 genome.dna 912665 914177 NC_003305.gbk
796 65.7 4053431 4053985 genome.dna 1323419 1324001 NC_003305.gbk
307 43.5 4059399 4059037 genome.dna 1532214 1531863 NC_003305.gbk
422 30.5 4102382 4101120 genome.dna 654813 656082 NC_003305.gbk
397 31.7 4114259 4113273 genome.dna 2054667 2053707 NC_003305.gbk
571 34.1 4115888 4116970 genome.dna 317708 318875 NC_003305.gbk
821 39.2 4183757 4182708 genome.dna 1701936 1702998 NC_003305.gbk
1369 63.1 4185816 4184818 genome.dna 1705055 1704059 NC_003305.gbk
1374 60.1 4186931 4185840 genome.dna 1706160 1705056 NC_003305.gbk
1272 53.5 4188040 4186934 genome.dna 1708612 1707517 NC_003305.gbk
1900 38.7 4190504 4188042 genome.dna 1711148 1708625 NC_003305.gbk
1283 45.1 4190949 4192256 genome.dna 1711342 1712623 NC_003305.gbk
1126 36.9 4193741 4195564 genome.dna 1489091 1490765 NC_003305.gbk
909 51.3 4196873 4197727 genome.dna 189915 189042 NC_003305.gbk
544 39.2 4197767 4198645 genome.dna 189014 188000 NC_003305.gbk
395 31.0 4221505 4218908 genome.dna 1899896 1902686 NC_003305.gbk
1000 42.4 4226833 4228161 genome.dna 398649 399996 NC_003305.gbk
660 41.3 4244964 4245854 genome.dna 1216358 1215500 NC_003305.gbk
339 39.1 4252799 4252404 genome.dna 564014 563600 NC_003305.gbk
1966 52.3 4255592 4252890 genome.dna 567248 569957 NC_003305.gbk
952 49.8 4258960 4257809 genome.dna 1832456 1833419 NC_003305.gbk
607 39.2 4283764 4284855 genome.dna 446601 447645 NC_003305.gbk
734 52.0 4312461 4313114 genome.dna 1155244 1154575 NC_003305.gbk
1108 56.4 4351229 4350276 genome.dna 1606679 1607645 NC_003305.gbk
836 44.4 4379941 4378778 genome.dna 820369 821572 NC_003305.gbk
1081 48.4 4381030 4380014 genome.dna 817109 818120 NC_003305.gbk
1409 36.7 4459180 4457075 genome.dna 1135619 1137770 NC_003305.gbk
357 33.7 4479596 4478769 genome.dna 1680434 1679564 NC_003305.gbk
1388 37.8 4509286 4510932 genome.dna 1133850 1132182 NC_003305.gbk
1607 59.4 4514011 4512740 genome.dna 1441228 1442497 NC_003305.gbk
864 53.1 4540514 4539705 genome.dna 505428 504648 NC_003305.gbk
1168 65.1 4541350 4540526 genome.dna 506243 505406 NC_003305.gbk
1297 64.2 4542308 4541385 genome.dna 507135 506247 NC_003305.gbk
1460 64.2 4543345 4542305 genome.dna 508157 507134 NC_003305.gbk
1871 50.7 4545089 4543476 genome.dna 502781 504431 NC_003305.gbk
1827 65.3 4546323 4545169 genome.dna 500966 502115 NC_003305.gbk
1542 51.3 4555196 4556704 genome.dna 416370 414927 NC_003305.gbk
921 44.7 4562421 4561336 genome.dna 679739 678647 NC_003305.gbk
353 38.0 4562994 4562473 genome.dna 680278 679786 NC_003305.gbk
472 36.6 4579442 4578723 genome.dna 1953839 1953092 NC_003305.gbk
303 31.4 4603858 4604907 genome.dna 884208 883254 NC_003305.gbk
263 35.0 4613483 4614184 genome.dna 561734 560993 NC_003305.gbk
728 46.3 4620311 4619553 genome.dna 994664 993890 NC_003305.gbk
1627 49.2 4622349 4623851 genome.dna 633905 632357 NC_003305.gbk
2727 49.6 4632742 4630295 genome.dna 1200310 1197847 NC_003305.gbk
1347 43.4 4634257 4632818 genome.dna 1194351 1192908 NC_003305.gbk
1554 55.1 4635563 4634286 genome.dna 1195619 1194356 NC_003305.gbk
1603 43.9 4637576 4635600 genome.dna 1191171 1189215 NC_003305.gbk
2666 53.8 4639754 4637577 genome.dna 1197848 1195640 NC_003305.gbk
393 31.4 4660732 4659695 genome.dna 981593 980651 NC_003305.gbk
400 33.1 4670140 4669394 genome.dna 1938516 1937796 NC_003305.gbk
598 31.5 4672431 4670269 genome.dna 1767898 1765831 NC_003305.gbk
1593 65.0 4702353 4701286 genome.dna 1765118 1764059 NC_003305.gbk
2370 56.7 4718921 4714953 genome.dna 1278218 1274531 NC_003305.gbk
1306 62.3 4737467 4736505 genome.dna 239428 240409 NC_003305.gbk
1251 63.2 4738477 4737467 genome.dna 238385 239432 NC_003305.gbk
2005 60.5 4739990 4738464 genome.dna 236865 238389 NC_003305.gbk
1465 73.7 4741131 4740175 genome.dna 235836 236796 NC_003305.gbk
695 41.0 4755209 4754301 genome.dna 1794083 1793174 NC_003305.gbk
543 34.4 4759858 4759052 genome.dna 1719435 1720299 NC_003305.gbk
678 35.3 4766891 4765731 genome.dna 186427 185254 NC_003305.gbk
683 39.1 4769378 4770382 genome.dna 439930 438901 NC_003305.gbk
159 41.2 4770684 4770469 genome.dna 825909 825687 NC_003305.gbk
839 40.4 4773468 4774511 genome.dna 1510210 1511233 NC_003305.gbk
1676 51.7 4781238 4782749 genome.dna 986002 984502 NC_003305.gbk
649 40.1 4812444 4811680 genome.dna 1743938 1744748 NC_003305.gbk
307 36.7 4814473 4814072 genome.dna 799306 798847 NC_003305.gbk
266 32.4 4837408 4836659 genome.dna 1335419 1336166 NC_003305.gbk
1205 53.4 4838481 4837408 genome.dna 106187 107309 NC_003305.gbk
1124 56.7 4839358 4838507 genome.dna 196859 197708 NC_003305.gbk
1101 56.2 4840266 4839379 genome.dna 195968 196850 NC_003305.gbk
1347 45.7 4841673 4840339 genome.dna 194578 195898 NC_003305.gbk
555 39.0 4860774 4860004 genome.dna 1242947 1243754 NC_003305.gbk
134 30.6 4875073 4874828 genome.dna 684326 684563 NC_003305.gbk
269 36.8 4875290 4875967 genome.dna 672418 673057 NC_003305.gbk
1746 63.6 4886675 4885383 genome.dna 325123 326470 NC_003305.gbk
478 31.9 4914105 4915127 genome.dna 173155 172138 NC_003305.gbk
1269 63.5 4928387 4927485 genome.dna 1234686 1235601 NC_003305.gbk
1470 61.2 4929420 4928401 genome.dna 1233682 1234690 NC_003305.gbk
1470 61.2 4929420 4928401 genome.dna 1233682 1234690 NC_003305.gbk
2053 55.9 4931262 4929655 genome.dna 1232015 1233620 NC_003305.gbk
508 56.8 4942687 4942274 genome.dna 981972 982455 NC_003305.gbk
664 34.3 4946843 4945446 genome.dna 1630596 1631976 NC_003305.gbk
664 34.3 4946843 4945446 genome.dna 1630596 1631976 NC_003305.gbk
740 38.2 4948910 4949932 genome.dna 1271898 1272852 NC_003305.gbk
1407 59.7 4949991 4951133 genome.dna 474055 472792 NC_003305.gbk
1007 59.7 4951144 4951938 genome.dna 1272872 1273655 NC_003305.gbk
856 52.6 4951935 4952735 genome.dna 1273663 1274494 NC_003305.gbk
604 33.0 4956187 4955039 genome.dna 1319670 1320858 NC_003305.gbk
604 33.0 4956187 4955039 genome.dna 1319670 1320858 NC_003305.gbk
604 33.0 4956187 4955039 genome.dna 1319670 1320858 NC_003305.gbk
2596 65.3 4960608 4958773 genome.dna 1886321 1888133 NC_003305.gbk
916 42.0 4962494 4961517 genome.dna 1857363 1858332 NC_003305.gbk
743 32.4 4967043 4965493 genome.dna 1855580 1857146 NC_003305.gbk
1111 70.8 5022536 5021802 genome.dna 1407370 1408135 NC_003305.gbk
891 56.4 5023303 5022533 genome.dna 1406615 1407374 NC_003305.gbk
849 57.0 5024004 5023309 genome.dna 1405911 1406619 NC_003305.gbk
1080 66.1 5024777 5024025 genome.dna 1405135 1405915 NC_003305.gbk
788 44.4 5026353 5025430 genome.dna 1404895 1403989 NC_003305.gbk
1975 72.0 5026700 5027902 genome.dna 1402725 1403931 NC_003305.gbk
1142 66.3 5028745 5027972 genome.dna 1401888 1402680 NC_003305.gbk
1213 57.1 5029737 5028745 genome.dna 1400886 1401882 NC_003305.gbk
901 57.5 5030435 5029734 genome.dna 1400182 1400890 NC_003305.gbk
1004 55.2 5031278 5030439 genome.dna 1408165 1409002 NC_003305.gbk
1802 44.6 5629 7497 genome.dna 461018 459104 NC_003306.gbk
597 42.9 9676 9014 genome.dna 496204 496870 NC_003306.gbk
583 34.4 15468 16463 genome.dna 78506 79568 NC_003306.gbk
459 33.3 74039 75028 genome.dna 303225 304161 NC_003306.gbk
529 32.7 93925 92960 genome.dna 393784 392893 NC_003306.gbk
484 35.7 155671 154589 genome.dna 239734 238579 NC_003306.gbk
463 30.2 217581 216430 genome.dna 472212 471048 NC_003306.gbk
211 41.7 277924 278196 genome.dna 112654 112393 NC_003306.gbk
857 50.0 288581 287820 genome.dna 472990 472225 NC_003306.gbk
611 38.8 326310 327275 genome.dna 534977 534101 NC_003306.gbk
620 36.6 384350 385246 genome.dna 183812 182885 NC_003306.gbk
203 31.2 431880 431494 genome.dna 229073 228680 NC_003306.gbk
739 39.0 805742 806647 genome.dna 213277 212335 NC_003306.gbk
852 52.4 818265 819005 genome.dna 385527 384666 NC_003306.gbk
1228 61.8 941591 942676 genome.dna 84748 85864 NC_003306.gbk
691 42.4 947612 946671 genome.dna 403641 402786 NC_003306.gbk
356 31.2 948505 947609 genome.dna 404580 403644 NC_003306.gbk
2425 57.6 990019 988067 genome.dna 174937 176884 NC_003306.gbk
1061 46.1 991219 990023 genome.dna 173734 174928 NC_003306.gbk
636 32.3 1116476 1115454 genome.dna 234479 235589 NC_003306.gbk
543 39.6 1376426 1377313 genome.dna 181848 182613 NC_003306.gbk
214 45.2 1468125 1468334 genome.dna 506051 505841 NC_003306.gbk
462 32.5 1536355 1535069 genome.dna 300374 299345 NC_003306.gbk
1424 71.3 1676003 1675101 genome.dna 317293 318196 NC_003306.gbk
1653 73.7 1676095 1677111 genome.dna 317249 316187 NC_003306.gbk
512 33.7 1749793 1748900 genome.dna 474765 475764 NC_003306.gbk
968 68.1 1862527 1863225 genome.dna 314226 314934 NC_003306.gbk
611 34.7 1868891 1867875 genome.dna 169009 170020 NC_003306.gbk
731 31.6 1876889 1874142 genome.dna 161844 164118 NC_003306.gbk
1161 38.2 1993342 1994814 genome.dna 223994 222470 NC_003306.gbk
509 37.4 2044045 2044779 genome.dna 246035 246809 NC_003306.gbk
1370 62.5 2158261 2157266 genome.dna 440178 441183 NC_003306.gbk
1069 64.9 2159158 2158370 genome.dna 437192 437981 NC_003306.gbk
427 37.2 2195725 2195117 genome.dna 154284 153648 NC_003306.gbk
991 52.0 2246458 2245529 genome.dna 237357 238296 NC_003306.gbk
387 32.0 2306210 2305560 genome.dna 266360 266993 NC_003306.gbk
2130 63.0 2338271 2339743 genome.dna 143144 144599 NC_003306.gbk
463 30.0 2340110 2341189 genome.dna 136055 137138 NC_003306.gbk
598 34.5 2342538 2343356 genome.dna 135170 136028 NC_003306.gbk
365 33.8 2406120 2405455 genome.dna 132964 132274 NC_003306.gbk
735 37.5 2446859 2448127 genome.dna 524893 526144 NC_003306.gbk
410 33.6 2449772 2450872 genome.dna 527193 528333 NC_003306.gbk
808 52.7 2450865 2451701 genome.dna 528334 529084 NC_003306.gbk
650 44.6 2451703 2452401 genome.dna 529083 529779 NC_003306.gbk
931 49.2 2627092 2626058 genome.dna 254552 255542 NC_003306.gbk
1008 45.5 2628084 2627089 genome.dna 253581 254556 NC_003306.gbk
326 35.3 2645457 2646263 genome.dna 48002 47225 NC_003306.gbk
580 34.7 2693453 2692521 genome.dna 205106 204206 NC_003306.gbk
450 37.4 2712101 2712862 genome.dna 276260 275396 NC_003306.gbk
633 35.5 2714816 2715706 genome.dna 58268 59138 NC_003306.gbk
603 35.2 2766822 2767682 genome.dna 134278 135181 NC_003306.gbk
992 44.2 3011957 3010824 genome.dna 417663 418734 NC_003306.gbk
678 36.5 3050037 3051158 genome.dna 199355 200474 NC_003306.gbk
870 41.6 3058890 3057901 genome.dna 324543 325524 NC_003306.gbk
1146 43.7 3080104 3081720 genome.dna 67967 66347 NC_003306.gbk
858 49.8 3148240 3147401 genome.dna 310709 311555 NC_003306.gbk
681 38.1 3149284 3148253 genome.dna 309699 310713 NC_003306.gbk
810 40.6 3150266 3149277 genome.dna 308524 309610 NC_003306.gbk
738 36.7 3174746 3173826 genome.dna 69836 68921 NC_003306.gbk
487 30.3 3265816 3266967 genome.dna 438038 439133 NC_003306.gbk
2482 37.5 3275000 3271911 genome.dna 374084 370925 NC_003306.gbk
562 33.1 3276106 3274997 genome.dna 375264 374109 NC_003306.gbk
745 39.5 3312061 3311105 genome.dna 336096 337068 NC_003306.gbk
885 47.9 3418053 3418931 genome.dna 329396 330308 NC_003306.gbk
1028 55.4 3479267 3480127 genome.dna 466051 465184 NC_003306.gbk
449 54.5 3537641 3537204 genome.dna 63339 62886 NC_003306.gbk
603 43.9 3570531 3571184 genome.dna 149244 150024 NC_003306.gbk
586 37.2 3700404 3701453 genome.dna 195012 193995 NC_003306.gbk
249 36.8 3701538 3702119 genome.dna 437082 436533 NC_003306.gbk
685 30.8 3714803 3716083 genome.dna 132160 130825 NC_003306.gbk
894 46.8 3889382 3888324 genome.dna 461827 462925 NC_003306.gbk
914 59.8 3913322 3912579 genome.dna 231800 232532 NC_003306.gbk
538 42.2 3913956 3913303 genome.dna 231163 231814 NC_003306.gbk
557 44.9 3914621 3913953 genome.dna 230485 231154 NC_003306.gbk
462 31.3 3915440 3914634 genome.dna 232571 233351 NC_003306.gbk
1054 42.5 3921930 3923132 genome.dna 214121 215327 NC_003306.gbk
542 30.9 3924544 3925548 genome.dna 216390 217428 NC_003306.gbk
546 32.3 3988169 3987237 genome.dna 86831 85877 NC_003306.gbk
862 39.6 3988268 3989257 genome.dna 86924 87884 NC_003306.gbk
513 35.2 4114259 4113273 genome.dna 179878 178942 NC_003306.gbk
798 47.4 4200650 4199670 genome.dna 73094 74060 NC_003306.gbk
717 35.8 4202207 4203343 genome.dna 144619 145780 NC_003306.gbk
788 44.2 4203411 4204295 genome.dna 66325 65431 NC_003306.gbk
1183 47.1 4205753 4206940 genome.dna 71900 73091 NC_003306.gbk
750 31.4 4231793 4230366 genome.dna 533418 532056 NC_003306.gbk
563 35.1 4322394 4323299 genome.dna 193965 192987 NC_003306.gbk
477 39.5 4327281 4326592 genome.dna 271937 271217 NC_003306.gbk
1516 36.5 4459180 4457075 genome.dna 304281 306741 NC_003306.gbk
277 39.3 4518538 4518864 genome.dna 207325 207655 NC_003306.gbk
1119 65.1 4518864 4519643 genome.dna 207651 208431 NC_003306.gbk
1256 42.6 4634257 4632818 genome.dna 284081 282488 NC_003306.gbk
379 33.0 4660865 4661485 genome.dna 352407 353058 NC_003306.gbk
454 36.3 4687992 4687321 genome.dna 473715 472986 NC_003306.gbk
282 34.4 4721633 4722259 genome.dna 180560 179963 NC_003306.gbk
213 31.6 4780345 4781184 genome.dna 354505 353818 NC_003306.gbk
1083 47.1 4838481 4837408 genome.dna 454542 455625 NC_003306.gbk
653 48.1 4859998 4859297 genome.dna 513552 512772 NC_003306.gbk
680 40.7 4860774 4860004 genome.dna 517937 517019 NC_003306.gbk
817 41.5 4906351 4905344 genome.dna 249196 248206 NC_003306.gbk
1414 47.9 4908005 4909348 genome.dna 248196 246858 NC_003306.gbk
907 36.2 4911222 4909444 genome.dna 498471 500229 NC_003306.gbk
481 30.3 4931262 4929655 genome.dna 71549 70031 NC_003306.gbk
465 52.2 4942687 4942274 genome.dna 51310 51787 NC_003306.gbk
428 30.4 4949991 4951133 genome.dna 519149 518045 NC_003306.gbk
435 30.0 4957681 4956785 genome.dna 449206 448294 NC_003306.gbk
1167 57.5 4961520 4960612 genome.dna 252685 253585 NC_003306.gbk
1254 57.2 4962494 4961517 genome.dna 251739 252684 NC_003306.gbk
1198 39.5 4967043 4965493 genome.dna 249923 251561 NC_003306.gbk
540 34.1 12461 13429 genome.dna 81309 80274 NC_003308.gbk
215 43.5 277924 278196 genome.dna 139750 139471 NC_003308.gbk
1937 54.1 1127665 1125938 genome.dna 89877 88209 NC_003308.gbk
1136 60.5 1128600 1127662 genome.dna 90818 89876 NC_003308.gbk
1237 55.8 1129588 1128602 genome.dna 91819 90817 NC_003308.gbk
1652 47.5 1131228 1129642 genome.dna 88152 86556 NC_003308.gbk
626 39.5 1137533 1138456 genome.dna 67327 66430 NC_003308.gbk
938 34.0 1658980 1660527 genome.dna 82906 81319 NC_003308.gbk
757 46.5 1813209 1812400 genome.dna 69685 70489 NC_003308.gbk
625 43.5 1857595 1858335 genome.dna 131359 132286 NC_003308.gbk
575 34.3 1868891 1867875 genome.dna 192292 193327 NC_003308.gbk
1075 37.4 1994834 1996513 genome.dna 74855 76481 NC_003308.gbk
708 38.0 2246458 2245529 genome.dna 95985 96948 NC_003308.gbk
1068 39.5 2460964 2459636 genome.dna 101724 103077 NC_003308.gbk
401 32.2 2559421 2558525 genome.dna 36739 35818 NC_003308.gbk
889 45.5 2627092 2626058 genome.dna 160858 161878 NC_003308.gbk
797 42.5 2628084 2627089 genome.dna 159896 160862 NC_003308.gbk
587 40.2 2712101 2712862 genome.dna 73925 74696 NC_003308.gbk
780 40.2 3174746 3173826 genome.dna 161874 162801 NC_003308.gbk
358 32.5 3364794 3365690 genome.dna 67444 68317 NC_003308.gbk
93 31.6 3809699 3809337 genome.dna 174820 175120 NC_003308.gbk
1084 34.3 4455241 4453595 genome.dna 156922 155269 NC_003308.gbk
654 44.8 4551834 4552562 genome.dna 38291 37580 NC_003308.gbk
823 54.4 4552562 4553296 genome.dna 37579 36853 NC_003308.gbk
1022 58.7 4553293 4554057 genome.dna 40054 39280 NC_003308.gbk
690 40.7 4554284 4555153 genome.dna 39216 38364 NC_003308.gbk
575 42.4 4579442 4578723 genome.dna 193545 194307 NC_003308.gbk
387 31.5 4620311 4619553 genome.dna 157463 158240 NC_003308.gbk
316 30.5 4837408 4836659 genome.dna 163663 164470 NC_003308.gbk
478 30.6 4948910 4949932 genome.dna 103099 104032 NC_003308.gbk
1054 60.8 4951144 4951938 genome.dna 104050 104851 NC_003308.gbk
886 55.8 4951935 4952735 genome.dna 104899 105679 NC_003308.gbk
505 33.5 4967186 4968082 genome.dna 40361 41210 NC_003308.gbk
