291 34.0 1026 565 genome.dna 2142906 2142444 NC_002754.gbk
444 40.2 14538 15464 genome.dna 2087 2969 NC_002754.gbk
1272 44.4 36667 35258 genome.dna 312485 311069 NC_002754.gbk
567 32.8 62838 64181 genome.dna 1861880 1863143 NC_002754.gbk
435 36.2 110262 109636 genome.dna 270411 271047 NC_002754.gbk
376 31.6 111355 110522 genome.dna 2583350 2582576 NC_002754.gbk
337 35.5 153705 152758 genome.dna 2144478 2145309 NC_002754.gbk
586 31.9 166824 165547 genome.dna 180845 179603 NC_002754.gbk
476 36.1 217784 218788 genome.dna 130069 131128 NC_002754.gbk
879 44.0 228573 229595 genome.dna 152827 153853 NC_002754.gbk
950 33.3 230345 231841 genome.dna 749412 750879 NC_002754.gbk
862 40.5 233849 232686 genome.dna 2266731 2265543 NC_002754.gbk
1352 46.7 306633 305290 genome.dna 2237539 2236006 NC_002754.gbk
196 34.1 352645 353037 genome.dna 56798 56375 NC_002754.gbk
455 32.4 431263 429833 genome.dna 1138279 1139629 NC_002754.gbk
372 48.4 431880 431494 genome.dna 2952433 2952814 NC_002754.gbk
318 34.2 432443 431979 genome.dna 534976 534484 NC_002754.gbk
718 41.9 433394 432459 genome.dna 535868 534956 NC_002754.gbk
502 34.9 435364 434357 genome.dna 743016 743940 NC_002754.gbk
191 34.6 709289 708894 genome.dna 2460654 2460252 NC_002754.gbk
384 30.9 798538 799257 genome.dna 2459291 2460002 NC_002754.gbk
515 35.3 805628 804636 genome.dna 2808422 2809529 NC_002754.gbk
337 45.0 814149 814541 genome.dna 783433 783847 NC_002754.gbk
885 34.4 839555 838230 genome.dna 2298469 2297188 NC_002754.gbk
1215 41.6 844582 846099 genome.dna 72679 71194 NC_002754.gbk
437 32.5 987143 988024 genome.dna 305562 306456 NC_002754.gbk
836 34.5 1051521 1050175 genome.dna 2834842 2836114 NC_002754.gbk
596 33.6 1116801 1117997 genome.dna 2875317 2874195 NC_002754.gbk
477 30.2 1129588 1128602 genome.dna 1099139 1100186 NC_002754.gbk
426 32.5 1159320 1160081 genome.dna 135565 136354 NC_002754.gbk
339 32.8 1270601 1269999 genome.dna 1945702 1946350 NC_002754.gbk
216 31.3 1280201 1280677 genome.dna 351678 351213 NC_002754.gbk
707 33.3 1316909 1318201 genome.dna 914083 915613 NC_002754.gbk
579 30.9 1356196 1353473 genome.dna 2411635 2409367 NC_002754.gbk
419 35.1 1381835 1382692 genome.dna 2390252 2389451 NC_002754.gbk
398 31.6 1427931 1426894 genome.dna 550573 551545 NC_002754.gbk
321 30.4 1428285 1428911 genome.dna 199931 200582 NC_002754.gbk
348 38.8 1433876 1433409 genome.dna 1889006 1888544 NC_002754.gbk
524 37.9 1436929 1437642 genome.dna 542821 543523 NC_002754.gbk
929 41.8 1458435 1457257 genome.dna 2167706 2166512 NC_002754.gbk
810 46.0 1470427 1469462 genome.dna 2909236 2910094 NC_002754.gbk
426 30.3 1501778 1500630 genome.dna 2430018 2431206 NC_002754.gbk
637 30.2 1504627 1506285 genome.dna 76041 74313 NC_002754.gbk
541 30.1 1528762 1530255 genome.dna 2243807 2242505 NC_002754.gbk
337 31.6 1533499 1534146 genome.dna 1453848 1453218 NC_002754.gbk
1062 42.6 1537737 1539503 genome.dna 2150697 2152398 NC_002754.gbk
431 38.9 1544898 1546064 genome.dna 2255388 2254374 NC_002754.gbk
890 52.2 1546064 1546936 genome.dna 2254309 2253526 NC_002754.gbk
595 35.2 1558773 1559834 genome.dna 855568 856504 NC_002754.gbk
273 32.6 1635671 1634820 genome.dna 714547 713866 NC_002754.gbk
445 46.3 1636204 1635668 genome.dna 715269 714738 NC_002754.gbk
1330 44.6 1652381 1653892 genome.dna 1057451 1058930 NC_002754.gbk
561 40.7 1763515 1764231 genome.dna 595011 594270 NC_002754.gbk
548 40.4 1813209 1812400 genome.dna 2240280 2239563 NC_002754.gbk
382 30.7 1849141 1848239 genome.dna 2263552 2264470 NC_002754.gbk
999 36.1 1993342 1994814 genome.dna 2868784 2867347 NC_002754.gbk
288 38.4 2009604 2010017 genome.dna 959568 959103 NC_002754.gbk
642 42.0 2044045 2044779 genome.dna 2865143 2864384 NC_002754.gbk
412 34.6 2074702 2075532 genome.dna 2249305 2250049 NC_002754.gbk
1626 41.5 2102354 2104732 genome.dna 751956 754356 NC_002754.gbk
915 34.2 2112831 2114330 genome.dna 786873 788313 NC_002754.gbk
577 30.0 2121733 2120321 genome.dna 840744 839385 NC_002754.gbk
1205 49.0 2198282 2200954 genome.dna 951909 949341 NC_002754.gbk
484 36.0 2209283 2210113 genome.dna 255257 256103 NC_002754.gbk
484 32.2 2210106 2211050 genome.dna 256071 257013 NC_002754.gbk
809 36.5 2336995 2338260 genome.dna 2957759 2959016 NC_002754.gbk
808 36.4 2463282 2462086 genome.dna 1193090 1194272 NC_002754.gbk
1006 39.6 2563367 2561970 genome.dna 935677 934339 NC_002754.gbk
254 35.9 2585970 2586605 genome.dna 95849 95138 NC_002754.gbk
547 31.4 2605113 2606180 genome.dna 758095 759133 NC_002754.gbk
736 37.9 2627092 2626058 genome.dna 1102449 1103427 NC_002754.gbk
842 40.7 2628084 2627089 genome.dna 2381904 2380929 NC_002754.gbk
368 30.5 2645012 2644386 genome.dna 11142 11760 NC_002754.gbk
244 32.1 2645457 2646263 genome.dna 2099609 2100353 NC_002754.gbk
487 33.0 2657649 2656798 genome.dna 2955987 2955189 NC_002754.gbk
1217 45.1 2755752 2754499 genome.dna 2007305 2008547 NC_002754.gbk
238 36.0 2770193 2769657 genome.dna 2258838 2259294 NC_002754.gbk
1142 45.7 2791280 2792458 genome.dna 24483 25713 NC_002754.gbk
353 33.0 2869134 2868487 genome.dna 2883399 2884029 NC_002754.gbk
267 33.3 2890358 2889900 genome.dna 1334724 1335126 NC_002754.gbk
461 33.3 2916384 2917283 genome.dna 520621 521494 NC_002754.gbk
643 35.7 2917289 2918617 genome.dna 523516 524713 NC_002754.gbk
448 32.3 2918614 2919687 genome.dna 519525 520656 NC_002754.gbk
332 33.3 2920770 2921360 genome.dna 524986 525586 NC_002754.gbk
711 44.0 2922086 2922862 genome.dna 522764 523520 NC_002754.gbk
1224 38.9 2969171 2967603 genome.dna 1522659 1524249 NC_002754.gbk
677 37.0 2970291 2969182 genome.dna 1521635 1522718 NC_002754.gbk
729 34.6 2975613 2974318 genome.dna 526401 527775 NC_002754.gbk
351 33.0 3046334 3045672 genome.dna 309521 310148 NC_002754.gbk
795 36.0 3050037 3051158 genome.dna 407622 406506 NC_002754.gbk
1041 34.1 3132141 3129835 genome.dna 2782593 2780328 NC_002754.gbk
290 32.9 3156400 3155882 genome.dna 20195 19646 NC_002754.gbk
466 32.0 3157424 3156435 genome.dna 307486 308413 NC_002754.gbk
786 33.5 3185328 3186677 genome.dna 207904 206479 NC_002754.gbk
383 31.2 3268214 3268972 genome.dna 2269448 2268689 NC_002754.gbk
442 40.5 3408161 3407589 genome.dna 379207 379837 NC_002754.gbk
542 33.3 3409858 3408341 genome.dna 546571 547924 NC_002754.gbk
996 46.1 3427528 3426443 genome.dna 260883 262059 NC_002754.gbk
505 32.0 3455799 3454780 genome.dna 418706 419693 NC_002754.gbk
461 31.1 3492094 3493125 genome.dna 356769 357768 NC_002754.gbk
516 31.5 3514279 3513113 genome.dna 696608 697838 NC_002754.gbk
1076 40.3 3519048 3517663 genome.dna 2090636 2089223 NC_002754.gbk
528 52.9 3521609 3522118 genome.dna 922766 923243 NC_002754.gbk
529 32.6 3522115 3523185 genome.dna 923214 924312 NC_002754.gbk
760 45.2 3527868 3527053 genome.dna 421244 420470 NC_002754.gbk
477 32.6 3557435 3556470 genome.dna 2761441 2760406 NC_002754.gbk
443 46.4 3608433 3608005 genome.dna 199412 198995 NC_002754.gbk
392 30.3 3611852 3612721 genome.dna 878057 878894 NC_002754.gbk
296 31.3 3622783 3622058 genome.dna 634552 633838 NC_002754.gbk
671 33.5 3635387 3634134 genome.dna 460911 459609 NC_002754.gbk
1174 44.6 3714803 3716083 genome.dna 153825 155106 NC_002754.gbk
649 38.9 3732844 3733638 genome.dna 2186512 2185708 NC_002754.gbk
519 36.0 3742499 3743362 genome.dna 641976 641070 NC_002754.gbk
892 34.8 3776200 3774839 genome.dna 830093 831437 NC_002754.gbk
170 30.0 3886357 3885899 genome.dna 2203047 2203587 NC_002754.gbk
497 39.9 3898447 3899475 genome.dna 2722325 2721224 NC_002754.gbk
553 33.9 3918901 3920391 genome.dna 813073 811636 NC_002754.gbk
265 30.4 3961248 3960622 genome.dna 2363400 2364111 NC_002754.gbk
395 31.1 3969453 3967963 genome.dna 186899 185591 NC_002754.gbk
859 42.6 4001743 4000448 genome.dna 778397 777137 NC_002754.gbk
1675 47.7 4003479 4001842 genome.dna 175930 174322 NC_002754.gbk
750 39.8 4013697 4012813 genome.dna 1406045 1406915 NC_002754.gbk
569 51.2 4039680 4040210 genome.dna 2178830 2178311 NC_002754.gbk
308 41.9 4059399 4059037 genome.dna 1682954 1683302 NC_002754.gbk
147 33.2 4079441 4080034 genome.dna 375989 375410 NC_002754.gbk
205 32.8 4137049 4136630 genome.dna 2300631 2301045 NC_002754.gbk
492 38.3 4244964 4245854 genome.dna 854066 853238 NC_002754.gbk
1307 36.5 4279582 4277864 genome.dna 509320 507601 NC_002754.gbk
2388 39.5 4330684 4327460 genome.dna 555968 559124 NC_002754.gbk
467 34.7 4331847 4330699 genome.dna 554868 555972 NC_002754.gbk
462 43.0 4345979 4346554 genome.dna 2620565 2621144 NC_002754.gbk
262 31.6 4362122 4362661 genome.dna 2049578 2050109 NC_002754.gbk
316 31.9 4373604 4372945 genome.dna 837783 837099 NC_002754.gbk
451 30.9 4379941 4378778 genome.dna 456947 458195 NC_002754.gbk
358 32.2 4398393 4397095 genome.dna 210096 211104 NC_002754.gbk
542 31.2 4409618 4408062 genome.dna 2069542 2071048 NC_002754.gbk
1650 58.4 4468982 4467675 genome.dna 1169653 1168339 NC_002754.gbk
391 38.0 4477982 4478530 genome.dna 316919 317429 NC_002754.gbk
205 44.0 4490164 4489775 genome.dna 58795 58396 NC_002754.gbk
181 31.0 4494614 4494222 genome.dna 605210 604808 NC_002754.gbk
280 40.5 4496217 4495846 genome.dna 607436 607019 NC_002754.gbk
274 31.0 4497950 4497249 genome.dna 608955 608265 NC_002754.gbk
192 34.3 4501337 4501026 genome.dna 185567 185258 NC_002754.gbk
135 36.7 4506994 4506620 genome.dna 188605 188152 NC_002754.gbk
391 30.2 4518864 4519643 genome.dna 2084831 2085617 NC_002754.gbk
813 34.5 4531124 4529898 genome.dna 133414 134593 NC_002754.gbk
597 47.7 4531820 4531245 genome.dna 760983 761571 NC_002754.gbk
575 34.8 4542308 4541385 genome.dna 2382801 2381904 NC_002754.gbk
604 39.0 4562421 4561336 genome.dna 259047 260112 NC_002754.gbk
1371 42.0 4637576 4635600 genome.dna 1908796 1910953 NC_002754.gbk
523 33.1 4680620 4681561 genome.dna 155102 155984 NC_002754.gbk
809 38.1 4686472 4685315 genome.dna 1770643 1771825 NC_002754.gbk
469 42.2 4702353 4701286 genome.dna 712834 711880 NC_002754.gbk
731 38.3 4729969 4728119 genome.dna 2859898 2858221 NC_002754.gbk
829 31.3 4732978 4731332 genome.dna 870048 868398 NC_002754.gbk
927 40.1 4766891 4765731 genome.dna 2161169 2162300 NC_002754.gbk
240 31.8 4780345 4781184 genome.dna 1448023 1448893 NC_002754.gbk
1873 55.5 4781238 4782749 genome.dna 1960695 1962195 NC_002754.gbk
909 42.2 4838481 4837408 genome.dna 1008058 1006951 NC_002754.gbk
854 37.2 4859267 4858077 genome.dna 85751 86957 NC_002754.gbk
511 35.6 4859998 4859297 genome.dna 2599191 2599902 NC_002754.gbk
559 34.5 4860774 4860004 genome.dna 2598438 2599185 NC_002754.gbk
154 32.9 4875073 4874828 genome.dna 969296 969539 NC_002754.gbk
154 32.9 4875073 4874828 genome.dna 1595479 1595236 NC_002754.gbk
668 32.8 4929420 4928401 genome.dna 2383825 2382793 NC_002754.gbk
668 32.8 4929420 4928401 genome.dna 2383825 2382793 NC_002754.gbk
600 31.1 4956187 4955039 genome.dna 2422811 2421629 NC_002754.gbk
600 31.1 4956187 4955039 genome.dna 2422811 2421629 NC_002754.gbk
600 31.1 4956187 4955039 genome.dna 2422811 2421629 NC_002754.gbk
380 35.0 5020260 5019301 genome.dna 422609 423494 NC_002754.gbk
566 33.1 5021463 5020423 genome.dna 421389 422607 NC_002754.gbk
603 33.2 5049054 5047222 genome.dna 1092941 1091186 NC_002754.gbk
