1946 49.8 25826 28615 genome.dna 688468 685636 NC_005061.gbk
2085 61.5 36667 35258 genome.dna 684079 685501 NC_005061.gbk
700 51.2 50956 50333 genome.dna 683157 683790 NC_005061.gbk
1099 50.2 59530 61035 genome.dna 28562 26942 NC_005061.gbk
1836 40.7 70479 68437 genome.dna 24706 26794 NC_005061.gbk
1398 65.6 98527 99441 genome.dna 20793 21699 NC_005061.gbk
1437 36.1 99451 101520 genome.dna 21724 23710 NC_005061.gbk
816 55.1 110262 109636 genome.dna 24389 23765 NC_005061.gbk
772 41.7 151546 150683 genome.dna 681102 681975 NC_005061.gbk
542 51.7 165569 165111 genome.dna 680446 680902 NC_005061.gbk
338 57.1 167881 168117 genome.dna 679936 679696 NC_005061.gbk
239 64.2 168129 168296 genome.dna 679688 679526 NC_005061.gbk
1408 51.3 172168 170891 genome.dna 678179 679472 NC_005061.gbk
985 45.6 184524 183541 genome.dna 676892 677873 NC_005061.gbk
1019 44.3 185588 184521 genome.dna 675816 676872 NC_005061.gbk
1165 53.1 186544 185612 genome.dna 674837 675773 NC_005061.gbk
234 30.3 191679 192110 genome.dna 674412 673968 NC_005061.gbk
1239 59.2 192775 193791 genome.dna 673232 672230 NC_005061.gbk
980 58.6 193935 194756 genome.dna 672145 671410 NC_005061.gbk
2247 55.8 199780 202044 genome.dna 698735 696425 NC_005061.gbk
1019 59.1 207819 208589 genome.dna 696377 695561 NC_005061.gbk
1514 49.9 221269 222798 genome.dna 695451 693975 NC_005061.gbk
1008 60.6 222967 223722 genome.dna 693869 693104 NC_005061.gbk
2222 56.8 224355 225995 genome.dna 692543 690905 NC_005061.gbk
2426 65.6 230345 231841 genome.dna 690798 689298 NC_005061.gbk
1121 50.2 245968 247005 genome.dna 216983 218021 NC_005061.gbk
577 36.2 247002 247961 genome.dna 218135 218960 NC_005061.gbk
2310 86.8 250357 251541 genome.dna 633643 632458 NC_005061.gbk
338 40.5 251779 252162 genome.dna 632304 631929 NC_005061.gbk
977 75.6 252164 252709 genome.dna 631928 631382 NC_005061.gbk
558 62.9 252872 253300 genome.dna 631275 630834 NC_005061.gbk
867 55.1 253304 254008 genome.dna 630838 630130 NC_005061.gbk
407 40.0 254326 254823 genome.dna 629813 629315 NC_005061.gbk
446 58.7 254890 255255 genome.dna 629221 628840 NC_005061.gbk
7157 79.2 255584 259612 genome.dna 628634 624605 NC_005061.gbk
6432 79.2 259736 263959 genome.dna 624491 620228 NC_005061.gbk
655 51.4 281849 280260 genome.dna 618461 620111 NC_005061.gbk
2085 67.3 306633 305290 genome.dna 321577 320224 NC_005061.gbk
353 46.5 307112 306645 genome.dna 322030 321595 NC_005061.gbk
600 60.8 307589 307137 genome.dna 322506 322065 NC_005061.gbk
1956 87.3 313270 314313 genome.dna 322852 323896 NC_005061.gbk
723 39.5 314487 315470 genome.dna 323986 324805 NC_005061.gbk
454 41.0 315467 315955 genome.dna 324844 325333 NC_005061.gbk
1632 59.8 321945 323390 genome.dna 325619 327092 NC_005061.gbk
1557 52.2 331816 333156 genome.dna 327137 328481 NC_005061.gbk
953 57.4 338215 337490 genome.dna 49828 49102 NC_005061.gbk
841 42.9 340994 339921 genome.dna 507023 506042 NC_005061.gbk
233 40.0 345645 345899 genome.dna 51121 51376 NC_005061.gbk
1919 68.5 345980 347242 genome.dna 51430 52693 NC_005061.gbk
2026 68.3 349956 348586 genome.dna 54183 52797 NC_005061.gbk
266 36.2 350598 350194 genome.dna 54803 54392 NC_005061.gbk
556 59.5 352201 352629 genome.dna 55305 55725 NC_005061.gbk
544 60.0 352645 353037 genome.dna 55795 56188 NC_005061.gbk
475 39.7 369528 368956 genome.dna 56943 56364 NC_005061.gbk
953 52.6 372605 373492 genome.dna 57240 58146 NC_005061.gbk
917 56.0 394956 395693 genome.dna 71181 71916 NC_005061.gbk
1652 57.2 404861 403671 genome.dna 73197 72021 NC_005061.gbk
408 47.2 431880 431494 genome.dna 36994 36577 NC_005061.gbk
1394 61.1 435364 434357 genome.dna 38105 37061 NC_005061.gbk
3213 47.2 460910 458055 genome.dna 41260 38359 NC_005061.gbk
408 44.1 461372 460923 genome.dna 41718 41256 NC_005061.gbk
1693 50.1 463248 461737 genome.dna 43352 41837 NC_005061.gbk
648 30.8 463531 464646 genome.dna 43483 44596 NC_005061.gbk
740 34.3 464646 465722 genome.dna 44597 45680 NC_005061.gbk
1025 40.4 523994 522816 genome.dna 276060 277245 NC_005061.gbk
453 59.6 526251 526580 genome.dna 275633 275288 NC_005061.gbk
491 41.0 526894 527520 genome.dna 275194 274606 NC_005061.gbk
298 42.6 692962 692627 genome.dna 74061 73701 NC_005061.gbk
544 87.5 697176 697469 genome.dna 74436 74730 NC_005061.gbk
3012 87.4 697515 699164 genome.dna 74786 76430 NC_005061.gbk
856 44.8 699974 700837 genome.dna 28886 29741 NC_005061.gbk
512 50.7 705891 705376 genome.dna 30382 29902 NC_005061.gbk
661 50.0 712232 711549 genome.dna 58899 59466 NC_005061.gbk
3082 76.7 753122 751287 genome.dna 61550 59696 NC_005061.gbk
1744 44.2 755031 753277 genome.dna 63476 61709 NC_005061.gbk
396 80.3 755400 755185 genome.dna 63837 63621 NC_005061.gbk
803 58.0 755628 756641 genome.dna 64009 65071 NC_005061.gbk
1213 58.1 761351 760380 genome.dna 102159 101184 NC_005061.gbk
333 44.7 761608 761919 genome.dna 102285 102669 NC_005061.gbk
403 69.4 761939 762196 genome.dna 102658 102916 NC_005061.gbk
674 62.3 766454 766933 genome.dna 104320 104809 NC_005061.gbk
744 56.0 767499 768128 genome.dna 105195 105816 NC_005061.gbk
3429 86.9 768185 770122 genome.dna 105867 107802 NC_005061.gbk
848 49.3 770241 771074 genome.dna 107924 108770 NC_005061.gbk
2045 67.6 771082 772419 genome.dna 108771 110130 NC_005061.gbk
2056 62.5 777751 779280 genome.dna 111376 112882 NC_005061.gbk
2252 48.4 779306 782008 genome.dna 112932 115626 NC_005061.gbk
397 48.7 782083 782481 genome.dna 115696 116050 NC_005061.gbk
314 56.2 783547 783816 genome.dna 116983 117256 NC_005061.gbk
3108 67.1 784066 786186 genome.dna 117420 119514 NC_005061.gbk
762 40.2 832101 831100 genome.dna 278759 277748 NC_005061.gbk
1888 58.1 844582 846099 genome.dna 280220 281678 NC_005061.gbk
2629 71.0 856625 858271 genome.dna 33059 34706 NC_005061.gbk
939 41.3 903368 904378 genome.dna 20356 19345 NC_005061.gbk
444 45.3 927840 927358 genome.dna 610195 610642 NC_005061.gbk
297 30.1 927996 928442 genome.dna 610048 609604 NC_005061.gbk
177 30.5 929286 928951 genome.dna 609172 609520 NC_005061.gbk
1072 55.4 932060 931182 genome.dna 608205 609087 NC_005061.gbk
635 44.3 932209 932796 genome.dna 608081 607493 NC_005061.gbk
1854 72.4 933233 934465 genome.dna 558390 557151 NC_005061.gbk
1184 57.4 956604 955654 genome.dna 572170 573142 NC_005061.gbk
1266 60.5 984193 985221 genome.dna 571503 570468 NC_005061.gbk
1224 64.4 985221 986075 genome.dna 570464 569627 NC_005061.gbk
1085 59.2 986075 986968 genome.dna 569626 568768 NC_005061.gbk
2553 68.0 995970 994243 genome.dna 565838 567563 NC_005061.gbk
392 70.2 996273 996016 genome.dna 565534 565807 NC_005061.gbk
1472 70.0 997695 996727 genome.dna 564241 565186 NC_005061.gbk
213 41.0 1001658 1001365 genome.dna 70039 69769 NC_005061.gbk
1011 71.6 1002298 1002951 genome.dna 70260 70902 NC_005061.gbk
275 51.4 1085958 1085686 genome.dna 265176 264936 NC_005061.gbk
988 40.6 1087061 1085955 genome.dna 266297 265229 NC_005061.gbk
776 66.7 1096541 1097074 genome.dna 283318 283795 NC_005061.gbk
1108 51.1 1099537 1100406 genome.dna 283949 284804 NC_005061.gbk
1968 37.3 1103446 1106844 genome.dna 285020 288440 NC_005061.gbk
782 36.2 1109886 1113512 genome.dna 294249 290622 NC_005061.gbk
1243 36.2 1113509 1115371 genome.dna 290416 288493 NC_005061.gbk
1205 62.6 1150402 1149575 genome.dna 295209 294366 NC_005061.gbk
1219 65.4 1154052 1153258 genome.dna 296016 295221 NC_005061.gbk
1150 76.9 1154397 1155122 genome.dna 296282 296978 NC_005061.gbk
773 43.3 1155257 1156108 genome.dna 297057 297867 NC_005061.gbk
1164 67.9 1156279 1157004 genome.dna 298000 298732 NC_005061.gbk
604 49.7 1157130 1157687 genome.dna 298799 299366 NC_005061.gbk
824 44.6 1157925 1159121 genome.dna 299485 300661 NC_005061.gbk
1111 63.2 1159320 1160081 genome.dna 300735 301488 NC_005061.gbk
887 44.4 1160091 1160948 genome.dna 301539 302406 NC_005061.gbk
872 39.3 1160970 1162325 genome.dna 302431 303820 NC_005061.gbk
2376 42.3 1162361 1164805 genome.dna 303836 306302 NC_005061.gbk
540 57.0 1164946 1165443 genome.dna 306393 306900 NC_005061.gbk
1428 62.1 1165447 1166469 genome.dna 306927 308037 NC_005061.gbk
888 87.3 1166572 1167027 genome.dna 308040 308496 NC_005061.gbk
1332 69.1 1167032 1167820 genome.dna 308499 309288 NC_005061.gbk
1246 48.2 1167824 1168975 genome.dna 309314 310469 NC_005061.gbk
615 50.0 1168997 1169593 genome.dna 310492 311110 NC_005061.gbk
4273 55.1 1169670 1173152 genome.dna 311182 314683 NC_005061.gbk
1587 72.7 1173165 1174124 genome.dna 314705 315665 NC_005061.gbk
916 43.2 1174650 1175972 genome.dna 315870 317466 NC_005061.gbk
927 65.3 1270601 1269999 genome.dna 242632 242032 NC_005061.gbk
1259 53.0 1271755 1272822 genome.dna 242931 243993 NC_005061.gbk
1653 64.4 1272920 1274065 genome.dna 244121 245258 NC_005061.gbk
440 60.0 1274175 1274507 genome.dna 245300 245648 NC_005061.gbk
1914 48.1 1274535 1276382 genome.dna 245652 247527 NC_005061.gbk
788 40.5 1276393 1277361 genome.dna 247567 248470 NC_005061.gbk
1460 56.1 1278982 1280091 genome.dna 248861 249998 NC_005061.gbk
593 56.6 1280201 1280677 genome.dna 250135 250615 NC_005061.gbk
445 51.9 1280702 1281121 genome.dna 250639 251056 NC_005061.gbk
578 52.3 1282175 1282681 genome.dna 251093 251570 NC_005061.gbk
1748 63.9 1284598 1282733 genome.dna 253479 251625 NC_005061.gbk
1528 48.3 1286027 1287475 genome.dna 254256 255735 NC_005061.gbk
995 36.7 1291078 1289714 genome.dna 257057 255872 NC_005061.gbk
940 47.0 1292157 1291267 genome.dna 258063 257181 NC_005061.gbk
334 46.2 1292504 1292172 genome.dna 258396 258093 NC_005061.gbk
672 53.8 1293119 1292505 genome.dna 258991 258400 NC_005061.gbk
3402 71.9 1295100 1293109 genome.dna 260939 258974 NC_005061.gbk
1069 51.7 1296067 1295105 genome.dna 261893 261008 NC_005061.gbk
931 65.9 1301367 1301990 genome.dna 262721 263351 NC_005061.gbk
1554 60.4 1302154 1303428 genome.dna 263538 264819 NC_005061.gbk
4138 81.7 1303620 1306001 genome.dna 328886 331223 NC_005061.gbk
711 62.9 1329655 1330212 genome.dna 331774 332326 NC_005061.gbk
687 47.4 1335658 1336302 genome.dna 334621 335302 NC_005061.gbk
2069 79.8 1359784 1358654 genome.dna 530937 532068 NC_005061.gbk
3978 76.0 1362181 1359896 genome.dna 528623 530909 NC_005061.gbk
813 46.6 1363250 1362525 genome.dna 527498 528236 NC_005061.gbk
3923 69.2 1363499 1366138 genome.dna 527292 524703 NC_005061.gbk
1080 78.4 1428285 1428911 genome.dna 579510 578883 NC_005061.gbk
639 59.2 1433876 1433409 genome.dna 578339 578819 NC_005061.gbk
1302 65.1 1434853 1435731 genome.dna 577859 576980 NC_005061.gbk
1258 45.6 1466359 1465232 genome.dna 575232 576387 NC_005061.gbk
1516 57.3 1475506 1474394 genome.dna 341089 339973 NC_005061.gbk
2469 59.5 1477420 1475516 genome.dna 342966 341106 NC_005061.gbk
319 40.4 1478243 1477926 genome.dna 343366 343060 NC_005061.gbk
699 35.0 1480118 1479093 genome.dna 344675 343640 NC_005061.gbk
3451 56.2 1483266 1480684 genome.dna 347912 345308 NC_005061.gbk
1615 47.5 1489354 1487825 genome.dna 349649 348080 NC_005061.gbk
1118 58.5 1490240 1489362 genome.dna 350561 349685 NC_005061.gbk
488 47.9 1490971 1490492 genome.dna 351064 350602 NC_005061.gbk
1216 55.9 1492026 1490968 genome.dna 352168 351160 NC_005061.gbk
980 38.8 1494007 1495173 genome.dna 352517 353711 NC_005061.gbk
1443 55.4 1501778 1500630 genome.dna 355509 354354 NC_005061.gbk
1116 57.6 1502595 1501795 genome.dna 356327 355523 NC_005061.gbk
2334 61.3 1504627 1506285 genome.dna 356592 358263 NC_005061.gbk
774 60.9 1507655 1507128 genome.dna 358897 358369 NC_005061.gbk
1786 49.4 1512651 1514294 genome.dna 359723 361370 NC_005061.gbk
396 44.7 1537007 1537396 genome.dna 362198 362594 NC_005061.gbk
298 44.2 1537390 1537737 genome.dna 362581 362929 NC_005061.gbk
2398 73.2 1537737 1539503 genome.dna 362931 364740 NC_005061.gbk
1166 67.1 1539520 1540236 genome.dna 364753 365482 NC_005061.gbk
2329 51.5 1540513 1543320 genome.dna 365625 368538 NC_005061.gbk
1138 55.2 1543336 1544562 genome.dna 368545 369862 NC_005061.gbk
1156 47.8 1544898 1546064 genome.dna 369958 371158 NC_005061.gbk
1344 68.9 1546064 1546936 genome.dna 371160 372051 NC_005061.gbk
797 52.2 1551348 1552034 genome.dna 372130 372880 NC_005061.gbk
334 40.0 1552047 1552472 genome.dna 372842 373271 NC_005061.gbk
1381 49.0 1553863 1555155 genome.dna 374678 376061 NC_005061.gbk
462 46.0 1555196 1555705 genome.dna 376112 376637 NC_005061.gbk
718 49.6 1555715 1556491 genome.dna 376642 377443 NC_005061.gbk
953 56.1 1563766 1563014 genome.dna 378753 379452 NC_005061.gbk
921 40.7 1587226 1588224 genome.dna 378604 377587 NC_005061.gbk
2339 59.5 1598005 1595975 genome.dna 518882 520520 NC_005061.gbk
1825 58.5 1638449 1639855 genome.dna 518526 517101 NC_005061.gbk
1163 51.8 1765743 1764766 genome.dna 338934 339897 NC_005061.gbk
2031 73.2 1768623 1769945 genome.dna 35102 36392 NC_005061.gbk
886 70.9 1997941 1997423 genome.dna 458443 458962 NC_005061.gbk
410 59.0 2010407 2010099 genome.dna 457761 458079 NC_005061.gbk
355 50.0 2011254 2010925 genome.dna 457229 457559 NC_005061.gbk
1317 57.3 2027618 2026698 genome.dna 453266 454193 NC_005061.gbk
965 47.7 2038594 2039550 genome.dna 450316 449347 NC_005061.gbk
253 67.9 2040877 2041047 genome.dna 448900 448729 NC_005061.gbk
1337 59.9 2041077 2042123 genome.dna 448709 447674 NC_005061.gbk
1417 65.7 2042130 2043083 genome.dna 447663 446706 NC_005061.gbk
1069 50.5 2043101 2044030 genome.dna 446678 445712 NC_005061.gbk
963 56.4 2044045 2044779 genome.dna 445674 444939 NC_005061.gbk
421 87.2 2044934 2045170 genome.dna 444803 444566 NC_005061.gbk
641 37.8 2046622 2047419 genome.dna 444440 443621 NC_005061.gbk
661 51.9 2048443 2049102 genome.dna 443448 442812 NC_005061.gbk
756 36.0 2049102 2050112 genome.dna 442801 441799 NC_005061.gbk
964 53.1 2050132 2050929 genome.dna 441781 441001 NC_005061.gbk
478 62.3 2055442 2055792 genome.dna 440895 440538 NC_005061.gbk
1088 39.4 2070545 2071747 genome.dna 439620 438402 NC_005061.gbk
725 49.1 2071740 2072447 genome.dna 438413 437705 NC_005061.gbk
1079 38.8 2072444 2073691 genome.dna 437679 436428 NC_005061.gbk
421 49.1 2112446 2112817 genome.dna 396026 396410 NC_005061.gbk
2362 72.2 2112831 2114330 genome.dna 396423 397926 NC_005061.gbk
1183 69.3 2114428 2115174 genome.dna 397992 398730 NC_005061.gbk
985 36.0 2115176 2116495 genome.dna 398713 400015 NC_005061.gbk
1469 50.7 2116495 2117718 genome.dna 400011 401247 NC_005061.gbk
396 41.1 2117752 2118168 genome.dna 401290 401722 NC_005061.gbk
237 42.3 2120007 2119771 genome.dna 402058 401821 NC_005061.gbk
626 43.8 2181519 2182154 genome.dna 402613 403222 NC_005061.gbk
423 52.8 2186467 2186817 genome.dna 403358 403694 NC_005061.gbk
951 66.0 2187600 2186929 genome.dna 404376 403704 NC_005061.gbk
660 68.8 2188917 2189354 genome.dna 404930 405365 NC_005061.gbk
796 48.6 2191939 2192622 genome.dna 405627 406272 NC_005061.gbk
1651 57.3 2192856 2194133 genome.dna 406415 407684 NC_005061.gbk
980 72.7 2203467 2202874 genome.dna 464181 464781 NC_005061.gbk
1143 66.8 2239913 2239125 genome.dna 463402 462616 NC_005061.gbk
695 41.4 2487322 2486231 genome.dna 381457 380410 NC_005061.gbk
501 41.3 2488039 2487452 genome.dna 382176 381582 NC_005061.gbk
1786 85.6 2489732 2488785 genome.dna 383272 382327 NC_005061.gbk
1384 56.9 2492889 2493971 genome.dna 384854 385931 NC_005061.gbk
836 46.7 2493971 2494816 genome.dna 385927 386773 NC_005061.gbk
1236 64.0 2496092 2496946 genome.dna 386929 387766 NC_005061.gbk
1911 63.9 2563367 2561970 genome.dna 409803 408456 NC_005061.gbk
813 56.7 2585970 2586605 genome.dna 408370 407728 NC_005061.gbk
2099 59.8 2602958 2604520 genome.dna 465507 467073 NC_005061.gbk
825 58.4 2604520 2605098 genome.dna 467080 467662 NC_005061.gbk
1032 47.6 2605113 2606180 genome.dna 467676 468699 NC_005061.gbk
1502 49.5 2606188 2607555 genome.dna 468710 470087 NC_005061.gbk
1816 67.4 2607572 2608762 genome.dna 470123 471320 NC_005061.gbk
867 47.0 2608762 2609568 genome.dna 471316 472132 NC_005061.gbk
2030 58.4 2624113 2625573 genome.dna 473950 475426 NC_005061.gbk
781 60.4 2637907 2637311 genome.dna 476183 475604 NC_005061.gbk
1017 54.1 2645457 2646263 genome.dna 477240 478044 NC_005061.gbk
2029 49.4 2649493 2651343 genome.dna 478171 480049 NC_005061.gbk
1497 65.1 2654735 2655739 genome.dna 480435 481437 NC_005061.gbk
477 41.6 2674846 2675376 genome.dna 481717 482242 NC_005061.gbk
452 49.1 2678460 2679146 genome.dna 482386 483103 NC_005061.gbk
1355 78.1 2679167 2679979 genome.dna 483113 483938 NC_005061.gbk
219 41.7 2679983 2680252 genome.dna 483944 484247 NC_005061.gbk
612 42.7 2685383 2684682 genome.dna 484963 484300 NC_005061.gbk
1456 48.9 2688488 2689942 genome.dna 485125 486511 NC_005061.gbk
2034 62.8 2696737 2695181 genome.dna 488134 486574 NC_005061.gbk
680 48.0 2697304 2698272 genome.dna 488571 489561 NC_005061.gbk
1328 77.1 2698450 2699247 genome.dna 489676 490492 NC_005061.gbk
1469 76.3 2699262 2700104 genome.dna 490504 491377 NC_005061.gbk
443 94.2 2702947 2702738 genome.dna 491758 491548 NC_005061.gbk
2410 44.5 2731236 2728849 genome.dna 392328 394740 NC_005061.gbk
1206 50.4 2732234 2731251 genome.dna 391285 392293 NC_005061.gbk
495 65.8 2732903 2732547 genome.dna 390825 391182 NC_005061.gbk
229 57.8 2733144 2732947 genome.dna 390530 390728 NC_005061.gbk
814 67.1 2733782 2733240 genome.dna 389908 390436 NC_005061.gbk
1511 58.9 2757088 2758194 genome.dna 433592 434702 NC_005061.gbk
1855 57.6 2759027 2760397 genome.dna 434940 436326 NC_005061.gbk
2204 64.2 2794931 2793456 genome.dna 494125 492628 NC_005061.gbk
1891 59.7 2796565 2798007 genome.dna 494614 496081 NC_005061.gbk
1127 42.7 2800594 2799272 genome.dna 497569 496177 NC_005061.gbk
2138 54.8 2813755 2811956 genome.dna 499511 497780 NC_005061.gbk
2146 55.4 2835515 2837245 genome.dna 499940 501692 NC_005061.gbk
1755 51.7 2838878 2837343 genome.dna 503270 501713 NC_005061.gbk
1620 58.8 2841548 2842753 genome.dna 503794 505000 NC_005061.gbk
1858 55.4 2864092 2865492 genome.dna 459060 460473 NC_005061.gbk
843 38.2 2865788 2866900 genome.dna 524270 523139 NC_005061.gbk
1482 53.6 2867225 2868415 genome.dna 460602 461823 NC_005061.gbk
750 47.1 2869134 2868487 genome.dna 462523 461887 NC_005061.gbk
767 49.4 2884168 2883416 genome.dna 413506 412729 NC_005061.gbk
195 47.2 2884347 2884165 genome.dna 413688 413502 NC_005061.gbk
1171 51.8 2885460 2884459 genome.dna 414751 413749 NC_005061.gbk
2581 65.9 2887241 2885457 genome.dna 416502 414750 NC_005061.gbk
454 76.5 2890870 2890553 genome.dna 507763 507436 NC_005061.gbk
1023 38.3 2895155 2896582 genome.dna 508046 509552 NC_005061.gbk
1606 80.3 2916384 2917283 genome.dna 509859 510759 NC_005061.gbk
1627 55.3 2917289 2918617 genome.dna 510763 512077 NC_005061.gbk
1337 54.9 2918614 2919687 genome.dna 512073 513144 NC_005061.gbk
1517 59.0 2919703 2920770 genome.dna 513167 514241 NC_005061.gbk
717 50.5 2920770 2921360 genome.dna 514237 514828 NC_005061.gbk
895 53.8 2921367 2922104 genome.dna 514834 515590 NC_005061.gbk
1214 67.1 2922086 2922862 genome.dna 515559 516336 NC_005061.gbk
752 54.1 2922856 2923488 genome.dna 516329 516971 NC_005061.gbk
2373 66.7 2925698 2924025 genome.dna 418705 416977 NC_005061.gbk
762 54.3 2926492 2925815 genome.dna 419514 418815 NC_005061.gbk
1739 61.3 2928002 2926713 genome.dna 420936 419634 NC_005061.gbk
1427 53.4 2929170 2928085 genome.dna 422155 421057 NC_005061.gbk
1594 54.2 2975613 2974318 genome.dna 423649 422338 NC_005061.gbk
446 36.7 2977679 2977068 genome.dna 424784 424151 NC_005061.gbk
1351 63.4 2982496 2983455 genome.dna 427553 428525 NC_005061.gbk
422 88.9 2988043 2988261 genome.dna 428648 428867 NC_005061.gbk
127 31.8 3016496 3016762 genome.dna 673941 673674 NC_005061.gbk
914 62.7 3046334 3045672 genome.dna 521340 520674 NC_005061.gbk
1130 67.8 3154559 3153852 genome.dna 379587 380298 NC_005061.gbk
791 35.8 3190713 3188704 genome.dna 431104 428941 NC_005061.gbk
707 53.6 3228583 3228035 genome.dna 456443 455870 NC_005061.gbk
316 47.6 3332182 3332514 genome.dna 611252 611582 NC_005061.gbk
1205 44.1 3372145 3370688 genome.dna 533956 532441 NC_005061.gbk
1726 52.6 3373687 3372152 genome.dna 535561 534031 NC_005061.gbk
1927 46.6 3375638 3373788 genome.dna 537483 535605 NC_005061.gbk
395 59.2 3375937 3375635 genome.dna 537782 537479 NC_005061.gbk
468 46.0 3376497 3375934 genome.dna 538333 537781 NC_005061.gbk
835 65.6 3377049 3376507 genome.dna 538908 538362 NC_005061.gbk
1442 62.2 3378041 3377067 genome.dna 539903 538934 NC_005061.gbk
2685 53.1 3380764 3378038 genome.dna 542725 539899 NC_005061.gbk
2072 67.2 3382301 3380952 genome.dna 544175 542837 NC_005061.gbk
584 57.4 3382843 3382298 genome.dna 544642 544177 NC_005061.gbk
2952 71.4 3384645 3382846 genome.dna 546523 544732 NC_005061.gbk
1142 71.7 3385418 3384744 genome.dna 547324 546652 NC_005061.gbk
585 50.3 3408161 3407589 genome.dna 412666 412066 NC_005061.gbk
1171 44.7 3412525 3411257 genome.dna 549446 548198 NC_005061.gbk
1378 70.6 3413548 3412631 genome.dna 550403 549539 NC_005061.gbk
922 56.0 3415469 3414618 genome.dna 551280 550521 NC_005061.gbk
1011 44.5 3417731 3416595 genome.dna 552555 551436 NC_005061.gbk
1879 69.0 3421622 3420405 genome.dna 554051 552833 NC_005061.gbk
1748 69.7 3427528 3426443 genome.dna 555594 556668 NC_005061.gbk
1102 54.1 3428548 3427616 genome.dna 554679 555591 NC_005061.gbk
1767 52.8 3443783 3442200 genome.dna 588919 590494 NC_005061.gbk
1288 64.2 3516455 3517318 genome.dna 338554 337663 NC_005061.gbk
1617 54.9 3519048 3517663 genome.dna 336242 337667 NC_005061.gbk
716 44.3 3520698 3521420 genome.dna 336046 335302 NC_005061.gbk
1504 57.7 3557692 3558888 genome.dna 558662 559877 NC_005061.gbk
1990 54.2 3590632 3589055 genome.dna 586991 585410 NC_005061.gbk
2280 72.3 3592205 3590739 genome.dna 588525 587055 NC_005061.gbk
1263 41.0 3599984 3598497 genome.dna 592011 590553 NC_005061.gbk
1591 56.0 3603229 3601955 genome.dna 593408 592106 NC_005061.gbk
523 61.5 3608433 3608005 genome.dna 596452 596041 NC_005061.gbk
1608 61.1 3621177 3619963 genome.dna 597951 596763 NC_005061.gbk
457 32.2 3622920 3623723 genome.dna 598452 599277 NC_005061.gbk
1911 66.4 3635387 3634134 genome.dna 600630 599385 NC_005061.gbk
484 55.2 3651787 3651263 genome.dna 601183 600703 NC_005061.gbk
449 53.7 3680225 3679845 genome.dna 601704 601326 NC_005061.gbk
973 60.5 3680956 3680225 genome.dna 602444 601700 NC_005061.gbk
940 66.8 3683368 3682688 genome.dna 603368 602669 NC_005061.gbk
948 44.4 3684626 3683661 genome.dna 604501 603502 NC_005061.gbk
2613 64.9 3686442 3684643 genome.dna 606344 604544 NC_005061.gbk
937 58.8 3694571 3695257 genome.dna 606596 607262 NC_005061.gbk
1185 53.5 3698228 3696813 genome.dna 561718 560266 NC_005061.gbk
470 58.0 3714535 3714188 genome.dna 185119 185479 NC_005061.gbk
2890 58.3 3724928 3722451 genome.dna 182580 184923 NC_005061.gbk
629 59.9 3729128 3729583 genome.dna 174972 175434 NC_005061.gbk
504 48.8 3732230 3732727 genome.dna 175494 175989 NC_005061.gbk
833 54.5 3749695 3748958 genome.dna 240200 240977 NC_005061.gbk
708 65.1 3749751 3750215 genome.dna 240144 239640 NC_005061.gbk
784 45.2 3750989 3751744 genome.dna 239591 238820 NC_005061.gbk
3792 67.8 3762599 3760023 genome.dna 214167 216786 NC_005061.gbk
1006 51.5 3764478 3763501 genome.dna 213011 213977 NC_005061.gbk
641 41.9 3764613 3765347 genome.dna 212889 212148 NC_005061.gbk
1456 55.9 3768744 3767623 genome.dna 209949 211083 NC_005061.gbk
1405 58.3 3769824 3768751 genome.dna 208857 209943 NC_005061.gbk
513 64.9 3773009 3772662 genome.dna 208122 208476 NC_005061.gbk
1054 61.1 3773827 3773072 genome.dna 207347 208094 NC_005061.gbk
504 39.0 3774414 3773866 genome.dna 206756 207314 NC_005061.gbk
339 64.6 3774681 3774433 genome.dna 206461 206710 NC_005061.gbk
1214 42.6 3776200 3774839 genome.dna 205012 206386 NC_005061.gbk
318 82.5 3782025 3781840 genome.dna 204305 204503 NC_005061.gbk
2785 49.7 3784972 3782345 genome.dna 201466 204142 NC_005061.gbk
744 57.3 3893814 3893233 genome.dna 241131 241713 NC_005061.gbk
1503 47.6 3942520 3943878 genome.dna 611674 613060 NC_005061.gbk
1610 42.7 3956293 3958011 genome.dna 319333 317587 NC_005061.gbk
519 39.7 3960197 3959163 genome.dna 200373 201321 NC_005061.gbk
263 48.3 3964143 3963808 genome.dna 198469 198775 NC_005061.gbk
814 59.3 3967961 3967344 genome.dna 197663 198296 NC_005061.gbk
1709 54.4 3969453 3967963 genome.dna 196217 197660 NC_005061.gbk
1537 74.2 3970373 3969465 genome.dna 195281 196199 NC_005061.gbk
1706 54.8 3971825 3970383 genome.dna 193836 195222 NC_005061.gbk
1011 59.9 3972869 3972135 genome.dna 192956 193697 NC_005061.gbk
2415 60.8 3974615 3972882 genome.dna 191208 192918 NC_005061.gbk
1992 49.8 3976444 3974615 genome.dna 189376 191209 NC_005061.gbk
1700 61.1 4001743 4000448 genome.dna 187651 188995 NC_005061.gbk
2555 68.2 4003479 4001842 genome.dna 185910 187563 NC_005061.gbk
1481 44.9 4027241 4025196 genome.dna 563944 562159 NC_005061.gbk
1745 57.0 4028828 4027398 genome.dna 68184 69624 NC_005061.gbk
1338 49.4 4034399 4035643 genome.dna 68011 66775 NC_005061.gbk
346 40.0 4037027 4036671 genome.dna 65860 66229 NC_005061.gbk
640 47.7 4037132 4037767 genome.dna 65733 65142 NC_005061.gbk
848 64.8 4039680 4040210 genome.dna 101022 100482 NC_005061.gbk
513 52.9 4050959 4050219 genome.dna 93800 94589 NC_005061.gbk
427 46.3 4059979 4059527 genome.dna 93151 93637 NC_005061.gbk
330 62.7 4060248 4060021 genome.dna 92838 93075 NC_005061.gbk
391 47.2 4060971 4060579 genome.dna 92398 92761 NC_005061.gbk
801 50.0 4068636 4067902 genome.dna 91404 92169 NC_005061.gbk
1825 62.1 4102382 4101120 genome.dna 281803 283081 NC_005061.gbk
2180 71.3 4114440 4115846 genome.dna 30664 32065 NC_005061.gbk
534 40.6 4196148 4196876 genome.dna 47223 47880 NC_005061.gbk
909 51.4 4196873 4197727 genome.dna 47929 48793 NC_005061.gbk
1765 55.7 4231793 4230366 genome.dna 178012 176599 NC_005061.gbk
4258 69.5 4236582 4233919 genome.dna 182111 179432 NC_005061.gbk
3658 65.9 4255592 4252890 genome.dna 171409 173932 NC_005061.gbk
1243 62.0 4257707 4256787 genome.dna 170135 171032 NC_005061.gbk
1841 79.0 4258960 4257809 genome.dna 168892 170068 NC_005061.gbk
2137 74.3 4260285 4259029 genome.dna 167554 168817 NC_005061.gbk
635 40.6 4261166 4260282 genome.dna 166731 167562 NC_005061.gbk
1729 54.6 4263557 4262097 genome.dna 165205 166648 NC_005061.gbk
1189 50.4 4264711 4263620 genome.dna 164093 165176 NC_005061.gbk
1503 56.8 4265910 4264708 genome.dna 162964 164071 NC_005061.gbk
1441 52.0 4267226 4265910 genome.dna 161557 162892 NC_005061.gbk
1250 48.2 4268312 4267230 genome.dna 160448 161546 NC_005061.gbk
1350 45.5 4269667 4268306 genome.dna 159075 160464 NC_005061.gbk
1562 47.6 4271151 4269664 genome.dna 157556 159056 NC_005061.gbk
2061 55.0 4272901 4271138 genome.dna 155839 157525 NC_005061.gbk
277 43.9 4273245 4272925 genome.dna 155427 155739 NC_005061.gbk
1026 53.2 4274186 4273242 genome.dna 154459 155425 NC_005061.gbk
2271 64.5 4282166 4283764 genome.dna 154073 152513 NC_005061.gbk
1544 62.7 4283764 4284855 genome.dna 152490 151395 NC_005061.gbk
2075 62.6 4284858 4286258 genome.dna 151384 149983 NC_005061.gbk
705 52.0 4286272 4286874 genome.dna 149950 149335 NC_005061.gbk
1425 30.0 4314274 4316637 genome.dna 149157 146700 NC_005061.gbk
1231 56.3 4318033 4319034 genome.dna 145378 144349 NC_005061.gbk
852 48.3 4319027 4319845 genome.dna 144369 143553 NC_005061.gbk
884 46.3 4320238 4321083 genome.dna 143440 142621 NC_005061.gbk
425 41.9 4323873 4323391 genome.dna 142059 142566 NC_005061.gbk
4788 65.6 4330684 4327460 genome.dna 138745 142012 NC_005061.gbk
1482 58.2 4331847 4330699 genome.dna 137576 138725 NC_005061.gbk
723 41.5 4333114 4332293 genome.dna 136566 137391 NC_005061.gbk
359 33.8 4335368 4334856 genome.dna 135012 135474 NC_005061.gbk
2456 53.8 4338181 4335368 genome.dna 132129 134991 NC_005061.gbk
1076 53.2 4339154 4338213 genome.dna 131170 132106 NC_005061.gbk
270 53.5 4339580 4339843 genome.dna 131019 130752 NC_005061.gbk
1977 74.5 4343498 4342359 genome.dna 129525 130659 NC_005061.gbk
3386 81.8 4345514 4343607 genome.dna 127462 129394 NC_005061.gbk
1667 59.7 4353827 4352538 genome.dna 125875 127207 NC_005061.gbk
1195 52.6 4354760 4353831 genome.dna 124936 125872 NC_005061.gbk
3384 63.8 4357222 4354763 genome.dna 122443 124900 NC_005061.gbk
906 62.0 4373604 4372945 genome.dna 273800 274469 NC_005061.gbk
1639 65.1 4378640 4377564 genome.dna 272471 273548 NC_005061.gbk
1795 70.4 4379941 4378778 genome.dna 271176 272379 NC_005061.gbk
2916 62.6 4383337 4381343 genome.dna 573155 575150 NC_005061.gbk
1786 68.1 4388480 4389631 genome.dna 269533 268375 NC_005061.gbk
867 64.0 4393344 4393907 genome.dna 267967 267385 NC_005061.gbk
419 44.3 4393907 4394326 genome.dna 267389 266960 NC_005061.gbk
1760 57.7 4398393 4397095 genome.dna 89880 91197 NC_005061.gbk
756 63.8 4399815 4398820 genome.dna 88739 89765 NC_005061.gbk
1418 55.7 4401072 4399819 genome.dna 87412 88735 NC_005061.gbk
1170 51.8 4402445 4401165 genome.dna 86065 87184 NC_005061.gbk
1064 52.3 4403893 4402952 genome.dna 84767 85739 NC_005061.gbk
347 38.4 4408042 4407560 genome.dna 82973 83477 NC_005061.gbk
718 56.5 4435345 4434803 genome.dna 81931 82474 NC_005061.gbk
849 46.1 4436846 4437871 genome.dna 81411 80514 NC_005061.gbk
2906 48.6 4437926 4441249 genome.dna 80439 77181 NC_005061.gbk
552 42.7 4448185 4447619 genome.dna 76577 77141 NC_005061.gbk
2489 64.9 4451372 4449723 genome.dna 703581 701904 NC_005061.gbk
1228 57.7 4471827 4470898 genome.dna 704748 703857 NC_005061.gbk
390 42.9 4479596 4478769 genome.dna 237683 238568 NC_005061.gbk
647 58.6 4482450 4482959 genome.dna 236831 236303 NC_005061.gbk
858 43.5 4482986 4483933 genome.dna 236277 235305 NC_005061.gbk
488 61.3 4488068 4487676 genome.dna 234853 235231 NC_005061.gbk
1637 74.9 4489098 4488109 genome.dna 233793 234789 NC_005061.gbk
994 71.0 4489744 4489124 genome.dna 233134 233758 NC_005061.gbk
738 80.6 4490164 4489775 genome.dna 232706 233099 NC_005061.gbk
554 68.6 4490537 4490181 genome.dna 232286 232643 NC_005061.gbk
194 65.8 4490800 4490684 genome.dna 232090 232207 NC_005061.gbk
2175 73.2 4492165 4490834 genome.dna 230689 232045 NC_005061.gbk
570 57.0 4492607 4492173 genome.dna 230237 230681 NC_005061.gbk
243 68.5 4492790 4492611 genome.dna 230054 230231 NC_005061.gbk
810 75.1 4493297 4492797 genome.dna 229515 230049 NC_005061.gbk
455 59.8 4493665 4493312 genome.dna 229149 229503 NC_005061.gbk
515 45.4 4494208 4493675 genome.dna 228549 229095 NC_005061.gbk
545 61.8 4494614 4494222 genome.dna 228131 228527 NC_005061.gbk
449 64.4 4494953 4494648 genome.dna 227774 228080 NC_005061.gbk
836 69.7 4495506 4494967 genome.dna 227196 227769 NC_005061.gbk
447 69.2 4495835 4495521 genome.dna 226852 227173 NC_005061.gbk
644 76.4 4496217 4495846 genome.dna 226449 226821 NC_005061.gbk
331 56.8 4496635 4496381 genome.dna 226108 226366 NC_005061.gbk
672 73.4 4497236 4496826 genome.dna 225455 225857 NC_005061.gbk
1117 70.9 4497950 4497249 genome.dna 224730 225438 NC_005061.gbk
493 70.6 4498300 4497968 genome.dna 224341 224671 NC_005061.gbk
551 82.6 4498593 4498315 genome.dna 224007 224289 NC_005061.gbk
1456 75.3 4499431 4498610 genome.dna 223150 223981 NC_005061.gbk
309 54.3 4499751 4499449 genome.dna 222829 223129 NC_005061.gbk
686 54.2 4500353 4499748 genome.dna 222182 222821 NC_005061.gbk
831 60.8 4500993 4500364 genome.dna 221526 222186 NC_005061.gbk
614 90.3 4501337 4501026 genome.dna 221114 221426 NC_005061.gbk
613 58.1 4502117 4501644 genome.dna 220511 220982 NC_005061.gbk
3442 73.6 4505956 4503842 genome.dna 635872 633742 NC_005061.gbk
731 72.0 4506523 4506053 genome.dna 636453 635979 NC_005061.gbk
695 83.1 4506994 4506620 genome.dna 636975 636600 NC_005061.gbk
763 58.2 4531820 4531245 genome.dna 638311 637729 NC_005061.gbk
1313 58.5 4557783 4556779 genome.dna 639475 638470 NC_005061.gbk
970 64.2 4559154 4558477 genome.dna 640399 639718 NC_005061.gbk
1259 51.4 4562421 4561336 genome.dna 641790 640695 NC_005061.gbk
754 64.6 4562994 4562473 genome.dna 642392 641834 NC_005061.gbk
345 45.6 4614245 4614820 genome.dna 643460 644078 NC_005061.gbk
1489 57.7 4644844 4643741 genome.dna 645359 644243 NC_005061.gbk
939 72.3 4645142 4645735 genome.dna 645578 646172 NC_005061.gbk
983 52.5 4659594 4658794 genome.dna 647322 646521 NC_005061.gbk
1051 53.4 4668986 4668036 genome.dna 648511 647566 NC_005061.gbk
729 47.3 4673230 4672514 genome.dna 649628 648899 NC_005061.gbk
1180 59.8 4675687 4674863 genome.dna 650481 649650 NC_005061.gbk
1020 53.2 4680620 4681561 genome.dna 650906 651842 NC_005061.gbk
757 45.3 4681558 4682298 genome.dna 651867 652611 NC_005061.gbk
2562 93.3 4708658 4707399 genome.dna 654689 653429 NC_005061.gbk
379 52.2 4709479 4709153 genome.dna 655399 655057 NC_005061.gbk
2099 63.7 4723858 4722380 genome.dna 657021 655542 NC_005061.gbk
2401 71.1 4728119 4726569 genome.dna 658643 657098 NC_005061.gbk
3031 72.7 4729969 4728119 genome.dna 660538 658681 NC_005061.gbk
1466 67.3 4730969 4730043 genome.dna 661540 660616 NC_005061.gbk
239 50.0 4731254 4730994 genome.dna 661847 661610 NC_005061.gbk
2358 64.0 4732978 4731332 genome.dna 663556 661891 NC_005061.gbk
1351 65.8 4756712 4755816 genome.dna 666003 665106 NC_005061.gbk
1489 56.4 4766891 4765731 genome.dna 667310 666152 NC_005061.gbk
291 58.5 4770684 4770469 genome.dna 667721 667499 NC_005061.gbk
826 47.6 4784192 4784938 genome.dna 668320 669070 NC_005061.gbk
856 47.1 4786326 4787093 genome.dna 669259 670048 NC_005061.gbk
1592 72.4 4825789 4824827 genome.dna 671076 670113 NC_005061.gbk
1293 71.3 4866035 4865178 genome.dna 699829 698977 NC_005061.gbk
505 40.5 4869761 4870336 genome.dna 701182 701773 NC_005061.gbk
605 67.4 4942687 4942274 genome.dna 18764 19175 NC_005061.gbk
3664 66.7 4981440 4979023 genome.dna 16095 18516 NC_005061.gbk
980 40.9 4983694 4982594 genome.dna 14730 15834 NC_005061.gbk
247 80.0 4985770 4985910 genome.dna 14514 14373 NC_005061.gbk
346 48.1 4985929 4986288 genome.dna 14326 13963 NC_005061.gbk
1602 49.3 4986512 4988146 genome.dna 13740 12063 NC_005061.gbk
1136 44.9 4988276 4989640 genome.dna 11961 10536 NC_005061.gbk
1430 50.7 5050610 5049240 genome.dna 9009 10407 NC_005061.gbk
509 56.4 5053946 5053527 genome.dna 8459 8876 NC_005061.gbk
2421 79.1 5055348 5053966 genome.dna 7005 8400 NC_005061.gbk
1104 57.6 5056259 5055396 genome.dna 6109 6976 NC_005061.gbk
2419 70.9 5057853 5056312 genome.dna 4542 6084 NC_005061.gbk
445 39.1 5058399 5057866 genome.dna 3975 4521 NC_005061.gbk
455 46.1 5058884 5058414 genome.dna 3489 3975 NC_005061.gbk
447 85.9 5059187 5058948 genome.dna 3180 3420 NC_005061.gbk
1036 58.5 5060037 5059237 genome.dna 2293 3112 NC_005061.gbk
2811 64.7 5063659 5061770 genome.dna 0 1905 NC_005061.gbk
