377 41.8 1026 565 genome.dna 1203362 1203830 NC_002950.gbk
2187 40.6 25826 28615 genome.dna 1886117 1888898 NC_002950.gbk
405 38.7 29669 29034 genome.dna 380798 381404 NC_002950.gbk
934 37.2 33859 32447 genome.dna 17086 18436 NC_002950.gbk
1893 48.7 37037 38860 genome.dna 667172 668972 NC_002950.gbk
377 43.2 39698 40135 genome.dna 2085266 2085719 NC_002950.gbk
1378 48.4 44746 43358 genome.dna 2256864 2255526 NC_002950.gbk
1533 40.7 47188 45107 genome.dna 382484 384581 NC_002950.gbk
1331 34.4 49985 47886 genome.dna 1905333 1903044 NC_002950.gbk
426 43.8 50956 50333 genome.dna 552004 551437 NC_002950.gbk
1677 56.8 62838 64181 genome.dna 1309701 1308363 NC_002950.gbk
1419 36.7 70479 68437 genome.dna 1879543 1877506 NC_002950.gbk
581 40.4 93925 92960 genome.dna 2279062 2278102 NC_002950.gbk
377 39.0 110262 109636 genome.dna 1623639 1624215 NC_002950.gbk
317 34.3 123485 122910 genome.dna 686282 686828 NC_002950.gbk
177 35.3 145496 145804 genome.dna 919027 919333 NC_002950.gbk
398 44.9 165569 165111 genome.dna 1012863 1013298 NC_002950.gbk
920 41.8 166824 165547 genome.dna 1951258 1950043 NC_002950.gbk
419 36.0 166978 167643 genome.dna 956851 956167 NC_002950.gbk
207 43.4 167881 168117 genome.dna 2048753 2048513 NC_002950.gbk
350 40.1 170854 170375 genome.dna 403349 403811 NC_002950.gbk
1476 56.3 186786 187982 genome.dna 522712 521521 NC_002950.gbk
146 30.1 191679 192110 genome.dna 1649055 1648671 NC_002950.gbk
616 35.7 221269 222798 genome.dna 41630 40331 NC_002950.gbk
507 34.3 222967 223722 genome.dna 1039438 1040176 NC_002950.gbk
363 33.0 237567 238178 genome.dna 146324 145703 NC_002950.gbk
1036 35.6 238222 239673 genome.dna 2333086 2334550 NC_002950.gbk
770 42.3 245968 247005 genome.dna 1422724 1423741 NC_002950.gbk
1957 72.3 250357 251541 genome.dna 420782 421970 NC_002950.gbk
463 42.5 252164 252709 genome.dna 422353 422893 NC_002950.gbk
520 54.6 252872 253300 genome.dna 422961 423399 NC_002950.gbk
720 46.7 253304 254008 genome.dna 423419 424118 NC_002950.gbk
392 58.0 254890 255255 genome.dna 424699 425077 NC_002950.gbk
2100 45.7 255584 259612 genome.dna 425188 428998 NC_002950.gbk
1931 50.1 259736 263959 genome.dna 429063 433365 NC_002950.gbk
1264 51.4 269046 267925 genome.dna 2216748 2215635 NC_002950.gbk
1015 63.4 269828 269043 genome.dna 2217540 2216760 NC_002950.gbk
179 38.8 270030 269830 genome.dna 2221572 2221371 NC_002950.gbk
512 40.0 270806 270027 genome.dna 486738 487446 NC_002950.gbk
2573 65.0 273440 271446 genome.dna 2221302 2219538 NC_002950.gbk
1200 46.5 280242 278956 genome.dna 1440003 1438707 NC_002950.gbk
712 39.3 281849 280260 genome.dna 1480445 1478918 NC_002950.gbk
702 38.1 301263 300298 genome.dna 25213 24211 NC_002950.gbk
197 31.1 307112 306645 genome.dna 1690365 1689930 NC_002950.gbk
324 37.4 307589 307137 genome.dna 1820193 1819767 NC_002950.gbk
901 44.0 313270 314313 genome.dna 1478816 1477796 NC_002950.gbk
348 37.8 315964 316557 genome.dna 707872 707248 NC_002950.gbk
742 31.9 316547 318016 genome.dna 1334352 1332837 NC_002950.gbk
425 32.1 337440 336007 genome.dna 1177263 1175805 NC_002950.gbk
854 54.2 338215 337490 genome.dna 682529 681773 NC_002950.gbk
363 35.6 339901 339335 genome.dna 708409 707887 NC_002950.gbk
618 37.4 341977 341009 genome.dna 1109013 1108059 NC_002950.gbk
634 32.8 345980 347242 genome.dna 1447470 1446165 NC_002950.gbk
927 40.1 349956 348586 genome.dna 650501 651998 NC_002950.gbk
494 51.1 352201 352629 genome.dna 406073 406529 NC_002950.gbk
398 50.4 352645 353037 genome.dna 406538 406925 NC_002950.gbk
984 36.6 357036 355618 genome.dna 2134893 2133504 NC_002950.gbk
624 36.2 362158 363087 genome.dna 1153944 1154880 NC_002950.gbk
1170 47.2 400586 399423 genome.dna 1233289 1234438 NC_002950.gbk
173 34.7 410005 410430 genome.dna 685016 685436 NC_002950.gbk
366 41.3 424707 424243 genome.dna 1335555 1335063 NC_002950.gbk
375 45.3 431880 431494 genome.dna 1946697 1946316 NC_002950.gbk
358 41.4 432443 431979 genome.dna 392506 392962 NC_002950.gbk
996 52.3 433394 432459 genome.dna 391579 392494 NC_002950.gbk
699 39.3 460910 458055 genome.dna 1211051 1213682 NC_002950.gbk
870 44.9 481917 480919 genome.dna 109728 108732 NC_002950.gbk
1264 42.4 530287 528905 genome.dna 264068 262682 NC_002950.gbk
1717 48.6 533382 534971 genome.dna 242183 240602 NC_002950.gbk
432 32.0 536846 537643 genome.dna 835795 834967 NC_002950.gbk
625 34.3 599597 601615 genome.dna 125480 127508 NC_002950.gbk
1572 51.2 695973 694534 genome.dna 1827373 1825945 NC_002950.gbk
216 38.9 697176 697469 genome.dna 565867 565597 NC_002950.gbk
2194 63.2 697515 699164 genome.dna 565345 563707 NC_002950.gbk
151 36.5 755400 755185 genome.dna 418918 419110 NC_002950.gbk
869 42.0 755628 756641 genome.dna 1813880 1814906 NC_002950.gbk
528 36.3 761351 760380 genome.dna 2088119 2087240 NC_002950.gbk
251 39.0 761608 761919 genome.dna 347829 348192 NC_002950.gbk
314 58.8 761939 762196 genome.dna 348219 348477 NC_002950.gbk
974 42.1 763509 764681 genome.dna 842673 841488 NC_002950.gbk
405 43.0 766454 766933 genome.dna 1774776 1774305 NC_002950.gbk
1654 48.0 768185 770122 genome.dna 59340 57318 NC_002950.gbk
638 38.9 770241 771074 genome.dna 1667528 1666682 NC_002950.gbk
2015 42.1 779306 782008 genome.dna 286681 289621 NC_002950.gbk
251 41.6 783547 783816 genome.dna 1845324 1845594 NC_002950.gbk
1819 42.7 784066 786186 genome.dna 818495 816263 NC_002950.gbk
1093 32.8 787369 789282 genome.dna 102449 100634 NC_002950.gbk
461 35.4 794943 795722 genome.dna 2086060 2086930 NC_002950.gbk
704 34.1 812975 814090 genome.dna 1639082 1637993 NC_002950.gbk
380 46.2 814149 814541 genome.dna 1010000 1010381 NC_002950.gbk
3051 49.5 814656 817529 genome.dna 1386628 1383760 NC_002950.gbk
619 36.3 839867 840766 genome.dna 1820310 1821237 NC_002950.gbk
368 32.8 841615 843360 genome.dna 65204 66959 NC_002950.gbk
1359 46.0 844582 846099 genome.dna 1452319 1450582 NC_002950.gbk
292 38.4 927840 927358 genome.dna 541598 542060 NC_002950.gbk
1028 32.5 931102 929441 genome.dna 1949124 1947468 NC_002950.gbk
512 33.9 932060 931182 genome.dna 683454 682587 NC_002950.gbk
313 35.3 932209 932796 genome.dna 1864983 1865568 NC_002950.gbk
328 38.7 957261 956803 genome.dna 1832905 1832467 NC_002950.gbk
2153 45.9 964883 967162 genome.dna 313044 310764 NC_002950.gbk
2845 76.4 1010351 1008708 genome.dna 1501434 1503081 NC_002950.gbk
652 34.7 1087061 1085955 genome.dna 1459028 1457804 NC_002950.gbk
407 32.6 1099537 1100406 genome.dna 862740 861888 NC_002950.gbk
1236 65.9 1100443 1101237 genome.dna 2157712 2158516 NC_002950.gbk
474 38.2 1134065 1134883 genome.dna 1778009 1777259 NC_002950.gbk
666 41.2 1154052 1153258 genome.dna 2014580 2013794 NC_002950.gbk
772 49.6 1154397 1155122 genome.dna 407059 407905 NC_002950.gbk
257 32.1 1155257 1156108 genome.dna 408043 408868 NC_002950.gbk
802 51.7 1156279 1157004 genome.dna 2002237 2001517 NC_002950.gbk
553 48.0 1157130 1157687 genome.dna 2001442 2000920 NC_002950.gbk
671 43.1 1157925 1159121 genome.dna 1445635 1444477 NC_002950.gbk
759 48.3 1159320 1160081 genome.dna 226215 226980 NC_002950.gbk
383 30.6 1160091 1160948 genome.dna 57290 56435 NC_002950.gbk
693 32.8 1165447 1166469 genome.dna 87237 86187 NC_002950.gbk
623 40.4 1167032 1167820 genome.dna 84824 84029 NC_002950.gbk
518 32.0 1167824 1168975 genome.dna 2268854 2267702 NC_002950.gbk
492 45.6 1168997 1169593 genome.dna 785747 786353 NC_002950.gbk
1680 34.4 1169670 1173152 genome.dna 46374 42687 NC_002950.gbk
1929 39.5 1180703 1178139 genome.dna 114853 112177 NC_002950.gbk
515 38.2 1202667 1201900 genome.dna 723141 723900 NC_002950.gbk
310 34.6 1250102 1250623 genome.dna 1671642 1672203 NC_002950.gbk
781 38.7 1271755 1272822 genome.dna 1619416 1620469 NC_002950.gbk
1164 50.1 1272920 1274065 genome.dna 539336 540467 NC_002950.gbk
590 37.2 1278982 1280091 genome.dna 178943 177950 NC_002950.gbk
401 47.9 1280201 1280677 genome.dna 1515112 1514626 NC_002950.gbk
289 33.6 1281190 1282170 genome.dna 690194 689153 NC_002950.gbk
1552 43.6 1284598 1282733 genome.dna 2329762 2331667 NC_002950.gbk
717 52.1 1301367 1301990 genome.dna 459419 458750 NC_002950.gbk
1400 52.1 1302154 1303428 genome.dna 458714 457478 NC_002950.gbk
2107 43.1 1303620 1306001 genome.dna 673102 675535 NC_002950.gbk
271 51.2 1306200 1306472 genome.dna 144607 144874 NC_002950.gbk
240 43.8 1322693 1322445 genome.dna 650027 650285 NC_002950.gbk
855 30.4 1330287 1332362 genome.dna 1503203 1505012 NC_002950.gbk
492 40.6 1332732 1333337 genome.dna 1332841 1332217 NC_002950.gbk
876 30.9 1333507 1335396 genome.dna 54198 56253 NC_002950.gbk
377 35.9 1335658 1336302 genome.dna 843267 842682 NC_002950.gbk
290 36.8 1336525 1337487 genome.dna 148689 149727 NC_002950.gbk
245 35.0 1352428 1351949 genome.dna 2126166 2126676 NC_002950.gbk
766 39.8 1358126 1357212 genome.dna 1416492 1415511 NC_002950.gbk
1706 46.6 1363499 1366138 genome.dna 1469038 1466458 NC_002950.gbk
1191 64.3 1381835 1382692 genome.dna 1601078 1600259 NC_002950.gbk
323 30.6 1426894 1426256 genome.dna 1853556 1854138 NC_002950.gbk
708 39.2 1429248 1430537 genome.dna 1203023 1201835 NC_002950.gbk
413 40.9 1433876 1433409 genome.dna 942678 943182 NC_002950.gbk
715 42.8 1434853 1435731 genome.dna 2149775 2150645 NC_002950.gbk
789 54.7 1459094 1458447 genome.dna 1142917 1143580 NC_002950.gbk
787 56.9 1459750 1459094 genome.dna 1133660 1134305 NC_002950.gbk
842 45.3 1470427 1469462 genome.dna 544373 545222 NC_002950.gbk
774 31.4 1477420 1475516 genome.dna 1476361 1474495 NC_002950.gbk
500 36.5 1483266 1480684 genome.dna 852540 849762 NC_002950.gbk
832 43.9 1492026 1490968 genome.dna 1037423 1038416 NC_002950.gbk
1035 40.7 1493774 1492350 genome.dna 1071570 1070178 NC_002950.gbk
1079 60.1 1502595 1501795 genome.dna 860608 859816 NC_002950.gbk
1966 53.2 1504627 1506285 genome.dna 2041281 2042982 NC_002950.gbk
441 38.5 1507655 1507128 genome.dna 1957125 1956627 NC_002950.gbk
916 39.1 1547669 1549237 genome.dna 966379 964795 NC_002950.gbk
618 35.9 1558773 1559834 genome.dna 1655605 1656532 NC_002950.gbk
568 33.6 1561588 1560626 genome.dna 1492000 1492966 NC_002950.gbk
1027 58.9 1563766 1563014 genome.dna 152758 152011 NC_002950.gbk
1634 31.6 1567041 1563904 genome.dna 80283 77163 NC_002950.gbk
659 31.5 1571894 1570848 genome.dna 1712407 1713475 NC_002950.gbk
1013 44.9 1573036 1572017 genome.dna 381413 382442 NC_002950.gbk
553 34.3 1584521 1583277 genome.dna 1928682 1929918 NC_002950.gbk
1296 33.4 1598005 1595975 genome.dna 189791 191834 NC_002950.gbk
652 50.3 1599518 1600159 genome.dna 1870162 1870792 NC_002950.gbk
383 32.9 1606718 1607845 genome.dna 128857 129994 NC_002950.gbk
676 42.0 1635671 1634820 genome.dna 1641085 1640227 NC_002950.gbk
557 49.2 1636204 1635668 genome.dna 1641672 1641081 NC_002950.gbk
1241 64.0 1637078 1636206 genome.dna 1642556 1641686 NC_002950.gbk
1536 33.9 1732656 1729534 genome.dna 711966 715305 NC_002950.gbk
511 37.8 1778827 1779630 genome.dna 1460066 1460765 NC_002950.gbk
112 31.6 2040877 2041047 genome.dna 2246273 2246459 NC_002950.gbk
784 40.2 2042130 2043083 genome.dna 2246638 2247646 NC_002950.gbk
732 41.5 2043101 2044030 genome.dna 160812 161694 NC_002950.gbk
735 47.3 2044045 2044779 genome.dna 1314459 1313712 NC_002950.gbk
260 52.6 2044934 2045170 genome.dna 1853388 1853151 NC_002950.gbk
1268 47.3 2045253 2046494 genome.dna 1853142 1851885 NC_002950.gbk
447 31.0 2047434 2048453 genome.dna 1779100 1778005 NC_002950.gbk
144 32.4 2055442 2055792 genome.dna 1774291 1773901 NC_002950.gbk
1736 35.1 2070405 2066956 genome.dna 1864637 1861268 NC_002950.gbk
634 45.5 2071740 2072447 genome.dna 1777263 1776603 NC_002950.gbk
601 46.9 2074702 2075532 genome.dna 3107 3812 NC_002950.gbk
341 46.3 2076838 2077179 genome.dna 357478 357148 NC_002950.gbk
575 32.2 2106065 2105019 genome.dna 345113 344099 NC_002950.gbk
1814 63.4 2112831 2114330 genome.dna 290173 291619 NC_002950.gbk
978 60.7 2114428 2115174 genome.dna 291658 292411 NC_002950.gbk
1350 48.7 2116495 2117718 genome.dna 784522 785737 NC_002950.gbk
299 36.2 2117752 2118168 genome.dna 2264107 2264533 NC_002950.gbk
1435 43.7 2131621 2133054 genome.dna 1915979 1914482 NC_002950.gbk
906 37.9 2177036 2175615 genome.dna 1251312 1252599 NC_002950.gbk
1199 39.3 2179364 2177811 genome.dna 1421938 1420387 NC_002950.gbk
308 31.2 2181519 2182154 genome.dna 783313 783916 NC_002950.gbk
593 43.8 2191939 2192622 genome.dna 1802582 1801937 NC_002950.gbk
1051 44.3 2192856 2194133 genome.dna 295802 297095 NC_002950.gbk
152 35.7 2217316 2217645 genome.dna 281932 281599 NC_002950.gbk
639 59.8 2258625 2258122 genome.dna 1818971 1818431 NC_002950.gbk
611 36.7 2298807 2297113 genome.dna 26886 25209 NC_002950.gbk
145 32.0 2324296 2324544 genome.dna 2320676 2320421 NC_002950.gbk
1354 56.7 2487322 2486231 genome.dna 60647 59543 NC_002950.gbk
330 36.6 2488039 2487452 genome.dna 188460 187902 NC_002950.gbk
898 46.0 2489732 2488785 genome.dna 2206552 2205610 NC_002950.gbk
1113 46.9 2492889 2493971 genome.dna 89262 88176 NC_002950.gbk
373 34.5 2493971 2494816 genome.dna 178967 179849 NC_002950.gbk
776 46.7 2496092 2496946 genome.dna 1828438 1827619 NC_002950.gbk
361 40.3 2507977 2507444 genome.dna 526024 525496 NC_002950.gbk
691 44.5 2552084 2552833 genome.dna 727365 726603 NC_002950.gbk
655 50.0 2580340 2580921 genome.dna 343314 343887 NC_002950.gbk
433 38.0 2583574 2584629 genome.dna 341045 342029 NC_002950.gbk
548 46.5 2585266 2585973 genome.dna 342699 343290 NC_002950.gbk
538 42.3 2585970 2586605 genome.dna 1859218 1859893 NC_002950.gbk
441 38.1 2598308 2597688 genome.dna 1775863 1775260 NC_002950.gbk
306 30.5 2642048 2641143 genome.dna 963440 962648 NC_002950.gbk
427 34.3 2645012 2644386 genome.dna 645334 644701 NC_002950.gbk
284 37.5 2645457 2646263 genome.dna 302167 302932 NC_002950.gbk
1023 35.0 2649493 2651343 genome.dna 693090 691302 NC_002950.gbk
902 44.0 2651794 2652813 genome.dna 2229714 2228634 NC_002950.gbk
163 31.9 2652833 2653480 genome.dna 729018 729531 NC_002950.gbk
1662 76.7 2654735 2655739 genome.dna 2230313 2231324 NC_002950.gbk
401 39.7 2677723 2677067 genome.dna 28596 29256 NC_002950.gbk
259 31.2 2685383 2684682 genome.dna 831959 831239 NC_002950.gbk
758 40.3 2691006 2692370 genome.dna 97971 99171 NC_002950.gbk
1025 35.5 2731236 2728849 genome.dna 118376 115916 NC_002950.gbk
297 44.9 2732234 2731251 genome.dna 1858177 1859200 NC_002950.gbk
360 50.0 2732903 2732547 genome.dna 1051136 1050788 NC_002950.gbk
169 51.6 2733144 2732947 genome.dna 1051446 1051248 NC_002950.gbk
480 47.9 2733782 2733240 genome.dna 1052129 1051523 NC_002950.gbk
1735 40.2 2735713 2733785 genome.dna 1054194 1052232 NC_002950.gbk
721 34.7 2757088 2758194 genome.dna 301037 302123 NC_002950.gbk
1390 47.3 2759027 2760397 genome.dna 1200440 1199096 NC_002950.gbk
1299 50.0 2765355 2764123 genome.dna 485391 486609 NC_002950.gbk
301 34.6 2788070 2787564 genome.dna 1365591 1365108 NC_002950.gbk
1232 59.2 2809298 2808294 genome.dna 528308 529340 NC_002950.gbk
336 34.0 2809923 2809306 genome.dna 873299 872690 NC_002950.gbk
381 40.5 2810663 2810151 genome.dna 1403521 1402951 NC_002950.gbk
456 35.6 2811487 2810744 genome.dna 115838 115145 NC_002950.gbk
1744 46.5 2813755 2811956 genome.dna 177520 175756 NC_002950.gbk
622 43.8 2833872 2833114 genome.dna 768761 768014 NC_002950.gbk
1115 32.9 2854450 2852540 genome.dna 1301524 1303396 NC_002950.gbk
697 36.3 2862696 2863901 genome.dna 69874 71059 NC_002950.gbk
1755 54.9 2864092 2865492 genome.dna 1197645 1196235 NC_002950.gbk
414 31.6 2869134 2868487 genome.dna 1387277 1386632 NC_002950.gbk
560 42.0 2884168 2883416 genome.dna 1911523 1910758 NC_002950.gbk
307 30.1 2885460 2884459 genome.dna 691273 690199 NC_002950.gbk
1108 37.0 2887241 2885457 genome.dna 1806888 1808739 NC_002950.gbk
1314 38.7 2925698 2924025 genome.dna 1375970 1377770 NC_002950.gbk
477 38.1 2926492 2925815 genome.dna 659709 660405 NC_002950.gbk
523 32.0 2928002 2926713 genome.dna 2030555 2031815 NC_002950.gbk
930 42.9 2929170 2928085 genome.dna 1355491 1356574 NC_002950.gbk
415 39.1 2931779 2932639 genome.dna 243370 244156 NC_002950.gbk
961 44.3 2975613 2974318 genome.dna 348576 349848 NC_002950.gbk
1163 44.4 2977060 2975717 genome.dna 1173744 1175049 NC_002950.gbk
957 49.7 2982496 2983455 genome.dna 1214489 1215431 NC_002950.gbk
322 63.9 2988043 2988261 genome.dna 2013792 2013573 NC_002950.gbk
1329 40.1 2997034 2998686 genome.dna 955943 954290 NC_002950.gbk
851 35.5 3042056 3043384 genome.dna 173634 172329 NC_002950.gbk
396 37.9 3046334 3045672 genome.dna 678727 679309 NC_002950.gbk
589 35.5 3058890 3057901 genome.dna 1272251 1273205 NC_002950.gbk
950 37.4 3147123 3145672 genome.dna 2208022 2206738 NC_002950.gbk
658 48.4 3154559 3153852 genome.dna 848952 849663 NC_002950.gbk
2383 56.6 3161386 3159374 genome.dna 409241 411278 NC_002950.gbk
548 30.9 3166099 3165062 genome.dna 2181751 2180758 NC_002950.gbk
1745 61.7 3166195 3167499 genome.dna 2180769 2179467 NC_002950.gbk
902 33.2 3230474 3228642 genome.dna 2083460 2085260 NC_002950.gbk
4550 57.7 3303128 3306640 genome.dna 602237 605819 NC_002950.gbk
1523 42.2 3364676 3363084 genome.dna 2318956 2317339 NC_002950.gbk
252 30.5 3394163 3393489 genome.dna 384598 385351 NC_002950.gbk
1035 41.7 3395711 3396913 genome.dna 1149717 1148520 NC_002950.gbk
609 34.9 3402984 3403889 genome.dna 1055731 1056640 NC_002950.gbk
445 32.2 3412525 3411257 genome.dna 507696 506406 NC_002950.gbk
629 34.1 3416479 3415469 genome.dna 626538 627552 NC_002950.gbk
807 36.7 3417731 3416595 genome.dna 1297125 1298259 NC_002950.gbk
883 49.2 3427528 3426443 genome.dna 1395558 1394451 NC_002950.gbk
518 32.6 3511745 3510762 genome.dna 369841 368881 NC_002950.gbk
720 48.1 3516455 3517318 genome.dna 1189070 1189961 NC_002950.gbk
699 40.3 3519048 3517663 genome.dna 1973067 1974540 NC_002950.gbk
427 46.4 3521609 3522118 genome.dna 1010381 1010888 NC_002950.gbk
1549 37.3 3531913 3533985 genome.dna 1983242 1981154 NC_002950.gbk
765 35.4 3540580 3539417 genome.dna 1713524 1714679 NC_002950.gbk
1530 52.1 3590632 3589055 genome.dna 647798 646277 NC_002950.gbk
678 34.5 3592205 3590739 genome.dna 568484 566987 NC_002950.gbk
597 39.2 3599984 3598497 genome.dna 2248686 2250000 NC_002950.gbk
466 39.2 3607701 3606505 genome.dna 2161139 2162165 NC_002950.gbk
630 30.1 3625021 3626103 genome.dna 700203 699168 NC_002950.gbk
963 56.2 3635387 3634134 genome.dna 49768 51049 NC_002950.gbk
1309 36.8 3649390 3645506 genome.dna 335087 331382 NC_002950.gbk
363 42.2 3651787 3651263 genome.dna 786602 787055 NC_002950.gbk
770 50.6 3653449 3652523 genome.dna 1168258 1167433 NC_002950.gbk
455 35.9 3680956 3680225 genome.dna 683531 684248 NC_002950.gbk
680 37.3 3682691 3681786 genome.dna 2247724 2248624 NC_002950.gbk
305 32.6 3683368 3682688 genome.dna 1851802 1851088 NC_002950.gbk
2164 52.8 3686442 3684643 genome.dna 1315752 1317540 NC_002950.gbk
877 41.4 3689812 3691413 genome.dna 1653155 1654712 NC_002950.gbk
437 36.5 3692248 3691502 genome.dna 1175074 1175842 NC_002950.gbk
765 54.4 3694571 3695257 genome.dna 274917 275586 NC_002950.gbk
353 32.2 3698228 3696813 genome.dna 1647491 1645973 NC_002950.gbk
435 36.4 3711890 3712588 genome.dna 537396 538083 NC_002950.gbk
280 40.3 3732230 3732727 genome.dna 1620465 1620915 NC_002950.gbk
641 39.0 3732844 3733638 genome.dna 646207 645385 NC_002950.gbk
656 42.4 3733793 3734647 genome.dna 519687 518841 NC_002950.gbk
311 45.8 3734665 3735045 genome.dna 1187176 1187533 NC_002950.gbk
317 34.9 3738313 3737777 genome.dna 843804 843267 NC_002950.gbk
2924 51.9 3762599 3760023 genome.dna 1194764 1192172 NC_002950.gbk
348 50.0 3773009 3772662 genome.dna 46658 47024 NC_002950.gbk
625 42.7 3773827 3773072 genome.dna 2135991 2136669 NC_002950.gbk
1440 50.1 3776200 3774839 genome.dna 1187609 1188947 NC_002950.gbk
2219 42.5 3784972 3782345 genome.dna 1321938 1324569 NC_002950.gbk
1320 59.5 3786717 3785644 genome.dna 943202 944225 NC_002950.gbk
348 41.2 3787319 3786825 genome.dna 1814905 1815388 NC_002950.gbk
1447 43.6 3886800 3888260 genome.dna 159243 160698 NC_002950.gbk
676 42.6 3909216 3909983 genome.dna 1434855 1434033 NC_002950.gbk
683 38.3 3959109 3958117 genome.dna 652187 653051 NC_002950.gbk
578 55.8 3963052 3962555 genome.dna 34002 34491 NC_002950.gbk
296 31.0 3963804 3963091 genome.dna 1519161 1519830 NC_002950.gbk
1584 59.2 4001743 4000448 genome.dna 1919520 1918242 NC_002950.gbk
1764 49.4 4003479 4001842 genome.dna 569138 570758 NC_002950.gbk
700 42.2 4004518 4003706 genome.dna 1790843 1790057 NC_002950.gbk
1069 46.5 4012636 4011491 genome.dna 1958424 1957263 NC_002950.gbk
1723 40.3 4027241 4025196 genome.dna 1331696 1329686 NC_002950.gbk
588 39.9 4036522 4035704 genome.dna 1617770 1618613 NC_002950.gbk
577 48.5 4057927 4057307 genome.dna 766124 765536 NC_002950.gbk
284 34.9 4059979 4059527 genome.dna 653801 654341 NC_002950.gbk
203 34.5 4060971 4060579 genome.dna 653147 653501 NC_002950.gbk
442 33.5 4068636 4067902 genome.dna 1947472 1946722 NC_002950.gbk
409 40.6 4079441 4080034 genome.dna 1682304 1682889 NC_002950.gbk
572 30.9 4080027 4081166 genome.dna 517308 516177 NC_002950.gbk
527 32.8 4102382 4101120 genome.dna 2295871 2294722 NC_002950.gbk
1102 38.9 4114440 4115846 genome.dna 1317574 1319161 NC_002950.gbk
3032 49.5 4139901 4137067 genome.dna 1098575 1101479 NC_002950.gbk
293 32.8 4140147 4140710 genome.dna 303981 304452 NC_002950.gbk
392 35.4 4196148 4196876 genome.dna 1846646 1847276 NC_002950.gbk
599 33.2 4200650 4199670 genome.dna 2163354 2164452 NC_002950.gbk
503 30.6 4202207 4203343 genome.dna 745923 744807 NC_002950.gbk
421 34.4 4217612 4218277 genome.dna 265511 266174 NC_002950.gbk
834 33.0 4231793 4230366 genome.dna 859812 858462 NC_002950.gbk
723 45.6 4244964 4245854 genome.dna 1654758 1655586 NC_002950.gbk
818 42.6 4255592 4252890 genome.dna 556342 553018 NC_002950.gbk
425 33.7 4263557 4262097 genome.dna 638375 639746 NC_002950.gbk
378 32.7 4264711 4263620 genome.dna 637236 638376 NC_002950.gbk
360 31.9 4267226 4265910 genome.dna 634619 635972 NC_002950.gbk
507 36.8 4268312 4267230 genome.dna 633336 634596 NC_002950.gbk
739 36.2 4269667 4268306 genome.dna 1178519 1177256 NC_002950.gbk
759 37.5 4271151 4269664 genome.dna 631858 633322 NC_002950.gbk
615 37.7 4274186 4273242 genome.dna 628222 629158 NC_002950.gbk
1299 35.7 4281750 4279945 genome.dna 1230395 1228571 NC_002950.gbk
428 33.7 4319027 4319845 genome.dna 158033 157256 NC_002950.gbk
384 42.1 4323873 4323391 genome.dna 2158561 2159050 NC_002950.gbk
2485 40.8 4330684 4327460 genome.dna 575868 579096 NC_002950.gbk
471 38.1 4331847 4330699 genome.dna 574776 575850 NC_002950.gbk
311 30.1 4333114 4332293 genome.dna 2091677 2090960 NC_002950.gbk
649 39.2 4339154 4338213 genome.dna 1017219 1018191 NC_002950.gbk
178 41.9 4339580 4339843 genome.dna 1813208 1813463 NC_002950.gbk
638 37.0 4342070 4340889 genome.dna 1972937 1971578 NC_002950.gbk
686 43.5 4343498 4342359 genome.dna 1865610 1866762 NC_002950.gbk
2334 57.6 4345514 4343607 genome.dna 1287005 1285082 NC_002950.gbk
504 31.6 4377440 4376580 genome.dna 2057014 2056207 NC_002950.gbk
585 37.0 4379941 4378778 genome.dna 1762481 1763738 NC_002950.gbk
1042 38.0 4383337 4381343 genome.dna 1835019 1832991 NC_002950.gbk
760 55.5 4388480 4389631 genome.dna 1994725 1996015 NC_002950.gbk
293 30.2 4391555 4392289 genome.dna 2262735 2261988 NC_002950.gbk
163 30.6 4393907 4394326 genome.dna 2310023 2309606 NC_002950.gbk
1185 46.8 4398393 4397095 genome.dna 508964 507692 NC_002950.gbk
900 43.2 4402445 4401165 genome.dna 1984626 1983405 NC_002950.gbk
857 32.0 4405841 4403886 genome.dna 451530 449673 NC_002950.gbk
510 32.3 4409618 4408062 genome.dna 84025 82510 NC_002950.gbk
847 44.4 4409761 4410900 genome.dna 513478 514474 NC_002950.gbk
1448 45.8 4413004 4411424 genome.dna 671243 672791 NC_002950.gbk
736 53.5 4413698 4413135 genome.dna 670511 671078 NC_002950.gbk
377 34.5 4429982 4429287 genome.dna 277183 276484 NC_002950.gbk
532 32.4 4435653 4436702 genome.dna 2000836 1999888 NC_002950.gbk
461 43.5 4448185 4447619 genome.dna 1351982 1352549 NC_002950.gbk
653 31.0 4451863 4453239 genome.dna 2297241 2295900 NC_002950.gbk
400 34.1 4477982 4478530 genome.dna 1290940 1291519 NC_002950.gbk
344 32.4 4479596 4478769 genome.dna 1040172 1040922 NC_002950.gbk
546 36.5 4482321 4481200 genome.dna 331390 330265 NC_002950.gbk
332 32.0 4482450 4482959 genome.dna 2309502 2308932 NC_002950.gbk
544 35.6 4482986 4483933 genome.dna 2118626 2117654 NC_002950.gbk
477 58.1 4486815 4487225 genome.dna 1409805 1410225 NC_002950.gbk
681 37.5 4489098 4488109 genome.dna 2011852 2010859 NC_002950.gbk
614 47.8 4489744 4489124 genome.dna 2012470 2011864 NC_002950.gbk
490 51.9 4490164 4489775 genome.dna 2013016 2012629 NC_002950.gbk
387 50.4 4490537 4490181 genome.dna 2013408 2013027 NC_002950.gbk
149 63.2 4490800 4490684 genome.dna 2013557 2013440 NC_002950.gbk
1077 40.6 4492165 4490834 genome.dna 2015920 2014579 NC_002950.gbk
347 42.5 4492607 4492173 genome.dna 2016371 2015924 NC_002950.gbk
151 51.8 4492790 4492611 genome.dna 2016573 2016396 NC_002950.gbk
571 53.8 4493297 4492797 genome.dna 2017111 2016592 NC_002950.gbk
245 40.3 4493665 4493312 genome.dna 2017461 2017116 NC_002950.gbk
466 40.8 4494208 4493675 genome.dna 2018031 2017479 NC_002950.gbk
390 44.6 4494614 4494222 genome.dna 2018445 2018049 NC_002950.gbk
237 54.5 4494953 4494648 genome.dna 2018765 2018495 NC_002950.gbk
644 52.5 4495506 4494967 genome.dna 2019327 2018766 NC_002950.gbk
306 49.0 4495835 4495521 genome.dna 2019647 2019326 NC_002950.gbk
506 64.2 4496217 4495846 genome.dna 2020035 2019669 NC_002950.gbk
302 56.2 4496635 4496381 genome.dna 2020291 2020036 NC_002950.gbk
87 30.0 4496826 4496635 genome.dna 2020499 2020304 NC_002950.gbk
532 57.5 4497236 4496826 genome.dna 2020939 2020504 NC_002950.gbk
792 50.6 4497950 4497249 genome.dna 2021700 2020959 NC_002950.gbk
264 43.8 4498300 4497968 genome.dna 2022057 2021706 NC_002950.gbk
378 62.5 4498593 4498315 genome.dna 2022435 2022165 NC_002950.gbk
1042 53.3 4499431 4498610 genome.dna 2023282 2022457 NC_002950.gbk
196 39.8 4499751 4499449 genome.dna 2023582 2023288 NC_002950.gbk
375 33.0 4500353 4499748 genome.dna 2024226 2023596 NC_002950.gbk
670 54.1 4500993 4500364 genome.dna 2024843 2024225 NC_002950.gbk
353 53.0 4501337 4501026 genome.dna 2025171 2024865 NC_002950.gbk
2649 55.6 4505956 4503842 genome.dna 2027310 2025186 NC_002950.gbk
534 53.0 4506523 4506053 genome.dna 2027799 2027322 NC_002950.gbk
607 73.2 4506994 4506620 genome.dna 2028440 2028035 NC_002950.gbk
420 33.6 4510929 4511597 genome.dna 773755 773065 NC_002950.gbk
434 34.8 4517475 4516657 genome.dna 765507 764745 NC_002950.gbk
315 35.4 4520431 4519847 genome.dna 1396280 1395707 NC_002950.gbk
334 34.7 4523180 4522629 genome.dna 1912041 1911519 NC_002950.gbk
1075 32.8 4523306 4525213 genome.dna 2306813 2304875 NC_002950.gbk
795 34.9 4531124 4529898 genome.dna 1351533 1350303 NC_002950.gbk
441 39.9 4531820 4531245 genome.dna 767839 767242 NC_002950.gbk
784 41.0 4557783 4556779 genome.dna 2185671 2186655 NC_002950.gbk
590 42.7 4559154 4558477 genome.dna 1674340 1673683 NC_002950.gbk
429 30.9 4562421 4561336 genome.dna 1324583 1325645 NC_002950.gbk
2527 69.2 4575473 4577092 genome.dna 1762186 1760578 NC_002950.gbk
388 30.0 4579442 4578723 genome.dna 1156350 1155612 NC_002950.gbk
1585 41.7 4664050 4662224 genome.dna 457400 455222 NC_002950.gbk
1464 39.4 4672431 4670269 genome.dna 1102883 1105181 NC_002950.gbk
546 39.3 4695646 4694897 genome.dna 142439 143138 NC_002950.gbk
549 30.7 4700495 4699365 genome.dna 1220838 1219683 NC_002950.gbk
1191 52.9 4702353 4701286 genome.dna 1640221 1639156 NC_002950.gbk
1229 47.8 4703612 4702350 genome.dna 130240 131449 NC_002950.gbk
1041 61.1 4704862 4703738 genome.dna 143143 144304 NC_002950.gbk
340 49.0 4709479 4709153 genome.dna 42639 42324 NC_002950.gbk
1325 43.6 4733613 4735139 genome.dna 1855200 1856742 NC_002950.gbk
636 34.9 4755209 4754301 genome.dna 303004 303931 NC_002950.gbk
875 40.9 4766891 4765731 genome.dna 378452 377270 NC_002950.gbk
476 33.0 4777900 4778817 genome.dna 2294733 2293845 NC_002950.gbk
155 34.7 4785379 4784957 genome.dna 237021 237561 NC_002950.gbk
681 45.8 4786326 4787093 genome.dna 677400 678156 NC_002950.gbk
185 30.1 4788410 4787304 genome.dna 167758 166732 NC_002950.gbk
701 40.8 4789295 4788411 genome.dna 166715 165836 NC_002950.gbk
1432 42.0 4941502 4939844 genome.dna 1495256 1493570 NC_002950.gbk
866 33.3 4985096 4983699 genome.dna 0 1422 NC_002950.gbk
206 71.1 4985770 4985910 genome.dna 707187 707034 NC_002950.gbk
811 36.2 4988276 4989640 genome.dna 940896 939339 NC_002950.gbk
1202 45.3 5010680 5009268 genome.dna 996541 995239 NC_002950.gbk
1869 47.0 5063659 5061770 genome.dna 2081549 2083427 NC_002950.gbk
