586 35.4 25826 28615 genome.dna 571224 568623 NC_000117.gbk
1077 38.8 30749 32122 genome.dna 868757 867383 NC_000117.gbk
470 42.8 50956 50333 genome.dna 33797 34415 NC_000117.gbk
537 44.6 110262 109636 genome.dna 328048 327427 NC_000117.gbk
360 43.2 165569 165111 genome.dna 326393 325955 NC_000117.gbk
174 33.0 167881 168117 genome.dna 99834 99564 NC_000117.gbk
147 50.9 168129 168296 genome.dna 173161 173320 NC_000117.gbk
713 37.8 192775 193791 genome.dna 827053 826048 NC_000117.gbk
440 34.8 227773 228555 genome.dna 674564 673772 NC_000117.gbk
1028 47.8 228573 229595 genome.dna 720270 721287 NC_000117.gbk
1859 68.7 250357 251541 genome.dna 363164 361979 NC_000117.gbk
429 39.7 252164 252709 genome.dna 361585 361036 NC_000117.gbk
480 54.7 252872 253300 genome.dna 360931 360505 NC_000117.gbk
761 47.8 253304 254008 genome.dna 360483 359784 NC_000117.gbk
284 41.8 254890 255255 genome.dna 359213 358820 NC_000117.gbk
2271 47.2 255584 259612 genome.dna 358460 354701 NC_000117.gbk
4186 49.5 259736 263959 genome.dna 354677 350486 NC_000117.gbk
423 36.1 292998 292333 genome.dna 144299 144944 NC_000117.gbk
1532 50.8 306633 305290 genome.dna 139897 141271 NC_000117.gbk
277 32.7 307112 306645 genome.dna 139399 139894 NC_000117.gbk
1202 56.8 313270 314313 genome.dna 818357 819458 NC_000117.gbk
344 32.6 315964 316557 genome.dna 398963 399554 NC_000117.gbk
911 36.4 316547 318016 genome.dna 948013 946474 NC_000117.gbk
231 32.7 335599 335126 genome.dna 325954 325477 NC_000117.gbk
696 45.6 338215 337490 genome.dna 751062 750342 NC_000117.gbk
568 34.6 340994 339921 genome.dna 458402 457415 NC_000117.gbk
642 34.5 345980 347242 genome.dna 530696 529361 NC_000117.gbk
479 52.8 352201 352629 genome.dna 141493 141946 NC_000117.gbk
377 46.7 352645 353037 genome.dna 141971 142361 NC_000117.gbk
1105 36.6 460910 458055 genome.dna 339866 337046 NC_000117.gbk
803 33.4 463248 461737 genome.dna 49865 51365 NC_000117.gbk
1196 41.6 530287 528905 genome.dna 331367 332732 NC_000117.gbk
241 38.5 697176 697469 genome.dna 128316 128007 NC_000117.gbk
2101 60.1 697515 699164 genome.dna 127970 126335 NC_000117.gbk
1058 41.8 753122 751287 genome.dna 695754 694038 NC_000117.gbk
683 35.9 755628 756641 genome.dna 221457 222474 NC_000117.gbk
257 41.2 761608 761919 genome.dna 489666 489342 NC_000117.gbk
286 52.9 761939 762196 genome.dna 489312 489060 NC_000117.gbk
898 42.5 763509 764681 genome.dna 488971 487963 NC_000117.gbk
1315 48.9 771082 772419 genome.dna 957179 958556 NC_000117.gbk
148 30.7 772670 773002 genome.dna 403718 403409 NC_000117.gbk
736 32.3 777751 779280 genome.dna 113847 112542 NC_000117.gbk
1606 34.1 779306 782008 genome.dna 112586 109907 NC_000117.gbk
256 47.2 783547 783816 genome.dna 995344 995074 NC_000117.gbk
1974 45.6 784066 786186 genome.dna 995046 992958 NC_000117.gbk
589 37.6 839867 840766 genome.dna 1019505 1018602 NC_000117.gbk
719 31.8 841615 843360 genome.dna 519105 517350 NC_000117.gbk
857 40.2 844582 846099 genome.dna 916213 917794 NC_000117.gbk
358 42.5 927840 927358 genome.dna 90559 91015 NC_000117.gbk
620 31.4 1087061 1085955 genome.dna 123492 124602 NC_000117.gbk
637 41.3 1154052 1153258 genome.dna 1001244 1000368 NC_000117.gbk
646 41.0 1154397 1155122 genome.dna 778509 777660 NC_000117.gbk
272 34.4 1155257 1156108 genome.dna 777664 776815 NC_000117.gbk
484 38.2 1156279 1157004 genome.dna 776803 776065 NC_000117.gbk
390 34.5 1157130 1157687 genome.dna 776069 775529 NC_000117.gbk
504 35.7 1157925 1159121 genome.dna 83806 84946 NC_000117.gbk
592 40.6 1159320 1160081 genome.dna 524639 525401 NC_000117.gbk
364 31.1 1160091 1160948 genome.dna 525406 526324 NC_000117.gbk
634 34.2 1165447 1166469 genome.dna 271083 272148 NC_000117.gbk
378 44.6 1166572 1167027 genome.dna 600095 599633 NC_000117.gbk
592 39.1 1167032 1167820 genome.dna 599622 598779 NC_000117.gbk
504 46.4 1168997 1169593 genome.dna 33153 33807 NC_000117.gbk
1224 36.6 1169670 1173152 genome.dna 612541 616255 NC_000117.gbk
943 46.0 1173165 1174124 genome.dna 297379 296404 NC_000117.gbk
1241 37.9 1180703 1178139 genome.dna 928129 925666 NC_000117.gbk
608 49.2 1270601 1269999 genome.dna 682189 681601 NC_000117.gbk
560 33.1 1272920 1274065 genome.dna 217769 216650 NC_000117.gbk
400 44.4 1278470 1278919 genome.dna 464968 465433 NC_000117.gbk
708 39.3 1278982 1280091 genome.dna 842136 843264 NC_000117.gbk
341 37.6 1280201 1280677 genome.dna 844616 845090 NC_000117.gbk
1391 37.9 1284598 1282733 genome.dna 372197 374120 NC_000117.gbk
368 33.7 1285528 1284617 genome.dna 716361 715485 NC_000117.gbk
737 55.7 1301367 1301990 genome.dna 813010 812398 NC_000117.gbk
1451 56.1 1302154 1303428 genome.dna 812389 811129 NC_000117.gbk
1441 40.1 1303620 1306001 genome.dna 392088 394548 NC_000117.gbk
102 39.1 1322427 1322284 genome.dna 921654 921792 NC_000117.gbk
156 31.6 1332403 1332732 genome.dna 382667 382958 NC_000117.gbk
398 34.9 1332732 1333337 genome.dna 267110 267713 NC_000117.gbk
213 33.7 1335658 1336302 genome.dna 144093 143355 NC_000117.gbk
421 30.9 1336525 1337487 genome.dna 562607 561662 NC_000117.gbk
1469 45.2 1363499 1366138 genome.dna 212922 210411 NC_000117.gbk
597 31.6 1387613 1386405 genome.dna 961867 963061 NC_000117.gbk
810 45.2 1470427 1469462 genome.dna 630410 631346 NC_000117.gbk
256 37.4 1478243 1477926 genome.dna 903583 903943 NC_000117.gbk
1312 38.8 1483266 1480684 genome.dna 238225 235765 NC_000117.gbk
429 37.1 1484840 1484115 genome.dna 144940 145642 NC_000117.gbk
501 34.0 1530248 1530991 genome.dna 124651 125407 NC_000117.gbk
1949 37.3 1540513 1543320 genome.dna 60877 63595 NC_000117.gbk
900 41.1 1543336 1544562 genome.dna 63598 64696 NC_000117.gbk
1020 43.5 1544898 1546064 genome.dna 964840 966001 NC_000117.gbk
1226 62.8 1546064 1546936 genome.dna 966015 966891 NC_000117.gbk
691 30.1 1547669 1549237 genome.dna 13611 14952 NC_000117.gbk
352 37.3 1563766 1563014 genome.dna 834539 833858 NC_000117.gbk
1507 48.9 1638449 1639855 genome.dna 73157 74600 NC_000117.gbk
386 32.3 1667956 1667267 genome.dna 202303 201610 NC_000117.gbk
806 33.5 1768623 1769945 genome.dna 461084 459845 NC_000117.gbk
464 36.0 1986118 1986840 genome.dna 70989 71751 NC_000117.gbk
533 33.6 2029109 2030257 genome.dna 714430 715414 NC_000117.gbk
114 34.5 2040877 2041047 genome.dna 949147 949327 NC_000117.gbk
400 30.9 2041077 2042123 genome.dna 949349 950315 NC_000117.gbk
610 46.8 2042130 2043083 genome.dna 266973 265989 NC_000117.gbk
575 36.3 2043101 2044030 genome.dna 265973 265046 NC_000117.gbk
717 47.9 2044045 2044779 genome.dna 265050 264303 NC_000117.gbk
238 50.7 2044934 2045170 genome.dna 263935 263701 NC_000117.gbk
1203 45.3 2045253 2046494 genome.dna 903953 905210 NC_000117.gbk
378 40.7 2048443 2049102 genome.dna 210410 209798 NC_000117.gbk
248 34.9 2055442 2055792 genome.dna 439383 439047 NC_000117.gbk
1770 35.9 2070405 2066956 genome.dna 872992 869752 NC_000117.gbk
619 46.9 2071740 2072447 genome.dna 174873 175551 NC_000117.gbk
1609 53.7 2112831 2114330 genome.dna 785323 786775 NC_000117.gbk
786 48.0 2114428 2115174 genome.dna 786777 787545 NC_000117.gbk
947 37.1 2116495 2117718 genome.dna 788728 789934 NC_000117.gbk
982 40.9 2121733 2120321 genome.dna 374216 375674 NC_000117.gbk
438 38.3 2181519 2182154 genome.dna 464576 463976 NC_000117.gbk
1006 41.5 2192856 2194133 genome.dna 71909 73148 NC_000117.gbk
646 34.2 2298807 2297113 genome.dna 1007725 1006021 NC_000117.gbk
545 30.6 2366723 2365644 genome.dna 106539 105456 NC_000117.gbk
1248 45.5 2371991 2370621 genome.dna 765052 766381 NC_000117.gbk
1524 37.1 2375035 2372933 genome.dna 105457 103330 NC_000117.gbk
1281 52.6 2487322 2486231 genome.dna 106795 107896 NC_000117.gbk
358 32.2 2488039 2487452 genome.dna 937974 938514 NC_000117.gbk
337 30.8 2490742 2489870 genome.dna 939839 940706 NC_000117.gbk
1176 54.1 2492889 2493971 genome.dna 28005 29085 NC_000117.gbk
360 31.9 2493971 2494816 genome.dna 29068 29941 NC_000117.gbk
672 42.7 2496092 2496946 genome.dna 752365 751555 NC_000117.gbk
1572 53.4 2563367 2561970 genome.dna 1004549 1005941 NC_000117.gbk
405 40.3 2580340 2580921 genome.dna 312157 312892 NC_000117.gbk
435 34.6 2585266 2585973 genome.dna 311510 312152 NC_000117.gbk
339 32.8 2585970 2586605 genome.dna 800526 799890 NC_000117.gbk
812 37.4 2593132 2590532 genome.dna 737334 739908 NC_000117.gbk
376 34.7 2597527 2596643 genome.dna 834835 835561 NC_000117.gbk
1386 55.8 2607572 2608762 genome.dna 192911 194090 NC_000117.gbk
579 36.0 2629004 2628096 genome.dna 225125 225971 NC_000117.gbk
650 34.1 2629936 2629016 genome.dna 224152 225094 NC_000117.gbk
1290 57.4 2654735 2655739 genome.dna 584070 583065 NC_000117.gbk
597 38.4 2704954 2705844 genome.dna 80698 81478 NC_000117.gbk
333 45.2 2732234 2731251 genome.dna 983300 984329 NC_000117.gbk
349 42.7 2732903 2732547 genome.dna 982922 983294 NC_000117.gbk
162 40.4 2733144 2732947 genome.dna 982709 982904 NC_000117.gbk
540 48.5 2733782 2733240 genome.dna 982171 982699 NC_000117.gbk
1648 40.5 2735713 2733785 genome.dna 653979 655887 NC_000117.gbk
1164 49.6 2757088 2758194 genome.dna 321591 320514 NC_000117.gbk
1009 39.7 2794931 2793456 genome.dna 206801 208121 NC_000117.gbk
1087 51.3 2809298 2808294 genome.dna 44084 45089 NC_000117.gbk
340 31.7 2809923 2809306 genome.dna 580708 580105 NC_000117.gbk
375 41.2 2810663 2810151 genome.dna 581240 580727 NC_000117.gbk
602 40.8 2811487 2810744 genome.dna 534693 533976 NC_000117.gbk
1691 45.1 2813755 2811956 genome.dna 609455 607706 NC_000117.gbk
766 40.4 2835515 2837245 genome.dna 527632 529324 NC_000117.gbk
495 40.6 2884168 2883416 genome.dna 203688 204453 NC_000117.gbk
190 34.1 2923933 2923649 genome.dna 299113 298810 NC_000117.gbk
1522 46.1 2925698 2924025 genome.dna 115674 113964 NC_000117.gbk
428 37.6 2926492 2925815 genome.dna 526320 526971 NC_000117.gbk
585 30.4 2928002 2926713 genome.dna 418070 419393 NC_000117.gbk
983 40.0 2975613 2974318 genome.dna 842095 840808 NC_000117.gbk
944 48.9 2982496 2983455 genome.dna 115918 116974 NC_000117.gbk
262 55.7 2988043 2988261 genome.dna 363733 363511 NC_000117.gbk
361 30.9 3005969 3006700 genome.dna 435256 434482 NC_000117.gbk
735 41.9 3065575 3066420 genome.dna 712454 713321 NC_000117.gbk
359 33.5 3154559 3153852 genome.dna 963102 963819 NC_000117.gbk
2134 51.6 3161386 3159374 genome.dna 659681 661688 NC_000117.gbk
687 34.4 3230474 3228642 genome.dna 925642 923845 NC_000117.gbk
597 30.8 3290769 3289561 genome.dna 290855 289730 NC_000117.gbk
849 43.2 3310237 3309242 genome.dna 792695 791729 NC_000117.gbk
1427 43.5 3364676 3363084 genome.dna 397341 398928 NC_000117.gbk
446 40.6 3408161 3407589 genome.dna 248793 249372 NC_000117.gbk
820 47.1 3413548 3412631 genome.dna 327356 326429 NC_000117.gbk
533 38.6 3415469 3414618 genome.dna 538769 539573 NC_000117.gbk
939 45.9 3427528 3426443 genome.dna 419881 420955 NC_000117.gbk
1259 44.1 3468186 3466690 genome.dna 641960 640454 NC_000117.gbk
598 41.9 3516455 3517318 genome.dna 92776 91912 NC_000117.gbk
1044 41.6 3519048 3517663 genome.dna 919284 917790 NC_000117.gbk
861 36.8 3592378 3593766 genome.dna 370169 371720 NC_000117.gbk
524 34.4 3599984 3598497 genome.dna 809767 808294 NC_000117.gbk
913 38.8 3603229 3601955 genome.dna 610722 609435 NC_000117.gbk
503 55.1 3608433 3608005 genome.dna 579946 579520 NC_000117.gbk
993 39.9 3642369 3641032 genome.dna 542634 543795 NC_000117.gbk
365 39.2 3651787 3651263 genome.dna 995569 996061 NC_000117.gbk
219 35.8 3680225 3679845 genome.dna 116979 117339 NC_000117.gbk
350 32.7 3683368 3682688 genome.dna 330688 331384 NC_000117.gbk
2123 50.3 3686442 3684643 genome.dna 76469 74660 NC_000117.gbk
744 52.5 3694571 3695257 genome.dna 687019 686329 NC_000117.gbk
632 30.6 3698228 3696813 genome.dna 516123 514602 NC_000117.gbk
963 38.4 3709959 3708493 genome.dna 967029 968523 NC_000117.gbk
1003 37.6 3714803 3716083 genome.dna 238421 239690 NC_000117.gbk
379 34.5 3730782 3732230 genome.dna 468007 469285 NC_000117.gbk
2681 50.3 3762599 3760023 genome.dna 130616 133220 NC_000117.gbk
505 37.3 3764478 3763501 genome.dna 753543 754548 NC_000117.gbk
323 42.0 3773009 3772662 genome.dna 32724 33090 NC_000117.gbk
1175 43.7 3776200 3774839 genome.dna 29937 31284 NC_000117.gbk
1765 40.7 3784972 3782345 genome.dna 875595 872967 NC_000117.gbk
1246 55.8 3786717 3785644 genome.dna 745339 746398 NC_000117.gbk
548 31.2 3918901 3920391 genome.dna 2107 3583 NC_000117.gbk
1362 38.2 3956293 3958011 genome.dna 448026 449772 NC_000117.gbk
286 34.6 3963052 3962555 genome.dna 503580 504117 NC_000117.gbk
237 30.6 3963804 3963091 genome.dna 538101 538761 NC_000117.gbk
1003 52.6 4001743 4000448 genome.dna 661849 663124 NC_000117.gbk
1333 48.8 4003479 4001842 genome.dna 204428 206048 NC_000117.gbk
1287 38.8 4027241 4025196 genome.dna 163591 165583 NC_000117.gbk
240 52.9 4060248 4060021 genome.dna 939006 939252 NC_000117.gbk
341 37.4 4079441 4080034 genome.dna 685502 686132 NC_000117.gbk
601 30.9 4080027 4081166 genome.dna 60110 58973 NC_000117.gbk
767 38.5 4114440 4115846 genome.dna 575228 576647 NC_000117.gbk
956 37.3 4119655 4120848 genome.dna 725614 726817 NC_000117.gbk
1036 37.9 4231793 4230366 genome.dna 629016 630414 NC_000117.gbk
783 38.4 4255592 4252890 genome.dna 804687 807597 NC_000117.gbk
542 37.7 4257707 4256787 genome.dna 600952 600091 NC_000117.gbk
439 30.3 4264711 4263620 genome.dna 893891 894950 NC_000117.gbk
594 31.5 4265910 4264708 genome.dna 892825 893983 NC_000117.gbk
348 31.3 4267226 4265910 genome.dna 890825 892076 NC_000117.gbk
440 38.3 4268312 4267230 genome.dna 889803 890814 NC_000117.gbk
830 35.3 4271151 4269664 genome.dna 301478 300026 NC_000117.gbk
488 35.8 4274186 4273242 genome.dna 304920 304017 NC_000117.gbk
437 31.9 4319027 4319845 genome.dna 405527 404693 NC_000117.gbk
193 32.1 4323873 4323391 genome.dna 692300 691820 NC_000117.gbk
260 33.3 4333114 4332293 genome.dna 415997 415235 NC_000117.gbk
909 48.4 4334402 4333452 genome.dna 1011760 1012684 NC_000117.gbk
514 35.4 4339154 4338213 genome.dna 108810 107904 NC_000117.gbk
878 44.4 4343498 4342359 genome.dna 390745 389566 NC_000117.gbk
2303 58.3 4345514 4343607 genome.dna 451613 453596 NC_000117.gbk
956 47.2 4351229 4350276 genome.dna 350375 349391 NC_000117.gbk
205 34.0 4363012 4362680 genome.dna 192278 192563 NC_000117.gbk
412 39.4 4373604 4372945 genome.dna 241435 240706 NC_000117.gbk
425 41.0 4379941 4378778 genome.dna 794940 796152 NC_000117.gbk
1818 44.6 4383337 4381343 genome.dna 881421 883422 NC_000117.gbk
306 33.1 4393344 4393907 genome.dna 240251 239681 NC_000117.gbk
910 43.2 4402445 4401165 genome.dna 433641 432297 NC_000117.gbk
515 33.6 4403893 4402952 genome.dna 899275 900295 NC_000117.gbk
179 31.5 4408042 4407560 genome.dna 604592 604118 NC_000117.gbk
380 31.9 4436846 4437871 genome.dna 802133 803039 NC_000117.gbk
510 31.5 4442783 4444579 genome.dna 672768 671046 NC_000117.gbk
567 47.3 4448185 4447619 genome.dna 884507 885080 NC_000117.gbk
699 32.4 4451372 4449723 genome.dna 432185 430607 NC_000117.gbk
203 36.6 4482450 4482959 genome.dna 404419 403873 NC_000117.gbk
661 38.2 4482986 4483933 genome.dna 598790 597839 NC_000117.gbk
219 42.1 4488068 4487676 genome.dna 584539 584113 NC_000117.gbk
217 38.7 4489098 4488109 genome.dna 585681 584547 NC_000117.gbk
466 39.0 4489744 4489124 genome.dna 714047 713417 NC_000117.gbk
452 56.2 4490164 4489775 genome.dna 586100 585701 NC_000117.gbk
361 51.3 4490537 4490181 genome.dna 586490 586121 NC_000117.gbk
806 41.0 4492165 4490834 genome.dna 587919 586545 NC_000117.gbk
284 38.7 4492607 4492173 genome.dna 588376 587941 NC_000117.gbk
447 43.3 4493297 4492797 genome.dna 588866 588368 NC_000117.gbk
238 39.8 4493665 4493312 genome.dna 589252 588880 NC_000117.gbk
507 44.6 4494208 4493675 genome.dna 589825 589273 NC_000117.gbk
296 36.4 4494614 4494222 genome.dna 590254 589852 NC_000117.gbk
310 50.5 4494953 4494648 genome.dna 921815 922121 NC_000117.gbk
591 49.7 4495506 4494967 genome.dna 590814 590271 NC_000117.gbk
490 56.9 4496217 4495846 genome.dna 591532 591163 NC_000117.gbk
212 47.9 4496635 4496381 genome.dna 591800 591548 NC_000117.gbk
502 55.2 4497236 4496826 genome.dna 592429 592012 NC_000117.gbk
774 56.3 4497950 4497249 genome.dna 593136 592461 NC_000117.gbk
256 42.2 4498300 4497968 genome.dna 593481 593145 NC_000117.gbk
356 59.8 4498593 4498315 genome.dna 593766 593499 NC_000117.gbk
974 54.8 4499431 4498610 genome.dna 594626 593771 NC_000117.gbk
302 36.6 4500353 4499748 genome.dna 595669 595000 NC_000117.gbk
543 41.2 4500993 4500364 genome.dna 596343 595677 NC_000117.gbk
452 68.7 4501337 4501026 genome.dna 505500 505182 NC_000117.gbk
2544 56.8 4505956 4503842 genome.dna 507592 505507 NC_000117.gbk
575 56.8 4506523 4506053 genome.dna 508107 507633 NC_000117.gbk
607 71.5 4506994 4506620 genome.dna 508528 508156 NC_000117.gbk
837 39.7 4514011 4512740 genome.dna 502443 500949 NC_000117.gbk
322 30.3 4517475 4516657 genome.dna 607569 606837 NC_000117.gbk
566 32.0 4557783 4556779 genome.dna 658616 659657 NC_000117.gbk
499 39.3 4559154 4558477 genome.dna 138141 138843 NC_000117.gbk
525 33.9 4562421 4561336 genome.dna 420951 422073 NC_000117.gbk
2645 48.9 4632742 4630295 genome.dna 279329 276884 NC_000117.gbk
535 31.2 4634257 4632818 genome.dna 936833 935408 NC_000117.gbk
588 31.1 4635563 4634286 genome.dna 566177 564851 NC_000117.gbk
1179 38.6 4637576 4635600 genome.dna 47965 45964 NC_000117.gbk
1940 43.5 4639754 4637577 genome.dna 1020757 1022974 NC_000117.gbk
991 40.0 4656105 4657454 genome.dna 611157 612528 NC_000117.gbk
1656 61.1 4708658 4707399 genome.dna 568025 566630 NC_000117.gbk
272 38.8 4709479 4709153 genome.dna 606008 606317 NC_000117.gbk
1332 40.9 4714432 4712411 genome.dna 687099 689004 NC_000117.gbk
1144 33.8 4770998 4773196 genome.dna 914688 912426 NC_000117.gbk
592 42.4 4786326 4787093 genome.dna 369331 370156 NC_000117.gbk
336 40.0 4834867 4834403 genome.dna 606822 606366 NC_000117.gbk
329 33.5 4869761 4870336 genome.dna 564032 563459 NC_000117.gbk
646 42.7 4926494 4925484 genome.dna 791737 790906 NC_000117.gbk
1459 41.2 4939318 4937906 genome.dna 228646 230062 NC_000117.gbk
1737 47.6 4981440 4979023 genome.dna 215351 212936 NC_000117.gbk
570 30.4 4983694 4982594 genome.dna 90430 89179 NC_000117.gbk
917 37.2 4985096 4983699 genome.dna 306432 307800 NC_000117.gbk
172 66.7 4985770 4985910 genome.dna 921178 921040 NC_000117.gbk
175 35.8 4985929 4986288 genome.dna 921028 920665 NC_000117.gbk
711 36.9 4988276 4989640 genome.dna 801867 800532 NC_000117.gbk
1335 40.1 5049054 5047222 genome.dna 958566 960387 NC_000117.gbk
1722 49.1 5063659 5061770 genome.dna 576940 578773 NC_000117.gbk
