1354 60.9 1179 2171 genome.dna 680024 681017 NC_004606.gbk
1023 33.4 5629 7497 genome.dna 774687 776688 NC_004606.gbk
522 31.2 15468 16463 genome.dna 683597 684575 NC_004606.gbk
1217 37.2 25826 28615 genome.dna 166555 169198 NC_004606.gbk
487 40.4 29669 29034 genome.dna 1232225 1231625 NC_004606.gbk
735 42.6 36667 35258 genome.dna 273836 275183 NC_004606.gbk
2217 55.4 37037 38860 genome.dna 690091 691933 NC_004606.gbk
427 46.9 39698 40135 genome.dna 1709580 1709136 NC_004606.gbk
1225 39.4 47188 45107 genome.dna 353222 355238 NC_004606.gbk
550 43.7 50956 50333 genome.dna 519298 519934 NC_004606.gbk
650 32.2 59253 58054 genome.dna 285378 284208 NC_004606.gbk
1918 64.7 77642 78994 genome.dna 1296452 1295099 NC_004606.gbk
576 47.2 97287 96724 genome.dna 1826094 1825533 NC_004606.gbk
1253 62.9 98527 99441 genome.dna 428787 429714 NC_004606.gbk
1242 36.0 99451 101520 genome.dna 430080 432120 NC_004606.gbk
741 52.4 110262 109636 genome.dna 782907 783513 NC_004606.gbk
998 35.5 118825 120366 genome.dna 1055904 1054371 NC_004606.gbk
319 31.2 140268 141428 genome.dna 1563591 1562403 NC_004606.gbk
228 34.8 165569 165111 genome.dna 190442 190889 NC_004606.gbk
496 38.1 166978 167643 genome.dna 962340 963021 NC_004606.gbk
133 40.8 168129 168296 genome.dna 1842307 1842457 NC_004606.gbk
554 35.4 168516 169325 genome.dna 1510773 1509945 NC_004606.gbk
378 37.3 170854 170375 genome.dna 681668 682160 NC_004606.gbk
782 40.0 192775 193791 genome.dna 185215 184198 NC_004606.gbk
549 38.5 207819 208589 genome.dna 281410 282190 NC_004606.gbk
1013 30.6 212248 209609 genome.dna 1427102 1424303 NC_004606.gbk
330 35.2 237567 238178 genome.dna 533681 533048 NC_004606.gbk
854 44.0 248939 247989 genome.dna 1059098 1060019 NC_004606.gbk
1991 73.6 250357 251541 genome.dna 1422505 1421308 NC_004606.gbk
388 34.4 252164 252709 genome.dna 144365 144920 NC_004606.gbk
577 62.7 252872 253300 genome.dna 1531093 1530667 NC_004606.gbk
832 55.5 253304 254008 genome.dna 1530562 1529872 NC_004606.gbk
353 39.9 254326 254823 genome.dna 939232 939733 NC_004606.gbk
352 51.6 254890 255255 genome.dna 939797 940163 NC_004606.gbk
2053 43.8 255584 259612 genome.dna 88351 91918 NC_004606.gbk
2444 45.3 259736 263959 genome.dna 92035 95632 NC_004606.gbk
1225 46.3 280242 278956 genome.dna 41135 42491 NC_004606.gbk
959 50.1 281849 280260 genome.dna 38240 39788 NC_004606.gbk
498 38.3 292998 292333 genome.dna 1216760 1216109 NC_004606.gbk
662 34.9 301263 300298 genome.dna 108794 107816 NC_004606.gbk
406 32.9 303420 302533 genome.dna 1720643 1719689 NC_004606.gbk
1567 52.7 306633 305290 genome.dna 383938 385303 NC_004606.gbk
262 37.3 307112 306645 genome.dna 382987 383488 NC_004606.gbk
631 37.2 334964 334107 genome.dna 1388012 1387121 NC_004606.gbk
1168 44.9 345980 347242 genome.dna 823292 824552 NC_004606.gbk
522 57.1 352201 352629 genome.dna 1670279 1669832 NC_004606.gbk
477 50.8 352645 353037 genome.dna 1669812 1669419 NC_004606.gbk
912 56.7 355354 354581 genome.dna 1394705 1393940 NC_004606.gbk
666 34.3 362158 363087 genome.dna 1585364 1584443 NC_004606.gbk
648 42.3 372605 373492 genome.dna 1567336 1566472 NC_004606.gbk
507 34.0 386934 386071 genome.dna 265314 266196 NC_004606.gbk
808 35.7 413001 411592 genome.dna 325301 323858 NC_004606.gbk
2512 53.3 426927 424789 genome.dna 1819096 1816897 NC_004606.gbk
255 34.8 431880 431494 genome.dna 128121 128487 NC_004606.gbk
399 32.6 433394 432459 genome.dna 1283348 1282358 NC_004606.gbk
1163 54.4 435364 434357 genome.dna 674717 675731 NC_004606.gbk
1215 43.9 460910 458055 genome.dna 615606 618255 NC_004606.gbk
1182 41.6 530287 528905 genome.dna 190969 192331 NC_004606.gbk
1354 47.6 533382 534971 genome.dna 771090 772635 NC_004606.gbk
737 35.7 537938 539215 genome.dna 282210 283413 NC_004606.gbk
101 34.6 680017 679742 genome.dna 864589 864829 NC_004606.gbk
180 34.7 697176 697469 genome.dna 1781158 1780867 NC_004606.gbk
2051 59.4 697515 699164 genome.dna 1780832 1779200 NC_004606.gbk
1458 58.6 725271 724024 genome.dna 1619925 1618710 NC_004606.gbk
866 42.3 755628 756641 genome.dna 278723 279752 NC_004606.gbk
241 36.3 761608 761919 genome.dna 1289126 1288811 NC_004606.gbk
284 55.6 761939 762196 genome.dna 1288446 1288152 NC_004606.gbk
1017 43.3 763509 764681 genome.dna 846224 847538 NC_004606.gbk
410 45.5 766454 766933 genome.dna 1599018 1598487 NC_004606.gbk
200 37.1 767354 767061 genome.dna 1631097 1630788 NC_004606.gbk
661 42.6 770241 771074 genome.dna 944951 945752 NC_004606.gbk
1115 42.9 771082 772419 genome.dna 1159474 1158118 NC_004606.gbk
1925 37.8 779306 782008 genome.dna 405716 408578 NC_004606.gbk
244 33.0 782083 782481 genome.dna 408777 409134 NC_004606.gbk
490 33.0 782481 783425 genome.dna 1075314 1074429 NC_004606.gbk
326 55.1 783547 783816 genome.dna 1686129 1685859 NC_004606.gbk
2065 49.7 784066 786186 genome.dna 1680743 1678610 NC_004606.gbk
1132 38.5 787369 789282 genome.dna 772941 774561 NC_004606.gbk
848 41.5 797270 798493 genome.dna 1227440 1226228 NC_004606.gbk
764 49.1 798538 799257 genome.dna 1224314 1223600 NC_004606.gbk
202 37.5 803045 802602 genome.dna 278308 278734 NC_004606.gbk
458 37.2 830229 830876 genome.dna 999767 999116 NC_004606.gbk
1539 49.0 844582 846099 genome.dna 1435158 1436664 NC_004606.gbk
401 45.9 927840 927358 genome.dna 1503494 1503026 NC_004606.gbk
1052 32.7 931102 929441 genome.dna 719309 720971 NC_004606.gbk
283 36.0 932209 932796 genome.dna 372102 372675 NC_004606.gbk
89 32.8 934700 934497 genome.dna 980363 980177 NC_004606.gbk
1303 56.5 937176 936079 genome.dna 1761261 1760172 NC_004606.gbk
578 34.3 939859 940740 genome.dna 204784 205651 NC_004606.gbk
2101 50.4 955638 953644 genome.dna 441273 443409 NC_004606.gbk
298 34.6 957261 956803 genome.dna 417465 417981 NC_004606.gbk
1682 45.6 995970 994243 genome.dna 807449 809183 NC_004606.gbk
862 51.4 997695 996727 genome.dna 532921 531979 NC_004606.gbk
83 30.0 1001658 1001365 genome.dna 129996 130317 NC_004606.gbk
1044 42.8 1040649 1039456 genome.dna 1507470 1506348 NC_004606.gbk
710 35.3 1087061 1085955 genome.dna 312793 311638 NC_004606.gbk
395 30.0 1100443 1101237 genome.dna 1235200 1234360 NC_004606.gbk
616 34.9 1129588 1128602 genome.dna 1728842 1729748 NC_004606.gbk
362 31.1 1154052 1153258 genome.dna 827984 828845 NC_004606.gbk
834 51.0 1154397 1155122 genome.dna 1803014 1803782 NC_004606.gbk
362 37.5 1155257 1156108 genome.dna 1803915 1804956 NC_004606.gbk
516 45.4 1157130 1157687 genome.dna 1528792 1528234 NC_004606.gbk
668 45.7 1159320 1160081 genome.dna 1698452 1697702 NC_004606.gbk
383 31.5 1160091 1160948 genome.dna 1697690 1696895 NC_004606.gbk
400 43.8 1166572 1167027 genome.dna 383514 383907 NC_004606.gbk
643 30.1 1169670 1173152 genome.dna 1104572 1101461 NC_004606.gbk
252 48.9 1174256 1174645 genome.dna 996634 997051 NC_004606.gbk
1844 40.0 1180703 1178139 genome.dna 1832599 1830043 NC_004606.gbk
639 34.0 1203627 1202668 genome.dna 344884 345934 NC_004606.gbk
488 65.1 1211683 1212024 genome.dna 1095843 1095507 NC_004606.gbk
486 38.3 1260789 1261478 genome.dna 1613114 1612427 NC_004606.gbk
630 31.9 1265611 1266930 genome.dna 1620158 1621529 NC_004606.gbk
871 46.6 1271755 1272822 genome.dna 786985 786067 NC_004606.gbk
1333 53.0 1272920 1274065 genome.dna 171543 172686 NC_004606.gbk
561 41.3 1285528 1284617 genome.dna 717138 718011 NC_004606.gbk
730 54.2 1301367 1301990 genome.dna 1571462 1570871 NC_004606.gbk
1519 58.1 1302154 1303428 genome.dna 1233464 1232234 NC_004606.gbk
315 54.5 1306200 1306472 genome.dna 724652 724928 NC_004606.gbk
266 46.2 1322693 1322445 genome.dna 1379564 1379825 NC_004606.gbk
570 51.2 1329655 1330212 genome.dna 1194526 1194007 NC_004606.gbk
181 31.6 1332403 1332732 genome.dna 287994 287694 NC_004606.gbk
521 40.4 1335658 1336302 genome.dna 69936 70575 NC_004606.gbk
1737 41.4 1356196 1353473 genome.dna 410861 413093 NC_004606.gbk
1554 47.3 1363499 1366138 genome.dna 993299 995786 NC_004606.gbk
427 36.1 1426894 1426256 genome.dna 37502 38057 NC_004606.gbk
1101 52.6 1427931 1426894 genome.dna 36312 37335 NC_004606.gbk
744 53.2 1428285 1428911 genome.dna 1572314 1571684 NC_004606.gbk
677 43.0 1429248 1430537 genome.dna 1284569 1283354 NC_004606.gbk
650 41.9 1436929 1437642 genome.dna 30012 30747 NC_004606.gbk
1411 57.2 1458435 1457257 genome.dna 516357 515169 NC_004606.gbk
741 55.0 1459094 1458447 genome.dna 514494 513834 NC_004606.gbk
709 50.0 1459750 1459094 genome.dna 125836 126496 NC_004606.gbk
270 37.5 1478243 1477926 genome.dna 1629498 1629120 NC_004606.gbk
306 34.3 1479078 1478437 genome.dna 1630720 1630087 NC_004606.gbk
1806 42.5 1483266 1480684 genome.dna 152157 154659 NC_004606.gbk
959 48.4 1492026 1490968 genome.dna 1522904 1521851 NC_004606.gbk
613 33.6 1501778 1500630 genome.dna 425638 426787 NC_004606.gbk
913 39.0 1528762 1530255 genome.dna 711109 712519 NC_004606.gbk
639 47.5 1533499 1534146 genome.dna 1501537 1502185 NC_004606.gbk
588 30.3 1543336 1544562 genome.dna 1171313 1169903 NC_004606.gbk
866 53.7 1563766 1563014 genome.dna 763006 763702 NC_004606.gbk
680 47.5 1599518 1600159 genome.dna 813456 814083 NC_004606.gbk
613 39.4 1635671 1634820 genome.dna 1321668 1320813 NC_004606.gbk
248 33.9 1636204 1635668 genome.dna 1188982 1188388 NC_004606.gbk
1317 67.4 1637078 1636206 genome.dna 1189851 1188981 NC_004606.gbk
894 37.6 1647128 1648552 genome.dna 1660619 1659212 NC_004606.gbk
1091 41.1 1751217 1749904 genome.dna 1013412 1012005 NC_004606.gbk
606 44.4 1763515 1764231 genome.dna 1081886 1081172 NC_004606.gbk
494 56.8 1860773 1860348 genome.dna 1226210 1225769 NC_004606.gbk
871 60.7 1990078 1989440 genome.dna 1403759 1403117 NC_004606.gbk
352 44.8 2009604 2010017 genome.dna 169432 169840 NC_004606.gbk
149 33.7 2010635 2010913 genome.dna 1596580 1596859 NC_004606.gbk
148 39.6 2040877 2041047 genome.dna 1842109 1842292 NC_004606.gbk
626 34.7 2041077 2042123 genome.dna 28648 29656 NC_004606.gbk
738 37.5 2042130 2043083 genome.dna 377620 378595 NC_004606.gbk
791 43.0 2043101 2044030 genome.dna 380070 381015 NC_004606.gbk
673 43.3 2044045 2044779 genome.dna 381004 381739 NC_004606.gbk
162 37.3 2044934 2045170 genome.dna 378655 378880 NC_004606.gbk
1117 43.1 2045253 2046494 genome.dna 381753 382986 NC_004606.gbk
428 40.0 2048443 2049102 genome.dna 1569919 1569220 NC_004606.gbk
532 32.7 2050132 2050929 genome.dna 210391 211216 NC_004606.gbk
2283 37.9 2070405 2066956 genome.dna 5236 8740 NC_004606.gbk
214 34.3 2076838 2077179 genome.dna 610377 610716 NC_004606.gbk
881 52.0 2077218 2077982 genome.dna 609569 610325 NC_004606.gbk
350 41.5 2079241 2079792 genome.dna 1429053 1429533 NC_004606.gbk
342 31.0 2097009 2097755 genome.dna 1028156 1027430 NC_004606.gbk
989 38.4 2112831 2114330 genome.dna 238163 239582 NC_004606.gbk
850 52.6 2114428 2115174 genome.dna 234320 235091 NC_004606.gbk
1217 44.4 2116495 2117718 genome.dna 236478 237705 NC_004606.gbk
1256 43.0 2121733 2120321 genome.dna 1100306 1098803 NC_004606.gbk
722 39.9 2122379 2123242 genome.dna 1452739 1451896 NC_004606.gbk
1873 59.6 2125493 2126887 genome.dna 1450014 1448589 NC_004606.gbk
421 39.6 2153926 2154558 genome.dna 529500 530148 NC_004606.gbk
443 30.6 2184700 2183675 genome.dna 872481 873543 NC_004606.gbk
290 40.8 2188157 2187750 genome.dna 1498219 1498597 NC_004606.gbk
1430 50.5 2192856 2194133 genome.dna 85684 84427 NC_004606.gbk
603 44.4 2216576 2217319 genome.dna 1220800 1220107 NC_004606.gbk
897 55.7 2218378 2219073 genome.dna 158978 159683 NC_004606.gbk
708 41.1 2237016 2237987 genome.dna 980125 979186 NC_004606.gbk
817 33.4 2338271 2339743 genome.dna 931838 933209 NC_004606.gbk
1292 52.3 2487322 2486231 genome.dna 3479 4595 NC_004606.gbk
376 32.4 2488039 2487452 genome.dna 4664 5234 NC_004606.gbk
1067 52.2 2489732 2488785 genome.dna 26642 27605 NC_004606.gbk
1205 50.6 2492889 2493971 genome.dna 981104 982184 NC_004606.gbk
561 42.7 2585970 2586605 genome.dna 1193247 1192590 NC_004606.gbk
1442 39.3 2593132 2590532 genome.dna 1003058 1005188 NC_004606.gbk
427 32.2 2597527 2596643 genome.dna 1588893 1588170 NC_004606.gbk
814 47.3 2627092 2626058 genome.dna 248182 249106 NC_004606.gbk
918 46.6 2628084 2627089 genome.dna 247119 248190 NC_004606.gbk
2330 46.5 2634501 2637176 genome.dna 52681 55324 NC_004606.gbk
590 46.0 2637907 2637311 genome.dna 980500 981070 NC_004606.gbk
779 43.5 2639766 2638855 genome.dna 1876967 1877882 NC_004606.gbk
355 33.3 2645012 2644386 genome.dna 419664 420282 NC_004606.gbk
1056 50.0 2654735 2655739 genome.dna 225292 226303 NC_004606.gbk
336 37.1 2668329 2668766 genome.dna 156870 157356 NC_004606.gbk
761 37.5 2697304 2698272 genome.dna 393462 392469 NC_004606.gbk
824 51.0 2698450 2699247 genome.dna 392381 391571 NC_004606.gbk
805 46.2 2699262 2700104 genome.dna 391555 390643 NC_004606.gbk
299 62.3 2702947 2702738 genome.dna 1784646 1784436 NC_004606.gbk
513 34.3 2704954 2705844 genome.dna 1536917 1536191 NC_004606.gbk
639 36.1 2706704 2707561 genome.dna 1536191 1535336 NC_004606.gbk
569 40.9 2712101 2712862 genome.dna 1404578 1403783 NC_004606.gbk
1061 48.4 2716618 2717745 genome.dna 1706211 1705077 NC_004606.gbk
1188 66.1 2724246 2725070 genome.dna 501223 502048 NC_004606.gbk
932 30.8 2726216 2727934 genome.dna 988628 990356 NC_004606.gbk
1445 34.4 2731236 2728849 genome.dna 1340315 1337909 NC_004606.gbk
719 43.7 2732234 2731251 genome.dna 1341646 1340524 NC_004606.gbk
475 62.4 2732903 2732547 genome.dna 1303149 1302789 NC_004606.gbk
186 50.0 2733144 2732947 genome.dna 1303405 1303207 NC_004606.gbk
1745 40.6 2735713 2733785 genome.dna 1492348 1490404 NC_004606.gbk
382 31.7 2741372 2740491 genome.dna 1615045 1614148 NC_004606.gbk
1379 56.3 2757088 2758194 genome.dna 1864007 1862885 NC_004606.gbk
1263 48.7 2765355 2764123 genome.dna 1307308 1306072 NC_004606.gbk
549 36.1 2767679 2768455 genome.dna 949626 950403 NC_004606.gbk
883 40.1 2768546 2769589 genome.dna 950395 951469 NC_004606.gbk
410 46.0 2777056 2776550 genome.dna 815366 815930 NC_004606.gbk
516 31.2 2781410 2782864 genome.dna 1071961 1070650 NC_004606.gbk
243 40.6 2806364 2806672 genome.dna 853628 853964 NC_004606.gbk
1287 57.4 2809298 2808294 genome.dna 48603 49602 NC_004606.gbk
336 32.2 2809923 2809306 genome.dna 1826700 1826103 NC_004606.gbk
539 39.5 2811487 2810744 genome.dna 1626520 1625803 NC_004606.gbk
1708 49.2 2813755 2811956 genome.dna 1840272 1838523 NC_004606.gbk
349 32.5 2833872 2833114 genome.dna 1565377 1566007 NC_004606.gbk
683 33.9 2835515 2837245 genome.dna 1833662 1835354 NC_004606.gbk
455 31.6 2839971 2839006 genome.dna 1816547 1815605 NC_004606.gbk
1110 33.4 2854450 2852540 genome.dna 1250233 1248355 NC_004606.gbk
703 35.5 2864092 2865492 genome.dna 1389772 1388425 NC_004606.gbk
903 32.3 2887241 2885457 genome.dna 187663 189448 NC_004606.gbk
302 38.1 2900715 2899810 genome.dna 1011160 1010275 NC_004606.gbk
1764 55.4 2902776 2901247 genome.dna 1017103 1018636 NC_004606.gbk
1027 56.9 2903705 2902830 genome.dna 1016213 1017101 NC_004606.gbk
262 42.3 2903995 2903705 genome.dna 1015917 1016226 NC_004606.gbk
614 33.0 2905083 2904019 genome.dna 1021779 1020726 NC_004606.gbk
517 42.7 2926492 2925815 genome.dna 1304819 1304138 NC_004606.gbk
535 31.1 2928002 2926713 genome.dna 829913 831206 NC_004606.gbk
1588 43.1 2932697 2934979 genome.dna 300430 298102 NC_004606.gbk
785 47.6 2966712 2967509 genome.dna 1582306 1581514 NC_004606.gbk
1470 53.6 2975613 2974318 genome.dna 388453 387175 NC_004606.gbk
883 36.9 2977060 2975717 genome.dna 1723772 1725041 NC_004606.gbk
708 38.3 2982496 2983455 genome.dna 497131 498049 NC_004606.gbk
515 32.0 3010809 3009844 genome.dna 948835 949630 NC_004606.gbk
516 40.3 3019705 3020373 genome.dna 283481 284114 NC_004606.gbk
247 30.1 3022380 3021175 genome.dna 940389 941637 NC_004606.gbk
413 40.6 3046334 3045672 genome.dna 944334 944943 NC_004606.gbk
749 42.8 3068393 3066702 genome.dna 1259173 1257226 NC_004606.gbk
458 32.7 3069350 3068412 genome.dna 1260081 1259169 NC_004606.gbk
356 31.7 3072423 3072995 genome.dna 321310 321868 NC_004606.gbk
470 37.8 3084419 3083724 genome.dna 839871 840606 NC_004606.gbk
833 45.7 3148240 3147401 genome.dna 1575894 1576677 NC_004606.gbk
637 35.9 3149284 3148253 genome.dna 1578637 1579675 NC_004606.gbk
685 36.7 3150266 3149277 genome.dna 1577645 1578677 NC_004606.gbk
494 38.1 3154559 3153852 genome.dna 1595030 1594340 NC_004606.gbk
461 30.3 3157972 3158883 genome.dna 1387125 1386147 NC_004606.gbk
2444 56.3 3161386 3159374 genome.dna 859370 861362 NC_004606.gbk
351 37.3 3228583 3228035 genome.dna 1870253 1869710 NC_004606.gbk
685 34.7 3230474 3228642 genome.dna 933338 935135 NC_004606.gbk
1250 42.3 3233243 3234655 genome.dna 498205 499597 NC_004606.gbk
648 34.2 3265816 3266967 genome.dna 1047362 1046162 NC_004606.gbk
1621 45.0 3364676 3363084 genome.dna 1884982 1886602 NC_004606.gbk
1750 47.7 3368339 3370030 genome.dna 1808853 1807224 NC_004606.gbk
1717 61.1 3389494 3390708 genome.dna 360706 361945 NC_004606.gbk
951 41.7 3395711 3396913 genome.dna 100968 102165 NC_004606.gbk
672 39.0 3409858 3408341 genome.dna 34830 36285 NC_004606.gbk
732 42.9 3413548 3412631 genome.dna 385311 386178 NC_004606.gbk
497 33.8 3415469 3414618 genome.dna 256169 256919 NC_004606.gbk
235 37.3 3427528 3426443 genome.dna 1298241 1297074 NC_004606.gbk
1160 44.8 3514279 3513113 genome.dna 1467071 1465913 NC_004606.gbk
885 49.1 3516455 3517318 genome.dna 714598 715453 NC_004606.gbk
1140 44.8 3519048 3517663 genome.dna 1676539 1675195 NC_004606.gbk
922 52.0 3527868 3527053 genome.dna 1067807 1067003 NC_004606.gbk
799 33.6 3548305 3549609 genome.dna 870759 869397 NC_004606.gbk
663 38.8 3549622 3550470 genome.dna 869398 868561 NC_004606.gbk
644 32.8 3573115 3574479 genome.dna 1438751 1437464 NC_004606.gbk
1786 51.7 3590632 3589055 genome.dna 1029811 1031374 NC_004606.gbk
1763 56.5 3592205 3590739 genome.dna 1882314 1880832 NC_004606.gbk
928 36.1 3592378 3593766 genome.dna 715605 716946 NC_004606.gbk
439 36.8 3599984 3598497 genome.dna 1608086 1606775 NC_004606.gbk
1151 41.3 3603229 3601955 genome.dna 1841890 1840609 NC_004606.gbk
746 36.4 3607701 3606505 genome.dna 685646 686726 NC_004606.gbk
182 33.1 3619938 3619552 genome.dna 237691 238171 NC_004606.gbk
783 39.0 3621177 3619963 genome.dna 966088 964960 NC_004606.gbk
1509 57.7 3635387 3634134 genome.dna 983978 985313 NC_004606.gbk
413 42.5 3651787 3651263 genome.dna 174709 175192 NC_004606.gbk
835 44.7 3682691 3681786 genome.dna 1520067 1519170 NC_004606.gbk
469 38.4 3683368 3682688 genome.dna 1480000 1479307 NC_004606.gbk
2395 57.8 3686442 3684643 genome.dna 920197 922030 NC_004606.gbk
740 51.1 3694571 3695257 genome.dna 1215977 1215323 NC_004606.gbk
412 36.2 3698228 3696813 genome.dna 194040 195486 NC_004606.gbk
639 41.9 3711890 3712588 genome.dna 1539992 1539296 NC_004606.gbk
393 41.9 3732230 3732727 genome.dna 946114 946603 NC_004606.gbk
540 34.2 3736813 3735875 genome.dna 1362053 1361129 NC_004606.gbk
547 43.0 3738313 3737777 genome.dna 12240 12783 NC_004606.gbk
187 34.3 3744803 3745042 genome.dna 806789 806570 NC_004606.gbk
2585 55.2 3745456 3747603 genome.dna 1551508 1549327 NC_004606.gbk
1119 49.5 3747628 3748590 genome.dna 1552980 1551966 NC_004606.gbk
1040 45.2 3762599 3760023 genome.dna 708886 706603 NC_004606.gbk
684 43.6 3764478 3763501 genome.dna 1286436 1285545 NC_004606.gbk
740 45.6 3773827 3773072 genome.dna 1264942 1264210 NC_004606.gbk
233 48.7 3774681 3774433 genome.dna 1272278 1272005 NC_004606.gbk
1422 46.2 3776200 3774839 genome.dna 1026992 1025423 NC_004606.gbk
351 36.9 3777786 3777271 genome.dna 511577 511064 NC_004606.gbk
1885 43.0 3784972 3782345 genome.dna 795762 798381 NC_004606.gbk
1342 60.4 3786717 3785644 genome.dna 1824105 1822968 NC_004606.gbk
1187 46.0 3882715 3881462 genome.dna 487163 488414 NC_004606.gbk
762 37.5 3889382 3888324 genome.dna 300639 301737 NC_004606.gbk
1244 50.0 3921930 3923132 genome.dna 163485 164682 NC_004606.gbk
997 46.0 3952362 3953393 genome.dna 1623340 1622275 NC_004606.gbk
554 42.7 3953386 3954039 genome.dna 1622275 1621582 NC_004606.gbk
521 33.4 3954101 3954916 genome.dna 1624435 1623589 NC_004606.gbk
788 42.0 3956293 3958011 genome.dna 1695366 1693509 NC_004606.gbk
986 62.3 3966155 3966877 genome.dna 857004 856263 NC_004606.gbk
1577 57.2 4001743 4000448 genome.dna 1369037 1367729 NC_004606.gbk
1847 54.1 4003479 4001842 genome.dna 262269 263874 NC_004606.gbk
1596 37.0 4007080 4004843 genome.dna 1711826 1709594 NC_004606.gbk
453 33.8 4012636 4011491 genome.dna 1642018 1640944 NC_004606.gbk
1438 42.4 4027241 4025196 genome.dna 1354603 1352644 NC_004606.gbk
550 36.0 4036522 4035704 genome.dna 231276 232116 NC_004606.gbk
278 33.0 4037132 4037767 genome.dna 1213224 1213866 NC_004606.gbk
228 49.3 4060248 4060021 genome.dna 314394 314634 NC_004606.gbk
510 35.7 4068636 4067902 genome.dna 1673750 1673003 NC_004606.gbk
1280 32.3 4071195 4068739 genome.dna 1505830 1503496 NC_004606.gbk
371 30.7 4076900 4077613 genome.dna 699171 699843 NC_004606.gbk
697 30.2 4097614 4096277 genome.dna 854587 855967 NC_004606.gbk
1159 41.8 4114440 4115846 genome.dna 1141234 1139878 NC_004606.gbk
544 32.6 4115888 4116970 genome.dna 335970 337071 NC_004606.gbk
3503 56.1 4139901 4137067 genome.dna 316671 319530 NC_004606.gbk
227 33.9 4140147 4140710 genome.dna 313738 314230 NC_004606.gbk
410 35.9 4196148 4196876 genome.dna 82421 83141 NC_004606.gbk
305 32.6 4207998 4208687 genome.dna 1545806 1545107 NC_004606.gbk
1068 35.0 4209249 4211753 genome.dna 1764416 1761998 NC_004606.gbk
417 32.8 4211839 4212789 genome.dna 1768719 1769526 NC_004606.gbk
175 32.3 4215997 4216284 genome.dna 156469 156748 NC_004606.gbk
1406 48.7 4216300 4217559 genome.dna 1683144 1681764 NC_004606.gbk
473 37.7 4217612 4218277 genome.dna 1761986 1761317 NC_004606.gbk
633 39.6 4244964 4245854 genome.dna 843281 844154 NC_004606.gbk
529 32.9 4250428 4249388 genome.dna 975970 976954 NC_004606.gbk
343 34.8 4250722 4251348 genome.dna 1509967 1509355 NC_004606.gbk
850 45.4 4255592 4252890 genome.dna 332982 335502 NC_004606.gbk
1097 50.4 4258960 4257809 genome.dna 697849 699169 NC_004606.gbk
660 31.9 4260285 4259029 genome.dna 696461 697826 NC_004606.gbk
529 34.2 4262088 4261168 genome.dna 767431 768478 NC_004606.gbk
468 31.7 4265910 4264708 genome.dna 1424164 1422859 NC_004606.gbk
361 36.3 4268312 4267230 genome.dna 492487 493498 NC_004606.gbk
261 30.4 4271151 4269664 genome.dna 1574203 1575649 NC_004606.gbk
795 42.5 4274186 4273242 genome.dna 488885 489899 NC_004606.gbk
463 32.0 4319027 4319845 genome.dna 211891 212764 NC_004606.gbk
2849 49.2 4330684 4327460 genome.dna 1280987 1277810 NC_004606.gbk
690 44.2 4331847 4330699 genome.dna 1282315 1281232 NC_004606.gbk
280 37.8 4335368 4334856 genome.dna 1286884 1286425 NC_004606.gbk
2346 40.2 4338181 4335368 genome.dna 702601 705403 NC_004606.gbk
456 30.7 4339154 4338213 genome.dna 1074401 1073468 NC_004606.gbk
173 42.2 4339580 4339843 genome.dna 1060072 1060321 NC_004606.gbk
1201 49.4 4343498 4342359 genome.dna 374961 376098 NC_004606.gbk
1894 56.0 4345514 4343607 genome.dna 372854 374681 NC_004606.gbk
494 41.1 4373604 4372945 genome.dna 1228200 1227516 NC_004606.gbk
709 42.5 4379941 4378778 genome.dna 271350 272547 NC_004606.gbk
1122 59.2 4388480 4389631 genome.dna 821922 823119 NC_004606.gbk
228 30.8 4393907 4394326 genome.dna 1821901 1821481 NC_004606.gbk
1374 48.0 4398393 4397095 genome.dna 141545 142838 NC_004606.gbk
863 41.6 4402445 4401165 genome.dna 1200457 1199218 NC_004606.gbk
351 34.2 4403893 4402952 genome.dna 1201429 1200529 NC_004606.gbk
835 32.4 4405841 4403886 genome.dna 1829915 1827932 NC_004606.gbk
255 37.4 4408042 4407560 genome.dna 396503 396965 NC_004606.gbk
515 30.0 4409761 4410900 genome.dna 1399856 1398680 NC_004606.gbk
1667 51.3 4413004 4411424 genome.dna 1786207 1787740 NC_004606.gbk
830 62.0 4413698 4413135 genome.dna 1785626 1786187 NC_004606.gbk
344 34.0 4435653 4436702 genome.dna 213188 214061 NC_004606.gbk
683 37.5 4482986 4483933 genome.dna 522777 523713 NC_004606.gbk
636 31.8 4484001 4485290 genome.dna 523702 525025 NC_004606.gbk
218 38.2 4486815 4487225 genome.dna 1325441 1325804 NC_004606.gbk
170 46.8 4488068 4487676 genome.dna 72835 73222 NC_004606.gbk
869 46.6 4489098 4488109 genome.dna 71882 72821 NC_004606.gbk
566 46.4 4489744 4489124 genome.dna 1854840 1854228 NC_004606.gbk
578 67.4 4490164 4489775 genome.dna 71453 71837 NC_004606.gbk
442 58.6 4490537 4490181 genome.dna 71070 71436 NC_004606.gbk
187 65.8 4490800 4490684 genome.dna 70936 71053 NC_004606.gbk
1025 37.7 4492165 4490834 genome.dna 68482 69787 NC_004606.gbk
397 45.6 4492607 4492173 genome.dna 68025 68466 NC_004606.gbk
180 49.1 4492790 4492611 genome.dna 67627 67810 NC_004606.gbk
575 54.8 4493297 4492797 genome.dna 67118 67613 NC_004606.gbk
489 45.1 4494208 4493675 genome.dna 66102 66639 NC_004606.gbk
433 48.1 4494614 4494222 genome.dna 65501 65900 NC_004606.gbk
237 43.6 4494953 4494648 genome.dna 280192 279922 NC_004606.gbk
763 61.6 4495506 4494967 genome.dna 64607 65150 NC_004606.gbk
278 47.0 4495835 4495521 genome.dna 64278 64584 NC_004606.gbk
522 64.2 4496217 4495846 genome.dna 63831 64200 NC_004606.gbk
272 54.4 4496635 4496381 genome.dna 63546 63807 NC_004606.gbk
140 47.3 4496826 4496635 genome.dna 63314 63521 NC_004606.gbk
472 54.5 4497236 4496826 genome.dna 62891 63305 NC_004606.gbk
757 56.8 4497950 4497249 genome.dna 62261 62888 NC_004606.gbk
343 56.0 4498300 4497968 genome.dna 61877 62222 NC_004606.gbk
441 67.4 4498593 4498315 genome.dna 61583 61862 NC_004606.gbk
1021 58.3 4499431 4498610 genome.dna 60656 61445 NC_004606.gbk
147 40.2 4499751 4499449 genome.dna 60297 60594 NC_004606.gbk
515 42.0 4500353 4499748 genome.dna 59674 60298 NC_004606.gbk
618 52.7 4500993 4500364 genome.dna 59024 59651 NC_004606.gbk
426 60.8 4501337 4501026 genome.dna 58468 58777 NC_004606.gbk
2404 60.3 4505956 4503842 genome.dna 222873 224952 NC_004606.gbk
604 53.2 4506523 4506053 genome.dna 221918 222389 NC_004606.gbk
510 69.9 4506994 4506620 genome.dna 221484 221898 NC_004606.gbk
487 44.2 4531820 4531245 genome.dna 1723173 1723740 NC_004606.gbk
498 32.5 4542308 4541385 genome.dna 1729744 1730566 NC_004606.gbk
507 31.3 4557783 4556779 genome.dna 1883647 1882621 NC_004606.gbk
593 42.5 4559154 4558477 genome.dna 214070 214733 NC_004606.gbk
640 34.5 4562421 4561336 genome.dna 612547 611458 NC_004606.gbk
230 32.1 4562994 4562473 genome.dna 831198 831690 NC_004606.gbk
1318 44.1 4597892 4600225 genome.dna 1446237 1444104 NC_004606.gbk
322 30.4 4622349 4623851 genome.dna 434950 436789 NC_004606.gbk
1003 39.1 4632742 4630295 genome.dna 875185 877450 NC_004606.gbk
709 30.8 4656105 4657454 genome.dna 1543740 1542402 NC_004606.gbk
1652 38.6 4672431 4670269 genome.dna 1088549 1086230 NC_004606.gbk
383 33.7 4688923 4688132 genome.dna 1217688 1216788 NC_004606.gbk
768 31.6 4690836 4689472 genome.dna 46049 47342 NC_004606.gbk
718 45.1 4702353 4701286 genome.dna 1188145 1187104 NC_004606.gbk
315 45.0 4709479 4709153 genome.dna 310490 310823 NC_004606.gbk
406 30.5 4730969 4730043 genome.dna 1208471 1207445 NC_004606.gbk
867 38.4 4766891 4765731 genome.dna 150807 151947 NC_004606.gbk
1280 33.8 4770998 4773196 genome.dna 520304 522716 NC_004606.gbk
537 30.2 4773468 4774511 genome.dna 1496236 1495234 NC_004606.gbk
249 32.2 4780345 4781184 genome.dna 293759 294707 NC_004606.gbk
1946 55.9 4781238 4782749 genome.dna 433408 434935 NC_004606.gbk
656 42.7 4786326 4787093 genome.dna 1421068 1420309 NC_004606.gbk
1032 53.6 4825789 4824827 genome.dna 1101382 1100368 NC_004606.gbk
552 38.9 4829201 4829899 genome.dna 1483314 1482603 NC_004606.gbk
360 41.4 4834867 4834403 genome.dna 1587733 1587184 NC_004606.gbk
649 45.0 4867996 4867325 genome.dna 1397495 1396802 NC_004606.gbk
907 37.2 4869411 4868002 genome.dna 1456038 1454487 NC_004606.gbk
313 33.7 4869761 4870336 genome.dna 681139 681679 NC_004606.gbk
1274 32.4 4924099 4922195 genome.dna 1451895 1450032 NC_004606.gbk
1506 52.4 4932696 4934039 genome.dna 953871 955203 NC_004606.gbk
418 33.3 4936111 4935389 genome.dna 952189 951523 NC_004606.gbk
1799 53.9 4946843 4945446 genome.dna 848689 850090 NC_004606.gbk
1799 53.9 4946843 4945446 genome.dna 848689 850090 NC_004606.gbk
274 47.0 4948499 4948188 genome.dna 853314 853626 NC_004606.gbk
344 33.0 4956801 4956184 genome.dna 1402083 1401447 NC_004606.gbk
344 33.0 4956801 4956184 genome.dna 1402083 1401447 NC_004606.gbk
797 45.9 4969043 4968228 genome.dna 1416953 1417763 NC_004606.gbk
241 39.8 4974776 4974429 genome.dna 1662706 1662388 NC_004606.gbk
199 69.8 4985770 4985910 genome.dna 202179 202314 NC_004606.gbk
834 33.9 4988276 4989640 genome.dna 938900 937523 NC_004606.gbk
513 39.5 5010680 5009268 genome.dna 394889 396350 NC_004606.gbk
371 31.0 5017538 5016804 genome.dna 1066165 1065511 NC_004606.gbk
391 32.6 5019301 5018414 genome.dna 1068710 1067822 NC_004606.gbk
866 37.9 5026700 5027902 genome.dna 1390986 1389792 NC_004606.gbk
1371 37.5 5049054 5047222 genome.dna 1097853 1096038 NC_004606.gbk
1122 41.4 5050610 5049240 genome.dna 1542230 1540847 NC_004606.gbk
222 31.3 5053946 5053527 genome.dna 1345218 1344801 NC_004606.gbk
1968 65.5 5055348 5053966 genome.dna 1346637 1345230 NC_004606.gbk
573 34.5 5056259 5055396 genome.dna 1347674 1346798 NC_004606.gbk
1169 54.1 5057853 5056312 genome.dna 1349198 1347689 NC_004606.gbk
239 31.2 5060037 5059237 genome.dna 1350978 1350261 NC_004606.gbk
311 31.4 5061686 5061066 genome.dna 1615798 1616512 NC_004606.gbk
2042 49.0 5063659 5061770 genome.dna 1861669 1859770 NC_004606.gbk
