479 51.4 475 32 genome.dna 713966 714407 NC_000907.gbk
663 66.7 1026 565 genome.dna 582824 582371 NC_000907.gbk
1415 63.9 1179 2171 genome.dna 582977 583970 NC_000907.gbk
1323 46.3 9017 7668 genome.dna 1781745 1780389 NC_000907.gbk
969 65.0 9676 9014 genome.dna 1782407 1781741 NC_000907.gbk
241 39.7 9921 10316 genome.dna 1782835 1782469 NC_000907.gbk
559 62.6 10521 10940 genome.dna 518033 518453 NC_000907.gbk
2278 69.6 10948 12453 genome.dna 518466 519948 NC_000907.gbk
1341 68.6 12461 13429 genome.dna 519960 520932 NC_000907.gbk
1324 70.0 13455 14342 genome.dna 520951 521830 NC_000907.gbk
1022 51.7 14538 15464 genome.dna 521927 522848 NC_000907.gbk
1101 51.5 15468 16463 genome.dna 522875 523874 NC_000907.gbk
526 48.5 22684 22163 genome.dna 897573 898110 NC_000907.gbk
493 41.0 23264 22674 genome.dna 893376 892797 NC_000907.gbk
387 63.6 23466 23735 genome.dna 893462 893729 NC_000907.gbk
657 46.9 24825 25448 genome.dna 893739 894357 NC_000907.gbk
3913 64.2 25826 28615 genome.dna 905516 902723 NC_000907.gbk
975 74.2 29669 29034 genome.dna 1185376 1184758 NC_000907.gbk
358 41.7 29873 30427 genome.dna 776908 777469 NC_000907.gbk
2233 68.8 36667 35258 genome.dna 916619 918038 NC_000907.gbk
3261 81.1 37037 38860 genome.dna 916389 914538 NC_000907.gbk
617 63.6 39698 40135 genome.dna 714403 714838 NC_000907.gbk
2973 64.5 47188 45107 genome.dna 1826643 1824561 NC_000907.gbk
2635 56.9 49985 47886 genome.dna 1828754 1826639 NC_000907.gbk
349 65.9 50279 50004 genome.dna 1829200 1828933 NC_000907.gbk
847 63.3 50956 50333 genome.dna 1829889 1829262 NC_000907.gbk
1498 57.4 59253 58054 genome.dna 992560 991354 NC_000907.gbk
661 68.6 62108 62545 genome.dna 866757 866331 NC_000907.gbk
2223 75.4 62838 64181 genome.dna 203290 204640 NC_000907.gbk
958 63.2 68440 67694 genome.dna 895970 896744 NC_000907.gbk
3298 70.1 70479 68437 genome.dna 229602 231642 NC_000907.gbk
2486 49.3 70800 73349 genome.dna 120440 122675 NC_000907.gbk
1199 62.3 76671 77513 genome.dna 463326 464172 NC_000907.gbk
2238 73.1 77642 78994 genome.dna 178088 176717 NC_000907.gbk
844 65.9 97287 96724 genome.dna 698721 698163 NC_000907.gbk
580 40.8 97589 98332 genome.dna 957891 958686 NC_000907.gbk
1877 91.3 98527 99441 genome.dna 985622 984713 NC_000907.gbk
3148 69.5 99451 101520 genome.dna 983663 981596 NC_000907.gbk
1060 75.0 110262 109636 genome.dna 1153494 1152846 NC_000907.gbk
899 58.1 111355 110522 genome.dna 5391 4578 NC_000907.gbk
710 34.1 115831 114374 genome.dna 1179230 1180766 NC_000907.gbk
2334 74.9 117217 115898 genome.dna 1177908 1179228 NC_000907.gbk
1586 72.8 117691 118689 genome.dna 1177675 1176676 NC_000907.gbk
2318 69.6 118825 120366 genome.dna 1176626 1175114 NC_000907.gbk
1745 69.2 120344 121525 genome.dna 1175111 1173983 NC_000907.gbk
1502 58.4 121662 122840 genome.dna 1171017 1169853 NC_000907.gbk
2287 77.5 124086 125432 genome.dna 1799719 1801054 NC_000907.gbk
1947 73.7 140268 141428 genome.dna 1823511 1822365 NC_000907.gbk
1196 64.0 151546 150683 genome.dna 490171 489319 NC_000907.gbk
1207 78.0 162282 162998 genome.dna 307134 306417 NC_000907.gbk
977 67.1 163345 163986 genome.dna 306394 305752 NC_000907.gbk
652 49.2 164985 164389 genome.dna 1013844 1014501 NC_000907.gbk
790 76.7 165569 165111 genome.dna 1013385 1013841 NC_000907.gbk
1570 60.8 166824 165547 genome.dna 1012135 1013338 NC_000907.gbk
710 50.7 166978 167643 genome.dna 1011972 1011306 NC_000907.gbk
445 80.5 167881 168117 genome.dna 1011093 1010856 NC_000907.gbk
286 79.6 168129 168296 genome.dna 1010845 1010674 NC_000907.gbk
1052 57.8 168516 169325 genome.dna 1006397 1005581 NC_000907.gbk
548 50.7 170854 170375 genome.dna 696060 695589 NC_000907.gbk
1411 51.5 172168 170891 genome.dna 697340 696056 NC_000907.gbk
738 45.9 174074 173307 genome.dna 697402 698167 NC_000907.gbk
1452 62.6 185588 184521 genome.dna 1169778 1168737 NC_000907.gbk
1703 79.5 186544 185612 genome.dna 1181743 1180816 NC_000907.gbk
962 38.9 191434 190133 genome.dna 821274 820041 NC_000907.gbk
398 42.8 191679 192110 genome.dna 803023 802576 NC_000907.gbk
611 53.0 192299 192775 genome.dna 802563 802053 NC_000907.gbk
1503 66.0 192775 193791 genome.dna 635765 636773 NC_000907.gbk
1250 72.9 193935 194756 genome.dna 636784 637588 NC_000907.gbk
771 39.7 199675 198740 genome.dna 1816238 1815308 NC_000907.gbk
2773 55.9 199780 202044 genome.dna 1774096 1771825 NC_000907.gbk
1152 66.9 207819 208589 genome.dna 313494 314253 NC_000907.gbk
3923 65.2 212248 209609 genome.dna 1698804 1701444 NC_000907.gbk
2214 72.4 219661 221034 genome.dna 862207 860833 NC_000907.gbk
410 40.4 226342 226935 genome.dna 201590 202151 NC_000907.gbk
1119 65.3 226939 227694 genome.dna 202160 202931 NC_000907.gbk
639 52.5 237567 238178 genome.dna 768753 769386 NC_000907.gbk
1742 52.2 238222 239673 genome.dna 769388 770852 NC_000907.gbk
1384 57.5 245968 247005 genome.dna 301839 302865 NC_000907.gbk
543 37.4 247002 247961 genome.dna 248818 247909 NC_000907.gbk
1323 64.2 248939 247989 genome.dna 671059 670123 NC_000907.gbk
2414 91.1 250357 251541 genome.dna 671763 672948 NC_000907.gbk
2414 91.1 250357 251541 genome.dna 597681 596496 NC_000907.gbk
294 42.3 251779 252162 genome.dna 765121 765442 NC_000907.gbk
890 74.3 252164 252709 genome.dna 765443 766001 NC_000907.gbk
811 88.7 252872 253300 genome.dna 540587 540158 NC_000907.gbk
1202 80.8 253304 254008 genome.dna 540154 539464 NC_000907.gbk
799 78.9 254326 254823 genome.dna 681965 682457 NC_000907.gbk
559 78.0 254890 255255 genome.dna 682511 682883 NC_000907.gbk
7331 81.9 255584 259612 genome.dna 539081 535049 NC_000907.gbk
7569 81.2 259736 263959 genome.dna 534808 530560 NC_000907.gbk
869 48.7 274385 275167 genome.dna 455530 454735 NC_000907.gbk
717 52.0 277129 277719 genome.dna 454700 454109 NC_000907.gbk
429 76.7 277924 278196 genome.dna 453970 453697 NC_000907.gbk
2189 76.8 280242 278956 genome.dna 941549 942839 NC_000907.gbk
2655 76.2 281849 280260 genome.dna 939855 941454 NC_000907.gbk
725 49.8 292998 292333 genome.dna 1146704 1145987 NC_000907.gbk
782 46.9 293855 293088 genome.dna 1147461 1146687 NC_000907.gbk
507 80.6 300274 299978 genome.dna 1038093 1038393 NC_000907.gbk
1366 62.6 301263 300298 genome.dna 1037120 1038113 NC_000907.gbk
1401 66.8 303420 302533 genome.dna 1036081 1036972 NC_000907.gbk
2035 61.7 304889 303438 genome.dna 1033018 1034473 NC_000907.gbk
2559 83.4 306633 305290 genome.dna 1028778 1030125 NC_000907.gbk
665 70.3 307112 306645 genome.dna 1028136 1028604 NC_000907.gbk
601 62.6 307589 307137 genome.dna 1027534 1027984 NC_000907.gbk
1824 79.7 313270 314313 genome.dna 40144 41200 NC_000907.gbk
1029 52.2 314487 315470 genome.dna 41279 42335 NC_000907.gbk
507 47.3 315467 315955 genome.dna 42334 42823 NC_000907.gbk
2335 72.1 316547 318016 genome.dna 1430513 1431989 NC_000907.gbk
2102 67.5 321945 323390 genome.dna 1719912 1718464 NC_000907.gbk
626 57.9 331519 330968 genome.dna 1219372 1218835 NC_000907.gbk
1818 61.6 331816 333156 genome.dna 1219460 1220816 NC_000907.gbk
1237 62.5 334964 334107 genome.dna 1216428 1215570 NC_000907.gbk
386 37.9 335599 335126 genome.dna 1216940 1216445 NC_000907.gbk
1239 78.8 338215 337490 genome.dna 1217668 1216942 NC_000907.gbk
548 51.7 338791 338219 genome.dna 1218190 1217671 NC_000907.gbk
321 36.1 339338 338772 genome.dna 1218785 1218170 NC_000907.gbk
440 42.0 339901 339335 genome.dna 1747912 1748455 NC_000907.gbk
765 41.1 340994 339921 genome.dna 1746889 1747903 NC_000907.gbk
1188 68.1 342391 343203 genome.dna 1152417 1151622 NC_000907.gbk
1309 73.4 343211 343993 genome.dna 1151626 1150840 NC_000907.gbk
617 58.5 343998 344564 genome.dna 1150830 1150326 NC_000907.gbk
623 43.8 344577 345206 genome.dna 1150297 1149652 NC_000907.gbk
157 36.6 345220 345510 genome.dna 1149642 1149324 NC_000907.gbk
285 50.0 345645 345899 genome.dna 1149304 1149046 NC_000907.gbk
2014 74.1 345980 347242 genome.dna 1149036 1147761 NC_000907.gbk
893 46.4 348448 347351 genome.dna 1004485 1005508 NC_000907.gbk
1595 58.8 349956 348586 genome.dna 1337073 1335672 NC_000907.gbk
277 38.4 350598 350194 genome.dna 1691489 1691894 NC_000907.gbk
854 90.8 352201 352629 genome.dna 1531383 1530954 NC_000907.gbk
716 85.4 352645 353037 genome.dna 1530938 1530545 NC_000907.gbk
900 63.9 353367 354008 genome.dna 1530365 1529726 NC_000907.gbk
801 51.6 366712 367449 genome.dna 881499 882240 NC_000907.gbk
603 50.8 369528 368956 genome.dna 1723676 1724258 NC_000907.gbk
484 34.9 370130 369540 genome.dna 1723035 1723620 NC_000907.gbk
432 32.7 372543 370525 genome.dna 1720936 1722664 NC_000907.gbk
1236 69.4 372605 373492 genome.dna 1720865 1720013 NC_000907.gbk
988 42.2 376932 375772 genome.dna 988827 987645 NC_000907.gbk
752 54.2 379620 380252 genome.dna 420085 420718 NC_000907.gbk
955 48.3 380920 381747 genome.dna 420727 421552 NC_000907.gbk
3285 76.8 382412 384307 genome.dna 1598288 1600187 NC_000907.gbk
806 57.1 385868 385287 genome.dna 693073 692494 NC_000907.gbk
3616 72.2 392535 394805 genome.dna 1600253 1602497 NC_000907.gbk
1047 62.4 394956 395693 genome.dna 788969 788246 NC_000907.gbk
1864 67.2 404861 403671 genome.dna 138525 137334 NC_000907.gbk
1001 36.4 406489 405197 genome.dna 1095488 1094210 NC_000907.gbk
198 31.7 410005 410430 genome.dna 284373 283929 NC_000907.gbk
690 55.8 424707 424243 genome.dna 1223761 1223293 NC_000907.gbk
3704 76.0 426927 424789 genome.dna 80525 82649 NC_000907.gbk
583 70.5 431880 431494 genome.dna 766957 767350 NC_000907.gbk
1391 64.9 435364 434357 genome.dna 619352 618347 NC_000907.gbk
504 55.7 435526 435951 genome.dna 747119 746657 NC_000907.gbk
285 31.5 439647 440726 genome.dna 1340588 1341665 NC_000907.gbk
4603 70.0 460910 458055 genome.dna 1490869 1488004 NC_000907.gbk
476 50.0 461372 460923 genome.dna 1494300 1493865 NC_000907.gbk
1939 57.5 463248 461737 genome.dna 1776574 1778050 NC_000907.gbk
1256 51.5 463531 464646 genome.dna 1776467 1775348 NC_000907.gbk
1297 53.9 464646 465722 genome.dna 1775365 1774288 NC_000907.gbk
571 31.7 476014 477135 genome.dna 417352 418567 NC_000907.gbk
2439 79.1 485144 483705 genome.dna 559863 558435 NC_000907.gbk
415 37.1 517457 517939 genome.dna 523979 524531 NC_000907.gbk
1212 54.4 525365 524040 genome.dna 868151 866858 NC_000907.gbk
548 43.1 526058 525471 genome.dna 868711 868162 NC_000907.gbk
186 35.2 526251 526580 genome.dna 905664 905967 NC_000907.gbk
663 54.9 526894 527520 genome.dna 906284 906848 NC_000907.gbk
1420 55.7 528770 527517 genome.dna 827627 826361 NC_000907.gbk
2450 79.3 530287 528905 genome.dna 1665197 1663820 NC_000907.gbk
970 51.1 531282 530305 genome.dna 1098171 1099116 NC_000907.gbk
2993 85.4 533382 534971 genome.dna 1812243 1813827 NC_000907.gbk
806 48.6 536846 537643 genome.dna 87147 87936 NC_000907.gbk
1721 63.2 537938 539215 genome.dna 542813 541559 NC_000907.gbk
1676 46.0 692651 690918 genome.dna 937412 939152 NC_000907.gbk
520 84.4 697176 697469 genome.dna 565633 565924 NC_000907.gbk
3018 86.7 697515 699164 genome.dna 565946 567593 NC_000907.gbk
3145 57.3 703455 700978 genome.dna 809826 807393 NC_000907.gbk
392 51.3 703585 703950 genome.dna 363478 363835 NC_000907.gbk
920 68.0 704061 704669 genome.dna 810080 810704 NC_000907.gbk
1574 58.3 725271 724024 genome.dna 1617068 1615823 NC_000907.gbk
2006 67.8 753122 751287 genome.dna 556242 558132 NC_000907.gbk
2172 55.2 755031 753277 genome.dna 554391 556173 NC_000907.gbk
377 83.1 755400 755185 genome.dna 554042 554258 NC_000907.gbk
1695 72.5 755628 756641 genome.dna 553811 552782 NC_000907.gbk
672 70.5 757206 756736 genome.dna 1276303 1275847 NC_000907.gbk
1530 77.4 757677 758612 genome.dna 1276509 1277445 NC_000907.gbk
1407 65.3 761351 760380 genome.dna 932906 933896 NC_000907.gbk
542 79.6 761608 761919 genome.dna 932694 932382 NC_000907.gbk
457 81.2 761939 762196 genome.dna 932362 932104 NC_000907.gbk
980 49.3 762286 763248 genome.dna 932024 931103 NC_000907.gbk
1955 71.5 763509 764681 genome.dna 931076 929903 NC_000907.gbk
1343 42.9 766185 764752 genome.dna 1408897 1407457 NC_000907.gbk
794 76.7 766454 766933 genome.dna 1409060 1409537 NC_000907.gbk
452 77.9 767354 767061 genome.dna 1409875 1409575 NC_000907.gbk
1124 80.8 767499 768128 genome.dna 1410001 1410631 NC_000907.gbk
3102 73.0 768185 770122 genome.dna 1410721 1412629 NC_000907.gbk
1049 57.1 770241 771074 genome.dna 1548869 1548041 NC_000907.gbk
1049 57.1 770241 771074 genome.dna 1412740 1413568 NC_000907.gbk
2213 73.3 771082 772419 genome.dna 1413605 1414943 NC_000907.gbk
2213 73.3 771082 772419 genome.dna 1548004 1546666 NC_000907.gbk
372 51.3 772670 773002 genome.dna 467397 467736 NC_000907.gbk
490 52.5 777307 777729 genome.dna 1358655 1359111 NC_000907.gbk
2257 68.3 777751 779280 genome.dna 1359127 1360615 NC_000907.gbk
3504 68.3 779306 782008 genome.dna 1360626 1363116 NC_000907.gbk
538 67.2 782083 782481 genome.dna 1369671 1370058 NC_000907.gbk
1100 58.0 782481 783425 genome.dna 1370057 1370996 NC_000907.gbk
453 78.7 783547 783816 genome.dna 1406416 1406686 NC_000907.gbk
453 78.7 783547 783816 genome.dna 1554701 1554431 NC_000907.gbk
3497 74.9 784066 786186 genome.dna 258295 260425 NC_000907.gbk
804 46.2 786310 787194 genome.dna 260506 261451 NC_000907.gbk
2062 61.6 787369 789282 genome.dna 261571 263413 NC_000907.gbk
1298 83.4 798538 799257 genome.dna 541476 540759 NC_000907.gbk
486 52.1 803045 802602 genome.dna 11854 11413 NC_000907.gbk
281 40.5 803427 802996 genome.dna 12261 11856 NC_000907.gbk
997 46.6 803587 804633 genome.dna 12366 13359 NC_000907.gbk
439 37.9 832101 831100 genome.dna 489310 488467 NC_000907.gbk
246 46.9 832337 832603 genome.dna 667459 667717 NC_000907.gbk
1601 55.8 839555 838230 genome.dna 315794 314477 NC_000907.gbk
1405 70.4 839867 840766 genome.dna 342648 343542 NC_000907.gbk
731 49.6 840892 841608 genome.dna 1280419 1281109 NC_000907.gbk
2144 56.4 841615 843360 genome.dna 1281397 1283125 NC_000907.gbk
2308 68.6 844582 846099 genome.dna 1279038 1277529 NC_000907.gbk
2183 76.4 854876 856231 genome.dna 140688 142005 NC_000907.gbk
833 76.9 927840 927358 genome.dna 1038973 1038487 NC_000907.gbk
341 54.7 928432 928713 genome.dna 417041 417350 NC_000907.gbk
1678 48.7 931102 929441 genome.dna 77758 76081 NC_000907.gbk
1008 58.9 932060 931182 genome.dna 78687 77901 NC_000907.gbk
591 50.2 932209 932796 genome.dna 78762 79455 NC_000907.gbk
3587 69.2 964883 967162 genome.dna 1318035 1320306 NC_000907.gbk
1415 52.2 967560 968834 genome.dna 321134 322391 NC_000907.gbk
973 30.1 980392 982056 genome.dna 38236 40015 NC_000907.gbk
775 72.8 994093 993584 genome.dna 1783845 1783344 NC_000907.gbk
2685 71.3 995970 994243 genome.dna 1785632 1783904 NC_000907.gbk
401 75.3 996273 996016 genome.dna 1785969 1785711 NC_000907.gbk
1480 73.8 997695 996727 genome.dna 1165731 1166682 NC_000907.gbk
948 53.5 998685 997858 genome.dna 1164814 1165633 NC_000907.gbk
949 69.8 1002298 1002951 genome.dna 827845 828493 NC_000907.gbk
1203 60.8 1003896 1003036 genome.dna 1351746 1350885 NC_000907.gbk
3302 66.1 1076168 1078321 genome.dna 614786 612623 NC_000907.gbk
1310 56.8 1085633 1084560 genome.dna 824000 825074 NC_000907.gbk
471 70.0 1085958 1085686 genome.dna 823713 823986 NC_000907.gbk
1329 55.9 1087061 1085955 genome.dna 822599 823736 NC_000907.gbk
931 57.1 1087227 1087946 genome.dna 368212 368953 NC_000907.gbk
498 58.2 1087948 1088292 genome.dna 369037 369382 NC_000907.gbk
891 58.4 1094877 1094161 genome.dna 57557 56843 NC_000907.gbk
951 65.0 1095844 1095149 genome.dna 424135 424807 NC_000907.gbk
844 56.9 1099537 1100406 genome.dna 958694 959501 NC_000907.gbk
364 32.9 1100443 1101237 genome.dna 959510 960362 NC_000907.gbk
1619 36.1 1103446 1106844 genome.dna 999494 1002860 NC_000907.gbk
1384 37.2 1109886 1113512 genome.dna 1396508 1400144 NC_000907.gbk
1038 37.4 1113509 1115371 genome.dna 1400143 1402066 NC_000907.gbk
1052 50.8 1121679 1122809 genome.dna 132026 132959 NC_000907.gbk
967 40.5 1131750 1134008 genome.dna 687943 685465 NC_000907.gbk
1009 57.4 1134065 1134883 genome.dna 132943 133729 NC_000907.gbk
251 32.3 1135353 1134898 genome.dna 1374344 1373963 NC_000907.gbk
1112 47.2 1136591 1135386 genome.dna 1375534 1374340 NC_000907.gbk
931 50.0 1137533 1138456 genome.dna 1260107 1261001 NC_000907.gbk
348 46.8 1138546 1138941 genome.dna 1138485 1138110 NC_000907.gbk
1460 59.8 1138934 1140034 genome.dna 1260993 1262085 NC_000907.gbk
1135 61.6 1143476 1142628 genome.dna 1373061 1372221 NC_000907.gbk
283 44.4 1147386 1147736 genome.dna 1524546 1524225 NC_000907.gbk
1429 79.3 1150402 1149575 genome.dna 1697253 1696425 NC_000907.gbk
2525 46.6 1153145 1150431 genome.dna 1793017 1790425 NC_000907.gbk
1137 63.5 1154052 1153258 genome.dna 1795332 1794525 NC_000907.gbk
1278 79.3 1154397 1155122 genome.dna 967886 968642 NC_000907.gbk
1262 71.1 1155257 1156108 genome.dna 968774 969626 NC_000907.gbk
1207 75.7 1156279 1157004 genome.dna 1129109 1129823 NC_000907.gbk
883 72.1 1157130 1157687 genome.dna 857867 857309 NC_000907.gbk
1614 62.5 1157925 1159121 genome.dna 857200 856006 NC_000907.gbk
995 62.4 1159320 1160081 genome.dna 976896 976176 NC_000907.gbk
865 46.9 1160091 1160948 genome.dna 976159 975292 NC_000907.gbk
1602 52.7 1160970 1162325 genome.dna 975283 973951 NC_000907.gbk
1541 44.3 1162361 1164805 genome.dna 973932 971544 NC_000907.gbk
231 32.2 1164946 1165443 genome.dna 971437 970843 NC_000907.gbk
1465 64.1 1165447 1166469 genome.dna 970831 969805 NC_000907.gbk
677 69.6 1166572 1167027 genome.dna 1127337 1126890 NC_000907.gbk
1215 68.3 1167032 1167820 genome.dna 1126877 1126088 NC_000907.gbk
1598 62.8 1167824 1168975 genome.dna 1126022 1124849 NC_000907.gbk
880 72.7 1168997 1169593 genome.dna 1124857 1124263 NC_000907.gbk
5647 70.9 1169670 1173152 genome.dna 799618 796138 NC_000907.gbk
1600 74.6 1173165 1174124 genome.dna 427982 427034 NC_000907.gbk
1134 45.2 1174650 1175972 genome.dna 426096 424803 NC_000907.gbk
3854 68.3 1180703 1178139 genome.dna 751160 753746 NC_000907.gbk
471 32.9 1202667 1201900 genome.dna 1348467 1349259 NC_000907.gbk
444 57.1 1211683 1212024 genome.dna 47954 48281 NC_000907.gbk
837 50.8 1220231 1220965 genome.dna 54829 55579 NC_000907.gbk
1958 71.6 1221233 1222429 genome.dna 55606 56791 NC_000907.gbk
1004 50.1 1248508 1249548 genome.dna 803248 804298 NC_000907.gbk
968 51.3 1254320 1253391 genome.dna 340571 339662 NC_000907.gbk
782 51.5 1260789 1261478 genome.dna 1476320 1475624 NC_000907.gbk
975 37.8 1261506 1262828 genome.dna 1475628 1474350 NC_000907.gbk
891 36.0 1265611 1266930 genome.dna 255661 256972 NC_000907.gbk
1575 65.4 1271755 1272822 genome.dna 274183 273091 NC_000907.gbk
2170 81.3 1272920 1274065 genome.dna 272748 271599 NC_000907.gbk
365 55.9 1274175 1274507 genome.dna 270691 270397 NC_000907.gbk
2435 60.4 1274535 1276382 genome.dna 270328 268477 NC_000907.gbk
952 46.2 1276393 1277361 genome.dna 268470 267492 NC_000907.gbk
708 70.5 1278470 1278919 genome.dna 1002914 1003364 NC_000907.gbk
1479 58.9 1278982 1280091 genome.dna 1003366 1004485 NC_000907.gbk
757 76.4 1280201 1280677 genome.dna 1383210 1383684 NC_000907.gbk
493 55.1 1280702 1281121 genome.dna 1383687 1384122 NC_000907.gbk
1059 52.1 1281190 1282170 genome.dna 1384138 1385176 NC_000907.gbk
537 51.0 1282175 1282681 genome.dna 1385172 1385664 NC_000907.gbk
3016 71.1 1284598 1282733 genome.dna 1527361 1529239 NC_000907.gbk
988 54.3 1285528 1284617 genome.dna 1526432 1527320 NC_000907.gbk
284 53.2 1285773 1285525 genome.dna 1526178 1526433 NC_000907.gbk
725 67.5 1289161 1289652 genome.dna 1099133 1099625 NC_000907.gbk
767 38.1 1297979 1296492 genome.dna 377901 376623 NC_000907.gbk
285 42.0 1298919 1299233 genome.dna 178996 179308 NC_000907.gbk
1797 62.5 1299536 1300840 genome.dna 761636 762935 NC_000907.gbk
962 70.1 1301367 1301990 genome.dna 763003 763639 NC_000907.gbk
1885 70.3 1302154 1303428 genome.dna 763648 764884 NC_000907.gbk
3813 73.6 1303620 1306001 genome.dna 482691 485103 NC_000907.gbk
924 32.2 1306869 1308749 genome.dna 1067897 1069767 NC_000907.gbk
227 40.2 1308888 1309253 genome.dna 1073117 1073456 NC_000907.gbk
306 31.3 1312030 1312560 genome.dna 253771 254233 NC_000907.gbk
952 50.2 1319182 1318319 genome.dna 82766 83627 NC_000907.gbk
836 69.5 1329655 1330212 genome.dna 1300399 1299856 NC_000907.gbk
1909 47.5 1330287 1332362 genome.dna 1299845 1297778 NC_000907.gbk
626 84.4 1332403 1332732 genome.dna 464324 464654 NC_000907.gbk
1061 77.7 1332732 1333337 genome.dna 464715 465318 NC_000907.gbk
3105 73.4 1333507 1335396 genome.dna 112164 110268 NC_000907.gbk
1082 72.9 1335658 1336302 genome.dna 376539 375894 NC_000907.gbk
1095 51.1 1336525 1337487 genome.dna 1230510 1229538 NC_000907.gbk
565 55.5 1352428 1351949 genome.dna 1522359 1522836 NC_000907.gbk
1338 38.3 1356196 1353473 genome.dna 327531 325362 NC_000907.gbk
311 39.1 1356312 1356722 genome.dna 328069 328456 NC_000907.gbk
2127 83.8 1359784 1358654 genome.dna 1726924 1728055 NC_000907.gbk
4269 82.7 1362181 1359896 genome.dna 1724512 1726783 NC_000907.gbk
3398 69.7 1363499 1366138 genome.dna 1344361 1341718 NC_000907.gbk
780 38.8 1377747 1379069 genome.dna 319668 318375 NC_000907.gbk
1742 46.4 1379359 1381041 genome.dna 318360 316653 NC_000907.gbk
585 35.7 1381068 1381829 genome.dna 316593 315849 NC_000907.gbk
1702 83.9 1381835 1382692 genome.dna 1025561 1026419 NC_000907.gbk
1166 56.4 1382692 1383663 genome.dna 1026451 1027477 NC_000907.gbk
1077 43.0 1383651 1385081 genome.dna 207286 208645 NC_000907.gbk
1177 47.6 1387613 1386405 genome.dna 498426 499629 NC_000907.gbk
836 45.2 1390524 1389664 genome.dna 1229459 1228600 NC_000907.gbk
784 53.3 1426894 1426256 genome.dna 1517167 1516528 NC_000907.gbk
1767 76.4 1427931 1426894 genome.dna 1518256 1517221 NC_000907.gbk
1149 83.2 1428285 1428911 genome.dna 1297655 1297028 NC_000907.gbk
958 36.7 1429248 1430537 genome.dna 1296924 1295679 NC_000907.gbk
725 46.9 1430628 1431344 genome.dna 1295614 1294918 NC_000907.gbk
380 50.4 1431761 1431390 genome.dna 266251 265900 NC_000907.gbk
684 63.0 1433876 1433409 genome.dna 285465 284997 NC_000907.gbk
1186 61.0 1434853 1435731 genome.dna 285565 286462 NC_000907.gbk
506 53.2 1437843 1438295 genome.dna 1138938 1138485 NC_000907.gbk
1523 60.7 1458435 1457257 genome.dna 834671 833489 NC_000907.gbk
975 66.4 1459094 1458447 genome.dna 836697 836025 NC_000907.gbk
972 66.4 1459750 1459094 genome.dna 837361 836707 NC_000907.gbk
1642 62.3 1466359 1465232 genome.dna 109818 108684 NC_000907.gbk
346 43.3 1466738 1466361 genome.dna 110190 109845 NC_000907.gbk
1646 72.9 1470427 1469462 genome.dna 29201 28238 NC_000907.gbk
854 61.1 1471338 1470655 genome.dna 29893 29254 NC_000907.gbk
262 50.0 1471750 1471487 genome.dna 30173 29894 NC_000907.gbk
1338 53.8 1473099 1471888 genome.dna 31410 30228 NC_000907.gbk
1627 66.0 1475506 1474394 genome.dna 33456 32340 NC_000907.gbk
2419 57.8 1477420 1475516 genome.dna 35401 33445 NC_000907.gbk
901 83.3 1477924 1477454 genome.dna 35889 35421 NC_000907.gbk
380 51.0 1478243 1477926 genome.dna 36251 35942 NC_000907.gbk
796 46.5 1480118 1479093 genome.dna 980327 981362 NC_000907.gbk
347 34.4 1480669 1480115 genome.dna 979824 980328 NC_000907.gbk
4411 73.8 1483266 1480684 genome.dna 977144 979730 NC_000907.gbk
1413 44.6 1489354 1487825 genome.dna 336320 337850 NC_000907.gbk
1169 61.8 1490240 1489362 genome.dna 335398 336298 NC_000907.gbk
740 72.3 1490971 1490492 genome.dna 4318 3853 NC_000907.gbk
2633 82.5 1493774 1492350 genome.dna 20829 19404 NC_000907.gbk
1291 52.3 1501778 1500630 genome.dna 156452 155306 NC_000907.gbk
1295 73.0 1502595 1501795 genome.dna 157537 156724 NC_000907.gbk
2849 75.1 1504627 1506285 genome.dna 1432408 1434082 NC_000907.gbk
586 60.7 1506798 1506349 genome.dna 205188 204747 NC_000907.gbk
927 74.0 1507655 1507128 genome.dna 205741 205216 NC_000907.gbk
764 44.5 1511664 1510897 genome.dna 206620 205837 NC_000907.gbk
398 47.9 1511938 1512474 genome.dna 206690 207284 NC_000907.gbk
1059 63.0 1530248 1530991 genome.dna 112464 113220 NC_000907.gbk
674 48.8 1531148 1531804 genome.dna 1804653 1804011 NC_000907.gbk
827 43.6 1531798 1532742 genome.dna 1804015 1803085 NC_000907.gbk
814 49.6 1532732 1533469 genome.dna 1803099 1802361 NC_000907.gbk
4419 67.7 1540513 1543320 genome.dna 1732310 1729502 NC_000907.gbk
1889 71.3 1543336 1544562 genome.dna 1729400 1728170 NC_000907.gbk
1703 65.2 1544898 1546064 genome.dna 1262120 1263290 NC_000907.gbk
1574 81.6 1546064 1546936 genome.dna 1263289 1264171 NC_000907.gbk
2303 63.9 1547669 1549237 genome.dna 1141919 1140353 NC_000907.gbk
446 51.9 1550947 1551351 genome.dna 406675 406264 NC_000907.gbk
1011 68.2 1551348 1552034 genome.dna 406248 405561 NC_000907.gbk
536 59.9 1552047 1552472 genome.dna 405490 405070 NC_000907.gbk
467 40.5 1552537 1553724 genome.dna 405055 403936 NC_000907.gbk
1696 58.8 1553863 1555155 genome.dna 403895 402611 NC_000907.gbk
525 57.2 1555196 1555705 genome.dna 402588 402126 NC_000907.gbk
1648 69.9 1561884 1562939 genome.dna 1618952 1617863 NC_000907.gbk
825 52.2 1563766 1563014 genome.dna 821449 822133 NC_000907.gbk
1079 48.8 1571894 1570848 genome.dna 869904 868881 NC_000907.gbk
1332 58.3 1573036 1572017 genome.dna 379059 378042 NC_000907.gbk
641 44.1 1575561 1574770 genome.dna 1764184 1764952 NC_000907.gbk
778 51.8 1576123 1576893 genome.dna 1764047 1763282 NC_000907.gbk
1013 68.5 1576893 1577582 genome.dna 1763109 1762419 NC_000907.gbk
1243 53.7 1577582 1578640 genome.dna 1762433 1761377 NC_000907.gbk
813 52.7 1591734 1591099 genome.dna 9680 10397 NC_000907.gbk
1586 71.8 1592635 1591727 genome.dna 8749 9688 NC_000907.gbk
3291 68.1 1598005 1595975 genome.dna 1353907 1351858 NC_000907.gbk
1569 65.5 1598229 1599338 genome.dna 1354057 1355170 NC_000907.gbk
960 67.3 1599518 1600159 genome.dna 146600 147242 NC_000907.gbk
1025 78.2 1600255 1600836 genome.dna 147250 147838 NC_000907.gbk
1924 61.4 1611941 1613374 genome.dna 924205 925621 NC_000907.gbk
1647 53.4 1638449 1639855 genome.dna 574757 573302 NC_000907.gbk
1330 65.9 1735237 1734179 genome.dna 143149 142162 NC_000907.gbk
2535 65.2 1737321 1735243 genome.dna 145091 143192 NC_000907.gbk
1615 68.4 1738556 1737522 genome.dna 146435 145394 NC_000907.gbk
1307 43.3 1782838 1781498 genome.dna 804453 805776 NC_000907.gbk
96 31.2 1880427 1880218 genome.dna 1571076 1571304 NC_000907.gbk
1459 36.1 1992328 1990295 genome.dna 1780029 1778085 NC_000907.gbk
939 75.4 1997941 1997423 genome.dna 1404651 1405185 NC_000907.gbk
1422 42.3 1999760 1998033 genome.dna 1402677 1404483 NC_000907.gbk
521 52.4 1999980 2000438 genome.dna 1402581 1402134 NC_000907.gbk
773 40.9 2001616 2000516 genome.dna 1235300 1236362 NC_000907.gbk
1665 39.0 2005482 2003347 genome.dna 1750709 1748552 NC_000907.gbk
677 61.6 2008746 2008288 genome.dna 1306822 1307281 NC_000907.gbk
486 64.2 2011254 2010925 genome.dna 1462632 1462302 NC_000907.gbk
923 65.0 2012054 2011395 genome.dna 46971 46308 NC_000907.gbk
1160 53.6 2027618 2026698 genome.dna 1597279 1598215 NC_000907.gbk
1528 72.2 2038594 2039550 genome.dna 433764 432795 NC_000907.gbk
682 56.9 2040339 2040860 genome.dna 175580 175055 NC_000907.gbk
319 85.7 2040877 2041047 genome.dna 175033 174862 NC_000907.gbk
1383 67.2 2042130 2043083 genome.dna 174677 173726 NC_000907.gbk
1434 71.2 2043101 2044030 genome.dna 173099 172160 NC_000907.gbk
1162 73.3 2044045 2044779 genome.dna 172144 171415 NC_000907.gbk
390 84.0 2044934 2045170 genome.dna 171160 170929 NC_000907.gbk
1075 48.9 2047434 2048453 genome.dna 479030 477986 NC_000907.gbk
876 63.9 2048443 2049102 genome.dna 477997 477337 NC_000907.gbk
760 41.5 2049102 2050112 genome.dna 477341 476357 NC_000907.gbk
1013 57.2 2050132 2050929 genome.dna 476303 475520 NC_000907.gbk
586 72.2 2055442 2055792 genome.dna 1018729 1018378 NC_000907.gbk
1208 53.9 2057749 2058777 genome.dna 1018025 1016969 NC_000907.gbk
987 57.1 2059718 2061022 genome.dna 805979 807314 NC_000907.gbk
5059 64.8 2070405 2066956 genome.dna 1332179 1335620 NC_000907.gbk
1124 44.9 2070545 2071747 genome.dna 1626905 1625723 NC_000907.gbk
907 63.8 2071740 2072447 genome.dna 1621103 1620419 NC_000907.gbk
1409 51.6 2072444 2073691 genome.dna 1620420 1619169 NC_000907.gbk
1093 53.6 2073776 2074690 genome.dna 195914 196829 NC_000907.gbk
944 54.3 2077218 2077982 genome.dna 103208 102452 NC_000907.gbk
526 49.3 2080938 2081411 genome.dna 1392054 1392540 NC_000907.gbk
956 43.2 2106065 2105019 genome.dna 185524 186565 NC_000907.gbk
4162 59.1 2108085 2111138 genome.dna 1234932 1231848 NC_000907.gbk
525 57.4 2111138 2111554 genome.dna 1230923 1230506 NC_000907.gbk
1207 51.6 2131621 2133054 genome.dna 1133948 1132421 NC_000907.gbk
462 40.4 2133102 2133671 genome.dna 1132345 1131697 NC_000907.gbk
1042 62.6 2133668 2134339 genome.dna 1131701 1131023 NC_000907.gbk
961 47.0 2134336 2135298 genome.dna 1131027 1130061 NC_000907.gbk
647 51.6 2138606 2139226 genome.dna 1153742 1154381 NC_000907.gbk
965 65.9 2139226 2139882 genome.dna 1154385 1155051 NC_000907.gbk
908 53.9 2139951 2140691 genome.dna 1155108 1155849 NC_000907.gbk
186 36.9 2140688 2140909 genome.dna 1155890 1156094 NC_000907.gbk
535 53.9 2140906 2141388 genome.dna 1156090 1156612 NC_000907.gbk
2918 63.9 2141385 2143340 genome.dna 1156608 1158555 NC_000907.gbk
741 57.2 2143337 2143894 genome.dna 1158693 1159239 NC_000907.gbk
463 46.9 2143891 2144349 genome.dna 1159238 1159700 NC_000907.gbk
531 32.5 2144346 2145215 genome.dna 1159700 1160618 NC_000907.gbk
791 55.5 2146500 2145886 genome.dna 375132 375735 NC_000907.gbk
476 50.7 2146934 2146497 genome.dna 374665 375118 NC_000907.gbk
1226 58.7 2147794 2146931 genome.dna 373805 374669 NC_000907.gbk
1030 63.8 2148473 2147781 genome.dna 372966 373806 NC_000907.gbk
203 33.8 2151231 2150962 genome.dna 370109 370391 NC_000907.gbk
1367 39.1 2152117 2153838 genome.dna 300126 301830 NC_000907.gbk
753 58.1 2153926 2154558 genome.dna 778601 777974 NC_000907.gbk
1437 46.4 2181270 2179897 genome.dna 1679465 1678070 NC_000907.gbk
871 63.9 2181519 2182154 genome.dna 1679508 1680123 NC_000907.gbk
1235 58.2 2184700 2183675 genome.dna 1697611 1698622 NC_000907.gbk
533 70.2 2186467 2186817 genome.dna 1236512 1236836 NC_000907.gbk
925 60.6 2187600 2186929 genome.dna 352322 353012 NC_000907.gbk
671 72.6 2188157 2187750 genome.dna 351841 352249 NC_000907.gbk
446 44.8 2189954 2189487 genome.dna 1648323 1647855 NC_000907.gbk
844 48.4 2190305 2191417 genome.dna 817100 818249 NC_000907.gbk
651 46.7 2191939 2192622 genome.dna 913761 914451 NC_000907.gbk
929 49.3 2194218 2195078 genome.dna 426962 426095 NC_000907.gbk
841 66.0 2203467 2202874 genome.dna 226607 227258 NC_000907.gbk
477 35.3 2203741 2204517 genome.dna 226539 225813 NC_000907.gbk
271 37.9 2214906 2215211 genome.dna 1292363 1292657 NC_000907.gbk
1255 48.6 2215224 2216393 genome.dna 1292656 1293847 NC_000907.gbk
982 64.2 2216576 2217319 genome.dna 1293870 1294563 NC_000907.gbk
517 75.0 2217316 2217645 genome.dna 1294569 1294890 NC_000907.gbk
1150 73.6 2218378 2219073 genome.dna 1090810 1090114 NC_000907.gbk
726 51.0 2224700 2222766 genome.dna 1811194 1809214 NC_000907.gbk
1251 74.5 2239913 2239125 genome.dna 1812065 1811276 NC_000907.gbk
879 51.0 2240881 2240066 genome.dna 1707554 1708364 NC_000907.gbk
1543 65.0 2241873 2240881 genome.dna 1706505 1707555 NC_000907.gbk
885 43.8 2242780 2241890 genome.dna 1705614 1706502 NC_000907.gbk
804 35.6 2243732 2242767 genome.dna 1704659 1705625 NC_000907.gbk
1638 51.2 2252210 2253607 genome.dna 1702893 1701480 NC_000907.gbk
779 46.1 2253604 2254647 genome.dna 46249 45184 NC_000907.gbk
648 59.9 2258625 2258122 genome.dna 812388 811890 NC_000907.gbk
1545 71.3 2263993 2263058 genome.dna 1463575 1462633 NC_000907.gbk
1633 73.0 2267632 2266640 genome.dna 90177 89181 NC_000907.gbk
585 46.8 2275290 2274685 genome.dna 1454204 1453619 NC_000907.gbk
5966 68.4 2275609 2279496 genome.dna 1138114 1134199 NC_000907.gbk
1956 80.2 2487322 2486231 genome.dna 416242 415150 NC_000907.gbk
843 62.7 2488039 2487452 genome.dna 416875 416290 NC_000907.gbk
1718 83.4 2489732 2488785 genome.dna 1674928 1675876 NC_000907.gbk
1077 58.8 2490742 2489870 genome.dna 1673985 1674927 NC_000907.gbk
1849 73.5 2492889 2493971 genome.dna 1632040 1630954 NC_000907.gbk
593 54.5 2493971 2494816 genome.dna 1630462 1629583 NC_000907.gbk
166 34.2 2494828 2495223 genome.dna 1329550 1329934 NC_000907.gbk
528 35.3 2495226 2496035 genome.dna 1629584 1628780 NC_000907.gbk
1602 83.0 2496092 2496946 genome.dna 1628766 1627911 NC_000907.gbk
2382 72.5 2502156 2503685 genome.dna 1446884 1448423 NC_000907.gbk
1862 77.8 2503696 2505084 genome.dna 1448433 1449858 NC_000907.gbk
971 47.5 2506239 2505289 genome.dna 1514385 1515408 NC_000907.gbk
1281 79.5 2507176 2506430 genome.dna 1513584 1514358 NC_000907.gbk
1911 64.2 2542867 2544249 genome.dna 1010327 1008962 NC_000907.gbk
1620 54.4 2544268 2545785 genome.dna 1008165 1006629 NC_000907.gbk
1015 59.2 2552084 2552833 genome.dna 1518435 1519194 NC_000907.gbk
427 39.1 2556939 2556274 genome.dna 1533542 1532813 NC_000907.gbk
1824 60.5 2563367 2561970 genome.dna 1494534 1495929 NC_000907.gbk
922 71.4 2580340 2580921 genome.dna 1752982 1753561 NC_000907.gbk
780 57.5 2580921 2581499 genome.dna 1753648 1754230 NC_000907.gbk
2190 51.0 2581492 2583573 genome.dna 1754230 1756690 NC_000907.gbk
1198 49.6 2583574 2584629 genome.dna 1756694 1757771 NC_000907.gbk
562 47.2 2584640 2585269 genome.dna 1757770 1758394 NC_000907.gbk
911 67.6 2585266 2585973 genome.dna 1758395 1759103 NC_000907.gbk
1124 79.5 2585970 2586605 genome.dna 1759287 1759923 NC_000907.gbk
1350 62.0 2589820 2588846 genome.dna 1266046 1267018 NC_000907.gbk
4131 70.6 2593132 2590532 genome.dna 1450937 1453544 NC_000907.gbk
1239 53.9 2594839 2593787 genome.dna 1751639 1752701 NC_000907.gbk
973 70.5 2598308 2597688 genome.dna 1264291 1264915 NC_000907.gbk
966 52.2 2599344 2598460 genome.dna 1497588 1496763 NC_000907.gbk
1661 52.9 2602958 2604520 genome.dna 1482527 1484084 NC_000907.gbk
758 55.0 2604520 2605098 genome.dna 1484096 1484678 NC_000907.gbk
1272 58.6 2605113 2606180 genome.dna 1485165 1486167 NC_000907.gbk
1436 57.6 2606188 2607555 genome.dna 1486203 1487637 NC_000907.gbk
2207 83.8 2607572 2608762 genome.dna 1519210 1520404 NC_000907.gbk
997 57.1 2608762 2609568 genome.dna 1520403 1521210 NC_000907.gbk
618 50.5 2619430 2619996 genome.dna 878038 878596 NC_000907.gbk
392 59.2 2621565 2621861 genome.dna 879076 879373 NC_000907.gbk
364 51.5 2625646 2625969 genome.dna 1536781 1537105 NC_000907.gbk
1565 70.4 2627092 2626058 genome.dna 1187385 1186386 NC_000907.gbk
1652 76.5 2628084 2627089 genome.dna 1188353 1187381 NC_000907.gbk
1447 69.5 2629004 2628096 genome.dna 1189298 1188362 NC_000907.gbk
1571 74.8 2629936 2629016 genome.dna 1190228 1189307 NC_000907.gbk
1924 53.9 2631627 2629990 genome.dna 1191934 1190308 NC_000907.gbk
794 64.6 2637907 2637311 genome.dna 552744 552192 NC_000907.gbk
405 47.8 2638299 2638706 genome.dna 1655764 1656169 NC_000907.gbk
1413 73.6 2639766 2638855 genome.dna 863229 862341 NC_000907.gbk
353 39.2 2642181 2642648 genome.dna 312593 312107 NC_000907.gbk
1341 71.1 2642732 2643580 genome.dna 1656238 1657075 NC_000907.gbk
744 50.2 2645012 2644386 genome.dna 1314301 1313638 NC_000907.gbk
1351 71.4 2645457 2646263 genome.dna 44463 43659 NC_000907.gbk
1644 64.0 2648577 2646652 genome.dna 465333 467289 NC_000907.gbk
567 45.7 2649224 2648673 genome.dna 1613938 1614493 NC_000907.gbk
1615 42.5 2649493 2651343 genome.dna 1613841 1611993 NC_000907.gbk
1789 82.9 2654735 2655739 genome.dna 1 1021 NC_000907.gbk
742 44.3 2672840 2672121 genome.dna 449488 448762 NC_000907.gbk
2350 68.9 2673071 2674651 genome.dna 449612 451157 NC_000907.gbk
578 46.9 2674846 2675376 genome.dna 451166 451700 NC_000907.gbk
505 44.8 2676960 2676514 genome.dna 1434147 1434612 NC_000907.gbk
957 41.0 2681594 2680470 genome.dna 411951 413151 NC_000907.gbk
2458 65.5 2683421 2681736 genome.dna 410263 411952 NC_000907.gbk
689 50.4 2685383 2684682 genome.dna 408934 409645 NC_000907.gbk
2499 59.1 2687417 2685498 genome.dna 406999 408922 NC_000907.gbk
324 48.2 2687612 2687956 genome.dna 1691108 1691459 NC_000907.gbk
2136 69.2 2691006 2692370 genome.dna 323867 322499 NC_000907.gbk
621 36.6 2693453 2692521 genome.dna 1450842 1449975 NC_000907.gbk
1400 73.5 2704043 2704957 genome.dna 387283 386401 NC_000907.gbk
1341 71.4 2704954 2705844 genome.dna 386402 385481 NC_000907.gbk
1327 72.5 2705844 2706707 genome.dna 385478 384629 NC_000907.gbk
1179 60.5 2706704 2707561 genome.dna 384637 383821 NC_000907.gbk
1636 57.1 2722186 2723580 genome.dna 1221871 1223194 NC_000907.gbk
402 64.4 2728844 2728548 genome.dna 1391711 1392002 NC_000907.gbk
3501 65.8 2731236 2728849 genome.dna 1389322 1391710 NC_000907.gbk
1699 76.6 2732234 2731251 genome.dna 1388299 1389289 NC_000907.gbk
711 94.9 2732903 2732547 genome.dna 1396042 1396396 NC_000907.gbk
347 81.5 2733144 2732947 genome.dna 1395778 1395976 NC_000907.gbk
884 78.0 2733782 2733240 genome.dna 1395025 1395568 NC_000907.gbk
3510 78.1 2735713 2733785 genome.dna 1454488 1456420 NC_000907.gbk
1228 67.1 2741372 2740491 genome.dna 767517 768369 NC_000907.gbk
734 52.7 2755854 2756510 genome.dna 738385 739108 NC_000907.gbk
1950 77.6 2757088 2758194 genome.dna 186839 188096 NC_000907.gbk
584 47.3 2758197 2758835 genome.dna 679683 680301 NC_000907.gbk
2327 75.2 2759027 2760397 genome.dna 680323 681694 NC_000907.gbk
1467 54.5 2765355 2764123 genome.dna 1424442 1425681 NC_000907.gbk
1652 67.2 2765687 2766838 genome.dna 1424177 1423028 NC_000907.gbk
1216 60.1 2766822 2767682 genome.dna 1423045 1422184 NC_000907.gbk
1202 71.6 2767679 2768455 genome.dna 1422159 1421415 NC_000907.gbk
1212 53.4 2768546 2769589 genome.dna 514822 513769 NC_000907.gbk
409 37.5 2770193 2769657 genome.dna 423566 424139 NC_000907.gbk
2191 52.8 2775696 2773681 genome.dna 1738173 1736085 NC_000907.gbk
1221 43.4 2777360 2778640 genome.dna 1739015 1740266 NC_000907.gbk
2474 40.5 2778643 2781285 genome.dna 1740249 1742895 NC_000907.gbk
670 58.8 2788070 2787564 genome.dna 1481104 1481602 NC_000907.gbk
509 37.0 2793288 2792647 genome.dna 48972 48333 NC_000907.gbk
1276 42.0 2794931 2793456 genome.dna 578375 576890 NC_000907.gbk
383 30.7 2795320 2796189 genome.dna 159581 158714 NC_000907.gbk
2363 77.1 2796565 2798007 genome.dna 1640231 1641668 NC_000907.gbk
1019 47.7 2799095 2798118 genome.dna 214866 215823 NC_000907.gbk
1093 43.4 2800594 2799272 genome.dna 429834 431262 NC_000907.gbk
654 45.1 2801608 2800607 genome.dna 133906 134920 NC_000907.gbk
947 55.2 2801685 2802443 genome.dna 429663 428856 NC_000907.gbk
1028 58.8 2802440 2803225 genome.dna 428857 428071 NC_000907.gbk
1764 80.1 2809298 2808294 genome.dna 345061 344053 NC_000907.gbk
791 58.7 2809923 2809306 genome.dna 345683 345068 NC_000907.gbk
785 76.5 2810663 2810151 genome.dna 346318 345745 NC_000907.gbk
1231 73.7 2811487 2810744 genome.dna 347105 346364 NC_000907.gbk
498 51.7 2811954 2811511 genome.dna 347729 347264 NC_000907.gbk
3112 77.8 2813755 2811956 genome.dna 349529 347762 NC_000907.gbk
1099 67.8 2828026 2828805 genome.dna 350318 351044 NC_000907.gbk
1424 63.2 2828802 2829785 genome.dna 1428887 1427921 NC_000907.gbk
2746 70.2 2835515 2837245 genome.dna 1649296 1651030 NC_000907.gbk
1395 42.7 2838878 2837343 genome.dna 1024205 1022672 NC_000907.gbk
395 41.3 2844986 2844408 genome.dna 1615095 1614540 NC_000907.gbk
2745 63.9 2854450 2852540 genome.dna 1378845 1380789 NC_000907.gbk
1367 58.8 2859653 2858643 genome.dna 1498607 1497587 NC_000907.gbk
3534 61.1 2862472 2859857 genome.dna 1682804 1680194 NC_000907.gbk
2578 78.7 2864092 2865492 genome.dna 1382985 1381581 NC_000907.gbk
1678 62.4 2867225 2868415 genome.dna 1684755 1685946 NC_000907.gbk
769 49.8 2869134 2868487 genome.dna 1733151 1732512 NC_000907.gbk
842 34.5 2871686 2869944 genome.dna 1736012 1734542 NC_000907.gbk
6250 64.5 2876547 2872108 genome.dna 1465836 1470369 NC_000907.gbk
963 66.2 2877296 2876601 genome.dna 1465105 1465837 NC_000907.gbk
1962 64.9 2878629 2877304 genome.dna 1463724 1465059 NC_000907.gbk
1081 63.9 2884168 2883416 genome.dna 60250 59485 NC_000907.gbk
1123 51.3 2885460 2884459 genome.dna 61319 60320 NC_000907.gbk
2586 67.8 2887241 2885457 genome.dna 63155 61391 NC_000907.gbk
754 35.2 2889516 2887243 genome.dna 65562 63195 NC_000907.gbk
409 60.6 2890870 2890553 genome.dna 1239379 1239724 NC_000907.gbk
1853 57.8 2895155 2896582 genome.dna 1472238 1473660 NC_000907.gbk
2083 63.1 2902776 2901247 genome.dna 25769 24266 NC_000907.gbk
1229 64.9 2903705 2902830 genome.dna 26641 25783 NC_000907.gbk
316 54.3 2903995 2903705 genome.dna 26943 26655 NC_000907.gbk
939 44.3 2905083 2904019 genome.dna 27988 26980 NC_000907.gbk
1369 71.1 2916384 2917283 genome.dna 490630 491542 NC_000907.gbk
1644 59.5 2917289 2918617 genome.dna 491634 492918 NC_000907.gbk
1442 60.3 2918614 2919687 genome.dna 492986 494090 NC_000907.gbk
1069 62.4 2919703 2920770 genome.dna 494201 495290 NC_000907.gbk
696 54.4 2920770 2921360 genome.dna 495355 495955 NC_000907.gbk
1035 62.4 2921367 2922104 genome.dna 495990 496740 NC_000907.gbk
1387 80.9 2922086 2922862 genome.dna 496721 497498 NC_000907.gbk
450 58.5 2922856 2923488 genome.dna 497497 498163 NC_000907.gbk
382 58.7 2923933 2923649 genome.dna 1292004 1292289 NC_000907.gbk
2828 77.9 2925698 2924025 genome.dna 1290232 1291882 NC_000907.gbk
867 63.0 2926492 2925815 genome.dna 1289455 1290157 NC_000907.gbk
1924 69.5 2928002 2926713 genome.dna 1657074 1658373 NC_000907.gbk
1304 54.5 2929170 2928085 genome.dna 1239189 1238100 NC_000907.gbk
2718 68.0 2929563 2931326 genome.dna 1346707 1344943 NC_000907.gbk
1036 53.2 2931779 2932639 genome.dna 195411 194556 NC_000907.gbk
3129 83.0 2932697 2934979 genome.dna 194529 192210 NC_000907.gbk
1337 73.9 2966712 2967509 genome.dna 192080 191339 NC_000907.gbk
2193 76.6 2975613 2974318 genome.dna 117826 119116 NC_000907.gbk
2114 71.1 2977060 2975717 genome.dna 1659795 1658454 NC_000907.gbk
684 51.2 2977679 2977068 genome.dna 1660473 1659855 NC_000907.gbk
792 78.5 2981911 2981417 genome.dna 1663762 1663261 NC_000907.gbk
1591 73.6 2982496 2983455 genome.dna 1228527 1227570 NC_000907.gbk
2079 53.9 2983684 2985450 genome.dna 1227499 1225738 NC_000907.gbk
1725 47.4 2985450 2987189 genome.dna 1225739 1224008 NC_000907.gbk
440 93.1 2988043 2988261 genome.dna 569580 569361 NC_000907.gbk
306 68.2 2993630 2993851 genome.dna 1523211 1522992 NC_000907.gbk
1069 67.9 3002815 3003543 genome.dna 1247989 1247257 NC_000907.gbk
627 57.3 3004307 3005023 genome.dna 1246517 1245851 NC_000907.gbk
832 58.3 3005023 3005691 genome.dna 1245852 1245168 NC_000907.gbk
767 48.6 3005969 3006700 genome.dna 1247240 1246520 NC_000907.gbk
1470 57.2 3008215 3007088 genome.dna 1016977 1015798 NC_000907.gbk
840 44.1 3015344 3014433 genome.dna 1604700 1603791 NC_000907.gbk
452 76.5 3016496 3016762 genome.dna 1604816 1605080 NC_000907.gbk
882 62.4 3019705 3020373 genome.dna 1182409 1183081 NC_000907.gbk
550 43.8 3043567 3044349 genome.dna 1340431 1339750 NC_000907.gbk
896 61.8 3046334 3045672 genome.dna 1534628 1533971 NC_000907.gbk
1840 70.7 3050037 3051158 genome.dna 200610 199473 NC_000907.gbk
1039 54.2 3051198 3052058 genome.dna 199465 198637 NC_000907.gbk
1202 55.1 3058890 3057901 genome.dna 1627852 1626904 NC_000907.gbk
933 45.7 3064423 3065496 genome.dna 1708375 1709392 NC_000907.gbk
1885 54.6 3068393 3066702 genome.dna 469935 468264 NC_000907.gbk
1128 55.7 3069350 3068412 genome.dna 470878 469936 NC_000907.gbk
461 38.6 3075141 3075722 genome.dna 1718352 1717800 NC_000907.gbk
1121 42.2 3083683 3082493 genome.dna 1316427 1315230 NC_000907.gbk
865 57.3 3084419 3083724 genome.dna 1317127 1316428 NC_000907.gbk
381 64.8 3086967 3087251 genome.dna 1692761 1693049 NC_000907.gbk
1126 53.0 3089593 3088583 genome.dna 889367 888350 NC_000907.gbk
217 44.3 3089796 3090026 genome.dna 889492 889711 NC_000907.gbk
1560 39.8 3090041 3091789 genome.dna 889712 891470 NC_000907.gbk
1423 64.7 3140563 3139631 genome.dna 304808 303875 NC_000907.gbk
1150 75.0 3140808 3141479 genome.dna 933946 934684 NC_000907.gbk
587 57.3 3155124 3154672 genome.dna 1743402 1742949 NC_000907.gbk
329 58.0 3155372 3155127 genome.dna 1743648 1743402 NC_000907.gbk
787 81.3 3155863 3155369 genome.dna 1744132 1743649 NC_000907.gbk
1373 59.6 3157424 3156435 genome.dna 1745237 1744223 NC_000907.gbk
3415 77.6 3161386 3159374 genome.dna 1324529 1322489 NC_000907.gbk
665 35.9 3165022 3163865 genome.dna 1624404 1623261 NC_000907.gbk
1306 59.4 3166099 3165062 genome.dna 1086135 1087137 NC_000907.gbk
1740 60.0 3166195 3167499 genome.dna 1625705 1624412 NC_000907.gbk
642 43.8 3169188 3169883 genome.dna 1376579 1377275 NC_000907.gbk
809 46.8 3170057 3170947 genome.dna 1427000 1427879 NC_000907.gbk
1589 59.9 3178804 3180039 genome.dna 1534765 1535980 NC_000907.gbk
1028 64.4 3180042 3180794 genome.dna 1535983 1536715 NC_000907.gbk
1116 39.3 3186824 3188245 genome.dna 22687 21247 NC_000907.gbk
482 57.6 3195210 3194782 genome.dna 1008583 1008184 NC_000907.gbk
202 43.8 3195440 3195210 genome.dna 1008816 1008582 NC_000907.gbk
821 66.3 3228583 3228035 genome.dna 138799 139357 NC_000907.gbk
2652 65.2 3230474 3228642 genome.dna 59484 57654 NC_000907.gbk
1607 58.6 3353699 3354838 genome.dna 1140339 1139202 NC_000907.gbk
1042 50.0 3356794 3355865 genome.dna 10466 11375 NC_000907.gbk
2132 77.0 3389494 3390708 genome.dna 319803 321018 NC_000907.gbk
399 41.5 3395281 3394826 genome.dna 1272353 1272797 NC_000907.gbk
1815 68.0 3395711 3396913 genome.dna 1272139 1270933 NC_000907.gbk
3310 68.3 3396993 3399131 genome.dna 1270866 1268730 NC_000907.gbk
888 44.6 3402984 3403889 genome.dna 1275848 1274957 NC_000907.gbk
2309 68.0 3409858 3408341 genome.dna 1273385 1274903 NC_000907.gbk
709 67.5 3410380 3409880 genome.dna 1272883 1273375 NC_000907.gbk
1101 52.3 3412525 3411257 genome.dna 1338149 1339463 NC_000907.gbk
1425 73.0 3413548 3412631 genome.dna 1337266 1338157 NC_000907.gbk
1179 64.8 3415469 3414618 genome.dna 1710293 1709483 NC_000907.gbk
327 30.4 3416479 3415469 genome.dna 1522301 1521347 NC_000907.gbk
1890 71.2 3421622 3420405 genome.dna 1606367 1605146 NC_000907.gbk
621 52.8 3424753 3424208 genome.dna 1633094 1632557 NC_000907.gbk
989 58.7 3425582 3424782 genome.dna 214052 214820 NC_000907.gbk
865 45.9 3426437 3425592 genome.dna 213174 214035 NC_000907.gbk
1860 76.7 3427528 3426443 genome.dna 212016 213090 NC_000907.gbk
1309 59.3 3428548 3427616 genome.dna 1268021 1267076 NC_000907.gbk
592 54.2 3428721 3429263 genome.dna 1268131 1268656 NC_000907.gbk
317 38.8 3429830 3429348 genome.dna 1415001 1415496 NC_000907.gbk
317 38.8 3429830 3429348 genome.dna 1546608 1546113 NC_000907.gbk
337 52.2 3440395 3440099 genome.dna 421937 421649 NC_000907.gbk
351 41.7 3440778 3442064 genome.dna 422143 423523 NC_000907.gbk
694 43.4 3444907 3444146 genome.dna 766151 766904 NC_000907.gbk
711 46.1 3454778 3454008 genome.dna 1555803 1555041 NC_000907.gbk
1210 53.9 3455799 3454780 genome.dna 1556809 1555795 NC_000907.gbk
1496 65.0 3456860 3455796 genome.dna 1557851 1556795 NC_000907.gbk
702 37.5 3501629 3502645 genome.dna 104276 105274 NC_000907.gbk
1059 37.5 3502786 3504363 genome.dna 105475 106912 NC_000907.gbk
837 41.8 3504366 3505406 genome.dna 106913 107969 NC_000907.gbk
1290 68.6 3516455 3517318 genome.dna 640923 640074 NC_000907.gbk
2395 73.8 3519048 3517663 genome.dna 85959 84579 NC_000907.gbk
765 69.6 3520193 3520687 genome.dna 86061 86571 NC_000907.gbk
752 50.2 3520698 3521420 genome.dna 789054 789768 NC_000907.gbk
783 76.1 3521609 3522118 genome.dna 1682964 1683459 NC_000907.gbk
1356 59.6 3522115 3523185 genome.dna 1683528 1684617 NC_000907.gbk
1579 58.4 3523656 3524945 genome.dna 325140 323901 NC_000907.gbk
1302 54.5 3540580 3539417 genome.dna 871068 869913 NC_000907.gbk
1735 68.8 3541630 3540590 genome.dna 872194 871144 NC_000907.gbk
1129 52.9 3542091 3543101 genome.dna 872401 873400 NC_000907.gbk
2374 61.9 3556399 3554642 genome.dna 1716286 1714591 NC_000907.gbk
1601 30.0 3560370 3563492 genome.dna 948515 951614 NC_000907.gbk
1059 36.1 3566972 3568372 genome.dna 898106 899498 NC_000907.gbk
2383 77.0 3573115 3574479 genome.dna 441506 442889 NC_000907.gbk
656 43.5 3577570 3576767 genome.dna 438549 439359 NC_000907.gbk
571 40.4 3578361 3577567 genome.dna 437759 438557 NC_000907.gbk
2758 77.2 3590632 3589055 genome.dna 251124 252696 NC_000907.gbk
2581 81.3 3592205 3590739 genome.dna 248947 250414 NC_000907.gbk
1680 57.9 3592378 3593766 genome.dna 418568 419888 NC_000907.gbk
2303 70.3 3599984 3598497 genome.dna 151801 150286 NC_000907.gbk
483 37.4 3601941 3601321 genome.dna 393961 394576 NC_000907.gbk
1875 65.9 3603229 3601955 genome.dna 392673 393945 NC_000907.gbk
2022 85.6 3604488 3603367 genome.dna 391557 392664 NC_000907.gbk
1910 72.2 3607701 3606505 genome.dna 388751 389924 NC_000907.gbk
580 63.8 3608433 3608005 genome.dna 929408 929834 NC_000907.gbk
327 71.0 3616273 3616073 genome.dna 394821 394626 NC_000907.gbk
529 61.8 3616630 3616295 genome.dna 395162 394820 NC_000907.gbk
2581 66.8 3618482 3616632 genome.dna 397061 395201 NC_000907.gbk
356 31.4 3619075 3618557 genome.dna 398341 397816 NC_000907.gbk
540 73.8 3619470 3619147 genome.dna 398677 398353 NC_000907.gbk
718 84.8 3619938 3619552 genome.dna 399150 398733 NC_000907.gbk
2124 77.2 3621177 3619963 genome.dna 400388 399173 NC_000907.gbk
604 67.4 3621953 3621459 genome.dna 400907 400454 NC_000907.gbk
795 53.9 3622783 3622058 genome.dna 401685 400959 NC_000907.gbk
1115 63.6 3622920 3623723 genome.dna 997057 996253 NC_000907.gbk
410 35.9 3631822 3630734 genome.dna 1326111 1325142 NC_000907.gbk
544 41.5 3632472 3631813 genome.dna 1326734 1326113 NC_000907.gbk
873 36.6 3633677 3632517 genome.dna 341451 342618 NC_000907.gbk
2033 71.6 3635387 3634134 genome.dna 942962 944228 NC_000907.gbk
603 76.8 3640872 3640534 genome.dna 364512 364851 NC_000907.gbk
6039 68.8 3649390 3645506 genome.dna 812966 816929 NC_000907.gbk
1472 48.4 3649670 3651115 genome.dna 263590 264979 NC_000907.gbk
602 60.4 3651787 3651263 genome.dna 960361 960883 NC_000907.gbk
978 52.4 3653449 3652523 genome.dna 818258 819170 NC_000907.gbk
465 69.8 3679566 3679826 genome.dna 550533 550794 NC_000907.gbk
925 64.6 3681774 3681037 genome.dna 359128 359839 NC_000907.gbk
1509 76.7 3682691 3681786 genome.dna 14331 13422 NC_000907.gbk
910 62.5 3683368 3682688 genome.dna 15011 14327 NC_000907.gbk
726 38.9 3684626 3683661 genome.dna 16062 15012 NC_000907.gbk
3502 87.1 3686442 3684643 genome.dna 17867 16070 NC_000907.gbk
326 36.6 3687191 3686739 genome.dna 896737 897172 NC_000907.gbk
736 38.4 3688150 3687188 genome.dna 669085 670033 NC_000907.gbk
417 37.7 3688797 3688150 genome.dna 668418 669006 NC_000907.gbk
929 74.1 3689432 3688857 genome.dna 667824 668394 NC_000907.gbk
586 44.2 3692248 3691502 genome.dna 445393 446116 NC_000907.gbk
1858 64.6 3692383 3693708 genome.dna 445348 444028 NC_000907.gbk
649 74.0 3694161 3693778 genome.dna 18418 18034 NC_000907.gbk
1060 70.6 3694571 3695257 genome.dna 18675 19335 NC_000907.gbk
2284 71.1 3698228 3696813 genome.dna 308877 307434 NC_000907.gbk
490 37.5 3708260 3707103 genome.dna 101581 100474 NC_000907.gbk
829 56.3 3711890 3712588 genome.dna 1283821 1284511 NC_000907.gbk
629 79.1 3714535 3714188 genome.dna 1795467 1795812 NC_000907.gbk
2423 48.8 3724928 3722451 genome.dna 1796173 1798519 NC_000907.gbk
790 52.0 3728155 3728859 genome.dna 1678062 1677345 NC_000907.gbk
710 71.1 3729128 3729583 genome.dna 65820 66258 NC_000907.gbk
1561 52.8 3730782 3732230 genome.dna 66505 67864 NC_000907.gbk
562 57.5 3732230 3732727 genome.dna 67872 68355 NC_000907.gbk
987 65.7 3737076 3737717 genome.dna 1381506 1380816 NC_000907.gbk
787 66.5 3738313 3737777 genome.dna 1221026 1221566 NC_000907.gbk
974 63.6 3749695 3748958 genome.dna 153262 152491 NC_000907.gbk
723 67.5 3749751 3750215 genome.dna 153322 153787 NC_000907.gbk
622 44.1 3750989 3751744 genome.dna 1350113 1350830 NC_000907.gbk
4322 76.9 3762599 3760023 genome.dna 906975 909546 NC_000907.gbk
836 53.7 3763458 3762733 genome.dna 188874 188139 NC_000907.gbk
1569 71.4 3764478 3763501 genome.dna 189850 188875 NC_000907.gbk
641 43.0 3764613 3765347 genome.dna 189957 190746 NC_000907.gbk
452 66.3 3765670 3766011 genome.dna 287389 287713 NC_000907.gbk
1385 55.6 3766362 3767522 genome.dna 1214368 1215526 NC_000907.gbk
1418 56.2 3768744 3767623 genome.dna 1371055 1372189 NC_000907.gbk
663 86.8 3773009 3772662 genome.dna 217380 217029 NC_000907.gbk
1411 82.5 3773827 3773072 genome.dna 218157 217416 NC_000907.gbk
820 66.1 3774414 3773866 genome.dna 218722 218194 NC_000907.gbk
422 73.2 3774681 3774433 genome.dna 219015 218766 NC_000907.gbk
2319 78.3 3776200 3774839 genome.dna 114665 113276 NC_000907.gbk
835 71.1 3777786 3777271 genome.dna 509451 509955 NC_000907.gbk
364 47.1 3780004 3779576 genome.dna 508648 509122 NC_000907.gbk
527 42.0 3780567 3780001 genome.dna 508046 508649 NC_000907.gbk
284 69.0 3782025 3781840 genome.dna 863442 863250 NC_000907.gbk
4085 68.2 3784972 3782345 genome.dna 866144 863519 NC_000907.gbk
1699 73.0 3786717 3785644 genome.dna 622556 621491 NC_000907.gbk
1715 63.5 3882715 3881462 genome.dna 1313618 1312364 NC_000907.gbk
1533 65.7 3883829 3882726 genome.dna 956114 957221 NC_000907.gbk
790 74.5 3886357 3885899 genome.dna 717158 716690 NC_000907.gbk
790 74.5 3886357 3885899 genome.dna 737138 736670 NC_000907.gbk
1664 52.5 3886800 3888260 genome.dna 717268 718723 NC_000907.gbk
814 46.5 3893140 3892373 genome.dna 1102477 1101592 NC_000907.gbk
1005 77.7 3893814 3893233 genome.dna 1248700 1248115 NC_000907.gbk
700 31.2 3911288 3910026 genome.dna 609240 610476 NC_000907.gbk
1221 47.4 3932105 3933280 genome.dna 955349 954176 NC_000907.gbk
2407 69.5 3933298 3934833 genome.dna 954167 952634 NC_000907.gbk
695 33.9 3938096 3936945 genome.dna 447204 446148 NC_000907.gbk
1576 52.4 3942520 3943878 genome.dna 447350 448718 NC_000907.gbk
870 69.7 3952181 3951618 genome.dna 656211 656766 NC_000907.gbk
1448 64.5 3952362 3953393 genome.dna 656036 654998 NC_000907.gbk
1040 58.5 3954101 3954916 genome.dna 654280 653458 NC_000907.gbk
881 54.1 3955431 3956147 genome.dna 526183 526903 NC_000907.gbk
2884 76.2 3956293 3958011 genome.dna 782565 784284 NC_000907.gbk
1013 48.0 3962437 3961391 genome.dna 747227 748247 NC_000907.gbk
801 72.6 3963052 3962555 genome.dna 715616 715139 NC_000907.gbk
788 54.2 3963804 3963091 genome.dna 716290 715612 NC_000907.gbk
244 46.2 3964143 3963808 genome.dna 716568 716289 NC_000907.gbk
143 30.9 3984884 3985300 genome.dna 1257577 1257151 NC_000907.gbk
2350 86.0 4001743 4000448 genome.dna 991234 989923 NC_000907.gbk
3042 81.8 4003479 4001842 genome.dna 1142570 1144208 NC_000907.gbk
860 47.9 4004518 4003706 genome.dna 480782 481574 NC_000907.gbk
3256 63.0 4007080 4004843 genome.dna 361232 363464 NC_000907.gbk
1321 43.8 4008483 4007131 genome.dna 359838 361155 NC_000907.gbk
1446 59.7 4012636 4011491 genome.dna 99085 97948 NC_000907.gbk
2702 61.0 4027241 4025196 genome.dna 1163564 1161551 NC_000907.gbk
2146 68.2 4028828 4027398 genome.dna 1597183 1595752 NC_000907.gbk
1683 51.0 4031933 4029078 genome.dna 73051 75997 NC_000907.gbk
497 36.8 4033670 4034290 genome.dna 1671413 1672025 NC_000907.gbk
1611 56.3 4034399 4035643 genome.dna 1672031 1673282 NC_000907.gbk
476 64.3 4037027 4036671 genome.dna 299403 299046 NC_000907.gbk
977 66.3 4037132 4037767 genome.dna 299485 300085 NC_000907.gbk
272 34.9 4039680 4040210 genome.dna 140454 139923 NC_000907.gbk
1530 32.7 4044694 4040657 genome.dna 744109 740212 NC_000907.gbk
1734 43.2 4046550 4044691 genome.dna 745855 744118 NC_000907.gbk
1444 51.3 4047693 4049018 genome.dna 474919 473620 NC_000907.gbk
494 46.6 4049638 4050216 genome.dna 47852 47297 NC_000907.gbk
433 34.6 4050959 4050219 genome.dna 579137 578450 NC_000907.gbk
2715 59.7 4051288 4053240 genome.dna 605663 603689 NC_000907.gbk
890 60.2 4056533 4057198 genome.dna 1745681 1746353 NC_000907.gbk
689 72.5 4059979 4059527 genome.dna 568216 567766 NC_000907.gbk
463 94.7 4060248 4060021 genome.dna 568460 568232 NC_000907.gbk
351 55.9 4060573 4060253 genome.dna 568757 568472 NC_000907.gbk
619 74.8 4060971 4060579 genome.dna 569163 568785 NC_000907.gbk
1140 69.4 4068636 4067902 genome.dna 910323 909582 NC_000907.gbk
3290 63.9 4071195 4068739 genome.dna 912727 910378 NC_000907.gbk
887 61.3 4076900 4077613 genome.dna 97195 97909 NC_000907.gbk
922 53.8 4077711 4078532 genome.dna 340636 341452 NC_000907.gbk
519 38.8 4078582 4079136 genome.dna 1100866 1101412 NC_000907.gbk
719 56.0 4079441 4080034 genome.dna 290098 289510 NC_000907.gbk
1809 67.4 4080027 4081166 genome.dna 485218 486370 NC_000907.gbk
221 34.0 4102382 4101120 genome.dna 780054 778806 NC_000907.gbk
1462 67.6 4109655 4110677 genome.dna 673495 674479 NC_000907.gbk
2066 68.1 4114440 4115846 genome.dna 1641701 1643216 NC_000907.gbk
1400 58.8 4115888 4116970 genome.dna 1643225 1644308 NC_000907.gbk
284 34.8 4135448 4135032 genome.dna 351370 351775 NC_000907.gbk
5167 80.7 4139901 4137067 genome.dna 282270 279438 NC_000907.gbk
598 57.3 4140147 4140710 genome.dna 282423 282930 NC_000907.gbk
172 34.0 4145402 4144980 genome.dna 1567566 1568124 NC_000907.gbk
1401 47.7 4159330 4160865 genome.dna 1572523 1574050 NC_000907.gbk
313 41.1 4163157 4163606 genome.dna 1637207 1636790 NC_000907.gbk
288 40.7 4218717 4218358 genome.dna 1795813 1796167 NC_000907.gbk
2564 81.3 4231793 4230366 genome.dna 1301983 1300546 NC_000907.gbk
1758 69.5 4233904 4232027 genome.dna 1303800 1302096 NC_000907.gbk
4276 69.0 4236582 4233919 genome.dna 1306523 1303862 NC_000907.gbk
741 59.0 4243540 4242965 genome.dna 334211 334766 NC_000907.gbk
319 39.2 4246180 4246626 genome.dna 334096 333646 NC_000907.gbk
1011 40.9 4246629 4248101 genome.dna 333650 332255 NC_000907.gbk
601 48.0 4250722 4251348 genome.dna 944298 944919 NC_000907.gbk
263 57.6 4252166 4252360 genome.dna 944911 945118 NC_000907.gbk
417 50.8 4252799 4252404 genome.dna 964501 964912 NC_000907.gbk
4057 67.8 4255592 4252890 genome.dna 961731 964437 NC_000907.gbk
1585 77.3 4257707 4256787 genome.dna 1213324 1214242 NC_000907.gbk
1229 55.7 4258960 4257809 genome.dna 1212020 1213286 NC_000907.gbk
1513 53.2 4260285 4259029 genome.dna 1210659 1211937 NC_000907.gbk
544 36.8 4261166 4260282 genome.dna 1209876 1210641 NC_000907.gbk
1186 58.4 4262088 4261168 genome.dna 1208956 1209877 NC_000907.gbk
2104 66.2 4263557 4262097 genome.dna 1207457 1208885 NC_000907.gbk
1418 63.0 4264711 4263620 genome.dna 1206264 1207320 NC_000907.gbk
1330 51.4 4265910 4264708 genome.dna 1205068 1206253 NC_000907.gbk
1560 57.5 4267226 4265910 genome.dna 1203733 1205047 NC_000907.gbk
1890 75.6 4268312 4267230 genome.dna 1202528 1203611 NC_000907.gbk
1446 52.3 4269667 4268306 genome.dna 1201161 1202535 NC_000907.gbk
1733 55.3 4271151 4269664 genome.dna 1199681 1201148 NC_000907.gbk
1915 54.2 4272901 4271138 genome.dna 1197839 1199672 NC_000907.gbk
235 42.1 4273245 4272925 genome.dna 1197503 1197827 NC_000907.gbk
1294 62.3 4274186 4273242 genome.dna 1196535 1197501 NC_000907.gbk
627 58.6 4274647 4274189 genome.dna 1196049 1196505 NC_000907.gbk
735 70.0 4277861 4277370 genome.dna 1651814 1651322 NC_000907.gbk
2855 72.3 4279582 4277864 genome.dna 1653535 1651813 NC_000907.gbk
2132 53.4 4281750 4279945 genome.dna 1189 3013 NC_000907.gbk
2232 65.9 4282166 4283764 genome.dna 1043354 1044902 NC_000907.gbk
1727 72.0 4283764 4284855 genome.dna 1044987 1046064 NC_000907.gbk
2297 73.6 4284858 4286258 genome.dna 1046239 1047649 NC_000907.gbk
975 69.8 4286272 4286874 genome.dna 1047672 1048275 NC_000907.gbk
1068 50.3 4296705 4297769 genome.dna 1082772 1083771 NC_000907.gbk
1402 43.8 4297745 4299352 genome.dna 1083775 1085392 NC_000907.gbk
738 55.4 4299357 4300049 genome.dna 1085375 1086023 NC_000907.gbk
1699 53.7 4309359 4312262 genome.dna 648321 651093 NC_000907.gbk
955 61.7 4312461 4313114 genome.dna 651095 651755 NC_000907.gbk
792 46.2 4314086 4313211 genome.dna 305674 304807 NC_000907.gbk
2142 46.2 4314274 4316637 genome.dna 786720 784371 NC_000907.gbk
1256 67.2 4319027 4319845 genome.dna 569785 570649 NC_000907.gbk
1031 51.6 4320238 4321083 genome.dna 571716 572544 NC_000907.gbk
552 49.4 4323873 4323391 genome.dna 956014 955531 NC_000907.gbk
1222 67.4 4333114 4332293 genome.dna 1386309 1387122 NC_000907.gbk
1425 68.5 4334402 4333452 genome.dna 1071995 1072940 NC_000907.gbk
538 52.3 4335368 4334856 genome.dna 1071483 1071999 NC_000907.gbk
1087 55.0 4339154 4338213 genome.dna 1022638 1021699 NC_000907.gbk
391 70.9 4339580 4339843 genome.dna 1024513 1024777 NC_000907.gbk
1316 51.6 4342070 4340889 genome.dna 255474 254271 NC_000907.gbk
1769 66.1 4343498 4342359 genome.dna 1311101 1312286 NC_000907.gbk
3132 76.6 4345514 4343607 genome.dna 1309143 1311051 NC_000907.gbk
999 75.8 4348720 4348133 genome.dna 363917 364511 NC_000907.gbk
1586 76.8 4351229 4350276 genome.dna 1192229 1193183 NC_000907.gbk
1114 66.1 4351702 4352475 genome.dna 1041623 1040846 NC_000907.gbk
1927 68.5 4353827 4352538 genome.dna 93425 92147 NC_000907.gbk
1337 61.3 4354760 4353831 genome.dna 94412 93467 NC_000907.gbk
3329 63.0 4357222 4354763 genome.dna 96872 94424 NC_000907.gbk
1210 76.8 4359083 4359799 genome.dna 937221 936510 NC_000907.gbk
226 40.9 4363012 4362680 genome.dna 881207 881513 NC_000907.gbk
3187 84.7 4365488 4367155 genome.dna 1327860 1329531 NC_000907.gbk
1877 70.9 4372650 4371418 genome.dna 487191 488424 NC_000907.gbk
938 66.5 4373604 4372945 genome.dna 486502 487162 NC_000907.gbk
1792 71.6 4378640 4377564 genome.dna 548265 547185 NC_000907.gbk
1957 80.1 4379941 4378778 genome.dna 549536 548375 NC_000907.gbk
3406 73.2 4383337 4381343 genome.dna 1089259 1087261 NC_000907.gbk
2181 84.6 4388480 4389631 genome.dna 1242024 1243179 NC_000907.gbk
528 49.7 4389952 4390464 genome.dna 1243517 1243988 NC_000907.gbk
1088 67.3 4391555 4392289 genome.dna 337899 338637 NC_000907.gbk
488 42.9 4393344 4393907 genome.dna 338633 339194 NC_000907.gbk
665 72.7 4393907 4394326 genome.dna 339193 339613 NC_000907.gbk
1583 69.7 4395434 4394430 genome.dna 1710526 1711528 NC_000907.gbk
2146 64.9 4395604 4396995 genome.dna 136950 135588 NC_000907.gbk
2250 74.8 4398393 4397095 genome.dna 1695070 1696369 NC_000907.gbk
627 52.9 4399815 4398820 genome.dna 167287 166399 NC_000907.gbk
1383 56.1 4401072 4399819 genome.dna 168519 167286 NC_000907.gbk
1386 66.4 4403893 4402952 genome.dna 72110 73046 NC_000907.gbk
1606 46.1 4405841 4403886 genome.dna 70213 72103 NC_000907.gbk
551 52.2 4408042 4407560 genome.dna 68430 68907 NC_000907.gbk
871 70.2 4435345 4434803 genome.dna 1787238 1787787 NC_000907.gbk
1372 54.0 4435653 4436702 genome.dna 1787168 1786127 NC_000907.gbk
1036 54.3 4436846 4437871 genome.dna 175736 176609 NC_000907.gbk
1310 59.7 4442310 4441333 genome.dna 885867 886869 NC_000907.gbk
3180 76.9 4442783 4444579 genome.dna 885686 883886 NC_000907.gbk
694 74.3 4444572 4445309 genome.dna 883894 883123 NC_000907.gbk
401 43.9 4445320 4445718 genome.dna 883101 882702 NC_000907.gbk
458 50.0 4445733 4446089 genome.dna 882690 882345 NC_000907.gbk
825 69.6 4448185 4447619 genome.dna 356169 355647 NC_000907.gbk
1314 59.2 4448227 4449270 genome.dna 356251 357268 NC_000907.gbk
2875 75.8 4451372 4449723 genome.dna 1644362 1646054 NC_000907.gbk
863 50.7 4479596 4478769 genome.dna 699536 698717 NC_000907.gbk
779 40.4 4482321 4481200 genome.dna 1042798 1041676 NC_000907.gbk
716 63.9 4482450 4482959 genome.dna 662608 663118 NC_000907.gbk
1334 63.4 4482986 4483933 genome.dna 663210 664167 NC_000907.gbk
1454 52.1 4484001 4485290 genome.dna 664166 665522 NC_000907.gbk
1999 63.5 4485347 4486723 genome.dna 665534 666911 NC_000907.gbk
558 64.7 4486815 4487225 genome.dna 666983 667370 NC_000907.gbk
713 86.9 4488068 4487676 genome.dna 853108 853495 NC_000907.gbk
1956 91.5 4489098 4488109 genome.dna 852081 853068 NC_000907.gbk
1201 88.8 4489744 4489124 genome.dna 851429 852050 NC_000907.gbk
810 93.0 4490164 4489775 genome.dna 851012 851402 NC_000907.gbk
615 87.3 4490537 4490181 genome.dna 850641 851010 NC_000907.gbk
225 86.8 4490800 4490684 genome.dna 850388 850502 NC_000907.gbk
2173 74.0 4492165 4490834 genome.dna 849034 850360 NC_000907.gbk
760 80.6 4492607 4492173 genome.dna 848592 849027 NC_000907.gbk
291 79.7 4492790 4492611 genome.dna 848409 848589 NC_000907.gbk
978 92.8 4493297 4492797 genome.dna 847902 848403 NC_000907.gbk
614 80.3 4493665 4493312 genome.dna 847534 847888 NC_000907.gbk
942 81.4 4494208 4493675 genome.dna 846987 847521 NC_000907.gbk
714 86.2 4494614 4494222 genome.dna 846579 846972 NC_000907.gbk
594 90.1 4494953 4494648 genome.dna 846237 846543 NC_000907.gbk
498 74.8 4495835 4495521 genome.dna 845357 845669 NC_000907.gbk
761 94.3 4496217 4495846 genome.dna 844975 845347 NC_000907.gbk
480 85.7 4496635 4496381 genome.dna 843441 843699 NC_000907.gbk
285 74.2 4496826 4496635 genome.dna 843250 843442 NC_000907.gbk
825 91.9 4497236 4496826 genome.dna 842840 843251 NC_000907.gbk
1323 86.8 4497950 4497249 genome.dna 842119 842827 NC_000907.gbk
634 91.8 4498300 4497968 genome.dna 841769 842102 NC_000907.gbk
575 91.2 4498593 4498315 genome.dna 841482 841758 NC_000907.gbk
1625 85.0 4499431 4498610 genome.dna 840635 841457 NC_000907.gbk
453 72.7 4499751 4499449 genome.dna 840318 840618 NC_000907.gbk
1085 83.6 4500353 4499748 genome.dna 839719 840322 NC_000907.gbk
1133 84.7 4500993 4500364 genome.dna 839077 839704 NC_000907.gbk
655 99.0 4501337 4501026 genome.dna 838704 839061 NC_000907.gbk
3906 84.1 4505956 4503842 genome.dna 599848 597745 NC_000907.gbk
902 88.5 4506523 4506053 genome.dna 600402 599931 NC_000907.gbk
784 92.7 4506994 4506620 genome.dna 600933 600558 NC_000907.gbk
128 32.0 4507413 4507126 genome.dna 596078 596366 NC_000907.gbk
300 40.3 4507791 4507432 genome.dna 595710 596070 NC_000907.gbk
331 41.3 4508190 4507801 genome.dna 595333 595714 NC_000907.gbk
962 69.9 4508912 4508190 genome.dna 594668 595334 NC_000907.gbk
611 44.9 4517475 4516657 genome.dna 593854 594580 NC_000907.gbk
219 43.3 4517758 4517976 genome.dna 593757 593535 NC_000907.gbk
872 65.6 4520431 4519847 genome.dna 746578 746005 NC_000907.gbk
1434 39.0 4522627 4520816 genome.dna 965020 966877 NC_000907.gbk
2869 67.1 4523306 4525213 genome.dna 702569 700652 NC_000907.gbk
1081 77.5 4529138 4529770 genome.dna 1014759 1015434 NC_000907.gbk
1775 78.0 4557783 4556779 genome.dna 679555 678550 NC_000907.gbk
677 49.1 4558484 4557780 genome.dna 584709 584034 NC_000907.gbk
1219 79.1 4559154 4558477 genome.dna 585429 584754 NC_000907.gbk
995 55.4 4560090 4559278 genome.dna 223851 224712 NC_000907.gbk
1459 62.6 4562421 4561336 genome.dna 222761 223850 NC_000907.gbk
855 73.3 4562994 4562473 genome.dna 222199 222742 NC_000907.gbk
692 40.6 4564527 4563346 genome.dna 458304 456966 NC_000907.gbk
1498 50.3 4567199 4569754 genome.dna 460644 463239 NC_000907.gbk
593 66.4 4573911 4574321 genome.dna 581950 582346 NC_000907.gbk
1110 58.4 4574406 4575275 genome.dna 860689 859807 NC_000907.gbk
2806 76.6 4575473 4577092 genome.dna 859635 858018 NC_000907.gbk
566 55.4 4592217 4591738 genome.dna 590530 591007 NC_000907.gbk
3461 70.6 4597892 4600225 genome.dna 590435 588146 NC_000907.gbk
539 39.0 4613483 4614184 genome.dna 456958 456268 NC_000907.gbk
986 73.3 4614245 4614820 genome.dna 456193 455596 NC_000907.gbk
1808 40.7 4616966 4614891 genome.dna 1434673 1436773 NC_000907.gbk
966 60.7 4620311 4619553 genome.dna 652389 653157 NC_000907.gbk
332 46.5 4621561 4621244 genome.dna 721454 721136 NC_000907.gbk
3433 61.4 4632742 4630295 genome.dna 1444157 1446623 NC_000907.gbk
1861 55.7 4634257 4632818 genome.dna 1442481 1443912 NC_000907.gbk
1531 49.9 4635563 4634286 genome.dna 1441039 1442374 NC_000907.gbk
2211 51.1 4637576 4635600 genome.dna 1439070 1441050 NC_000907.gbk
3357 62.5 4639754 4637577 genome.dna 1436782 1438975 NC_000907.gbk
1845 72.7 4644844 4643741 genome.dna 691342 690226 NC_000907.gbk
1728 60.5 4652866 4651655 genome.dna 726788 725507 NC_000907.gbk
831 39.4 4654125 4652863 genome.dna 728098 726799 NC_000907.gbk
2525 69.3 4655785 4654115 genome.dna 729779 728087 NC_000907.gbk
828 61.3 4656105 4657454 genome.dna 730071 731514 NC_000907.gbk
1593 64.1 4657530 4658615 genome.dna 732945 734040 NC_000907.gbk
712 42.8 4659594 4658794 genome.dna 619753 620572 NC_000907.gbk
516 31.6 4660732 4659695 genome.dna 690172 689230 NC_000907.gbk
484 36.5 4662179 4661556 genome.dna 1385660 1386293 NC_000907.gbk
2544 62.5 4664050 4662224 genome.dna 780621 782481 NC_000907.gbk
1493 70.9 4668986 4668036 genome.dna 1099919 1100867 NC_000907.gbk
3240 66.2 4672431 4670269 genome.dna 1255905 1253721 NC_000907.gbk
1123 55.6 4674165 4673230 genome.dna 719663 718775 NC_000907.gbk
1496 75.5 4675687 4674863 genome.dna 810847 811672 NC_000907.gbk
293 42.9 4676010 4676330 genome.dna 780314 780620 NC_000907.gbk
2219 43.2 4680162 4677604 genome.dna 633160 635692 NC_000907.gbk
769 38.9 4682322 4683446 genome.dna 632856 631642 NC_000907.gbk
874 37.8 4683449 4684642 genome.dna 631632 630345 NC_000907.gbk
878 55.9 4687311 4686550 genome.dna 1145978 1145210 NC_000907.gbk
1502 64.7 4702353 4701286 genome.dna 925682 926696 NC_000907.gbk
1351 56.1 4707095 4705998 genome.dna 1789155 1788087 NC_000907.gbk
2383 87.1 4708658 4707399 genome.dna 329033 330296 NC_000907.gbk
419 52.8 4709479 4709153 genome.dna 89062 88738 NC_000907.gbk
1971 70.7 4709598 4710890 genome.dna 945226 946483 NC_000907.gbk
3027 66.9 4714432 4712411 genome.dna 695375 693362 NC_000907.gbk
1963 63.3 4719117 4720601 genome.dna 1430398 1428883 NC_000907.gbk
2674 81.3 4723858 4722380 genome.dna 723918 725397 NC_000907.gbk
987 47.3 4724026 4724916 genome.dna 723242 722363 NC_000907.gbk
2279 67.5 4728119 4726569 genome.dna 794558 796100 NC_000907.gbk
3125 75.1 4729969 4728119 genome.dna 792640 794479 NC_000907.gbk
2094 64.2 4733613 4735139 genome.dna 1184644 1183114 NC_000907.gbk
425 66.3 4735535 4735197 genome.dna 894418 894754 NC_000907.gbk
783 44.4 4748208 4747351 genome.dna 1824532 1823722 NC_000907.gbk
1672 67.6 4750499 4751602 genome.dna 894897 895989 NC_000907.gbk
848 66.3 4752703 4752062 genome.dna 591695 591077 NC_000907.gbk
1448 69.3 4755209 4754301 genome.dna 592600 591694 NC_000907.gbk
1434 72.1 4756712 4755816 genome.dna 1531846 1532725 NC_000907.gbk
718 40.7 4766891 4765731 genome.dna 91335 90189 NC_000907.gbk
600 80.0 4767078 4767395 genome.dna 328787 328469 NC_000907.gbk
391 72.9 4770684 4770469 genome.dna 822423 822210 NC_000907.gbk
2528 52.1 4770998 4773196 genome.dna 368130 365937 NC_000907.gbk
874 79.2 4775884 4776414 genome.dna 511827 512355 NC_000907.gbk
2285 80.6 4776424 4777755 genome.dna 512365 513700 NC_000907.gbk
1014 56.0 4777900 4778817 genome.dna 526122 525210 NC_000907.gbk
730 67.7 4778952 4779437 genome.dna 525159 524670 NC_000907.gbk
238 48.1 4779794 4779555 genome.dna 713651 713870 NC_000907.gbk
1309 71.3 4780345 4781184 genome.dna 734269 735064 NC_000907.gbk
2674 76.4 4781238 4782749 genome.dna 735084 736596 NC_000907.gbk
1505 68.6 4782875 4783885 genome.dna 713490 712488 NC_000907.gbk
1257 75.4 4786326 4787093 genome.dna 720262 721054 NC_000907.gbk
1593 72.5 4825789 4824827 genome.dna 1040177 1039211 NC_000907.gbk
1376 52.7 4828130 4826943 genome.dna 149016 150207 NC_000907.gbk
832 58.7 4829201 4829899 genome.dna 887818 887134 NC_000907.gbk
557 55.3 4834867 4834403 genome.dna 829887 829404 NC_000907.gbk
877 51.4 4843920 4843159 genome.dna 1074274 1073503 NC_000907.gbk
1436 75.5 4844257 4845171 genome.dna 1074432 1075338 NC_000907.gbk
1492 55.4 4845168 4846442 genome.dna 1075340 1076582 NC_000907.gbk
820 63.3 4846439 4847095 genome.dna 1076578 1077211 NC_000907.gbk
1101 60.5 4847113 4847901 genome.dna 1077213 1077990 NC_000907.gbk
811 32.1 4848093 4849451 genome.dna 1079001 1080468 NC_000907.gbk
1312 72.1 4866035 4865178 genome.dna 302990 303836 NC_000907.gbk
821 40.4 4867335 4866367 genome.dna 832462 833395 NC_000907.gbk
856 62.0 4867996 4867325 genome.dna 831796 832453 NC_000907.gbk
680 55.7 4869761 4870336 genome.dna 830479 829897 NC_000907.gbk
326 59.7 4875073 4874828 genome.dna 768650 768410 NC_000907.gbk
715 54.1 4875290 4875967 genome.dna 913626 912918 NC_000907.gbk
844 44.9 4882515 4883447 genome.dna 50792 49847 NC_000907.gbk
652 35.5 4914105 4915127 genome.dna 54669 53640 NC_000907.gbk
1644 77.0 4926494 4925484 genome.dna 1250724 1249740 NC_000907.gbk
1649 75.3 4927471 4926491 genome.dna 1251719 1250726 NC_000907.gbk
1213 59.8 4928387 4927485 genome.dna 1252616 1251728 NC_000907.gbk
1375 62.7 4929420 4928401 genome.dna 1253602 1252630 NC_000907.gbk
1375 62.7 4929420 4928401 genome.dna 1253602 1252630 NC_000907.gbk
2009 55.1 4931262 4929655 genome.dna 899638 901288 NC_000907.gbk
2426 65.6 4941502 4939844 genome.dna 38031 36375 NC_000907.gbk
344 31.6 4969043 4968228 genome.dna 3838 3049 NC_000907.gbk
3951 73.5 4981440 4979023 genome.dna 587996 585575 NC_000907.gbk
1406 56.1 4982544 4981459 genome.dna 1054794 1053714 NC_000907.gbk
1521 60.9 4983694 4982594 genome.dna 1055896 1054795 NC_000907.gbk
1583 59.5 4985096 4983699 genome.dna 1057273 1055908 NC_000907.gbk
255 90.7 4985770 4985910 genome.dna 1063831 1063966 NC_000907.gbk
529 69.0 4985929 4986288 genome.dna 1063985 1064345 NC_000907.gbk
2102 56.5 4986512 4988146 genome.dna 1064568 1066194 NC_000907.gbk
2118 72.0 4988276 4989640 genome.dna 1066324 1067710 NC_000907.gbk
1112 59.9 5019301 5018414 genome.dna 1478041 1477192 NC_000907.gbk
1181 57.3 5020260 5019301 genome.dna 1478990 1478042 NC_000907.gbk
1187 54.1 5021463 5020423 genome.dna 1480084 1479080 NC_000907.gbk
2811 69.9 5049054 5047222 genome.dna 453586 451753 NC_000907.gbk
2122 67.1 5050610 5049240 genome.dna 683042 684413 NC_000907.gbk
512 58.8 5053946 5053527 genome.dna 500243 499814 NC_000907.gbk
2731 90.2 5055348 5053966 genome.dna 501646 500272 NC_000907.gbk
1258 65.1 5056259 5055396 genome.dna 502532 501662 NC_000907.gbk
2892 85.6 5057853 5056312 genome.dna 504089 502547 NC_000907.gbk
625 54.0 5058399 5057866 genome.dna 504635 504101 NC_000907.gbk
629 62.2 5058884 5058414 genome.dna 505118 504647 NC_000907.gbk
250 51.9 5059187 5058948 genome.dna 505422 505167 NC_000907.gbk
1001 58.5 5060037 5059237 genome.dna 506266 505477 NC_000907.gbk
847 60.8 5061686 5061066 genome.dna 507414 506802 NC_000907.gbk
3223 74.6 5063659 5061770 genome.dna 603004 601114 NC_000907.gbk
