1173 36.8 25826 28615 genome.dna 1090251 1093182 NC_005072.gbk
1698 51.5 36667 35258 genome.dna 881366 882788 NC_005072.gbk
2077 53.1 37037 38860 genome.dna 725512 727315 NC_005072.gbk
1235 36.2 47188 45107 genome.dna 715991 718448 NC_005072.gbk
618 42.3 47880 47188 genome.dna 401594 400922 NC_005072.gbk
478 41.7 50956 50333 genome.dna 444627 445182 NC_005072.gbk
1646 39.2 70479 68437 genome.dna 562563 560475 NC_005072.gbk
1020 39.2 77642 78994 genome.dna 534376 535756 NC_005072.gbk
1139 54.6 98527 99441 genome.dna 1118146 1117276 NC_005072.gbk
543 31.5 166824 165547 genome.dna 225178 223921 NC_005072.gbk
154 35.8 167881 168117 genome.dna 865775 866012 NC_005072.gbk
517 37.1 168516 169325 genome.dna 319053 318174 NC_005072.gbk
517 50.3 170854 170375 genome.dna 844741 845221 NC_005072.gbk
902 32.5 212248 209609 genome.dna 1505707 1502737 NC_005072.gbk
411 31.2 217784 218788 genome.dna 855275 854219 NC_005072.gbk
408 32.6 218826 219599 genome.dna 474822 473967 NC_005072.gbk
1197 41.9 219661 221034 genome.dna 14584 15964 NC_005072.gbk
394 30.6 226939 227694 genome.dna 442479 441720 NC_005072.gbk
1045 48.3 228573 229595 genome.dna 209143 210145 NC_005072.gbk
1960 73.1 250357 251541 genome.dna 1447629 1446429 NC_005072.gbk
328 35.9 252164 252709 genome.dna 198035 197423 NC_005072.gbk
520 52.8 252872 253300 genome.dna 197360 196934 NC_005072.gbk
713 46.7 253304 254008 genome.dna 196868 196160 NC_005072.gbk
298 49.6 254890 255255 genome.dna 195412 195016 NC_005072.gbk
2117 43.7 255584 259612 genome.dna 1423313 1420019 NC_005072.gbk
784 49.6 269828 269043 genome.dna 1595644 1596442 NC_005072.gbk
851 40.2 275283 276347 genome.dna 548918 547877 NC_005072.gbk
1032 38.9 280242 278956 genome.dna 1290575 1291913 NC_005072.gbk
1261 45.0 281849 280260 genome.dna 257588 256034 NC_005072.gbk
614 35.9 301263 300298 genome.dna 958892 959915 NC_005072.gbk
431 30.0 303420 302533 genome.dna 1303143 1302240 NC_005072.gbk
1656 54.9 306633 305290 genome.dna 65840 67190 NC_005072.gbk
278 33.7 307112 306645 genome.dna 27846 28353 NC_005072.gbk
460 48.3 307589 307137 genome.dna 368612 369053 NC_005072.gbk
1125 54.2 313270 314313 genome.dna 1552259 1551206 NC_005072.gbk
821 34.8 321945 323390 genome.dna 803074 801649 NC_005072.gbk
728 48.1 338215 337490 genome.dna 727694 728423 NC_005072.gbk
584 34.6 341977 341009 genome.dna 536841 535761 NC_005072.gbk
452 32.0 342391 343203 genome.dna 281008 280189 NC_005072.gbk
146 39.1 345645 345899 genome.dna 1058382 1058613 NC_005072.gbk
1139 44.5 345980 347242 genome.dna 1251102 1252476 NC_005072.gbk
591 35.0 349956 348586 genome.dna 96303 95154 NC_005072.gbk
548 57.1 352201 352629 genome.dna 1473736 1473304 NC_005072.gbk
358 45.2 352645 353037 genome.dna 1473295 1472884 NC_005072.gbk
1895 42.8 361542 357046 genome.dna 1450921 1455487 NC_005072.gbk
635 39.9 372605 373492 genome.dna 1139924 1140788 NC_005072.gbk
1254 34.7 392535 394805 genome.dna 1002198 1004802 NC_005072.gbk
1519 48.7 431263 429833 genome.dna 981473 982919 NC_005072.gbk
342 43.7 431880 431494 genome.dna 526433 526040 NC_005072.gbk
549 37.0 435364 434357 genome.dna 1217886 1216959 NC_005072.gbk
1343 39.5 460910 458055 genome.dna 1616904 1614147 NC_005072.gbk
820 33.5 463248 461737 genome.dna 1282103 1283579 NC_005072.gbk
1046 38.1 525365 524040 genome.dna 1379901 1378575 NC_005072.gbk
1068 40.4 530287 528905 genome.dna 132041 130688 NC_005072.gbk
1565 48.9 533382 534971 genome.dna 631916 633554 NC_005072.gbk
204 33.3 692962 692627 genome.dna 476864 477191 NC_005072.gbk
227 38.7 697176 697469 genome.dna 1375637 1375325 NC_005072.gbk
1950 57.2 697515 699164 genome.dna 1375274 1373639 NC_005072.gbk
436 30.5 699974 700837 genome.dna 435898 435010 NC_005072.gbk
132 37.3 755400 755185 genome.dna 941603 941780 NC_005072.gbk
812 41.8 755628 756641 genome.dna 445993 447064 NC_005072.gbk
556 32.9 761351 760380 genome.dna 588630 589602 NC_005072.gbk
338 62.4 761939 762196 genome.dna 1296490 1296751 NC_005072.gbk
1013 47.0 763509 764681 genome.dna 213061 214045 NC_005072.gbk
1929 50.7 768185 770122 genome.dna 221616 219759 NC_005072.gbk
576 34.6 770241 771074 genome.dna 785323 786166 NC_005072.gbk
847 35.3 771082 772419 genome.dna 236008 234649 NC_005072.gbk
229 38.6 783547 783816 genome.dna 901060 901330 NC_005072.gbk
1324 43.9 784066 786186 genome.dna 1136851 1139017 NC_005072.gbk
1320 41.4 787369 789282 genome.dna 1046851 1045072 NC_005072.gbk
751 35.4 812975 814090 genome.dna 1620154 1621267 NC_005072.gbk
339 41.0 814149 814541 genome.dna 1602706 1602316 NC_005072.gbk
2958 48.8 814656 817529 genome.dna 1602270 1599360 NC_005072.gbk
1471 46.6 844582 846099 genome.dna 1548943 1547404 NC_005072.gbk
893 50.5 909308 910588 genome.dna 610957 612286 NC_005072.gbk
418 31.6 912721 911924 genome.dna 585896 586724 NC_005072.gbk
370 41.3 927840 927358 genome.dna 1546572 1547100 NC_005072.gbk
384 30.6 960958 961737 genome.dna 784647 785340 NC_005072.gbk
418 48.7 970301 969369 genome.dna 1512864 1513893 NC_005072.gbk
1404 65.6 997695 996727 genome.dna 387157 386170 NC_005072.gbk
664 40.4 1154052 1153258 genome.dna 451542 452382 NC_005072.gbk
704 49.1 1154397 1155122 genome.dna 713477 714182 NC_005072.gbk
307 34.4 1155257 1156108 genome.dna 714226 714883 NC_005072.gbk
725 47.8 1156279 1157004 genome.dna 494164 493459 NC_005072.gbk
537 46.6 1157130 1157687 genome.dna 493431 492882 NC_005072.gbk
1089 45.6 1157925 1159121 genome.dna 1094782 1095997 NC_005072.gbk
700 42.8 1159320 1160081 genome.dna 1037561 1038380 NC_005072.gbk
577 32.4 1165447 1166469 genome.dna 749875 748840 NC_005072.gbk
464 48.3 1166572 1167027 genome.dna 1286679 1286220 NC_005072.gbk
390 39.7 1168997 1169593 genome.dna 1442319 1442949 NC_005072.gbk
2284 36.9 1169670 1173152 genome.dna 905285 901787 NC_005072.gbk
1003 50.0 1173165 1174124 genome.dna 505500 506508 NC_005072.gbk
1127 38.0 1180703 1178139 genome.dna 1571752 1574500 NC_005072.gbk
553 40.3 1260789 1261478 genome.dna 669399 670128 NC_005072.gbk
553 44.3 1270601 1269999 genome.dna 813527 812942 NC_005072.gbk
608 37.5 1271755 1272822 genome.dna 385043 386168 NC_005072.gbk
1095 44.8 1272920 1274065 genome.dna 260795 261914 NC_005072.gbk
407 30.7 1276393 1277361 genome.dna 889105 888187 NC_005072.gbk
402 39.2 1278470 1278919 genome.dna 300837 300357 NC_005072.gbk
564 32.9 1278982 1280091 genome.dna 1220980 1219891 NC_005072.gbk
431 44.1 1280201 1280677 genome.dna 1571363 1570886 NC_005072.gbk
1750 44.9 1284598 1282733 genome.dna 869431 867517 NC_005072.gbk
718 46.1 1285528 1284617 genome.dna 1012479 1013382 NC_005072.gbk
289 32.3 1289161 1289652 genome.dna 454983 455481 NC_005072.gbk
356 33.0 1293119 1292505 genome.dna 423479 422876 NC_005072.gbk
851 68.3 1301367 1301990 genome.dna 1587594 1588242 NC_005072.gbk
1168 56.6 1302154 1303428 genome.dna 1588345 1589713 NC_005072.gbk
275 44.9 1306200 1306472 genome.dna 1272002 1271726 NC_005072.gbk
415 33.5 1310544 1309849 genome.dna 1625511 1626186 NC_005072.gbk
771 34.3 1316909 1318201 genome.dna 252631 254092 NC_005072.gbk
324 30.2 1329655 1330212 genome.dna 1071279 1070763 NC_005072.gbk
189 30.6 1332403 1332732 genome.dna 21611 21260 NC_005072.gbk
499 40.2 1332732 1333337 genome.dna 1042320 1041720 NC_005072.gbk
340 35.1 1335658 1336302 genome.dna 1477609 1477054 NC_005072.gbk
344 30.9 1336525 1337487 genome.dna 496254 497430 NC_005072.gbk
804 33.8 1356196 1353473 genome.dna 130037 127739 NC_005072.gbk
1378 33.5 1363499 1366138 genome.dna 8328 5886 NC_005072.gbk
1151 61.0 1381835 1382692 genome.dna 577661 578519 NC_005072.gbk
442 36.1 1426894 1426256 genome.dna 853579 854236 NC_005072.gbk
986 43.1 1427931 1426894 genome.dna 1519220 1518176 NC_005072.gbk
437 45.3 1433876 1433409 genome.dna 84785 85253 NC_005072.gbk
643 37.7 1434853 1435731 genome.dna 1584952 1584043 NC_005072.gbk
625 42.1 1436929 1437642 genome.dna 1290442 1289713 NC_005072.gbk
877 45.0 1470427 1469462 genome.dna 1456693 1455799 NC_005072.gbk
552 35.3 1475506 1474394 genome.dna 1511630 1510358 NC_005072.gbk
865 31.6 1477420 1475516 genome.dna 38230 40021 NC_005072.gbk
2080 44.3 1483266 1480684 genome.dna 849237 851814 NC_005072.gbk
859 46.0 1492026 1490968 genome.dna 1234831 1233874 NC_005072.gbk
929 35.1 1493774 1492350 genome.dna 1258408 1259803 NC_005072.gbk
219 30.2 1506798 1506349 genome.dna 605812 606265 NC_005072.gbk
367 33.9 1507655 1507128 genome.dna 1121553 1121028 NC_005072.gbk
759 36.5 1528762 1530255 genome.dna 275947 274510 NC_005072.gbk
906 39.3 1536355 1535069 genome.dna 157452 156306 NC_005072.gbk
793 40.4 1558773 1559834 genome.dna 647213 646298 NC_005072.gbk
1230 54.8 1561884 1562939 genome.dna 1635445 1634377 NC_005072.gbk
750 40.1 1573036 1572017 genome.dna 1159339 1158247 NC_005072.gbk
836 40.6 1598229 1599338 genome.dna 1512703 1511635 NC_005072.gbk
1151 62.5 1614552 1615325 genome.dna 1152910 1152142 NC_005072.gbk
967 39.7 1615316 1616422 genome.dna 1152123 1151040 NC_005072.gbk
700 32.6 1616422 1617735 genome.dna 1154157 1152957 NC_005072.gbk
1373 42.3 1631952 1633361 genome.dna 1141785 1143243 NC_005072.gbk
1393 46.2 1638449 1639855 genome.dna 734286 735705 NC_005072.gbk
660 32.3 1670708 1669659 genome.dna 1117144 1116121 NC_005072.gbk
1172 51.7 2034173 2033130 genome.dna 536948 537998 NC_005072.gbk
149 31.2 2040198 2039605 genome.dna 1110724 1110097 NC_005072.gbk
750 51.8 2044045 2044779 genome.dna 433364 432614 NC_005072.gbk
258 58.1 2044934 2045170 genome.dna 1538207 1538450 NC_005072.gbk
1386 50.6 2045253 2046494 genome.dna 1538456 1539701 NC_005072.gbk
401 34.0 2048443 2049102 genome.dna 127739 127094 NC_005072.gbk
566 37.7 2050132 2050929 genome.dna 1424346 1423551 NC_005072.gbk
270 36.4 2055442 2055792 genome.dna 71742 71400 NC_005072.gbk
1849 31.7 2070405 2066956 genome.dna 798530 795014 NC_005072.gbk
317 35.9 2079241 2079792 genome.dna 956997 957510 NC_005072.gbk
282 30.4 2088494 2089945 genome.dna 1082268 1083972 NC_005072.gbk
1666 59.1 2112831 2114330 genome.dna 79121 77678 NC_005072.gbk
924 53.7 2114428 2115174 genome.dna 77657 76871 NC_005072.gbk
1073 39.8 2116495 2117718 genome.dna 75650 74372 NC_005072.gbk
225 33.1 2117752 2118168 genome.dna 995366 994940 NC_005072.gbk
325 32.2 2181519 2182154 genome.dna 421760 422420 NC_005072.gbk
324 43.1 2186467 2186817 genome.dna 1058616 1058940 NC_005072.gbk
481 58.3 2188157 2187750 genome.dna 622279 621889 NC_005072.gbk
633 40.4 2209283 2210113 genome.dna 1187096 1187927 NC_005072.gbk
515 33.7 2210106 2211050 genome.dna 1187930 1188848 NC_005072.gbk
515 40.2 2216576 2217319 genome.dna 1279729 1279009 NC_005072.gbk
796 49.4 2239913 2239125 genome.dna 272567 271784 NC_005072.gbk
531 33.0 2325750 2324722 genome.dna 1168586 1169534 NC_005072.gbk
1010 44.7 2446859 2448127 genome.dna 926567 927887 NC_005072.gbk
821 39.8 2449772 2450872 genome.dna 929122 930259 NC_005072.gbk
799 50.6 2450865 2451701 genome.dna 930251 931007 NC_005072.gbk
797 51.3 2451703 2452401 genome.dna 931009 931720 NC_005072.gbk
785 37.1 2463282 2462086 genome.dna 1544716 1543555 NC_005072.gbk
1267 54.0 2487322 2486231 genome.dna 1089046 1087954 NC_005072.gbk
381 35.6 2488039 2487452 genome.dna 241753 241141 NC_005072.gbk
1073 51.1 2489732 2488785 genome.dna 1023474 1022478 NC_005072.gbk
383 33.9 2490742 2489870 genome.dna 893039 892100 NC_005072.gbk
384 33.6 2491599 2492855 genome.dna 731452 732754 NC_005072.gbk
939 41.0 2492889 2493971 genome.dna 1472576 1471481 NC_005072.gbk
1200 43.2 2503696 2505084 genome.dna 1098867 1097430 NC_005072.gbk
361 30.3 2548323 2549147 genome.dna 918349 917545 NC_005072.gbk
781 35.3 2549178 2550395 genome.dna 920160 921387 NC_005072.gbk
1465 50.0 2563367 2561970 genome.dna 1399017 1400403 NC_005072.gbk
508 41.5 2585970 2586605 genome.dna 761605 760951 NC_005072.gbk
489 36.5 2595969 2596559 genome.dna 494989 494293 NC_005072.gbk
721 36.5 2605113 2606180 genome.dna 911503 910471 NC_005072.gbk
1443 57.6 2607572 2608762 genome.dna 160666 159421 NC_005072.gbk
537 35.1 2608762 2609568 genome.dna 538940 539780 NC_005072.gbk
667 37.5 2642732 2643580 genome.dna 1640348 1639493 NC_005072.gbk
430 31.1 2645457 2646263 genome.dna 459012 458166 NC_005072.gbk
1004 46.4 2654735 2655739 genome.dna 24149 25172 NC_005072.gbk
495 41.4 2679167 2679979 genome.dna 306371 305555 NC_005072.gbk
764 40.5 2704043 2704957 genome.dna 571111 572014 NC_005072.gbk
748 47.1 2704954 2705844 genome.dna 572018 572783 NC_005072.gbk
864 46.3 2705844 2706707 genome.dna 572794 573667 NC_005072.gbk
864 44.5 2706704 2707561 genome.dna 572794 573667 NC_005072.gbk
988 30.5 2726216 2727934 genome.dna 1044774 1043001 NC_005072.gbk
1077 50.9 2732234 2731251 genome.dna 1225080 1224072 NC_005072.gbk
387 54.5 2732903 2732547 genome.dna 1594699 1595047 NC_005072.gbk
185 49.2 2733144 2732947 genome.dna 1594471 1594669 NC_005072.gbk
496 45.1 2733782 2733240 genome.dna 1563923 1564496 NC_005072.gbk
2587 56.8 2735713 2733785 genome.dna 568115 566198 NC_005072.gbk
917 47.9 2755752 2754499 genome.dna 1524254 1525679 NC_005072.gbk
557 36.6 2757088 2758194 genome.dna 1242800 1243973 NC_005072.gbk
1126 46.2 2791280 2792458 genome.dna 956620 955447 NC_005072.gbk
1188 38.3 2794931 2793456 genome.dna 1018110 1016586 NC_005072.gbk
896 42.6 2809298 2808294 genome.dna 1546553 1545494 NC_005072.gbk
297 38.5 2810663 2810151 genome.dna 996444 995970 NC_005072.gbk
1808 45.5 2813755 2811956 genome.dna 1621325 1623122 NC_005072.gbk
1176 39.9 2835515 2837245 genome.dna 179989 178177 NC_005072.gbk
1790 35.3 2862472 2859857 genome.dna 951918 954528 NC_005072.gbk
925 36.9 2917289 2918617 genome.dna 1424768 1426055 NC_005072.gbk
415 38.3 2920770 2921360 genome.dna 1000314 999696 NC_005072.gbk
521 34.3 2921367 2922104 genome.dna 757756 756988 NC_005072.gbk
677 42.7 2922086 2922862 genome.dna 409269 410037 NC_005072.gbk
247 32.7 2922856 2923488 genome.dna 543246 542580 NC_005072.gbk
1108 46.1 2975613 2974318 genome.dna 1133929 1135204 NC_005072.gbk
899 38.3 2977060 2975717 genome.dna 82843 84133 NC_005072.gbk
157 38.9 3016496 3016762 genome.dna 173343 173088 NC_005072.gbk
1018 39.7 3042056 3043384 genome.dna 106022 107387 NC_005072.gbk
414 31.7 3050037 3051158 genome.dna 1186068 1187100 NC_005072.gbk
1006 32.3 3080104 3081720 genome.dna 185244 186840 NC_005072.gbk
2365 55.3 3161386 3159374 genome.dna 1580065 1578025 NC_005072.gbk
664 33.8 3165022 3163865 genome.dna 1403280 1404426 NC_005072.gbk
1037 50.6 3166099 3165062 genome.dna 1038372 1039380 NC_005072.gbk
861 36.7 3166195 3167499 genome.dna 1406549 1407851 NC_005072.gbk
270 30.6 3228583 3228035 genome.dna 759285 758742 NC_005072.gbk
861 30.6 3230474 3228642 genome.dna 844184 842213 NC_005072.gbk
581 39.0 3302638 3301757 genome.dna 513361 512473 NC_005072.gbk
834 39.4 3306810 3308309 genome.dna 614766 613197 NC_005072.gbk
804 49.8 3344476 3343682 genome.dna 355489 356344 NC_005072.gbk
823 49.8 3345329 3344487 genome.dna 354690 355473 NC_005072.gbk
858 36.0 3373687 3372152 genome.dna 146812 148453 NC_005072.gbk
1093 35.2 3375638 3373788 genome.dna 144715 146728 NC_005072.gbk
254 42.0 3375937 3375635 genome.dna 153802 153481 NC_005072.gbk
648 38.0 3378041 3377067 genome.dna 156231 155112 NC_005072.gbk
676 37.7 3402984 3403889 genome.dna 119682 118749 NC_005072.gbk
1744 54.5 3409858 3408341 genome.dna 4429 5890 NC_005072.gbk
843 49.6 3413548 3412631 genome.dna 746566 745687 NC_005072.gbk
453 34.6 3415469 3414618 genome.dna 1474659 1473852 NC_005072.gbk
573 31.9 3416479 3415469 genome.dna 1585980 1584948 NC_005072.gbk
806 47.8 3427528 3426443 genome.dna 218001 219096 NC_005072.gbk
1307 43.5 3443783 3442200 genome.dna 396694 398122 NC_005072.gbk
626 34.3 3511745 3510762 genome.dna 1461794 1460831 NC_005072.gbk
730 40.2 3516455 3517318 genome.dna 1011545 1012442 NC_005072.gbk
1119 42.0 3519048 3517663 genome.dna 1093206 1094685 NC_005072.gbk
459 52.9 3521609 3522118 genome.dna 162202 161710 NC_005072.gbk
995 34.0 3531913 3533985 genome.dna 1630421 1632509 NC_005072.gbk
400 31.2 3571960 3572919 genome.dna 215729 214781 NC_005072.gbk
577 34.7 3577570 3576767 genome.dna 342255 343044 NC_005072.gbk
1762 48.8 3590632 3589055 genome.dna 34924 36511 NC_005072.gbk
566 36.9 3599984 3598497 genome.dna 370992 372369 NC_005072.gbk
1124 44.9 3603229 3601955 genome.dna 593890 595180 NC_005072.gbk
548 36.8 3604488 3603367 genome.dna 643693 644911 NC_005072.gbk
640 33.5 3607701 3606505 genome.dna 1413710 1412663 NC_005072.gbk
384 41.7 3608433 3608005 genome.dna 49016 49475 NC_005072.gbk
308 42.0 3619470 3619147 genome.dna 116502 116895 NC_005072.gbk
883 39.9 3621177 3619963 genome.dna 163826 164975 NC_005072.gbk
516 37.5 3622920 3623723 genome.dna 861660 862509 NC_005072.gbk
1551 56.0 3635387 3634134 genome.dna 249266 247994 NC_005072.gbk
454 58.9 3640872 3640534 genome.dna 1396236 1396575 NC_005072.gbk
379 34.9 3651787 3651263 genome.dna 879495 879993 NC_005072.gbk
783 53.6 3680956 3680225 genome.dna 1057039 1056322 NC_005072.gbk
570 35.0 3682691 3681786 genome.dna 1232440 1231528 NC_005072.gbk
2246 55.6 3686442 3684643 genome.dna 398178 399987 NC_005072.gbk
648 35.8 3689812 3691413 genome.dna 103323 104991 NC_005072.gbk
501 37.5 3698228 3696813 genome.dna 450046 448609 NC_005072.gbk
1528 51.8 3714803 3716083 genome.dna 457939 456637 NC_005072.gbk
303 38.8 3728155 3728859 genome.dna 251710 252457 NC_005072.gbk
495 39.3 3732844 3733638 genome.dna 1263471 1264245 NC_005072.gbk
470 34.2 3742499 3743362 genome.dna 1618366 1619218 NC_005072.gbk
626 45.0 3750989 3751744 genome.dna 527198 526457 NC_005072.gbk
2562 53.7 3762599 3760023 genome.dna 546410 543827 NC_005072.gbk
494 36.5 3764478 3763501 genome.dna 187794 186825 NC_005072.gbk
170 31.0 3774414 3773866 genome.dna 1535290 1535830 NC_005072.gbk
1444 47.0 3776200 3774839 genome.dna 1236761 1235264 NC_005072.gbk
1985 41.2 3784972 3782345 genome.dna 44304 46965 NC_005072.gbk
1306 58.6 3786717 3785644 genome.dna 1490457 1491570 NC_005072.gbk
73 30.6 3814512 3814736 genome.dna 773693 773483 NC_005072.gbk
73 30.6 3814512 3814736 genome.dna 1345567 1345357 NC_005072.gbk
991 40.2 3882715 3881462 genome.dna 558201 559512 NC_005072.gbk
795 36.4 3883829 3882726 genome.dna 750972 749889 NC_005072.gbk
245 35.0 3893814 3893233 genome.dna 1166388 1167000 NC_005072.gbk
545 36.4 3912529 3911285 genome.dna 881152 879967 NC_005072.gbk
598 32.2 3918901 3920391 genome.dna 906818 905363 NC_005072.gbk
912 41.7 3956293 3958011 genome.dna 481864 480061 NC_005072.gbk
369 36.6 3963804 3963091 genome.dna 433457 434129 NC_005072.gbk
716 50.2 3967961 3967344 genome.dna 161068 161695 NC_005072.gbk
533 34.4 3972869 3972135 genome.dna 86680 85957 NC_005072.gbk
781 33.2 3974615 3972882 genome.dna 720987 719196 NC_005072.gbk
302 32.6 3986036 3985365 genome.dna 1624834 1625506 NC_005072.gbk
770 31.0 3994559 3995977 genome.dna 321573 320181 NC_005072.gbk
1522 57.6 4001743 4000448 genome.dna 201455 202748 NC_005072.gbk
1555 52.4 4003479 4001842 genome.dna 1623196 1624807 NC_005072.gbk
445 30.5 4004518 4003706 genome.dna 1617515 1618370 NC_005072.gbk
1547 36.4 4007080 4004843 genome.dna 185189 182879 NC_005072.gbk
346 36.5 4037132 4037767 genome.dna 1278423 1279020 NC_005072.gbk
312 31.8 4039680 4040210 genome.dna 482721 483270 NC_005072.gbk
292 34.9 4059979 4059527 genome.dna 1605751 1606207 NC_005072.gbk
362 32.7 4076900 4077613 genome.dna 373570 374209 NC_005072.gbk
369 38.4 4079441 4080034 genome.dna 269023 269599 NC_005072.gbk
926 42.4 4109655 4110677 genome.dna 17684 16679 NC_005072.gbk
1147 41.8 4114440 4115846 genome.dna 1606265 1607648 NC_005072.gbk
212 41.5 4137049 4136630 genome.dna 465746 465260 NC_005072.gbk
2319 55.0 4139901 4137067 genome.dna 1652475 1649574 NC_005072.gbk
297 34.0 4200650 4199670 genome.dna 29370 28329 NC_005072.gbk
3365 58.5 4221505 4218908 genome.dna 1635542 1638116 NC_005072.gbk
687 33.0 4231793 4230366 genome.dna 1250055 1248615 NC_005072.gbk
520 36.5 4244964 4245854 genome.dna 180883 180016 NC_005072.gbk
301 32.4 4250722 4251348 genome.dna 52762 52147 NC_005072.gbk
1683 43.9 4255592 4252890 genome.dna 1569146 1566314 NC_005072.gbk
497 36.1 4257707 4256787 genome.dna 1287533 1286696 NC_005072.gbk
1099 50.3 4258960 4257809 genome.dna 1262201 1263317 NC_005072.gbk
496 32.3 4262088 4261168 genome.dna 1259812 1260880 NC_005072.gbk
634 33.7 4265910 4264708 genome.dna 1392123 1393353 NC_005072.gbk
411 33.1 4268312 4267230 genome.dna 1646697 1647777 NC_005072.gbk
574 37.2 4271151 4269664 genome.dna 391210 392746 NC_005072.gbk
522 35.8 4274186 4273242 genome.dna 165886 164983 NC_005072.gbk
399 42.9 4277861 4277370 genome.dna 1105693 1106218 NC_005072.gbk
1645 45.1 4279582 4277864 genome.dna 497564 499328 NC_005072.gbk
867 45.6 4282166 4283764 genome.dna 1007863 1009504 NC_005072.gbk
1061 45.5 4283764 4284855 genome.dna 748812 747738 NC_005072.gbk
1542 49.5 4284858 4286258 genome.dna 246711 245301 NC_005072.gbk
335 32.8 4286272 4286874 genome.dna 245305 244684 NC_005072.gbk
2094 53.8 4330684 4327460 genome.dna 779069 782369 NC_005072.gbk
1077 45.1 4331847 4330699 genome.dna 910459 909316 NC_005072.gbk
218 31.0 4335368 4334856 genome.dna 875953 876415 NC_005072.gbk
1109 40.0 4338181 4335368 genome.dna 230205 233103 NC_005072.gbk
526 32.9 4339154 4338213 genome.dna 1226537 1227461 NC_005072.gbk
139 32.6 4339580 4339843 genome.dna 1424646 1424352 NC_005072.gbk
971 42.2 4343498 4342359 genome.dna 19033 20158 NC_005072.gbk
2279 55.7 4345514 4343607 genome.dna 1643380 1641475 NC_005072.gbk
1069 54.9 4351229 4350276 genome.dna 490725 491727 NC_005072.gbk
413 31.9 4354760 4353831 genome.dna 565144 564196 NC_005072.gbk
417 39.0 4373604 4372945 genome.dna 1426747 1426051 NC_005072.gbk
858 44.8 4379941 4378778 genome.dna 188882 190091 NC_005072.gbk
2174 50.2 4383337 4381343 genome.dna 1539743 1541750 NC_005072.gbk
1407 34.7 4387762 4385783 genome.dna 48896 46949 NC_005072.gbk
654 53.1 4388480 4389631 genome.dna 299024 297782 NC_005072.gbk
710 38.9 4392301 4393260 genome.dna 173083 172159 NC_005072.gbk
1298 45.3 4398393 4397095 genome.dna 479516 478205 NC_005072.gbk
641 32.6 4409761 4410900 genome.dna 10219 9274 NC_005072.gbk
455 39.6 4448185 4447619 genome.dna 27286 27847 NC_005072.gbk
1548 30.0 4464530 4460847 genome.dna 836169 832608 NC_005072.gbk
535 32.9 4471827 4470898 genome.dna 612300 613191 NC_005072.gbk
282 32.3 4479596 4478769 genome.dna 1643497 1644355 NC_005072.gbk
366 39.4 4482450 4482959 genome.dna 72368 71762 NC_005072.gbk
540 35.7 4482986 4483933 genome.dna 800298 799311 NC_005072.gbk
585 34.7 4484001 4485290 genome.dna 404924 406238 NC_005072.gbk
275 40.5 4488068 4487676 genome.dna 1475047 1474696 NC_005072.gbk
565 37.4 4489098 4488109 genome.dna 1476001 1475062 NC_005072.gbk
520 43.0 4489744 4489124 genome.dna 390561 389952 NC_005072.gbk
506 55.5 4490164 4489775 genome.dna 1476440 1476047 NC_005072.gbk
409 52.6 4490537 4490181 genome.dna 1476854 1476488 NC_005072.gbk
196 65.8 4490800 4490684 genome.dna 1477016 1476899 NC_005072.gbk
1024 42.3 4492165 4490834 genome.dna 1478928 1477608 NC_005072.gbk
308 41.8 4492607 4492173 genome.dna 1479417 1478958 NC_005072.gbk
321 46.3 4493665 4493312 genome.dna 1480426 1480057 NC_005072.gbk
502 44.6 4494208 4493675 genome.dna 1480980 1480440 NC_005072.gbk
451 51.9 4494614 4494222 genome.dna 1481394 1480992 NC_005072.gbk
288 46.6 4494953 4494648 genome.dna 1136358 1136661 NC_005072.gbk
683 52.9 4495506 4494967 genome.dna 1481941 1481404 NC_005072.gbk
180 33.3 4495835 4495521 genome.dna 1482373 1482016 NC_005072.gbk
478 58.5 4496217 4495846 genome.dna 1482739 1482373 NC_005072.gbk
241 45.3 4496635 4496381 genome.dna 1483002 1482735 NC_005072.gbk
578 59.4 4497236 4496826 genome.dna 1483708 1483225 NC_005072.gbk
715 46.2 4497950 4497249 genome.dna 1484451 1483719 NC_005072.gbk
281 47.1 4498300 4497968 genome.dna 1484837 1484450 NC_005072.gbk
418 67.0 4498593 4498315 genome.dna 1485113 1484837 NC_005072.gbk
931 50.7 4499431 4498610 genome.dna 1486021 1485157 NC_005072.gbk
199 38.0 4499751 4499449 genome.dna 1486336 1486033 NC_005072.gbk
361 32.7 4500353 4499748 genome.dna 1486965 1486332 NC_005072.gbk
627 44.6 4500993 4500364 genome.dna 1487615 1486961 NC_005072.gbk
401 52.9 4501337 4501026 genome.dna 1446320 1445999 NC_005072.gbk
2461 60.9 4505956 4503842 genome.dna 1449748 1447672 NC_005072.gbk
551 53.8 4506523 4506053 genome.dna 1450323 1449852 NC_005072.gbk
614 72.4 4506994 4506620 genome.dna 1450727 1450349 NC_005072.gbk
990 34.5 4523306 4525213 genome.dna 93214 94837 NC_005072.gbk
1051 53.4 4527383 4528252 genome.dna 747649 746749 NC_005072.gbk
884 38.2 4531124 4529898 genome.dna 1253001 1254255 NC_005072.gbk
694 51.5 4531820 4531245 genome.dna 175725 176322 NC_005072.gbk
977 45.6 4557783 4556779 genome.dna 569135 568118 NC_005072.gbk
555 36.9 4559154 4558477 genome.dna 730246 729490 NC_005072.gbk
879 38.2 4562421 4561336 genome.dna 651281 650189 NC_005072.gbk
256 31.0 4570394 4569837 genome.dna 276507 275943 NC_005072.gbk
595 42.3 4579442 4578723 genome.dna 132147 132894 NC_005072.gbk
2443 44.9 4632742 4630295 genome.dna 1530380 1532927 NC_005072.gbk
678 34.7 4634257 4632818 genome.dna 578564 580016 NC_005072.gbk
611 33.0 4635563 4634286 genome.dna 732892 734188 NC_005072.gbk
1225 35.8 4637576 4635600 genome.dna 1272634 1274668 NC_005072.gbk
1816 45.0 4639754 4637577 genome.dna 551306 549041 NC_005072.gbk
512 34.0 4651246 4650551 genome.dna 1314173 1313441 NC_005072.gbk
866 35.0 4672431 4670269 genome.dna 293290 290881 NC_005072.gbk
593 33.5 4675687 4674863 genome.dna 849130 848269 NC_005072.gbk
940 49.3 4680620 4681561 genome.dna 468968 468017 NC_005072.gbk
478 39.8 4687311 4686550 genome.dna 711459 712182 NC_005072.gbk
841 34.8 4690836 4689472 genome.dna 1397681 1398977 NC_005072.gbk
395 54.5 4709479 4709153 genome.dna 1000647 1000323 NC_005072.gbk
1566 46.1 4728119 4726569 genome.dna 869547 871089 NC_005072.gbk
535 37.9 4729969 4728119 genome.dna 739082 737402 NC_005072.gbk
607 34.3 4730969 4730043 genome.dna 837108 836193 NC_005072.gbk
810 34.3 4766891 4765731 genome.dna 389878 388714 NC_005072.gbk
163 39.1 4770684 4770469 genome.dna 1472871 1472610 NC_005072.gbk
884 33.5 4770998 4773196 genome.dna 470581 472858 NC_005072.gbk
796 40.8 4782875 4783885 genome.dna 730433 731435 NC_005072.gbk
337 41.7 4834867 4834403 genome.dna 820810 820327 NC_005072.gbk
803 39.0 4869411 4868002 genome.dna 11792 13115 NC_005072.gbk
573 34.4 4928387 4927485 genome.dna 400069 400903 NC_005072.gbk
715 34.0 4929420 4928401 genome.dna 991695 990672 NC_005072.gbk
715 34.0 4929420 4928401 genome.dna 991695 990672 NC_005072.gbk
950 39.6 4985096 4983699 genome.dna 531715 533107 NC_005072.gbk
139 48.8 4985770 4985910 genome.dna 1130158 1130296 NC_005072.gbk
787 31.1 4988276 4989640 genome.dna 182341 180958 NC_005072.gbk
847 52.8 5018328 5017552 genome.dna 687727 688537 NC_005072.gbk
583 36.1 5019301 5018414 genome.dna 686832 687726 NC_005072.gbk
737 38.0 5020260 5019301 genome.dna 685878 686826 NC_005072.gbk
280 32.7 5021463 5020423 genome.dna 675853 676825 NC_005072.gbk
783 33.8 5026700 5027902 genome.dna 642922 641740 NC_005072.gbk
605 40.4 5049054 5047222 genome.dna 1537746 1535850 NC_005072.gbk
1010 36.8 5050610 5049240 genome.dna 582750 581400 NC_005072.gbk
1863 65.5 5055348 5053966 genome.dna 1375857 1377318 NC_005072.gbk
261 35.5 5056259 5055396 genome.dna 1387043 1386092 NC_005072.gbk
1187 56.0 5057853 5056312 genome.dna 1388581 1387063 NC_005072.gbk
1362 42.1 5063659 5061770 genome.dna 1607659 1609624 NC_005072.gbk
