426 44.8 475 32 genome.dna 1662461 1662917 NC_002940.gbk
662 68.7 1026 565 genome.dna 1608765 1608321 NC_002940.gbk
1377 61.2 1179 2171 genome.dna 1608976 1609969 NC_002940.gbk
346 57.3 23466 23735 genome.dna 501291 501561 NC_002940.gbk
636 45.1 24825 25448 genome.dna 501610 502249 NC_002940.gbk
1338 60.2 25826 28615 genome.dna 1001514 1004403 NC_002940.gbk
991 74.0 29669 29034 genome.dna 267439 266806 NC_002940.gbk
378 45.4 29873 30427 genome.dna 1422262 1421677 NC_002940.gbk
2229 68.6 36667 35258 genome.dna 591127 592558 NC_002940.gbk
3317 83.6 37037 38860 genome.dna 229828 231676 NC_002940.gbk
650 66.7 39698 40135 genome.dna 586562 587009 NC_002940.gbk
755 36.1 44746 43358 genome.dna 1518056 1516763 NC_002940.gbk
2811 61.5 47188 45107 genome.dna 1615542 1617636 NC_002940.gbk
343 62.5 50279 50004 genome.dna 1617754 1618060 NC_002940.gbk
845 63.2 50956 50333 genome.dna 1533743 1533122 NC_002940.gbk
1473 57.0 59253 58054 genome.dna 282417 281226 NC_002940.gbk
565 59.3 62108 62545 genome.dna 1169131 1169557 NC_002940.gbk
1023 64.6 68440 67694 genome.dna 504018 503262 NC_002940.gbk
3072 64.6 70479 68437 genome.dna 784135 782104 NC_002940.gbk
2400 47.5 70800 73349 genome.dna 308176 305956 NC_002940.gbk
1218 62.9 76671 77513 genome.dna 1471885 1471042 NC_002940.gbk
2207 72.4 77642 78994 genome.dna 275168 276539 NC_002940.gbk
552 40.2 97589 98332 genome.dna 115703 116495 NC_002940.gbk
1867 91.3 98527 99441 genome.dna 1633001 1632092 NC_002940.gbk
3126 68.2 99451 101520 genome.dna 1632053 1629986 NC_002940.gbk
1029 73.9 110262 109636 genome.dna 257504 256862 NC_002940.gbk
2251 76.4 124086 125432 genome.dna 979179 980511 NC_002940.gbk
1944 74.5 140268 141428 genome.dna 69428 70574 NC_002940.gbk
1106 60.3 151546 150683 genome.dna 232965 233829 NC_002940.gbk
755 39.2 157508 156588 genome.dna 1392557 1393511 NC_002940.gbk
1194 73.5 162282 162998 genome.dna 232815 232098 NC_002940.gbk
931 65.7 163345 163986 genome.dna 1470940 1470298 NC_002940.gbk
574 47.0 164985 164389 genome.dna 579396 580005 NC_002940.gbk
755 72.2 165569 165111 genome.dna 578834 579293 NC_002940.gbk
1500 57.8 166824 165547 genome.dna 577606 578851 NC_002940.gbk
719 50.7 166978 167643 genome.dna 577393 576721 NC_002940.gbk
439 80.5 167881 168117 genome.dna 576561 576324 NC_002940.gbk
292 83.3 168129 168296 genome.dna 576313 576142 NC_002940.gbk
1034 56.8 168516 169325 genome.dna 563451 564276 NC_002940.gbk
544 47.8 170854 170375 genome.dna 358301 357815 NC_002940.gbk
1221 44.3 172168 170891 genome.dna 359587 358303 NC_002940.gbk
731 45.9 174074 173307 genome.dna 977138 977897 NC_002940.gbk
1152 57.1 185588 184521 genome.dna 516829 517735 NC_002940.gbk
1618 72.9 186544 185612 genome.dna 1588824 1589766 NC_002940.gbk
965 40.4 191434 190133 genome.dna 1380897 1379661 NC_002940.gbk
355 38.7 191679 192110 genome.dna 525435 524988 NC_002940.gbk
625 57.0 192299 192775 genome.dna 524969 524450 NC_002940.gbk
1440 64.3 192775 193791 genome.dna 524324 523313 NC_002940.gbk
1283 71.8 193935 194756 genome.dna 523302 522486 NC_002940.gbk
1470 59.9 217581 216430 genome.dna 435679 434656 NC_002940.gbk
413 35.5 218826 219599 genome.dna 714217 715072 NC_002940.gbk
2114 69.4 219661 221034 genome.dna 823941 825318 NC_002940.gbk
917 34.3 221269 222798 genome.dna 323951 322322 NC_002940.gbk
1256 73.1 222967 223722 genome.dna 569429 568649 NC_002940.gbk
360 30.4 223735 224358 genome.dna 568618 567979 NC_002940.gbk
2212 63.4 224355 225995 genome.dna 567983 566354 NC_002940.gbk
1166 68.2 226939 227694 genome.dna 565520 564770 NC_002940.gbk
2689 78.0 230345 231841 genome.dna 144034 142570 NC_002940.gbk
1628 50.2 238222 239673 genome.dna 1691839 1690378 NC_002940.gbk
1311 57.6 245968 247005 genome.dna 67394 68429 NC_002940.gbk
637 36.6 247002 247961 genome.dna 68355 69192 NC_002940.gbk
1386 64.2 248939 247989 genome.dna 49865 50816 NC_002940.gbk
2394 91.1 250357 251541 genome.dna 521130 522315 NC_002940.gbk
2394 91.1 250357 251541 genome.dna 49104 47919 NC_002940.gbk
896 72.6 252164 252709 genome.dna 1584019 1583455 NC_002940.gbk
798 85.9 252872 253300 genome.dna 1583268 1582839 NC_002940.gbk
1208 82.1 253304 254008 genome.dna 1582835 1582145 NC_002940.gbk
786 78.3 254326 254823 genome.dna 1581872 1581380 NC_002940.gbk
536 75.2 254890 255255 genome.dna 1581320 1580957 NC_002940.gbk
7393 82.4 255584 259612 genome.dna 1580508 1576479 NC_002940.gbk
7563 80.9 259736 263959 genome.dna 1576314 1572051 NC_002940.gbk
734 55.6 277129 277719 genome.dna 797178 797769 NC_002940.gbk
402 73.6 277924 278196 genome.dna 797904 798177 NC_002940.gbk
2264 72.9 281849 280260 genome.dna 1417346 1418735 NC_002940.gbk
710 48.6 292998 292333 genome.dna 1696759 1696042 NC_002940.gbk
687 44.2 293855 293088 genome.dna 1697679 1696896 NC_002940.gbk
460 72.2 300274 299978 genome.dna 355259 355556 NC_002940.gbk
1363 63.4 301263 300298 genome.dna 354268 355231 NC_002940.gbk
1480 71.0 303420 302533 genome.dna 20275 21157 NC_002940.gbk
1979 59.4 304889 303438 genome.dna 533627 532199 NC_002940.gbk
2509 83.0 306633 305290 genome.dna 498719 500063 NC_002940.gbk
623 65.8 307112 306645 genome.dna 498074 498533 NC_002940.gbk
582 61.7 307589 307137 genome.dna 497409 497844 NC_002940.gbk
455 38.2 308443 307844 genome.dna 1610666 1610072 NC_002940.gbk
1280 60.8 309481 308480 genome.dna 1611622 1610665 NC_002940.gbk
1790 77.9 313270 314313 genome.dna 1054895 1055948 NC_002940.gbk
995 49.3 314487 315470 genome.dna 1056043 1057105 NC_002940.gbk
513 45.8 315467 315955 genome.dna 1057104 1057593 NC_002940.gbk
476 43.5 315964 316557 genome.dna 1510968 1510374 NC_002940.gbk
2248 69.1 316547 318016 genome.dna 1353784 1352311 NC_002940.gbk
2062 65.0 321945 323390 genome.dna 18772 20233 NC_002940.gbk
630 59.8 331519 330968 genome.dna 1112761 1112230 NC_002940.gbk
1715 56.8 331816 333156 genome.dna 1112854 1114204 NC_002940.gbk
1231 65.2 334964 334107 genome.dna 451604 450740 NC_002940.gbk
303 39.5 335599 335126 genome.dna 452148 451623 NC_002940.gbk
1195 74.7 338215 337490 genome.dna 452906 452180 NC_002940.gbk
493 43.6 338791 338219 genome.dna 453418 452914 NC_002940.gbk
358 33.7 339338 338772 genome.dna 454032 453450 NC_002940.gbk
390 38.8 339901 339335 genome.dna 228886 228349 NC_002940.gbk
755 40.8 340994 339921 genome.dna 948451 947515 NC_002940.gbk
769 39.3 341977 341009 genome.dna 643316 642353 NC_002940.gbk
1184 67.6 342391 343203 genome.dna 196476 195672 NC_002940.gbk
1251 73.4 343211 343993 genome.dna 195683 194903 NC_002940.gbk
565 58.3 343998 344564 genome.dna 194883 194397 NC_002940.gbk
763 52.4 344577 345206 genome.dna 194297 193658 NC_002940.gbk
258 47.0 345645 345899 genome.dna 193301 193040 NC_002940.gbk
1937 70.7 345980 347242 genome.dna 192938 191657 NC_002940.gbk
898 45.7 348448 347351 genome.dna 1104200 1105226 NC_002940.gbk
1435 54.5 349956 348586 genome.dna 196738 198157 NC_002940.gbk
304 40.8 350598 350194 genome.dna 1227070 1227457 NC_002940.gbk
792 85.9 352201 352629 genome.dna 1226763 1226340 NC_002940.gbk
719 86.0 352645 353037 genome.dna 1226324 1225928 NC_002940.gbk
879 62.2 353367 354008 genome.dna 1166986 1167631 NC_002940.gbk
556 46.1 369528 368956 genome.dna 635207 634616 NC_002940.gbk
473 39.6 370130 369540 genome.dna 635807 635225 NC_002940.gbk
427 32.6 372543 370525 genome.dna 637924 636172 NC_002940.gbk
1173 65.6 372605 373492 genome.dna 637996 638851 NC_002940.gbk
926 51.1 380920 381747 genome.dna 590080 590908 NC_002940.gbk
3075 71.2 382412 384307 genome.dna 696248 694331 NC_002940.gbk
3455 68.0 392535 394805 genome.dna 1308214 1305967 NC_002940.gbk
879 55.1 394956 395693 genome.dna 43186 43912 NC_002940.gbk
1036 36.6 395766 397181 genome.dna 43918 45337 NC_002940.gbk
325 35.3 423054 423548 genome.dna 1111178 1110737 NC_002940.gbk
593 69.8 431880 431494 genome.dna 986580 986970 NC_002940.gbk
1376 64.0 435364 434357 genome.dna 171993 170988 NC_002940.gbk
468 50.4 435526 435951 genome.dna 266805 266373 NC_002940.gbk
4538 69.3 460910 458055 genome.dna 529204 532090 NC_002940.gbk
513 51.7 461372 460923 genome.dna 527766 528228 NC_002940.gbk
2106 61.5 463248 461737 genome.dna 425278 426778 NC_002940.gbk
1142 48.1 463531 464646 genome.dna 424952 423848 NC_002940.gbk
1111 47.2 464646 465722 genome.dna 423848 422765 NC_002940.gbk
2466 77.4 485144 483705 genome.dna 430359 431787 NC_002940.gbk
1165 46.3 522787 521576 genome.dna 450696 449514 NC_002940.gbk
1112 49.0 525365 524040 genome.dna 1162474 1163761 NC_002940.gbk
446 40.8 526058 525471 genome.dna 796571 797123 NC_002940.gbk
2343 75.3 530287 528905 genome.dna 892321 890941 NC_002940.gbk
2958 83.8 533382 534971 genome.dna 272332 273913 NC_002940.gbk
758 48.3 536846 537643 genome.dna 277403 276602 NC_002940.gbk
1813 67.1 537938 539215 genome.dna 710135 711404 NC_002940.gbk
532 36.1 590844 591731 genome.dna 768374 767540 NC_002940.gbk
1133 39.7 592768 594162 genome.dna 767535 766158 NC_002940.gbk
418 35.4 596187 596801 genome.dna 764563 764005 NC_002940.gbk
321 41.2 602464 602955 genome.dna 754084 753610 NC_002940.gbk
454 37.4 621156 621848 genome.dna 79230 79968 NC_002940.gbk
424 41.2 628306 629061 genome.dna 750151 749464 NC_002940.gbk
163 32.3 630094 630414 genome.dna 749298 748971 NC_002940.gbk
259 38.7 631033 631392 genome.dna 748305 747930 NC_002940.gbk
549 43.6 631392 632048 genome.dna 747919 747343 NC_002940.gbk
423 48.3 632045 632971 genome.dna 747280 746419 NC_002940.gbk
562 39.5 632961 634493 genome.dna 746407 744961 NC_002940.gbk
361 40.5 634939 635349 genome.dna 744945 744537 NC_002940.gbk
1735 49.8 692651 690918 genome.dna 642190 640468 NC_002940.gbk
1357 46.2 694412 693111 genome.dna 26168 24824 NC_002940.gbk
212 30.9 696469 696939 genome.dna 265837 265414 NC_002940.gbk
462 72.9 697176 697469 genome.dna 1496121 1495830 NC_002940.gbk
2927 84.7 697515 699164 genome.dna 1495808 1494164 NC_002940.gbk
1108 61.2 699974 700837 genome.dna 1366317 1365483 NC_002940.gbk
3116 58.1 703455 700978 genome.dna 415386 417822 NC_002940.gbk
404 59.5 703585 703950 genome.dna 1017917 1017557 NC_002940.gbk
844 59.9 704061 704669 genome.dna 415224 414588 NC_002940.gbk
1555 60.5 725271 724024 genome.dna 1018149 1019361 NC_002940.gbk
2779 71.1 753122 751287 genome.dna 546695 548537 NC_002940.gbk
2251 57.8 755031 753277 genome.dna 544815 546555 NC_002940.gbk
384 85.9 755400 755185 genome.dna 544412 544628 NC_002940.gbk
1669 71.7 755628 756641 genome.dna 370972 372019 NC_002940.gbk
669 71.6 757206 756736 genome.dna 199556 199094 NC_002940.gbk
1196 59.4 757677 758612 genome.dna 199745 200720 NC_002940.gbk
1323 65.0 761351 760380 genome.dna 558366 559350 NC_002940.gbk
550 79.6 761608 761919 genome.dna 148389 148701 NC_002940.gbk
480 85.9 761939 762196 genome.dna 148721 148979 NC_002940.gbk
825 40.9 762286 763248 genome.dna 149084 150017 NC_002940.gbk
1839 67.7 763509 764681 genome.dna 203811 204987 NC_002940.gbk
779 75.3 766454 766933 genome.dna 1415516 1415039 NC_002940.gbk
426 67.0 767354 767061 genome.dna 977028 976713 NC_002940.gbk
1097 79.5 767499 768128 genome.dna 1234140 1233513 NC_002940.gbk
2708 62.5 768185 770122 genome.dna 1233472 1231552 NC_002940.gbk
966 53.4 770241 771074 genome.dna 507139 506293 NC_002940.gbk
2145 71.2 771082 772419 genome.dna 147333 145998 NC_002940.gbk
335 49.6 772670 773002 genome.dna 1040213 1040543 NC_002940.gbk
532 56.3 777307 777729 genome.dna 1200499 1200034 NC_002940.gbk
2108 65.3 777751 779280 genome.dna 1200018 1198536 NC_002940.gbk
3453 66.0 779306 782008 genome.dna 1198515 1195995 NC_002940.gbk
538 65.6 782083 782481 genome.dna 1195935 1195554 NC_002940.gbk
1145 56.1 782481 783425 genome.dna 1195551 1194633 NC_002940.gbk
463 78.7 783547 783816 genome.dna 1451443 1451713 NC_002940.gbk
3508 74.8 784066 786186 genome.dna 1308505 1310644 NC_002940.gbk
783 46.0 786310 787194 genome.dna 1310703 1311636 NC_002940.gbk
2001 60.5 787369 789282 genome.dna 1311863 1313684 NC_002940.gbk
1112 68.4 794943 795722 genome.dna 711555 712332 NC_002940.gbk
1252 78.7 798538 799257 genome.dna 712407 713124 NC_002940.gbk
499 50.0 803045 802602 genome.dna 153304 153742 NC_002940.gbk
200 33.6 803427 802996 genome.dna 152891 153296 NC_002940.gbk
955 45.1 803587 804633 genome.dna 152713 151723 NC_002940.gbk
410 37.9 832101 831100 genome.dna 233836 234724 NC_002940.gbk
1285 65.4 839867 840766 genome.dna 16485 17379 NC_002940.gbk
612 41.6 840892 841608 genome.dna 1097751 1098447 NC_002940.gbk
2079 56.3 841615 843360 genome.dna 1098530 1100252 NC_002940.gbk
2256 66.9 844582 846099 genome.dna 1073626 1075123 NC_002940.gbk
2075 74.0 854876 856231 genome.dna 1467090 1468392 NC_002940.gbk
147 31.7 861360 861911 genome.dna 1070841 1070406 NC_002940.gbk
1272 52.7 866383 867786 genome.dna 1066529 1065245 NC_002940.gbk
802 76.2 927840 927358 genome.dna 903259 902776 NC_002940.gbk
539 52.8 927996 928442 genome.dna 1530835 1531270 NC_002940.gbk
333 48.4 928432 928713 genome.dna 1531259 1531562 NC_002940.gbk
305 42.9 929286 928951 genome.dna 985432 985048 NC_002940.gbk
1653 47.7 931102 929441 genome.dna 648081 646401 NC_002940.gbk
1090 57.0 932060 931182 genome.dna 1509443 1510343 NC_002940.gbk
556 48.5 932209 932796 genome.dna 852246 851649 NC_002940.gbk
3364 72.9 955638 953644 genome.dna 1435763 1437761 NC_002940.gbk
963 40.0 967560 968834 genome.dna 513107 511907 NC_002940.gbk
1011 33.2 974924 977506 genome.dna 508269 510765 NC_002940.gbk
923 46.6 990019 988067 genome.dna 809612 811703 NC_002940.gbk
671 36.0 991219 990023 genome.dna 808191 809364 NC_002940.gbk
733 68.0 994093 993584 genome.dna 166165 165661 NC_002940.gbk
2663 71.8 995970 994243 genome.dna 167976 166254 NC_002940.gbk
405 76.5 996273 996016 genome.dna 168364 168106 NC_002940.gbk
1434 70.6 997695 996727 genome.dna 718728 717777 NC_002940.gbk
960 55.7 998685 997858 genome.dna 662702 663590 NC_002940.gbk
314 52.4 1001658 1001365 genome.dna 330181 330433 NC_002940.gbk
669 42.2 1054769 1054020 genome.dna 219385 220126 NC_002940.gbk
2034 41.4 1057300 1054808 genome.dna 216832 219334 NC_002940.gbk
331 36.6 1057990 1057442 genome.dna 215686 216253 NC_002940.gbk
1157 52.2 1085633 1084560 genome.dna 1667290 1666186 NC_002940.gbk
441 69.0 1085958 1085686 genome.dna 1667578 1667293 NC_002940.gbk
1261 54.9 1087061 1085955 genome.dna 1668670 1667581 NC_002940.gbk
902 55.3 1087227 1087946 genome.dna 608456 609206 NC_002940.gbk
482 57.3 1087948 1088292 genome.dna 609286 609628 NC_002940.gbk
854 54.0 1095844 1095149 genome.dna 414545 413864 NC_002940.gbk
854 72.2 1096541 1097074 genome.dna 115107 115701 NC_002940.gbk
831 55.4 1099537 1100406 genome.dna 116564 117362 NC_002940.gbk
291 30.7 1100443 1101237 genome.dna 799092 798240 NC_002940.gbk
1356 35.7 1103446 1106844 genome.dna 124535 127877 NC_002940.gbk
2284 40.5 1106941 1109889 genome.dna 127873 130828 NC_002940.gbk
605 36.0 1109886 1113512 genome.dna 855163 858760 NC_002940.gbk
839 40.6 1113509 1115371 genome.dna 487020 488967 NC_002940.gbk
1680 57.8 1119387 1118062 genome.dna 1130796 1132110 NC_002940.gbk
1132 47.4 1121679 1122809 genome.dna 1356587 1355480 NC_002940.gbk
928 40.6 1131750 1134008 genome.dna 1141345 1143820 NC_002940.gbk
1028 56.8 1134065 1134883 genome.dna 1456302 1455537 NC_002940.gbk
234 32.2 1135353 1134898 genome.dna 160812 161205 NC_002940.gbk
1039 42.7 1136591 1135386 genome.dna 364819 366022 NC_002940.gbk
860 44.1 1137533 1138456 genome.dna 818227 819121 NC_002940.gbk
1340 58.6 1138934 1140034 genome.dna 1144043 1145039 NC_002940.gbk
1119 62.5 1143476 1142628 genome.dna 1388238 1387398 NC_002940.gbk
292 46.5 1147386 1147736 genome.dna 906079 905725 NC_002940.gbk
969 58.5 1147729 1148514 genome.dna 905726 904994 NC_002940.gbk
1440 80.1 1150402 1149575 genome.dna 496187 497012 NC_002940.gbk
1179 67.1 1154052 1153258 genome.dna 189825 189018 NC_002940.gbk
1263 79.9 1154397 1155122 genome.dna 1322258 1321541 NC_002940.gbk
1296 73.2 1155257 1156108 genome.dna 1321442 1320590 NC_002940.gbk
1242 79.7 1156279 1157004 genome.dna 1318828 1318114 NC_002940.gbk
879 71.6 1157130 1157687 genome.dna 1317901 1317343 NC_002940.gbk
1610 62.6 1157925 1159121 genome.dna 965107 966298 NC_002940.gbk
976 62.1 1159320 1160081 genome.dna 975005 974276 NC_002940.gbk
883 50.0 1160091 1160948 genome.dna 974260 973390 NC_002940.gbk
885 42.0 1160970 1162325 genome.dna 973384 972070 NC_002940.gbk
1964 43.3 1162361 1164805 genome.dna 972022 969640 NC_002940.gbk
1422 60.5 1165447 1166469 genome.dna 968760 967734 NC_002940.gbk
687 66.0 1166572 1167027 genome.dna 967668 967203 NC_002940.gbk
1260 68.3 1167032 1167820 genome.dna 967162 966367 NC_002940.gbk
1508 59.9 1167824 1168975 genome.dna 674098 672925 NC_002940.gbk
983 76.6 1168997 1169593 genome.dna 816664 816070 NC_002940.gbk
5566 69.7 1169670 1173152 genome.dna 422654 419177 NC_002940.gbk
1649 77.7 1173165 1174124 genome.dna 45468 46422 NC_002940.gbk
900 41.5 1174650 1175972 genome.dna 18662 17375 NC_002940.gbk
3545 66.2 1180703 1178139 genome.dna 1686566 1683965 NC_002940.gbk
413 56.5 1211683 1212024 genome.dna 612590 612266 NC_002940.gbk
947 47.6 1248508 1249548 genome.dna 291760 290710 NC_002940.gbk
876 47.1 1254320 1253391 genome.dna 310897 311800 NC_002940.gbk
639 32.7 1265611 1266930 genome.dna 562115 563420 NC_002940.gbk
1573 66.6 1271755 1272822 genome.dna 1022924 1021838 NC_002940.gbk
2087 79.4 1272920 1274065 genome.dna 1116292 1117441 NC_002940.gbk
386 61.1 1274175 1274507 genome.dna 1462630 1462927 NC_002940.gbk
2326 58.4 1274535 1276382 genome.dna 1462951 1464796 NC_002940.gbk
997 46.7 1276393 1277361 genome.dna 1464806 1465781 NC_002940.gbk
606 60.4 1278470 1278919 genome.dna 1122164 1122614 NC_002940.gbk
823 41.6 1278982 1280091 genome.dna 943331 944438 NC_002940.gbk
562 57.3 1280201 1280677 genome.dna 946470 946932 NC_002940.gbk
513 54.0 1280702 1281121 genome.dna 342590 343004 NC_002940.gbk
1097 52.8 1281190 1282170 genome.dna 343060 344026 NC_002940.gbk
388 40.6 1282175 1282681 genome.dna 344018 344501 NC_002940.gbk
2911 70.1 1284598 1282733 genome.dna 346703 348557 NC_002940.gbk
1013 54.0 1285528 1284617 genome.dna 1078242 1077315 NC_002940.gbk
267 57.3 1285773 1285525 genome.dna 1078435 1078210 NC_002940.gbk
2237 68.5 1286027 1287475 genome.dna 1512495 1511040 NC_002940.gbk
697 65.6 1289161 1289652 genome.dna 279919 279427 NC_002940.gbk
796 38.8 1297979 1296492 genome.dna 658316 657032 NC_002940.gbk
302 30.1 1298617 1298039 genome.dna 1501152 1501743 NC_002940.gbk
351 52.5 1298919 1299233 genome.dna 1501026 1500714 NC_002940.gbk
1773 63.0 1299536 1300840 genome.dna 526855 525553 NC_002940.gbk
972 72.7 1301367 1301990 genome.dna 160675 160081 NC_002940.gbk
1564 63.3 1302154 1303428 genome.dna 160082 158825 NC_002940.gbk
3447 66.2 1303620 1306001 genome.dna 918981 916572 NC_002940.gbk
1101 32.3 1306869 1308749 genome.dna 1451235 1449372 NC_002940.gbk
229 38.9 1308888 1309253 genome.dna 514571 514211 NC_002940.gbk
666 47.9 1310544 1309849 genome.dna 428566 427891 NC_002940.gbk
204 65.0 1322427 1322284 genome.dna 1621140 1621014 NC_002940.gbk
233 44.3 1322693 1322445 genome.dna 1621421 1621151 NC_002940.gbk
262 33.6 1329039 1329440 genome.dna 1628277 1628670 NC_002940.gbk
788 66.1 1329655 1330212 genome.dna 1523794 1524334 NC_002940.gbk
1888 45.9 1330287 1332362 genome.dna 1524361 1526425 NC_002940.gbk
628 82.6 1332403 1332732 genome.dna 259535 259205 NC_002940.gbk
1013 71.9 1332732 1333337 genome.dna 259140 258534 NC_002940.gbk
996 67.1 1335658 1336302 genome.dna 656931 656283 NC_002940.gbk
624 62.6 1352428 1351949 genome.dna 283515 283989 NC_002940.gbk
2097 82.4 1359784 1358654 genome.dna 1444740 1445871 NC_002940.gbk
4092 79.2 1362181 1359896 genome.dna 1442318 1444589 NC_002940.gbk
927 57.5 1363250 1362525 genome.dna 1461806 1462517 NC_002940.gbk
3525 71.5 1363499 1366138 genome.dna 1461249 1458546 NC_002940.gbk
825 40.5 1377747 1379069 genome.dna 483140 481862 NC_002940.gbk
1677 45.0 1379359 1381041 genome.dna 1556100 1557810 NC_002940.gbk
593 39.8 1381068 1381829 genome.dna 1557809 1558595 NC_002940.gbk
1720 85.3 1381835 1382692 genome.dna 1619988 1620846 NC_002940.gbk
1267 60.6 1382692 1383663 genome.dna 841197 842175 NC_002940.gbk
985 40.1 1383651 1385081 genome.dna 1031423 1032842 NC_002940.gbk
1116 43.4 1387613 1386405 genome.dna 1231356 1230138 NC_002940.gbk
855 48.2 1390524 1389664 genome.dna 261965 262811 NC_002940.gbk
501 38.9 1391405 1390635 genome.dna 703260 704082 NC_002940.gbk
1513 77.7 1427931 1426894 genome.dna 428930 429842 NC_002940.gbk
1125 81.2 1428285 1428911 genome.dna 956252 956879 NC_002940.gbk
1004 38.0 1429248 1430537 genome.dna 793587 792360 NC_002940.gbk
694 44.3 1430628 1431344 genome.dna 622393 623104 NC_002940.gbk
676 63.4 1433876 1433409 genome.dna 1389269 1388798 NC_002940.gbk
1215 60.3 1434853 1435731 genome.dna 882024 882918 NC_002940.gbk
535 52.4 1437843 1438295 genome.dna 851537 851084 NC_002940.gbk
592 37.1 1438319 1440418 genome.dna 1136744 1134947 NC_002940.gbk
789 52.3 1465232 1464561 genome.dna 504708 504027 NC_002940.gbk
1610 61.7 1466359 1465232 genome.dna 505848 504717 NC_002940.gbk
347 43.8 1466738 1466361 genome.dna 506285 505931 NC_002940.gbk
238 39.0 1468782 1468399 genome.dna 24358 24733 NC_002940.gbk
1551 69.6 1470427 1469462 genome.dna 1676573 1675580 NC_002940.gbk
828 56.4 1471338 1470655 genome.dna 1677341 1676666 NC_002940.gbk
302 55.8 1471750 1471487 genome.dna 1677842 1677548 NC_002940.gbk
1279 51.9 1473099 1471888 genome.dna 1679139 1677957 NC_002940.gbk
1628 65.6 1475506 1474394 genome.dna 1681049 1679924 NC_002940.gbk
2274 54.2 1477420 1475516 genome.dna 1683003 1681041 NC_002940.gbk
843 78.8 1477924 1477454 genome.dna 1683487 1683019 NC_002940.gbk
377 54.5 1478243 1477926 genome.dna 1683842 1683527 NC_002940.gbk
723 41.3 1480118 1479093 genome.dna 898124 897098 NC_002940.gbk
356 34.2 1480669 1480115 genome.dna 898627 898129 NC_002940.gbk
4392 73.2 1483266 1480684 genome.dna 901261 898675 NC_002940.gbk
1301 43.6 1489354 1487825 genome.dna 912822 911304 NC_002940.gbk
1149 63.6 1490240 1489362 genome.dna 913773 912882 NC_002940.gbk
680 63.9 1490971 1490492 genome.dna 1137231 1136754 NC_002940.gbk
2540 80.6 1493774 1492350 genome.dna 165482 164054 NC_002940.gbk
1370 53.5 1494007 1495173 genome.dna 1569290 1570496 NC_002940.gbk
1308 53.4 1501778 1500630 genome.dna 1552995 1551849 NC_002940.gbk
1287 70.3 1502595 1501795 genome.dna 1553846 1553042 NC_002940.gbk
2819 74.5 1504627 1506285 genome.dna 1152259 1150588 NC_002940.gbk
551 59.4 1506798 1506349 genome.dna 285075 285525 NC_002940.gbk
880 68.2 1507655 1507128 genome.dna 284521 285046 NC_002940.gbk
295 54.8 1510604 1510323 genome.dna 284214 284511 NC_002940.gbk
736 46.5 1511664 1510897 genome.dna 1030738 1029946 NC_002940.gbk
434 40.3 1511938 1512474 genome.dna 1030862 1031423 NC_002940.gbk
956 57.0 1530248 1530991 genome.dna 1206643 1207417 NC_002940.gbk
4104 61.9 1540513 1543320 genome.dna 1095046 1092184 NC_002940.gbk
1828 69.9 1543336 1544562 genome.dna 1092099 1090887 NC_002940.gbk
1604 58.6 1549251 1550390 genome.dna 1491668 1490531 NC_002940.gbk
385 50.4 1550947 1551351 genome.dna 1489983 1489593 NC_002940.gbk
991 66.7 1551348 1552034 genome.dna 1489561 1488880 NC_002940.gbk
433 50.4 1552047 1552472 genome.dna 1488812 1488371 NC_002940.gbk
1414 51.4 1553863 1555155 genome.dna 1487227 1485946 NC_002940.gbk
519 54.8 1555196 1555705 genome.dna 1485922 1485448 NC_002940.gbk
1558 65.7 1561884 1562939 genome.dna 1210328 1209215 NC_002940.gbk
806 52.7 1563766 1563014 genome.dna 1381057 1381741 NC_002940.gbk
1274 54.7 1573036 1572017 genome.dna 659393 658376 NC_002940.gbk
702 48.2 1576123 1576893 genome.dna 1528187 1528946 NC_002940.gbk
951 63.7 1576893 1577582 genome.dna 1529021 1529714 NC_002940.gbk
1124 49.9 1577582 1578640 genome.dna 1529732 1530788 NC_002940.gbk
765 45.1 1586578 1585757 genome.dna 1100437 1101262 NC_002940.gbk
788 52.7 1591734 1591099 genome.dna 887652 886977 NC_002940.gbk
2686 64.6 1598005 1595975 genome.dna 841050 838995 NC_002940.gbk
1571 65.8 1598229 1599338 genome.dna 1447069 1445971 NC_002940.gbk
947 64.5 1599518 1600159 genome.dna 1381938 1382592 NC_002940.gbk
1000 75.6 1600255 1600836 genome.dna 1382600 1383185 NC_002940.gbk
1299 66.6 1637078 1636206 genome.dna 543372 544260 NC_002940.gbk
1629 53.2 1638449 1639855 genome.dna 665116 663661 NC_002940.gbk
220 41.4 1857595 1858335 genome.dna 733926 732981 NC_002940.gbk
310 40.4 1860773 1860348 genome.dna 497056 497401 NC_002940.gbk
933 79.2 1997941 1997423 genome.dna 121661 122192 NC_002940.gbk
467 48.3 1999980 2000438 genome.dna 119831 119384 NC_002940.gbk
590 36.7 2001616 2000516 genome.dna 40268 41480 NC_002940.gbk
1512 37.0 2005482 2003347 genome.dna 60142 57946 NC_002940.gbk
490 64.2 2011254 2010925 genome.dna 1521522 1521858 NC_002940.gbk
906 65.1 2012054 2011395 genome.dna 1520795 1521461 NC_002940.gbk
1112 53.0 2027618 2026698 genome.dna 880972 881911 NC_002940.gbk
2841 53.2 2038000 2034716 genome.dna 140393 137450 NC_002940.gbk
1469 69.3 2038594 2039550 genome.dna 508103 507140 NC_002940.gbk
665 58.7 2040339 2040860 genome.dna 605718 606243 NC_002940.gbk
316 83.9 2040877 2041047 genome.dna 606261 606432 NC_002940.gbk
1026 46.9 2041077 2042123 genome.dna 606453 607485 NC_002940.gbk
1382 64.7 2042130 2043083 genome.dna 607496 608447 NC_002940.gbk
1320 64.0 2043101 2044030 genome.dna 560269 561205 NC_002940.gbk
1023 72.9 2044045 2044779 genome.dna 561259 561916 NC_002940.gbk
364 80.0 2044934 2045170 genome.dna 1622629 1622863 NC_002940.gbk
1011 50.0 2047434 2048453 genome.dna 1623258 1624293 NC_002940.gbk
827 61.7 2048443 2049102 genome.dna 1624279 1624924 NC_002940.gbk
626 32.6 2049102 2050112 genome.dna 1624936 1625923 NC_002940.gbk
1000 56.4 2050132 2050929 genome.dna 1625961 1626750 NC_002940.gbk
580 73.7 2055442 2055792 genome.dna 814312 813949 NC_002940.gbk
1168 52.4 2057749 2058777 genome.dna 413834 412799 NC_002940.gbk
1686 60.0 2059718 2061022 genome.dna 699202 697915 NC_002940.gbk
4650 59.8 2070405 2066956 genome.dna 772405 768922 NC_002940.gbk
1138 44.2 2070545 2071747 genome.dna 685614 686787 NC_002940.gbk
901 63.3 2071740 2072447 genome.dna 686871 687552 NC_002940.gbk
1349 50.7 2072444 2073691 genome.dna 687551 688802 NC_002940.gbk
501 48.1 2080938 2081411 genome.dna 1218000 1217484 NC_002940.gbk
922 43.8 2106065 2105019 genome.dna 304612 305641 NC_002940.gbk
396 40.9 2111138 2111554 genome.dna 39795 39363 NC_002940.gbk
1856 56.5 2131621 2133054 genome.dna 268341 269808 NC_002940.gbk
1018 61.0 2133668 2134339 genome.dna 270472 271150 NC_002940.gbk
957 47.2 2134336 2135298 genome.dna 271149 272115 NC_002940.gbk
581 47.7 2138606 2139226 genome.dna 623242 623875 NC_002940.gbk
926 63.3 2139226 2139882 genome.dna 623936 624599 NC_002940.gbk
867 52.3 2139951 2140691 genome.dna 624660 625398 NC_002940.gbk
538 52.5 2140906 2141388 genome.dna 625805 626351 NC_002940.gbk
2893 63.2 2141385 2143340 genome.dna 626350 628309 NC_002940.gbk
720 57.3 2143337 2143894 genome.dna 50892 51432 NC_002940.gbk
719 55.4 2146500 2145886 genome.dna 66640 67258 NC_002940.gbk
331 39.8 2146934 2146497 genome.dna 66188 66629 NC_002940.gbk
1226 58.9 2147794 2146931 genome.dna 65220 66114 NC_002940.gbk
4163 70.4 2150965 2148479 genome.dna 61717 64201 NC_002940.gbk
189 38.0 2151231 2150962 genome.dna 61416 61680 NC_002940.gbk
558 43.0 2151764 2151228 genome.dna 60847 61375 NC_002940.gbk
767 59.6 2153926 2154558 genome.dna 235745 235103 NC_002940.gbk
784 49.6 2175615 2174920 genome.dna 989235 988500 NC_002940.gbk
2310 70.8 2177036 2175615 genome.dna 990689 989279 NC_002940.gbk
1066 64.0 2177765 2177046 genome.dna 991429 990703 NC_002940.gbk
1251 43.8 2181270 2179897 genome.dna 853719 855111 NC_002940.gbk
453 37.4 2181519 2182154 genome.dna 944452 945100 NC_002940.gbk
1254 57.4 2184700 2183675 genome.dna 1361010 1362030 NC_002940.gbk
554 73.1 2186467 2186817 genome.dna 258463 258139 NC_002940.gbk
902 64.4 2187600 2186929 genome.dna 470478 471123 NC_002940.gbk
658 70.4 2188157 2187750 genome.dna 469915 470323 NC_002940.gbk
444 46.5 2189954 2189487 genome.dna 201258 200787 NC_002940.gbk
557 43.8 2191939 2192622 genome.dna 155181 155811 NC_002940.gbk
455 33.3 2203741 2204517 genome.dna 976641 975912 NC_002940.gbk
299 45.3 2214906 2215211 genome.dna 1108105 1108393 NC_002940.gbk
1238 46.8 2215224 2216393 genome.dna 1108392 1109583 NC_002940.gbk
969 62.9 2216576 2217319 genome.dna 1109618 1110311 NC_002940.gbk
457 74.3 2217316 2217645 genome.dna 1110382 1110694 NC_002940.gbk
1027 64.8 2218378 2219073 genome.dna 1566351 1567065 NC_002940.gbk
664 47.9 2224700 2222766 genome.dna 1028065 1026085 NC_002940.gbk
1213 73.0 2239913 2239125 genome.dna 1029042 1028253 NC_002940.gbk
905 50.4 2240881 2240066 genome.dna 689648 688853 NC_002940.gbk
1436 60.8 2241873 2240881 genome.dna 1000323 1001361 NC_002940.gbk
915 49.6 2242780 2241890 genome.dna 999420 1000308 NC_002940.gbk
780 37.3 2243732 2242767 genome.dna 998468 999431 NC_002940.gbk
1633 50.3 2252210 2253607 genome.dna 904774 903364 NC_002940.gbk
796 41.7 2253604 2254647 genome.dna 1483313 1482287 NC_002940.gbk
1553 71.9 2263993 2263058 genome.dna 1429946 1430978 NC_002940.gbk
392 41.3 2461266 2461811 genome.dna 781527 782037 NC_002940.gbk
1933 79.1 2487322 2486231 genome.dna 791503 790411 NC_002940.gbk
859 65.5 2488039 2487452 genome.dna 792206 791603 NC_002940.gbk
1711 82.9 2489732 2488785 genome.dna 1348840 1347889 NC_002940.gbk
1038 58.1 2490742 2489870 genome.dna 1349719 1348870 NC_002940.gbk
1805 73.0 2492889 2493971 genome.dna 681782 682865 NC_002940.gbk
868 54.4 2493971 2494816 genome.dna 682981 683854 NC_002940.gbk
559 38.5 2495226 2496035 genome.dna 683853 684720 NC_002940.gbk
1579 80.6 2496092 2496946 genome.dna 684748 685609 NC_002940.gbk
2338 69.9 2502156 2503685 genome.dna 1386304 1384768 NC_002940.gbk
1747 72.3 2503696 2505084 genome.dna 1384756 1383307 NC_002940.gbk
1207 73.2 2507176 2506430 genome.dna 1168879 1168111 NC_002940.gbk
1901 63.7 2542867 2544249 genome.dna 575814 574449 NC_002940.gbk
1601 54.3 2544268 2545785 genome.dna 574293 572757 NC_002940.gbk
448 44.4 2556939 2556274 genome.dna 1216451 1217288 NC_002940.gbk
1850 61.4 2563367 2561970 genome.dna 1652440 1653835 NC_002940.gbk
629 33.3 2563607 2564779 genome.dna 600189 598977 NC_002940.gbk
545 31.8 2567649 2568662 genome.dna 296429 297464 NC_002940.gbk
937 72.5 2580340 2580921 genome.dna 314536 315118 NC_002940.gbk
741 53.2 2580921 2581499 genome.dna 315117 315741 NC_002940.gbk
2098 50.3 2581492 2583573 genome.dna 315733 317842 NC_002940.gbk
1138 48.7 2583574 2584629 genome.dna 317847 318894 NC_002940.gbk
561 43.9 2584640 2585269 genome.dna 318893 319526 NC_002940.gbk
974 71.2 2585266 2585973 genome.dna 319525 320209 NC_002940.gbk
1093 78.4 2585970 2586605 genome.dna 889155 888519 NC_002940.gbk
1232 57.6 2589820 2588846 genome.dna 819800 820784 NC_002940.gbk
4080 69.3 2593132 2590532 genome.dna 1132308 1134912 NC_002940.gbk
1154 52.0 2594839 2593787 genome.dna 672891 671835 NC_002940.gbk
906 65.9 2598308 2597688 genome.dna 836665 837283 NC_002940.gbk
992 52.2 2599344 2598460 genome.dna 1159074 1159902 NC_002940.gbk
571 44.5 2619430 2619996 genome.dna 1428550 1427998 NC_002940.gbk
553 62.0 2620019 2620441 genome.dna 1428012 1427541 NC_002940.gbk
325 52.0 2621565 2621861 genome.dna 1427505 1427223 NC_002940.gbk
353 48.5 2625646 2625969 genome.dna 781200 781512 NC_002940.gbk
831 62.1 2637907 2637311 genome.dna 1207852 1208449 NC_002940.gbk
1292 66.1 2639766 2638855 genome.dna 1172604 1173492 NC_002940.gbk
1334 71.1 2645457 2646263 genome.dna 1432566 1433370 NC_002940.gbk
2620 63.3 2648577 2646652 genome.dna 1038165 1040085 NC_002940.gbk
477 39.6 2649224 2648673 genome.dna 702678 703248 NC_002940.gbk
1499 40.4 2649493 2651343 genome.dna 702567 700710 NC_002940.gbk
485 50.8 2654386 2653967 genome.dna 1053432 1053039 NC_002940.gbk
1791 83.0 2654735 2655739 genome.dna 1053688 1054693 NC_002940.gbk
756 48.3 2672840 2672121 genome.dna 1439641 1438894 NC_002940.gbk
2220 64.7 2673071 2674651 genome.dna 1439797 1441339 NC_002940.gbk
542 45.5 2674846 2675376 genome.dna 1441449 1441989 NC_002940.gbk
492 45.5 2676960 2676514 genome.dna 1045742 1046186 NC_002940.gbk
270 43.8 2678353 2678066 genome.dna 1121865 1122165 NC_002940.gbk
1071 46.3 2681594 2680470 genome.dna 1215135 1214013 NC_002940.gbk
725 49.6 2685383 2684682 genome.dna 1209181 1208488 NC_002940.gbk
2558 59.9 2687417 2685498 genome.dna 1049842 1051762 NC_002940.gbk
307 42.5 2687612 2687956 genome.dna 257996 257642 NC_002940.gbk
2050 66.9 2691006 2692370 genome.dna 909787 908407 NC_002940.gbk
1230 59.7 2697304 2698272 genome.dna 602990 602009 NC_002940.gbk
1254 72.3 2698450 2699247 genome.dna 602000 601199 NC_002940.gbk
1465 75.6 2699262 2700104 genome.dna 601200 600348 NC_002940.gbk
318 66.7 2702947 2702738 genome.dna 801119 800909 NC_002940.gbk
1391 71.2 2704043 2704957 genome.dna 1521928 1522834 NC_002940.gbk
1121 66.8 2704954 2705844 genome.dna 1522830 1523589 NC_002940.gbk
1238 66.0 2705844 2706707 genome.dna 816070 815212 NC_002940.gbk
1162 58.6 2706704 2707561 genome.dna 815220 814389 NC_002940.gbk
402 61.9 2728844 2728548 genome.dna 1218355 1218058 NC_002940.gbk
3258 60.6 2731236 2728849 genome.dna 1220758 1218370 NC_002940.gbk
1685 74.6 2732234 2731251 genome.dna 1221813 1220829 NC_002940.gbk
706 94.9 2732903 2732547 genome.dna 1505925 1505571 NC_002940.gbk
336 80.0 2733144 2732947 genome.dna 1506199 1506001 NC_002940.gbk
861 72.2 2733782 2733240 genome.dna 1507020 1506441 NC_002940.gbk
3467 76.1 2735713 2733785 genome.dna 1509174 1507242 NC_002940.gbk
1177 62.7 2741372 2740491 genome.dna 274130 275000 NC_002940.gbk
649 43.9 2755854 2756510 genome.dna 265411 264721 NC_002940.gbk
1833 73.2 2757088 2758194 genome.dna 308378 309533 NC_002940.gbk
532 42.0 2758197 2758835 genome.dna 1369261 1368613 NC_002940.gbk
2338 75.6 2759027 2760397 genome.dna 1368572 1367204 NC_002940.gbk
628 30.4 2762917 2764038 genome.dna 1633183 1634392 NC_002940.gbk
1613 67.7 2765687 2766838 genome.dna 441822 442938 NC_002940.gbk
1176 60.4 2766822 2767682 genome.dna 442924 443791 NC_002940.gbk
1152 64.7 2767679 2768455 genome.dna 443790 444558 NC_002940.gbk
1183 49.6 2768546 2769589 genome.dna 852496 853576 NC_002940.gbk
433 42.3 2770193 2769657 genome.dna 859393 858835 NC_002940.gbk
1912 50.7 2775696 2773681 genome.dna 802102 804169 NC_002940.gbk
1142 41.3 2777360 2778640 genome.dna 494796 496035 NC_002940.gbk
1055 40.9 2778643 2781285 genome.dna 285736 288391 NC_002940.gbk
684 58.3 2788070 2787564 genome.dna 1465933 1466440 NC_002940.gbk
1680 63.7 2791280 2792458 genome.dna 417928 419110 NC_002940.gbk
1270 41.4 2794931 2793456 genome.dna 668823 667335 NC_002940.gbk
2271 72.9 2796565 2798007 genome.dna 353434 351994 NC_002940.gbk
909 42.0 2799095 2798118 genome.dna 320251 321208 NC_002940.gbk
627 46.4 2801608 2800607 genome.dna 144180 145113 NC_002940.gbk
921 54.4 2801685 2802443 genome.dna 1096035 1095240 NC_002940.gbk
1005 57.6 2802440 2803225 genome.dna 1059016 1059802 NC_002940.gbk
1740 79.0 2809298 2808294 genome.dna 1469477 1468472 NC_002940.gbk
731 57.3 2809923 2809306 genome.dna 1470138 1469532 NC_002940.gbk
769 74.3 2810663 2810151 genome.dna 456831 456252 NC_002940.gbk
1224 72.9 2811487 2810744 genome.dna 458267 457526 NC_002940.gbk
568 56.6 2811954 2811511 genome.dna 458803 458347 NC_002940.gbk
2942 72.1 2813755 2811956 genome.dna 460678 458908 NC_002940.gbk
1076 65.0 2828026 2828805 genome.dna 1029947 1029212 NC_002940.gbk
1367 60.9 2828802 2829785 genome.dna 1354077 1355040 NC_002940.gbk
429 37.6 2834895 2834311 genome.dna 201878 201281 NC_002940.gbk
2608 69.8 2835515 2837245 genome.dna 202019 203705 NC_002940.gbk
1319 40.4 2838878 2837343 genome.dna 1655475 1653948 NC_002940.gbk
323 31.5 2843769 2844335 genome.dna 1116112 1115521 NC_002940.gbk
424 42.9 2844986 2844408 genome.dna 844062 843507 NC_002940.gbk
2687 63.3 2854450 2852540 genome.dna 1458280 1456342 NC_002940.gbk
2335 59.1 2856571 2854454 genome.dna 235937 238085 NC_002940.gbk
1275 56.6 2859653 2858643 genome.dna 1347771 1346763 NC_002940.gbk
3608 61.7 2862472 2859857 genome.dna 772507 775117 NC_002940.gbk
2577 78.6 2864092 2865492 genome.dna 1156413 1155009 NC_002940.gbk
1615 61.1 2867225 2868415 genome.dna 1165027 1163836 NC_002940.gbk
600 39.8 2869134 2868487 genome.dna 812184 812814 NC_002940.gbk
5703 59.1 2876547 2872108 genome.dna 1303775 1299263 NC_002940.gbk
928 69.8 2877296 2876601 genome.dna 1304491 1303774 NC_002940.gbk
1823 59.8 2878629 2877304 genome.dna 1305835 1304503 NC_002940.gbk
1027 59.6 2884168 2883416 genome.dna 263880 264642 NC_002940.gbk
149 42.9 2884347 2884165 genome.dna 157817 157649 NC_002940.gbk
1156 52.9 2885460 2884459 genome.dna 158796 157809 NC_002940.gbk
2406 62.9 2887241 2885457 genome.dna 1352242 1350493 NC_002940.gbk
663 36.4 2889516 2887243 genome.dna 1019498 1021787 NC_002940.gbk
411 62.2 2890870 2890553 genome.dna 1124876 1124540 NC_002940.gbk
1801 55.7 2895155 2896582 genome.dna 1156908 1158450 NC_002940.gbk
2071 66.5 2902776 2901247 genome.dna 1009345 1010848 NC_002940.gbk
1215 63.4 2903705 2902830 genome.dna 1008446 1009334 NC_002940.gbk
292 47.9 2903995 2903705 genome.dna 1008147 1008450 NC_002940.gbk
975 45.9 2905083 2904019 genome.dna 1007087 1008104 NC_002940.gbk
390 60.9 2923933 2923649 genome.dna 1107770 1108052 NC_002940.gbk
2740 74.4 2925698 2924025 genome.dna 1106026 1107694 NC_002940.gbk
803 59.2 2926492 2925815 genome.dna 1105256 1105931 NC_002940.gbk
1761 64.6 2928002 2926713 genome.dna 1129394 1130702 NC_002940.gbk
1331 54.5 2929170 2928085 genome.dna 1128235 1129324 NC_002940.gbk
1114 58.1 2931779 2932639 genome.dna 788398 787573 NC_002940.gbk
3048 81.6 2932697 2934979 genome.dna 787476 785163 NC_002940.gbk
1272 71.6 2966712 2967509 genome.dna 784996 784261 NC_002940.gbk
2133 74.4 2975613 2974318 genome.dna 902719 901411 NC_002940.gbk
2070 69.8 2977060 2975717 genome.dna 1057640 1058981 NC_002940.gbk
574 41.8 2977679 2977068 genome.dna 1004480 1005113 NC_002940.gbk
2067 38.3 2981302 2977892 genome.dna 1213451 1210577 NC_002940.gbk
771 74.5 2981911 2981417 genome.dna 1213937 1213454 NC_002940.gbk
1560 73.9 2982496 2983455 genome.dna 262910 263864 NC_002940.gbk
1886 50.7 2983684 2985450 genome.dna 1372828 1371088 NC_002940.gbk
1634 47.8 2985450 2987189 genome.dna 1371050 1369376 NC_002940.gbk
422 87.5 2988043 2988261 genome.dna 280937 281156 NC_002940.gbk
225 55.4 2993630 2993851 genome.dna 1115414 1115207 NC_002940.gbk
362 51.4 3002657 3002334 genome.dna 1103792 1104110 NC_002940.gbk
1071 67.8 3002815 3003543 genome.dna 643485 644220 NC_002940.gbk
605 53.0 3004307 3005023 genome.dna 644980 645646 NC_002940.gbk
794 52.5 3005023 3005691 genome.dna 645651 646335 NC_002940.gbk
761 51.0 3005969 3006700 genome.dna 644256 644976 NC_002940.gbk
642 41.5 3015344 3014433 genome.dna 1005194 1006112 NC_002940.gbk
317 54.2 3016496 3016762 genome.dna 231795 232059 NC_002940.gbk
2371 77.2 3042056 3043384 genome.dna 1596987 1595655 NC_002940.gbk
887 62.0 3046334 3045672 genome.dna 878891 879548 NC_002940.gbk
1239 65.9 3065575 3066420 genome.dna 844115 844961 NC_002940.gbk
848 54.8 3084419 3083724 genome.dna 842280 842973 NC_002940.gbk
368 61.1 3086967 3087251 genome.dna 1015460 1015748 NC_002940.gbk
205 42.3 3089796 3090026 genome.dna 1259923 1260145 NC_002940.gbk
1277 40.5 3090041 3091789 genome.dna 1260147 1261878 NC_002940.gbk
1363 66.8 3140563 3139631 genome.dna 1484268 1483290 NC_002940.gbk
1133 73.1 3140808 3141479 genome.dna 559386 560136 NC_002940.gbk
593 58.8 3155124 3154672 genome.dna 1137770 1137314 NC_002940.gbk
317 56.8 3155372 3155127 genome.dna 1138017 1137771 NC_002940.gbk
760 75.5 3155863 3155369 genome.dna 1138519 1138042 NC_002940.gbk
1358 58.2 3157424 3156435 genome.dna 1139605 1138582 NC_002940.gbk
3364 76.3 3161386 3159374 genome.dna 1159957 1161985 NC_002940.gbk
599 37.5 3165022 3163865 genome.dna 1403192 1402028 NC_002940.gbk
1290 58.3 3166099 3165062 genome.dna 799853 800858 NC_002940.gbk
1749 59.1 3166195 3167499 genome.dna 1404589 1403275 NC_002940.gbk
645 45.5 3169188 3169883 genome.dna 1052193 1052886 NC_002940.gbk
763 45.3 3170057 3170947 genome.dna 776340 777240 NC_002940.gbk
1476 57.4 3178804 3180039 genome.dna 1480166 1478936 NC_002940.gbk
1035 61.2 3180042 3180794 genome.dna 1478937 1478187 NC_002940.gbk
1079 38.1 3186824 3188245 genome.dna 1012325 1013774 NC_002940.gbk
782 62.6 3228583 3228035 genome.dna 1520613 1520058 NC_002940.gbk
2558 63.3 3230474 3228642 genome.dna 1519972 1518133 NC_002940.gbk
332 47.3 3332182 3332514 genome.dna 1590194 1589861 NC_002940.gbk
2404 66.1 3352107 3353684 genome.dna 1493231 1491680 NC_002940.gbk
1043 51.6 3356794 3355865 genome.dna 886878 885960 NC_002940.gbk
346 37.5 3395281 3394826 genome.dna 1429434 1429881 NC_002940.gbk
1867 70.7 3395711 3396913 genome.dna 1191115 1192318 NC_002940.gbk
3336 69.7 3396993 3399131 genome.dna 1192389 1194528 NC_002940.gbk
827 45.2 3402984 3403889 genome.dna 199095 198201 NC_002940.gbk
657 57.3 3408161 3407589 genome.dna 1111754 1111190 NC_002940.gbk
599 57.4 3410380 3409880 genome.dna 982117 982630 NC_002940.gbk
1070 51.2 3412525 3411257 genome.dna 1202264 1200962 NC_002940.gbk
1364 70.3 3413548 3412631 genome.dna 1203154 1202263 NC_002940.gbk
1202 64.8 3415469 3414618 genome.dna 879646 880432 NC_002940.gbk
496 31.6 3416479 3415469 genome.dna 283434 282447 NC_002940.gbk
1879 72.0 3421622 3420405 genome.dna 472537 471319 NC_002940.gbk
1823 42.7 3421795 3423822 genome.dna 906345 908349 NC_002940.gbk
580 50.9 3424753 3424208 genome.dna 640421 639851 NC_002940.gbk
953 59.3 3425582 3424782 genome.dna 889967 889184 NC_002940.gbk
884 49.3 3426437 3425592 genome.dna 1037326 1038157 NC_002940.gbk
1827 74.7 3427528 3426443 genome.dna 1036192 1037275 NC_002940.gbk
1294 60.2 3428548 3427616 genome.dna 1404679 1405624 NC_002940.gbk
605 53.1 3428721 3429263 genome.dna 1399959 1399425 NC_002940.gbk
187 35.4 3429830 3429348 genome.dna 353554 354043 NC_002940.gbk
700 39.2 3440778 3442064 genome.dna 860764 859456 NC_002940.gbk
1451 47.0 3443783 3442200 genome.dna 111068 112538 NC_002940.gbk
737 45.2 3444907 3444146 genome.dna 534437 535181 NC_002940.gbk
1206 62.0 3516455 3517318 genome.dna 883384 884248 NC_002940.gbk
2239 69.1 3519048 3517663 genome.dna 870349 871729 NC_002940.gbk
738 64.5 3520193 3520687 genome.dna 870207 869697 NC_002940.gbk
744 46.8 3520698 3521420 genome.dna 1627414 1628119 NC_002940.gbk
707 70.0 3521609 3522118 genome.dna 1166773 1166284 NC_002940.gbk
1500 57.4 3523656 3524945 genome.dna 911124 909897 NC_002940.gbk
1797 53.6 3533985 3535520 genome.dna 1125044 1126568 NC_002940.gbk
2270 76.5 3573115 3574479 genome.dna 361134 359730 NC_002940.gbk
2777 77.6 3590632 3589055 genome.dna 1236022 1237594 NC_002940.gbk
2524 79.5 3592205 3590739 genome.dna 1234409 1235873 NC_002940.gbk
1582 72.2 3599984 3598497 genome.dna 962495 960962 NC_002940.gbk
413 36.0 3601941 3601321 genome.dna 830700 831324 NC_002940.gbk
1799 63.9 3603229 3601955 genome.dna 829392 830664 NC_002940.gbk
2008 82.5 3604488 3603367 genome.dna 828170 829280 NC_002940.gbk
1938 72.1 3607701 3606505 genome.dna 254405 253223 NC_002940.gbk
470 54.0 3608433 3608005 genome.dna 838926 838509 NC_002940.gbk
1568 56.8 3615811 3614501 genome.dna 949853 948542 NC_002940.gbk
531 60.9 3616630 3616295 genome.dna 866959 867301 NC_002940.gbk
2576 66.0 3618482 3616632 genome.dna 865094 866948 NC_002940.gbk
351 32.5 3619075 3618557 genome.dna 863844 864366 NC_002940.gbk
556 74.8 3619470 3619147 genome.dna 863512 863836 NC_002940.gbk
702 81.6 3619938 3619552 genome.dna 862995 863379 NC_002940.gbk
2128 78.3 3621177 3619963 genome.dna 861727 862948 NC_002940.gbk
771 51.3 3622783 3622058 genome.dna 1386543 1387272 NC_002940.gbk
1135 66.2 3622920 3623723 genome.dna 345819 346632 NC_002940.gbk
408 36.3 3631822 3630734 genome.dna 1339004 1338011 NC_002940.gbk
434 35.7 3632472 3631813 genome.dna 1339639 1338994 NC_002940.gbk
898 34.9 3633677 3632517 genome.dna 310755 309600 NC_002940.gbk
607 79.5 3640872 3640534 genome.dna 53407 53746 NC_002940.gbk
1475 49.0 3649670 3651115 genome.dna 632927 634346 NC_002940.gbk
575 55.8 3651787 3651263 genome.dna 1313737 1314289 NC_002940.gbk
472 67.4 3679566 3679826 genome.dna 235041 234780 NC_002940.gbk
872 55.8 3681774 3681037 genome.dna 1326157 1325434 NC_002940.gbk
1529 77.7 3682691 3681786 genome.dna 1327087 1326172 NC_002940.gbk
913 61.8 3683368 3682688 genome.dna 1327832 1327163 NC_002940.gbk
517 42.2 3684626 3683661 genome.dna 1328803 1327843 NC_002940.gbk
3438 85.6 3686442 3684643 genome.dna 1330687 1328887 NC_002940.gbk
253 32.9 3687191 3686739 genome.dna 954083 954512 NC_002940.gbk
265 30.3 3688797 3688150 genome.dna 953294 953906 NC_002940.gbk
893 68.6 3689432 3688857 genome.dna 952697 953276 NC_002940.gbk
1834 64.7 3692383 3693708 genome.dna 153786 155115 NC_002940.gbk
639 72.7 3694161 3693778 genome.dna 846112 845725 NC_002940.gbk
1014 65.0 3694571 3695257 genome.dna 846313 846985 NC_002940.gbk
2236 68.3 3698228 3696813 genome.dna 255169 256609 NC_002940.gbk
870 58.7 3711890 3712588 genome.dna 1597868 1597169 NC_002940.gbk
618 77.7 3714535 3714188 genome.dna 540381 540036 NC_002940.gbk
693 68.3 3729128 3729583 genome.dna 463405 463855 NC_002940.gbk
1481 49.2 3730782 3732230 genome.dna 463909 465481 NC_002940.gbk
511 56.2 3732230 3732727 genome.dna 465550 466036 NC_002940.gbk
1031 62.6 3735878 3735108 genome.dna 1527347 1528109 NC_002940.gbk
1288 67.0 3736813 3735875 genome.dna 1526424 1527345 NC_002940.gbk
963 65.0 3737076 3737717 genome.dna 1115087 1114403 NC_002940.gbk
809 67.6 3738313 3737777 genome.dna 1146083 1146623 NC_002940.gbk
879 58.5 3749695 3748958 genome.dna 162226 161455 NC_002940.gbk
670 62.7 3749751 3750215 genome.dna 981500 981962 NC_002940.gbk
628 41.6 3750989 3751744 genome.dna 975863 975155 NC_002940.gbk
4029 71.8 3762599 3760023 genome.dna 434435 431864 NC_002940.gbk
796 52.1 3763458 3762733 genome.dna 986994 987732 NC_002940.gbk
1531 69.3 3764478 3763501 genome.dna 369952 368974 NC_002940.gbk
594 38.8 3764613 3765347 genome.dna 370105 370888 NC_002940.gbk
402 62.5 3765670 3766011 genome.dna 880808 880490 NC_002940.gbk
1122 45.2 3766362 3767522 genome.dna 697734 696570 NC_002940.gbk
1568 67.5 3769824 3768751 genome.dna 350809 349729 NC_002940.gbk
656 86.8 3773009 3772662 genome.dna 1634834 1634483 NC_002940.gbk
1330 74.7 3773827 3773072 genome.dna 1635614 1634858 NC_002940.gbk
798 65.5 3774414 3773866 genome.dna 1636199 1635671 NC_002940.gbk
401 68.3 3774681 3774433 genome.dna 1636480 1636231 NC_002940.gbk
2267 76.4 3776200 3774839 genome.dna 1664349 1662996 NC_002940.gbk
788 68.9 3777786 3777271 genome.dna 288422 288932 NC_002940.gbk
267 43.1 3780004 3779576 genome.dna 788666 789092 NC_002940.gbk
254 66.0 3782025 3781840 genome.dna 1172405 1172594 NC_002940.gbk
3866 64.4 3784972 3782345 genome.dna 1169724 1172349 NC_002940.gbk
239 33.6 3785598 3785110 genome.dna 326949 327405 NC_002940.gbk
1608 74.1 3786717 3785644 genome.dna 325752 326871 NC_002940.gbk
293 31.9 3788942 3789616 genome.dna 1449253 1448605 NC_002940.gbk
808 76.5 3886357 3885899 genome.dna 1534285 1533811 NC_002940.gbk
1700 52.5 3886800 3888260 genome.dna 1534456 1535905 NC_002940.gbk
968 74.9 3893814 3893233 genome.dna 995427 994842 NC_002940.gbk
612 33.0 3938096 3936945 genome.dna 345680 344630 NC_002940.gbk
1516 49.5 3942520 3943878 genome.dna 207208 205843 NC_002940.gbk
780 64.6 3952181 3951618 genome.dna 1388799 1388250 NC_002940.gbk
1443 65.3 3952362 3953393 genome.dna 875419 876454 NC_002940.gbk
666 48.4 3953386 3954039 genome.dna 876443 877121 NC_002940.gbk
872 51.7 3954101 3954916 genome.dna 877170 877983 NC_002940.gbk
790 51.3 3955431 3956147 genome.dna 538950 538215 NC_002940.gbk
2758 73.3 3956293 3958011 genome.dna 1614309 1612593 NC_002940.gbk
770 72.0 3963052 3962555 genome.dna 1087035 1086552 NC_002940.gbk
730 50.4 3963804 3963091 genome.dna 1087717 1087036 NC_002940.gbk
258 47.3 3964143 3963808 genome.dna 1088006 1087730 NC_002940.gbk
834 53.7 3966155 3966877 genome.dna 1696009 1695250 NC_002940.gbk
162 31.2 3984884 3985300 genome.dna 427899 427476 NC_002940.gbk
2366 85.9 4001743 4000448 genome.dna 376457 375155 NC_002940.gbk
2997 80.9 4003479 4001842 genome.dna 292033 293671 NC_002940.gbk
820 48.5 4004518 4003706 genome.dna 1203516 1204314 NC_002940.gbk
3016 57.9 4007080 4004843 genome.dna 962821 965029 NC_002940.gbk
1240 41.4 4008483 4007131 genome.dna 1476562 1477891 NC_002940.gbk
2545 57.5 4027241 4025196 genome.dna 661516 659455 NC_002940.gbk
2060 66.3 4028828 4027398 genome.dna 960903 959472 NC_002940.gbk
1612 51.8 4031933 4029078 genome.dna 1427162 1424288 NC_002940.gbk
526 40.0 4033670 4034290 genome.dna 1118125 1117525 NC_002940.gbk
1468 54.5 4034399 4035643 genome.dna 869594 868355 NC_002940.gbk
410 53.9 4037027 4036671 genome.dna 775886 776258 NC_002940.gbk
847 59.3 4037132 4037767 genome.dna 775827 775227 NC_002940.gbk
978 81.0 4039680 4040210 genome.dna 114008 114536 NC_002940.gbk
1591 34.5 4044694 4040657 genome.dna 1376931 1372977 NC_002940.gbk
1479 38.2 4046550 4044691 genome.dna 1378755 1376946 NC_002940.gbk
1482 51.2 4047693 4049018 genome.dna 1503779 1505069 NC_002940.gbk
494 36.3 4050959 4050219 genome.dna 669704 668891 NC_002940.gbk
604 63.8 4059979 4059527 genome.dna 834266 834716 NC_002940.gbk
463 94.7 4060248 4060021 genome.dna 834021 834249 NC_002940.gbk
575 76.1 4060971 4060579 genome.dna 833323 833698 NC_002940.gbk
1054 65.8 4068636 4067902 genome.dna 205811 205070 NC_002940.gbk
3073 58.2 4071195 4068739 genome.dna 552573 550215 NC_002940.gbk
902 59.5 4076900 4077613 genome.dna 228940 229645 NC_002940.gbk
407 35.2 4078582 4079136 genome.dna 609766 610300 NC_002940.gbk
354 60.2 4079133 4079423 genome.dna 610299 610593 NC_002940.gbk
659 54.7 4079441 4080034 genome.dna 1103151 1103742 NC_002940.gbk
1441 63.3 4080027 4081166 genome.dna 1390525 1389340 NC_002940.gbk
429 31.2 4102382 4101120 genome.dna 32230 33484 NC_002940.gbk
1399 65.1 4109655 4110677 genome.dna 296175 295203 NC_002940.gbk
1170 67.9 4114440 4115846 genome.dna 1120451 1121888 NC_002940.gbk
988 53.6 4115888 4116970 genome.dna 486907 485782 NC_002940.gbk
5083 79.6 4139901 4137067 genome.dna 1046993 1049822 NC_002940.gbk
560 54.3 4140147 4140710 genome.dna 1046847 1046316 NC_002940.gbk
228 38.1 4144983 4144591 genome.dna 1262430 1262079 NC_002940.gbk
284 35.5 4145402 4144980 genome.dna 1262949 1262547 NC_002940.gbk
599 47.5 4147026 4146418 genome.dna 382581 383199 NC_002940.gbk
1447 61.1 4148747 4147596 genome.dna 1266111 1264905 NC_002940.gbk
265 40.0 4151759 4151454 genome.dna 1269206 1268903 NC_002940.gbk
216 58.6 4152000 4151812 genome.dna 1270050 1269855 NC_002940.gbk
248 45.6 4156501 4156845 genome.dna 1273741 1274116 NC_002940.gbk
736 55.4 4156848 4157495 genome.dna 1274118 1274727 NC_002940.gbk
186 37.0 4158150 4158482 genome.dna 1275254 1275605 NC_002940.gbk
326 45.5 4158475 4158786 genome.dna 1275606 1275912 NC_002940.gbk
570 45.8 4158788 4159333 genome.dna 1275921 1276461 NC_002940.gbk
1654 52.0 4159330 4160865 genome.dna 1276460 1278080 NC_002940.gbk
284 35.2 4163157 4163606 genome.dna 394689 395106 NC_002940.gbk
522 37.6 4163802 4164911 genome.dna 1281657 1282674 NC_002940.gbk
721 31.9 4181249 4182667 genome.dna 1315980 1317282 NC_002940.gbk
259 33.6 4218717 4218358 genome.dna 1424193 1423815 NC_002940.gbk
2520 79.6 4231793 4230366 genome.dna 1342052 1340627 NC_002940.gbk
2445 73.0 4233904 4232027 genome.dna 1343689 1342117 NC_002940.gbk
4186 68.1 4236582 4233919 genome.dna 1346425 1343767 NC_002940.gbk
717 57.0 4243540 4242965 genome.dna 1471964 1472516 NC_002940.gbk
300 38.8 4246180 4246626 genome.dna 892514 892964 NC_002940.gbk
928 38.1 4246629 4248101 genome.dna 892975 894370 NC_002940.gbk
611 50.5 4250722 4251348 genome.dna 896256 896874 NC_002940.gbk
415 49.2 4252799 4252404 genome.dna 1496699 1496300 NC_002940.gbk
4003 67.5 4255592 4252890 genome.dna 1499596 1496878 NC_002940.gbk
1409 66.2 4257707 4256787 genome.dna 649158 648237 NC_002940.gbk
1422 58.5 4258960 4257809 genome.dna 650379 649188 NC_002940.gbk
1402 48.9 4260285 4259029 genome.dna 651697 650416 NC_002940.gbk
999 52.5 4262088 4261168 genome.dna 653430 652518 NC_002940.gbk
2060 65.7 4263557 4262097 genome.dna 654877 653449 NC_002940.gbk
1368 59.7 4264711 4263620 genome.dna 655979 654911 NC_002940.gbk
1386 51.9 4265910 4264708 genome.dna 187237 188431 NC_002940.gbk
1476 56.0 4267226 4265910 genome.dna 185926 187234 NC_002940.gbk
1875 75.3 4268312 4267230 genome.dna 184764 185847 NC_002940.gbk
1409 50.5 4269667 4268306 genome.dna 183361 184765 NC_002940.gbk
1625 52.8 4271151 4269664 genome.dna 181812 183318 NC_002940.gbk
1724 47.2 4272901 4271138 genome.dna 179744 181790 NC_002940.gbk
196 36.2 4273245 4272925 genome.dna 179424 179739 NC_002940.gbk
1314 64.8 4274186 4273242 genome.dna 178470 179412 NC_002940.gbk
1056 50.3 4296705 4297769 genome.dna 462240 463209 NC_002940.gbk
976 34.2 4297745 4299352 genome.dna 168638 170225 NC_002940.gbk
666 49.8 4299357 4300049 genome.dna 170221 170863 NC_002940.gbk
3622 56.2 4309359 4312262 genome.dna 1476347 1473425 NC_002940.gbk
908 60.8 4312461 4313114 genome.dna 1473369 1472700 NC_002940.gbk
734 42.9 4314086 4313211 genome.dna 1485232 1484371 NC_002940.gbk
1810 39.2 4314274 4316637 genome.dna 1421122 1418782 NC_002940.gbk
1175 64.2 4319027 4319845 genome.dna 957814 956944 NC_002940.gbk
988 49.8 4320238 4321083 genome.dna 1026026 1025213 NC_002940.gbk
455 47.8 4323873 4323391 genome.dna 890052 890538 NC_002940.gbk
4754 67.4 4330684 4327460 genome.dna 175319 172091 NC_002940.gbk
1506 60.0 4331847 4330699 genome.dna 176526 175356 NC_002940.gbk
1147 65.3 4333114 4332293 genome.dna 1145195 1146005 NC_002940.gbk
1376 67.5 4334402 4333452 genome.dna 54295 55240 NC_002940.gbk
546 47.8 4335368 4334856 genome.dna 53809 54295 NC_002940.gbk
4306 64.7 4338181 4335368 genome.dna 210117 207309 NC_002940.gbk
768 51.6 4339154 4338213 genome.dna 211132 210151 NC_002940.gbk
417 77.9 4339580 4339843 genome.dna 1655871 1656141 NC_002940.gbk
1331 52.5 4342070 4340889 genome.dna 588944 587759 NC_002940.gbk
1661 62.6 4343498 4342359 genome.dna 132059 130925 NC_002940.gbk
3282 80.3 4345514 4343607 genome.dna 134190 132285 NC_002940.gbk
892 70.2 4348720 4348133 genome.dna 52811 53396 NC_002940.gbk
1498 72.1 4351229 4350276 genome.dna 239648 238700 NC_002940.gbk
1232 79.3 4359083 4359799 genome.dna 213634 214348 NC_002940.gbk
932 31.3 4365019 4363085 genome.dna 1146723 1148856 NC_002940.gbk
3165 84.3 4365488 4367155 genome.dna 163969 162298 NC_002940.gbk
961 67.4 4373604 4372945 genome.dna 145884 145224 NC_002940.gbk
624 33.7 4377440 4376580 genome.dna 510875 511844 NC_002940.gbk
1774 71.3 4378640 4377564 genome.dna 690824 689747 NC_002940.gbk
1869 75.8 4379941 4378778 genome.dna 692107 690931 NC_002940.gbk
2124 82.6 4388480 4389631 genome.dna 437412 438573 NC_002940.gbk
521 48.1 4389952 4390464 genome.dna 699785 699284 NC_002940.gbk
1012 62.7 4391555 4392289 genome.dna 1501869 1502601 NC_002940.gbk
477 41.5 4393344 4393907 genome.dna 1502602 1503163 NC_002940.gbk
632 66.7 4393907 4394326 genome.dna 1503174 1503591 NC_002940.gbk
1497 65.6 4395434 4394430 genome.dna 556643 555638 NC_002940.gbk
1907 62.0 4395604 4396995 genome.dna 556766 558146 NC_002940.gbk
2204 74.1 4398393 4397095 genome.dna 1513918 1512619 NC_002940.gbk
544 54.6 4399815 4398820 genome.dna 1514941 1514053 NC_002940.gbk
1287 51.5 4401072 4399819 genome.dna 1516149 1514943 NC_002940.gbk
1636 60.4 4402445 4401165 genome.dna 582419 581069 NC_002940.gbk
436 73.7 4402839 4402540 genome.dna 582762 582456 NC_002940.gbk
1408 68.1 4403893 4402952 genome.dna 583778 582836 NC_002940.gbk
1568 48.3 4405841 4403886 genome.dna 585638 583841 NC_002940.gbk
475 51.4 4408042 4407560 genome.dna 357230 356729 NC_002940.gbk
401 31.8 4429982 4429287 genome.dna 819117 819804 NC_002940.gbk
817 65.7 4435345 4434803 genome.dna 357823 357271 NC_002940.gbk
1348 56.1 4435653 4436702 genome.dna 817709 816680 NC_002940.gbk
1047 53.2 4436846 4437871 genome.dna 514059 513165 NC_002940.gbk
1405 65.4 4442310 4441333 genome.dna 28234 27250 NC_002940.gbk
3041 74.3 4442783 4444579 genome.dna 28583 30383 NC_002940.gbk
1277 72.2 4444572 4445309 genome.dna 30395 31130 NC_002940.gbk
389 42.0 4445320 4445718 genome.dna 31138 31525 NC_002940.gbk
421 45.1 4445733 4446089 genome.dna 31534 31879 NC_002940.gbk
866 66.0 4448185 4447619 genome.dna 1153123 1152556 NC_002940.gbk
1251 55.9 4448227 4449270 genome.dna 1153914 1154907 NC_002940.gbk
2790 74.3 4451372 4449723 genome.dna 330471 332115 NC_002940.gbk
1594 56.2 4451863 4453239 genome.dna 1124040 1122684 NC_002940.gbk
824 50.9 4479596 4478769 genome.dna 328785 329616 NC_002940.gbk
842 42.2 4482321 4481200 genome.dna 1587988 1586845 NC_002940.gbk
648 55.0 4482450 4482959 genome.dna 1588177 1588693 NC_002940.gbk
1261 61.5 4482986 4483933 genome.dna 1691994 1692945 NC_002940.gbk
1445 53.1 4484001 4485290 genome.dna 1658881 1657573 NC_002940.gbk
1878 61.8 4485347 4486723 genome.dna 1657574 1656197 NC_002940.gbk
539 63.4 4486815 4487225 genome.dna 1690270 1689868 NC_002940.gbk
712 88.5 4488068 4487676 genome.dna 1637107 1636723 NC_002940.gbk
1923 88.4 4489098 4488109 genome.dna 1638133 1637143 NC_002940.gbk
1153 85.1 4489744 4489124 genome.dna 1638825 1638198 NC_002940.gbk
825 93.8 4490164 4489775 genome.dna 1639243 1638853 NC_002940.gbk
661 86.4 4490537 4490181 genome.dna 1639616 1639259 NC_002940.gbk
226 86.8 4490800 4490684 genome.dna 1639866 1639752 NC_002940.gbk
2144 74.8 4492165 4490834 genome.dna 1641217 1639897 NC_002940.gbk
707 74.3 4492607 4492173 genome.dna 1641653 1641218 NC_002940.gbk
293 79.7 4492790 4492611 genome.dna 1641837 1641657 NC_002940.gbk
991 94.0 4493297 4492797 genome.dna 1642344 1641843 NC_002940.gbk
598 79.5 4493665 4493312 genome.dna 1642712 1642358 NC_002940.gbk
942 80.2 4494208 4493675 genome.dna 1643260 1642726 NC_002940.gbk
712 83.8 4494614 4494222 genome.dna 1643668 1643275 NC_002940.gbk
551 83.2 4494953 4494648 genome.dna 1644005 1643699 NC_002940.gbk
1083 91.1 4495506 4494967 genome.dna 1644556 1644016 NC_002940.gbk
497 75.7 4495835 4495521 genome.dna 1644885 1644573 NC_002940.gbk
760 93.5 4496217 4495846 genome.dna 1645267 1644895 NC_002940.gbk
448 83.1 4496635 4496381 genome.dna 1646536 1646281 NC_002940.gbk
278 72.6 4496826 4496635 genome.dna 1646727 1646535 NC_002940.gbk
838 93.4 4497236 4496826 genome.dna 1647137 1646726 NC_002940.gbk
1380 89.7 4497950 4497249 genome.dna 1647855 1647150 NC_002940.gbk
629 90.0 4498300 4497968 genome.dna 1648205 1647872 NC_002940.gbk
575 91.2 4498593 4498315 genome.dna 1648493 1648217 NC_002940.gbk
1597 84.6 4499431 4498610 genome.dna 1649344 1648522 NC_002940.gbk
464 72.7 4499751 4499449 genome.dna 1649670 1649364 NC_002940.gbk
1077 83.1 4500353 4499748 genome.dna 1650269 1649666 NC_002940.gbk
1139 84.7 4500993 4500364 genome.dna 1650911 1650284 NC_002940.gbk
650 98.1 4501337 4501026 genome.dna 1651248 1650936 NC_002940.gbk
3748 81.8 4505956 4503842 genome.dna 518963 521069 NC_002940.gbk
909 89.1 4506523 4506053 genome.dna 518394 518865 NC_002940.gbk
778 91.9 4506994 4506620 genome.dna 517883 518258 NC_002940.gbk
126 32.3 4507413 4507126 genome.dna 1600576 1600843 NC_002940.gbk
321 40.0 4507791 4507432 genome.dna 1600184 1600556 NC_002940.gbk
375 43.8 4508190 4507801 genome.dna 1599804 1600182 NC_002940.gbk
902 67.3 4508912 4508190 genome.dna 1599142 1599805 NC_002940.gbk
1409 39.5 4509286 4510932 genome.dna 679998 681654 NC_002940.gbk
576 40.1 4517475 4516657 genome.dna 1598297 1599032 NC_002940.gbk
215 43.7 4517758 4517976 genome.dna 1598209 1597987 NC_002940.gbk
819 62.8 4520431 4519847 genome.dna 148098 147528 NC_002940.gbk
1350 39.0 4522627 4520816 genome.dna 475462 477343 NC_002940.gbk
2740 64.3 4523306 4525213 genome.dna 1480304 1482221 NC_002940.gbk
246 50.0 4527022 4527258 genome.dna 580013 580232 NC_002940.gbk
1072 77.8 4529138 4529770 genome.dna 580316 581000 NC_002940.gbk
906 37.6 4531124 4529898 genome.dna 715068 716253 NC_002940.gbk
388 37.0 4531820 4531245 genome.dna 322342 321754 NC_002940.gbk
998 75.4 4557783 4556779 genome.dna 118265 119294 NC_002940.gbk
574 39.5 4558484 4557780 genome.dna 117435 118098 NC_002940.gbk
1145 74.5 4559154 4558477 genome.dna 1621674 1622349 NC_002940.gbk
977 54.0 4560090 4559278 genome.dna 334491 333654 NC_002940.gbk
1366 55.9 4562421 4561336 genome.dna 335586 334497 NC_002940.gbk
840 72.8 4562994 4562473 genome.dna 336121 335596 NC_002940.gbk
641 39.2 4564527 4563346 genome.dna 341161 342421 NC_002940.gbk
1570 48.0 4567199 4569754 genome.dna 338988 336369 NC_002940.gbk
590 50.9 4570394 4569837 genome.dna 670263 669717 NC_002940.gbk
586 68.9 4573911 4574321 genome.dna 670383 670803 NC_002940.gbk
1051 56.5 4574406 4575275 genome.dna 670875 671769 NC_002940.gbk
2752 75.5 4575473 4577092 genome.dna 1088271 1089888 NC_002940.gbk
569 55.5 4592217 4591738 genome.dna 947508 947019 NC_002940.gbk
3349 69.6 4597892 4600225 genome.dna 252569 250250 NC_002940.gbk
565 42.3 4613483 4614184 genome.dna 150997 151675 NC_002940.gbk
942 70.7 4614245 4614820 genome.dna 298165 297565 NC_002940.gbk
971 58.3 4620311 4619553 genome.dna 1367128 1366366 NC_002940.gbk
1761 71.3 4644844 4643741 genome.dna 675330 674211 NC_002940.gbk
1692 59.5 4652866 4651655 genome.dna 941700 942975 NC_002940.gbk
1160 44.7 4654125 4652863 genome.dna 940423 941704 NC_002940.gbk
2533 69.3 4655785 4654115 genome.dna 938751 940434 NC_002940.gbk
788 58.9 4656105 4657454 genome.dna 920611 919174 NC_002940.gbk
735 42.4 4659594 4658794 genome.dna 951801 950985 NC_002940.gbk
2548 62.2 4664050 4662224 genome.dna 373281 375087 NC_002940.gbk
1416 66.2 4668986 4668036 genome.dna 569717 570671 NC_002940.gbk
3077 63.8 4672431 4670269 genome.dna 821592 823782 NC_002940.gbk
1060 50.5 4674165 4673230 genome.dna 1629581 1628666 NC_002940.gbk
1431 72.6 4675687 4674863 genome.dna 26347 27172 NC_002940.gbk
1407 41.2 4680162 4677604 genome.dna 472899 475314 NC_002940.gbk
821 50.8 4695646 4694897 genome.dna 1542618 1541895 NC_002940.gbk
1269 45.5 4697034 4695643 genome.dna 1543924 1542619 NC_002940.gbk
1049 46.6 4698116 4697031 genome.dna 1545018 1543920 NC_002940.gbk
1761 68.8 4700495 4699365 genome.dna 1547428 1546297 NC_002940.gbk
371 33.0 4701231 4700500 genome.dna 1548089 1547414 NC_002940.gbk
1628 67.9 4702353 4701286 genome.dna 542310 543351 NC_002940.gbk
1721 60.2 4703612 4702350 genome.dna 1549369 1548091 NC_002940.gbk
1483 62.2 4704862 4703738 genome.dna 1550511 1549431 NC_002940.gbk
1246 49.6 4707095 4705998 genome.dna 1551749 1550591 NC_002940.gbk
2363 86.0 4708658 4707399 genome.dna 717596 716333 NC_002940.gbk
393 54.9 4709479 4709153 genome.dna 1516665 1516347 NC_002940.gbk
2866 64.1 4714432 4712411 genome.dna 441535 439516 NC_002940.gbk
2056 61.2 4719117 4720601 genome.dna 795260 793736 NC_002940.gbk
347 48.6 4735535 4735197 genome.dna 572541 572208 NC_002940.gbk
812 47.7 4748208 4747351 genome.dna 1607256 1606458 NC_002940.gbk
1549 62.9 4750499 4751602 genome.dna 572089 570979 NC_002940.gbk
828 62.8 4752703 4752062 genome.dna 553781 553154 NC_002940.gbk
1235 61.6 4755209 4754301 genome.dna 554667 553773 NC_002940.gbk
591 81.0 4767078 4767395 genome.dna 534245 533927 NC_002940.gbk
388 74.3 4770684 4770469 genome.dna 1435389 1435176 NC_002940.gbk
2424 52.2 4770998 4773196 genome.dna 483602 485747 NC_002940.gbk
726 64.7 4775884 4776414 genome.dna 1668915 1669437 NC_002940.gbk
2090 73.2 4776424 4777755 genome.dna 1669499 1670846 NC_002940.gbk
1018 54.1 4777900 4778817 genome.dna 539048 539957 NC_002940.gbk
713 68.1 4778952 4779437 genome.dna 112672 113170 NC_002940.gbk
246 50.6 4779794 4779555 genome.dna 1207579 1207798 NC_002940.gbk
1323 72.9 4780345 4781184 genome.dna 914140 914923 NC_002940.gbk
1193 72.3 4786326 4787093 genome.dna 598102 598873 NC_002940.gbk
1535 70.2 4825789 4824827 genome.dna 366130 367105 NC_002940.gbk
973 51.4 4826899 4825997 genome.dna 1224474 1223550 NC_002940.gbk
953 63.4 4829201 4829899 genome.dna 1204378 1205101 NC_002940.gbk
1120 41.0 4829896 4831266 genome.dna 1205163 1206558 NC_002940.gbk
534 50.0 4834867 4834403 genome.dna 238122 238602 NC_002940.gbk
1199 66.7 4866035 4865178 genome.dna 71206 72166 NC_002940.gbk
831 39.0 4867335 4866367 genome.dna 778220 777281 NC_002940.gbk
864 60.9 4867996 4867325 genome.dna 778883 778229 NC_002940.gbk
1508 52.3 4869411 4868002 genome.dna 780481 778921 NC_002940.gbk
632 51.6 4869761 4870336 genome.dna 780560 781154 NC_002940.gbk
334 59.3 4875073 4874828 genome.dna 266019 266259 NC_002940.gbk
795 57.1 4875290 4875967 genome.dna 190579 189913 NC_002940.gbk
1590 74.4 4926494 4925484 genome.dna 249189 250194 NC_002940.gbk
1669 76.1 4927471 4926491 genome.dna 248207 249212 NC_002940.gbk
1245 63.1 4928387 4927485 genome.dna 247308 248196 NC_002940.gbk
1350 60.2 4929420 4928401 genome.dna 246283 247288 NC_002940.gbk
1350 60.2 4929420 4928401 genome.dna 246283 247288 NC_002940.gbk
1862 52.8 4931262 4929655 genome.dna 157489 155854 NC_002940.gbk
3852 72.1 4981440 4979023 genome.dna 1365152 1362719 NC_002940.gbk
1392 56.4 4982544 4981459 genome.dna 677244 676161 NC_002940.gbk
1483 61.0 4983694 4982594 genome.dna 678409 677305 NC_002940.gbk
1590 59.3 4985096 4983699 genome.dna 679773 678426 NC_002940.gbk
253 90.7 4985770 4985910 genome.dna 593377 593242 NC_002940.gbk
477 61.4 4985929 4986288 genome.dna 593210 592838 NC_002940.gbk
1791 54.8 4986512 4988146 genome.dna 39220 37609 NC_002940.gbk
2113 73.3 4988276 4989640 genome.dna 37459 36100 NC_002940.gbk
2687 67.6 5049054 5047222 genome.dna 1593555 1591722 NC_002940.gbk
2108 67.1 5050610 5049240 genome.dna 1254801 1253430 NC_002940.gbk
475 53.2 5053946 5053527 genome.dna 9735 10155 NC_002940.gbk
2714 89.8 5055348 5053966 genome.dna 8322 9696 NC_002940.gbk
1249 66.3 5056259 5055396 genome.dna 7440 8307 NC_002940.gbk
2814 83.6 5057853 5056312 genome.dna 5875 7417 NC_002940.gbk
614 53.7 5058399 5057866 genome.dna 5329 5863 NC_002940.gbk
598 58.3 5058884 5058414 genome.dna 4845 5316 NC_002940.gbk
250 51.9 5059187 5058948 genome.dna 4537 4792 NC_002940.gbk
1008 59.7 5060037 5059237 genome.dna 3628 4417 NC_002940.gbk
136 31.7 5060442 5060059 genome.dna 3219 3603 NC_002940.gbk
801 59.6 5061686 5061066 genome.dna 2292 2904 NC_002940.gbk
3153 73.5 5063659 5061770 genome.dna 295 2188 NC_002940.gbk
