281 33.3 1026 565 genome.dna 146592 147039 NC_000909.gbk
816 39.6 36667 35258 genome.dna 1292926 1294291 NC_000909.gbk
304 30.9 124086 125432 genome.dna 385150 386338 NC_000909.gbk
392 32.4 186544 185612 genome.dna 202711 203629 NC_000909.gbk
665 34.0 186786 187982 genome.dna 1245350 1246469 NC_000909.gbk
755 40.7 217784 218788 genome.dna 1036975 1035847 NC_000909.gbk
956 35.7 219661 221034 genome.dna 715174 713719 NC_000909.gbk
1008 50.3 228573 229595 genome.dna 572445 573453 NC_000909.gbk
400 30.7 238222 239673 genome.dna 1455221 1456646 NC_000909.gbk
299 38.0 252872 253300 genome.dna 338335 338821 NC_000909.gbk
553 30.8 280242 278956 genome.dna 866107 867442 NC_000909.gbk
1792 58.4 306633 305290 genome.dna 1173216 1171710 NC_000909.gbk
681 31.1 321945 323390 genome.dna 924372 925728 NC_000909.gbk
971 36.4 329415 330869 genome.dna 1371800 1373192 NC_000909.gbk
277 31.4 341977 341009 genome.dna 85704 86613 NC_000909.gbk
94 35.0 352201 352629 genome.dna 189687 190101 NC_000909.gbk
180 33.0 352645 353037 genome.dna 190110 190521 NC_000909.gbk
343 36.9 432443 431979 genome.dna 1367726 1368176 NC_000909.gbk
932 49.8 433394 432459 genome.dna 1555752 1556673 NC_000909.gbk
604 36.1 435364 434357 genome.dna 807429 806511 NC_000909.gbk
479 30.5 460910 458055 genome.dna 935540 938177 NC_000909.gbk
144 35.5 747822 747553 genome.dna 1043988 1043721 NC_000909.gbk
351 30.9 757677 758612 genome.dna 433724 434666 NC_000909.gbk
466 40.2 767499 768128 genome.dna 1324278 1325016 NC_000909.gbk
531 30.3 771082 772419 genome.dna 1040526 1041873 NC_000909.gbk
162 31.5 1002298 1002951 genome.dna 55763 55079 NC_000909.gbk
615 42.4 1159320 1160081 genome.dna 1320756 1321599 NC_000909.gbk
579 35.5 1202667 1201900 genome.dna 797367 798240 NC_000909.gbk
326 31.6 1310544 1309849 genome.dna 1294371 1295079 NC_000909.gbk
515 31.5 1316909 1318201 genome.dna 58763 57587 NC_000909.gbk
850 41.2 1402802 1401792 genome.dna 603088 602080 NC_000909.gbk
931 40.7 1403920 1402802 genome.dna 922908 921831 NC_000909.gbk
1000 36.4 1422749 1425052 genome.dna 648379 646078 NC_000909.gbk
705 38.2 1427931 1426894 genome.dna 194574 195627 NC_000909.gbk
791 45.2 1434853 1435731 genome.dna 233448 232578 NC_000909.gbk
641 43.3 1436929 1437642 genome.dna 1564596 1565325 NC_000909.gbk
253 39.5 1468782 1468399 genome.dna 1501015 1501390 NC_000909.gbk
609 30.5 1504627 1506285 genome.dna 1326689 1325027 NC_000909.gbk
640 37.8 1544898 1546064 genome.dna 201039 202134 NC_000909.gbk
1089 57.6 1546064 1546936 genome.dna 1189790 1188905 NC_000909.gbk
533 34.1 1558773 1559834 genome.dna 366472 367396 NC_000909.gbk
815 32.2 1598005 1595975 genome.dna 1205660 1207616 NC_000909.gbk
273 31.8 1626767 1627393 genome.dna 1005905 1005260 NC_000909.gbk
613 33.0 1633374 1634744 genome.dna 361500 360150 NC_000909.gbk
1743 43.4 1754157 1752061 genome.dna 1304030 1302008 NC_000909.gbk
530 31.6 1775956 1776978 genome.dna 1395025 1396060 NC_000909.gbk
792 45.6 1778827 1779630 genome.dna 372550 371746 NC_000909.gbk
517 35.4 2114428 2115174 genome.dna 37281 36528 NC_000909.gbk
744 34.3 2121733 2120321 genome.dna 104304 105648 NC_000909.gbk
695 40.7 2209283 2210113 genome.dna 607826 607001 NC_000909.gbk
530 31.6 2210106 2211050 genome.dna 606234 605283 NC_000909.gbk
510 32.4 2489732 2488785 genome.dna 1316797 1315921 NC_000909.gbk
633 32.4 2491599 2492855 genome.dna 140218 141397 NC_000909.gbk
724 37.5 2605113 2606180 genome.dna 225107 226118 NC_000909.gbk
1549 61.6 2607572 2608762 genome.dna 968340 969555 NC_000909.gbk
605 37.2 2608762 2609568 genome.dna 969731 970586 NC_000909.gbk
467 42.7 2639766 2638855 genome.dna 1284120 1283268 NC_000909.gbk
529 32.5 2651794 2652813 genome.dna 22401 21147 NC_000909.gbk
326 32.7 2679167 2679979 genome.dna 484419 483624 NC_000909.gbk
383 31.6 2741372 2740491 genome.dna 1664862 1664007 NC_000909.gbk
1524 60.3 2791280 2792458 genome.dna 1458901 1457719 NC_000909.gbk
510 32.5 2916384 2917283 genome.dna 1148343 1147476 NC_000909.gbk
1041 40.7 2917289 2918617 genome.dna 1425715 1427005 NC_000909.gbk
507 31.4 2918614 2919687 genome.dna 886168 887290 NC_000909.gbk
462 41.2 2920770 2921360 genome.dna 447716 447119 NC_000909.gbk
439 30.3 2921367 2922104 genome.dna 1508876 1509590 NC_000909.gbk
459 40.8 2922086 2922862 genome.dna 370906 371725 NC_000909.gbk
793 35.4 2928002 2926713 genome.dna 443158 444448 NC_000909.gbk
563 33.5 2982496 2983455 genome.dna 1514701 1513795 NC_000909.gbk
1300 41.1 2997034 2998686 genome.dna 688454 686807 NC_000909.gbk
172 38.1 3002657 3002334 genome.dna 1375035 1374723 NC_000909.gbk
366 44.4 3155863 3155369 genome.dna 1076032 1075573 NC_000909.gbk
271 32.9 3156400 3155882 genome.dna 170684 170192 NC_000909.gbk
673 34.7 3166195 3167499 genome.dna 1247255 1248650 NC_000909.gbk
948 51.4 3302638 3301757 genome.dna 804539 805379 NC_000909.gbk
492 33.8 3345329 3344487 genome.dna 373332 372528 NC_000909.gbk
506 43.5 3408161 3407589 genome.dna 97053 96498 NC_000909.gbk
991 42.3 3409858 3408341 genome.dna 195726 197142 NC_000909.gbk
600 47.1 3427528 3426443 genome.dna 1114919 1113782 NC_000909.gbk
312 30.7 3456860 3455796 genome.dna 79629 80751 NC_000909.gbk
683 33.7 3477877 3476636 genome.dna 3343 2215 NC_000909.gbk
960 41.0 3512886 3511738 genome.dna 1008086 1006925 NC_000909.gbk
373 43.8 3521609 3522118 genome.dna 546889 546415 NC_000909.gbk
1045 61.2 3527868 3527053 genome.dna 942684 941925 NC_000909.gbk
471 31.9 3573115 3574479 genome.dna 84385 85609 NC_000909.gbk
1451 48.4 3592205 3590739 genome.dna 1591572 1593063 NC_000909.gbk
616 31.3 3603229 3601955 genome.dna 928716 929967 NC_000909.gbk
474 53.3 3608433 3608005 genome.dna 1210341 1209918 NC_000909.gbk
774 35.8 3625021 3626103 genome.dna 81929 82979 NC_000909.gbk
524 35.7 3626100 3626900 genome.dna 83540 84305 NC_000909.gbk
774 39.6 3635387 3634134 genome.dna 1568599 1569889 NC_000909.gbk
410 57.1 3640872 3640534 genome.dna 58978 59317 NC_000909.gbk
766 33.9 3689812 3691413 genome.dna 33628 35248 NC_000909.gbk
1276 47.3 3714803 3716083 genome.dna 535128 533790 NC_000909.gbk
694 37.5 3742499 3743362 genome.dna 293435 292553 NC_000909.gbk
987 37.0 3776200 3774839 genome.dna 96405 95049 NC_000909.gbk
773 44.4 3898447 3899475 genome.dna 406279 405289 NC_000909.gbk
496 44.2 3961248 3960622 genome.dna 175827 175179 NC_000909.gbk
664 30.8 3969453 3967963 genome.dna 300811 299524 NC_000909.gbk
961 56.6 4001743 4000448 genome.dna 224206 222922 NC_000909.gbk
1961 55.5 4003479 4001842 genome.dna 1113698 1112075 NC_000909.gbk
115 31.6 4079133 4079423 genome.dna 547876 547579 NC_000909.gbk
121 33.8 4079441 4080034 genome.dna 216390 216972 NC_000909.gbk
379 32.0 4102382 4101120 genome.dna 1038513 1037196 NC_000909.gbk
268 36.9 4137049 4136630 genome.dna 1021219 1021636 NC_000909.gbk
467 36.0 4217612 4218277 genome.dna 892434 891780 NC_000909.gbk
507 39.0 4244964 4245854 genome.dna 436369 435517 NC_000909.gbk
933 46.3 4258960 4257809 genome.dna 336310 337405 NC_000909.gbk
466 44.8 4277861 4277370 genome.dna 165171 164652 NC_000909.gbk
1675 46.7 4279582 4277864 genome.dna 264623 262847 NC_000909.gbk
958 41.4 4282166 4283764 genome.dna 1138908 1137351 NC_000909.gbk
598 36.0 4283764 4284855 genome.dna 1568373 1567329 NC_000909.gbk
517 35.9 4284858 4286258 genome.dna 441101 439826 NC_000909.gbk
613 43.8 4331847 4330699 genome.dna 949257 950322 NC_000909.gbk
701 43.1 4333114 4332293 genome.dna 381786 380913 NC_000909.gbk
1090 32.7 4338181 4335368 genome.dna 880659 877539 NC_000909.gbk
376 31.0 4354760 4353831 genome.dna 1045130 1044227 NC_000909.gbk
379 42.0 4373604 4372945 genome.dna 1576606 1577287 NC_000909.gbk
595 36.6 4379941 4378778 genome.dna 571285 570031 NC_000909.gbk
390 35.3 4398393 4397095 genome.dna 495584 496622 NC_000909.gbk
556 32.4 4402445 4401165 genome.dna 1066931 1068140 NC_000909.gbk
394 40.1 4477982 4478530 genome.dna 286501 286021 NC_000909.gbk
430 36.6 4479596 4478769 genome.dna 1022756 1023605 NC_000909.gbk
226 42.3 4490164 4489775 genome.dna 188236 188626 NC_000909.gbk
259 32.8 4494208 4493675 genome.dna 416286 416835 NC_000909.gbk
206 31.6 4494614 4494222 genome.dna 415855 416248 NC_000909.gbk
228 39.3 4496217 4495846 genome.dna 413510 413909 NC_000909.gbk
116 34.4 4496826 4496635 genome.dna 411936 412149 NC_000909.gbk
474 35.7 4499431 4498610 genome.dna 180580 181309 NC_000909.gbk
162 44.0 4499751 4499449 genome.dna 180260 180521 NC_000909.gbk
220 34.0 4501337 4501026 genome.dna 299457 299136 NC_000909.gbk
1194 46.4 4531124 4529898 genome.dna 655121 656318 NC_000909.gbk
546 46.2 4531820 4531245 genome.dna 229851 230445 NC_000909.gbk
558 40.8 4559154 4558477 genome.dna 606978 606273 NC_000909.gbk
428 33.8 4560090 4559278 genome.dna 529633 530503 NC_000909.gbk
336 31.7 4645142 4645735 genome.dna 1660340 1660958 NC_000909.gbk
286 34.1 4675687 4674863 genome.dna 1059444 1060332 NC_000909.gbk
555 37.1 4680620 4681561 genome.dna 506098 505219 NC_000909.gbk
1081 40.3 4690836 4689472 genome.dna 858839 860228 NC_000909.gbk
633 42.8 4703612 4702350 genome.dna 384983 383699 NC_000909.gbk
638 34.8 4704862 4703738 genome.dna 1476241 1475140 NC_000909.gbk
972 42.9 4729969 4728119 genome.dna 1222330 1220644 NC_000909.gbk
565 41.2 4730969 4730043 genome.dna 939091 938224 NC_000909.gbk
318 36.3 4846439 4847095 genome.dna 1381144 1381690 NC_000909.gbk
445 38.5 4859998 4859297 genome.dna 1212812 1213388 NC_000909.gbk
469 31.1 4860774 4860004 genome.dna 1211880 1212654 NC_000909.gbk
678 38.0 4869411 4868002 genome.dna 273887 275117 NC_000909.gbk
1462 49.3 5010680 5009268 genome.dna 302241 303552 NC_000909.gbk
410 30.0 5017538 5016804 genome.dna 939902 939191 NC_000909.gbk
516 33.9 5019301 5018414 genome.dna 943560 942714 NC_000909.gbk
628 36.2 5020260 5019301 genome.dna 944494 943546 NC_000909.gbk
591 36.1 5021463 5020423 genome.dna 945828 944658 NC_000909.gbk
