1076 37.9 10948 12453 genome.dna 1415151 1416693 NC_003210.gbk
667 34.4 15468 16463 genome.dna 2068897 2067886 NC_003210.gbk
1226 37.8 25826 28615 genome.dna 1604447 1601819 NC_003210.gbk
410 40.2 29669 29034 genome.dna 1595119 1594534 NC_003210.gbk
736 38.6 36667 35258 genome.dna 1326878 1328213 NC_003210.gbk
2139 51.5 37037 38860 genome.dna 1093964 1095803 NC_003210.gbk
380 42.1 39698 40135 genome.dna 1556132 1555679 NC_003210.gbk
678 33.9 44746 43358 genome.dna 1958155 1956847 NC_003210.gbk
1287 38.0 47188 45107 genome.dna 1886894 1884845 NC_003210.gbk
499 41.1 50956 50333 genome.dna 1903101 1902483 NC_003210.gbk
1657 57.3 62838 64181 genome.dna 600344 598967 NC_003210.gbk
2107 68.9 77642 78994 genome.dna 942147 943497 NC_003210.gbk
519 38.1 93925 92960 genome.dna 81660 82617 NC_003210.gbk
525 40.0 97287 96724 genome.dna 1684216 1683634 NC_003210.gbk
1251 61.4 98527 99441 genome.dna 1494036 1493145 NC_003210.gbk
1225 33.5 99451 101520 genome.dna 1493153 1491086 NC_003210.gbk
880 62.2 110262 109636 genome.dna 1473588 1472979 NC_003210.gbk
828 53.6 162282 162998 genome.dna 1264641 1265388 NC_003210.gbk
1054 44.8 166824 165547 genome.dna 1902126 1900926 NC_003210.gbk
461 34.9 166978 167643 genome.dna 1583916 1583241 NC_003210.gbk
121 42.9 168129 168296 genome.dna 1363825 1363975 NC_003210.gbk
611 38.8 168516 169325 genome.dna 1601796 1600974 NC_003210.gbk
488 46.1 170854 170375 genome.dna 2136236 2135753 NC_003210.gbk
556 31.4 187993 189078 genome.dna 540420 541467 NC_003210.gbk
869 39.2 192775 193791 genome.dna 2011105 2010088 NC_003210.gbk
1788 46.4 199780 202044 genome.dna 1739384 1737086 NC_003210.gbk
473 33.7 208739 209521 genome.dna 1873620 1872723 NC_003210.gbk
659 35.9 217784 218788 genome.dna 1633759 1632727 NC_003210.gbk
425 34.8 218826 219599 genome.dna 1631503 1630750 NC_003210.gbk
1390 48.1 219661 221034 genome.dna 2170529 2171900 NC_003210.gbk
586 39.7 222967 223722 genome.dna 2006666 2005952 NC_003210.gbk
429 30.4 226939 227694 genome.dna 389541 388806 NC_003210.gbk
933 45.0 228573 229595 genome.dna 1591451 1590476 NC_003210.gbk
359 34.8 237567 238178 genome.dna 2594907 2595543 NC_003210.gbk
911 45.3 248939 247989 genome.dna 959710 960631 NC_003210.gbk
2069 75.8 250357 251541 genome.dna 2727195 2726007 NC_003210.gbk
543 44.6 252164 252709 genome.dna 263843 264377 NC_003210.gbk
593 64.8 252872 253300 genome.dna 265028 265454 NC_003210.gbk
767 49.8 253304 254008 genome.dna 265493 266183 NC_003210.gbk
345 37.4 254326 254823 genome.dna 266430 266931 NC_003210.gbk
386 52.9 254890 255255 genome.dna 267009 267372 NC_003210.gbk
2123 45.6 255584 259612 genome.dna 273002 276557 NC_003210.gbk
2524 46.1 259736 263959 genome.dna 276727 280333 NC_003210.gbk
240 31.2 271449 270808 genome.dna 342550 343195 NC_003210.gbk
838 39.6 275283 276347 genome.dna 2302321 2301259 NC_003210.gbk
1215 46.4 280242 278956 genome.dna 1836491 1835228 NC_003210.gbk
1038 50.7 281849 280260 genome.dna 1838045 1836515 NC_003210.gbk
259 35.8 297836 298240 genome.dna 2941544 2941082 NC_003210.gbk
703 37.9 301263 300298 genome.dna 234413 235409 NC_003210.gbk
401 31.0 302355 301621 genome.dna 838750 839452 NC_003210.gbk
1630 53.7 306633 305290 genome.dna 1381200 1382565 NC_003210.gbk
334 39.1 307112 306645 genome.dna 1380719 1381187 NC_003210.gbk
940 44.1 310630 309653 genome.dna 799817 798827 NC_003210.gbk
1238 57.5 313270 314313 genome.dna 1582790 1581776 NC_003210.gbk
1490 48.0 329415 330869 genome.dna 948753 950220 NC_003210.gbk
697 39.6 334964 334107 genome.dna 2549354 2548478 NC_003210.gbk
1320 50.0 345980 347242 genome.dna 2605155 2603862 NC_003210.gbk
568 55.0 352201 352629 genome.dna 2685102 2684664 NC_003210.gbk
478 55.4 352645 353037 genome.dna 2684643 2684250 NC_003210.gbk
788 36.4 357036 355618 genome.dna 1800241 1798771 NC_003210.gbk
3007 42.8 361542 357046 genome.dna 1804848 1800255 NC_003210.gbk
746 37.8 362158 363087 genome.dna 1711671 1712637 NC_003210.gbk
647 41.9 372605 373492 genome.dna 165760 166642 NC_003210.gbk
1267 64.1 386934 386071 genome.dna 2218862 2217962 NC_003210.gbk
686 40.4 387875 387024 genome.dna 2219733 2218878 NC_003210.gbk
1286 53.1 388978 387887 genome.dna 2220845 2219750 NC_003210.gbk
368 54.6 389318 389004 genome.dna 2221173 2220861 NC_003210.gbk
456 49.0 389811 389332 genome.dna 2221659 2221185 NC_003210.gbk
827 46.3 399153 398326 genome.dna 849313 850138 NC_003210.gbk
1374 54.6 400586 399423 genome.dna 592256 593438 NC_003210.gbk
538 37.3 401330 400590 genome.dna 2192256 2191524 NC_003210.gbk
416 44.3 424707 424243 genome.dna 304132 304684 NC_003210.gbk
2521 52.6 426927 424789 genome.dna 302007 304140 NC_003210.gbk
351 46.3 431880 431494 genome.dna 882327 882705 NC_003210.gbk
652 39.0 435364 434357 genome.dna 40704 41730 NC_003210.gbk
1164 42.7 460910 458055 genome.dna 1588852 1586200 NC_003210.gbk
2443 49.5 500272 497561 genome.dna 2765652 2763081 NC_003210.gbk
410 51.5 503049 502735 genome.dna 2935070 2934755 NC_003210.gbk
952 53.1 504017 503193 genome.dna 2935904 2935082 NC_003210.gbk
1727 58.7 505284 504022 genome.dna 2937179 2935916 NC_003210.gbk
1238 42.8 506771 505281 genome.dna 2938643 2937191 NC_003210.gbk
1293 44.5 530287 528905 genome.dna 253199 254573 NC_003210.gbk
1501 46.1 533382 534971 genome.dna 1017869 1019438 NC_003210.gbk
256 44.7 697176 697469 genome.dna 2149632 2149347 NC_003210.gbk
2121 62.1 697515 699164 genome.dna 2149312 2147683 NC_003210.gbk
306 33.8 704061 704669 genome.dna 1330861 1330246 NC_003210.gbk
799 42.3 727813 726815 genome.dna 1788752 1787768 NC_003210.gbk
1634 51.1 734875 736791 genome.dna 767765 769619 NC_003210.gbk
893 43.3 755628 756641 genome.dna 2156257 2155222 NC_003210.gbk
534 30.5 761351 760380 genome.dna 2005942 2004976 NC_003210.gbk
298 42.7 761608 761919 genome.dna 1577055 1576746 NC_003210.gbk
304 58.3 761939 762196 genome.dna 1576397 1576106 NC_003210.gbk
448 47.7 766454 766933 genome.dna 1527904 1527421 NC_003210.gbk
198 33.7 767354 767061 genome.dna 1521533 1521242 NC_003210.gbk
1952 49.3 768185 770122 genome.dna 226853 228929 NC_003210.gbk
666 42.8 770241 771074 genome.dna 232661 233477 NC_003210.gbk
1212 45.4 771082 772419 genome.dna 2199115 2197762 NC_003210.gbk
2065 43.8 779306 782008 genome.dna 1353695 1356035 NC_003210.gbk
314 45.6 782083 782481 genome.dna 1356326 1356671 NC_003210.gbk
561 35.7 782481 783425 genome.dna 1356768 1357683 NC_003210.gbk
332 57.3 783547 783816 genome.dna 1358833 1359103 NC_003210.gbk
2251 50.9 784066 786186 genome.dna 1359351 1361523 NC_003210.gbk
271 33.5 793333 793875 genome.dna 1806443 1805924 NC_003210.gbk
135 30.4 794170 793859 genome.dna 165491 165764 NC_003210.gbk
1070 42.6 795852 797180 genome.dna 2067756 2066454 NC_003210.gbk
939 43.5 797270 798493 genome.dna 2029669 2028484 NC_003210.gbk
868 56.9 798538 799257 genome.dna 1933025 1932323 NC_003210.gbk
325 40.6 803045 802602 genome.dna 2156697 2156241 NC_003210.gbk
940 46.6 805628 804636 genome.dna 87730 86746 NC_003210.gbk
708 42.4 808710 809492 genome.dna 2065697 2066417 NC_003210.gbk
1820 51.3 809514 811193 genome.dna 2079829 2078131 NC_003210.gbk
810 38.8 812975 814090 genome.dna 1373014 1374103 NC_003210.gbk
418 48.0 814149 814541 genome.dna 2495268 2494890 NC_003210.gbk
575 40.2 830229 830876 genome.dna 1937782 1938415 NC_003210.gbk
777 44.4 839867 840766 genome.dna 2030591 2029697 NC_003210.gbk
1631 50.1 844582 846099 genome.dna 235523 237020 NC_003210.gbk
1077 36.6 856625 858271 genome.dna 831024 833073 NC_003210.gbk
490 35.6 858630 859340 genome.dna 1402549 1403230 NC_003210.gbk
1459 53.8 909308 910588 genome.dna 637717 636439 NC_003210.gbk
395 40.4 918246 918758 genome.dna 2732455 2731975 NC_003210.gbk
466 48.3 927840 927358 genome.dna 2520399 2519934 NC_003210.gbk
929 31.2 931102 929441 genome.dna 1390693 1392385 NC_003210.gbk
348 32.6 932209 932796 genome.dna 1507762 1507186 NC_003210.gbk
852 38.9 933233 934465 genome.dna 1456662 1455315 NC_003210.gbk
125 37.9 934700 934497 genome.dna 2643752 2643938 NC_003210.gbk
662 36.4 939859 940740 genome.dna 1796986 1797880 NC_003210.gbk
458 46.0 957261 956803 genome.dna 375067 374620 NC_003210.gbk
517 31.5 963666 964628 genome.dna 585962 585014 NC_003210.gbk
244 31.9 969365 968913 genome.dna 1490039 1489598 NC_003210.gbk
1810 48.9 995970 994243 genome.dna 1033189 1034908 NC_003210.gbk
192 33.3 996273 996016 genome.dna 1032923 1033190 NC_003210.gbk
940 55.3 997695 996727 genome.dna 230839 231766 NC_003210.gbk
1576 59.0 1040649 1039456 genome.dna 2817571 2816362 NC_003210.gbk
673 35.1 1087061 1085955 genome.dna 1754942 1753844 NC_003210.gbk
282 30.1 1099537 1100406 genome.dna 2558044 2557210 NC_003210.gbk
809 51.3 1100443 1101237 genome.dna 1948858 1947913 NC_003210.gbk
335 41.4 1138546 1138941 genome.dna 703960 704338 NC_003210.gbk
608 34.1 1154052 1153258 genome.dna 1771406 1770647 NC_003210.gbk
835 51.5 1154397 1155122 genome.dna 1707917 1707167 NC_003210.gbk
469 45.9 1155257 1156108 genome.dna 1707088 1706203 NC_003210.gbk
746 47.7 1156279 1157004 genome.dna 1339591 1340320 NC_003210.gbk
569 45.1 1157130 1157687 genome.dna 1340319 1340877 NC_003210.gbk
618 42.9 1157925 1159121 genome.dna 1342681 1343824 NC_003210.gbk
677 46.1 1159320 1160081 genome.dna 1341106 1341865 NC_003210.gbk
406 31.9 1160091 1160948 genome.dna 1341878 1342667 NC_003210.gbk
474 51.1 1166572 1167027 genome.dna 2602683 2602248 NC_003210.gbk
1041 34.8 1169670 1173152 genome.dna 1616823 1613496 NC_003210.gbk
1100 53.5 1173165 1174124 genome.dna 1612405 1611448 NC_003210.gbk
2028 38.6 1180703 1178139 genome.dna 1430236 1432819 NC_003210.gbk
716 37.2 1203627 1202668 genome.dna 2032460 2031437 NC_003210.gbk
548 67.9 1211683 1212024 genome.dna 396963 397299 NC_003210.gbk
400 30.9 1254672 1255583 genome.dna 1366456 1367425 NC_003210.gbk
1425 55.7 1264025 1265131 genome.dna 882961 884065 NC_003210.gbk
473 39.9 1270601 1269999 genome.dna 1648366 1647820 NC_003210.gbk
976 46.2 1271755 1272822 genome.dna 1567393 1566364 NC_003210.gbk
1447 56.5 1272920 1274065 genome.dna 1566278 1565138 NC_003210.gbk
460 45.0 1278470 1278919 genome.dna 1600278 1599813 NC_003210.gbk
281 38.0 1280702 1281121 genome.dna 1383006 1383393 NC_003210.gbk
1101 44.0 1284598 1282733 genome.dna 1387380 1389210 NC_003210.gbk
679 48.3 1285528 1284617 genome.dna 1385933 1386815 NC_003210.gbk
161 38.0 1285773 1285525 genome.dna 1385703 1385931 NC_003210.gbk
646 41.1 1292157 1291267 genome.dna 2139809 2138903 NC_003210.gbk
551 43.0 1293119 1292505 genome.dna 19310 19922 NC_003210.gbk
2370 50.5 1295100 1293109 genome.dna 17343 19323 NC_003210.gbk
599 33.1 1296067 1295105 genome.dna 16218 17325 NC_003210.gbk
867 64.8 1301367 1301990 genome.dna 2542013 2542610 NC_003210.gbk
1642 61.4 1302154 1303428 genome.dna 1291709 1292969 NC_003210.gbk
316 52.3 1306200 1306472 genome.dna 2008594 2008318 NC_003210.gbk
1760 45.3 1312639 1314408 genome.dna 1702292 1700522 NC_003210.gbk
1311 36.9 1314401 1316176 genome.dna 1700539 1698733 NC_003210.gbk
1135 46.7 1316909 1318201 genome.dna 1548700 1549906 NC_003210.gbk
237 38.1 1320316 1319996 genome.dna 608480 608183 NC_003210.gbk
274 50.6 1322693 1322445 genome.dna 2624878 2624632 NC_003210.gbk
544 50.3 1329655 1330212 genome.dna 1559091 1558569 NC_003210.gbk
226 34.0 1332403 1332732 genome.dna 2777814 2777496 NC_003210.gbk
570 44.5 1332732 1333337 genome.dna 2777388 2776791 NC_003210.gbk
635 44.7 1335658 1336302 genome.dna 2695416 2694768 NC_003210.gbk
342 39.7 1352428 1351949 genome.dna 819265 818788 NC_003210.gbk
1584 38.7 1356196 1353473 genome.dna 1931011 1928797 NC_003210.gbk
1707 49.9 1363499 1366138 genome.dna 8064 10593 NC_003210.gbk
676 44.8 1376426 1377313 genome.dna 2898534 2899266 NC_003210.gbk
515 31.0 1379359 1381041 genome.dna 1730395 1728652 NC_003210.gbk
1197 65.9 1381835 1382692 genome.dna 1727827 1727008 NC_003210.gbk
403 34.8 1426894 1426256 genome.dna 1838617 1838050 NC_003210.gbk
1075 48.8 1427931 1426894 genome.dna 1839663 1838613 NC_003210.gbk
775 55.2 1428285 1428911 genome.dna 2615321 2614691 NC_003210.gbk
1197 45.0 1429248 1430537 genome.dna 1917452 1916165 NC_003210.gbk
718 41.7 1434853 1435731 genome.dna 1468206 1467324 NC_003210.gbk
614 41.0 1436929 1437642 genome.dna 1844963 1844249 NC_003210.gbk
297 31.4 1437843 1438295 genome.dna 1607514 1607052 NC_003210.gbk
1177 48.5 1458435 1457257 genome.dna 1445042 1443872 NC_003210.gbk
566 30.2 1475506 1474394 genome.dna 2761954 2760844 NC_003210.gbk
294 33.5 1479078 1478437 genome.dna 1521225 1520658 NC_003210.gbk
1873 43.2 1483266 1480684 genome.dna 1711268 1708856 NC_003210.gbk
959 49.1 1492026 1490968 genome.dna 1501227 1500267 NC_003210.gbk
719 35.7 1501778 1500630 genome.dna 2188429 2189563 NC_003210.gbk
272 33.1 1506798 1506349 genome.dna 2031196 2030743 NC_003210.gbk
644 43.7 1515559 1514879 genome.dna 2750233 2749537 NC_003210.gbk
1739 36.4 1518297 1515565 genome.dna 2752920 2750229 NC_003210.gbk
381 38.7 1519100 1518525 genome.dna 2753508 2752935 NC_003210.gbk
2829 64.6 1521264 1519120 genome.dna 2755568 2753522 NC_003210.gbk
1936 54.5 1522968 1521280 genome.dna 2757265 2755579 NC_003210.gbk
917 40.6 1528762 1530255 genome.dna 629087 630491 NC_003210.gbk
640 33.2 1536355 1535069 genome.dna 1607016 1605894 NC_003210.gbk
852 33.7 1543336 1544562 genome.dna 1398076 1399327 NC_003210.gbk
1017 39.0 1547669 1549237 genome.dna 2794373 2792966 NC_003210.gbk
627 36.8 1549251 1550390 genome.dna 2792980 2791966 NC_003210.gbk
899 44.9 1561588 1560626 genome.dna 2653085 2652173 NC_003210.gbk
961 60.2 1563766 1563014 genome.dna 2294464 2293774 NC_003210.gbk
876 40.9 1573036 1572017 genome.dna 2553295 2552311 NC_003210.gbk
391 31.9 1576123 1576893 genome.dna 1070596 1071367 NC_003210.gbk
410 33.8 1576893 1577582 genome.dna 1070492 1069820 NC_003210.gbk
594 32.3 1598229 1599338 genome.dna 2679330 2678301 NC_003210.gbk
644 44.9 1599518 1600159 genome.dna 1528727 1528097 NC_003210.gbk
223 32.1 1609114 1609548 genome.dna 2617242 2616834 NC_003210.gbk
665 39.8 1635671 1634820 genome.dna 1118081 1118912 NC_003210.gbk
571 46.1 1636204 1635668 genome.dna 1116531 1117092 NC_003210.gbk
1297 65.4 1637078 1636206 genome.dna 1115646 1116513 NC_003210.gbk
2320 75.6 1638449 1639855 genome.dna 1400940 1402359 NC_003210.gbk
1557 48.0 1647128 1648552 genome.dna 2842412 2843867 NC_003210.gbk
1493 47.8 1652381 1653892 genome.dna 406636 408103 NC_003210.gbk
2083 49.2 1654089 1656020 genome.dna 409943 411860 NC_003210.gbk
752 48.6 1665648 1666472 genome.dna 408115 408937 NC_003210.gbk
380 31.3 1825190 1826161 genome.dna 723749 724658 NC_003210.gbk
1618 57.5 1862075 1860786 genome.dna 1328356 1329652 NC_003210.gbk
128 30.5 1924289 1923957 genome.dna 926510 926858 NC_003210.gbk
881 30.1 1937404 1939404 genome.dna 726412 728269 NC_003210.gbk
254 38.5 1944254 1944643 genome.dna 726033 726393 NC_003210.gbk
561 32.4 1945543 1946694 genome.dna 713259 714306 NC_003210.gbk
288 40.6 1951419 1951823 genome.dna 742990 743401 NC_003210.gbk
516 34.2 1963383 1962607 genome.dna 711427 712195 NC_003210.gbk
898 35.4 1968985 1967612 genome.dna 747218 748520 NC_003210.gbk
590 38.2 1975728 1976600 genome.dna 724895 725759 NC_003210.gbk
310 41.1 2009604 2010017 genome.dna 1307762 1308170 NC_003210.gbk
186 39.3 2010635 2010913 genome.dna 1406226 1405944 NC_003210.gbk
368 43.8 2016186 2015680 genome.dna 2408893 2408449 NC_003210.gbk
602 43.5 2028974 2027880 genome.dna 2546503 2545486 NC_003210.gbk
416 39.5 2030910 2030332 genome.dna 824168 823637 NC_003210.gbk
164 42.9 2040877 2041047 genome.dna 521600 521771 NC_003210.gbk
750 38.7 2041077 2042123 genome.dna 1884075 1883061 NC_003210.gbk
878 45.0 2042130 2043083 genome.dna 2291927 2290988 NC_003210.gbk
845 44.8 2043101 2044030 genome.dna 1883069 1882127 NC_003210.gbk
811 52.2 2044045 2044779 genome.dna 1882124 1881380 NC_003210.gbk
259 56.6 2044934 2045170 genome.dna 1881274 1881040 NC_003210.gbk
1455 49.6 2045253 2046494 genome.dna 2290786 2289544 NC_003210.gbk
429 34.8 2047434 2048453 genome.dna 1530524 1529453 NC_003210.gbk
413 33.5 2048443 2049102 genome.dna 2770007 2769380 NC_003210.gbk
639 39.9 2050132 2050929 genome.dna 189624 190398 NC_003210.gbk
888 32.8 2053746 2055224 genome.dna 2933302 2934715 NC_003210.gbk
2158 36.9 2070405 2066956 genome.dna 217799 221339 NC_003210.gbk
355 42.9 2079241 2079792 genome.dna 1014539 1015019 NC_003210.gbk
723 37.0 2091759 2090755 genome.dna 2500179 2499168 NC_003210.gbk
390 32.6 2097009 2097755 genome.dna 612677 613406 NC_003210.gbk
1776 44.9 2099496 2097796 genome.dna 187866 189528 NC_003210.gbk
303 42.9 2111138 2111554 genome.dna 2461091 2460719 NC_003210.gbk
1038 38.5 2112831 2114330 genome.dna 2483126 2481731 NC_003210.gbk
866 51.6 2114428 2115174 genome.dna 2486921 2486135 NC_003210.gbk
1372 48.9 2116495 2117718 genome.dna 2484815 2483588 NC_003210.gbk
1464 50.6 2121733 2120321 genome.dna 1609923 1608165 NC_003210.gbk
870 47.8 2122379 2123242 genome.dna 2505157 2504299 NC_003210.gbk
1620 45.8 2123556 2125457 genome.dna 29099 31004 NC_003210.gbk
1936 62.0 2125493 2126887 genome.dna 344636 343220 NC_003210.gbk
749 41.9 2158261 2157266 genome.dna 653040 653982 NC_003210.gbk
431 31.3 2161860 2161087 genome.dna 378963 379728 NC_003210.gbk
890 31.5 2181270 2179897 genome.dna 1922438 1923809 NC_003210.gbk
301 40.5 2188157 2187750 genome.dna 2250430 2250820 NC_003210.gbk
1386 49.1 2192856 2194133 genome.dna 1642543 1641283 NC_003210.gbk
1879 54.7 2198282 2200954 genome.dna 1687265 1684562 NC_003210.gbk
770 45.3 2209283 2210113 genome.dna 1061290 1062115 NC_003210.gbk
691 38.2 2210106 2211050 genome.dna 1062107 1063064 NC_003210.gbk
560 44.1 2216576 2217319 genome.dna 1907919 1907217 NC_003210.gbk
1504 74.4 2222606 2221689 genome.dna 680359 681277 NC_003210.gbk
785 38.8 2237016 2237987 genome.dna 2709358 2708275 NC_003210.gbk
721 44.9 2239913 2239125 genome.dna 1001502 1002291 NC_003210.gbk
468 45.5 2258625 2258122 genome.dna 1626002 1625504 NC_003210.gbk
399 36.8 2275290 2274685 genome.dna 810984 811620 NC_003210.gbk
576 38.8 2298807 2297113 genome.dna 932256 933882 NC_003210.gbk
411 33.7 2306210 2305560 genome.dna 1051037 1051676 NC_003210.gbk
959 39.9 2352527 2353639 genome.dna 2599547 2598422 NC_003210.gbk
718 32.2 2359305 2358133 genome.dna 910997 912164 NC_003210.gbk
354 32.7 2378840 2379481 genome.dna 2594523 2593836 NC_003210.gbk
463 54.9 2428961 2429380 genome.dna 1157591 1158008 NC_003210.gbk
1729 56.7 2460964 2459636 genome.dna 2413222 2411899 NC_003210.gbk
817 35.9 2463282 2462086 genome.dna 576402 577584 NC_003210.gbk
809 42.0 2463567 2464547 genome.dna 2414473 2413477 NC_003210.gbk
2041 60.2 2470978 2472408 genome.dna 21651 23085 NC_003210.gbk
352 43.3 2473501 2473887 genome.dna 428126 428507 NC_003210.gbk
1375 56.8 2487322 2486231 genome.dna 2864661 2863560 NC_003210.gbk
422 38.7 2488039 2487452 genome.dna 217124 217685 NC_003210.gbk
982 46.8 2489732 2488785 genome.dna 202640 203597 NC_003210.gbk
397 31.1 2490742 2489870 genome.dna 193988 194870 NC_003210.gbk
846 34.5 2491599 2492855 genome.dna 1594407 1593099 NC_003210.gbk
1182 50.1 2492889 2493971 genome.dna 2620491 2619414 NC_003210.gbk
399 32.7 2493971 2494816 genome.dna 2619428 2618576 NC_003210.gbk
280 37.1 2527929 2528417 genome.dna 661439 660995 NC_003210.gbk
1045 36.2 2556170 2554698 genome.dna 1013335 1011859 NC_003210.gbk
458 30.5 2559421 2558525 genome.dna 1805040 1805928 NC_003210.gbk
1650 55.9 2563367 2561970 genome.dna 2315878 2314510 NC_003210.gbk
600 31.8 2571743 2570592 genome.dna 383709 384726 NC_003210.gbk
538 45.3 2585970 2586605 genome.dna 1968158 1967498 NC_003210.gbk
869 38.6 2593132 2590532 genome.dna 1297822 1299901 NC_003210.gbk
497 39.8 2597527 2596643 genome.dna 2024796 2024061 NC_003210.gbk
762 39.1 2605113 2606180 genome.dna 1674387 1673367 NC_003210.gbk
1450 53.9 2607572 2608762 genome.dna 1672005 1670802 NC_003210.gbk
355 30.3 2608762 2609568 genome.dna 1670810 1670036 NC_003210.gbk
1023 50.0 2628084 2627089 genome.dna 2282279 2281202 NC_003210.gbk
732 42.3 2629004 2628096 genome.dna 139959 140853 NC_003210.gbk
738 36.6 2629936 2629016 genome.dna 2284260 2283330 NC_003210.gbk
813 32.8 2633417 2631819 genome.dna 2286215 2284538 NC_003210.gbk
2700 48.9 2634501 2637176 genome.dna 1677408 1680009 NC_003210.gbk
599 48.6 2637907 2637311 genome.dna 2621089 2620513 NC_003210.gbk
706 42.9 2639766 2638855 genome.dna 1110577 1109704 NC_003210.gbk
222 30.1 2645457 2646263 genome.dna 1857855 1858611 NC_003210.gbk
648 33.4 2648577 2646652 genome.dna 2835987 2833833 NC_003210.gbk
378 44.4 2654386 2653967 genome.dna 1934758 1934320 NC_003210.gbk
1098 50.6 2654735 2655739 genome.dna 2532320 2531309 NC_003210.gbk
764 45.6 2679167 2679979 genome.dna 1579425 1578624 NC_003210.gbk
318 30.0 2685383 2684682 genome.dna 2157386 2156693 NC_003210.gbk
796 40.6 2697304 2698272 genome.dna 104133 105099 NC_003210.gbk
1266 73.2 2698450 2699247 genome.dna 806596 805783 NC_003210.gbk
1412 73.2 2699262 2700104 genome.dna 805765 804886 NC_003210.gbk
318 37.3 2700179 2700637 genome.dna 804212 803744 NC_003210.gbk
287 68.8 2702947 2702738 genome.dna 2095077 2094876 NC_003210.gbk
672 34.8 2704043 2704957 genome.dna 1924757 1923824 NC_003210.gbk
727 39.8 2705844 2706707 genome.dna 1925596 1924753 NC_003210.gbk
746 39.4 2714816 2715706 genome.dna 179173 180052 NC_003210.gbk
1240 67.2 2724246 2725070 genome.dna 1128205 1129030 NC_003210.gbk
1175 35.1 2726216 2727934 genome.dna 115094 113312 NC_003210.gbk
1582 36.7 2731236 2728849 genome.dna 1242099 1244508 NC_003210.gbk
808 47.1 2732234 2731251 genome.dna 1241047 1242100 NC_003210.gbk
468 61.9 2732903 2732547 genome.dna 1859010 1858650 NC_003210.gbk
202 54.5 2733144 2732947 genome.dna 1859250 1859049 NC_003210.gbk
532 50.0 2733782 2733240 genome.dna 1859787 1859271 NC_003210.gbk
1804 42.1 2735713 2733785 genome.dna 1597149 1595226 NC_003210.gbk
370 34.7 2741372 2740491 genome.dna 995789 996704 NC_003210.gbk
634 30.0 2745227 2744004 genome.dna 2253224 2252000 NC_003210.gbk
1129 65.1 2755752 2754499 genome.dna 1605875 1604612 NC_003210.gbk
1325 54.4 2757088 2758194 genome.dna 1545055 1543939 NC_003210.gbk
1364 52.2 2765355 2764123 genome.dna 1857184 1855951 NC_003210.gbk
521 33.1 2766822 2767682 genome.dna 835938 836748 NC_003210.gbk
594 36.8 2767679 2768455 genome.dna 836744 837551 NC_003210.gbk
858 39.7 2768546 2769589 genome.dna 837547 838621 NC_003210.gbk
496 49.0 2777056 2776550 genome.dna 1638419 1638908 NC_003210.gbk
1214 39.1 2794931 2793456 genome.dna 2050638 2052114 NC_003210.gbk
461 31.9 2802440 2803225 genome.dna 151838 152645 NC_003210.gbk
1341 58.9 2809298 2808294 genome.dna 1568404 1567396 NC_003210.gbk
357 34.5 2809923 2809306 genome.dna 1569025 1568419 NC_003210.gbk
714 47.3 2811487 2810744 genome.dna 1570879 1570153 NC_003210.gbk
2032 52.9 2813755 2811956 genome.dna 1552629 1550853 NC_003210.gbk
342 30.0 2833872 2833114 genome.dna 28253 28895 NC_003210.gbk
575 36.1 2839971 2839006 genome.dna 1934238 1933332 NC_003210.gbk
759 37.0 2864092 2865492 genome.dna 1970329 1969036 NC_003210.gbk
404 35.2 2869134 2868487 genome.dna 2250300 2249682 NC_003210.gbk
465 33.3 2906057 2905173 genome.dna 2352615 2351766 NC_003210.gbk
1062 42.9 2917289 2918617 genome.dna 605404 604120 NC_003210.gbk
443 39.0 2920770 2921360 genome.dna 603535 602908 NC_003210.gbk
495 32.6 2921367 2922104 genome.dna 602930 602207 NC_003210.gbk
653 43.2 2922086 2922862 genome.dna 602218 601462 NC_003210.gbk
538 41.1 2926492 2925815 genome.dna 2014760 2014085 NC_003210.gbk
1149 51.2 2929170 2928085 genome.dna 2913686 2912594 NC_003210.gbk
413 35.0 2931779 2932639 genome.dna 947717 948530 NC_003210.gbk
3253 63.3 2932697 2934979 genome.dna 1435634 1437866 NC_003210.gbk
796 44.1 2966712 2967509 genome.dna 1437942 1438689 NC_003210.gbk
1600 48.3 2969171 2967603 genome.dna 494010 495561 NC_003210.gbk
1147 46.0 2970291 2969182 genome.dna 492917 494018 NC_003210.gbk
1422 52.4 2975613 2974318 genome.dna 2823195 2821911 NC_003210.gbk
926 38.2 2977060 2975717 genome.dna 1547885 1546607 NC_003210.gbk
700 37.9 2982496 2983455 genome.dna 2554373 2553413 NC_003210.gbk
931 30.3 2983684 2985450 genome.dna 2791967 2790242 NC_003210.gbk
325 70.0 2988043 2988261 genome.dna 2694382 2694163 NC_003210.gbk
361 50.5 3002657 3002334 genome.dna 213668 213335 NC_003210.gbk
605 41.4 3016080 3015361 genome.dna 972718 973459 NC_003210.gbk
691 54.5 3019705 3020373 genome.dna 2069648 2068976 NC_003210.gbk
606 44.4 3023325 3022666 genome.dna 2489948 2489273 NC_003210.gbk
984 46.9 3024334 3023318 genome.dna 2490967 2489944 NC_003210.gbk
402 37.6 3046334 3045672 genome.dna 2008084 2007514 NC_003210.gbk
737 36.3 3054591 3053503 genome.dna 1807552 1806445 NC_003210.gbk
2034 58.8 3063296 3061821 genome.dna 826396 824935 NC_003210.gbk
427 31.9 3064304 3063432 genome.dna 2231981 2231126 NC_003210.gbk
427 32.7 3064423 3065496 genome.dna 2232086 2233094 NC_003210.gbk
446 33.5 3065575 3066420 genome.dna 1482081 1481187 NC_003210.gbk
1360 46.0 3068393 3066702 genome.dna 385385 386780 NC_003210.gbk
472 37.4 3084419 3083724 genome.dna 2411827 2411125 NC_003210.gbk
873 35.1 3132141 3129835 genome.dna 2867397 2865126 NC_003210.gbk
980 53.6 3148240 3147401 genome.dna 2034692 2035517 NC_003210.gbk
828 39.0 3150266 3149277 genome.dna 2033485 2032459 NC_003210.gbk
492 53.2 3155863 3155369 genome.dna 1073812 1074295 NC_003210.gbk
365 36.2 3156400 3155882 genome.dna 1075848 1075359 NC_003210.gbk
666 33.7 3157424 3156435 genome.dna 1074323 1075325 NC_003210.gbk
2531 58.3 3161386 3159374 genome.dna 2567445 2565468 NC_003210.gbk
1444 41.3 3171157 3172854 genome.dna 1988158 1989802 NC_003210.gbk
603 30.4 3178804 3180039 genome.dna 1071461 1072685 NC_003210.gbk
869 64.8 3180901 3181500 genome.dna 2916290 2916890 NC_003210.gbk
313 35.1 3228583 3228035 genome.dna 1423254 1423833 NC_003210.gbk
754 37.8 3230474 3228642 genome.dna 1259916 1261728 NC_003210.gbk
1779 56.1 3233243 3234655 genome.dna 811812 813189 NC_003210.gbk
387 31.8 3278435 3279220 genome.dna 2049414 2048622 NC_003210.gbk
4651 58.2 3303128 3306640 genome.dna 855758 859406 NC_003210.gbk
203 34.6 3332182 3332514 genome.dna 892191 892512 NC_003210.gbk
1661 46.2 3364676 3363084 genome.dna 1461865 1463467 NC_003210.gbk
1645 53.6 3366849 3368273 genome.dna 1281205 1279720 NC_003210.gbk
1900 50.5 3368339 3370030 genome.dna 1279702 1278055 NC_003210.gbk
1024 44.4 3395711 3396913 genome.dna 1624292 1623098 NC_003210.gbk
803 46.1 3399252 3400112 genome.dna 1068526 1067722 NC_003210.gbk
132 30.2 3401548 3400997 genome.dna 1266039 1266564 NC_003210.gbk
613 33.0 3402984 3403889 genome.dna 1757770 1758673 NC_003210.gbk
739 41.1 3409858 3408341 genome.dna 1841109 1839681 NC_003210.gbk
407 30.1 3412525 3411257 genome.dna 1586139 1584849 NC_003210.gbk
771 45.4 3413548 3412631 genome.dna 1613279 1612394 NC_003210.gbk
756 49.1 3414435 3413773 genome.dna 47334 47994 NC_003210.gbk
495 35.4 3415469 3414618 genome.dna 2686043 2685296 NC_003210.gbk
491 32.5 3416479 3415469 genome.dna 1470487 1469443 NC_003210.gbk
232 38.3 3427528 3426443 genome.dna 2004311 2003144 NC_003210.gbk
1025 38.1 3477877 3476636 genome.dna 309537 310719 NC_003210.gbk
586 35.0 3479267 3480127 genome.dna 1662457 1661587 NC_003210.gbk
317 43.1 3500331 3500732 genome.dna 2802997 2803402 NC_003210.gbk
564 32.3 3511745 3510762 genome.dna 2626361 2625413 NC_003210.gbk
859 49.8 3516455 3517318 genome.dna 1383488 1384343 NC_003210.gbk
1118 43.8 3519048 3517663 genome.dna 259476 260892 NC_003210.gbk
228 38.5 3520193 3520687 genome.dna 2452906 2452321 NC_003210.gbk
605 57.6 3521609 3522118 genome.dna 1847960 1847471 NC_003210.gbk
537 31.7 3522115 3523185 genome.dna 1847479 1846354 NC_003210.gbk
1008 57.1 3527868 3527053 genome.dna 2571141 2570361 NC_003210.gbk
389 48.6 3537011 3536586 genome.dna 2288987 2288570 NC_003210.gbk
366 43.8 3537641 3537204 genome.dna 2289423 2288970 NC_003210.gbk
876 36.1 3546973 3548205 genome.dna 2208362 2207102 NC_003210.gbk
1425 47.3 3548305 3549609 genome.dna 2207016 2205708 NC_003210.gbk
904 46.0 3549622 3550470 genome.dna 2205708 2204856 NC_003210.gbk
570 40.6 3569781 3570509 genome.dna 2023879 2023162 NC_003210.gbk
314 34.3 3571239 3571790 genome.dna 2933148 2932608 NC_003210.gbk
620 32.9 3573115 3574479 genome.dna 993899 995126 NC_003210.gbk
447 30.6 3575248 3576147 genome.dna 1823353 1822420 NC_003210.gbk
428 53.5 3576568 3576161 genome.dna 866990 866576 NC_003210.gbk
661 41.6 3577570 3576767 genome.dna 341750 342554 NC_003210.gbk
573 40.6 3578361 3577567 genome.dna 340944 341754 NC_003210.gbk
1857 51.1 3590632 3589055 genome.dna 1129944 1131501 NC_003210.gbk
1711 54.1 3592205 3590739 genome.dna 2839410 2837943 NC_003210.gbk
1050 37.5 3592378 3593766 genome.dna 1384361 1385714 NC_003210.gbk
503 40.5 3599984 3598497 genome.dna 2012438 2011127 NC_003210.gbk
1125 40.1 3603229 3601955 genome.dna 1553909 1552631 NC_003210.gbk
1082 48.7 3604488 3603367 genome.dna 1474801 1475908 NC_003210.gbk
697 33.7 3607701 3606505 genome.dna 518596 519700 NC_003210.gbk
456 50.7 3608433 3608005 genome.dna 2004958 2004514 NC_003210.gbk
796 33.8 3610387 3611748 genome.dna 573739 575062 NC_003210.gbk
918 42.4 3621177 3619963 genome.dna 1546222 1545073 NC_003210.gbk
246 30.7 3621953 3621459 genome.dna 1548033 1548456 NC_003210.gbk
434 32.3 3622920 3623723 genome.dna 1092999 1093773 NC_003210.gbk
1556 58.1 3635387 3634134 genome.dna 2616699 2615457 NC_003210.gbk
284 39.3 3640872 3640534 genome.dna 1549919 1550285 NC_003210.gbk
409 42.1 3651787 3651263 genome.dna 2795225 2794754 NC_003210.gbk
232 35.2 3680225 3679845 genome.dna 924541 924898 NC_003210.gbk
771 40.7 3682691 3681786 genome.dna 1496804 1495898 NC_003210.gbk
450 36.7 3683368 3682688 genome.dna 1880847 1880157 NC_003210.gbk
2403 59.3 3686442 3684643 genome.dna 1513684 1511857 NC_003210.gbk
622 36.5 3689812 3691413 genome.dna 2102607 2104062 NC_003210.gbk
817 55.1 3694571 3695257 genome.dna 1252666 1253341 NC_003210.gbk
785 37.5 3698228 3696813 genome.dna 256982 258458 NC_003210.gbk
601 33.2 3700404 3701453 genome.dna 2078014 2077018 NC_003210.gbk
354 33.0 3711660 3710149 genome.dna 2731961 2730563 NC_003210.gbk
664 47.8 3711890 3712588 genome.dna 1526698 1525996 NC_003210.gbk
1565 54.2 3714803 3716083 genome.dna 1590464 1589174 NC_003210.gbk
364 41.5 3732230 3732727 genome.dna 233857 234337 NC_003210.gbk
687 44.3 3732844 3733638 genome.dna 1977140 1976306 NC_003210.gbk
636 38.5 3733793 3734647 genome.dna 1976303 1975445 NC_003210.gbk
344 46.1 3734665 3735045 genome.dna 1975442 1975058 NC_003210.gbk
1239 65.2 3735878 3735108 genome.dna 705379 706150 NC_003210.gbk
1421 73.9 3736813 3735875 genome.dna 704451 705387 NC_003210.gbk
660 30.0 3745456 3747603 genome.dna 2239135 2236843 NC_003210.gbk
3030 53.0 3762599 3760023 genome.dna 2297155 2294554 NC_003210.gbk
636 38.8 3764478 3763501 genome.dna 1920436 1919524 NC_003210.gbk
411 57.1 3773009 3772662 genome.dna 1862251 1861906 NC_003210.gbk
767 45.6 3773827 3773072 genome.dna 1865394 1864656 NC_003210.gbk
204 45.9 3774681 3774433 genome.dna 1867699 1867426 NC_003210.gbk
1563 53.3 3776200 3774839 genome.dna 1875116 1873763 NC_003210.gbk
369 41.7 3777786 3777271 genome.dna 1312856 1313324 NC_003210.gbk
2035 43.8 3784972 3782345 genome.dna 1535132 1532492 NC_003210.gbk
1372 61.7 3786717 3785644 genome.dna 1425418 1426465 NC_003210.gbk
1182 45.3 3882715 3881462 genome.dna 1284660 1283412 NC_003210.gbk
867 43.1 3889382 3888324 genome.dna 2048514 2047443 NC_003210.gbk
463 33.2 3909216 3909983 genome.dna 306554 305774 NC_003210.gbk
803 36.8 3911288 3910026 genome.dna 575165 576437 NC_003210.gbk
558 31.7 3918901 3920391 genome.dna 1826387 1824935 NC_003210.gbk
1179 48.1 3921930 3923132 genome.dna 1043820 1045014 NC_003210.gbk
1083 48.8 3952362 3953393 genome.dna 308319 307302 NC_003210.gbk
675 43.6 3954101 3954916 genome.dna 309155 308333 NC_003210.gbk
1834 48.9 3956293 3958011 genome.dna 1345139 1346846 NC_003210.gbk
626 60.3 3963052 3962555 genome.dna 256490 256964 NC_003210.gbk
392 36.8 3963804 3963091 genome.dna 255799 256498 NC_003210.gbk
997 61.9 3966155 3966877 genome.dna 886874 887603 NC_003210.gbk
1736 64.8 4001743 4000448 genome.dna 2527514 2526221 NC_003210.gbk
1638 53.6 4003479 4001842 genome.dna 2639562 2637963 NC_003210.gbk
1882 41.5 4007080 4004843 genome.dna 1558364 1556147 NC_003210.gbk
1001 43.0 4012636 4011491 genome.dna 2811787 2812921 NC_003210.gbk
684 38.9 4013697 4012813 genome.dna 1036067 1036928 NC_003210.gbk
1913 45.1 4027241 4025196 genome.dna 1829956 1827940 NC_003210.gbk
171 30.8 4037027 4036671 genome.dna 233490 233865 NC_003210.gbk
350 37.3 4037132 4037767 genome.dna 1307605 1307008 NC_003210.gbk
263 34.7 4059979 4059527 genome.dna 56814 57261 NC_003210.gbk
275 56.9 4060248 4060021 genome.dna 50513 50753 NC_003210.gbk
557 34.7 4061905 4061153 genome.dna 2349356 2348603 NC_003210.gbk
586 39.8 4068636 4067902 genome.dna 261305 262061 NC_003210.gbk
1688 37.8 4071195 4068739 genome.dna 2522796 2520414 NC_003210.gbk
480 34.3 4077711 4078532 genome.dna 418763 417962 NC_003210.gbk
541 44.5 4079441 4080034 genome.dna 1265391 1266003 NC_003210.gbk
670 31.2 4080027 4081166 genome.dna 1510145 1508987 NC_003210.gbk
318 54.8 4094786 4094469 genome.dna 2757605 2757911 NC_003210.gbk
1081 36.6 4097614 4096277 genome.dna 38030 39383 NC_003210.gbk
280 46.9 4097901 4098245 genome.dna 2759389 2759692 NC_003210.gbk
1241 44.4 4114440 4115846 genome.dna 57285 58638 NC_003210.gbk
553 32.1 4115888 4116970 genome.dna 924916 926023 NC_003210.gbk
3738 58.9 4139901 4137067 genome.dna 2565461 2562590 NC_003210.gbk
351 36.1 4140147 4140710 genome.dna 49933 50470 NC_003210.gbk
422 33.1 4199525 4198710 genome.dna 2444126 2443367 NC_003210.gbk
346 42.5 4215531 4215974 genome.dna 2883409 2882962 NC_003210.gbk
239 39.3 4215997 4216284 genome.dna 2723156 2722883 NC_003210.gbk
1145 41.2 4216300 4217559 genome.dna 2045749 2044480 NC_003210.gbk
495 36.2 4217612 4218277 genome.dna 2818698 2818053 NC_003210.gbk
1197 44.4 4231793 4230366 genome.dna 1082821 1084225 NC_003210.gbk
875 35.6 4233904 4232027 genome.dna 1081182 1082817 NC_003210.gbk
618 38.3 4244964 4245854 genome.dna 2104058 2104904 NC_003210.gbk
363 33.3 4250722 4251348 genome.dna 1600958 1600355 NC_003210.gbk
924 48.8 4255592 4252890 genome.dna 2589813 2587299 NC_003210.gbk
1144 47.2 4258960 4257809 genome.dna 2113667 2112491 NC_003210.gbk
686 32.5 4260285 4259029 genome.dna 2115014 2113733 NC_003210.gbk
410 31.2 4264711 4263620 genome.dna 2117307 2116215 NC_003210.gbk
583 32.7 4265910 4264708 genome.dna 2763081 2761950 NC_003210.gbk
590 30.8 4267226 4265910 genome.dna 2118671 2117303 NC_003210.gbk
464 42.0 4268312 4267230 genome.dna 2119786 2118811 NC_003210.gbk
707 33.2 4269667 4268306 genome.dna 893837 895211 NC_003210.gbk
1039 38.0 4271151 4269664 genome.dna 2121308 2119832 NC_003210.gbk
822 42.7 4274186 4273242 genome.dna 2125052 2124113 NC_003210.gbk
312 37.6 4274647 4274189 genome.dna 2125496 2125064 NC_003210.gbk
419 41.1 4277861 4277370 genome.dna 2057926 2058418 NC_003210.gbk
1678 45.5 4279582 4277864 genome.dna 2056204 2057926 NC_003210.gbk
1388 44.6 4282166 4283764 genome.dna 2059668 2061207 NC_003210.gbk
1027 48.2 4283764 4284855 genome.dna 2061208 2062261 NC_003210.gbk
1153 55.4 4284858 4286258 genome.dna 2062262 2063651 NC_003210.gbk
581 47.7 4286272 4286874 genome.dna 2063637 2064219 NC_003210.gbk
459 32.4 4319027 4319845 genome.dna 192585 193473 NC_003210.gbk
320 33.1 4322282 4321758 genome.dna 1233351 1232883 NC_003210.gbk
411 40.6 4323873 4323391 genome.dna 1947898 1947415 NC_003210.gbk
2849 49.7 4330684 4327460 genome.dna 1912826 1909613 NC_003210.gbk
452 46.8 4331847 4330699 genome.dna 1913910 1912818 NC_003210.gbk
550 35.1 4334402 4333452 genome.dna 1483548 1484544 NC_003210.gbk
285 31.3 4335368 4334856 genome.dna 1920900 1920435 NC_003210.gbk
2671 43.1 4338181 4335368 genome.dna 2099941 2097175 NC_003210.gbk
583 36.6 4339154 4338213 genome.dna 1357752 1358697 NC_003210.gbk
206 47.0 4339580 4339843 genome.dna 1513916 1514171 NC_003210.gbk
1268 50.8 4343498 4342359 genome.dna 1505170 1504036 NC_003210.gbk
1998 55.9 4345514 4343607 genome.dna 1507153 1505311 NC_003210.gbk
1218 37.4 4365488 4367155 genome.dna 1950763 1948870 NC_003210.gbk
935 45.8 4370220 4371221 genome.dna 2651756 2650757 NC_003210.gbk
465 39.2 4373604 4372945 genome.dna 1006958 1007633 NC_003210.gbk
799 45.7 4379941 4378778 genome.dna 2531175 2529984 NC_003210.gbk
2076 47.7 4383337 4381343 genome.dna 2735245 2733229 NC_003210.gbk
1088 62.1 4388480 4389631 genome.dna 1716435 1715235 NC_003210.gbk
236 32.3 4393907 4394326 genome.dna 1532132 1531715 NC_003210.gbk
1360 47.6 4398393 4397095 genome.dna 58896 60189 NC_003210.gbk
790 37.2 4402445 4401165 genome.dna 1323793 1325017 NC_003210.gbk
595 34.7 4403893 4402952 genome.dna 1322409 1323327 NC_003210.gbk
483 34.1 4435653 4436702 genome.dna 1893478 1892602 NC_003210.gbk
476 41.8 4448185 4447619 genome.dna 1380003 1380561 NC_003210.gbk
475 35.8 4479596 4478769 genome.dna 1522354 1521532 NC_003210.gbk
790 42.1 4482986 4483933 genome.dna 1898515 1897576 NC_003210.gbk
635 31.0 4484001 4485290 genome.dna 1897576 1896241 NC_003210.gbk
455 55.6 4486815 4487225 genome.dna 2145126 2145513 NC_003210.gbk
177 43.9 4488068 4487676 genome.dna 2692080 2691672 NC_003210.gbk
851 46.2 4489098 4488109 genome.dna 2693041 2692096 NC_003210.gbk
602 46.6 4489744 4489124 genome.dna 1639119 1639722 NC_003210.gbk
578 62.8 4490164 4489775 genome.dna 2693540 2693150 NC_003210.gbk
444 54.3 4490537 4490181 genome.dna 2693928 2693562 NC_003210.gbk
167 60.5 4490800 4490684 genome.dna 2694060 2693946 NC_003210.gbk
1116 41.2 4492165 4490834 genome.dna 2696771 2695475 NC_003210.gbk
412 45.8 4492607 4492173 genome.dna 2697211 2696770 NC_003210.gbk
151 43.6 4492790 4492611 genome.dna 2697446 2697266 NC_003210.gbk
576 54.3 4493297 4492797 genome.dna 2697966 2697462 NC_003210.gbk
298 43.2 4493665 4493312 genome.dna 2698347 2697987 NC_003210.gbk
564 47.4 4494208 4493675 genome.dna 2698923 2698386 NC_003210.gbk
416 48.9 4494614 4494222 genome.dna 2699352 2698953 NC_003210.gbk
283 50.5 4494953 4494648 genome.dna 1955474 1955204 NC_003210.gbk
784 59.2 4495506 4494967 genome.dna 2700139 2699599 NC_003210.gbk
279 46.0 4495835 4495521 genome.dna 2700477 2700165 NC_003210.gbk
517 63.4 4496217 4495846 genome.dna 2700883 2700514 NC_003210.gbk
270 50.0 4496635 4496381 genome.dna 2701226 2700962 NC_003210.gbk
166 43.3 4496826 4496635 genome.dna 2701445 2701253 NC_003210.gbk
500 56.0 4497236 4496826 genome.dna 2701869 2701434 NC_003210.gbk
834 59.6 4497950 4497249 genome.dna 2702528 2701871 NC_003210.gbk
369 58.6 4498300 4497968 genome.dna 2702888 2702531 NC_003210.gbk
453 70.7 4498593 4498315 genome.dna 2703187 2702908 NC_003210.gbk
1106 58.7 4499431 4498610 genome.dna 2704108 2703274 NC_003210.gbk
158 31.0 4499751 4499449 genome.dna 2704433 2704148 NC_003210.gbk
542 42.9 4500353 4499748 genome.dna 2705056 2704432 NC_003210.gbk
617 47.3 4500993 4500364 genome.dna 2705711 2705081 NC_003210.gbk
452 64.7 4501337 4501026 genome.dna 2706054 2705745 NC_003210.gbk
2552 62.4 4505956 4503842 genome.dna 2729391 2727303 NC_003210.gbk
619 53.2 4506523 4506053 genome.dna 2729927 2729456 NC_003210.gbk
528 70.6 4506994 4506620 genome.dna 2730371 2729957 NC_003210.gbk
395 34.7 4514856 4514044 genome.dna 2112373 2111683 NC_003210.gbk
358 48.3 4518446 4518081 genome.dna 910870 910516 NC_003210.gbk
1068 34.3 4523306 4525213 genome.dna 2151743 2153696 NC_003210.gbk
215 39.8 4528763 4528356 genome.dna 1767739 1767358 NC_003210.gbk
900 40.8 4531124 4529898 genome.dna 1630754 1629593 NC_003210.gbk
599 49.2 4531820 4531245 genome.dna 2824078 2824651 NC_003210.gbk
1160 55.8 4557783 4556779 genome.dna 2287517 2288513 NC_003210.gbk
754 52.1 4559154 4558477 genome.dna 1892600 1891943 NC_003210.gbk
760 38.6 4562421 4561336 genome.dna 2003142 2002044 NC_003210.gbk
296 35.8 4562994 4562473 genome.dna 1818739 1819213 NC_003210.gbk
1900 44.6 4597892 4600225 genome.dna 933958 936136 NC_003210.gbk
473 32.4 4603858 4604907 genome.dna 2015738 2014775 NC_003210.gbk
620 31.3 4622349 4623851 genome.dna 1320607 1322284 NC_003210.gbk
1557 43.3 4664050 4662224 genome.dna 2837783 2836010 NC_003210.gbk
829 41.4 4665855 4666784 genome.dna 823531 822610 NC_003210.gbk
1741 41.1 4672431 4670269 genome.dna 1832177 1829981 NC_003210.gbk
849 46.7 4680620 4681561 genome.dna 1593096 1592166 NC_003210.gbk
867 53.5 4687311 4686550 genome.dna 2415249 2414469 NC_003210.gbk
553 38.5 4687992 4687321 genome.dna 2416683 2415966 NC_003210.gbk
346 32.6 4688923 4688132 genome.dna 2417514 2416704 NC_003210.gbk
433 38.2 4689462 4688920 genome.dna 2418067 2417530 NC_003210.gbk
784 33.7 4690836 4689472 genome.dna 1846336 1845043 NC_003210.gbk
386 32.0 4695646 4694897 genome.dna 2600282 2599547 NC_003210.gbk
607 49.9 4702353 4701286 genome.dna 1117092 1118079 NC_003210.gbk
706 49.9 4704862 4703738 genome.dna 2614574 2613434 NC_003210.gbk
1531 54.9 4708658 4707399 genome.dna 2627713 2626441 NC_003210.gbk
318 45.0 4709479 4709153 genome.dna 1259529 1259841 NC_003210.gbk
1071 45.6 4729969 4728119 genome.dna 2054492 2056187 NC_003210.gbk
380 30.5 4730969 4730043 genome.dna 1009097 1010117 NC_003210.gbk
1022 42.8 4766891 4765731 genome.dna 1735948 1734775 NC_003210.gbk
1365 33.3 4770998 4773196 genome.dna 1900922 1898528 NC_003210.gbk
601 52.3 4775884 4776414 genome.dna 1302473 1303013 NC_003210.gbk
934 47.4 4776424 4777755 genome.dna 1303026 1304436 NC_003210.gbk
291 39.4 4780345 4781184 genome.dna 1575740 1574921 NC_003210.gbk
2169 62.1 4781238 4782749 genome.dna 1574847 1573353 NC_003210.gbk
631 41.0 4786326 4787093 genome.dna 2529939 2529183 NC_003210.gbk
1269 49.3 4788410 4787304 genome.dna 43174 44266 NC_003210.gbk
1076 52.5 4825789 4824827 genome.dna 1611165 1610205 NC_003210.gbk
622 42.3 4829201 4829899 genome.dna 310931 311645 NC_003210.gbk
383 43.2 4834867 4834403 genome.dna 972196 972706 NC_003210.gbk
1146 49.6 4838481 4837408 genome.dna 301717 300616 NC_003210.gbk
596 40.8 4867996 4867325 genome.dna 2584741 2584054 NC_003210.gbk
313 37.0 4869761 4870336 genome.dna 2136796 2136238 NC_003210.gbk
1568 36.4 4872230 4874593 genome.dna 1136595 1134471 NC_003210.gbk
1892 57.2 4922174 4920702 genome.dna 281020 282481 NC_003210.gbk
1892 57.2 4922174 4920702 genome.dna 281020 282481 NC_003210.gbk
2120 62.4 4946843 4945446 genome.dna 611239 612634 NC_003210.gbk
2120 62.4 4946843 4945446 genome.dna 611239 612634 NC_003210.gbk
792 38.2 4962494 4961517 genome.dna 138998 139949 NC_003210.gbk
730 42.7 4969043 4968228 genome.dna 296213 295400 NC_003210.gbk
277 45.3 4974776 4974429 genome.dna 1781126 1780823 NC_003210.gbk
999 35.9 4976079 4974766 genome.dna 325417 324103 NC_003210.gbk
307 46.0 4976401 4976096 genome.dna 1781504 1781195 NC_003210.gbk
1185 43.3 4985096 4983699 genome.dna 317 1673 NC_003210.gbk
194 69.8 4985770 4985910 genome.dna 2943703 2943568 NC_003210.gbk
827 33.5 4988276 4989640 genome.dna 2895883 2894509 NC_003210.gbk
548 36.8 4992272 4991421 genome.dna 466516 467362 NC_003210.gbk
1227 43.3 5010680 5009268 genome.dna 610924 609628 NC_003210.gbk
406 34.1 5017538 5016804 genome.dna 2570349 2569689 NC_003210.gbk
476 33.0 5019301 5018414 genome.dna 2572883 2571998 NC_003210.gbk
939 37.3 5026700 5027902 genome.dna 1971524 1970342 NC_003210.gbk
1441 40.6 5049054 5047222 genome.dna 756737 758543 NC_003210.gbk
1094 40.3 5050610 5049240 genome.dna 201216 202590 NC_003210.gbk
274 34.4 5053946 5053527 genome.dna 2606101 2605696 NC_003210.gbk
1869 64.0 5055348 5053966 genome.dna 2607544 2606122 NC_003210.gbk
637 36.7 5056259 5055396 genome.dna 2608477 2607604 NC_003210.gbk
1216 54.5 5057853 5056312 genome.dna 2610029 2608514 NC_003210.gbk
184 41.4 5059187 5058948 genome.dna 2611410 2611191 NC_003210.gbk
2021 50.2 5063659 5061770 genome.dna 2894485 2892595 NC_003210.gbk
