1179 37.1 25826 28615 genome.dna 1136319 1139277 NC_005042.gbk
1687 51.3 36667 35258 genome.dna 952440 953862 NC_005042.gbk
2042 52.1 37037 38860 genome.dna 760055 761858 NC_005042.gbk
1453 38.5 47188 45107 genome.dna 750390 752916 NC_005042.gbk
634 44.1 47880 47188 genome.dna 404360 403670 NC_005042.gbk
489 41.1 50956 50333 genome.dna 446370 446925 NC_005042.gbk
1364 40.1 70479 68437 genome.dna 987083 989210 NC_005042.gbk
1006 35.9 77642 78994 genome.dna 540649 542011 NC_005042.gbk
1187 57.8 98527 99441 genome.dna 1168896 1169787 NC_005042.gbk
537 32.3 99451 101520 genome.dna 755580 757746 NC_005042.gbk
406 30.4 124086 125432 genome.dna 1739102 1737893 NC_005042.gbk
855 38.1 140268 141428 genome.dna 1607843 1606670 NC_005042.gbk
585 36.2 156579 155680 genome.dna 402760 403630 NC_005042.gbk
524 33.7 166824 165547 genome.dna 257259 255972 NC_005042.gbk
163 37.9 167881 168117 genome.dna 847781 847532 NC_005042.gbk
498 35.8 168516 169325 genome.dna 359471 358619 NC_005042.gbk
436 41.0 170854 170375 genome.dna 869787 869301 NC_005042.gbk
869 34.1 212248 209609 genome.dna 1583812 1580806 NC_005042.gbk
459 32.8 217784 218788 genome.dna 859085 860165 NC_005042.gbk
393 32.2 218826 219599 genome.dna 477845 476930 NC_005042.gbk
1277 45.3 219661 221034 genome.dna 14769 16158 NC_005042.gbk
1031 48.2 228573 229595 genome.dna 240194 241199 NC_005042.gbk
1518 43.8 230345 231841 genome.dna 962405 963971 NC_005042.gbk
1951 72.6 250357 251541 genome.dna 1526120 1524920 NC_005042.gbk
334 36.4 252164 252709 genome.dna 228128 227468 NC_005042.gbk
532 55.6 252872 253300 genome.dna 227343 226917 NC_005042.gbk
690 45.9 253304 254008 genome.dna 226827 226122 NC_005042.gbk
297 50.0 254890 255255 genome.dna 225297 224904 NC_005042.gbk
2146 43.8 255584 259612 genome.dna 1499419 1496128 NC_005042.gbk
732 46.7 269828 269043 genome.dna 1681520 1682336 NC_005042.gbk
853 39.2 275283 276347 genome.dna 1001450 1002506 NC_005042.gbk
1061 41.3 280242 278956 genome.dna 1320692 1322030 NC_005042.gbk
1287 43.7 281849 280260 genome.dna 291369 289812 NC_005042.gbk
676 34.9 289684 288590 genome.dna 619609 618589 NC_005042.gbk
408 33.0 290872 289694 genome.dna 620526 619626 NC_005042.gbk
939 40.2 291953 290928 genome.dna 621610 620557 NC_005042.gbk
454 34.5 303420 302533 genome.dna 1334100 1333185 NC_005042.gbk
1709 55.3 306633 305290 genome.dna 85160 86510 NC_005042.gbk
322 36.9 307112 306645 genome.dna 28375 28891 NC_005042.gbk
480 53.9 307589 307137 genome.dna 370778 371228 NC_005042.gbk
1114 54.0 313270 314313 genome.dna 1637280 1636227 NC_005042.gbk
179 31.9 315964 316557 genome.dna 1157272 1156645 NC_005042.gbk
800 34.4 321945 323390 genome.dna 911317 912769 NC_005042.gbk
767 49.2 338215 337490 genome.dna 762433 763162 NC_005042.gbk
624 35.5 341977 341009 genome.dna 543145 542065 NC_005042.gbk
451 32.5 342391 343203 genome.dna 313793 312980 NC_005042.gbk
396 30.4 343211 343993 genome.dna 1305746 1306493 NC_005042.gbk
1165 46.2 345980 347242 genome.dna 1276077 1277451 NC_005042.gbk
580 32.8 348448 347351 genome.dna 1504170 1503054 NC_005042.gbk
550 34.0 349956 348586 genome.dna 117148 115972 NC_005042.gbk
559 56.0 352201 352629 genome.dna 1550637 1550184 NC_005042.gbk
367 45.2 352645 353037 genome.dna 1550188 1549777 NC_005042.gbk
1905 43.8 361542 357046 genome.dna 1529477 1534052 NC_005042.gbk
685 42.6 372605 373492 genome.dna 1209386 1210304 NC_005042.gbk
1265 36.2 392535 394805 genome.dna 1069695 1067067 NC_005042.gbk
326 40.3 431880 431494 genome.dna 532470 532071 NC_005042.gbk
532 36.2 435364 434357 genome.dna 1241970 1241013 NC_005042.gbk
1479 42.2 460910 458055 genome.dna 1703834 1701032 NC_005042.gbk
850 36.1 463248 461737 genome.dna 1311755 1313246 NC_005042.gbk
1152 42.5 525365 524040 genome.dna 1452318 1450998 NC_005042.gbk
1234 43.9 530287 528905 genome.dna 157406 156020 NC_005042.gbk
1545 48.0 533382 534971 genome.dna 945964 944296 NC_005042.gbk
203 30.2 692962 692627 genome.dna 479984 480314 NC_005042.gbk
219 39.8 697176 697469 genome.dna 1447416 1447104 NC_005042.gbk
1985 56.8 697515 699164 genome.dna 1447040 1445402 NC_005042.gbk
484 33.2 699974 700837 genome.dna 437778 436887 NC_005042.gbk
890 44.5 755628 756641 genome.dna 447762 448833 NC_005042.gbk
617 34.2 761351 760380 genome.dna 958841 957869 NC_005042.gbk
336 64.3 761939 762196 genome.dna 1326720 1326984 NC_005042.gbk
1051 50.3 763509 764681 genome.dna 244211 245201 NC_005042.gbk
2005 53.8 768185 770122 genome.dna 253541 251741 NC_005042.gbk
587 37.8 770241 771074 genome.dna 820319 821105 NC_005042.gbk
762 34.4 771082 772419 genome.dna 268903 267517 NC_005042.gbk
585 31.3 777751 779280 genome.dna 1504904 1506323 NC_005042.gbk
281 45.5 783547 783816 genome.dna 685217 684947 NC_005042.gbk
1328 45.2 784066 786186 genome.dna 1206286 1208455 NC_005042.gbk
1419 44.6 787369 789282 genome.dna 1020283 1022095 NC_005042.gbk
826 37.9 812975 814090 genome.dna 1708284 1709406 NC_005042.gbk
359 44.2 814149 814541 genome.dna 1688720 1688330 NC_005042.gbk
3199 51.2 814656 817529 genome.dna 1688297 1685402 NC_005042.gbk
1476 48.4 844582 846099 genome.dna 1633861 1632352 NC_005042.gbk
894 50.1 909308 910588 genome.dna 724312 725641 NC_005042.gbk
385 42.9 927840 927358 genome.dna 1631108 1631606 NC_005042.gbk
428 33.2 960958 961737 genome.dna 819547 820279 NC_005042.gbk
454 49.5 970301 969369 genome.dna 1590896 1591928 NC_005042.gbk
1385 63.6 997695 996727 genome.dna 388403 387416 NC_005042.gbk
574 34.2 1087061 1085955 genome.dna 1642665 1641462 NC_005042.gbk
671 41.2 1154052 1153258 genome.dna 453441 454278 NC_005042.gbk
710 49.1 1154397 1155122 genome.dna 747784 748501 NC_005042.gbk
302 34.9 1155257 1156108 genome.dna 748577 749231 NC_005042.gbk
777 50.0 1156279 1157004 genome.dna 499121 498407 NC_005042.gbk
539 46.7 1157130 1157687 genome.dna 498357 497808 NC_005042.gbk
1008 42.8 1157925 1159121 genome.dna 1140923 1142162 NC_005042.gbk
729 45.2 1159320 1160081 genome.dna 1029732 1028931 NC_005042.gbk
291 31.3 1160091 1160948 genome.dna 1038919 1038028 NC_005042.gbk
679 36.1 1165447 1166469 genome.dna 787815 786777 NC_005042.gbk
494 52.2 1166572 1167027 genome.dna 1316389 1315933 NC_005042.gbk
596 37.9 1167032 1167820 genome.dna 1315929 1315074 NC_005042.gbk
424 41.2 1168997 1169593 genome.dna 1520801 1521377 NC_005042.gbk
2388 37.9 1169670 1173152 genome.dna 681023 684530 NC_005042.gbk
1006 50.3 1173165 1174124 genome.dna 510700 511690 NC_005042.gbk
1112 39.7 1180703 1178139 genome.dna 1657338 1660083 NC_005042.gbk
544 41.7 1270601 1269999 genome.dna 897257 897851 NC_005042.gbk
808 41.8 1271755 1272822 genome.dna 386307 387420 NC_005042.gbk
1116 46.6 1272920 1274065 genome.dna 294741 295860 NC_005042.gbk
406 31.0 1276393 1277361 genome.dna 697669 698635 NC_005042.gbk
396 39.3 1278470 1278919 genome.dna 340061 339587 NC_005042.gbk
635 36.3 1278982 1280091 genome.dna 1245094 1243990 NC_005042.gbk
415 44.4 1280201 1280677 genome.dna 1656923 1656446 NC_005042.gbk
264 30.0 1281190 1282170 genome.dna 26677 25675 NC_005042.gbk
1738 44.9 1284598 1282733 genome.dna 843897 845829 NC_005042.gbk
795 48.7 1285528 1284617 genome.dna 1058594 1057691 NC_005042.gbk
331 35.3 1289161 1289652 genome.dna 456998 457496 NC_005042.gbk
379 30.5 1292157 1291267 genome.dna 427226 428228 NC_005042.gbk
326 31.8 1293119 1292505 genome.dna 423572 422969 NC_005042.gbk
855 64.0 1301367 1301990 genome.dna 1673272 1673923 NC_005042.gbk
1353 56.5 1302154 1303428 genome.dna 1674036 1675389 NC_005042.gbk
276 44.9 1306200 1306472 genome.dna 1301217 1300941 NC_005042.gbk
404 34.7 1310544 1309849 genome.dna 1713804 1714488 NC_005042.gbk
993 30.9 1312639 1314408 genome.dna 674070 672318 NC_005042.gbk
612 33.4 1316909 1318201 genome.dna 286256 287765 NC_005042.gbk
354 35.0 1329655 1330212 genome.dna 1340746 1341265 NC_005042.gbk
350 34.7 1335658 1336302 genome.dna 1554731 1554182 NC_005042.gbk
387 31.3 1336525 1337487 genome.dna 501338 502514 NC_005042.gbk
774 35.1 1356196 1353473 genome.dna 155338 153013 NC_005042.gbk
1390 36.2 1363499 1366138 genome.dna 8478 5991 NC_005042.gbk
1119 57.6 1381835 1382692 genome.dna 971565 970686 NC_005042.gbk
398 36.9 1426894 1426256 genome.dna 860812 860173 NC_005042.gbk
1149 48.9 1427931 1426894 genome.dna 1598610 1597572 NC_005042.gbk
455 46.0 1433876 1433409 genome.dna 104470 104938 NC_005042.gbk
609 36.9 1434853 1435731 genome.dna 1670626 1669717 NC_005042.gbk
588 40.2 1436929 1437642 genome.dna 1320536 1319801 NC_005042.gbk
921 46.2 1470427 1469462 genome.dna 1535261 1534376 NC_005042.gbk
576 37.1 1475506 1474394 genome.dna 1589730 1588449 NC_005042.gbk
783 30.5 1477420 1475516 genome.dna 39168 40956 NC_005042.gbk
215 31.8 1477924 1477454 genome.dna 692279 691841 NC_005042.gbk
245 35.2 1478243 1477926 genome.dna 813162 812814 NC_005042.gbk
2320 42.9 1483266 1480684 genome.dna 865200 862587 NC_005042.gbk
862 55.6 1484840 1484115 genome.dna 618583 617833 NC_005042.gbk
863 45.5 1492026 1490968 genome.dna 1259369 1258397 NC_005042.gbk
928 37.1 1493774 1492350 genome.dna 1282844 1284245 NC_005042.gbk
369 35.7 1507655 1507128 genome.dna 1090392 1089870 NC_005042.gbk
777 38.5 1558773 1559834 genome.dna 929979 931011 NC_005042.gbk
1272 55.2 1561884 1562939 genome.dna 1725491 1724417 NC_005042.gbk
1085 48.1 1573036 1572017 genome.dna 1215674 1214630 NC_005042.gbk
1502 49.0 1631952 1633361 genome.dna 1618774 1620211 NC_005042.gbk
1420 46.7 1638449 1639855 genome.dna 770219 771638 NC_005042.gbk
1236 53.4 2034173 2033130 genome.dna 543289 544369 NC_005042.gbk
401 37.3 2043101 2044030 genome.dna 160684 161581 NC_005042.gbk
798 56.1 2044045 2044779 genome.dna 435206 434453 NC_005042.gbk
270 59.5 2044934 2045170 genome.dna 1622598 1622841 NC_005042.gbk
1380 49.1 2045253 2046494 genome.dna 1622848 1624096 NC_005042.gbk
411 35.8 2048443 2049102 genome.dna 153017 152354 NC_005042.gbk
497 37.3 2050132 2050929 genome.dna 1500484 1499695 NC_005042.gbk
351 44.5 2055442 2055792 genome.dna 91073 90731 NC_005042.gbk
2021 33.4 2070405 2066956 genome.dna 916758 920271 NC_005042.gbk
352 42.7 2079241 2079792 genome.dna 1126593 1126113 NC_005042.gbk
1658 57.1 2112831 2114330 genome.dna 98614 97171 NC_005042.gbk
848 50.6 2114428 2115174 genome.dna 97175 96383 NC_005042.gbk
1114 43.7 2116495 2117718 genome.dna 95150 93896 NC_005042.gbk
328 30.6 2159158 2158370 genome.dna 511716 512424 NC_005042.gbk
298 30.0 2181519 2182154 genome.dna 421780 422449 NC_005042.gbk
307 42.3 2186467 2186817 genome.dna 1008303 1007979 NC_005042.gbk
521 62.4 2188157 2187750 genome.dna 231682 231280 NC_005042.gbk
449 34.8 2190305 2191417 genome.dna 111731 112865 NC_005042.gbk
438 33.7 2209283 2210113 genome.dna 1181184 1181991 NC_005042.gbk
537 39.8 2216576 2217319 genome.dna 1309311 1308588 NC_005042.gbk
217 38.6 2217316 2217645 genome.dna 187390 187714 NC_005042.gbk
798 49.8 2239913 2239125 genome.dna 306718 305935 NC_005042.gbk
580 34.2 2325750 2324722 genome.dna 1224295 1225243 NC_005042.gbk
829 39.0 2463282 2462086 genome.dna 1629209 1628012 NC_005042.gbk
1232 53.7 2487322 2486231 genome.dna 1135103 1134011 NC_005042.gbk
453 36.6 2488039 2487452 genome.dna 274752 274137 NC_005042.gbk
1057 51.1 2489732 2488785 genome.dna 1045914 1046898 NC_005042.gbk
381 31.7 2490742 2489870 genome.dna 693668 694628 NC_005042.gbk
377 32.6 2491599 2492855 genome.dna 767341 768655 NC_005042.gbk
962 43.3 2492889 2493971 genome.dna 1549414 1548316 NC_005042.gbk
371 34.0 2493971 2494816 genome.dna 343379 344261 NC_005042.gbk
1202 43.7 2503696 2505084 genome.dna 1145033 1143593 NC_005042.gbk
377 30.5 2548323 2549147 genome.dna 663854 664658 NC_005042.gbk
768 34.3 2549178 2550395 genome.dna 662040 660843 NC_005042.gbk
1488 51.0 2563367 2561970 genome.dna 1472948 1474346 NC_005042.gbk
429 35.6 2585970 2586605 genome.dna 801178 800524 NC_005042.gbk
547 41.6 2595969 2596559 genome.dna 500038 499345 NC_005042.gbk
415 30.8 2597527 2596643 genome.dna 1042124 1042838 NC_005042.gbk
804 41.8 2605113 2606180 genome.dna 674579 675605 NC_005042.gbk
1466 56.5 2607572 2608762 genome.dna 187344 186093 NC_005042.gbk
519 37.5 2608762 2609568 genome.dna 545499 546303 NC_005042.gbk
478 36.3 2645457 2646263 genome.dna 461216 460385 NC_005042.gbk
995 46.2 2654735 2655739 genome.dna 24617 25640 NC_005042.gbk
514 42.6 2679167 2679979 genome.dna 346417 345601 NC_005042.gbk
674 34.2 2688488 2689942 genome.dna 1714490 1715825 NC_005042.gbk
916 46.4 2704043 2704957 genome.dna 978161 977288 NC_005042.gbk
955 52.5 2706704 2707561 genome.dna 976494 975618 NC_005042.gbk
483 34.0 2707951 2708811 genome.dna 1573301 1574192 NC_005042.gbk
1053 33.3 2726216 2727934 genome.dna 1022432 1024214 NC_005042.gbk
644 30.7 2731236 2728849 genome.dna 889459 886945 NC_005042.gbk
1047 50.6 2732234 2731251 genome.dna 1249210 1248202 NC_005042.gbk
423 57.9 2732903 2732547 genome.dna 1680492 1680840 NC_005042.gbk
178 49.2 2733144 2732947 genome.dna 1680230 1680428 NC_005042.gbk
502 47.4 2733782 2733240 genome.dna 1650297 1650903 NC_005042.gbk
2771 61.5 2735713 2733785 genome.dna 981484 983416 NC_005042.gbk
921 49.6 2755752 2754499 genome.dna 1603832 1605257 NC_005042.gbk
479 35.6 2757088 2758194 genome.dna 1267362 1268583 NC_005042.gbk
381 32.8 2760640 2761329 genome.dna 1007628 1006866 NC_005042.gbk
1189 49.5 2791280 2792458 genome.dna 1101410 1102592 NC_005042.gbk
1207 40.2 2794931 2793456 genome.dna 1051430 1052951 NC_005042.gbk
1136 53.9 2809298 2808294 genome.dna 1631058 1629987 NC_005042.gbk
259 34.7 2810663 2810151 genome.dna 1077034 1077502 NC_005042.gbk
1459 49.3 2813755 2811956 genome.dna 1709478 1711296 NC_005042.gbk
1330 40.1 2835515 2837245 genome.dna 208092 206280 NC_005042.gbk
1204 34.5 2854450 2852540 genome.dna 1108135 1110067 NC_005042.gbk
714 38.5 2859653 2858643 genome.dna 224341 223162 NC_005042.gbk
258 33.7 2879580 2880428 genome.dna 1362032 1362758 NC_005042.gbk
894 36.7 2917289 2918617 genome.dna 1501000 1502323 NC_005042.gbk
409 30.5 2918614 2919687 genome.dna 206281 205147 NC_005042.gbk
388 37.6 2920770 2921360 genome.dna 1072229 1072871 NC_005042.gbk
554 37.4 2921367 2922104 genome.dna 795988 795217 NC_005042.gbk
680 46.1 2922086 2922862 genome.dna 409031 409805 NC_005042.gbk
291 32.3 2922856 2923488 genome.dna 550637 549956 NC_005042.gbk
1133 48.1 2975613 2974318 genome.dna 1203371 1204649 NC_005042.gbk
1118 42.7 2977060 2975717 genome.dna 102409 103750 NC_005042.gbk
137 33.8 3016496 3016762 genome.dna 201345 201081 NC_005042.gbk
922 37.3 3042056 3043384 genome.dna 128875 130180 NC_005042.gbk
379 31.2 3046334 3045672 genome.dna 512609 513188 NC_005042.gbk
418 31.4 3064304 3063432 genome.dna 169943 168989 NC_005042.gbk
1219 39.6 3080104 3081720 genome.dna 214958 216581 NC_005042.gbk
2348 56.1 3161386 3159374 genome.dna 1665690 1663656 NC_005042.gbk
738 37.0 3165022 3163865 genome.dna 1477251 1478397 NC_005042.gbk
1093 52.1 3166099 3165062 genome.dna 1028920 1027921 NC_005042.gbk
884 36.7 3166195 3167499 genome.dna 1480760 1482065 NC_005042.gbk
793 31.2 3230474 3228642 genome.dna 870345 872268 NC_005042.gbk
591 40.5 3302638 3301757 genome.dna 518678 517787 NC_005042.gbk
841 38.3 3306810 3308309 genome.dna 729150 727572 NC_005042.gbk
668 44.0 3336744 3335911 genome.dna 1717443 1716657 NC_005042.gbk
882 38.5 3373687 3372152 genome.dna 172917 174591 NC_005042.gbk
1100 35.7 3375638 3373788 genome.dna 170813 172817 NC_005042.gbk
243 39.0 3375937 3375635 genome.dna 180187 179860 NC_005042.gbk
647 36.7 3378041 3377067 genome.dna 182756 181601 NC_005042.gbk
667 39.7 3402984 3403889 genome.dna 143840 142901 NC_005042.gbk
393 35.6 3408161 3407589 genome.dna 907520 908123 NC_005042.gbk
1709 52.9 3409858 3408341 genome.dna 4529 5987 NC_005042.gbk
828 49.2 3413548 3412631 genome.dna 783962 783083 NC_005042.gbk
488 37.8 3415469 3414618 genome.dna 1551662 1550792 NC_005042.gbk
645 33.4 3416479 3415469 genome.dna 1671654 1670622 NC_005042.gbk
802 45.8 3427528 3426443 genome.dna 249976 251065 NC_005042.gbk
1684 51.2 3443783 3442200 genome.dna 399079 400570 NC_005042.gbk
728 38.6 3511745 3510762 genome.dna 1543841 1544792 NC_005042.gbk
528 34.9 3512886 3511738 genome.dna 307511 308699 NC_005042.gbk
669 44.8 3516455 3517318 genome.dna 1059545 1058636 NC_005042.gbk
1053 42.7 3519048 3517663 genome.dna 1139320 1140820 NC_005042.gbk
473 51.0 3521609 3522118 genome.dna 188886 188394 NC_005042.gbk
302 30.2 3522115 3523185 genome.dna 925831 924661 NC_005042.gbk
839 49.8 3527868 3527053 genome.dna 559701 558879 NC_005042.gbk
1003 34.8 3531913 3533985 genome.dna 1720402 1722514 NC_005042.gbk
1869 49.1 3556399 3554642 genome.dna 1609661 1607960 NC_005042.gbk
488 34.1 3571960 3572919 genome.dna 247598 246620 NC_005042.gbk
1748 49.9 3590632 3589055 genome.dna 35616 37203 NC_005042.gbk
612 37.7 3599984 3598497 genome.dna 373320 374691 NC_005042.gbk
1241 47.9 3603229 3601955 genome.dna 705070 706336 NC_005042.gbk
536 36.0 3604488 3603367 genome.dna 933632 932408 NC_005042.gbk
779 38.4 3607701 3606505 genome.dna 1489815 1488768 NC_005042.gbk
384 42.0 3608433 3608005 genome.dna 54703 55216 NC_005042.gbk
125 31.5 3616630 3616295 genome.dna 342153 342546 NC_005042.gbk
282 40.2 3619470 3619147 genome.dna 140805 141201 NC_005042.gbk
1046 44.4 3621177 3619963 genome.dna 191749 192901 NC_005042.gbk
507 33.9 3622920 3623723 genome.dna 852111 851247 NC_005042.gbk
1578 56.9 3635387 3634134 genome.dna 282584 281324 NC_005042.gbk
460 60.7 3640872 3640534 genome.dna 1470039 1470378 NC_005042.gbk
378 39.3 3651787 3651263 genome.dna 950546 951041 NC_005042.gbk
744 40.4 3653449 3652523 genome.dna 855875 856811 NC_005042.gbk
850 54.9 3680956 3680225 genome.dna 1010004 1010745 NC_005042.gbk
420 33.9 3682691 3681786 genome.dna 1256953 1256008 NC_005042.gbk
317 33.6 3683368 3682688 genome.dna 1617216 1617966 NC_005042.gbk
150 31.3 3684626 3683661 genome.dna 488449 489118 NC_005042.gbk
2248 55.4 3686442 3684643 genome.dna 400641 402450 NC_005042.gbk
657 35.3 3689812 3691413 genome.dna 126069 127728 NC_005042.gbk
545 37.0 3698228 3696813 genome.dna 451895 450464 NC_005042.gbk
1567 51.5 3714803 3716083 genome.dna 460067 458765 NC_005042.gbk
332 39.9 3728155 3728859 genome.dna 285200 285956 NC_005042.gbk
512 41.0 3732844 3733638 genome.dna 1288027 1288798 NC_005042.gbk
524 32.9 3736813 3735875 genome.dna 428320 429334 NC_005042.gbk
473 30.4 3742499 3743362 genome.dna 1706105 1706969 NC_005042.gbk
408 47.4 3749751 3750215 genome.dna 224828 224330 NC_005042.gbk
436 41.0 3750989 3751744 genome.dna 533285 532523 NC_005042.gbk
2851 49.4 3762599 3760023 genome.dna 1004267 1006862 NC_005042.gbk
607 37.3 3764478 3763501 genome.dna 217549 216592 NC_005042.gbk
1386 45.1 3776200 3774839 genome.dna 1261304 1259846 NC_005042.gbk
1372 40.8 3784972 3782345 genome.dna 49983 52662 NC_005042.gbk
1328 60.1 3786717 3785644 genome.dna 1567931 1569071 NC_005042.gbk
976 39.2 3882715 3881462 genome.dna 991498 990187 NC_005042.gbk
785 36.5 3883829 3882726 genome.dna 788942 787847 NC_005042.gbk
306 34.3 3893814 3893233 genome.dna 1222088 1222679 NC_005042.gbk
580 36.5 3912529 3911285 genome.dna 952202 951035 NC_005042.gbk
668 34.3 3918901 3920391 genome.dna 679320 680781 NC_005042.gbk
915 42.4 3956293 3958011 genome.dna 484996 483184 NC_005042.gbk
367 34.7 3963804 3963091 genome.dna 435321 436002 NC_005042.gbk
763 58.6 3967961 3967344 genome.dna 187782 188388 NC_005042.gbk
557 37.0 3972869 3972135 genome.dna 106393 105628 NC_005042.gbk
743 32.7 3974615 3972882 genome.dna 755492 753695 NC_005042.gbk
273 32.6 3986036 3985365 genome.dna 1713060 1713738 NC_005042.gbk
879 33.3 3994559 3995977 genome.dna 363223 361849 NC_005042.gbk
1585 58.9 4001743 4000448 genome.dna 231828 233127 NC_005042.gbk
1603 54.6 4003479 4001842 genome.dna 1711408 1713064 NC_005042.gbk
416 30.8 4004518 4003706 genome.dna 1705246 1706077 NC_005042.gbk
1571 37.1 4007080 4004843 genome.dna 214915 212584 NC_005042.gbk
554 31.5 4013697 4012813 genome.dna 1131356 1132253 NC_005042.gbk
1664 39.0 4027241 4025196 genome.dna 1698177 1700235 NC_005042.gbk
315 36.7 4037132 4037767 genome.dna 1307979 1308597 NC_005042.gbk
298 34.8 4039680 4040210 genome.dna 485906 486437 NC_005042.gbk
310 33.7 4050959 4050219 genome.dna 1209385 1208470 NC_005042.gbk
276 35.1 4059979 4059527 genome.dna 1691865 1692324 NC_005042.gbk
418 34.6 4076900 4077613 genome.dna 376036 376660 NC_005042.gbk
406 38.8 4079441 4080034 genome.dna 303073 303676 NC_005042.gbk
970 45.5 4109655 4110677 genome.dna 18050 17048 NC_005042.gbk
1141 42.6 4114440 4115846 genome.dna 1692384 1693800 NC_005042.gbk
355 32.9 4115888 4116970 genome.dna 1547741 1546580 NC_005042.gbk
2094 54.7 4139901 4137067 genome.dna 1745563 1742608 NC_005042.gbk
287 34.4 4200650 4199670 genome.dna 29923 28894 NC_005042.gbk
2866 62.8 4221505 4218908 genome.dna 1725642 1728234 NC_005042.gbk
659 33.6 4231793 4230366 genome.dna 1274820 1273374 NC_005042.gbk
572 38.8 4244964 4245854 genome.dna 208962 208098 NC_005042.gbk
311 30.2 4250722 4251348 genome.dna 58596 57963 NC_005042.gbk
1746 43.6 4255592 4252890 genome.dna 1655660 1652819 NC_005042.gbk
450 33.8 4257707 4256787 genome.dna 1317248 1316381 NC_005042.gbk
1068 47.7 4258960 4257809 genome.dna 1286754 1287870 NC_005042.gbk
779 33.5 4263557 4262097 genome.dna 24435 23016 NC_005042.gbk
504 30.9 4264711 4263620 genome.dna 220990 222064 NC_005042.gbk
691 34.6 4265910 4264708 genome.dna 1465887 1467126 NC_005042.gbk
382 37.2 4268312 4267230 genome.dna 1739673 1740786 NC_005042.gbk
1069 40.3 4271151 4269664 genome.dna 394751 396263 NC_005042.gbk
585 41.2 4274186 4273242 genome.dna 193820 192902 NC_005042.gbk
411 41.6 4277861 4277370 genome.dna 1152086 1152593 NC_005042.gbk
1656 45.5 4279582 4277864 genome.dna 502651 504406 NC_005042.gbk
855 46.8 4282166 4283764 genome.dna 1064186 1062575 NC_005042.gbk
1156 50.4 4283764 4284855 genome.dna 786738 785649 NC_005042.gbk
1596 52.8 4284858 4286258 genome.dna 280022 278615 NC_005042.gbk
385 32.6 4319027 4319845 genome.dna 692832 693672 NC_005042.gbk
2150 55.1 4330684 4327460 genome.dna 813912 817239 NC_005042.gbk
1086 44.6 4331847 4330699 genome.dna 675645 676791 NC_005042.gbk
743 41.1 4338181 4335368 genome.dna 263153 266063 NC_005042.gbk
522 34.1 4339154 4338213 genome.dna 1250699 1251617 NC_005042.gbk
150 34.4 4339580 4339843 genome.dna 1500867 1500567 NC_005042.gbk
972 42.5 4343498 4342359 genome.dna 19480 20617 NC_005042.gbk
2197 53.2 4345514 4343607 genome.dna 1735690 1733788 NC_005042.gbk
1097 55.5 4351229 4350276 genome.dna 495608 496616 NC_005042.gbk
406 31.2 4354760 4353831 genome.dna 984497 985445 NC_005042.gbk
446 38.6 4373604 4372945 genome.dna 1503014 1502300 NC_005042.gbk
1006 43.8 4379941 4378778 genome.dna 218920 220129 NC_005042.gbk
2149 50.4 4383337 4381343 genome.dna 1624147 1626157 NC_005042.gbk
1328 32.5 4387762 4385783 genome.dna 54611 52664 NC_005042.gbk
696 55.1 4388480 4389631 genome.dna 337564 336331 NC_005042.gbk
747 39.9 4392301 4393260 genome.dna 201076 200149 NC_005042.gbk
1336 46.9 4398393 4397095 genome.dna 482636 481322 NC_005042.gbk
425 32.5 4403893 4402952 genome.dna 1649335 1650235 NC_005042.gbk
202 31.1 4408042 4407560 genome.dna 1639953 1640460 NC_005042.gbk
690 35.1 4409761 4410900 genome.dna 10395 9432 NC_005042.gbk
473 40.1 4448185 4447619 genome.dna 27809 28370 NC_005042.gbk
560 34.0 4471827 4470898 genome.dna 725656 726550 NC_005042.gbk
537 37.2 4482986 4483933 genome.dna 914147 915167 NC_005042.gbk
524 33.9 4484001 4485290 genome.dna 404609 405926 NC_005042.gbk
292 44.0 4488068 4487676 genome.dna 1552037 1551686 NC_005042.gbk
529 35.2 4489098 4488109 genome.dna 1553012 1552073 NC_005042.gbk
510 43.0 4489744 4489124 genome.dna 394086 393477 NC_005042.gbk
488 56.7 4490164 4489775 genome.dna 1553468 1553075 NC_005042.gbk
404 51.7 4490537 4490181 genome.dna 1553903 1553537 NC_005042.gbk
190 65.8 4490800 4490684 genome.dna 1554136 1554019 NC_005042.gbk
1029 41.5 4492165 4490834 genome.dna 1556082 1554762 NC_005042.gbk
307 38.1 4492607 4492173 genome.dna 1556604 1556148 NC_005042.gbk
306 48.7 4493665 4493312 genome.dna 1557631 1557262 NC_005042.gbk
467 40.0 4494208 4493675 genome.dna 1558205 1557665 NC_005042.gbk
433 51.9 4494614 4494222 genome.dna 1558619 1558217 NC_005042.gbk
291 48.0 4494953 4494648 genome.dna 1205794 1206094 NC_005042.gbk
730 56.6 4495506 4494967 genome.dna 1559163 1558623 NC_005042.gbk
213 40.2 4495835 4495521 genome.dna 1559604 1559247 NC_005042.gbk
475 60.2 4496217 4495846 genome.dna 1559970 1559604 NC_005042.gbk
746 47.0 4497950 4497249 genome.dna 1561756 1561024 NC_005042.gbk
417 68.1 4498593 4498315 genome.dna 1562408 1562132 NC_005042.gbk
966 53.1 4499431 4498610 genome.dna 1563307 1562443 NC_005042.gbk
199 37.1 4499751 4499449 genome.dna 1563618 1563309 NC_005042.gbk
359 35.4 4500353 4499748 genome.dna 1564246 1563610 NC_005042.gbk
635 45.4 4500993 4500364 genome.dna 1564905 1564245 NC_005042.gbk
403 53.9 4501337 4501026 genome.dna 1524786 1524465 NC_005042.gbk
2475 61.1 4505956 4503842 genome.dna 1528242 1526166 NC_005042.gbk
535 52.6 4506523 4506053 genome.dna 1528805 1528334 NC_005042.gbk
618 71.8 4506994 4506620 genome.dna 1529222 1528847 NC_005042.gbk
1087 55.1 4527383 4528252 genome.dna 785559 784659 NC_005042.gbk
883 38.1 4531124 4529898 genome.dna 1277573 1278761 NC_005042.gbk
704 52.6 4531820 4531245 genome.dna 203809 204412 NC_005042.gbk
1055 46.9 4557783 4556779 genome.dna 980465 981485 NC_005042.gbk
544 36.5 4559154 4558477 genome.dna 766096 765352 NC_005042.gbk
899 41.4 4562421 4561336 genome.dna 925913 927017 NC_005042.gbk
353 39.9 4562994 4562473 genome.dna 134060 134633 NC_005042.gbk
575 41.9 4579442 4578723 genome.dna 157513 158257 NC_005042.gbk
761 33.8 4597541 4596258 genome.dna 183968 182789 NC_005042.gbk
2449 45.1 4632742 4630295 genome.dna 1613223 1615746 NC_005042.gbk
611 32.0 4634257 4632818 genome.dna 970638 969132 NC_005042.gbk
610 33.8 4635563 4634286 genome.dna 768768 770064 NC_005042.gbk
1283 35.9 4637576 4635600 genome.dna 1302060 1304166 NC_005042.gbk
1852 47.0 4639754 4637577 genome.dna 999041 1001309 NC_005042.gbk
842 37.1 4672431 4670269 genome.dna 326241 323817 NC_005042.gbk
639 35.2 4675687 4674863 genome.dna 865322 866180 NC_005042.gbk
953 50.2 4680620 4681561 genome.dna 471709 470761 NC_005042.gbk
813 33.2 4690836 4689472 genome.dna 1471588 1472884 NC_005042.gbk
394 54.5 4709479 4709153 genome.dna 1071875 1072199 NC_005042.gbk
1570 46.4 4728119 4726569 genome.dna 843781 842239 NC_005042.gbk
541 38.9 4729969 4728119 genome.dna 775059 773382 NC_005042.gbk
585 34.3 4730969 4730043 genome.dna 877442 878357 NC_005042.gbk
810 36.8 4766891 4765731 genome.dna 391130 389960 NC_005042.gbk
936 34.9 4770998 4773196 genome.dna 473543 475802 NC_005042.gbk
808 41.1 4782875 4783885 genome.dna 766304 767309 NC_005042.gbk
333 42.2 4834867 4834403 genome.dna 895240 895741 NC_005042.gbk
827 40.8 4869411 4868002 genome.dna 11965 13261 NC_005042.gbk
209 30.9 4869761 4870336 genome.dna 1072867 1073470 NC_005042.gbk
752 35.2 4929420 4928401 genome.dna 1081923 1082943 NC_005042.gbk
752 35.2 4929420 4928401 genome.dna 1081923 1082943 NC_005042.gbk
935 38.2 4985096 4983699 genome.dna 537956 539342 NC_005042.gbk
146 53.5 4985770 4985910 genome.dna 1199582 1199720 NC_005042.gbk
776 37.3 4988276 4989640 genome.dna 210445 209077 NC_005042.gbk
553 35.4 5019301 5018414 genome.dna 560636 559721 NC_005042.gbk
741 40.3 5020260 5019301 genome.dna 561600 560649 NC_005042.gbk
287 32.0 5021463 5020423 genome.dna 1400146 1401139 NC_005042.gbk
794 34.7 5026700 5027902 genome.dna 934762 935944 NC_005042.gbk
615 41.0 5049054 5047222 genome.dna 1622139 1620234 NC_005042.gbk
1002 36.1 5050610 5049240 genome.dna 966332 967691 NC_005042.gbk
221 30.6 5053946 5053527 genome.dna 1449178 1449589 NC_005042.gbk
1822 64.5 5055348 5053966 genome.dna 1447639 1449106 NC_005042.gbk
269 37.3 5056259 5055396 genome.dna 1460495 1459544 NC_005042.gbk
1176 55.8 5057853 5056312 genome.dna 1462043 1460525 NC_005042.gbk
1422 43.9 5063659 5061770 genome.dna 1693839 1695843 NC_005042.gbk
