983 34.9 10948 12453 genome.dna 791272 792760 NC_000917.gbk
1072 39.7 36667 35258 genome.dna 851144 849668 NC_000917.gbk
539 31.6 166824 165547 genome.dna 1476319 1477534 NC_000917.gbk
526 36.3 217784 218788 genome.dna 1862847 1861848 NC_000917.gbk
853 35.2 219661 221034 genome.dna 788210 786758 NC_000917.gbk
921 43.9 228573 229595 genome.dna 1775555 1774586 NC_000917.gbk
1180 43.7 230345 231841 genome.dna 184048 185494 NC_000917.gbk
862 40.3 233849 232686 genome.dna 931415 930224 NC_000917.gbk
1034 39.9 238222 239673 genome.dna 744722 746159 NC_000917.gbk
305 36.8 252872 253300 genome.dna 489684 490158 NC_000917.gbk
310 34.5 253304 254008 genome.dna 1348000 1348648 NC_000917.gbk
568 37.5 270806 270027 genome.dna 504648 505452 NC_000917.gbk
273 33.3 271449 270808 genome.dna 1864791 1864158 NC_000917.gbk
588 35.5 280242 278956 genome.dna 1034484 1033071 NC_000917.gbk
1650 52.8 306633 305290 genome.dna 197272 198793 NC_000917.gbk
226 37.8 352645 353037 genome.dna 1005741 1006149 NC_000917.gbk
374 36.8 432443 431979 genome.dna 99939 100401 NC_000917.gbk
914 50.2 433394 432459 genome.dna 99043 99943 NC_000917.gbk
602 40.7 435364 434357 genome.dna 1120323 1119399 NC_000917.gbk
281 31.9 452937 452395 genome.dna 369021 368370 NC_000917.gbk
281 33.3 452937 452395 genome.dna 1397830 1398481 NC_000917.gbk
239 34.7 692962 692627 genome.dna 1778679 1778988 NC_000917.gbk
1312 36.2 731182 729131 genome.dna 412928 411029 NC_000917.gbk
500 34.2 755628 756641 genome.dna 996257 995285 NC_000917.gbk
548 32.5 761351 760380 genome.dna 2048061 2047080 NC_000917.gbk
463 41.1 767499 768128 genome.dna 1850013 1850589 NC_000917.gbk
632 32.4 771082 772419 genome.dna 415661 414320 NC_000917.gbk
394 30.2 912721 911924 genome.dna 106444 107218 NC_000917.gbk
449 31.0 1116801 1117997 genome.dna 1890994 1889866 NC_000917.gbk
196 30.6 1156279 1157004 genome.dna 1843238 1843898 NC_000917.gbk
486 37.7 1159320 1160081 genome.dna 1089640 1090396 NC_000917.gbk
328 41.3 1272920 1274065 genome.dna 1341619 1342831 NC_000917.gbk
528 32.4 1286027 1287475 genome.dna 782447 781322 NC_000917.gbk
380 35.6 1310544 1309849 genome.dna 398111 397391 NC_000917.gbk
1123 46.5 1316909 1318201 genome.dna 1570631 1571798 NC_000917.gbk
705 52.1 1335658 1336302 genome.dna 609153 608499 NC_000917.gbk
1473 36.8 1356196 1353473 genome.dna 434326 431911 NC_000917.gbk
198 34.2 1356312 1356722 genome.dna 607260 606867 NC_000917.gbk
1710 45.4 1363499 1366138 genome.dna 424800 422439 NC_000917.gbk
867 53.7 1381835 1382692 genome.dna 1062664 1061830 NC_000917.gbk
609 33.5 1395770 1396903 genome.dna 1234198 1233136 NC_000917.gbk
375 31.6 1399081 1400775 genome.dna 1233165 1231455 NC_000917.gbk
266 32.3 1400772 1401275 genome.dna 1230805 1230298 NC_000917.gbk
422 36.5 1402802 1401792 genome.dna 1219305 1218270 NC_000917.gbk
907 41.9 1403920 1402802 genome.dna 1222711 1223827 NC_000917.gbk
158 40.0 1404198 1403920 genome.dna 1222551 1222785 NC_000917.gbk
1306 35.4 1422749 1425052 genome.dna 1221529 1219306 NC_000917.gbk
656 37.1 1427931 1426894 genome.dna 1517551 1518541 NC_000917.gbk
816 46.6 1434853 1435731 genome.dna 814922 814052 NC_000917.gbk
1284 50.9 1458435 1457257 genome.dna 1069625 1068350 NC_000917.gbk
764 50.7 1467907 1467197 genome.dna 1283340 1282662 NC_000917.gbk
554 30.1 1493774 1492350 genome.dna 1113435 1114653 NC_000917.gbk
447 34.1 1530248 1530991 genome.dna 1598123 1597385 NC_000917.gbk
705 36.6 1536355 1535069 genome.dna 1198849 1197730 NC_000917.gbk
1118 45.7 1537737 1539503 genome.dna 613237 614929 NC_000917.gbk
970 41.2 1544898 1546064 genome.dna 1389780 1388628 NC_000917.gbk
1148 57.6 1546064 1546936 genome.dna 1957794 1956930 NC_000917.gbk
477 31.8 1558773 1559834 genome.dna 1650012 1650914 NC_000917.gbk
1046 34.6 1598005 1595975 genome.dna 1312742 1314719 NC_000917.gbk
676 40.1 1631952 1633361 genome.dna 985700 984353 NC_000917.gbk
554 34.1 1635671 1634820 genome.dna 294242 293384 NC_000917.gbk
1288 36.6 1937404 1939404 genome.dna 948216 946245 NC_000917.gbk
355 41.8 1939436 1939933 genome.dna 950933 950450 NC_000917.gbk
451 32.1 1942291 1943163 genome.dna 945181 944368 NC_000917.gbk
873 42.5 1943163 1944215 genome.dna 949255 948205 NC_000917.gbk
262 38.5 1944254 1944643 genome.dna 949623 949257 NC_000917.gbk
189 38.2 2010635 2010913 genome.dna 730157 730427 NC_000917.gbk
327 41.6 2011254 2010925 genome.dna 1993703 1994051 NC_000917.gbk
256 31.5 2048443 2049102 genome.dna 62898 63489 NC_000917.gbk
546 41.7 2074702 2075532 genome.dna 104994 104232 NC_000917.gbk
612 37.7 2102354 2104732 genome.dna 642532 640270 NC_000917.gbk
329 39.4 2114428 2115174 genome.dna 2109209 2109974 NC_000917.gbk
629 46.4 2133668 2134339 genome.dna 2128715 2129264 NC_000917.gbk
2030 51.7 2163569 2165743 genome.dna 1997365 1999591 NC_000917.gbk
514 33.2 2321445 2320504 genome.dna 1494876 1495845 NC_000917.gbk
326 31.6 2487322 2486231 genome.dna 1216807 1217974 NC_000917.gbk
397 30.5 2489732 2488785 genome.dna 531414 532329 NC_000917.gbk
649 31.7 2491599 2492855 genome.dna 1776783 1775469 NC_000917.gbk
366 31.9 2585970 2586605 genome.dna 1517506 1516876 NC_000917.gbk
1545 59.8 2607572 2608762 genome.dna 1436821 1435627 NC_000917.gbk
446 34.4 2608762 2609568 genome.dna 1435631 1434884 NC_000917.gbk
324 33.2 2645457 2646263 genome.dna 522974 523748 NC_000917.gbk
293 32.4 2679167 2679979 genome.dna 629185 629977 NC_000917.gbk
1240 36.3 2683421 2681736 genome.dna 746284 748018 NC_000917.gbk
501 30.0 2688488 2689942 genome.dna 1439126 1437890 NC_000917.gbk
235 32.6 2689954 2690532 genome.dna 1968241 1968781 NC_000917.gbk
280 33.3 2693565 2694197 genome.dna 796339 796978 NC_000917.gbk
466 34.0 2704954 2705844 genome.dna 1782015 1781253 NC_000917.gbk
639 44.4 2712101 2712862 genome.dna 1079198 1078352 NC_000917.gbk
261 31.0 2724246 2725070 genome.dna 903451 902707 NC_000917.gbk
773 32.3 2745227 2744004 genome.dna 333218 334412 NC_000917.gbk
1502 57.3 2755752 2754499 genome.dna 581552 582791 NC_000917.gbk
882 45.2 2765687 2766838 genome.dna 1444549 1443511 NC_000917.gbk
461 36.9 2767679 2768455 genome.dna 1442772 1442043 NC_000917.gbk
432 38.6 2788070 2787564 genome.dna 741720 741198 NC_000917.gbk
376 30.3 2801685 2802443 genome.dna 908833 907975 NC_000917.gbk
291 33.0 2869134 2868487 genome.dna 518821 519451 NC_000917.gbk
370 41.4 2917289 2918617 genome.dna 189386 188171 NC_000917.gbk
415 34.7 2920770 2921360 genome.dna 2031022 2030428 NC_000917.gbk
283 33.3 2921367 2922104 genome.dna 887692 886975 NC_000917.gbk
472 46.9 2922086 2922862 genome.dna 730426 731242 NC_000917.gbk
568 32.6 2928002 2926713 genome.dna 1352673 1353924 NC_000917.gbk
739 34.9 2975613 2974318 genome.dna 1836365 1835003 NC_000917.gbk
659 37.6 2982496 2983455 genome.dna 1398502 1399405 NC_000917.gbk
415 35.7 3010809 3009844 genome.dna 1443515 1442768 NC_000917.gbk
517 34.8 3058890 3057901 genome.dna 1598543 1599515 NC_000917.gbk
496 38.0 3109585 3110331 genome.dna 208202 208997 NC_000917.gbk
518 39.5 3110358 3111017 genome.dna 209036 209711 NC_000917.gbk
953 58.8 3111014 3111736 genome.dna 613092 612363 NC_000917.gbk
200 32.2 3135924 3135382 genome.dna 1791302 1790774 NC_000917.gbk
141 37.5 3155372 3155127 genome.dna 1458941 1459202 NC_000917.gbk
352 42.7 3155863 3155369 genome.dna 1931974 1931503 NC_000917.gbk
303 39.6 3156400 3155882 genome.dna 242982 243495 NC_000917.gbk
498 32.2 3157424 3156435 genome.dna 1805337 1806228 NC_000917.gbk
559 47.3 3408161 3407589 genome.dna 1085583 1085034 NC_000917.gbk
703 42.8 3409858 3408341 genome.dna 777525 776151 NC_000917.gbk
163 32.0 3415469 3414618 genome.dna 1554318 1553520 NC_000917.gbk
1185 53.3 3427528 3426443 genome.dna 602991 604074 NC_000917.gbk
654 33.7 3455799 3454780 genome.dna 1253894 1252907 NC_000917.gbk
1013 39.2 3477877 3476636 genome.dna 370407 371568 NC_000917.gbk
1148 43.7 3519048 3517663 genome.dna 374246 375650 NC_000917.gbk
236 30.9 3521609 3522118 genome.dna 1132257 1132800 NC_000917.gbk
968 56.8 3527868 3527053 genome.dna 1213764 1214520 NC_000917.gbk
349 35.1 3577570 3576767 genome.dna 1975279 1976011 NC_000917.gbk
457 36.5 3578361 3577567 genome.dna 1865597 1864790 NC_000917.gbk
699 33.5 3603229 3601955 genome.dna 1473689 1472459 NC_000917.gbk
471 50.7 3608433 3608005 genome.dna 684851 685307 NC_000917.gbk
404 52.0 3619938 3619552 genome.dna 513491 513953 NC_000917.gbk
404 52.0 3619938 3619552 genome.dna 164603 164141 NC_000917.gbk
1113 44.4 3621177 3619963 genome.dna 165787 164608 NC_000917.gbk
260 30.5 3622783 3622058 genome.dna 1617421 1616740 NC_000917.gbk
708 36.2 3625021 3626103 genome.dna 388995 387990 NC_000917.gbk
776 36.9 3635387 3634134 genome.dna 758539 759895 NC_000917.gbk
388 57.4 3640872 3640534 genome.dna 881051 881414 NC_000917.gbk
435 30.3 3705613 3704801 genome.dna 91376 90590 NC_000917.gbk
1345 47.4 3714803 3716083 genome.dna 1108658 1109915 NC_000917.gbk
499 36.4 3742499 3743362 genome.dna 2086169 2085359 NC_000917.gbk
946 37.3 3776200 3774839 genome.dna 559971 558669 NC_000917.gbk
613 41.3 3898447 3899475 genome.dna 336045 335025 NC_000917.gbk
422 32.3 3912529 3911285 genome.dna 1277702 1276583 NC_000917.gbk
593 33.9 3918901 3920391 genome.dna 2081513 2082887 NC_000917.gbk
299 38.9 3930070 3930801 genome.dna 1576655 1575995 NC_000917.gbk
529 49.8 3961248 3960622 genome.dna 38738 39389 NC_000917.gbk
698 32.1 3969453 3967963 genome.dna 837549 838821 NC_000917.gbk
754 42.4 4001743 4000448 genome.dna 1006796 1007897 NC_000917.gbk
1426 50.2 4003479 4001842 genome.dna 228353 229952 NC_000917.gbk
166 32.5 4053431 4053985 genome.dna 314760 314184 NC_000917.gbk
145 34.6 4079441 4080034 genome.dna 2001570 2002116 NC_000917.gbk
270 32.5 4102382 4101120 genome.dna 713084 711824 NC_000917.gbk
220 34.4 4137049 4136630 genome.dna 1849636 1850017 NC_000917.gbk
559 32.0 4202207 4203343 genome.dna 1817291 1818407 NC_000917.gbk
1445 33.2 4209249 4211753 genome.dna 1306318 1308649 NC_000917.gbk
792 41.9 4211839 4212789 genome.dna 1308636 1309545 NC_000917.gbk
394 30.4 4231793 4230366 genome.dna 365236 363580 NC_000917.gbk
480 35.8 4244964 4245854 genome.dna 1651662 1652439 NC_000917.gbk
956 49.0 4258960 4257809 genome.dna 487908 489015 NC_000917.gbk
450 45.6 4277861 4277370 genome.dna 1539821 1539341 NC_000917.gbk
816 33.6 4281750 4279945 genome.dna 175950 177756 NC_000917.gbk
767 36.8 4282166 4283764 genome.dna 197092 195580 NC_000917.gbk
502 37.2 4283764 4284855 genome.dna 566168 565187 NC_000917.gbk
421 35.6 4284858 4286258 genome.dna 1766050 1767352 NC_000917.gbk
232 32.2 4319027 4319845 genome.dna 1602672 1603407 NC_000917.gbk
4137 58.9 4330684 4327460 genome.dna 1134879 1138110 NC_000917.gbk
672 47.1 4331847 4330699 genome.dna 1133796 1134873 NC_000917.gbk
621 41.1 4333114 4332293 genome.dna 814021 813247 NC_000917.gbk
1526 34.6 4338181 4335368 genome.dna 571061 568004 NC_000917.gbk
412 35.3 4373604 4372945 genome.dna 842319 842997 NC_000917.gbk
372 34.7 4398393 4397095 genome.dna 749028 748014 NC_000917.gbk
245 30.9 4409618 4408062 genome.dna 758580 757185 NC_000917.gbk
664 41.5 4444572 4445309 genome.dna 614938 615649 NC_000917.gbk
333 31.7 4479596 4478769 genome.dna 2080309 2081119 NC_000917.gbk
706 31.2 4485347 4486723 genome.dna 743415 744726 NC_000917.gbk
214 43.7 4490164 4489775 genome.dna 2046012 2045610 NC_000917.gbk
126 31.0 4490537 4490181 genome.dna 2046976 2046535 NC_000917.gbk
276 45.0 4496217 4495846 genome.dna 1720482 1720083 NC_000917.gbk
83 32.8 4496826 4496635 genome.dna 1721285 1721078 NC_000917.gbk
296 32.1 4497950 4497249 genome.dna 1721895 1721205 NC_000917.gbk
408 34.7 4499431 4498610 genome.dna 1723481 1722767 NC_000917.gbk
216 32.0 4501337 4501026 genome.dna 838842 839163 NC_000917.gbk
820 38.7 4531124 4529898 genome.dna 79816 80944 NC_000917.gbk
369 40.3 4531820 4531245 genome.dna 1437894 1437357 NC_000917.gbk
751 42.3 4542308 4541385 genome.dna 1588770 1589631 NC_000917.gbk
521 35.7 4675687 4674863 genome.dna 667309 666466 NC_000917.gbk
611 41.2 4680620 4681561 genome.dna 1109911 1110781 NC_000917.gbk
873 35.4 4690836 4689472 genome.dna 2006925 2005590 NC_000917.gbk
496 47.7 4702353 4701286 genome.dna 295242 294243 NC_000917.gbk
823 41.6 4729969 4728119 genome.dna 915892 914248 NC_000917.gbk
726 42.6 4730969 4730043 genome.dna 834428 835301 NC_000917.gbk
1656 46.5 4732978 4731332 genome.dna 1541489 1539830 NC_000917.gbk
213 36.8 4780345 4781184 genome.dna 1288176 1287435 NC_000917.gbk
801 33.3 4781238 4782749 genome.dna 1574885 1573403 NC_000917.gbk
681 47.2 4859998 4859297 genome.dna 199479 198804 NC_000917.gbk
676 43.4 4860774 4860004 genome.dna 734200 733453 NC_000917.gbk
392 30.9 4862968 4862042 genome.dna 736073 735179 NC_000917.gbk
163 37.1 4875073 4874828 genome.dna 166361 166127 NC_000917.gbk
922 42.5 4926494 4925484 genome.dna 1590573 1591545 NC_000917.gbk
945 48.1 4927471 4926491 genome.dna 1589627 1590569 NC_000917.gbk
872 39.1 4929420 4928401 genome.dna 1587696 1588761 NC_000917.gbk
872 39.1 4929420 4928401 genome.dna 1587696 1588761 NC_000917.gbk
453 33.5 5019301 5018414 genome.dna 1212912 1213764 NC_000917.gbk
782 37.2 5026700 5027902 genome.dna 1916621 1917761 NC_000917.gbk
81 31.2 5059187 5058948 genome.dna 1037456 1037684 NC_000917.gbk
81 31.2 5059187 5058948 genome.dna 1037036 1037264 NC_000917.gbk
