2026 59.0 2602958 2604520 genome.dna 0 1566 NC_002252.gbk
860 62.1 2604520 2605098 genome.dna 1568 2171 NC_002252.gbk
860 62.1 2604520 2605098 genome.dna 5198 5801 NC_002252.gbk
653 62.1 517457 517939 genome.dna 1513 2017 NC_002253.gbk
2427 67.4 4282166 4283764 genome.dna 3031 4591 NC_002253.gbk
1593 63.8 4283764 4284855 genome.dna 4651 5743 NC_002253.gbk
2188 67.7 4284858 4286258 genome.dna 5732 7160 NC_002253.gbk
776 56.8 4286272 4286874 genome.dna 7162 7786 NC_002253.gbk
517 34.9 24825 25448 genome.dna 468936 469575 NC_002528.gbk
631 51.3 29669 29034 genome.dna 471236 470618 NC_002528.gbk
2924 71.5 37037 38860 genome.dna 471486 473310 NC_002528.gbk
878 64.4 50956 50333 genome.dna 474056 473432 NC_002528.gbk
1234 58.3 59530 61035 genome.dna 621076 619603 NC_002528.gbk
656 44.0 68440 67694 genome.dna 618780 619521 NC_002528.gbk
1399 66.7 98527 99441 genome.dna 143173 142234 NC_002528.gbk
1962 42.4 99451 101520 genome.dna 142260 140187 NC_002528.gbk
2471 58.1 102940 104847 genome.dna 607384 605485 NC_002528.gbk
1205 48.8 104909 106057 genome.dna 605444 604286 NC_002528.gbk
934 65.0 110262 109636 genome.dna 204462 205074 NC_002528.gbk
716 50.2 163345 163986 genome.dna 592192 592834 NC_002528.gbk
646 60.9 165569 165111 genome.dna 593310 592845 NC_002528.gbk
335 69.1 167881 168117 genome.dna 87559 87331 NC_002528.gbk
280 72.7 168129 168296 genome.dna 87321 87153 NC_002528.gbk
553 49.4 170854 170375 genome.dna 616607 617105 NC_002528.gbk
307 33.6 191679 192110 genome.dna 56933 57368 NC_002528.gbk
557 51.4 192299 192775 genome.dna 57474 57903 NC_002528.gbk
923 53.1 193935 194756 genome.dna 58004 58829 NC_002528.gbk
3327 63.9 199780 202044 genome.dna 31190 33467 NC_002528.gbk
1472 53.4 217581 216430 genome.dna 52201 51055 NC_002528.gbk
1310 56.0 217784 218788 genome.dna 52361 53366 NC_002528.gbk
1091 66.3 218826 219599 genome.dna 53386 54160 NC_002528.gbk
1900 60.3 219661 221034 genome.dna 55472 56852 NC_002528.gbk
1074 46.2 245968 247005 genome.dna 50051 48980 NC_002528.gbk
2373 88.8 250357 251541 genome.dna 561719 560534 NC_002528.gbk
280 35.4 251779 252162 genome.dna 48174 47790 NC_002528.gbk
1030 80.6 252164 252709 genome.dna 47788 47242 NC_002528.gbk
693 70.2 252872 253300 genome.dna 47195 46766 NC_002528.gbk
971 61.3 253304 254008 genome.dna 46764 46068 NC_002528.gbk
557 50.9 254326 254823 genome.dna 45803 45305 NC_002528.gbk
518 68.9 254890 255255 genome.dna 45239 44870 NC_002528.gbk
7407 82.3 255584 259612 genome.dna 44650 40621 NC_002528.gbk
7924 86.1 259736 263959 genome.dna 40544 36320 NC_002528.gbk
393 67.8 277924 278196 genome.dna 35586 35307 NC_002528.gbk
1956 55.3 281849 280260 genome.dna 35167 33589 NC_002528.gbk
419 63.3 300274 299978 genome.dna 437926 437629 NC_002528.gbk
639 63.7 307589 307137 genome.dna 436984 437437 NC_002528.gbk
2082 63.3 321945 323390 genome.dna 436827 435375 NC_002528.gbk
1495 48.8 331816 333156 genome.dna 91574 92915 NC_002528.gbk
298 48.7 345645 345899 genome.dna 425948 426191 NC_002528.gbk
1668 59.4 345980 347242 genome.dna 426252 427503 NC_002528.gbk
679 69.0 352201 352629 genome.dna 430292 429863 NC_002528.gbk
674 76.9 352645 353037 genome.dna 429843 429450 NC_002528.gbk
978 53.8 372605 373492 genome.dna 94241 93392 NC_002528.gbk
387 46.1 431880 431494 genome.dna 408888 409275 NC_002528.gbk
632 63.5 432443 431979 genome.dna 408378 408843 NC_002528.gbk
1478 73.8 433394 432459 genome.dna 407438 408371 NC_002528.gbk
1354 58.7 435364 434357 genome.dna 406303 407320 NC_002528.gbk
3808 57.1 460910 458055 genome.dna 404468 401600 NC_002528.gbk
1789 53.0 463248 461737 genome.dna 406044 404544 NC_002528.gbk
2234 59.9 533382 534971 genome.dna 578576 576995 NC_002528.gbk
521 81.2 697176 697469 genome.dna 18375 18666 NC_002528.gbk
2914 83.5 697515 699164 genome.dna 18714 20361 NC_002528.gbk
3275 83.0 753122 751287 genome.dna 60773 58934 NC_002528.gbk
1854 45.3 755031 753277 genome.dna 62674 60940 NC_002528.gbk
426 90.1 755400 755185 genome.dna 62970 62754 NC_002528.gbk
1220 55.4 755628 756641 genome.dna 63203 64214 NC_002528.gbk
423 59.2 761608 761919 genome.dna 427641 427968 NC_002528.gbk
420 73.5 761939 762196 genome.dna 427972 428227 NC_002528.gbk
1405 57.1 763509 764681 genome.dna 428378 429383 NC_002528.gbk
769 74.2 766454 766933 genome.dna 425425 424945 NC_002528.gbk
775 53.7 767499 768128 genome.dna 424872 424251 NC_002528.gbk
3414 83.5 768185 770122 genome.dna 424186 422350 NC_002528.gbk
1571 51.8 771082 772419 genome.dna 422131 420796 NC_002528.gbk
2228 70.3 777751 779280 genome.dna 419733 418242 NC_002528.gbk
3047 57.0 779306 782008 genome.dna 418225 415630 NC_002528.gbk
363 45.0 782083 782481 genome.dna 415585 415222 NC_002528.gbk
994 48.2 782481 783425 genome.dna 415185 414246 NC_002528.gbk
360 64.0 783547 783816 genome.dna 414142 413872 NC_002528.gbk
3313 72.4 784066 786186 genome.dna 413671 411547 NC_002528.gbk
2302 75.0 787369 789282 genome.dna 411167 409361 NC_002528.gbk
1723 60.0 797270 798493 genome.dna 576938 575714 NC_002528.gbk
1011 61.1 798538 799257 genome.dna 575671 574966 NC_002528.gbk
822 38.7 832101 831100 genome.dna 475115 474155 NC_002528.gbk
2048 57.0 844582 846099 genome.dna 476392 477913 NC_002528.gbk
507 46.8 927840 927358 genome.dna 280372 280861 NC_002528.gbk
270 47.8 928432 928713 genome.dna 280279 279979 NC_002528.gbk
1255 64.4 932060 931182 genome.dna 201251 202130 NC_002528.gbk
363 33.2 932209 932796 genome.dna 201135 200568 NC_002528.gbk
1228 58.5 956604 955654 genome.dna 95839 96790 NC_002528.gbk
628 61.6 994093 993584 genome.dna 68910 68424 NC_002528.gbk
2490 66.1 995970 994243 genome.dna 70675 68959 NC_002528.gbk
399 70.6 996273 996016 genome.dna 71081 70823 NC_002528.gbk
1441 68.6 997695 996727 genome.dna 72177 71229 NC_002528.gbk
987 67.3 1002298 1002951 genome.dna 64839 64191 NC_002528.gbk
311 56.6 1085958 1085686 genome.dna 588827 589109 NC_002528.gbk
1173 44.4 1087061 1085955 genome.dna 587803 588856 NC_002528.gbk
808 47.5 1087227 1087946 genome.dna 587706 586986 NC_002528.gbk
1111 51.1 1099537 1100406 genome.dna 479291 480137 NC_002528.gbk
1337 66.3 1100443 1101237 genome.dna 480150 480945 NC_002528.gbk
2469 36.0 1109886 1113512 genome.dna 497247 500772 NC_002528.gbk
1248 33.9 1113509 1115371 genome.dna 500777 502586 NC_002528.gbk
2166 73.7 1119387 1118062 genome.dna 503953 502624 NC_002528.gbk
1239 51.5 1121679 1122809 genome.dna 504320 505400 NC_002528.gbk
1198 62.9 1150402 1149575 genome.dna 254456 253631 NC_002528.gbk
1174 62.9 1154052 1153258 genome.dna 255311 254516 NC_002528.gbk
1191 76.3 1154397 1155122 genome.dna 255573 256308 NC_002528.gbk
897 49.2 1155257 1156108 genome.dna 256384 257191 NC_002528.gbk
1028 62.0 1156279 1157004 genome.dna 257241 257970 NC_002528.gbk
681 54.6 1157130 1157687 genome.dna 258050 258608 NC_002528.gbk
1461 54.2 1157925 1159121 genome.dna 258690 259887 NC_002528.gbk
984 59.6 1159320 1160081 genome.dna 259979 260735 NC_002528.gbk
4475 57.2 1169670 1173152 genome.dna 262858 266344 NC_002528.gbk
1095 37.7 1174650 1175972 genome.dna 116978 115655 NC_002528.gbk
2694 51.5 1180703 1178139 genome.dna 468780 466371 NC_002528.gbk
865 60.5 1270601 1269999 genome.dna 199753 199159 NC_002528.gbk
1262 51.0 1271755 1272822 genome.dna 137549 138623 NC_002528.gbk
1676 63.2 1272920 1274065 genome.dna 138663 139776 NC_002528.gbk
412 55.0 1274175 1274507 genome.dna 139800 140136 NC_002528.gbk
562 53.2 1280201 1280677 genome.dna 505438 505921 NC_002528.gbk
530 54.0 1280702 1281121 genome.dna 508105 508537 NC_002528.gbk
1038 49.1 1281190 1282170 genome.dna 505950 506922 NC_002528.gbk
1588 60.7 1284598 1282733 genome.dna 510418 508591 NC_002528.gbk
829 47.3 1285528 1284617 genome.dna 511324 510475 NC_002528.gbk
1070 41.5 1291078 1289714 genome.dna 512548 511375 NC_002528.gbk
850 45.2 1292157 1291267 genome.dna 513844 512986 NC_002528.gbk
305 47.4 1292504 1292172 genome.dna 514189 513871 NC_002528.gbk
667 46.3 1293119 1292505 genome.dna 514806 514188 NC_002528.gbk
3450 71.8 1295100 1293109 genome.dna 516791 514802 NC_002528.gbk
1000 51.4 1296067 1295105 genome.dna 517686 516795 NC_002528.gbk
989 68.7 1301367 1301990 genome.dna 519897 520524 NC_002528.gbk
1930 68.3 1302154 1303428 genome.dna 520622 521912 NC_002528.gbk
3976 76.6 1303620 1306001 genome.dna 522103 524437 NC_002528.gbk
2393 59.6 1312639 1314408 genome.dna 527422 529192 NC_002528.gbk
2174 57.5 1314401 1316176 genome.dna 529163 530936 NC_002528.gbk
587 76.9 1332403 1332732 genome.dna 532635 532965 NC_002528.gbk
2638 60.1 1333507 1335396 genome.dna 533110 534985 NC_002528.gbk
800 54.9 1335658 1336302 genome.dna 535057 535705 NC_002528.gbk
1955 73.1 1359784 1358654 genome.dna 193136 192005 NC_002528.gbk
3917 74.8 1362181 1359896 genome.dna 195489 193203 NC_002528.gbk
2098 67.1 1363499 1366138 genome.dna 198054 195561 NC_002528.gbk
1385 70.1 1434853 1435731 genome.dna 101348 100463 NC_002528.gbk
1603 58.7 1466359 1465232 genome.dna 98946 100074 NC_002528.gbk
417 95.5 1468125 1468334 genome.dna 539024 538814 NC_002528.gbk
1286 59.3 1470427 1469462 genome.dna 294962 295934 NC_002528.gbk
700 47.8 1471338 1470655 genome.dna 294208 294844 NC_002528.gbk
378 60.9 1471750 1471487 genome.dna 538444 538708 NC_002528.gbk
557 39.2 1479078 1478437 genome.dna 487517 488162 NC_002528.gbk
3331 52.7 1483266 1480684 genome.dna 483880 486460 NC_002528.gbk
1325 69.4 1490240 1489362 genome.dna 482901 483777 NC_002528.gbk
1983 65.1 1493774 1492350 genome.dna 481011 482331 NC_002528.gbk
2370 59.4 1504627 1506285 genome.dna 449494 451210 NC_002528.gbk
737 58.6 1507655 1507128 genome.dna 330620 330104 NC_002528.gbk
1444 41.7 1528762 1530255 genome.dna 330826 332278 NC_002528.gbk
958 54.7 1530248 1530991 genome.dna 332274 333018 NC_002528.gbk
3119 49.9 1540513 1543320 genome.dna 333142 335872 NC_002528.gbk
1138 51.4 1543336 1544562 genome.dna 335887 337150 NC_002528.gbk
917 54.3 1563766 1563014 genome.dna 337247 337943 NC_002528.gbk
837 37.2 1587226 1588224 genome.dna 322524 321519 NC_002528.gbk
754 59.1 1600255 1600836 genome.dna 113196 113817 NC_002528.gbk
1379 45.0 1606018 1604432 genome.dna 359048 360614 NC_002528.gbk
2198 70.6 1638449 1639855 genome.dna 111627 113034 NC_002528.gbk
1141 43.3 1945543 1946694 genome.dna 268529 269681 NC_002528.gbk
2864 62.1 1946687 1948771 genome.dna 269673 271764 NC_002528.gbk
456 31.1 1950810 1950142 genome.dna 370284 369603 NC_002528.gbk
304 47.9 1950974 1951390 genome.dna 370620 370968 NC_002528.gbk
528 58.1 1951419 1951823 genome.dna 370976 371387 NC_002528.gbk
535 43.6 1951839 1952513 genome.dna 371398 372109 NC_002528.gbk
905 38.8 1952589 1953806 genome.dna 372149 373376 NC_002528.gbk
561 36.4 1953828 1954583 genome.dna 373402 374161 NC_002528.gbk
1271 74.6 1954611 1955393 genome.dna 374178 374961 NC_002528.gbk
807 53.0 1955568 1956287 genome.dna 375044 375761 NC_002528.gbk
1179 49.5 1956304 1957413 genome.dna 375941 377099 NC_002528.gbk
800 45.1 1962314 1961529 genome.dna 86224 87001 NC_002528.gbk
343 64.8 1962586 1962317 genome.dna 85955 86225 NC_002528.gbk
262 37.3 1964215 1963802 genome.dna 84331 84733 NC_002528.gbk
1767 57.4 1968985 1967612 genome.dna 80315 81719 NC_002528.gbk
828 40.8 1970689 1969697 genome.dna 78707 79703 NC_002528.gbk
1017 37.5 1972410 1970686 genome.dna 77073 78711 NC_002528.gbk
452 35.4 2001616 2000516 genome.dna 366105 365055 NC_002528.gbk
388 54.1 2011254 2010925 genome.dna 512621 512966 NC_002528.gbk
1224 54.0 2029109 2030257 genome.dna 401544 400569 NC_002528.gbk
1268 53.4 2034173 2033130 genome.dna 368051 369104 NC_002528.gbk
1031 49.8 2038594 2039550 genome.dna 382338 383283 NC_002528.gbk
288 74.1 2040877 2041047 genome.dna 383328 383493 NC_002528.gbk
864 54.5 2044045 2044779 genome.dna 384858 385593 NC_002528.gbk
363 75.7 2044934 2045170 genome.dna 385669 385912 NC_002528.gbk
666 49.3 2048443 2049102 genome.dna 385982 386621 NC_002528.gbk
832 37.0 2049102 2050112 genome.dna 386617 387598 NC_002528.gbk
835 48.1 2050132 2050929 genome.dna 387631 388426 NC_002528.gbk
2360 70.0 2051245 2052678 genome.dna 388522 389956 NC_002528.gbk
409 50.0 2055442 2055792 genome.dna 389975 390320 NC_002528.gbk
903 33.3 2070545 2071747 genome.dna 325560 326760 NC_002528.gbk
722 46.6 2071740 2072447 genome.dna 326752 327439 NC_002528.gbk
1541 64.1 2101027 2099981 genome.dna 129261 130308 NC_002528.gbk
1311 53.6 2107755 2106565 genome.dna 127827 128910 NC_002528.gbk
309 36.4 2112446 2112817 genome.dna 127604 127211 NC_002528.gbk
689 49.2 2181519 2182154 genome.dna 117203 117830 NC_002528.gbk
536 68.9 2186467 2186817 genome.dna 203107 203434 NC_002528.gbk
1000 66.0 2187600 2186929 genome.dna 204243 203577 NC_002528.gbk
1608 54.8 2192856 2194133 genome.dna 125935 127204 NC_002528.gbk
931 69.1 2203467 2202874 genome.dna 296796 297381 NC_002528.gbk
740 51.4 2216576 2217319 genome.dna 296038 296749 NC_002528.gbk
2566 56.2 2224700 2222766 genome.dna 291465 293415 NC_002528.gbk
949 51.9 2239913 2239125 genome.dna 290496 291279 NC_002528.gbk
1401 56.5 2487322 2486231 genome.dna 205835 206924 NC_002528.gbk
597 50.0 2488039 2487452 genome.dna 205261 205795 NC_002528.gbk
1834 88.9 2489732 2488785 genome.dna 183326 182378 NC_002528.gbk
868 47.6 2490742 2489870 genome.dna 184330 183445 NC_002528.gbk
1510 60.3 2492889 2493971 genome.dna 184537 185623 NC_002528.gbk
841 45.1 2493971 2494816 genome.dna 185619 186453 NC_002528.gbk
1153 59.1 2495226 2496035 genome.dna 186612 187422 NC_002528.gbk
1397 51.9 2559536 2560804 genome.dna 622459 621226 NC_002528.gbk
755 56.2 2580340 2580921 genome.dna 117866 118448 NC_002528.gbk
533 41.9 2580921 2581499 genome.dna 118450 118954 NC_002528.gbk
1018 44.5 2583574 2584629 genome.dna 120585 121629 NC_002528.gbk
729 50.0 2585266 2585973 genome.dna 122246 122930 NC_002528.gbk
811 59.3 2585970 2586605 genome.dna 122940 123573 NC_002528.gbk
3205 54.8 2593132 2590532 genome.dna 309444 312030 NC_002528.gbk
1042 52.1 2594839 2593787 genome.dna 308347 309358 NC_002528.gbk
840 48.4 2597527 2596643 genome.dna 307520 308273 NC_002528.gbk
1036 48.0 2605113 2606180 genome.dna 306334 305305 NC_002528.gbk
1640 54.5 2606188 2607555 genome.dna 305325 303963 NC_002528.gbk
1959 76.1 2607572 2608762 genome.dna 303926 302759 NC_002528.gbk
940 52.2 2608762 2609568 genome.dna 302741 301931 NC_002528.gbk
469 30.2 2611821 2612573 genome.dna 301827 301083 NC_002528.gbk
625 47.9 2619430 2619996 genome.dna 301056 300522 NC_002528.gbk
608 64.3 2620019 2620441 genome.dna 300486 300078 NC_002528.gbk
2114 60.9 2624113 2625573 genome.dna 299698 298237 NC_002528.gbk
567 62.2 2638299 2638706 genome.dna 297892 297484 NC_002528.gbk
1593 70.7 2654735 2655739 genome.dna 328763 329774 NC_002528.gbk
451 49.2 2678460 2679146 genome.dna 363262 362548 NC_002528.gbk
1454 83.3 2679167 2679979 genome.dna 362522 361709 NC_002528.gbk
411 73.5 2679983 2680252 genome.dna 361706 361454 NC_002528.gbk
499 35.1 2685383 2684682 genome.dna 360643 361309 NC_002528.gbk
430 91.3 2702947 2702738 genome.dna 358536 358746 NC_002528.gbk
1066 62.2 2724246 2725070 genome.dna 188236 187429 NC_002528.gbk
411 66.7 2728844 2728548 genome.dna 137199 137508 NC_002528.gbk
2178 42.2 2731236 2728849 genome.dna 134807 137195 NC_002528.gbk
1351 57.8 2732234 2731251 genome.dna 133808 134798 NC_002528.gbk
630 82.1 2732903 2732547 genome.dna 133257 133614 NC_002528.gbk
294 70.8 2733144 2732947 genome.dna 133017 133215 NC_002528.gbk
993 83.8 2733782 2733240 genome.dna 132391 132931 NC_002528.gbk
2720 59.1 2735713 2733785 genome.dna 130459 132388 NC_002528.gbk
1385 70.5 2741372 2740491 genome.dna 357309 358188 NC_002528.gbk
1442 56.9 2757088 2758194 genome.dna 286507 287614 NC_002528.gbk
541 41.2 2758197 2758835 genome.dna 287649 288285 NC_002528.gbk
1977 61.4 2759027 2760397 genome.dna 288323 289694 NC_002528.gbk
1810 53.5 2794931 2793456 genome.dna 355649 357125 NC_002528.gbk
2193 68.7 2796565 2798007 genome.dna 355367 353924 NC_002528.gbk
960 58.8 2801685 2802443 genome.dna 352607 351890 NC_002528.gbk
922 51.2 2802440 2803225 genome.dna 351833 351044 NC_002528.gbk
2276 55.6 2813755 2811956 genome.dna 349273 351034 NC_002528.gbk
2108 53.1 2835515 2837245 genome.dna 273612 271887 NC_002528.gbk
1698 49.4 2838878 2837343 genome.dna 367777 366241 NC_002528.gbk
1442 43.5 2854450 2852540 genome.dna 398775 400566 NC_002528.gbk
2320 48.9 2856571 2854454 genome.dna 396650 398756 NC_002528.gbk
1193 61.3 2859653 2858643 genome.dna 395611 396475 NC_002528.gbk
1677 60.4 2862696 2863901 genome.dna 395190 393990 NC_002528.gbk
2046 60.7 2864092 2865492 genome.dna 393843 392442 NC_002528.gbk
809 39.0 2865788 2866900 genome.dna 392303 391154 NC_002528.gbk
422 66.7 2890870 2890553 genome.dna 591502 591811 NC_002528.gbk
1331 46.7 2895155 2896582 genome.dna 591423 590181 NC_002528.gbk
1463 74.2 2916384 2917283 genome.dna 104168 105068 NC_002528.gbk
1586 54.1 2917289 2918617 genome.dna 105076 106384 NC_002528.gbk
1279 53.1 2918614 2919687 genome.dna 106380 107487 NC_002528.gbk
1384 57.1 2919703 2920770 genome.dna 107476 108538 NC_002528.gbk
754 51.5 2920770 2921360 genome.dna 108537 109128 NC_002528.gbk
886 51.9 2921367 2922104 genome.dna 109132 109873 NC_002528.gbk
1151 62.8 2922086 2922862 genome.dna 109851 110628 NC_002528.gbk
768 60.0 2922856 2923488 genome.dna 110621 111269 NC_002528.gbk
415 67.7 2923933 2923649 genome.dna 341105 340820 NC_002528.gbk
2868 78.6 2925698 2924025 genome.dna 342877 341200 NC_002528.gbk
1760 60.1 2928002 2926713 genome.dna 344999 343715 NC_002528.gbk
1500 57.9 2929170 2928085 genome.dna 346151 345065 NC_002528.gbk
1721 59.6 2975613 2974318 genome.dna 347473 346189 NC_002528.gbk
1269 57.9 2982496 2983455 genome.dna 347820 348780 NC_002528.gbk
426 88.9 2988043 2988261 genome.dna 348886 349105 NC_002528.gbk
1212 61.8 3065575 3066420 genome.dna 143867 144713 NC_002528.gbk
297 47.9 3086967 3087251 genome.dna 144747 145035 NC_002528.gbk
722 48.8 3163130 3162450 genome.dna 318750 318075 NC_002528.gbk
1557 65.9 3166099 3165062 genome.dna 320146 319114 NC_002528.gbk
1855 58.7 3166195 3167499 genome.dna 320224 321511 NC_002528.gbk
1469 46.2 3372145 3370688 genome.dna 178029 179439 NC_002528.gbk
1802 50.0 3373687 3372152 genome.dna 176454 177972 NC_002528.gbk
2038 50.3 3375638 3373788 genome.dna 174513 176358 NC_002528.gbk
460 70.0 3375937 3375635 genome.dna 174214 174517 NC_002528.gbk
592 56.5 3376497 3375934 genome.dna 173671 174184 NC_002528.gbk
943 70.6 3377049 3376507 genome.dna 173119 173662 NC_002528.gbk
1559 68.5 3378041 3377067 genome.dna 172126 173095 NC_002528.gbk
3244 49.8 3380764 3378038 genome.dna 169394 172115 NC_002528.gbk
2062 67.6 3382301 3380952 genome.dna 167966 169301 NC_002528.gbk
697 67.7 3382843 3382298 genome.dna 167481 167970 NC_002528.gbk
3097 74.8 3384645 3382846 genome.dna 165656 167459 NC_002528.gbk
1173 72.8 3385418 3384744 genome.dna 164891 165566 NC_002528.gbk
492 58.1 3385876 3385436 genome.dna 164453 164858 NC_002528.gbk
1470 53.8 3395711 3396913 genome.dna 188319 189537 NC_002528.gbk
1839 41.7 3396993 3399131 genome.dna 189581 191708 NC_002528.gbk
1146 44.6 3412525 3411257 genome.dna 180564 181800 NC_002528.gbk
1007 55.4 3415469 3414618 genome.dna 215389 216190 NC_002528.gbk
1581 58.5 3421622 3420405 genome.dna 94379 95600 NC_002528.gbk
1758 71.2 3427528 3426443 genome.dna 102988 101923 NC_002528.gbk
544 43.8 3428721 3429263 genome.dna 103283 103844 NC_002528.gbk
1249 64.1 3516455 3517318 genome.dna 535935 536793 NC_002528.gbk
1688 51.3 3519048 3517663 genome.dna 538184 536789 NC_002528.gbk
916 44.8 3599984 3598497 genome.dna 639767 638405 NC_002528.gbk
1440 50.1 3603229 3601955 genome.dna 315403 316675 NC_002528.gbk
1656 67.1 3604488 3603367 genome.dna 314271 315378 NC_002528.gbk
1384 57.3 3607701 3606505 genome.dna 313129 314221 NC_002528.gbk
473 58.6 3616630 3616295 genome.dna 638073 638409 NC_002528.gbk
1651 43.7 3618482 3616632 genome.dna 636238 638074 NC_002528.gbk
694 83.2 3619938 3619552 genome.dna 635224 635608 NC_002528.gbk
2018 73.4 3621177 3619963 genome.dna 633979 635194 NC_002528.gbk
681 42.2 3622920 3623723 genome.dna 312883 312082 NC_002528.gbk
2004 68.3 3635387 3634134 genome.dna 316734 317988 NC_002528.gbk
479 48.3 3651787 3651263 genome.dna 280869 281355 NC_002528.gbk
368 42.1 3680225 3679845 genome.dna 281736 281355 NC_002528.gbk
804 44.4 3682691 3681786 genome.dna 282712 281860 NC_002528.gbk
1086 73.9 3683368 3682688 genome.dna 283389 282708 NC_002528.gbk
1000 44.8 3684626 3683661 genome.dna 284464 283519 NC_002528.gbk
2924 70.2 3686442 3684643 genome.dna 286312 284479 NC_002528.gbk
862 56.9 3694571 3695257 genome.dna 199830 200493 NC_002528.gbk
1667 51.3 3698228 3696813 genome.dna 74770 76174 NC_002528.gbk
1819 59.9 3709959 3708493 genome.dna 252151 253588 NC_002528.gbk
613 41.0 3711890 3712588 genome.dna 231992 231293 NC_002528.gbk
491 65.1 3714535 3714188 genome.dna 232400 232055 NC_002528.gbk
2753 51.9 3724928 3722451 genome.dna 216261 218544 NC_002528.gbk
729 68.9 3729128 3729583 genome.dna 215133 214677 NC_002528.gbk
1068 57.4 3732844 3733638 genome.dna 214562 213770 NC_002528.gbk
853 45.9 3733793 3734647 genome.dna 213756 212898 NC_002528.gbk
730 66.3 3738313 3737777 genome.dna 212354 212855 NC_002528.gbk
1126 53.1 3742499 3743362 genome.dna 231018 230157 NC_002528.gbk
1309 73.9 3743408 3744202 genome.dna 230139 229341 NC_002528.gbk
727 46.6 3749695 3748958 genome.dna 277112 277826 NC_002528.gbk
808 48.0 3750989 3751744 genome.dna 276550 275794 NC_002528.gbk
1011 49.4 3764478 3763501 genome.dna 439033 438094 NC_002528.gbk
474 35.6 3764613 3765347 genome.dna 439197 439938 NC_002528.gbk
1279 49.7 3766362 3767522 genome.dna 430543 431701 NC_002528.gbk
559 73.9 3773009 3772662 genome.dna 434944 435292 NC_002528.gbk
922 55.0 3773827 3773072 genome.dna 434132 434846 NC_002528.gbk
492 34.9 3774414 3773866 genome.dna 433587 434118 NC_002528.gbk
340 62.0 3774681 3774433 genome.dna 433346 433586 NC_002528.gbk
1811 59.9 3776200 3774839 genome.dna 431882 433238 NC_002528.gbk
1736 48.4 3779493 3777940 genome.dna 443564 445121 NC_002528.gbk
335 93.0 3782025 3781840 genome.dna 442933 443107 NC_002528.gbk
3016 49.1 3784972 3782345 genome.dna 440102 442739 NC_002528.gbk
274 33.3 3788942 3789616 genome.dna 293523 294171 NC_002528.gbk
740 71.5 3886357 3885899 genome.dna 278739 279216 NC_002528.gbk
785 61.6 3893814 3893233 genome.dna 278051 278633 NC_002528.gbk
1959 49.0 3956293 3958011 genome.dna 268190 266471 NC_002528.gbk
567 49.4 3963052 3962555 genome.dna 456093 455607 NC_002528.gbk
775 50.6 3963804 3963091 genome.dna 456822 456108 NC_002528.gbk
746 52.0 3967961 3967344 genome.dna 457798 457177 NC_002528.gbk
1802 56.2 3969453 3967963 genome.dna 459220 457798 NC_002528.gbk
1515 70.2 3970373 3969465 genome.dna 460147 459238 NC_002528.gbk
1644 54.7 3971825 3970383 genome.dna 461578 460156 NC_002528.gbk
1014 59.7 3972869 3972135 genome.dna 462651 461916 NC_002528.gbk
2549 63.5 3974615 3972882 genome.dna 464376 462666 NC_002528.gbk
2074 49.8 3976444 3974615 genome.dna 466181 464375 NC_002528.gbk
2007 72.2 4001743 4000448 genome.dna 453050 454355 NC_002528.gbk
2600 69.7 4003479 4001842 genome.dna 451383 453021 NC_002528.gbk
2022 45.3 4027241 4025196 genome.dna 72431 74459 NC_002528.gbk
1193 46.9 4034399 4035643 genome.dna 66271 67516 NC_002528.gbk
835 44.4 4036522 4035704 genome.dna 68339 67541 NC_002528.gbk
796 61.5 4039680 4040210 genome.dna 91381 90832 NC_002528.gbk
914 53.0 4050959 4050219 genome.dna 594151 593353 NC_002528.gbk
514 51.7 4059979 4059527 genome.dna 594590 594137 NC_002528.gbk
453 92.0 4060248 4060021 genome.dna 594866 594638 NC_002528.gbk
490 57.5 4060971 4060579 genome.dna 595333 594991 NC_002528.gbk
2529 50.8 4071195 4068739 genome.dna 597736 595498 NC_002528.gbk
531 41.3 4076900 4077613 genome.dna 585204 585807 NC_002528.gbk
1238 46.5 4080027 4081166 genome.dna 585849 586980 NC_002528.gbk
1752 59.3 4102382 4101120 genome.dna 477978 479226 NC_002528.gbk
2364 78.2 4114440 4115846 genome.dna 582062 583460 NC_002528.gbk
681 57.8 4140147 4140710 genome.dna 581393 580877 NC_002528.gbk
2038 61.1 4231793 4230366 genome.dna 227747 229169 NC_002528.gbk
4538 75.1 4236582 4233919 genome.dna 223818 226482 NC_002528.gbk
1742 74.2 4250428 4249388 genome.dna 222542 223592 NC_002528.gbk
568 42.6 4250722 4251348 genome.dna 222487 221833 NC_002528.gbk
253 38.6 4252799 4252404 genome.dna 221476 221851 NC_002528.gbk
3749 65.6 4255592 4252890 genome.dna 218773 221401 NC_002528.gbk
1944 78.4 4258960 4257809 genome.dna 233788 232633 NC_002528.gbk
1650 56.2 4260285 4259029 genome.dna 235102 233845 NC_002528.gbk
1592 50.3 4263557 4262097 genome.dna 237671 236216 NC_002528.gbk
1185 48.5 4264711 4263620 genome.dna 238778 237713 NC_002528.gbk
1627 61.9 4265910 4264708 genome.dna 239974 238774 NC_002528.gbk
1418 45.9 4267226 4265910 genome.dna 241293 239970 NC_002528.gbk
1402 54.0 4268312 4267230 genome.dna 242366 241292 NC_002528.gbk
1308 44.0 4269667 4268306 genome.dna 243727 242359 NC_002528.gbk
1605 47.2 4271151 4269664 genome.dna 245217 243723 NC_002528.gbk
2196 56.4 4272901 4271138 genome.dna 246957 245217 NC_002528.gbk
1067 52.6 4274186 4273242 genome.dna 248216 247277 NC_002528.gbk
744 68.4 4277861 4277370 genome.dna 248814 248337 NC_002528.gbk
2856 72.6 4279582 4277864 genome.dna 250534 248818 NC_002528.gbk
972 53.3 4304965 4304195 genome.dna 145875 145104 NC_002528.gbk
845 34.2 4316738 4318033 genome.dna 146061 147354 NC_002528.gbk
802 48.0 4319027 4319845 genome.dna 147407 148229 NC_002528.gbk
1029 51.1 4320238 4321083 genome.dna 148273 149098 NC_002528.gbk
503 46.6 4323873 4323391 genome.dna 149610 149124 NC_002528.gbk
5434 74.2 4330684 4327460 genome.dna 152939 149699 NC_002528.gbk
1727 66.8 4331847 4330699 genome.dna 154116 152952 NC_002528.gbk
880 47.7 4333114 4332293 genome.dna 155135 154325 NC_002528.gbk
1224 57.1 4334402 4333452 genome.dna 156098 155138 NC_002528.gbk
442 41.5 4335368 4334856 genome.dna 156645 156162 NC_002528.gbk
3682 54.5 4338181 4335368 genome.dna 159467 156644 NC_002528.gbk
891 42.6 4339154 4338213 genome.dna 160425 159483 NC_002528.gbk
337 60.5 4339580 4339843 genome.dna 160639 160909 NC_002528.gbk
1880 71.2 4343498 4342359 genome.dna 162093 160959 NC_002528.gbk
3359 81.8 4345514 4343607 genome.dna 164119 162205 NC_002528.gbk
1877 66.7 4353827 4352538 genome.dna 208289 206999 NC_002528.gbk
1367 60.8 4354760 4353831 genome.dna 209225 208295 NC_002528.gbk
2900 53.8 4357222 4354763 genome.dna 211696 209245 NC_002528.gbk
935 61.2 4373604 4372945 genome.dna 448869 448197 NC_002528.gbk
1086 57.2 4377440 4376580 genome.dna 493114 493960 NC_002528.gbk
1603 62.4 4378640 4377564 genome.dna 491902 492979 NC_002528.gbk
1561 60.2 4379941 4378778 genome.dna 490714 491887 NC_002528.gbk
3086 66.4 4383337 4381343 genome.dna 96844 98842 NC_002528.gbk
2013 77.7 4388480 4389631 genome.dna 446404 445267 NC_002528.gbk
991 60.0 4390561 4391259 genome.dna 446638 447391 NC_002528.gbk
643 41.2 4391555 4392289 genome.dna 447362 448124 NC_002528.gbk
1367 62.9 4392301 4393260 genome.dna 583706 584669 NC_002528.gbk
485 50.8 4393907 4394326 genome.dna 584679 585087 NC_002528.gbk
1798 60.5 4398393 4397095 genome.dna 599125 597823 NC_002528.gbk
748 62.4 4399815 4398820 genome.dna 600107 599174 NC_002528.gbk
1330 52.7 4401072 4399819 genome.dna 601330 600109 NC_002528.gbk
1001 50.2 4403893 4402952 genome.dna 602395 601486 NC_002528.gbk
951 31.7 4405841 4403886 genome.dna 604187 602432 NC_002528.gbk
767 60.3 4435345 4434803 genome.dna 609521 610076 NC_002528.gbk
1154 51.6 4442310 4441333 genome.dna 616536 615561 NC_002528.gbk
756 58.7 4448185 4447619 genome.dna 20984 21596 NC_002528.gbk
2487 64.5 4451372 4449723 genome.dna 609208 607558 NC_002528.gbk
810 46.6 4479596 4478769 genome.dna 543659 542837 NC_002528.gbk
617 52.9 4481228 4480755 genome.dna 544750 544276 NC_002528.gbk
686 58.3 4482450 4482959 genome.dna 544993 545515 NC_002528.gbk
970 45.0 4482986 4483933 genome.dna 545522 546467 NC_002528.gbk
586 74.6 4488068 4487676 genome.dna 546986 546593 NC_002528.gbk
1936 89.1 4489098 4488109 genome.dna 548020 547030 NC_002528.gbk
1116 80.1 4489744 4489124 genome.dna 548669 548048 NC_002528.gbk
789 93.5 4490164 4489775 genome.dna 549090 548694 NC_002528.gbk
556 72.9 4490537 4490181 genome.dna 549464 549107 NC_002528.gbk
218 81.6 4490800 4490684 genome.dna 549674 549557 NC_002528.gbk
2139 73.1 4492165 4490834 genome.dna 551013 549699 NC_002528.gbk
669 68.5 4492607 4492173 genome.dna 551458 551023 NC_002528.gbk
274 70.2 4492790 4492611 genome.dna 551642 551462 NC_002528.gbk
862 79.6 4493297 4492797 genome.dna 552155 551651 NC_002528.gbk
463 62.9 4493665 4493312 genome.dna 552539 552170 NC_002528.gbk
770 62.9 4494208 4493675 genome.dna 553098 552540 NC_002528.gbk
646 76.9 4494614 4494222 genome.dna 553480 553087 NC_002528.gbk
558 82.2 4494953 4494648 genome.dna 553814 553508 NC_002528.gbk
964 79.9 4495506 4494967 genome.dna 554371 553831 NC_002528.gbk
478 64.4 4495835 4495521 genome.dna 554700 554385 NC_002528.gbk
697 88.6 4496217 4495846 genome.dna 555094 554725 NC_002528.gbk
436 74.4 4496635 4496381 genome.dna 555460 555208 NC_002528.gbk
227 62.3 4496826 4496635 genome.dna 555657 555459 NC_002528.gbk
777 81.6 4497236 4496826 genome.dna 556067 555656 NC_002528.gbk
1294 83.7 4497950 4497249 genome.dna 556789 556087 NC_002528.gbk
573 80.9 4498300 4497968 genome.dna 557140 556807 NC_002528.gbk
520 79.3 4498593 4498315 genome.dna 557454 557175 NC_002528.gbk
1546 81.0 4499431 4498610 genome.dna 558295 557473 NC_002528.gbk
395 62.0 4499751 4499449 genome.dna 558612 558309 NC_002528.gbk
1016 75.1 4500353 4499748 genome.dna 559214 558608 NC_002528.gbk
1053 74.0 4500993 4500364 genome.dna 559861 559231 NC_002528.gbk
649 97.1 4501337 4501026 genome.dna 560203 559891 NC_002528.gbk
3796 80.5 4505956 4503842 genome.dna 563895 561786 NC_002528.gbk
868 84.6 4506523 4506053 genome.dna 564480 564009 NC_002528.gbk
733 88.6 4506994 4506620 genome.dna 564896 564521 NC_002528.gbk
235 37.9 4507413 4507126 genome.dna 565317 565029 NC_002528.gbk
424 50.4 4507791 4507432 genome.dna 565688 565328 NC_002528.gbk
440 53.1 4508190 4507801 genome.dna 566093 565706 NC_002528.gbk
1709 60.5 4531124 4529898 genome.dna 568590 567363 NC_002528.gbk
1299 55.9 4557783 4556779 genome.dna 571141 570133 NC_002528.gbk
1043 65.8 4559154 4558477 genome.dna 571850 571163 NC_002528.gbk
1551 62.6 4562421 4561336 genome.dna 573825 572733 NC_002528.gbk
873 79.5 4562994 4562473 genome.dna 574364 573842 NC_002528.gbk
686 53.6 4614245 4614820 genome.dna 580265 579686 NC_002528.gbk
1672 65.2 4644844 4643741 genome.dna 489715 488599 NC_002528.gbk
890 69.4 4645142 4645735 genome.dna 490010 490601 NC_002528.gbk
947 47.8 4675687 4674863 genome.dna 623347 622492 NC_002528.gbk
334 42.7 4676010 4676330 genome.dna 623534 623885 NC_002528.gbk
1129 55.9 4680620 4681561 genome.dna 624013 624958 NC_002528.gbk
2590 96.2 4708658 4707399 genome.dna 627455 626195 NC_002528.gbk
441 62.3 4709479 4709153 genome.dna 627911 627584 NC_002528.gbk
2314 53.2 4714432 4712411 genome.dna 630050 628112 NC_002528.gbk
2225 67.1 4723858 4722380 genome.dna 631592 630119 NC_002528.gbk
2896 67.6 4729969 4728119 genome.dna 633493 631639 NC_002528.gbk
681 38.4 4748208 4747351 genome.dna 589202 589991 NC_002528.gbk
1212 56.8 4756712 4755816 genome.dna 50165 51044 NC_002528.gbk
330 65.6 4770684 4770469 genome.dna 611567 611348 NC_002528.gbk
806 72.2 4775884 4776414 genome.dna 612172 612685 NC_002528.gbk
2188 74.5 4776424 4777755 genome.dna 612697 614029 NC_002528.gbk
808 46.9 4780345 4781184 genome.dna 339154 339946 NC_002528.gbk
961 54.8 4784192 4784938 genome.dna 614785 615544 NC_002528.gbk
830 48.8 4786326 4787093 genome.dna 340722 339954 NC_002528.gbk
1708 78.7 4825789 4824827 genome.dna 338126 339089 NC_002528.gbk
1385 71.2 4866035 4865178 genome.dna 24949 25804 NC_002528.gbk
586 45.3 4869761 4870336 genome.dna 23520 22944 NC_002528.gbk
312 59.4 4875073 4874828 genome.dna 488222 488453 NC_002528.gbk
3390 60.8 4981440 4979023 genome.dna 11322 8910 NC_002528.gbk
1034 42.7 4983694 4982594 genome.dna 12549 11448 NC_002528.gbk
1810 69.4 4985096 4983699 genome.dna 13918 12553 NC_002528.gbk
253 84.4 4985770 4985910 genome.dna 14368 14512 NC_002528.gbk
332 47.3 4985929 4986288 genome.dna 14524 14872 NC_002528.gbk
2143 58.1 4986512 4988146 genome.dna 15010 16609 NC_002528.gbk
1373 49.5 4988276 4989640 genome.dna 16647 18009 NC_002528.gbk
2422 58.8 5049054 5047222 genome.dna 27774 25944 NC_002528.gbk
1473 48.2 5050610 5049240 genome.dna 29223 27843 NC_002528.gbk
455 50.7 5053946 5053527 genome.dna 8420 8837 NC_002528.gbk
2519 82.6 5055348 5053966 genome.dna 6996 8394 NC_002528.gbk
1114 58.5 5056259 5055396 genome.dna 6100 6973 NC_002528.gbk
2459 72.2 5057853 5056312 genome.dna 4529 6068 NC_002528.gbk
405 32.6 5058399 5057866 genome.dna 3981 4515 NC_002528.gbk
460 44.9 5058884 5058414 genome.dna 3496 3982 NC_002528.gbk
450 83.5 5059187 5058948 genome.dna 3138 3378 NC_002528.gbk
1172 63.4 5060037 5059237 genome.dna 2277 3102 NC_002528.gbk
2716 64.3 5063659 5061770 genome.dna 196 2083 NC_002528.gbk
