1187 35.3 25826 28615 genome.dna 967182 969786 NC_000963.gbk
356 34.1 29669 29034 genome.dna 112319 112964 NC_000963.gbk
820 32.9 33859 32447 genome.dna 704019 705447 NC_000963.gbk
2078 51.3 37037 38860 genome.dna 325301 323483 NC_000963.gbk
1316 36.2 47188 45107 genome.dna 746628 744453 NC_000963.gbk
536 44.4 50956 50333 genome.dna 958715 958121 NC_000963.gbk
1087 57.6 98527 99441 genome.dna 1072120 1071250 NC_000963.gbk
958 32.4 99451 101520 genome.dna 1071210 1069263 NC_000963.gbk
480 37.6 110262 109636 genome.dna 661109 660479 NC_000963.gbk
814 52.5 162282 162998 genome.dna 802552 801829 NC_000963.gbk
351 42.9 165569 165111 genome.dna 486213 486660 NC_000963.gbk
185 53.6 168129 168296 genome.dna 1102886 1102715 NC_000963.gbk
311 30.3 174074 173307 genome.dna 270498 271377 NC_000963.gbk
240 30.0 192299 192775 genome.dna 80569 81028 NC_000963.gbk
524 33.1 192775 193791 genome.dna 539936 540887 NC_000963.gbk
702 44.5 222967 223722 genome.dna 846121 845323 NC_000963.gbk
500 33.6 226939 227694 genome.dna 980756 981512 NC_000963.gbk
1039 49.4 228573 229595 genome.dna 668436 667443 NC_000963.gbk
1896 53.9 230345 231841 genome.dna 1031571 1030092 NC_000963.gbk
2068 77.6 250357 251541 genome.dna 821644 820459 NC_000963.gbk
516 42.5 252164 252709 genome.dna 156765 157344 NC_000963.gbk
450 50.7 252872 253300 genome.dna 157476 157914 NC_000963.gbk
698 46.5 253304 254008 genome.dna 157916 158633 NC_000963.gbk
342 51.7 254890 255255 genome.dna 159418 159796 NC_000963.gbk
3521 53.9 255584 259612 genome.dna 160649 164774 NC_000963.gbk
5295 58.2 259736 263959 genome.dna 164930 169049 NC_000963.gbk
709 35.4 275283 276347 genome.dna 1111139 1110101 NC_000963.gbk
718 47.3 288581 287820 genome.dna 1095239 1094516 NC_000963.gbk
885 42.3 301263 300298 genome.dna 9660 10686 NC_000963.gbk
1266 59.5 313270 314313 genome.dna 961618 960577 NC_000963.gbk
256 30.9 315964 316557 genome.dna 1024696 1025365 NC_000963.gbk
829 51.0 338215 337490 genome.dna 625617 626382 NC_000963.gbk
792 38.2 340994 339921 genome.dna 623575 624535 NC_000963.gbk
512 33.9 342391 343203 genome.dna 108606 109365 NC_000963.gbk
525 35.6 343211 343993 genome.dna 107824 108604 NC_000963.gbk
224 31.6 343998 344564 genome.dna 913013 912563 NC_000963.gbk
1235 47.6 345980 347242 genome.dna 729493 728233 NC_000963.gbk
755 34.7 349956 348586 genome.dna 146872 148414 NC_000963.gbk
572 30.4 350815 351966 genome.dna 262246 261172 NC_000963.gbk
462 47.6 352201 352629 genome.dna 292838 293306 NC_000963.gbk
1726 39.2 392535 394805 genome.dna 75659 77876 NC_000963.gbk
920 36.7 463248 461737 genome.dna 170039 171542 NC_000963.gbk
1119 42.2 530287 528905 genome.dna 677133 678480 NC_000963.gbk
279 41.1 697176 697469 genome.dna 800043 799755 NC_000963.gbk
2128 60.9 697515 699164 genome.dna 799735 798082 NC_000963.gbk
540 33.8 699974 700837 genome.dna 854007 853158 NC_000963.gbk
693 37.7 726542 725589 genome.dna 989080 989974 NC_000963.gbk
1514 45.1 753122 751287 genome.dna 1085196 1083288 NC_000963.gbk
684 33.4 755628 756641 genome.dna 42696 41532 NC_000963.gbk
388 31.4 757677 758612 genome.dna 462463 461518 NC_000963.gbk
275 40.0 761608 761919 genome.dna 938349 938667 NC_000963.gbk
327 59.8 761939 762196 genome.dna 938691 938952 NC_000963.gbk
1051 49.2 763509 764681 genome.dna 1062238 1061242 NC_000963.gbk
506 52.6 766454 766933 genome.dna 1087885 1088374 NC_000963.gbk
515 42.3 767499 768128 genome.dna 193709 194393 NC_000963.gbk
2217 56.4 768185 770122 genome.dna 47504 49418 NC_000963.gbk
1163 37.6 777751 779280 genome.dna 686157 684645 NC_000963.gbk
1989 43.6 779306 782008 genome.dna 684432 681936 NC_000963.gbk
291 47.2 783547 783816 genome.dna 620723 620999 NC_000963.gbk
2201 49.6 784066 786186 genome.dna 621153 623391 NC_000963.gbk
869 35.7 839555 838230 genome.dna 1074205 1072957 NC_000963.gbk
469 31.6 839867 840766 genome.dna 1026846 1025928 NC_000963.gbk
698 31.9 841615 843360 genome.dna 653418 651657 NC_000963.gbk
383 45.9 927840 927358 genome.dna 527424 527883 NC_000963.gbk
919 31.5 931102 929441 genome.dna 220194 218529 NC_000963.gbk
332 39.6 932209 932796 genome.dna 802763 803300 NC_000963.gbk
292 36.4 957261 956803 genome.dna 368791 368356 NC_000963.gbk
2039 44.5 964883 967162 genome.dna 454360 456664 NC_000963.gbk
697 41.8 970301 969369 genome.dna 1107189 1108029 NC_000963.gbk
407 41.6 1096541 1097074 genome.dna 295329 294843 NC_000963.gbk
455 37.7 1099537 1100406 genome.dna 52769 51962 NC_000963.gbk
761 45.5 1143476 1142628 genome.dna 81941 82763 NC_000963.gbk
1004 56.6 1150402 1149575 genome.dna 232257 233082 NC_000963.gbk
887 52.3 1154052 1153258 genome.dna 1039286 1040066 NC_000963.gbk
417 39.6 1155257 1156108 genome.dna 97594 98524 NC_000963.gbk
758 45.0 1156279 1157004 genome.dna 185973 185244 NC_000963.gbk
513 42.0 1157130 1157687 genome.dna 185041 184480 NC_000963.gbk
549 38.5 1159320 1160081 genome.dna 523211 522530 NC_000963.gbk
615 35.7 1165447 1166469 genome.dna 8699 7658 NC_000963.gbk
388 42.5 1166572 1167027 genome.dna 7468 7030 NC_000963.gbk
687 41.0 1167032 1167820 genome.dna 7021 6226 NC_000963.gbk
444 44.9 1168997 1169593 genome.dna 244585 245167 NC_000963.gbk
1830 35.3 1169670 1173152 genome.dna 975121 971572 NC_000963.gbk
1151 34.9 1180703 1178139 genome.dna 368148 365472 NC_000963.gbk
391 30.0 1269779 1268505 genome.dna 52967 54134 NC_000963.gbk
729 50.8 1270601 1269999 genome.dna 403968 403365 NC_000963.gbk
608 35.0 1271755 1272822 genome.dna 263980 262828 NC_000963.gbk
1292 55.6 1272920 1274065 genome.dna 909943 908857 NC_000963.gbk
606 37.5 1274535 1276382 genome.dna 737796 739353 NC_000963.gbk
761 39.7 1276393 1277361 genome.dna 135971 136907 NC_000963.gbk
518 33.0 1292157 1291267 genome.dna 423877 424810 NC_000963.gbk
744 31.7 1299536 1300840 genome.dna 1059832 1061170 NC_000963.gbk
911 67.4 1301367 1301990 genome.dna 643042 642436 NC_000963.gbk
1663 63.1 1302154 1303428 genome.dna 866091 864813 NC_000963.gbk
2521 49.9 1303620 1306001 genome.dna 552124 554479 NC_000963.gbk
412 32.6 1310544 1309849 genome.dna 867437 866753 NC_000963.gbk
172 58.5 1322427 1322284 genome.dna 567072 566946 NC_000963.gbk
327 48.5 1332403 1332732 genome.dna 1092458 1092782 NC_000963.gbk
408 36.4 1332732 1333337 genome.dna 534088 534769 NC_000963.gbk
930 40.9 1333507 1335396 genome.dna 1055828 1057694 NC_000963.gbk
446 33.8 1335658 1336302 genome.dna 809729 809087 NC_000963.gbk
666 35.4 1358126 1357212 genome.dna 404985 404049 NC_000963.gbk
598 37.6 1363250 1362525 genome.dna 791654 792413 NC_000963.gbk
1917 47.8 1363499 1366138 genome.dna 250671 253389 NC_000963.gbk
605 36.8 1434853 1435731 genome.dna 526543 527428 NC_000963.gbk
461 31.8 1436929 1437642 genome.dna 272887 273598 NC_000963.gbk
1243 50.5 1458435 1457257 genome.dna 925359 924180 NC_000963.gbk
739 31.7 1466359 1465232 genome.dna 1099716 1098564 NC_000963.gbk
983 50.9 1470427 1469462 genome.dna 931393 930499 NC_000963.gbk
388 32.7 1471338 1470655 genome.dna 1101679 1101049 NC_000963.gbk
934 41.7 1475506 1474394 genome.dna 343887 342735 NC_000963.gbk
731 33.6 1477420 1475516 genome.dna 710333 708548 NC_000963.gbk
245 30.7 1478243 1477926 genome.dna 1022432 1022105 NC_000963.gbk
1374 43.7 1483266 1480684 genome.dna 517761 520248 NC_000963.gbk
470 31.6 1490240 1489362 genome.dna 929877 928965 NC_000963.gbk
1278 45.5 1493774 1492350 genome.dna 1019208 1017870 NC_000963.gbk
1768 61.0 1536355 1535069 genome.dna 1063857 1062546 NC_000963.gbk
176 30.2 1537007 1537396 genome.dna 149399 149774 NC_000963.gbk
163 32.1 1537390 1537737 genome.dna 149932 150310 NC_000963.gbk
2040 52.9 1537737 1539503 genome.dna 150443 152234 NC_000963.gbk
914 55.0 1539520 1540236 genome.dna 49662 50448 NC_000963.gbk
2502 41.6 1540513 1543320 genome.dna 216807 213996 NC_000963.gbk
1152 47.2 1543336 1544562 genome.dna 213972 212766 NC_000963.gbk
1305 51.6 1544898 1546064 genome.dna 531443 530282 NC_000963.gbk
1369 70.1 1546064 1546936 genome.dna 530120 529241 NC_000963.gbk
793 32.3 1547669 1549237 genome.dna 267764 269126 NC_000963.gbk
503 39.0 1551348 1552034 genome.dna 380254 380980 NC_000963.gbk
473 31.2 1633374 1634744 genome.dna 626474 628001 NC_000963.gbk
554 32.4 1868891 1867875 genome.dna 356640 357645 NC_000963.gbk
461 31.1 2038594 2039550 genome.dna 317722 318634 NC_000963.gbk
173 52.6 2040877 2041047 genome.dna 965371 965173 NC_000963.gbk
816 40.4 2042130 2043083 genome.dna 965160 964206 NC_000963.gbk
614 36.1 2043101 2044030 genome.dna 921534 922494 NC_000963.gbk
733 48.0 2044045 2044779 genome.dna 955096 955822 NC_000963.gbk
216 45.0 2044934 2045170 genome.dna 955973 956234 NC_000963.gbk
1290 51.9 2045253 2046494 genome.dna 956267 957548 NC_000963.gbk
533 35.4 2047434 2048453 genome.dna 394712 395735 NC_000963.gbk
339 35.4 2048443 2049102 genome.dna 851264 850652 NC_000963.gbk
635 40.2 2050132 2050929 genome.dna 849004 848122 NC_000963.gbk
279 34.8 2055442 2055792 genome.dna 389715 389352 NC_000963.gbk
509 32.3 2057749 2058777 genome.dna 888507 887562 NC_000963.gbk
2005 33.1 2070405 2066956 genome.dna 756023 752660 NC_000963.gbk
589 45.1 2071740 2072447 genome.dna 873282 873948 NC_000963.gbk
633 30.0 2072444 2073691 genome.dna 872042 873290 NC_000963.gbk
273 32.0 2138606 2139226 genome.dna 997424 998018 NC_000963.gbk
605 40.2 2139951 2140691 genome.dna 1044899 1044206 NC_000963.gbk
247 40.9 2140906 2141388 genome.dna 740219 740606 NC_000963.gbk
341 43.9 2186467 2186817 genome.dna 933801 933477 NC_000963.gbk
892 37.4 2192856 2194133 genome.dna 690263 689027 NC_000963.gbk
2598 56.7 2198282 2200954 genome.dna 1006219 1003582 NC_000963.gbk
765 44.6 2239913 2239125 genome.dna 443872 443086 NC_000963.gbk
638 34.6 2322430 2321456 genome.dna 552025 551023 NC_000963.gbk
231 30.4 2461266 2461811 genome.dna 179645 179159 NC_000963.gbk
1156 49.7 2487322 2486231 genome.dna 764877 763779 NC_000963.gbk
435 37.5 2488039 2487452 genome.dna 765806 765248 NC_000963.gbk
1123 53.6 2492889 2493971 genome.dna 654591 653523 NC_000963.gbk
816 46.0 2496092 2496946 genome.dna 68966 69794 NC_000963.gbk
1348 47.2 2503696 2505084 genome.dna 84805 83407 NC_000963.gbk
1721 56.7 2563367 2561970 genome.dna 823255 824641 NC_000963.gbk
705 54.2 2585970 2586605 genome.dna 933853 934492 NC_000963.gbk
801 39.7 2593132 2590532 genome.dna 402338 400007 NC_000963.gbk
373 32.5 2645457 2646263 genome.dna 319943 320729 NC_000963.gbk
215 52.4 2702947 2702738 genome.dna 830656 830443 NC_000963.gbk
1031 35.0 2726216 2727934 genome.dna 247682 249512 NC_000963.gbk
657 32.3 2731236 2728849 genome.dna 513230 515678 NC_000963.gbk
1099 47.9 2732234 2731251 genome.dna 512181 513234 NC_000963.gbk
423 55.7 2732903 2732547 genome.dna 767949 768303 NC_000963.gbk
107 34.8 2733144 2732947 genome.dna 767725 767929 NC_000963.gbk
575 50.6 2733782 2733240 genome.dna 656680 656122 NC_000963.gbk
2156 48.7 2735713 2733785 genome.dna 275207 277115 NC_000963.gbk
740 35.8 2757088 2758194 genome.dna 375649 376726 NC_000963.gbk
1531 34.7 2791079 2789028 genome.dna 345988 343933 NC_000963.gbk
409 31.2 2800594 2799272 genome.dna 498153 499530 NC_000963.gbk
667 41.0 2801685 2802443 genome.dna 1047107 1047809 NC_000963.gbk
1161 53.6 2809298 2808294 genome.dna 473563 474592 NC_000963.gbk
255 32.2 2809923 2809306 genome.dna 472907 473507 NC_000963.gbk
304 36.4 2810663 2810151 genome.dna 140913 141423 NC_000963.gbk
639 43.7 2811487 2810744 genome.dna 566928 566169 NC_000963.gbk
1520 40.6 2813755 2811956 genome.dna 173033 174851 NC_000963.gbk
1010 33.2 2838878 2837343 genome.dna 741323 742847 NC_000963.gbk
277 32.6 2884168 2883416 genome.dna 467560 466819 NC_000963.gbk
1524 40.8 2925698 2924025 genome.dna 644901 643194 NC_000963.gbk
306 34.0 2926492 2925815 genome.dna 645810 645150 NC_000963.gbk
1063 48.0 2975613 2974318 genome.dna 981489 982767 NC_000963.gbk
1083 52.7 2982496 2983455 genome.dna 543529 544462 NC_000963.gbk
322 65.7 2988043 2988261 genome.dna 1024468 1024684 NC_000963.gbk
168 35.0 3016496 3016762 genome.dna 247296 247584 NC_000963.gbk
354 33.3 3046334 3045672 genome.dna 469891 470464 NC_000963.gbk
358 32.3 3109585 3110331 genome.dna 180355 179629 NC_000963.gbk
740 31.5 3120851 3119523 genome.dna 386437 384901 NC_000963.gbk
1010 67.5 3140808 3141479 genome.dna 1072936 1072306 NC_000963.gbk
592 43.8 3154559 3153852 genome.dna 178009 177298 NC_000963.gbk
2467 56.5 3161386 3159374 genome.dna 247216 245227 NC_000963.gbk
356 36.7 3228583 3228035 genome.dna 55964 56510 NC_000963.gbk
1092 35.6 3230474 3228642 genome.dna 719510 717629 NC_000963.gbk
471 34.0 3320342 3321007 genome.dna 152353 153010 NC_000963.gbk
839 35.4 3373687 3372152 genome.dna 995592 997068 NC_000963.gbk
1122 35.4 3375638 3373788 genome.dna 993481 995443 NC_000963.gbk
261 40.0 3375937 3375635 genome.dna 993149 993482 NC_000963.gbk
783 43.8 3378041 3377067 genome.dna 1000879 999859 NC_000963.gbk
1167 45.1 3382301 3380952 genome.dna 137070 138336 NC_000963.gbk
296 37.4 3385876 3385436 genome.dna 437170 436798 NC_000963.gbk
730 32.9 3395711 3396913 genome.dna 132769 133927 NC_000963.gbk
686 54.1 3408161 3407589 genome.dna 671137 671707 NC_000963.gbk
587 40.6 3415469 3414618 genome.dna 1083216 1082454 NC_000963.gbk
645 33.6 3416479 3415469 genome.dna 389360 388343 NC_000963.gbk
381 37.0 3444907 3444146 genome.dna 104301 105057 NC_000963.gbk
777 43.0 3516455 3517318 genome.dna 638716 639649 NC_000963.gbk
1098 43.2 3519048 3517663 genome.dna 94768 96142 NC_000963.gbk
219 30.7 3571239 3571790 genome.dna 866757 866205 NC_000963.gbk
726 32.4 3592378 3593766 genome.dna 838238 839600 NC_000963.gbk
444 34.1 3599984 3598497 genome.dna 841881 843225 NC_000963.gbk
928 36.8 3603229 3601955 genome.dna 378349 379600 NC_000963.gbk
485 51.4 3608433 3608005 genome.dna 62316 62739 NC_000963.gbk
253 43.9 3616630 3616295 genome.dna 242062 241723 NC_000963.gbk
858 37.3 3618482 3616632 genome.dna 243889 242107 NC_000963.gbk
342 42.5 3619470 3619147 genome.dna 599905 599572 NC_000963.gbk
656 74.2 3619938 3619552 genome.dna 600304 599908 NC_000963.gbk
1606 58.8 3621177 3619963 genome.dna 601602 600369 NC_000963.gbk
288 38.9 3651787 3651263 genome.dna 1045490 1045043 NC_000963.gbk
265 36.5 3680225 3679845 genome.dna 727695 727314 NC_000963.gbk
557 37.6 3682691 3681786 genome.dna 139973 140861 NC_000963.gbk
378 32.6 3683368 3682688 genome.dna 139299 139977 NC_000963.gbk
257 30.5 3684626 3683661 genome.dna 138505 139300 NC_000963.gbk
2305 56.1 3686442 3684643 genome.dna 336430 338233 NC_000963.gbk
1103 38.0 3698228 3696813 genome.dna 792527 793940 NC_000963.gbk
320 39.2 3729128 3729583 genome.dna 1025836 1025404 NC_000963.gbk
682 48.0 3749695 3748958 genome.dna 916435 917125 NC_000963.gbk
476 48.6 3749751 3750215 genome.dna 913787 913328 NC_000963.gbk
3051 54.1 3762599 3760023 genome.dna 38373 40950 NC_000963.gbk
672 38.4 3764478 3763501 genome.dna 1065236 1066178 NC_000963.gbk
336 51.6 3773009 3772662 genome.dna 135030 135447 NC_000963.gbk
622 41.7 3773827 3773072 genome.dna 134309 135014 NC_000963.gbk
1377 47.4 3776200 3774839 genome.dna 204038 205388 NC_000963.gbk
1825 49.4 3784972 3782345 genome.dna 1077946 1080580 NC_000963.gbk
1470 67.3 3786717 3785644 genome.dna 954072 955095 NC_000963.gbk
870 37.3 3956293 3958011 genome.dna 470605 471904 NC_000963.gbk
185 31.7 3986036 3985365 genome.dna 767576 766871 NC_000963.gbk
1386 43.9 4003479 4001842 genome.dna 466813 465052 NC_000963.gbk
1418 41.3 4027241 4025196 genome.dna 908720 906650 NC_000963.gbk
683 62.0 4039680 4040210 genome.dna 740734 741253 NC_000963.gbk
453 33.2 4050959 4050219 genome.dna 364569 365358 NC_000963.gbk
260 34.7 4059979 4059527 genome.dna 45487 46003 NC_000963.gbk
217 31.8 4060971 4060579 genome.dna 44798 45164 NC_000963.gbk
442 35.0 4068636 4067902 genome.dna 822161 822908 NC_000963.gbk
639 30.8 4080027 4081166 genome.dna 207948 209148 NC_000963.gbk
857 36.4 4114440 4115846 genome.dna 672866 674327 NC_000963.gbk
2738 57.1 4139901 4137067 genome.dna 1051696 1048834 NC_000963.gbk
1083 40.6 4231793 4230366 genome.dna 570980 572342 NC_000963.gbk
1932 51.9 4255592 4252890 genome.dna 726060 723339 NC_000963.gbk
811 42.9 4257707 4256787 genome.dna 312146 311279 NC_000963.gbk
1080 45.1 4258960 4257809 genome.dna 825002 826361 NC_000963.gbk
275 31.5 4262088 4261168 genome.dna 306122 307088 NC_000963.gbk
1231 42.3 4263557 4262097 genome.dna 303621 305109 NC_000963.gbk
568 30.8 4267226 4265910 genome.dna 500682 502020 NC_000963.gbk
1182 49.4 4268312 4267230 genome.dna 749475 748389 NC_000963.gbk
820 34.6 4271151 4269664 genome.dna 752540 751097 NC_000963.gbk
658 40.3 4274186 4273242 genome.dna 714627 713706 NC_000963.gbk
530 39.3 4319027 4319845 genome.dna 834710 833903 NC_000963.gbk
469 30.9 4333114 4332293 genome.dna 178919 178199 NC_000963.gbk
145 36.0 4339580 4339843 genome.dna 806762 806489 NC_000963.gbk
1238 49.1 4343498 4342359 genome.dna 222553 221440 NC_000963.gbk
2626 63.8 4345514 4343607 genome.dna 224559 222675 NC_000963.gbk
804 34.5 4348005 4346668 genome.dna 1105934 1107206 NC_000963.gbk
2033 54.2 4365488 4367155 genome.dna 66949 68617 NC_000963.gbk
382 31.2 4393344 4393907 genome.dna 33782 33212 NC_000963.gbk
204 30.8 4393907 4394326 genome.dna 407025 407496 NC_000963.gbk
359 31.0 4399815 4398820 genome.dna 145981 146842 NC_000963.gbk
359 34.4 4448185 4447619 genome.dna 296785 297352 NC_000963.gbk
422 36.8 4477982 4478530 genome.dna 640285 639727 NC_000963.gbk
481 47.7 4482450 4482959 genome.dna 255697 256225 NC_000963.gbk
735 39.1 4482986 4483933 genome.dna 256221 257133 NC_000963.gbk
448 59.5 4488068 4487676 genome.dna 807192 806781 NC_000963.gbk
944 46.3 4489098 4488109 genome.dna 808227 807204 NC_000963.gbk
442 37.6 4489744 4489124 genome.dna 423765 423147 NC_000963.gbk
449 53.2 4490164 4489775 genome.dna 808629 808245 NC_000963.gbk
366 50.0 4490537 4490181 genome.dna 809030 808652 NC_000963.gbk
1427 49.7 4492165 4490834 genome.dna 811046 809744 NC_000963.gbk
299 39.1 4492607 4492173 genome.dna 811502 811049 NC_000963.gbk
152 46.3 4492790 4492611 genome.dna 811707 811515 NC_000963.gbk
489 47.3 4493297 4492797 genome.dna 812259 811731 NC_000963.gbk
285 45.7 4493665 4493312 genome.dna 812632 812275 NC_000963.gbk
470 41.5 4494208 4493675 genome.dna 813181 812647 NC_000963.gbk
356 43.5 4494614 4494222 genome.dna 813588 813189 NC_000963.gbk
283 46.5 4494953 4494648 genome.dna 813912 813606 NC_000963.gbk
739 55.4 4495506 4494967 genome.dna 814469 813929 NC_000963.gbk
286 46.1 4495835 4495521 genome.dna 814797 814455 NC_000963.gbk
544 68.3 4496217 4495846 genome.dna 815162 814793 NC_000963.gbk
226 47.9 4496635 4496381 genome.dna 815456 815222 NC_000963.gbk
138 40.0 4496826 4496635 genome.dna 815673 815457 NC_000963.gbk
514 53.0 4497236 4496826 genome.dna 816076 815665 NC_000963.gbk
730 53.8 4497950 4497249 genome.dna 816744 816090 NC_000963.gbk
297 50.9 4498300 4497968 genome.dna 817105 816745 NC_000963.gbk
397 57.6 4498593 4498315 genome.dna 817393 817114 NC_000963.gbk
1091 58.1 4499431 4498610 genome.dna 818239 817417 NC_000963.gbk
200 39.3 4499751 4499449 genome.dna 818536 818239 NC_000963.gbk
348 31.9 4500353 4499748 genome.dna 819156 818532 NC_000963.gbk
596 43.7 4500993 4500364 genome.dna 820048 819397 NC_000963.gbk
386 59.8 4501337 4501026 genome.dna 820366 820048 NC_000963.gbk
2629 57.1 4505956 4503842 genome.dna 154088 156188 NC_000963.gbk
501 50.6 4506523 4506053 genome.dna 153594 154077 NC_000963.gbk
456 56.9 4506994 4506620 genome.dna 153171 153561 NC_000963.gbk
490 35.4 4510929 4511597 genome.dna 81224 81938 NC_000963.gbk
1482 54.9 4514011 4512740 genome.dna 932648 931385 NC_000963.gbk
1008 33.7 4522627 4520816 genome.dna 1022109 1020381 NC_000963.gbk
895 42.1 4557783 4556779 genome.dna 582923 581930 NC_000963.gbk
817 33.7 4567199 4569754 genome.dna 1017867 1015503 NC_000963.gbk
392 37.8 4579442 4578723 genome.dna 525327 524649 NC_000963.gbk
982 35.7 4656105 4657454 genome.dna 60864 62154 NC_000963.gbk
1551 40.8 4672431 4670269 genome.dna 546631 548608 NC_000963.gbk
429 35.4 4675687 4674863 genome.dna 510022 510835 NC_000963.gbk
741 39.3 4680620 4681561 genome.dna 580528 581428 NC_000963.gbk
1826 66.1 4708658 4707399 genome.dna 649991 648617 NC_000963.gbk
393 51.0 4709479 4709153 genome.dna 905 1298 NC_000963.gbk
111 36.2 4770684 4770469 genome.dna 111590 111827 NC_000963.gbk
566 49.1 4775884 4776414 genome.dna 390468 391017 NC_000963.gbk
1403 52.6 4776424 4777755 genome.dna 391013 392366 NC_000963.gbk
320 35.1 4814473 4814072 genome.dna 380979 381411 NC_000963.gbk
675 37.4 4826899 4825997 genome.dna 1046418 1045515 NC_000963.gbk
641 36.8 4866035 4865178 genome.dna 373768 372886 NC_000963.gbk
811 33.7 4886675 4885383 genome.dna 211674 210474 NC_000963.gbk
2649 51.4 4981440 4979023 genome.dna 732018 729594 NC_000963.gbk
1149 42.3 4985096 4983699 genome.dna 756865 758257 NC_000963.gbk
198 69.8 4985770 4985910 genome.dna 768432 768567 NC_000963.gbk
788 34.1 4988276 4989640 genome.dna 949720 951058 NC_000963.gbk
1218 44.8 5026700 5027902 genome.dna 103118 101879 NC_000963.gbk
1327 68.7 5055348 5053966 genome.dna 1008248 1006823 NC_000963.gbk
485 32.3 5056259 5055396 genome.dna 1009223 1008356 NC_000963.gbk
1266 56.7 5057853 5056312 genome.dna 1010848 1009309 NC_000963.gbk
1912 48.7 5063659 5061770 genome.dna 62742 64608 NC_000963.gbk
