662 32.7 812414 811260 genome.dna 61308 60117 NC_001988.gbk
1212 44.0 933233 934465 genome.dna 63630 64926 NC_001988.gbk
1109 42.7 1040649 1039456 genome.dna 30111 31311 NC_001988.gbk
502 32.2 1284598 1282733 genome.dna 113544 111783 NC_001988.gbk
1437 58.2 1458435 1457257 genome.dna 83218 82039 NC_001988.gbk
827 57.2 1459094 1458447 genome.dna 179116 179782 NC_001988.gbk
739 49.8 1459750 1459094 genome.dna 178458 179115 NC_001988.gbk
554 38.2 1635671 1634820 genome.dna 133496 132776 NC_001988.gbk
2139 65.2 1647128 1648552 genome.dna 11139 12549 NC_001988.gbk
1266 46.8 2045253 2046494 genome.dna 91285 92530 NC_001988.gbk
833 42.1 2536745 2535825 genome.dna 100418 99518 NC_001988.gbk
993 34.3 2556170 2554698 genome.dna 141611 143081 NC_001988.gbk
3466 59.0 2634501 2637176 genome.dna 36298 33721 NC_001988.gbk
778 38.8 2697304 2698272 genome.dna 69540 70518 NC_001988.gbk
834 48.8 2698450 2699247 genome.dna 70551 71358 NC_001988.gbk
843 48.0 2699262 2700104 genome.dna 71377 72289 NC_001988.gbk
1490 42.9 4054763 4056430 genome.dna 24953 26618 NC_001988.gbk
224 39.8 4222572 4222883 genome.dna 31998 32286 NC_001988.gbk
507 48.3 1026 565 genome.dna 1125879 1125411 NC_003030.gbk
654 32.2 15468 16463 genome.dna 419726 420713 NC_003030.gbk
1159 35.0 25826 28615 genome.dna 1266367 1268983 NC_003030.gbk
410 39.4 29669 29034 genome.dna 2745261 2744658 NC_003030.gbk
2161 55.1 37037 38860 genome.dna 1833235 1835053 NC_003030.gbk
399 38.6 39698 40135 genome.dna 2376145 2375695 NC_003030.gbk
662 35.3 44746 43358 genome.dna 1002649 1003957 NC_003030.gbk
1157 38.0 47188 45107 genome.dna 1883854 1885891 NC_003030.gbk
522 41.1 50956 50333 genome.dna 1867274 1867904 NC_003030.gbk
1621 55.6 62838 64181 genome.dna 856400 855068 NC_003030.gbk
368 38.7 96727 96284 genome.dna 1617413 1617842 NC_003030.gbk
786 37.8 104909 106057 genome.dna 178439 179594 NC_003030.gbk
817 35.8 115831 114374 genome.dna 2716818 2715315 NC_003030.gbk
531 33.2 151546 150683 genome.dna 1866099 1866978 NC_003030.gbk
684 38.0 156579 155680 genome.dna 3319276 3320185 NC_003030.gbk
583 41.3 163345 163986 genome.dna 37375 38050 NC_003030.gbk
313 38.4 165569 165111 genome.dna 1569677 1570115 NC_003030.gbk
950 41.3 166824 165547 genome.dna 1868104 1869301 NC_003030.gbk
441 34.1 166978 167643 genome.dna 1381335 1382025 NC_003030.gbk
126 38.8 168129 168296 genome.dna 3286292 3286142 NC_003030.gbk
518 46.4 170854 170375 genome.dna 1886531 1887017 NC_003030.gbk
917 41.2 192775 193791 genome.dna 1861018 1862017 NC_003030.gbk
679 35.7 217784 218788 genome.dna 2497214 2498252 NC_003030.gbk
330 30.5 218826 219599 genome.dna 2497069 2496181 NC_003030.gbk
1302 45.3 219661 221034 genome.dna 1121792 1123106 NC_003030.gbk
1010 48.4 228573 229595 genome.dna 109302 110265 NC_003030.gbk
298 32.8 237567 238178 genome.dna 2399601 2398956 NC_003030.gbk
1918 72.1 250357 251541 genome.dna 3271493 3270299 NC_003030.gbk
455 40.0 252164 252709 genome.dna 3285828 3285306 NC_003030.gbk
599 64.8 252872 253300 genome.dna 3285273 3284847 NC_003030.gbk
735 52.8 253304 254008 genome.dna 3284795 3284105 NC_003030.gbk
322 35.4 254326 254823 genome.dna 3283920 3283413 NC_003030.gbk
420 59.3 254890 255255 genome.dna 3283362 3282990 NC_003030.gbk
2164 45.9 255584 259612 genome.dna 3282566 3278840 NC_003030.gbk
2784 49.1 259736 263959 genome.dna 3278819 3275270 NC_003030.gbk
870 37.7 269046 267925 genome.dna 3056122 3055015 NC_003030.gbk
835 55.2 269828 269043 genome.dna 3056903 3056135 NC_003030.gbk
1255 46.7 280242 278956 genome.dna 1540434 1541685 NC_003030.gbk
609 45.8 281849 280260 genome.dna 1538695 1540195 NC_003030.gbk
837 58.3 292998 292333 genome.dna 3497517 3498201 NC_003030.gbk
876 53.4 293855 293088 genome.dna 3496695 3497505 NC_003030.gbk
818 40.5 301263 300298 genome.dna 3345072 3344106 NC_003030.gbk
1756 57.4 306633 305290 genome.dna 3772139 3770795 NC_003030.gbk
281 31.4 307112 306645 genome.dna 3773151 3772671 NC_003030.gbk
375 38.6 307589 307137 genome.dna 1029330 1029765 NC_003030.gbk
1249 58.1 313270 314313 genome.dna 1382051 1383059 NC_003030.gbk
351 42.2 315964 316557 genome.dna 1380717 1381317 NC_003030.gbk
634 31.0 316547 318016 genome.dna 1401340 1402786 NC_003030.gbk
953 35.2 321945 323390 genome.dna 1978562 1979942 NC_003030.gbk
916 34.4 329415 330869 genome.dna 3858979 3860428 NC_003030.gbk
677 36.7 334964 334107 genome.dna 587658 588543 NC_003030.gbk
682 30.8 337440 336007 genome.dna 818505 819900 NC_003030.gbk
1254 47.3 345980 347242 genome.dna 3735892 3734635 NC_003030.gbk
527 52.8 352201 352629 genome.dna 3251040 3250605 NC_003030.gbk
567 64.6 352645 353037 genome.dna 3250580 3250187 NC_003030.gbk
924 36.3 357036 355618 genome.dna 1823114 1824554 NC_003030.gbk
2655 45.6 361542 357046 genome.dna 1818578 1823102 NC_003030.gbk
750 38.9 362158 363087 genome.dna 3388538 3387563 NC_003030.gbk
551 36.9 372605 373492 genome.dna 360375 361224 NC_003030.gbk
546 35.4 374918 375703 genome.dna 978852 979620 NC_003030.gbk
632 36.2 386934 386071 genome.dna 3087196 3086341 NC_003030.gbk
296 34.0 389811 389332 genome.dna 264281 264725 NC_003030.gbk
1374 37.5 392535 394805 genome.dna 6782 9275 NC_003030.gbk
831 43.6 399153 398326 genome.dna 2075174 2074349 NC_003030.gbk
1339 53.6 400586 399423 genome.dna 3577703 3576542 NC_003030.gbk
789 45.5 401330 400590 genome.dna 833900 834641 NC_003030.gbk
1187 40.8 413001 411592 genome.dna 491936 493409 NC_003030.gbk
540 34.0 417112 416177 genome.dna 490985 491936 NC_003030.gbk
273 32.2 424707 424243 genome.dna 556582 557044 NC_003030.gbk
388 48.8 431880 431494 genome.dna 1408073 1408457 NC_003030.gbk
946 47.9 433394 432459 genome.dna 2767437 2766513 NC_003030.gbk
1335 58.4 435364 434357 genome.dna 369711 370713 NC_003030.gbk
403 41.9 436647 436144 genome.dna 3067491 3067020 NC_003030.gbk
918 44.0 460910 458055 genome.dna 2510811 2508165 NC_003030.gbk
1175 42.1 530287 528905 genome.dna 3327271 3325918 NC_003030.gbk
1633 52.0 533382 534971 genome.dna 732464 734045 NC_003030.gbk
702 34.6 599597 601615 genome.dna 3081518 3079331 NC_003030.gbk
1102 39.5 694412 693111 genome.dna 3695973 3694653 NC_003030.gbk
1439 46.7 695973 694534 genome.dna 308309 309707 NC_003030.gbk
265 46.9 697176 697469 genome.dna 2829032 2828744 NC_003030.gbk
2069 61.2 697515 699164 genome.dna 2828706 2827074 NC_003030.gbk
399 34.7 704061 704669 genome.dna 1983310 1983925 NC_003030.gbk
1686 51.4 715386 716795 genome.dna 799018 800422 NC_003030.gbk
1564 48.7 717006 718472 genome.dna 803137 804586 NC_003030.gbk
1986 57.5 718492 719982 genome.dna 804607 806086 NC_003030.gbk
996 47.7 727813 726815 genome.dna 1372918 1373914 NC_003030.gbk
924 30.1 755031 753277 genome.dna 1441800 1443591 NC_003030.gbk
218 58.6 755400 755185 genome.dna 1432366 1432543 NC_003030.gbk
840 40.4 755628 756641 genome.dna 1030543 1031566 NC_003030.gbk
278 38.8 761608 761919 genome.dna 1402914 1403226 NC_003030.gbk
338 66.7 761939 762196 genome.dna 1403606 1403909 NC_003030.gbk
1062 45.2 763509 764681 genome.dna 1404047 1405322 NC_003030.gbk
370 41.0 766454 766933 genome.dna 3343958 3343481 NC_003030.gbk
1943 49.7 768185 770122 genome.dna 3349642 3347833 NC_003030.gbk
764 43.4 770241 771074 genome.dna 3058859 3059666 NC_003030.gbk
1187 44.3 771082 772419 genome.dna 558866 560213 NC_003030.gbk
303 37.3 777307 777729 genome.dna 1948182 1948632 NC_003030.gbk
244 34.2 782083 782481 genome.dna 1952447 1952813 NC_003030.gbk
562 34.9 782481 783425 genome.dna 1953767 1954637 NC_003030.gbk
320 53.7 783547 783816 genome.dna 1955690 1955954 NC_003030.gbk
1960 46.0 784066 786186 genome.dna 1956209 1958321 NC_003030.gbk
1087 40.6 795852 797180 genome.dna 1689968 1691270 NC_003030.gbk
917 43.0 797270 798493 genome.dna 2169966 2168793 NC_003030.gbk
280 34.3 803045 802602 genome.dna 2970635 2971076 NC_003030.gbk
467 32.3 808581 807679 genome.dna 2503192 2504053 NC_003030.gbk
583 38.3 808710 809492 genome.dna 3102838 3102121 NC_003030.gbk
1138 34.3 809514 811193 genome.dna 3854799 3853107 NC_003030.gbk
277 37.2 818163 817798 genome.dna 2671448 2671094 NC_003030.gbk
1195 43.1 825685 824423 genome.dna 1671234 1672470 NC_003030.gbk
601 43.2 830229 830876 genome.dna 1086812 1087448 NC_003030.gbk
640 36.9 839867 840766 genome.dna 2170911 2170032 NC_003030.gbk
681 31.0 841615 843360 genome.dna 2326729 2324965 NC_003030.gbk
1543 47.8 844582 846099 genome.dna 3343466 3341918 NC_003030.gbk
1209 37.6 906748 905222 genome.dna 417266 415724 NC_003030.gbk
1437 51.1 909308 910588 genome.dna 2914618 2913334 NC_003030.gbk
426 45.6 927840 927358 genome.dna 830435 830903 NC_003030.gbk
656 31.1 933233 934465 genome.dna 730161 731415 NC_003030.gbk
177 31.0 937554 938135 genome.dna 2006250 2006769 NC_003030.gbk
1145 52.2 941591 942676 genome.dna 3387484 3386374 NC_003030.gbk
740 39.4 949769 948918 genome.dna 1550309 1551143 NC_003030.gbk
390 41.5 957261 956803 genome.dna 3013216 3012757 NC_003030.gbk
203 30.4 969365 968913 genome.dna 2957545 2957098 NC_003030.gbk
670 37.7 987143 988024 genome.dna 1072665 1073577 NC_003030.gbk
518 38.3 991470 992150 genome.dna 375645 376338 NC_003030.gbk
1797 51.0 995970 994243 genome.dna 3241070 3239450 NC_003030.gbk
231 41.2 996273 996016 genome.dna 1970791 1971052 NC_003030.gbk
1080 55.8 997695 996727 genome.dna 2330024 2329094 NC_003030.gbk
627 38.0 1100443 1101237 genome.dna 3140969 3141761 NC_003030.gbk
789 35.8 1125945 1124593 genome.dna 1162088 1163279 NC_003030.gbk
712 35.8 1129588 1128602 genome.dna 200977 201946 NC_003030.gbk
507 37.9 1134065 1134883 genome.dna 1040256 1039500 NC_003030.gbk
751 52.0 1154397 1155122 genome.dna 1937316 1938018 NC_003030.gbk
339 43.1 1155257 1156108 genome.dna 1938125 1939046 NC_003030.gbk
766 49.4 1156279 1157004 genome.dna 1939116 1939827 NC_003030.gbk
600 47.5 1157130 1157687 genome.dna 1939846 1940404 NC_003030.gbk
625 44.1 1157925 1159121 genome.dna 1944622 1945780 NC_003030.gbk
619 40.2 1159320 1160081 genome.dna 1940511 1941285 NC_003030.gbk
429 49.6 1166572 1167027 genome.dna 3772651 3772225 NC_003030.gbk
1815 37.4 1169670 1173152 genome.dna 592465 595969 NC_003030.gbk
897 52.9 1173165 1174124 genome.dna 3769895 3769070 NC_003030.gbk
473 54.3 1174256 1174645 genome.dna 279192 278811 NC_003030.gbk
1846 38.5 1180703 1178139 genome.dna 1991083 1988473 NC_003030.gbk
430 35.7 1221233 1222429 genome.dna 1472590 1471534 NC_003030.gbk
620 42.2 1260789 1261478 genome.dna 1850363 1851062 NC_003030.gbk
975 35.7 1265611 1266930 genome.dna 1752788 1751465 NC_003030.gbk
1010 46.0 1271755 1272822 genome.dna 2387299 2386273 NC_003030.gbk
1233 49.3 1272920 1274065 genome.dna 2386256 2385125 NC_003030.gbk
465 31.8 1276393 1277361 genome.dna 2381016 2380113 NC_003030.gbk
432 42.9 1278470 1278919 genome.dna 1848906 1849362 NC_003030.gbk
793 38.0 1278982 1280091 genome.dna 682525 683677 NC_003030.gbk
510 51.6 1280201 1280677 genome.dna 685587 686055 NC_003030.gbk
262 31.7 1280702 1281121 genome.dna 2185774 2185366 NC_003030.gbk
1752 43.6 1284598 1282733 genome.dna 2180941 2179081 NC_003030.gbk
592 37.7 1285528 1284617 genome.dna 2183053 2182183 NC_003030.gbk
360 35.8 1288101 1287511 genome.dna 1770983 1771550 NC_003030.gbk
607 30.7 1299536 1300840 genome.dna 2753265 2751969 NC_003030.gbk
925 70.7 1301367 1301990 genome.dna 2751846 2751264 NC_003030.gbk
1695 62.0 1302154 1303428 genome.dna 2750804 2749505 NC_003030.gbk
2398 47.2 1303620 1306001 genome.dna 2747587 2745250 NC_003030.gbk
272 50.0 1306200 1306472 genome.dna 3357067 3356791 NC_003030.gbk
795 54.2 1310544 1309849 genome.dna 3827728 3828397 NC_003030.gbk
1180 33.3 1312639 1314408 genome.dna 2885723 2887454 NC_003030.gbk
999 32.0 1314401 1316176 genome.dna 2887416 2889195 NC_003030.gbk
1077 42.5 1316909 1318201 genome.dna 789008 787790 NC_003030.gbk
554 49.4 1329655 1330212 genome.dna 2379031 2378512 NC_003030.gbk
255 37.6 1332403 1332732 genome.dna 138141 138480 NC_003030.gbk
552 46.0 1332732 1333337 genome.dna 138572 139169 NC_003030.gbk
1369 38.1 1333507 1335396 genome.dna 3488892 3487017 NC_003030.gbk
664 48.6 1335658 1336302 genome.dna 3259493 3258845 NC_003030.gbk
545 30.8 1350115 1351497 genome.dna 414915 413373 NC_003030.gbk
1811 37.8 1356196 1353473 genome.dna 3858414 3855957 NC_003030.gbk
732 40.1 1358126 1357212 genome.dna 1207015 1207984 NC_003030.gbk
1347 38.8 1363499 1366138 genome.dna 1768106 1770971 NC_003030.gbk
418 32.7 1381835 1382692 genome.dna 2836451 2835665 NC_003030.gbk
987 45.7 1402802 1401792 genome.dna 934634 935642 NC_003030.gbk
1067 44.1 1403920 1402802 genome.dna 937954 939040 NC_003030.gbk
174 44.0 1404198 1403920 genome.dna 934375 934591 NC_003030.gbk
1308 34.6 1422749 1425052 genome.dna 935666 937955 NC_003030.gbk
398 34.7 1426894 1426256 genome.dna 1538028 1538643 NC_003030.gbk
1062 47.7 1427931 1426894 genome.dna 1537042 1538041 NC_003030.gbk
756 53.1 1428285 1428911 genome.dna 3012758 3012128 NC_003030.gbk
1334 48.3 1429248 1430537 genome.dna 2206745 2205452 NC_003030.gbk
386 39.6 1433876 1433409 genome.dna 384803 385259 NC_003030.gbk
763 43.2 1434853 1435731 genome.dna 2487121 2488003 NC_003030.gbk
720 45.7 1436929 1437642 genome.dna 1534779 1535487 NC_003030.gbk
296 31.0 1437843 1438295 genome.dna 100674 101133 NC_003030.gbk
1494 59.5 1458435 1457257 genome.dna 3007141 3005962 NC_003030.gbk
272 63.9 1468125 1468334 genome.dna 3127358 3127556 NC_003030.gbk
740 34.4 1475506 1474394 genome.dna 1395590 1396712 NC_003030.gbk
304 31.1 1479078 1478437 genome.dna 1405646 1406249 NC_003030.gbk
1799 41.1 1483266 1480684 genome.dna 753750 751311 NC_003030.gbk
1160 41.0 1493774 1492350 genome.dna 1992439 1991113 NC_003030.gbk
587 32.1 1501778 1500630 genome.dna 214321 213175 NC_003030.gbk
562 36.4 1502595 1501795 genome.dna 213195 212469 NC_003030.gbk
306 36.0 1506798 1506349 genome.dna 1830846 1831302 NC_003030.gbk
673 42.9 1515559 1514879 genome.dna 3878725 3878026 NC_003030.gbk
1858 36.5 1518297 1515565 genome.dna 3881441 3878738 NC_003030.gbk
247 38.5 1519100 1518525 genome.dna 3882472 3881854 NC_003030.gbk
2293 55.5 1521264 1519120 genome.dna 3884547 3882489 NC_003030.gbk
1616 46.4 1522968 1521280 genome.dna 3886242 3884568 NC_003030.gbk
567 36.1 1557428 1558144 genome.dna 1629936 1630665 NC_003030.gbk
583 35.9 1558773 1559834 genome.dna 1175919 1175007 NC_003030.gbk
609 34.0 1561588 1560626 genome.dna 2649573 2648661 NC_003030.gbk
983 62.5 1563766 1563014 genome.dna 2869202 2869934 NC_003030.gbk
869 40.5 1573036 1572017 genome.dna 3093508 3094498 NC_003030.gbk
436 30.6 1616422 1617735 genome.dna 2271987 2270832 NC_003030.gbk
712 44.6 1635671 1634820 genome.dna 2419166 2418323 NC_003030.gbk
709 61.4 1636204 1635668 genome.dna 2439363 2438805 NC_003030.gbk
1238 62.5 1637078 1636206 genome.dna 2441424 2440557 NC_003030.gbk
1455 47.4 1647128 1648552 genome.dna 1250865 1252290 NC_003030.gbk
227 40.7 1651130 1650843 genome.dna 3578551 3578260 NC_003030.gbk
1505 52.8 1768623 1769945 genome.dna 1931436 1932735 NC_003030.gbk
752 46.8 1778827 1779630 genome.dna 117423 118263 NC_003030.gbk
144 30.3 1924289 1923957 genome.dna 567406 567775 NC_003030.gbk
1128 54.2 1932575 1933540 genome.dna 2913190 2912257 NC_003030.gbk
1034 33.2 1937404 1939404 genome.dna 128491 130441 NC_003030.gbk
342 35.4 1939436 1939933 genome.dna 130494 131001 NC_003030.gbk
423 32.8 1942291 1943163 genome.dna 132668 133481 NC_003030.gbk
748 36.4 1943163 1944215 genome.dna 2313657 2312619 NC_003030.gbk
1684 40.1 1946687 1948771 genome.dna 2240604 2238531 NC_003030.gbk
254 41.3 1951419 1951823 genome.dna 2254651 2254219 NC_003030.gbk
528 34.7 1954611 1955393 genome.dna 2233621 2232850 NC_003030.gbk
212 35.6 1962586 1962317 genome.dna 2242722 2242452 NC_003030.gbk
714 48.0 1963383 1962607 genome.dna 2243513 2242727 NC_003030.gbk
1271 48.4 1968985 1967612 genome.dna 2250460 2249143 NC_003030.gbk
700 35.7 1970689 1969697 genome.dna 2252214 2251197 NC_003030.gbk
191 35.5 1974025 1973615 genome.dna 2300578 2300197 NC_003030.gbk
533 47.6 1975728 1976600 genome.dna 2297733 2296905 NC_003030.gbk
859 41.8 1980555 1981667 genome.dna 2461342 2460247 NC_003030.gbk
426 33.5 1986118 1986840 genome.dna 2235810 2235084 NC_003030.gbk
1009 68.2 1990078 1989440 genome.dna 2710285 2709643 NC_003030.gbk
493 53.9 2008746 2008288 genome.dna 1747871 1748321 NC_003030.gbk
164 33.3 2010635 2010913 genome.dna 2960857 2960581 NC_003030.gbk
363 41.2 2016186 2015680 genome.dna 2448628 2448175 NC_003030.gbk
529 36.6 2028974 2027880 genome.dna 3377588 3378608 NC_003030.gbk
634 37.3 2041077 2042123 genome.dna 1893407 1894403 NC_003030.gbk
947 45.3 2042130 2043083 genome.dna 3778392 3777414 NC_003030.gbk
792 41.4 2043101 2044030 genome.dna 3776138 3775211 NC_003030.gbk
775 49.8 2044045 2044779 genome.dna 3775202 3774452 NC_003030.gbk
293 56.0 2044934 2045170 genome.dna 1894509 1894743 NC_003030.gbk
1322 47.9 2045253 2046494 genome.dna 3774425 3773189 NC_003030.gbk
516 33.2 2050132 2050929 genome.dna 3126890 3126128 NC_003030.gbk
333 42.5 2055442 2055792 genome.dna 1431874 1432219 NC_003030.gbk
2082 35.8 2070405 2066956 genome.dna 3365780 3362264 NC_003030.gbk
676 45.4 2071740 2072447 genome.dna 276620 277337 NC_003030.gbk
506 43.2 2079241 2079792 genome.dna 1692738 1693284 NC_003030.gbk
759 31.5 2083361 2081520 genome.dna 3804927 3806646 NC_003030.gbk
1821 62.8 2086038 2087372 genome.dna 3806753 3808070 NC_003030.gbk
2314 75.7 2095149 2093827 genome.dna 617071 618397 NC_003030.gbk
1999 55.3 2096741 2095152 genome.dna 615398 616994 NC_003030.gbk
894 33.8 2112831 2114330 genome.dna 3450668 3452069 NC_003030.gbk
774 45.6 2114428 2115174 genome.dna 3449909 3450656 NC_003030.gbk
1252 47.9 2116495 2117718 genome.dna 3453180 3454407 NC_003030.gbk
1496 49.3 2121733 2120321 genome.dna 597274 598696 NC_003030.gbk
816 42.2 2122379 2123242 genome.dna 488037 488886 NC_003030.gbk
1048 45.2 2123556 2125457 genome.dna 1551306 1553193 NC_003030.gbk
2055 64.1 2125493 2126887 genome.dna 862626 864042 NC_003030.gbk
379 35.5 2181519 2182154 genome.dna 683683 684325 NC_003030.gbk
677 35.3 2183367 2182216 genome.dna 1006789 1007965 NC_003030.gbk
668 37.4 2184700 2183675 genome.dna 3184710 3183705 NC_003030.gbk
995 39.9 2192856 2194133 genome.dna 741073 742297 NC_003030.gbk
1044 37.0 2206441 2207994 genome.dna 812160 813705 NC_003030.gbk
973 67.1 2218378 2219073 genome.dna 1480332 1481034 NC_003030.gbk
1435 48.7 2221311 2219248 genome.dna 1813598 1811819 NC_003030.gbk
1307 62.9 2222606 2221689 genome.dna 3556031 3555110 NC_003030.gbk
733 34.6 2237016 2237987 genome.dna 2893666 2894650 NC_003030.gbk
358 39.6 2258625 2258122 genome.dna 3474944 3474449 NC_003030.gbk
647 33.8 2267632 2266640 genome.dna 2813990 2814971 NC_003030.gbk
347 34.5 2275290 2274685 genome.dna 3607722 3607119 NC_003030.gbk
444 35.4 2306210 2305560 genome.dna 3617121 3616467 NC_003030.gbk
1157 41.5 2336995 2338260 genome.dna 1571710 1573048 NC_003030.gbk
1169 47.8 2463282 2462086 genome.dna 1064271 1065420 NC_003030.gbk
2102 63.6 2470978 2472408 genome.dna 1553255 1554689 NC_003030.gbk
758 35.2 2475462 2474317 genome.dna 876425 877517 NC_003030.gbk
813 46.7 2476352 2475468 genome.dna 875625 876423 NC_003030.gbk
1275 53.3 2487322 2486231 genome.dna 2225014 2226112 NC_003030.gbk
388 34.0 2488039 2487452 genome.dna 3366363 3365799 NC_003030.gbk
1087 53.2 2489732 2488785 genome.dna 3371290 3370330 NC_003030.gbk
346 30.9 2490742 2489870 genome.dna 3036404 3035561 NC_003030.gbk
1225 49.9 2492889 2493971 genome.dna 3016551 3015471 NC_003030.gbk
471 34.8 2493971 2494816 genome.dna 3017490 3016632 NC_003030.gbk
1707 49.6 2578455 2579960 genome.dna 1488573 1490040 NC_003030.gbk
561 42.4 2585970 2586605 genome.dna 795265 795901 NC_003030.gbk
678 38.8 2593132 2590532 genome.dna 1934131 1936225 NC_003030.gbk
445 37.3 2597527 2596643 genome.dna 2004439 2003728 NC_003030.gbk
713 34.4 2605113 2606180 genome.dna 3296457 3295461 NC_003030.gbk
1454 55.4 2607572 2608762 genome.dna 3294054 3292869 NC_003030.gbk
459 31.0 2608762 2609568 genome.dna 3292880 3292088 NC_003030.gbk
1131 52.9 2627092 2626058 genome.dna 3837370 3836317 NC_003030.gbk
1133 53.9 2628084 2627089 genome.dna 3844481 3843458 NC_003030.gbk
899 44.4 2629004 2628096 genome.dna 3845418 3844491 NC_003030.gbk
894 42.5 2629936 2629016 genome.dna 3840175 3839254 NC_003030.gbk
611 32.5 2631627 2629990 genome.dna 3834106 3832408 NC_003030.gbk
236 30.3 2637907 2637311 genome.dna 3019034 3018446 NC_003030.gbk
814 45.5 2639766 2638855 genome.dna 2443374 2442462 NC_003030.gbk
718 35.5 2648577 2646652 genome.dna 3768803 3766673 NC_003030.gbk
1043 48.9 2654735 2655739 genome.dna 821220 822225 NC_003030.gbk
1111 32.3 2658991 2660925 genome.dna 671507 673448 NC_003030.gbk
681 35.8 2670474 2672015 genome.dna 674624 676007 NC_003030.gbk
551 46.7 2679167 2679979 genome.dna 1394372 1395164 NC_003030.gbk
272 65.6 2702947 2702738 genome.dna 3127358 3127556 NC_003030.gbk
326 31.4 2709729 2710394 genome.dna 985094 985733 NC_003030.gbk
291 42.3 2710820 2710485 genome.dna 3553966 3553621 NC_003030.gbk
837 52.2 2712101 2712862 genome.dna 421025 421808 NC_003030.gbk
1678 43.3 2726216 2727934 genome.dna 1754983 1756723 NC_003030.gbk
1468 32.3 2731236 2728849 genome.dna 2468046 2465667 NC_003030.gbk
815 48.7 2732234 2731251 genome.dna 2469087 2468067 NC_003030.gbk
451 61.4 2732903 2732547 genome.dna 2470633 2470273 NC_003030.gbk
195 54.7 2733144 2732947 genome.dna 2470860 2470662 NC_003030.gbk
542 47.6 2733782 2733240 genome.dna 2471408 2470880 NC_003030.gbk
2119 46.6 2735713 2733785 genome.dna 2473509 2471595 NC_003030.gbk
447 32.3 2746160 2745411 genome.dna 1814009 1814771 NC_003030.gbk
842 39.8 2757088 2758194 genome.dna 2327846 2326778 NC_003030.gbk
1459 53.8 2765355 2764123 genome.dna 549509 550736 NC_003030.gbk
974 50.0 2765687 2766838 genome.dna 971072 970013 NC_003030.gbk
708 36.7 2766822 2767682 genome.dna 970027 969193 NC_003030.gbk
619 35.4 2767679 2768455 genome.dna 969200 968417 NC_003030.gbk
773 35.8 2768546 2769589 genome.dna 968421 967356 NC_003030.gbk
451 43.6 2777056 2776550 genome.dna 2203496 2202995 NC_003030.gbk
350 34.6 2788070 2787564 genome.dna 973951 973438 NC_003030.gbk
417 31.8 2795320 2796189 genome.dna 216116 216968 NC_003030.gbk
1331 59.9 2809298 2808294 genome.dna 2388385 2387335 NC_003030.gbk
336 30.3 2809923 2809306 genome.dna 2389003 2388397 NC_003030.gbk
712 44.1 2811487 2810744 genome.dna 2398820 2398079 NC_003030.gbk
1901 47.8 2813755 2811956 genome.dna 2373519 2371731 NC_003030.gbk
674 33.1 2835515 2837245 genome.dna 1191580 1193272 NC_003030.gbk
651 38.9 2845770 2845033 genome.dna 585798 586533 NC_003030.gbk
1751 56.2 2864092 2865492 genome.dna 3411437 3410045 NC_003030.gbk
296 37.8 2869134 2868487 genome.dna 2375685 2375085 NC_003030.gbk
280 33.6 2883083 2881677 genome.dna 3564866 3566105 NC_003030.gbk
676 64.2 2890358 2889900 genome.dna 3726661 3726187 NC_003030.gbk
960 38.6 2917289 2918617 genome.dna 1078265 1079561 NC_003030.gbk
436 36.8 2920770 2921360 genome.dna 1080181 1080793 NC_003030.gbk
469 31.7 2921367 2922104 genome.dna 1080794 1081514 NC_003030.gbk
738 45.1 2922086 2922862 genome.dna 1081519 1082281 NC_003030.gbk
466 36.8 2926492 2925815 genome.dna 2001249 2000595 NC_003030.gbk
711 30.5 2928002 2926713 genome.dna 1025385 1026672 NC_003030.gbk
3013 59.5 2932697 2934979 genome.dna 1127584 1129816 NC_003030.gbk
713 44.4 2966712 2967509 genome.dna 1129826 1130540 NC_003030.gbk
1311 47.3 2975613 2974318 genome.dna 30669 31944 NC_003030.gbk
1244 45.9 2977060 2975717 genome.dna 384661 383329 NC_003030.gbk
250 34.5 2981911 2981417 genome.dna 1616960 1617410 NC_003030.gbk
343 69.4 2988043 2988261 genome.dna 3257794 3257575 NC_003030.gbk
2254 47.4 2992855 2990582 genome.dna 1974038 1976291 NC_003030.gbk
236 41.4 2993205 2992885 genome.dna 1973729 1974035 NC_003030.gbk
255 64.4 2993630 2993851 genome.dna 933944 934142 NC_003030.gbk
1237 40.1 2997034 2998686 genome.dna 2881135 2879542 NC_003030.gbk
662 48.1 3019705 3020373 genome.dna 1689275 1689923 NC_003030.gbk
592 31.6 3022380 3021175 genome.dna 2167849 2166634 NC_003030.gbk
928 35.4 3042056 3043384 genome.dna 1963080 1964418 NC_003030.gbk
367 37.8 3046334 3045672 genome.dna 3827116 3827704 NC_003030.gbk
631 36.1 3058890 3057901 genome.dna 3078770 3077795 NC_003030.gbk
1816 53.4 3063296 3061821 genome.dna 3521583 3520107 NC_003030.gbk
1514 51.0 3068393 3066702 genome.dna 264791 266168 NC_003030.gbk
550 34.2 3069350 3068412 genome.dna 263347 264277 NC_003030.gbk
473 36.7 3084419 3083724 genome.dna 2795452 2794723 NC_003030.gbk
995 48.0 3137830 3136895 genome.dna 3521704 3522649 NC_003030.gbk
462 38.4 3140808 3141479 genome.dna 1721582 1722209 NC_003030.gbk
807 46.6 3148240 3147401 genome.dna 913738 912943 NC_003030.gbk
744 37.8 3149284 3148253 genome.dna 910936 909925 NC_003030.gbk
679 33.0 3150266 3149277 genome.dna 911937 910932 NC_003030.gbk
630 44.5 3154559 3153852 genome.dna 2961112 2961808 NC_003030.gbk
490 49.4 3155863 3155369 genome.dna 2104672 2104186 NC_003030.gbk
598 31.9 3157424 3156435 genome.dna 2105639 2104682 NC_003030.gbk
2484 57.1 3161386 3159374 genome.dna 575259 577260 NC_003030.gbk
560 31.8 3166099 3165062 genome.dna 236386 235399 NC_003030.gbk
876 33.0 3166195 3167499 genome.dna 1507062 1508406 NC_003030.gbk
523 39.6 3169188 3169883 genome.dna 716039 715334 NC_003030.gbk
1482 40.8 3171157 3172854 genome.dna 1733925 1732293 NC_003030.gbk
542 30.2 3178804 3180039 genome.dna 2135541 2134317 NC_003030.gbk
750 51.5 3180901 3181500 genome.dna 3486793 3486196 NC_003030.gbk
1141 34.2 3230474 3228642 genome.dna 583922 585794 NC_003030.gbk
373 33.0 3231123 3230467 genome.dna 994812 995469 NC_003030.gbk
1739 55.0 3233243 3234655 genome.dna 1621743 1620375 NC_003030.gbk
507 39.7 3278435 3279220 genome.dna 3130705 3129916 NC_003030.gbk
1119 40.3 3301696 3300248 genome.dna 285590 287186 NC_003030.gbk
1229 65.7 3302638 3301757 genome.dna 283891 284710 NC_003030.gbk
5482 68.5 3303128 3306640 genome.dna 2322776 2319260 NC_003030.gbk
709 36.6 3312061 3311105 genome.dna 2484744 2483790 NC_003030.gbk
244 42.9 3332182 3332514 genome.dna 3868244 3867920 NC_003030.gbk
1638 46.0 3364676 3363084 genome.dna 3081835 3083419 NC_003030.gbk
412 30.0 3364794 3365690 genome.dna 3642559 3641650 NC_003030.gbk
1102 44.7 3395711 3396913 genome.dna 1891301 1892507 NC_003030.gbk
633 51.8 3401548 3400997 genome.dna 2878797 2879340 NC_003030.gbk
685 40.7 3409858 3408341 genome.dna 1535591 1537019 NC_003030.gbk
868 49.4 3413548 3412631 genome.dna 3770769 3769911 NC_003030.gbk
488 32.4 3415469 3414618 genome.dna 3251928 3251193 NC_003030.gbk
624 41.4 3427528 3426443 genome.dna 1026649 1027720 NC_003030.gbk
904 41.8 3455799 3454780 genome.dna 2103703 2102641 NC_003030.gbk
1095 40.5 3468186 3466690 genome.dna 2199793 2198317 NC_003030.gbk
540 33.0 3473117 3471138 genome.dna 3890561 3888956 NC_003030.gbk
707 31.1 3477877 3476636 genome.dna 1864791 1865946 NC_003030.gbk
407 30.7 3479267 3480127 genome.dna 914048 914891 NC_003030.gbk
533 34.5 3512886 3511738 genome.dna 2358556 2359741 NC_003030.gbk
705 40.9 3516455 3517318 genome.dna 2185342 2184505 NC_003030.gbk
138 42.1 3517351 3517563 genome.dna 3194 3401 NC_003030.gbk
1324 45.6 3519048 3517663 genome.dna 3314230 3312835 NC_003030.gbk
428 44.7 3521609 3522118 genome.dna 1534298 1534778 NC_003030.gbk
986 58.7 3527868 3527053 genome.dna 1856767 1857517 NC_003030.gbk
1303 36.0 3531913 3533985 genome.dna 723475 725524 NC_003030.gbk
436 47.9 3537641 3537204 genome.dna 1714645 1714213 NC_003030.gbk
927 39.3 3540580 3539417 genome.dna 3092318 3093488 NC_003030.gbk
705 53.4 3570531 3571184 genome.dna 899443 900076 NC_003030.gbk
679 36.5 3573115 3574479 genome.dna 1836751 1837972 NC_003030.gbk
617 40.1 3577570 3576767 genome.dna 3249024 3248226 NC_003030.gbk
398 32.8 3578361 3577567 genome.dna 3249868 3249046 NC_003030.gbk
1791 50.3 3590632 3589055 genome.dna 2823123 2821590 NC_003030.gbk
1708 53.7 3592205 3590739 genome.dna 2824725 2823267 NC_003030.gbk
864 34.2 3592378 3593766 genome.dna 2184504 2183304 NC_003030.gbk
680 37.6 3599984 3598497 genome.dna 1859700 1861017 NC_003030.gbk
1122 49.6 3604488 3603367 genome.dna 1946832 1947882 NC_003030.gbk
605 34.7 3607701 3606505 genome.dna 1874989 1876027 NC_003030.gbk
1009 42.9 3621177 3619963 genome.dna 2328993 2327862 NC_003030.gbk
378 40.9 3621953 3621459 genome.dna 1824703 1825123 NC_003030.gbk
1569 56.7 3635387 3634134 genome.dna 2369397 2368161 NC_003030.gbk
384 51.8 3640872 3640534 genome.dna 787661 787295 NC_003030.gbk
358 41.1 3651787 3651263 genome.dna 134202 134646 NC_003030.gbk
882 48.2 3653449 3652523 genome.dna 198165 199074 NC_003030.gbk
256 33.3 3680225 3679845 genome.dna 563155 563530 NC_003030.gbk
772 40.0 3682691 3681786 genome.dna 1438022 1438913 NC_003030.gbk
453 36.0 3683368 3682688 genome.dna 1894869 1895562 NC_003030.gbk
2240 54.3 3686442 3684643 genome.dna 1420595 1422404 NC_003030.gbk
302 30.4 3689432 3688857 genome.dna 3416282 3415709 NC_003030.gbk
779 37.3 3698228 3696813 genome.dna 1138618 1137160 NC_003030.gbk
460 32.9 3711890 3712588 genome.dna 2210412 2209719 NC_003030.gbk
1405 48.6 3714803 3716083 genome.dna 108016 109285 NC_003030.gbk
334 30.8 3728155 3728859 genome.dna 149488 150181 NC_003030.gbk
743 44.5 3732844 3733638 genome.dna 3049394 3050225 NC_003030.gbk
754 43.5 3733793 3734647 genome.dna 3050243 3051089 NC_003030.gbk
402 54.5 3734665 3735045 genome.dna 3051110 3051494 NC_003030.gbk
556 34.8 3736813 3735875 genome.dna 3065452 3064513 NC_003030.gbk
620 50.6 3738313 3737777 genome.dna 3350266 3349729 NC_003030.gbk
684 37.8 3742499 3743362 genome.dna 2706719 2707580 NC_003030.gbk
1205 67.2 3743408 3744202 genome.dna 2705876 2706701 NC_003030.gbk
2934 51.8 3762599 3760023 genome.dna 1097624 1100222 NC_003030.gbk
672 41.7 3764478 3763501 genome.dna 2208478 2207560 NC_003030.gbk
411 54.5 3773009 3772662 genome.dna 1905484 1905829 NC_003030.gbk
764 47.3 3773827 3773072 genome.dna 1904628 1905357 NC_003030.gbk
244 48.0 3774681 3774433 genome.dna 1903522 1903768 NC_003030.gbk
1348 45.8 3776200 3774839 genome.dna 1902135 1903485 NC_003030.gbk
234 37.1 3777786 3777271 genome.dna 3073768 3074245 NC_003030.gbk
935 35.6 3779493 3777940 genome.dna 1683617 1685063 NC_003030.gbk
1522 41.5 3784972 3782345 genome.dna 1827027 1829673 NC_003030.gbk
1445 63.9 3786717 3785644 genome.dna 1965170 1966220 NC_003030.gbk
231 49.3 3822094 3821846 genome.dna 2141023 2140780 NC_003030.gbk
1237 45.9 3882715 3881462 genome.dna 3406103 3407360 NC_003030.gbk
480 40.7 3893814 3893233 genome.dna 3204689 3204098 NC_003030.gbk
439 31.8 3909216 3909983 genome.dna 1809085 1809868 NC_003030.gbk
781 33.5 3921930 3923132 genome.dna 2984327 2983193 NC_003030.gbk
949 38.4 3928680 3929900 genome.dna 3681228 3682413 NC_003030.gbk
455 40.8 3952181 3951618 genome.dna 3204106 3203560 NC_003030.gbk
839 45.5 3952362 3953393 genome.dna 1131719 1132682 NC_003030.gbk
623 40.8 3953386 3954039 genome.dna 1132681 1133338 NC_003030.gbk
618 42.2 3954101 3954916 genome.dna 1133360 1134179 NC_003030.gbk
1786 48.9 3956293 3958011 genome.dna 3315980 3314267 NC_003030.gbk
571 53.5 3963052 3962555 genome.dna 502709 502241 NC_003030.gbk
973 60.7 3966155 3966877 genome.dna 123224 123962 NC_003030.gbk
693 52.8 3967961 3967344 genome.dna 113742 114345 NC_003030.gbk
836 34.1 3969453 3967963 genome.dna 119798 121367 NC_003030.gbk
658 43.2 3970373 3969465 genome.dna 118984 119785 NC_003030.gbk
593 31.2 3997815 3996793 genome.dna 2101842 2100774 NC_003030.gbk
1635 61.2 4001743 4000448 genome.dna 826336 827632 NC_003030.gbk
1744 57.1 4003479 4001842 genome.dna 3027364 3025756 NC_003030.gbk
1376 37.8 4007080 4004843 genome.dna 2378378 2376155 NC_003030.gbk
1315 52.3 4012636 4011491 genome.dna 2965464 2964321 NC_003030.gbk
654 39.9 4013697 4012813 genome.dna 3514814 3515693 NC_003030.gbk
1324 40.7 4027241 4025196 genome.dna 2791561 2789551 NC_003030.gbk
622 41.2 4036522 4035704 genome.dna 575047 574222 NC_003030.gbk
281 34.0 4037132 4037767 genome.dna 2610604 2610007 NC_003030.gbk
351 34.1 4056533 4057198 genome.dna 81019 81739 NC_003030.gbk
255 32.9 4059979 4059527 genome.dna 3923793 3923349 NC_003030.gbk
630 40.6 4064375 4065496 genome.dna 3560776 3561814 NC_003030.gbk
413 40.1 4065493 4066116 genome.dna 3561816 3562431 NC_003030.gbk
565 35.8 4068636 4067902 genome.dna 3290138 3289379 NC_003030.gbk
1664 38.2 4071195 4068739 genome.dna 828111 830304 NC_003030.gbk
905 46.7 4076878 4075862 genome.dna 1840774 1841833 NC_003030.gbk
516 33.1 4077711 4078532 genome.dna 3405072 3404259 NC_003030.gbk
525 44.7 4079441 4080034 genome.dna 2782180 2781574 NC_003030.gbk
605 35.0 4080027 4081166 genome.dna 1422562 1423687 NC_003030.gbk
868 31.3 4090959 4092614 genome.dna 131001 132669 NC_003030.gbk
670 30.8 4097614 4096277 genome.dna 449794 451147 NC_003030.gbk
1288 46.5 4114440 4115846 genome.dna 3921414 3920085 NC_003030.gbk
529 31.0 4115888 4116970 genome.dna 565848 567009 NC_003030.gbk
244 38.5 4137049 4136630 genome.dna 1039064 1039463 NC_003030.gbk
3529 54.6 4139901 4137067 genome.dna 577259 580079 NC_003030.gbk
483 33.5 4217612 4218277 genome.dna 1490212 1490860 NC_003030.gbk
842 31.9 4239710 4241143 genome.dna 3646256 3647633 NC_003030.gbk
1420 63.2 4241118 4242077 genome.dna 1670229 1671213 NC_003030.gbk
662 45.3 4244964 4245854 genome.dna 1173715 1172875 NC_003030.gbk
546 32.4 4250428 4249388 genome.dna 3671272 3672256 NC_003030.gbk
311 30.9 4250722 4251348 genome.dna 1269004 1269610 NC_003030.gbk
235 32.5 4252799 4252404 genome.dna 2959749 2959362 NC_003030.gbk
937 48.9 4255592 4252890 genome.dna 2980393 2977873 NC_003030.gbk
1118 50.4 4258960 4257809 genome.dna 1844676 1845798 NC_003030.gbk
603 35.5 4262088 4261168 genome.dna 3029419 3028387 NC_003030.gbk
752 36.3 4263557 4262097 genome.dna 3374441 3375818 NC_003030.gbk
691 33.5 4265910 4264708 genome.dna 2216615 2215499 NC_003030.gbk
466 39.6 4268312 4267230 genome.dna 2217592 2216638 NC_003030.gbk
714 34.5 4269667 4268306 genome.dna 2218952 2217593 NC_003030.gbk
949 35.9 4271151 4269664 genome.dna 2220410 2218961 NC_003030.gbk
768 41.2 4274186 4273242 genome.dna 2224361 2223422 NC_003030.gbk
289 31.7 4274647 4274189 genome.dna 2224804 2224375 NC_003030.gbk
402 43.1 4277861 4277370 genome.dna 3312616 3312118 NC_003030.gbk
1293 54.2 4283764 4284855 genome.dna 3307774 3306700 NC_003030.gbk
405 32.6 4284858 4286258 genome.dna 3309567 3308298 NC_003030.gbk
547 35.9 4319027 4319845 genome.dna 3124025 3123194 NC_003030.gbk
330 38.4 4323873 4323391 genome.dna 3141760 3142222 NC_003030.gbk
3158 46.8 4330684 4327460 genome.dna 2758316 2755118 NC_003030.gbk
403 42.8 4331847 4330699 genome.dna 2759485 2758429 NC_003030.gbk
477 32.1 4333114 4332293 genome.dna 2488017 2488770 NC_003030.gbk
255 30.0 4335368 4334856 genome.dna 2208929 2208464 NC_003030.gbk
517 33.5 4339154 4338213 genome.dna 1954648 1955560 NC_003030.gbk
219 44.2 4339580 4339843 genome.dna 1417655 1417388 NC_003030.gbk
1244 48.3 4343498 4342359 genome.dna 1427520 1428645 NC_003030.gbk
2041 57.4 4345514 4343607 genome.dna 1425547 1427395 NC_003030.gbk
252 30.2 4353827 4352538 genome.dna 1145060 1146551 NC_003030.gbk
267 33.3 4362071 4361421 genome.dna 3164044 3163384 NC_003030.gbk
1204 38.1 4365488 4367155 genome.dna 3151846 3153745 NC_003030.gbk
307 31.3 4376373 4375759 genome.dna 2699546 2700164 NC_003030.gbk
1072 44.7 4379941 4378778 genome.dna 822355 823549 NC_003030.gbk
2196 50.6 4383337 4381343 genome.dna 1083056 1085045 NC_003030.gbk
1093 57.7 4388480 4389631 genome.dna 2991229 2990053 NC_003030.gbk
409 32.5 4391555 4392289 genome.dna 1429763 1430516 NC_003030.gbk
1390 49.5 4398393 4397095 genome.dna 3796517 3795230 NC_003030.gbk
619 35.7 4403893 4402952 genome.dna 1986563 1985633 NC_003030.gbk
279 34.8 4408042 4407560 genome.dna 2969474 2969933 NC_003030.gbk
496 41.8 4448185 4447619 genome.dna 2192366 2191805 NC_003030.gbk
4149 53.0 4464530 4460847 genome.dna 671176 667537 NC_003030.gbk
1010 47.5 4471827 4470898 genome.dna 1976570 1977476 NC_003030.gbk
376 37.9 4477982 4478530 genome.dna 1203187 1203694 NC_003030.gbk
522 32.7 4482321 4481200 genome.dna 1933036 1934101 NC_003030.gbk
409 44.6 4482450 4482959 genome.dna 1871548 1872001 NC_003030.gbk
695 38.6 4482986 4483933 genome.dna 1872001 1872934 NC_003030.gbk
311 43.8 4488068 4487676 genome.dna 3254856 3254511 NC_003030.gbk
840 44.5 4489098 4488109 genome.dna 3255825 3254877 NC_003030.gbk
643 49.8 4489744 4489124 genome.dna 3256509 3255888 NC_003030.gbk
548 63.6 4490164 4489775 genome.dna 3256932 3256536 NC_003030.gbk
458 58.1 4490537 4490181 genome.dna 3257332 3256960 NC_003030.gbk
169 63.2 4490800 4490684 genome.dna 3257560 3257446 NC_003030.gbk
982 36.9 4492165 4490834 genome.dna 3260798 3259514 NC_003030.gbk
439 48.6 4492607 4492173 genome.dna 3261239 3260798 NC_003030.gbk
181 51.9 4492790 4492611 genome.dna 3261436 3261262 NC_003030.gbk
574 54.0 4493297 4492797 genome.dna 3261946 3261448 NC_003030.gbk
324 46.6 4493665 4493312 genome.dna 3262324 3261970 NC_003030.gbk
569 48.3 4494208 4493675 genome.dna 3262885 3262345 NC_003030.gbk
488 55.7 4494614 4494222 genome.dna 3263310 3262911 NC_003030.gbk
741 56.0 4495506 4494967 genome.dna 3264085 3263542 NC_003030.gbk
209 37.7 4495835 4495521 genome.dna 3264428 3264107 NC_003030.gbk
520 63.4 4496217 4495846 genome.dna 3264813 3264444 NC_003030.gbk
305 59.7 4496635 4496381 genome.dna 3265093 3264838 NC_003030.gbk
182 50.0 4496826 4496635 genome.dna 3265319 3265115 NC_003030.gbk
532 58.2 4497236 4496826 genome.dna 3265752 3265308 NC_003030.gbk
804 54.3 4497950 4497249 genome.dna 3266438 3265769 NC_003030.gbk
329 49.1 4498300 4497968 genome.dna 3266790 3266454 NC_003030.gbk
389 62.5 4498593 4498315 genome.dna 3267094 3266812 NC_003030.gbk
1027 55.8 4499431 4498610 genome.dna 3267996 3267162 NC_003030.gbk
205 40.9 4499751 4499449 genome.dna 3268346 3268049 NC_003030.gbk
534 42.1 4500353 4499748 genome.dna 3268966 3268345 NC_003030.gbk
615 46.4 4500993 4500364 genome.dna 3269620 3268990 NC_003030.gbk
470 68.6 4501337 4501026 genome.dna 3269991 3269682 NC_003030.gbk
2456 60.7 4505956 4503842 genome.dna 3273586 3271522 NC_003030.gbk
622 57.1 4506523 4506053 genome.dna 3274228 3273757 NC_003030.gbk
643 78.9 4506994 4506620 genome.dna 3274791 3274413 NC_003030.gbk
497 41.4 4510929 4511597 genome.dna 758944 759610 NC_003030.gbk
1098 45.4 4531124 4529898 genome.dna 2496200 2495036 NC_003030.gbk
664 49.7 4531820 4531245 genome.dna 3297025 3296437 NC_003030.gbk
347 40.9 4539402 4538833 genome.dna 2901484 2900959 NC_003030.gbk
885 54.9 4553293 4554057 genome.dna 3498214 3498958 NC_003030.gbk
1239 55.0 4557783 4556779 genome.dna 728416 729448 NC_003030.gbk
638 43.0 4559154 4558477 genome.dna 1879618 1880269 NC_003030.gbk
773 38.5 4562421 4561336 genome.dna 1024300 1025371 NC_003030.gbk
277 35.0 4562994 4562473 genome.dna 1028833 1029331 NC_003030.gbk
248 33.3 4592217 4591738 genome.dna 2081989 2081512 NC_003030.gbk
2020 46.5 4597892 4600225 genome.dna 2974132 2971975 NC_003030.gbk
571 34.3 4603858 4604907 genome.dna 1863684 1864680 NC_003030.gbk
418 31.2 4620311 4619553 genome.dna 124088 124850 NC_003030.gbk
373 46.7 4621743 4622156 genome.dna 2581511 2581910 NC_003030.gbk
2238 41.8 4632742 4630295 genome.dna 1808874 1806435 NC_003030.gbk
989 36.6 4634257 4632818 genome.dna 2333196 2334630 NC_003030.gbk
721 42.4 4635563 4634286 genome.dna 2330845 2331988 NC_003030.gbk
514 31.2 4648692 4650488 genome.dna 206068 207631 NC_003030.gbk
470 32.9 4660732 4659695 genome.dna 2341606 2340514 NC_003030.gbk
1558 40.1 4664050 4662224 genome.dna 2808657 2810802 NC_003030.gbk
1502 37.4 4672431 4670269 genome.dna 2793864 2791593 NC_003030.gbk
655 41.4 4680620 4681561 genome.dna 105679 106555 NC_003030.gbk
918 57.4 4687311 4686550 genome.dna 1008917 1009649 NC_003030.gbk
665 43.6 4687992 4687321 genome.dna 1008239 1008905 NC_003030.gbk
500 34.1 4688923 4688132 genome.dna 1009662 1010481 NC_003030.gbk
2131 66.9 4694568 4693180 genome.dna 840889 842272 NC_003030.gbk
1158 50.1 4702353 4701286 genome.dna 2440515 2439459 NC_003030.gbk
703 33.5 4703612 4702350 genome.dna 3481257 3479943 NC_003030.gbk
1356 56.7 4704862 4703738 genome.dna 3008625 3007467 NC_003030.gbk
315 46.5 4709479 4709153 genome.dna 1691466 1691784 NC_003030.gbk
615 44.5 4729969 4728119 genome.dna 3306654 3304995 NC_003030.gbk
251 32.2 4730969 4730043 genome.dna 1627444 1626418 NC_003030.gbk
1574 43.4 4732978 4731332 genome.dna 3304990 3303325 NC_003030.gbk
1268 42.5 4733613 4735139 genome.dna 1910863 1909342 NC_003030.gbk
409 30.9 4741131 4740175 genome.dna 1495884 1494924 NC_003030.gbk
1034 42.6 4766891 4765731 genome.dna 453740 454895 NC_003030.gbk
234 43.7 4770684 4770469 genome.dna 3019234 3019447 NC_003030.gbk
1243 32.1 4770998 4773196 genome.dna 1869328 1871530 NC_003030.gbk
241 31.0 4780345 4781184 genome.dna 892836 893565 NC_003030.gbk
2333 65.2 4781238 4782749 genome.dna 1461422 1462919 NC_003030.gbk
773 45.3 4782875 4783885 genome.dna 1256282 1257257 NC_003030.gbk
617 43.2 4786326 4787093 genome.dna 823747 824494 NC_003030.gbk
1079 51.3 4825789 4824827 genome.dna 596225 597185 NC_003030.gbk
423 46.0 4834867 4834403 genome.dna 809417 809900 NC_003030.gbk
747 30.5 4841673 4840339 genome.dna 496301 497645 NC_003030.gbk
622 43.5 4867996 4867325 genome.dna 569610 570297 NC_003030.gbk
290 34.8 4869761 4870336 genome.dna 1885968 1886535 NC_003030.gbk
1325 32.8 4872230 4874593 genome.dna 2337348 2335248 NC_003030.gbk
914 38.8 4906610 4907971 genome.dna 2844647 2843330 NC_003030.gbk
1642 49.2 4939318 4937906 genome.dna 1735378 1733947 NC_003030.gbk
713 44.9 4969043 4968228 genome.dna 732270 731463 NC_003030.gbk
1955 58.4 4974416 4972974 genome.dna 1548576 1549998 NC_003030.gbk
1955 58.4 4974416 4972974 genome.dna 1548576 1549998 NC_003030.gbk
1955 58.4 4974416 4972974 genome.dna 1548576 1549998 NC_003030.gbk
285 44.9 4974776 4974429 genome.dna 3100797 3100482 NC_003030.gbk
312 51.0 4976401 4976096 genome.dna 447995 448304 NC_003030.gbk
2075 44.8 4981440 4979023 genome.dna 4843 6757 NC_003030.gbk
1203 42.5 4985096 4983699 genome.dna 466 1807 NC_003030.gbk
161 55.8 4985770 4985910 genome.dna 3940781 3940646 NC_003030.gbk
956 35.9 4988276 4989640 genome.dna 3938503 3937123 NC_003030.gbk
1170 40.8 5010680 5009268 genome.dna 2904633 2903343 NC_003030.gbk
446 31.7 5017538 5016804 genome.dna 1857548 1858208 NC_003030.gbk
379 30.7 5019301 5018414 genome.dna 1855871 1856756 NC_003030.gbk
366 30.0 5020260 5019301 genome.dna 1854981 1855872 NC_003030.gbk
986 38.1 5026700 5027902 genome.dna 1969467 1970664 NC_003030.gbk
1596 43.4 5049054 5047222 genome.dna 180164 181991 NC_003030.gbk
1114 40.8 5050610 5049240 genome.dna 3372681 3371310 NC_003030.gbk
2046 67.0 5055348 5053966 genome.dna 3000672 2999271 NC_003030.gbk
512 31.1 5056259 5055396 genome.dna 3001533 3000684 NC_003030.gbk
1185 55.3 5057853 5056312 genome.dna 3003082 3001564 NC_003030.gbk
429 37.1 5061686 5061066 genome.dna 3935207 3934487 NC_003030.gbk
2026 49.4 5063659 5061770 genome.dna 3937112 3935231 NC_003030.gbk
