683 33.8 9017 7668 genome.dna 1177684 1179121 NC_002971.gbk
732 45.9 9676 9014 genome.dna 1177016 1177688 NC_002971.gbk
2336 53.1 25826 28615 genome.dna 1728974 1726286 NC_002971.gbk
652 49.5 29669 29034 genome.dna 1704872 1704254 NC_002971.gbk
2720 65.9 37037 38860 genome.dna 835523 837332 NC_002971.gbk
2387 53.3 47188 45107 genome.dna 271153 273268 NC_002971.gbk
2052 51.9 49985 47886 genome.dna 268549 270673 NC_002971.gbk
241 53.7 50279 50004 genome.dna 268202 268496 NC_002971.gbk
648 48.8 50956 50333 genome.dna 267504 268125 NC_002971.gbk
230 32.0 62108 62545 genome.dna 1894525 1894960 NC_002971.gbk
668 51.2 68440 67694 genome.dna 1803527 1804292 NC_002971.gbk
2412 51.2 70479 68437 genome.dna 36571 34537 NC_002971.gbk
686 51.4 97287 96724 genome.dna 344111 344726 NC_002971.gbk
1517 70.8 98527 99441 genome.dna 1830762 1831722 NC_002971.gbk
2114 46.3 99451 101520 genome.dna 1831724 1833794 NC_002971.gbk
438 43.3 110262 109636 genome.dna 1639181 1639763 NC_002971.gbk
1713 53.5 115831 114374 genome.dna 314966 313481 NC_002971.gbk
794 42.9 151546 150683 genome.dna 266648 267512 NC_002971.gbk
1000 62.4 162282 162998 genome.dna 266505 265791 NC_002971.gbk
675 61.8 165569 165111 genome.dna 259925 260384 NC_002971.gbk
1219 50.3 166824 165547 genome.dna 838541 839717 NC_002971.gbk
320 63.5 167881 168117 genome.dna 258751 258511 NC_002971.gbk
144 50.0 168129 168296 genome.dna 258501 258288 NC_002971.gbk
480 45.2 170854 170375 genome.dna 257535 258015 NC_002971.gbk
1217 46.1 172168 170891 genome.dna 58635 57360 NC_002971.gbk
496 34.0 174074 173307 genome.dna 1595196 1594431 NC_002971.gbk
1093 48.8 185588 184521 genome.dna 1599578 1598546 NC_002971.gbk
1737 66.8 186786 187982 genome.dna 103424 104615 NC_002971.gbk
1693 68.1 187993 189078 genome.dna 104656 105685 NC_002971.gbk
339 37.3 191679 192110 genome.dna 1470969 1470534 NC_002971.gbk
541 56.2 192299 192775 genome.dna 1470260 1469774 NC_002971.gbk
1094 50.3 192775 193791 genome.dna 1469706 1468707 NC_002971.gbk
2802 54.4 199780 202044 genome.dna 1955122 1952794 NC_002971.gbk
1038 61.0 222967 223722 genome.dna 1923855 1924608 NC_002971.gbk
1668 48.4 224355 225995 genome.dna 1925218 1926844 NC_002971.gbk
873 43.3 228573 229595 genome.dna 1372921 1371916 NC_002971.gbk
312 35.3 230144 229656 genome.dna 776730 777234 NC_002971.gbk
611 33.1 247002 247961 genome.dna 948043 949015 NC_002971.gbk
1139 55.7 248939 247989 genome.dna 187720 188677 NC_002971.gbk
2123 78.3 250357 251541 genome.dna 223399 224593 NC_002971.gbk
331 38.1 251779 252162 genome.dna 207751 208135 NC_002971.gbk
739 61.7 252164 252709 genome.dna 208204 208726 NC_002971.gbk
624 64.8 252872 253300 genome.dna 208850 209288 NC_002971.gbk
993 64.8 253304 254008 genome.dna 209287 209986 NC_002971.gbk
488 48.6 254326 254823 genome.dna 210239 210764 NC_002971.gbk
491 66.7 254890 255255 genome.dna 210797 211178 NC_002971.gbk
4511 68.4 255584 259612 genome.dna 211330 215458 NC_002971.gbk
6540 70.4 259736 263959 genome.dna 215726 219971 NC_002971.gbk
699 45.8 269828 269043 genome.dna 299443 300223 NC_002971.gbk
114 30.3 270030 269830 genome.dna 299238 299442 NC_002971.gbk
2295 62.2 273440 271446 genome.dna 296573 298220 NC_002971.gbk
1396 56.7 275283 276347 genome.dna 248549 249635 NC_002971.gbk
1665 57.7 280242 278956 genome.dna 293218 291943 NC_002971.gbk
1728 52.6 281849 280260 genome.dna 304008 302427 NC_002971.gbk
2239 71.1 306633 305290 genome.dna 1660287 1661634 NC_002971.gbk
552 56.7 307112 306645 genome.dna 1659816 1660281 NC_002971.gbk
1797 78.2 313270 314313 genome.dna 1427343 1426284 NC_002971.gbk
607 36.6 314487 315470 genome.dna 1426202 1425323 NC_002971.gbk
351 32.2 315467 315955 genome.dna 1425318 1424829 NC_002971.gbk
1823 58.4 321945 323390 genome.dna 1421298 1419864 NC_002971.gbk
844 32.6 329415 330869 genome.dna 1148015 1149383 NC_002971.gbk
1263 44.7 331816 333156 genome.dna 684949 686272 NC_002971.gbk
181 33.7 334075 333803 genome.dna 686768 686498 NC_002971.gbk
222 30.5 335983 335696 genome.dna 687617 687326 NC_002971.gbk
1061 64.3 338215 337490 genome.dna 688465 687715 NC_002971.gbk
542 52.2 339901 339335 genome.dna 690046 689548 NC_002971.gbk
1185 56.6 340994 339921 genome.dna 691022 690047 NC_002971.gbk
769 42.3 341977 341009 genome.dna 88840 89809 NC_002971.gbk
564 39.0 342391 343203 genome.dna 673335 674142 NC_002971.gbk
1608 59.1 345980 347242 genome.dna 691172 692477 NC_002971.gbk
1038 42.8 349956 348586 genome.dna 699237 697881 NC_002971.gbk
909 43.1 350815 351966 genome.dna 1528033 1529131 NC_002971.gbk
614 57.0 352201 352629 genome.dna 1680960 1680531 NC_002971.gbk
559 65.9 352645 353037 genome.dna 1680513 1680093 NC_002971.gbk
808 56.9 353367 354008 genome.dna 1680030 1679400 NC_002971.gbk
401 41.3 354014 354517 genome.dna 1679411 1678994 NC_002971.gbk
367 34.6 369528 368956 genome.dna 1677229 1677805 NC_002971.gbk
705 53.6 370130 369540 genome.dna 1676630 1677230 NC_002971.gbk
892 50.7 372605 373492 genome.dna 1674760 1673902 NC_002971.gbk
2891 66.1 382412 384307 genome.dna 58767 60678 NC_002971.gbk
3117 61.9 392535 394805 genome.dna 1796550 1794288 NC_002971.gbk
309 37.8 431880 431494 genome.dna 270763 271147 NC_002971.gbk
511 34.5 433394 432459 genome.dna 1994260 1995193 NC_002971.gbk
2177 52.0 460910 458055 genome.dna 758969 756206 NC_002971.gbk
686 32.7 464646 465722 genome.dna 760211 761279 NC_002971.gbk
376 57.1 509102 508848 genome.dna 1900314 1900590 NC_002971.gbk
207 37.3 509350 509099 genome.dna 1900060 1900315 NC_002971.gbk
925 39.2 522787 521576 genome.dna 70222 71458 NC_002971.gbk
680 31.3 523994 522816 genome.dna 69000 70233 NC_002971.gbk
232 33.7 526251 526580 genome.dna 62758 62434 NC_002971.gbk
399 32.4 526894 527520 genome.dna 62226 61632 NC_002971.gbk
1828 59.1 530287 528905 genome.dna 1371544 1370188 NC_002971.gbk
2352 65.9 533382 534971 genome.dna 761279 762857 NC_002971.gbk
701 38.1 692651 690918 genome.dna 1655221 1656976 NC_002971.gbk
332 52.1 697176 697469 genome.dna 1649592 1649301 NC_002971.gbk
2578 75.3 697515 699164 genome.dna 1649274 1647615 NC_002971.gbk
180 32.9 699428 699961 genome.dna 50304 50862 NC_002971.gbk
1056 54.9 699974 700837 genome.dna 50854 51718 NC_002971.gbk
239 35.4 709289 708894 genome.dna 1017088 1016677 NC_002971.gbk
2233 59.6 753122 751287 genome.dna 1541272 1543369 NC_002971.gbk
1532 44.6 755031 753277 genome.dna 1539491 1541153 NC_002971.gbk
282 63.5 755400 755185 genome.dna 1538692 1538917 NC_002971.gbk
1474 63.0 755628 756641 genome.dna 1192272 1191252 NC_002971.gbk
398 45.9 757206 756736 genome.dna 420939 420459 NC_002971.gbk
957 47.8 761351 760380 genome.dna 344022 343023 NC_002971.gbk
374 54.9 761608 761919 genome.dna 346687 347038 NC_002971.gbk
414 74.4 761939 762196 genome.dna 347027 347300 NC_002971.gbk
1416 59.3 763509 764681 genome.dna 347464 348484 NC_002971.gbk
813 33.9 766185 764752 genome.dna 9559 10993 NC_002971.gbk
625 61.3 766454 766933 genome.dna 1229776 1229296 NC_002971.gbk
653 51.8 767499 768128 genome.dna 1304910 1304271 NC_002971.gbk
2772 66.2 768185 770122 genome.dna 1304252 1302308 NC_002971.gbk
736 45.1 770241 771074 genome.dna 1302257 1301363 NC_002971.gbk
1658 58.0 771082 772419 genome.dna 1301275 1299934 NC_002971.gbk
254 38.8 772670 773002 genome.dna 1402112 1401815 NC_002971.gbk
424 47.9 777307 777729 genome.dna 1386668 1386206 NC_002971.gbk
1790 57.1 777751 779280 genome.dna 1386203 1384691 NC_002971.gbk
2680 53.6 779306 782008 genome.dna 1384686 1382274 NC_002971.gbk
261 34.7 782083 782481 genome.dna 1382187 1381827 NC_002971.gbk
355 63.6 783547 783816 genome.dna 806379 806649 NC_002971.gbk
2864 62.1 784066 786186 genome.dna 806659 808750 NC_002971.gbk
139 31.5 794170 793859 genome.dna 1058396 1058108 NC_002971.gbk
666 45.0 794943 795722 genome.dna 16091 16817 NC_002971.gbk
313 36.6 803045 802602 genome.dna 748749 749187 NC_002971.gbk
567 37.0 808710 809492 genome.dna 1045372 1046170 NC_002971.gbk
1319 55.4 812975 814090 genome.dna 1646055 1644963 NC_002971.gbk
509 55.0 814149 814541 genome.dna 1644953 1644560 NC_002971.gbk
1915 51.9 841615 843360 genome.dna 446221 447946 NC_002971.gbk
2018 59.2 844582 846099 genome.dna 382592 384089 NC_002971.gbk
541 31.5 856625 858271 genome.dna 1208728 1210327 NC_002971.gbk
572 54.1 927840 927358 genome.dna 1256318 1256798 NC_002971.gbk
441 46.5 927996 928442 genome.dna 1256292 1255851 NC_002971.gbk
217 37.8 928432 928713 genome.dna 1255855 1255549 NC_002971.gbk
1349 39.4 931102 929441 genome.dna 1250468 1252139 NC_002971.gbk
793 43.7 932060 931182 genome.dna 1249564 1250464 NC_002971.gbk
351 31.3 932209 932796 genome.dna 1248792 1248177 NC_002971.gbk
1236 56.0 970301 969369 genome.dna 1664273 1663340 NC_002971.gbk
691 42.4 997695 996727 genome.dna 1931833 1932784 NC_002971.gbk
624 30.2 1005407 1004268 genome.dna 249603 250755 NC_002971.gbk
1794 63.6 1023335 1024570 genome.dna 1226198 1224989 NC_002971.gbk
287 48.8 1085958 1085686 genome.dna 891654 891927 NC_002971.gbk
1149 48.5 1087061 1085955 genome.dna 890593 891658 NC_002971.gbk
1562 42.4 1097087 1099333 genome.dna 1498599 1496319 NC_002971.gbk
713 54.1 1099537 1100406 genome.dna 1496265 1495479 NC_002971.gbk
1329 65.2 1100443 1101237 genome.dna 1495107 1494312 NC_002971.gbk
767 39.4 1119665 1120909 genome.dna 1031363 1030163 NC_002971.gbk
664 32.0 1125945 1124593 genome.dna 328273 327067 NC_002971.gbk
823 50.2 1143476 1142628 genome.dna 137943 137106 NC_002971.gbk
1122 62.7 1150402 1149575 genome.dna 609963 609147 NC_002971.gbk
1085 63.4 1154052 1153258 genome.dna 1337808 1338585 NC_002971.gbk
538 51.7 1155257 1156108 genome.dna 1335897 1335006 NC_002971.gbk
974 58.9 1156279 1157004 genome.dna 1335007 1334275 NC_002971.gbk
643 52.5 1157130 1157687 genome.dna 1334198 1333640 NC_002971.gbk
802 51.9 1159320 1160081 genome.dna 1333644 1332930 NC_002971.gbk
478 38.0 1160091 1160948 genome.dna 1332941 1332122 NC_002971.gbk
1215 40.7 1160970 1162325 genome.dna 1326196 1327561 NC_002971.gbk
1366 34.1 1162361 1164805 genome.dna 556737 559149 NC_002971.gbk
1050 47.1 1165447 1166469 genome.dna 559733 560762 NC_002971.gbk
529 53.5 1166572 1167027 genome.dna 560758 561196 NC_002971.gbk
760 43.5 1167032 1167820 genome.dna 561200 561980 NC_002971.gbk
728 31.2 1167824 1168975 genome.dna 567108 565977 NC_002971.gbk
696 58.3 1168997 1169593 genome.dna 1288321 1287712 NC_002971.gbk
3681 53.9 1169670 1173152 genome.dna 1286443 1283011 NC_002971.gbk
1392 66.2 1173165 1174124 genome.dna 1464061 1463110 NC_002971.gbk
1071 40.5 1174650 1175972 genome.dna 1463135 1461785 NC_002971.gbk
3149 57.4 1180703 1178139 genome.dna 999585 1002165 NC_002971.gbk
659 36.4 1212161 1213231 genome.dna 498024 497019 NC_002971.gbk
796 47.8 1260789 1261478 genome.dna 332346 331599 NC_002971.gbk
925 67.3 1270601 1269999 genome.dna 1638965 1638362 NC_002971.gbk
1185 52.0 1271755 1272822 genome.dna 1145319 1144287 NC_002971.gbk
701 40.0 1272920 1274065 genome.dna 1017270 1018428 NC_002971.gbk
283 36.8 1274175 1274507 genome.dna 1086261 1085910 NC_002971.gbk
1729 45.8 1274535 1276382 genome.dna 1085895 1084026 NC_002971.gbk
853 44.7 1276393 1277361 genome.dna 1084027 1083112 NC_002971.gbk
646 64.9 1278470 1278919 genome.dna 1367639 1367165 NC_002971.gbk
681 33.6 1278982 1280091 genome.dna 592268 593333 NC_002971.gbk
393 44.1 1280201 1280677 genome.dna 596096 596552 NC_002971.gbk
389 43.9 1280702 1281121 genome.dna 1367176 1366759 NC_002971.gbk
835 40.8 1281190 1282170 genome.dna 1365850 1364833 NC_002971.gbk
229 43.2 1285773 1285525 genome.dna 411476 411227 NC_002971.gbk
494 48.2 1289161 1289652 genome.dna 106085 106568 NC_002971.gbk
1290 45.4 1291078 1289714 genome.dna 244293 242916 NC_002971.gbk
511 32.5 1292157 1291267 genome.dna 942218 943136 NC_002971.gbk
649 50.8 1293119 1292505 genome.dna 981394 980797 NC_002971.gbk
2956 62.0 1295100 1293109 genome.dna 983397 981390 NC_002971.gbk
796 41.4 1296067 1295105 genome.dna 984313 983416 NC_002971.gbk
1293 48.1 1297979 1296492 genome.dna 181387 182689 NC_002971.gbk
1179 43.1 1299536 1300840 genome.dna 679225 680554 NC_002971.gbk
933 69.6 1301367 1301990 genome.dna 680563 681151 NC_002971.gbk
1869 69.6 1302154 1303428 genome.dna 681205 682474 NC_002971.gbk
2419 61.7 1303620 1306001 genome.dna 682487 684941 NC_002971.gbk
384 66.7 1306200 1306472 genome.dna 1418779 1418494 NC_002971.gbk
492 38.6 1310544 1309849 genome.dna 1984324 1985023 NC_002971.gbk
298 46.3 1332403 1332732 genome.dna 601757 601424 NC_002971.gbk
745 56.1 1332732 1333337 genome.dna 602376 601770 NC_002971.gbk
2460 57.8 1333507 1335396 genome.dna 274746 276648 NC_002971.gbk
819 57.9 1335658 1336302 genome.dna 399356 400052 NC_002971.gbk
539 37.8 1336525 1337487 genome.dna 41350 40318 NC_002971.gbk
2341 48.8 1356196 1353473 genome.dna 1460054 1457825 NC_002971.gbk
804 48.9 1363250 1362525 genome.dna 317783 317078 NC_002971.gbk
3667 64.1 1363499 1366138 genome.dna 467160 469707 NC_002971.gbk
737 34.6 1387613 1386405 genome.dna 1489152 1490433 NC_002971.gbk
700 50.7 1426894 1426256 genome.dna 1672865 1673513 NC_002971.gbk
1350 58.2 1427931 1426894 genome.dna 1671810 1672869 NC_002971.gbk
671 44.7 1430628 1431344 genome.dna 1670602 1669888 NC_002971.gbk
443 47.9 1433876 1433409 genome.dna 915572 915116 NC_002971.gbk
931 47.4 1434853 1435731 genome.dna 1168118 1167248 NC_002971.gbk
919 56.5 1436929 1437642 genome.dna 1166639 1165916 NC_002971.gbk
1018 45.1 1458435 1457257 genome.dna 924648 925833 NC_002971.gbk
1355 51.8 1466359 1465232 genome.dna 609142 608017 NC_002971.gbk
1306 61.5 1470427 1469462 genome.dna 1214797 1215745 NC_002971.gbk
772 52.6 1471338 1470655 genome.dna 1214139 1214868 NC_002971.gbk
147 34.9 1471750 1471487 genome.dna 1212860 1213124 NC_002971.gbk
1333 54.6 1475506 1474394 genome.dna 499183 498103 NC_002971.gbk
1549 38.3 1477420 1475516 genome.dna 501133 499294 NC_002971.gbk
318 40.4 1478243 1477926 genome.dna 501968 501617 NC_002971.gbk
462 40.7 1479078 1478437 genome.dna 504606 503958 NC_002971.gbk
491 31.5 1480118 1479093 genome.dna 505627 504607 NC_002971.gbk
2474 51.6 1483266 1480684 genome.dna 508633 506170 NC_002971.gbk
795 36.7 1489354 1487825 genome.dna 514509 513051 NC_002971.gbk
859 48.4 1490240 1489362 genome.dna 515341 514501 NC_002971.gbk
434 46.4 1490971 1490492 genome.dna 517175 516716 NC_002971.gbk
1233 57.5 1492026 1490968 genome.dna 518143 517171 NC_002971.gbk
1849 62.3 1493774 1492350 genome.dna 519473 518153 NC_002971.gbk
546 57.1 1506798 1506349 genome.dna 1255099 1254631 NC_002971.gbk
1025 38.0 1528762 1530255 genome.dna 1117996 1119415 NC_002971.gbk
1816 61.2 1536355 1535069 genome.dna 1360739 1362032 NC_002971.gbk
301 37.4 1537007 1537396 genome.dna 1357414 1357036 NC_002971.gbk
294 36.8 1537390 1537737 genome.dna 1357043 1356701 NC_002971.gbk
2465 61.6 1537737 1539503 genome.dna 1356689 1354925 NC_002971.gbk
1058 59.7 1539520 1540236 genome.dna 1354919 1354187 NC_002971.gbk
3186 48.7 1540513 1543320 genome.dna 1354164 1351359 NC_002971.gbk
1350 54.5 1543336 1544562 genome.dna 1351350 1350132 NC_002971.gbk
1721 67.4 1544898 1546064 genome.dna 1349931 1348758 NC_002971.gbk
1501 77.2 1546064 1546936 genome.dna 1348759 1347874 NC_002971.gbk
1967 56.9 1547669 1549237 genome.dna 917025 918591 NC_002971.gbk
775 54.8 1551348 1552034 genome.dna 1521787 1522501 NC_002971.gbk
278 36.0 1552047 1552472 genome.dna 1522478 1522922 NC_002971.gbk
1083 40.0 1553863 1555155 genome.dna 82493 83807 NC_002971.gbk
285 33.1 1555196 1555705 genome.dna 83855 84404 NC_002971.gbk
1416 65.5 1558773 1559834 genome.dna 539483 540479 NC_002971.gbk
628 33.2 1561588 1560626 genome.dna 319062 318168 NC_002971.gbk
1310 57.1 1561884 1562939 genome.dna 931821 932904 NC_002971.gbk
966 49.3 1598229 1599338 genome.dna 1624037 1623116 NC_002971.gbk
778 56.9 1599518 1600159 genome.dna 825771 825123 NC_002971.gbk
1295 44.6 1631952 1633361 genome.dna 612248 613682 NC_002971.gbk
568 52.1 1636204 1635668 genome.dna 1768352 1767782 NC_002971.gbk
1121 57.7 1637078 1636206 genome.dna 1762834 1763749 NC_002971.gbk
1918 57.0 1652381 1653892 genome.dna 878348 876851 NC_002971.gbk
493 32.3 1980555 1981667 genome.dna 775634 776744 NC_002971.gbk
507 53.3 2008746 2008288 genome.dna 809273 808841 NC_002971.gbk
1175 52.4 2034173 2033130 genome.dna 1636202 1637258 NC_002971.gbk
242 59.3 2040877 2041047 genome.dna 432882 433077 NC_002971.gbk
942 44.6 2041077 2042123 genome.dna 433084 434116 NC_002971.gbk
1129 53.3 2042130 2043083 genome.dna 434112 435072 NC_002971.gbk
1043 54.3 2043101 2044030 genome.dna 435172 436114 NC_002971.gbk
915 57.6 2044045 2044779 genome.dna 436189 436939 NC_002971.gbk
395 83.8 2044934 2045170 genome.dna 437006 437261 NC_002971.gbk
1754 60.6 2045253 2046494 genome.dna 437305 438550 NC_002971.gbk
842 41.6 2047434 2048453 genome.dna 438559 439672 NC_002971.gbk
644 44.1 2050132 2050929 genome.dna 441462 442140 NC_002971.gbk
388 50.5 2055442 2055792 genome.dna 745601 745259 NC_002971.gbk
857 45.1 2057749 2058777 genome.dna 1023249 1022307 NC_002971.gbk
3939 52.6 2070405 2066956 genome.dna 1091437 1094911 NC_002971.gbk
755 50.9 2071740 2072447 genome.dna 946684 945982 NC_002971.gbk
892 36.8 2072444 2073691 genome.dna 947921 946676 NC_002971.gbk
446 47.1 2111138 2111554 genome.dna 862518 862044 NC_002971.gbk
1896 64.7 2112831 2114330 genome.dna 1310982 1309539 NC_002971.gbk
1052 63.5 2114428 2115174 genome.dna 1309516 1308781 NC_002971.gbk
686 33.9 2115176 2116495 genome.dna 1308785 1307504 NC_002971.gbk
1401 50.5 2116495 2117718 genome.dna 1307512 1306294 NC_002971.gbk
700 39.9 2118557 2119579 genome.dna 1526494 1525549 NC_002971.gbk
449 32.7 2158261 2157266 genome.dna 966361 967309 NC_002971.gbk
352 34.8 2181519 2182154 genome.dna 594287 594896 NC_002971.gbk
374 47.4 2186467 2186817 genome.dna 534409 534709 NC_002971.gbk
621 46.0 2187600 2186929 genome.dna 1637244 1637919 NC_002971.gbk
1137 49.3 2190305 2191417 genome.dna 162315 161196 NC_002971.gbk
584 44.6 2191939 2192622 genome.dna 878970 878379 NC_002971.gbk
3842 64.7 2198282 2200954 genome.dna 1649793 1652466 NC_002971.gbk
995 37.8 2215224 2216393 genome.dna 475129 476296 NC_002971.gbk
722 50.2 2216576 2217319 genome.dna 476299 477010 NC_002971.gbk
924 50.6 2263993 2263058 genome.dna 1012554 1011783 NC_002971.gbk
688 36.3 2325750 2324722 genome.dna 1767780 1766745 NC_002971.gbk
720 50.5 2351826 2352485 genome.dna 101052 101709 NC_002971.gbk
1498 61.6 2487322 2486231 genome.dna 1771086 1772178 NC_002971.gbk
648 53.2 2488039 2487452 genome.dna 1770478 1771042 NC_002971.gbk
1247 59.6 2489732 2488785 genome.dna 1759050 1760010 NC_002971.gbk
1156 45.6 2491599 2492855 genome.dna 1882658 1881416 NC_002971.gbk
1603 65.7 2492889 2493971 genome.dna 1881420 1880334 NC_002971.gbk
682 40.9 2493971 2494816 genome.dna 1880332 1879498 NC_002971.gbk
840 44.6 2496092 2496946 genome.dna 1609634 1608791 NC_002971.gbk
984 39.9 2503696 2505084 genome.dna 1873099 1874470 NC_002971.gbk
215 32.3 2507977 2507444 genome.dna 390500 389984 NC_002971.gbk
586 50.0 2511822 2511298 genome.dna 1753109 1752596 NC_002971.gbk
148 32.5 2542454 2542221 genome.dna 593918 593654 NC_002971.gbk
718 43.9 2552084 2552833 genome.dna 1466485 1465708 NC_002971.gbk
1806 60.7 2563367 2561970 genome.dna 1043703 1045062 NC_002971.gbk
860 60.1 2585970 2586605 genome.dna 1629402 1630059 NC_002971.gbk
1444 46.5 2587267 2588739 genome.dna 481967 483482 NC_002971.gbk
677 38.8 2593132 2590532 genome.dna 1905410 1907708 NC_002971.gbk
935 48.4 2594839 2593787 genome.dna 320215 319198 NC_002971.gbk
704 52.5 2598308 2597688 genome.dna 858492 859107 NC_002971.gbk
505 38.4 2608762 2609568 genome.dna 1102244 1103048 NC_002971.gbk
581 42.8 2619430 2619996 genome.dna 858440 857894 NC_002971.gbk
737 56.1 2637907 2637311 genome.dna 1973998 1973407 NC_002971.gbk
783 46.0 2639766 2638855 genome.dna 804279 805167 NC_002971.gbk
284 31.4 2645457 2646263 genome.dna 263914 264694 NC_002971.gbk
523 38.5 2685383 2684682 genome.dna 1321348 1320667 NC_002971.gbk
1172 44.0 2688488 2689942 genome.dna 1322173 1323466 NC_002971.gbk
477 74.7 2728844 2728548 genome.dna 1267728 1267416 NC_002971.gbk
2519 47.8 2731236 2728849 genome.dna 1270111 1267732 NC_002971.gbk
1304 57.5 2732234 2731251 genome.dna 1271097 1270110 NC_002971.gbk
582 77.8 2732903 2732547 genome.dna 1271533 1271173 NC_002971.gbk
189 58.2 2733144 2732947 genome.dna 1272367 1272172 NC_002971.gbk
613 58.1 2733782 2733240 genome.dna 1272857 1272347 NC_002971.gbk
2463 54.9 2735713 2733785 genome.dna 1274896 1272940 NC_002971.gbk
2074 74.6 2755752 2754499 genome.dna 1144241 1142957 NC_002971.gbk
1297 53.3 2757088 2758194 genome.dna 1090337 1091426 NC_002971.gbk
1654 54.9 2759027 2760397 genome.dna 775531 774145 NC_002971.gbk
670 50.5 2793288 2792647 genome.dna 1227178 1227805 NC_002971.gbk
1558 53.6 2796565 2798007 genome.dna 1711235 1709801 NC_002971.gbk
1506 69.8 2809298 2808294 genome.dna 1517857 1518913 NC_002971.gbk
688 55.0 2809923 2809306 genome.dna 1515402 1516005 NC_002971.gbk
469 53.8 2810663 2810151 genome.dna 1514887 1515406 NC_002971.gbk
952 57.2 2811487 2810744 genome.dna 1514038 1514773 NC_002971.gbk
2317 57.2 2813755 2811956 genome.dna 1512250 1514023 NC_002971.gbk
1622 48.0 2838878 2837343 genome.dna 353283 354831 NC_002971.gbk
1057 47.8 2859653 2858643 genome.dna 922708 921664 NC_002971.gbk
2676 46.1 2862472 2859857 genome.dna 304535 307172 NC_002971.gbk
833 52.4 2884168 2883416 genome.dna 419726 420476 NC_002971.gbk
617 41.2 2885460 2884459 genome.dna 813580 814558 NC_002971.gbk
1688 45.3 2887241 2885457 genome.dna 811811 813581 NC_002971.gbk
376 63.7 2923933 2923649 genome.dna 1673598 1673937 NC_002971.gbk
2282 60.9 2925698 2924025 genome.dna 473029 474685 NC_002971.gbk
658 44.1 2926492 2925815 genome.dna 472172 472886 NC_002971.gbk
594 31.2 2928002 2926713 genome.dna 470855 472172 NC_002971.gbk
1198 50.3 2929170 2928085 genome.dna 469767 470850 NC_002971.gbk
628 30.3 2974003 2972849 genome.dna 1520476 1521712 NC_002971.gbk
1694 59.4 2975613 2974318 genome.dna 1132380 1131108 NC_002971.gbk
1546 55.2 2977060 2975717 genome.dna 1133739 1132455 NC_002971.gbk
1420 65.3 2982496 2983455 genome.dna 1136868 1137831 NC_002971.gbk
389 82.9 2988043 2988261 genome.dna 1139354 1139606 NC_002971.gbk
2868 58.8 2992855 2990582 genome.dna 1141930 1139668 NC_002971.gbk
774 49.6 3002258 3001431 genome.dna 341457 340683 NC_002971.gbk
712 47.4 3003564 3004295 genome.dna 421788 422598 NC_002971.gbk
1283 64.6 3015344 3014433 genome.dna 1547416 1548322 NC_002971.gbk
1083 45.5 3022380 3021175 genome.dna 1211607 1212864 NC_002971.gbk
506 31.2 3027219 3026053 genome.dna 332472 333582 NC_002971.gbk
393 38.3 3046334 3045672 genome.dna 745248 744693 NC_002971.gbk
1534 45.9 3080104 3081720 genome.dna 1785705 1784112 NC_002971.gbk
1115 72.9 3140808 3141479 genome.dna 1901716 1901044 NC_002971.gbk
1681 65.1 3147123 3145672 genome.dna 610589 611825 NC_002971.gbk
507 38.6 3154559 3153852 genome.dna 197943 198663 NC_002971.gbk
3139 71.6 3161386 3159374 genome.dna 459983 462002 NC_002971.gbk
576 40.8 3163130 3162450 genome.dna 949671 948942 NC_002971.gbk
757 39.6 3165022 3163865 genome.dna 952256 951101 NC_002971.gbk
1276 57.6 3166099 3165062 genome.dna 953208 952242 NC_002971.gbk
860 35.0 3166195 3167499 genome.dna 953576 954905 NC_002971.gbk
1753 46.3 3171157 3172854 genome.dna 774118 772420 NC_002971.gbk
601 53.6 3228583 3228035 genome.dna 976818 976257 NC_002971.gbk
1922 49.8 3230474 3228642 genome.dna 1128181 1126351 NC_002971.gbk
637 43.3 3231123 3230467 genome.dna 722165 722816 NC_002971.gbk
396 31.0 3278435 3279220 genome.dna 879837 878991 NC_002971.gbk
1309 48.9 3353699 3354838 genome.dna 918587 919721 NC_002971.gbk
875 33.7 3372145 3370688 genome.dna 1388494 1387045 NC_002971.gbk
1199 36.2 3375638 3373788 genome.dna 1391990 1390028 NC_002971.gbk
263 40.6 3375937 3375635 genome.dna 1392352 1392046 NC_002971.gbk
350 38.1 3377049 3376507 genome.dna 1393459 1392967 NC_002971.gbk
758 39.4 3378041 3377067 genome.dna 1394478 1393455 NC_002971.gbk
1166 42.9 3382301 3380952 genome.dna 1398220 1396951 NC_002971.gbk
308 34.0 3382843 3382298 genome.dna 1398734 1398209 NC_002971.gbk
332 40.2 3385876 3385436 genome.dna 1401519 1401162 NC_002971.gbk
612 30.8 3393361 3391478 genome.dna 1010005 1011787 NC_002971.gbk
1836 55.5 3409858 3408341 genome.dna 848012 849533 NC_002971.gbk
405 44.4 3410380 3409880 genome.dna 847449 848004 NC_002971.gbk
1175 45.2 3412525 3411257 genome.dna 845530 846781 NC_002971.gbk
1198 63.2 3413548 3412631 genome.dna 844522 845398 NC_002971.gbk
501 40.9 3414435 3413773 genome.dna 462061 462670 NC_002971.gbk
945 45.2 3416479 3415469 genome.dna 827553 828576 NC_002971.gbk
729 36.0 3417731 3416595 genome.dna 1742857 1743985 NC_002971.gbk
1562 65.6 3427528 3426443 genome.dna 826482 827541 NC_002971.gbk
310 33.0 3428721 3429263 genome.dna 826360 825760 NC_002971.gbk
669 36.6 3438550 3436355 genome.dna 527684 529613 NC_002971.gbk
799 33.8 3439860 3438547 genome.dna 526215 527511 NC_002971.gbk
636 38.2 3459693 3458845 genome.dna 139434 138573 NC_002971.gbk
815 38.7 3512886 3511738 genome.dna 780501 781656 NC_002971.gbk
1126 59.2 3516455 3517318 genome.dna 278678 277826 NC_002971.gbk
1779 54.9 3519048 3517663 genome.dna 1441002 1439625 NC_002971.gbk
769 48.1 3520698 3521420 genome.dna 1442552 1443284 NC_002971.gbk
490 53.4 3521609 3522118 genome.dna 1907915 1908416 NC_002971.gbk
1522 51.3 3525014 3526381 genome.dna 181207 179839 NC_002971.gbk
1726 30.1 3560370 3563492 genome.dna 1041788 1038728 NC_002971.gbk
1821 30.8 3563489 3566569 genome.dna 696788 693719 NC_002971.gbk
2298 62.1 3590632 3589055 genome.dna 1290190 1288615 NC_002971.gbk
1950 59.5 3592205 3590739 genome.dna 1291696 1290226 NC_002971.gbk
1146 45.6 3592378 3593766 genome.dna 1194821 1196066 NC_002971.gbk
1081 49.4 3599984 3598497 genome.dna 1199069 1197737 NC_002971.gbk
1616 58.5 3603229 3601955 genome.dna 1201215 1199949 NC_002971.gbk
1164 50.7 3607701 3606505 genome.dna 1204062 1202949 NC_002971.gbk
608 65.0 3608433 3608005 genome.dna 1208593 1208158 NC_002971.gbk
245 35.5 3619470 3619147 genome.dna 1305829 1305475 NC_002971.gbk
1573 57.4 3621177 3619963 genome.dna 1071717 1070526 NC_002971.gbk
853 55.1 3622783 3622058 genome.dna 1074496 1073773 NC_002971.gbk
916 51.7 3622920 3623723 genome.dna 1074688 1075489 NC_002971.gbk
1910 66.1 3635387 3634134 genome.dna 1368898 1367638 NC_002971.gbk
4629 55.0 3649390 3645506 genome.dna 576943 580834 NC_002971.gbk
540 57.0 3651787 3651263 genome.dna 568290 568719 NC_002971.gbk
335 62.3 3679566 3679826 genome.dna 258029 258275 NC_002971.gbk
953 62.4 3680956 3680225 genome.dna 1448409 1447686 NC_002971.gbk
505 41.5 3681774 3681037 genome.dna 1453022 1452326 NC_002971.gbk
1021 52.4 3682691 3681786 genome.dna 1453906 1453018 NC_002971.gbk
722 49.8 3683368 3682688 genome.dna 1454604 1453902 NC_002971.gbk
390 33.8 3684626 3683661 genome.dna 1047923 1047143 NC_002971.gbk
2864 71.8 3686442 3684643 genome.dna 1457236 1455391 NC_002971.gbk
1439 53.0 3689812 3691413 genome.dna 96129 94518 NC_002971.gbk
1053 67.3 3694571 3695257 genome.dna 937018 937708 NC_002971.gbk
1888 57.8 3698228 3696813 genome.dna 190952 192362 NC_002971.gbk
267 58.3 3714535 3714188 genome.dna 1806122 1805702 NC_002971.gbk
1768 60.8 3714803 3716083 genome.dna 1807475 1808783 NC_002971.gbk
584 62.4 3729128 3729583 genome.dna 1884731 1884287 NC_002971.gbk
1262 44.1 3730782 3732230 genome.dna 255662 256982 NC_002971.gbk
668 41.9 3732844 3733638 genome.dna 377259 376458 NC_002971.gbk
949 54.2 3735878 3735108 genome.dna 884346 883572 NC_002971.gbk
1208 62.3 3736813 3735875 genome.dna 885261 884346 NC_002971.gbk
773 49.6 3749695 3748958 genome.dna 283489 284188 NC_002971.gbk
576 56.4 3749751 3750215 genome.dna 282595 283060 NC_002971.gbk
688 42.6 3750989 3751744 genome.dna 281785 281011 NC_002971.gbk
827 34.1 3751815 3753179 genome.dna 280839 279375 NC_002971.gbk
4022 71.8 3762599 3760023 genome.dna 86264 88844 NC_002971.gbk
685 45.8 3763458 3762733 genome.dna 700105 699397 NC_002971.gbk
523 36.4 3764613 3765347 genome.dna 701170 701938 NC_002971.gbk
464 62.6 3773009 3772662 genome.dna 390853 390505 NC_002971.gbk
989 60.2 3773827 3773072 genome.dna 391590 390849 NC_002971.gbk
438 37.0 3774414 3773866 genome.dna 392098 391591 NC_002971.gbk
1808 59.1 3776200 3774839 genome.dna 396936 395550 NC_002971.gbk
2590 54.2 3784972 3782345 genome.dna 997372 994774 NC_002971.gbk
1568 72.3 3786717 3785644 genome.dna 998827 997795 NC_002971.gbk
481 51.0 3787319 3786825 genome.dna 999415 998914 NC_002971.gbk
424 32.6 3855688 3854912 genome.dna 288708 287934 NC_002971.gbk
1136 51.6 3889382 3888324 genome.dna 252558 253632 NC_002971.gbk
2163 45.0 3894156 3896603 genome.dna 523523 525671 NC_002971.gbk
670 33.6 3918901 3920391 genome.dna 1428195 1429647 NC_002971.gbk
586 33.5 3932105 3933280 genome.dna 748194 747198 NC_002971.gbk
994 34.3 3933298 3934833 genome.dna 747198 745617 NC_002971.gbk
376 36.4 3952181 3951618 genome.dna 1902861 1902306 NC_002971.gbk
1105 49.9 3952362 3953393 genome.dna 100028 101084 NC_002971.gbk
826 47.2 3954101 3954916 genome.dna 101720 102524 NC_002971.gbk
2356 62.2 3956293 3958011 genome.dna 73563 75264 NC_002971.gbk
1570 59.4 4001743 4000448 genome.dna 1608635 1607348 NC_002971.gbk
2452 65.7 4003479 4001842 genome.dna 1615771 1614103 NC_002971.gbk
1415 42.5 4007080 4004843 genome.dna 1326119 1323974 NC_002971.gbk
563 35.8 4013697 4012813 genome.dna 876842 875948 NC_002971.gbk
2385 53.1 4027241 4025196 genome.dna 487926 489939 NC_002971.gbk
1678 56.4 4028828 4027398 genome.dna 1594093 1592665 NC_002971.gbk
912 44.5 4034399 4035643 genome.dna 1755819 1756950 NC_002971.gbk
260 36.0 4037027 4036671 genome.dna 1884295 1883941 NC_002971.gbk
519 43.8 4037132 4037767 genome.dna 1190595 1191177 NC_002971.gbk
650 56.7 4039680 4040210 genome.dna 572266 572794 NC_002971.gbk
627 42.1 4050959 4050219 genome.dna 546408 547224 NC_002971.gbk
487 52.3 4059979 4059527 genome.dna 820722 821181 NC_002971.gbk
341 70.4 4060248 4060021 genome.dna 819580 819802 NC_002971.gbk
483 55.6 4060971 4060579 genome.dna 819184 819568 NC_002971.gbk
800 51.4 4068636 4067902 genome.dna 936124 935371 NC_002971.gbk
2384 49.1 4071195 4068739 genome.dna 1038394 1036183 NC_002971.gbk
505 30.4 4076878 4075862 genome.dna 1583636 1584755 NC_002971.gbk
716 48.3 4076900 4077613 genome.dna 1991628 1990941 NC_002971.gbk
643 39.8 4077711 4078532 genome.dna 1990945 1990120 NC_002971.gbk
396 37.9 4078582 4079136 genome.dna 1990121 1989542 NC_002971.gbk
696 51.3 4079441 4080034 genome.dna 41406 42009 NC_002971.gbk
1249 49.2 4080027 4081166 genome.dna 545803 544675 NC_002971.gbk
126 41.9 4086196 4086327 genome.dna 77807 77963 NC_002971.gbk
1218 56.6 4109655 4110677 genome.dna 854565 855627 NC_002971.gbk
1042 42.5 4115888 4116970 genome.dna 823258 824353 NC_002971.gbk
779 47.0 4133069 4134082 genome.dna 144759 143688 NC_002971.gbk
413 39.5 4134092 4134646 genome.dna 143680 143122 NC_002971.gbk
396 46.8 4137049 4136630 genome.dna 1113859 1113433 NC_002971.gbk
4526 70.9 4139901 4137067 genome.dna 245375 248240 NC_002971.gbk
606 54.6 4140147 4140710 genome.dna 242867 242390 NC_002971.gbk
2058 65.3 4231793 4230366 genome.dna 407660 409085 NC_002971.gbk
3143 52.0 4236582 4233919 genome.dna 403617 406272 NC_002971.gbk
960 56.6 4244964 4245854 genome.dna 92193 93018 NC_002971.gbk
229 35.8 4246180 4246626 genome.dna 142473 142050 NC_002971.gbk
957 40.6 4246629 4248101 genome.dna 142061 140507 NC_002971.gbk
555 45.9 4250722 4251348 genome.dna 138563 137963 NC_002971.gbk
460 34.5 4251341 4252093 genome.dna 137046 136269 NC_002971.gbk
284 38.9 4252799 4252404 genome.dna 135488 135902 NC_002971.gbk
3584 61.7 4255592 4252890 genome.dna 132768 135510 NC_002971.gbk
1200 56.9 4257707 4256787 genome.dna 129597 130509 NC_002971.gbk
1491 62.8 4258960 4257809 genome.dna 128277 129438 NC_002971.gbk
1325 48.1 4260285 4259029 genome.dna 127023 128256 NC_002971.gbk
1472 47.1 4263557 4262097 genome.dna 123144 124542 NC_002971.gbk
1072 46.4 4264711 4263620 genome.dna 122081 123158 NC_002971.gbk
1126 47.8 4265910 4264708 genome.dna 119363 120482 NC_002971.gbk
1039 43.6 4267226 4265910 genome.dna 118035 119364 NC_002971.gbk
1561 62.0 4268312 4267230 genome.dna 114924 116010 NC_002971.gbk
1171 43.3 4269667 4268306 genome.dna 113579 114920 NC_002971.gbk
1288 43.8 4271151 4269664 genome.dna 112113 113583 NC_002971.gbk
1466 42.1 4272901 4271138 genome.dna 108485 110132 NC_002971.gbk
1083 53.9 4274186 4273242 genome.dna 107213 108137 NC_002971.gbk
489 48.7 4274647 4274189 genome.dna 106749 107208 NC_002971.gbk
349 37.8 4314086 4313211 genome.dna 1800759 1799943 NC_002971.gbk
896 48.4 4318033 4319034 genome.dna 1892561 1893485 NC_002971.gbk
799 48.4 4319027 4319845 genome.dna 1893645 1894413 NC_002971.gbk
792 41.3 4320238 4321083 genome.dna 1897263 1898139 NC_002971.gbk
459 46.0 4323873 4323391 genome.dna 1901048 1900562 NC_002971.gbk
4915 68.3 4330684 4327460 genome.dna 1233550 1230328 NC_002971.gbk
1514 58.4 4331847 4330699 genome.dna 1234780 1233631 NC_002971.gbk
456 44.6 4335368 4334856 genome.dna 361657 362149 NC_002971.gbk
3604 55.2 4338181 4335368 genome.dna 358838 361649 NC_002971.gbk
918 47.4 4339154 4338213 genome.dna 354902 355865 NC_002971.gbk
237 45.3 4339580 4339843 genome.dna 353040 352767 NC_002971.gbk
1636 62.1 4343498 4342359 genome.dna 1243776 1242651 NC_002971.gbk
2896 71.2 4345514 4343607 genome.dna 1245889 1243918 NC_002971.gbk
1053 40.9 4348005 4346668 genome.dna 1965656 1964324 NC_002971.gbk
868 62.3 4373604 4372945 genome.dna 23692 23029 NC_002971.gbk
1382 54.0 4379941 4378778 genome.dna 1712418 1711242 NC_002971.gbk
1136 49.1 4381030 4380014 genome.dna 1713533 1712528 NC_002971.gbk
2725 59.4 4383337 4381343 genome.dna 1715542 1713547 NC_002971.gbk
1830 70.3 4388480 4389631 genome.dna 1936870 1938052 NC_002971.gbk
607 37.9 4391555 4392289 genome.dna 1875855 1875129 NC_002971.gbk
1087 51.4 4392301 4393260 genome.dna 1802155 1803121 NC_002971.gbk
339 40.5 4393344 4393907 genome.dna 1993304 1993850 NC_002971.gbk
443 47.1 4393907 4394326 genome.dna 1993836 1994268 NC_002971.gbk
1723 59.3 4398393 4397095 genome.dna 944601 943293 NC_002971.gbk
1504 59.5 4402445 4401165 genome.dna 945929 944621 NC_002971.gbk
1054 52.5 4403893 4402952 genome.dna 1026283 1025347 NC_002971.gbk
1137 40.0 4405841 4403886 genome.dna 1028011 1026286 NC_002971.gbk
397 44.8 4408042 4407560 genome.dna 1032989 1032542 NC_002971.gbk
1200 44.6 4409618 4408062 genome.dna 1034469 1033002 NC_002971.gbk
744 61.0 4435345 4434803 genome.dna 1188800 1189352 NC_002971.gbk
815 47.3 4436846 4437871 genome.dna 1755798 1754949 NC_002971.gbk
1098 51.4 4442310 4441333 genome.dna 1747622 1748588 NC_002971.gbk
761 56.9 4448185 4447619 genome.dna 1747051 1747618 NC_002971.gbk
1143 51.7 4448227 4449270 genome.dna 1790534 1791563 NC_002971.gbk
1534 43.3 4451372 4449723 genome.dna 802639 804283 NC_002971.gbk
729 43.5 4479596 4478769 genome.dna 10985 11804 NC_002971.gbk
316 36.3 4481228 4480755 genome.dna 1904931 1905408 NC_002971.gbk
868 48.3 4482321 4481200 genome.dna 1904005 1904932 NC_002971.gbk
477 46.7 4482450 4482959 genome.dna 941107 941620 NC_002971.gbk
1074 51.1 4482986 4483933 genome.dna 1903818 1902873 NC_002971.gbk
1175 44.3 4484001 4485290 genome.dna 1833790 1835083 NC_002971.gbk
588 72.0 4488068 4487676 genome.dna 238024 238405 NC_002971.gbk
1284 59.0 4489098 4488109 genome.dna 237029 238013 NC_002971.gbk
903 65.5 4489744 4489124 genome.dna 236396 237017 NC_002971.gbk
465 52.8 4490164 4489775 genome.dna 236012 236384 NC_002971.gbk
492 62.1 4490537 4490181 genome.dna 235625 235985 NC_002971.gbk
1828 62.3 4492165 4490834 genome.dna 233922 235251 NC_002971.gbk
649 67.1 4492607 4492173 genome.dna 233473 233905 NC_002971.gbk
188 47.4 4492790 4492611 genome.dna 233279 233471 NC_002971.gbk
687 66.5 4493297 4492797 genome.dna 232769 233276 NC_002971.gbk
460 60.7 4493665 4493312 genome.dna 232404 232758 NC_002971.gbk
616 55.9 4494208 4493675 genome.dna 231868 232405 NC_002971.gbk
543 65.1 4494614 4494222 genome.dna 231438 231831 NC_002971.gbk
334 53.5 4494953 4494648 genome.dna 231136 231436 NC_002971.gbk
855 70.2 4495506 4494967 genome.dna 230583 231132 NC_002971.gbk
404 62.4 4495835 4495521 genome.dna 230143 230467 NC_002971.gbk
614 76.4 4496217 4495846 genome.dna 229763 230132 NC_002971.gbk
361 65.4 4496635 4496381 genome.dna 229483 229753 NC_002971.gbk
210 56.7 4496826 4496635 genome.dna 229293 229491 NC_002971.gbk
609 67.2 4497236 4496826 genome.dna 228879 229293 NC_002971.gbk
973 62.6 4497950 4497249 genome.dna 228184 228868 NC_002971.gbk
442 65.1 4498300 4497968 genome.dna 227837 228185 NC_002971.gbk
463 67.0 4498593 4498315 genome.dna 227550 227838 NC_002971.gbk
1264 66.4 4499431 4498610 genome.dna 226710 227538 NC_002971.gbk
275 49.5 4499751 4499449 genome.dna 226403 226691 NC_002971.gbk
758 59.2 4500353 4499748 genome.dna 225789 226407 NC_002971.gbk
880 64.6 4500993 4500364 genome.dna 225136 225790 NC_002971.gbk
539 83.0 4501337 4501026 genome.dna 224782 225115 NC_002971.gbk
3315 69.0 4505956 4503842 genome.dna 221284 223384 NC_002971.gbk
463 53.4 4506523 4506053 genome.dna 220699 221275 NC_002971.gbk
679 81.3 4506994 4506620 genome.dna 220312 220687 NC_002971.gbk
1718 48.3 4523306 4525213 genome.dna 1867937 1869536 NC_002971.gbk
763 59.8 4531820 4531245 genome.dna 1799268 1798662 NC_002971.gbk
502 36.9 4551834 4552562 genome.dna 422597 423263 NC_002971.gbk
625 43.1 4552562 4553296 genome.dna 423259 423931 NC_002971.gbk
837 51.6 4553293 4554057 genome.dna 421032 421785 NC_002971.gbk
456 33.2 4557783 4556779 genome.dna 1956377 1955306 NC_002971.gbk
347 32.5 4558484 4557780 genome.dna 317086 316402 NC_002971.gbk
722 49.1 4559154 4558477 genome.dna 1799917 1799248 NC_002971.gbk
1033 46.7 4562421 4561336 genome.dna 1815849 1816932 NC_002971.gbk
476 44.5 4562994 4562473 genome.dna 1815313 1815853 NC_002971.gbk
625 35.2 4564527 4563346 genome.dna 1814331 1815381 NC_002971.gbk
2028 45.0 4567199 4569754 genome.dna 1812582 1810200 NC_002971.gbk
555 47.1 4570394 4569837 genome.dna 545873 546419 NC_002971.gbk
1373 45.8 4575473 4577092 genome.dna 1993171 1991617 NC_002971.gbk
711 45.6 4579442 4578723 genome.dna 1912714 1911976 NC_002971.gbk
356 30.6 4613436 4612669 genome.dna 951108 950403 NC_002971.gbk
1583 48.5 4622349 4623851 genome.dna 881981 880490 NC_002971.gbk
553 41.2 4645142 4645735 genome.dna 251007 251601 NC_002971.gbk
2229 55.6 4664050 4662224 genome.dna 414285 416091 NC_002971.gbk
2797 58.5 4672431 4670269 genome.dna 1959160 1961323 NC_002971.gbk
971 53.3 4675687 4674863 genome.dna 1885703 1884872 NC_002971.gbk
859 46.4 4680620 4681561 genome.dna 1976621 1977545 NC_002971.gbk
305 30.5 4702353 4701286 genome.dna 618345 619380 NC_002971.gbk
520 30.7 4703612 4702350 genome.dna 800445 799155 NC_002971.gbk
330 32.1 4704862 4703738 genome.dna 795878 796976 NC_002971.gbk
638 34.1 4707095 4705998 genome.dna 477655 478723 NC_002971.gbk
2219 80.3 4708658 4707399 genome.dna 1987169 1985912 NC_002971.gbk
435 56.5 4709479 4709153 genome.dna 1987683 1987344 NC_002971.gbk
452 33.6 4748208 4747351 genome.dna 265792 264949 NC_002971.gbk
820 43.9 4755209 4754301 genome.dna 1432164 1431228 NC_002971.gbk
670 39.2 4756712 4755816 genome.dna 1952777 1951904 NC_002971.gbk
1035 44.4 4766891 4765731 genome.dna 1932862 1934026 NC_002971.gbk
280 53.8 4770684 4770469 genome.dna 855878 855638 NC_002971.gbk
1816 44.6 4770998 4773196 genome.dna 1746980 1744991 NC_002971.gbk
829 74.9 4775884 4776414 genome.dna 1917775 1918321 NC_002971.gbk
1912 65.7 4776424 4777755 genome.dna 1918399 1919743 NC_002971.gbk
1722 50.8 4781238 4782749 genome.dna 882098 883604 NC_002971.gbk
736 47.5 4786326 4787093 genome.dna 1402861 1402093 NC_002971.gbk
834 44.9 4825789 4824827 genome.dna 310146 309165 NC_002971.gbk
577 57.2 4834867 4834403 genome.dna 1468221 1468680 NC_002971.gbk
564 36.6 4837408 4836659 genome.dna 591519 592272 NC_002971.gbk
1035 58.7 4866035 4865178 genome.dna 1828482 1829349 NC_002971.gbk
885 63.0 4867996 4867325 genome.dna 1825530 1826184 NC_002971.gbk
611 52.0 4869761 4870336 genome.dna 1821155 1820573 NC_002971.gbk
291 45.5 4871324 4871004 genome.dna 1023591 1023252 NC_002971.gbk
790 42.7 4882515 4883447 genome.dna 1169284 1168354 NC_002971.gbk
3607 67.5 4981440 4979023 genome.dna 4127 6554 NC_002971.gbk
749 34.5 4982544 4981459 genome.dna 2722 3826 NC_002971.gbk
1149 49.2 4983694 4982594 genome.dna 1638 2748 NC_002971.gbk
1754 66.5 4985096 4983699 genome.dna 139 1495 NC_002971.gbk
246 84.1 4985770 4985910 genome.dna 1836035 1836170 NC_002971.gbk
219 33.3 4985929 4986288 genome.dna 1836169 1836535 NC_002971.gbk
1379 39.3 4986512 4988146 genome.dna 1836744 1838445 NC_002971.gbk
1636 55.9 4988276 4989640 genome.dna 1838875 1840297 NC_002971.gbk
1029 38.7 5026700 5027902 genome.dna 459903 458718 NC_002971.gbk
2259 55.7 5049054 5047222 genome.dna 1718364 1720200 NC_002971.gbk
1607 52.5 5050610 5049240 genome.dna 1863859 1865227 NC_002971.gbk
470 52.2 5053946 5053527 genome.dna 1863412 1863841 NC_002971.gbk
2458 81.9 5055348 5053966 genome.dna 1861903 1863289 NC_002971.gbk
1146 59.5 5056259 5055396 genome.dna 1860932 1861802 NC_002971.gbk
2334 68.2 5057853 5056312 genome.dna 1859286 1860834 NC_002971.gbk
482 46.2 5058884 5058414 genome.dna 1858251 1858722 NC_002971.gbk
613 51.8 5060037 5059237 genome.dna 1857008 1857803 NC_002971.gbk
477 35.7 5061686 5061066 genome.dna 1842524 1843139 NC_002971.gbk
2638 63.8 5063659 5061770 genome.dna 1840693 1842493 NC_002971.gbk
