271 34.8 1026 565 genome.dna 1412149 1411723 NC_000961.gbk
1046 36.9 10948 12453 genome.dna 1505861 1504364 NC_000961.gbk
777 42.7 36667 35258 genome.dna 320075 321407 NC_000961.gbk
613 33.4 62838 64181 genome.dna 1413523 1412254 NC_000961.gbk
616 39.2 153705 152758 genome.dna 206484 207402 NC_000961.gbk
719 44.9 155671 154589 genome.dna 64948 66034 NC_000961.gbk
636 32.9 166824 165547 genome.dna 1294012 1295218 NC_000961.gbk
958 40.8 186786 187982 genome.dna 258630 259827 NC_000961.gbk
1011 42.8 187993 189078 genome.dna 587614 588661 NC_000961.gbk
496 38.3 217784 218788 genome.dna 1511274 1510281 NC_000961.gbk
645 35.6 250357 251541 genome.dna 1327770 1326483 NC_000961.gbk
290 36.6 252872 253300 genome.dna 620 125 NC_000961.gbk
322 34.9 253304 254008 genome.dna 61 1737906 NC_000961.gbk
444 36.0 270806 270027 genome.dna 49774 49081 NC_000961.gbk
714 31.4 280242 278956 genome.dna 291855 293172 NC_000961.gbk
225 34.3 307112 306645 genome.dna 1155543 1155093 NC_000961.gbk
349 37.6 315964 316557 genome.dna 1682800 1683361 NC_000961.gbk
752 31.4 321945 323390 genome.dna 222294 223809 NC_000961.gbk
309 31.0 341977 341009 genome.dna 435476 434498 NC_000961.gbk
187 35.4 352645 353037 genome.dna 1447210 1446802 NC_000961.gbk
988 37.2 357036 355618 genome.dna 784634 783215 NC_000961.gbk
378 32.6 417112 416177 genome.dna 1308012 1307079 NC_000961.gbk
418 50.8 431880 431494 genome.dna 762636 762222 NC_000961.gbk
415 41.3 432443 431979 genome.dna 643555 644014 NC_000961.gbk
1021 52.8 433394 432459 genome.dna 642628 643555 NC_000961.gbk
644 40.5 435364 434357 genome.dna 646954 647908 NC_000961.gbk
321 37.0 452937 452395 genome.dna 139231 138697 NC_000961.gbk
447 33.3 572685 573470 genome.dna 1425415 1426165 NC_000961.gbk
237 35.4 692962 692627 genome.dna 901962 902271 NC_000961.gbk
466 39.7 755628 756641 genome.dna 1726669 1727644 NC_000961.gbk
471 33.8 761351 760380 genome.dna 977250 978279 NC_000961.gbk
655 33.8 771082 772419 genome.dna 832997 831629 NC_000961.gbk
333 33.8 812975 814090 genome.dna 1042727 1041521 NC_000961.gbk
375 49.6 814149 814541 genome.dna 1185950 1185533 NC_000961.gbk
534 32.5 819141 820013 genome.dna 1094202 1095081 NC_000961.gbk
437 30.9 932060 931182 genome.dna 978540 979374 NC_000961.gbk
785 44.0 1128600 1127662 genome.dna 718995 719847 NC_000961.gbk
726 38.2 1129588 1128602 genome.dna 718012 718984 NC_000961.gbk
871 33.2 1131228 1129642 genome.dna 716177 717971 NC_000961.gbk
573 42.6 1159320 1160081 genome.dna 1411066 1410271 NC_000961.gbk
132 33.9 1168997 1169593 genome.dna 1457514 1456851 NC_000961.gbk
488 34.8 1202667 1201900 genome.dna 1111072 1110319 NC_000961.gbk
321 30.9 1270601 1269999 genome.dna 1096032 1096683 NC_000961.gbk
363 30.1 1281190 1282170 genome.dna 1593463 1594393 NC_000961.gbk
304 30.1 1288972 1288064 genome.dna 1254739 1253833 NC_000961.gbk
184 30.1 1310544 1309849 genome.dna 71181 70371 NC_000961.gbk
493 35.9 1335658 1336302 genome.dna 1017043 1016380 NC_000961.gbk
708 41.3 1358126 1357212 genome.dna 432511 433408 NC_000961.gbk
199 31.1 1400772 1401275 genome.dna 600819 600360 NC_000961.gbk
768 36.6 1402802 1401792 genome.dna 656198 655187 NC_000961.gbk
862 39.7 1403920 1402802 genome.dna 785958 787062 NC_000961.gbk
156 36.8 1404198 1403920 genome.dna 785730 785958 NC_000961.gbk
258 33.3 1408623 1408141 genome.dna 892227 892671 NC_000961.gbk
1130 35.9 1422749 1425052 genome.dna 801901 804223 NC_000961.gbk
627 38.1 1427931 1426894 genome.dna 284406 283401 NC_000961.gbk
671 45.1 1436929 1437642 genome.dna 212901 212184 NC_000961.gbk
519 38.4 1467907 1467197 genome.dna 1519376 1520057 NC_000961.gbk
245 32.8 1468782 1468399 genome.dna 1338340 1338712 NC_000961.gbk
747 31.8 1504627 1506285 genome.dna 1484738 1483025 NC_000961.gbk
402 47.9 1514785 1514357 genome.dna 1141134 1141557 NC_000961.gbk
492 37.8 1530248 1530991 genome.dna 563421 564174 NC_000961.gbk
585 41.8 1531148 1531804 genome.dna 898799 899477 NC_000961.gbk
568 35.0 1531798 1532742 genome.dna 899467 900463 NC_000961.gbk
532 42.4 1533499 1534146 genome.dna 534898 535519 NC_000961.gbk
564 34.9 1558773 1559834 genome.dna 11032 10129 NC_000961.gbk
658 37.2 1561588 1560626 genome.dna 800922 801810 NC_000961.gbk
778 31.3 1598005 1595975 genome.dna 904490 902318 NC_000961.gbk
1282 44.9 1631952 1633361 genome.dna 834396 833001 NC_000961.gbk
520 32.3 1635671 1634820 genome.dna 379301 380174 NC_000961.gbk
641 55.8 1636204 1635668 genome.dna 378734 379301 NC_000961.gbk
1273 39.2 1754157 1752061 genome.dna 1221139 1219099 NC_000961.gbk
883 36.0 1768623 1769945 genome.dna 1164065 1165343 NC_000961.gbk
519 31.9 1775956 1776978 genome.dna 1148721 1147638 NC_000961.gbk
484 43.4 1779652 1780665 genome.dna 48542 47555 NC_000961.gbk
509 39.0 1780662 1781378 genome.dna 598071 597384 NC_000961.gbk
978 31.6 1937404 1939404 genome.dna 440812 443113 NC_000961.gbk
329 39.0 1939436 1939933 genome.dna 437064 436626 NC_000961.gbk
401 34.9 1942291 1943163 genome.dna 438528 439371 NC_000961.gbk
943 42.4 1943163 1944215 genome.dna 439743 440850 NC_000961.gbk
244 33.9 1944254 1944643 genome.dna 439363 439726 NC_000961.gbk
354 44.4 2009604 2010017 genome.dna 1007010 1007445 NC_000961.gbk
237 49.4 2010635 2010913 genome.dna 270757 271033 NC_000961.gbk
347 35.1 2048443 2049102 genome.dna 1490384 1489766 NC_000961.gbk
556 40.6 2074702 2075532 genome.dna 855178 854428 NC_000961.gbk
1016 38.8 2102354 2104732 genome.dna 75246 77712 NC_000961.gbk
666 44.9 2114428 2115174 genome.dna 1248479 1249223 NC_000961.gbk
990 38.6 2121733 2120321 genome.dna 510221 508784 NC_000961.gbk
852 35.2 2336995 2338260 genome.dna 1336904 1338221 NC_000961.gbk
932 43.7 2463282 2462086 genome.dna 645170 644003 NC_000961.gbk
500 31.2 2489732 2488785 genome.dna 1670713 1671577 NC_000961.gbk
794 32.4 2542867 2544249 genome.dna 122733 124134 NC_000961.gbk
428 35.4 2585970 2586605 genome.dna 1336393 1335724 NC_000961.gbk
360 31.8 2595969 2596559 genome.dna 64024 63496 NC_000961.gbk
393 32.6 2607572 2608762 genome.dna 1404607 1405987 NC_000961.gbk
994 46.7 2627092 2626058 genome.dna 1273175 1274165 NC_000961.gbk
997 47.7 2628084 2627089 genome.dna 1701473 1700504 NC_000961.gbk
581 35.4 2651794 2652813 genome.dna 57594 56607 NC_000961.gbk
198 39.1 2652833 2653480 genome.dna 907655 908198 NC_000961.gbk
482 37.2 2657649 2656798 genome.dna 30562 29740 NC_000961.gbk
533 44.2 2677723 2677067 genome.dna 576459 577152 NC_000961.gbk
319 31.1 2679167 2679979 genome.dna 550505 549767 NC_000961.gbk
236 30.6 2724246 2725070 genome.dna 161046 160272 NC_000961.gbk
974 30.1 2726216 2727934 genome.dna 1522198 1520449 NC_000961.gbk
321 31.0 2741372 2740491 genome.dna 1130036 1130915 NC_000961.gbk
185 32.7 2770193 2769657 genome.dna 1594370 1594898 NC_000961.gbk
1056 47.6 2791280 2792458 genome.dna 288362 289664 NC_000961.gbk
361 34.2 2801685 2802443 genome.dna 699728 700454 NC_000961.gbk
490 35.2 2864092 2865492 genome.dna 215619 214314 NC_000961.gbk
839 37.0 2975613 2974318 genome.dna 633585 632202 NC_000961.gbk
281 31.8 2981911 2981417 genome.dna 1354341 1354797 NC_000961.gbk
206 35.0 3002657 3002334 genome.dna 1480572 1480218 NC_000961.gbk
172 30.8 3135924 3135382 genome.dna 1582588 1582036 NC_000961.gbk
122 31.0 3155372 3155127 genome.dna 519504 519234 NC_000961.gbk
345 45.9 3155863 3155369 genome.dna 1575928 1575448 NC_000961.gbk
246 32.0 3156400 3155882 genome.dna 471492 472014 NC_000961.gbk
460 31.3 3157424 3156435 genome.dna 98754 97803 NC_000961.gbk
442 39.1 3169188 3169883 genome.dna 1566986 1567661 NC_000961.gbk
646 34.3 3178804 3180039 genome.dna 520714 519505 NC_000961.gbk
567 31.1 3289547 3288372 genome.dna 1516045 1514959 NC_000961.gbk
942 38.4 3389494 3390708 genome.dna 1189235 1190441 NC_000961.gbk
466 42.4 3408161 3407589 genome.dna 921363 920817 NC_000961.gbk
558 40.7 3409858 3408341 genome.dna 212957 214307 NC_000961.gbk
222 33.6 3415469 3414618 genome.dna 1115696 1116485 NC_000961.gbk
661 36.0 3455799 3454780 genome.dna 698749 699745 NC_000961.gbk
1264 49.7 3519048 3517663 genome.dna 572307 570876 NC_000961.gbk
650 32.7 3540580 3539417 genome.dna 333695 332642 NC_000961.gbk
474 30.2 3541630 3540590 genome.dna 328925 327941 NC_000961.gbk
1036 47.5 3546479 3545397 genome.dna 170497 171625 NC_000961.gbk
506 31.0 3549622 3550470 genome.dna 666389 667229 NC_000961.gbk
512 39.8 3578361 3577567 genome.dna 1051413 1050615 NC_000961.gbk
964 48.3 3592205 3590739 genome.dna 271722 273183 NC_000961.gbk
408 45.5 3608433 3608005 genome.dna 622927 623410 NC_000961.gbk
220 31.9 3622920 3623723 genome.dna 1650928 1650163 NC_000961.gbk
818 37.0 3625021 3626103 genome.dna 1112100 1111068 NC_000961.gbk
805 36.8 3635387 3634134 genome.dna 1459309 1460593 NC_000961.gbk
360 34.5 3689812 3691413 genome.dna 13692 12297 NC_000961.gbk
668 43.5 3732844 3733638 genome.dna 858381 857529 NC_000961.gbk
582 33.6 3736813 3735875 genome.dna 1233096 1234023 NC_000961.gbk
604 35.8 3742499 3743362 genome.dna 187327 186484 NC_000961.gbk
957 35.7 3776200 3774839 genome.dna 1489735 1488397 NC_000961.gbk
723 43.5 3898447 3899475 genome.dna 628476 627381 NC_000961.gbk
1443 55.7 4001743 4000448 genome.dna 1683402 1684689 NC_000961.gbk
1582 52.0 4003479 4001842 genome.dna 1559302 1560976 NC_000961.gbk
457 42.3 4039680 4040210 genome.dna 1659953 1660490 NC_000961.gbk
168 30.3 4040654 4040304 genome.dna 736974 737325 NC_000961.gbk
192 35.1 4079441 4080034 genome.dna 1666857 1666296 NC_000961.gbk
260 40.2 4137049 4136630 genome.dna 518836 519238 NC_000961.gbk
496 32.4 4185816 4184818 genome.dna 665451 666393 NC_000961.gbk
448 30.2 4203411 4204295 genome.dna 755505 754641 NC_000961.gbk
487 35.1 4244964 4245854 genome.dna 9327 8475 NC_000961.gbk
465 35.4 4283764 4284855 genome.dna 1513279 1512307 NC_000961.gbk
699 39.3 4296705 4297769 genome.dna 1215513 1216557 NC_000961.gbk
504 40.9 4373604 4372945 genome.dna 1242654 1241964 NC_000961.gbk
315 34.8 4379941 4378778 genome.dna 1096765 1097998 NC_000961.gbk
371 33.3 4398393 4397095 genome.dna 400945 401965 NC_000961.gbk
635 35.5 4402445 4401165 genome.dna 1028367 1027086 NC_000961.gbk
447 40.1 4477982 4478530 genome.dna 1411584 1411062 NC_000961.gbk
216 42.1 4490164 4489775 genome.dna 1449399 1448985 NC_000961.gbk
224 32.7 4494208 4493675 genome.dna 1541912 1541348 NC_000961.gbk
192 33.1 4494614 4494222 genome.dna 1542306 1541913 NC_000961.gbk
244 42.2 4496217 4495846 genome.dna 1544610 1544175 NC_000961.gbk
95 31.2 4496826 4496635 genome.dna 1545726 1545519 NC_000961.gbk
297 32.1 4497950 4497249 genome.dna 1546345 1545712 NC_000961.gbk
477 34.6 4499431 4498610 genome.dna 1547956 1547236 NC_000961.gbk
221 37.0 4501337 4501026 genome.dna 1326447 1326138 NC_000961.gbk
645 35.6 4503772 4502588 genome.dna 1327770 1326483 NC_000961.gbk
397 30.6 4518864 4519643 genome.dna 1655536 1656385 NC_000961.gbk
300 35.6 4528763 4528356 genome.dna 1316031 1316478 NC_000961.gbk
724 36.9 4531124 4529898 genome.dna 1509530 1508429 NC_000961.gbk
348 34.0 4560090 4559278 genome.dna 940400 941393 NC_000961.gbk
436 34.2 4674165 4673230 genome.dna 1587911 1588769 NC_000961.gbk
906 42.6 4686472 4685315 genome.dna 950299 949135 NC_000961.gbk
1102 40.6 4690836 4689472 genome.dna 761536 760183 NC_000961.gbk
534 46.9 4702353 4701286 genome.dna 377636 378647 NC_000961.gbk
865 38.3 4703612 4702350 genome.dna 1436445 1435188 NC_000961.gbk
471 39.9 4704862 4703738 genome.dna 1435066 1434055 NC_000961.gbk
1046 35.0 4719117 4720601 genome.dna 1227737 1229351 NC_000961.gbk
441 33.7 4759858 4759052 genome.dna 22756 21922 NC_000961.gbk
749 35.4 4766891 4765731 genome.dna 993750 992634 NC_000961.gbk
378 35.5 4789295 4788411 genome.dna 575674 576463 NC_000961.gbk
1042 48.2 4838481 4837408 genome.dna 667228 668302 NC_000961.gbk
920 37.5 4859267 4858077 genome.dna 183286 181999 NC_000961.gbk
1018 47.8 4927471 4926491 genome.dna 1272184 1273174 NC_000961.gbk
749 35.6 4929420 4928401 genome.dna 1270033 1271032 NC_000961.gbk
749 35.6 4929420 4928401 genome.dna 1270033 1271032 NC_000961.gbk
1119 41.1 5010680 5009268 genome.dna 1054091 1055423 NC_000961.gbk
711 37.8 5026700 5027902 genome.dna 1238357 1237187 NC_000961.gbk
708 38.2 5028745 5027972 genome.dna 898025 898793 NC_000961.gbk
928 45.2 5049054 5047222 genome.dna 220654 218848 NC_000961.gbk
