839 41.7 36667 35258 genome.dna 330930 329454 NC_003551.gbk
725 39.1 217784 218788 genome.dna 1044459 1045491 NC_003551.gbk
406 36.4 218826 219599 genome.dna 1632738 1633479 NC_003551.gbk
717 32.0 219661 221034 genome.dna 582307 580780 NC_003551.gbk
1005 49.1 228573 229595 genome.dna 192632 191624 NC_003551.gbk
636 35.2 250357 251541 genome.dna 237738 236466 NC_003551.gbk
305 38.1 252872 253300 genome.dna 783169 783670 NC_003551.gbk
286 34.8 253304 254008 genome.dna 783683 784328 NC_003551.gbk
655 30.3 280242 278956 genome.dna 1039858 1038508 NC_003551.gbk
746 39.9 313270 314313 genome.dna 164624 165806 NC_003551.gbk
555 32.8 321945 323390 genome.dna 918106 919444 NC_003551.gbk
1058 39.7 329415 330869 genome.dna 1079302 1077886 NC_003551.gbk
425 36.4 338215 337490 genome.dna 1219331 1218617 NC_003551.gbk
224 37.5 352645 353037 genome.dna 1498585 1498990 NC_003551.gbk
635 37.9 362158 363087 genome.dna 41649 40641 NC_003551.gbk
359 34.9 432443 431979 genome.dna 1502085 1502556 NC_003551.gbk
917 47.5 433394 432459 genome.dna 1501159 1502089 NC_003551.gbk
522 35.2 435364 434357 genome.dna 1038509 1037570 NC_003551.gbk
253 39.6 692962 692627 genome.dna 1511251 1511560 NC_003551.gbk
611 35.8 755628 756641 genome.dna 1484460 1485501 NC_003551.gbk
323 30.7 757677 758612 genome.dna 1037562 1036608 NC_003551.gbk
611 34.5 761351 760380 genome.dna 736510 735535 NC_003551.gbk
169 35.6 767354 767061 genome.dna 1624839 1624521 NC_003551.gbk
698 31.9 771082 772419 genome.dna 842461 841102 NC_003551.gbk
220 32.2 782481 783425 genome.dna 128607 127590 NC_003551.gbk
461 30.2 932060 931182 genome.dna 705043 705874 NC_003551.gbk
400 34.7 985221 986075 genome.dna 1534461 1535247 NC_003551.gbk
168 30.1 1002298 1002951 genome.dna 1422678 1422003 NC_003551.gbk
591 41.3 1159320 1160081 genome.dna 729026 728210 NC_003551.gbk
169 32.7 1168997 1169593 genome.dna 178821 179454 NC_003551.gbk
375 32.4 1316909 1318201 genome.dna 51990 53284 NC_003551.gbk
704 35.8 1402802 1401792 genome.dna 1563039 1562040 NC_003551.gbk
458 38.4 1403920 1402802 genome.dna 214513 213460 NC_003551.gbk
179 38.2 1404198 1403920 genome.dna 214739 214460 NC_003551.gbk
1440 37.7 1420602 1422752 genome.dna 311716 313774 NC_003551.gbk
707 39.1 1422749 1425052 genome.dna 608511 606222 NC_003551.gbk
713 37.6 1427931 1426894 genome.dna 1211850 1210812 NC_003551.gbk
780 44.9 1434853 1435731 genome.dna 1617411 1616508 NC_003551.gbk
657 44.0 1436929 1437642 genome.dna 752647 751903 NC_003551.gbk
199 35.8 1468782 1468399 genome.dna 1202099 1201703 NC_003551.gbk
233 32.6 1514785 1514357 genome.dna 628776 628362 NC_003551.gbk
930 41.5 1537737 1539503 genome.dna 785986 787657 NC_003551.gbk
385 38.5 1544898 1546064 genome.dna 697283 698363 NC_003551.gbk
983 53.0 1546064 1546936 genome.dna 698366 699230 NC_003551.gbk
357 31.1 1576123 1576893 genome.dna 1533709 1534465 NC_003551.gbk
1304 32.5 1598005 1595975 genome.dna 808374 806367 NC_003551.gbk
425 39.8 1600255 1600836 genome.dna 281142 280560 NC_003551.gbk
668 31.6 1633374 1634744 genome.dna 876956 878327 NC_003551.gbk
528 30.9 1775956 1776978 genome.dna 376295 375269 NC_003551.gbk
595 35.5 1778057 1778830 genome.dna 559711 560467 NC_003551.gbk
826 53.2 1778827 1779630 genome.dna 560457 561198 NC_003551.gbk
409 33.3 2050132 2050929 genome.dna 509916 510690 NC_003551.gbk
524 42.5 2074702 2075532 genome.dna 1042422 1043175 NC_003551.gbk
766 38.9 2102354 2104732 genome.dna 242468 244781 NC_003551.gbk
680 33.2 2116495 2117718 genome.dna 1468675 1467490 NC_003551.gbk
513 32.5 2489732 2488785 genome.dna 1669534 1670410 NC_003551.gbk
648 34.3 2491599 2492855 genome.dna 194676 193461 NC_003551.gbk
307 30.1 2585970 2586605 genome.dna 188218 187516 NC_003551.gbk
637 34.0 2605113 2606180 genome.dna 634979 635999 NC_003551.gbk
1480 58.2 2607572 2608762 genome.dna 745707 746904 NC_003551.gbk
524 36.7 2608762 2609568 genome.dna 383305 384133 NC_003551.gbk
361 30.9 2864092 2865492 genome.dna 676400 675104 NC_003551.gbk
282 34.1 2869134 2868487 genome.dna 1635241 1634605 NC_003551.gbk
439 35.2 2916384 2917283 genome.dna 353614 352762 NC_003551.gbk
934 41.1 2917289 2918617 genome.dna 677739 676443 NC_003551.gbk
431 31.5 2918614 2919687 genome.dna 1455565 1456741 NC_003551.gbk
429 40.7 2920770 2921360 genome.dna 1526043 1526646 NC_003551.gbk
441 43.2 2922086 2922862 genome.dna 170073 169254 NC_003551.gbk
797 37.1 2928002 2926713 genome.dna 590309 591596 NC_003551.gbk
283 38.2 3155863 3155369 genome.dna 516606 516135 NC_003551.gbk
274 33.6 3156400 3155882 genome.dna 515606 516128 NC_003551.gbk
783 46.7 3302638 3301757 genome.dna 1445791 1444990 NC_003551.gbk
627 43.4 3336744 3335911 genome.dna 1564628 1565369 NC_003551.gbk
393 35.5 3408161 3407589 genome.dna 1492431 1491876 NC_003551.gbk
658 40.3 3409858 3408341 genome.dna 1651831 1650475 NC_003551.gbk
239 33.9 3415469 3414618 genome.dna 837130 836359 NC_003551.gbk
562 47.6 3427528 3426443 genome.dna 592608 593769 NC_003551.gbk
703 35.9 3512886 3511738 genome.dna 154882 156067 NC_003551.gbk
383 42.8 3521609 3522118 genome.dna 1189568 1190054 NC_003551.gbk
1471 49.2 3592205 3590739 genome.dna 1610417 1608908 NC_003551.gbk
581 32.6 3603229 3601955 genome.dna 1556613 1555347 NC_003551.gbk
423 46.3 3608433 3608005 genome.dna 1601231 1601696 NC_003551.gbk
324 30.9 3622783 3622058 genome.dna 483854 483149 NC_003551.gbk
758 38.1 3635387 3634134 genome.dna 117214 115927 NC_003551.gbk
333 46.9 3640872 3640534 genome.dna 53305 53659 NC_003551.gbk
1372 48.6 3714803 3716083 genome.dna 272499 271206 NC_003551.gbk
869 36.8 3776200 3774839 genome.dna 1620722 1619378 NC_003551.gbk
725 44.2 3898447 3899475 genome.dna 327753 326766 NC_003551.gbk
446 32.3 3918901 3920391 genome.dna 225320 226688 NC_003551.gbk
487 44.0 3961248 3960622 genome.dna 273411 274092 NC_003551.gbk
1414 55.0 4001743 4000448 genome.dna 1647792 1649076 NC_003551.gbk
1917 54.8 4003479 4001842 genome.dna 199021 197413 NC_003551.gbk
428 40.7 4039680 4040210 genome.dna 1480294 1480825 NC_003551.gbk
135 32.9 4079133 4079423 genome.dna 262261 262552 NC_003551.gbk
156 36.9 4079441 4080034 genome.dna 1604117 1603550 NC_003551.gbk
249 35.8 4137049 4136630 genome.dna 775368 774936 NC_003551.gbk
540 40.9 4244964 4245854 genome.dna 416912 417761 NC_003551.gbk
924 43.8 4258960 4257809 genome.dna 781210 782434 NC_003551.gbk
403 42.0 4277861 4277370 genome.dna 509775 509271 NC_003551.gbk
1753 47.3 4279582 4277864 genome.dna 495058 496756 NC_003551.gbk
829 41.7 4282166 4283764 genome.dna 373773 375273 NC_003551.gbk
537 38.9 4283764 4284855 genome.dna 743655 744663 NC_003551.gbk
510 36.8 4284858 4286258 genome.dna 1473566 1472309 NC_003551.gbk
392 32.3 4319027 4319845 genome.dna 894342 893505 NC_003551.gbk
411 44.2 4331847 4330699 genome.dna 453241 452155 NC_003551.gbk
636 40.7 4333114 4332293 genome.dna 1449776 1450604 NC_003551.gbk
669 33.9 4338181 4335368 genome.dna 848388 851631 NC_003551.gbk
408 36.2 4354760 4353831 genome.dna 324529 325426 NC_003551.gbk
293 33.9 4362122 4362661 genome.dna 1520475 1519962 NC_003551.gbk
305 31.5 4373604 4372945 genome.dna 1667828 1667189 NC_003551.gbk
483 34.0 4379941 4378778 genome.dna 1665924 1664703 NC_003551.gbk
326 33.9 4398393 4397095 genome.dna 221713 220672 NC_003551.gbk
719 38.1 4402445 4401165 genome.dna 424098 425370 NC_003551.gbk
649 32.9 4409618 4408062 genome.dna 770355 768855 NC_003551.gbk
358 33.5 4477982 4478530 genome.dna 107560 108058 NC_003551.gbk
330 35.0 4479596 4478769 genome.dna 113037 112164 NC_003551.gbk
217 45.5 4490164 4489775 genome.dna 1496473 1496887 NC_003551.gbk
154 34.3 4490537 4490181 genome.dna 1495426 1495882 NC_003551.gbk
191 31.2 4494614 4494222 genome.dna 1209367 1209760 NC_003551.gbk
251 41.4 4496217 4495846 genome.dna 1206954 1207356 NC_003551.gbk
224 38.8 4501337 4501026 genome.dna 236423 236114 NC_003551.gbk
636 35.2 4503772 4502588 genome.dna 237738 236466 NC_003551.gbk
1024 41.8 4531124 4529898 genome.dna 1616505 1615335 NC_003551.gbk
584 45.6 4531820 4531245 genome.dna 407748 407169 NC_003551.gbk
227 32.0 4675687 4674863 genome.dna 406407 405567 NC_003551.gbk
738 42.5 4680620 4681561 genome.dna 707525 708443 NC_003551.gbk
999 38.9 4690836 4689472 genome.dna 1055544 1054125 NC_003551.gbk
367 32.7 4702353 4701286 genome.dna 692456 693386 NC_003551.gbk
576 42.5 4729969 4728119 genome.dna 1192280 1190630 NC_003551.gbk
674 38.5 4730969 4730043 genome.dna 1629821 1628933 NC_003551.gbk
236 32.1 4846439 4847095 genome.dna 1597108 1597681 NC_003551.gbk
844 52.6 5018328 5017552 genome.dna 1689883 1689118 NC_003551.gbk
1581 44.6 5049054 5047222 genome.dna 122115 120261 NC_003551.gbk
