373 30.5 599597 601615 genome.dna 37138 35026 NC_003042.gbk
470 38.6 1763515 1764231 genome.dna 5804 5168 NC_003042.gbk
109 32.7 1924289 1923957 genome.dna 49856 49505 NC_003042.gbk
454 49.3 1026 565 genome.dna 1926769 1927240 NC_003366.gbk
733 50.2 1179 2171 genome.dna 2265620 2266631 NC_003366.gbk
386 43.9 10521 10940 genome.dna 1904834 1904438 NC_003366.gbk
1694 52.2 10948 12453 genome.dna 1904352 1902846 NC_003366.gbk
1065 56.8 12461 13429 genome.dna 1902833 1901897 NC_003366.gbk
788 40.9 14538 15464 genome.dna 1905769 1904836 NC_003366.gbk
660 36.9 15468 16463 genome.dna 1900825 1899838 NC_003366.gbk
314 34.8 22684 22163 genome.dna 2073883 2073400 NC_003366.gbk
1124 35.8 25826 28615 genome.dna 2285749 2283148 NC_003366.gbk
459 42.7 29669 29034 genome.dna 1638699 1638105 NC_003366.gbk
2077 53.7 37037 38860 genome.dna 2054156 2052323 NC_003366.gbk
403 40.7 39698 40135 genome.dna 2219608 2219158 NC_003366.gbk
708 35.7 44746 43358 genome.dna 512727 511368 NC_003366.gbk
1289 36.5 47188 45107 genome.dna 2009093 2007020 NC_003366.gbk
521 42.7 50956 50333 genome.dna 2025933 2025273 NC_003366.gbk
1726 59.0 62838 64181 genome.dna 1776904 1775557 NC_003366.gbk
2146 51.8 67552 65657 genome.dna 2480159 2477981 NC_003366.gbk
411 39.3 96727 96284 genome.dna 906583 907048 NC_003366.gbk
621 48.2 110262 109636 genome.dna 1444466 1443782 NC_003366.gbk
300 31.4 123485 122910 genome.dna 2365755 2365173 NC_003366.gbk
453 30.3 124086 125432 genome.dna 861785 860567 NC_003366.gbk
552 33.0 151546 150683 genome.dna 2027081 2026196 NC_003366.gbk
734 39.9 156579 155680 genome.dna 2609972 2609057 NC_003366.gbk
914 59.3 162282 162998 genome.dna 2587846 2587099 NC_003366.gbk
976 41.5 166824 165547 genome.dna 2025075 2023887 NC_003366.gbk
469 39.0 166978 167643 genome.dna 2456266 2455582 NC_003366.gbk
109 32.7 168129 168296 genome.dna 2769147 2768997 NC_003366.gbk
483 43.8 170854 170375 genome.dna 2006397 2005902 NC_003366.gbk
820 39.1 192775 193791 genome.dna 2033089 2032093 NC_003366.gbk
517 36.7 207819 208589 genome.dna 500212 500998 NC_003366.gbk
486 33.6 208739 209521 genome.dna 2241409 2240410 NC_003366.gbk
1354 45.6 219661 221034 genome.dna 860474 859073 NC_003366.gbk
963 46.9 228573 229595 genome.dna 1691456 1690490 NC_003366.gbk
312 33.3 237567 238178 genome.dna 2244261 2243607 NC_003366.gbk
425 30.5 247002 247961 genome.dna 838661 839648 NC_003366.gbk
1952 73.2 250357 251541 genome.dna 2754511 2753317 NC_003366.gbk
1952 73.2 250357 251541 genome.dna 2770523 2769329 NC_003366.gbk
449 39.4 252164 252709 genome.dna 2768682 2768160 NC_003366.gbk
566 61.4 252872 253300 genome.dna 2768086 2767660 NC_003366.gbk
719 52.6 253304 254008 genome.dna 2767603 2766913 NC_003366.gbk
346 39.4 254326 254823 genome.dna 2766706 2766196 NC_003366.gbk
423 58.7 254890 255255 genome.dna 2766142 2765776 NC_003366.gbk
2175 46.5 255584 259612 genome.dna 2765472 2761767 NC_003366.gbk
2751 48.7 259736 263959 genome.dna 2761688 2758151 NC_003366.gbk
839 34.8 269046 267925 genome.dna 1874160 1873056 NC_003366.gbk
798 52.2 269828 269043 genome.dna 1874937 1874172 NC_003366.gbk
278 49.4 277924 278196 genome.dna 2837088 2836812 NC_003366.gbk
573 46.8 281849 280260 genome.dna 853719 855225 NC_003366.gbk
737 37.0 301263 300298 genome.dna 2824132 2823151 NC_003366.gbk
431 30.1 303420 302533 genome.dna 2319017 2318075 NC_003366.gbk
1640 54.9 306633 305290 genome.dna 1279309 1280662 NC_003366.gbk
304 32.7 307112 306645 genome.dna 1278384 1278876 NC_003366.gbk
382 43.3 307589 307137 genome.dna 876854 877295 NC_003366.gbk
1253 57.3 313270 314313 genome.dna 2455563 2454534 NC_003366.gbk
417 41.2 315964 316557 genome.dna 2456891 2456312 NC_003366.gbk
962 35.8 321945 323390 genome.dna 428451 429837 NC_003366.gbk
932 35.8 329415 330869 genome.dna 2786800 2785351 NC_003366.gbk
650 38.8 334964 334107 genome.dna 451012 451897 NC_003366.gbk
780 31.3 337440 336007 genome.dna 1547442 1546056 NC_003366.gbk
397 37.7 341977 341009 genome.dna 1834983 1833987 NC_003366.gbk
1253 48.1 345980 347242 genome.dna 2983582 2982328 NC_003366.gbk
517 51.4 352201 352629 genome.dna 2732848 2732413 NC_003366.gbk
560 63.8 352645 353037 genome.dna 2732387 2731994 NC_003366.gbk
968 36.5 357036 355618 genome.dna 1463057 1461650 NC_003366.gbk
762 38.9 362158 363087 genome.dna 2928312 2927376 NC_003366.gbk
651 41.5 372605 373492 genome.dna 359921 360764 NC_003366.gbk
583 36.5 386934 386071 genome.dna 3001561 3002419 NC_003366.gbk
548 33.7 387875 387024 genome.dna 120343 121189 NC_003366.gbk
296 32.3 394956 395693 genome.dna 1672369 1673098 NC_003366.gbk
819 33.4 400586 399423 genome.dna 1051285 1052458 NC_003366.gbk
1033 37.0 413001 411592 genome.dna 1795356 1793892 NC_003366.gbk
1120 40.2 414371 413001 genome.dna 1797857 1796504 NC_003366.gbk
496 31.4 417112 416177 genome.dna 1793900 1792952 NC_003366.gbk
287 37.4 424707 424243 genome.dna 2867442 2866932 NC_003366.gbk
1153 31.7 426927 424789 genome.dna 2873499 2871381 NC_003366.gbk
445 56.2 431880 431494 genome.dna 1215082 1215463 NC_003366.gbk
920 47.5 433394 432459 genome.dna 1379304 1378380 NC_003366.gbk
260 32.2 433843 434310 genome.dna 239592 240045 NC_003366.gbk
1134 53.8 435364 434357 genome.dna 217841 218837 NC_003366.gbk
495 43.4 452937 452395 genome.dna 183766 184318 NC_003366.gbk
875 42.8 460910 458055 genome.dna 2201633 2198990 NC_003366.gbk
935 34.4 463248 461737 genome.dna 2866103 2864621 NC_003366.gbk
990 35.3 506771 505281 genome.dna 401486 402890 NC_003366.gbk
614 30.1 525365 524040 genome.dna 2899032 2897787 NC_003366.gbk
1204 41.2 530287 528905 genome.dna 2782846 2781484 NC_003366.gbk
1629 50.6 533382 534971 genome.dna 768822 767226 NC_003366.gbk
1093 48.1 537938 539215 genome.dna 2857917 2859144 NC_003366.gbk
248 41.7 697176 697469 genome.dna 2635948 2635663 NC_003366.gbk
2005 59.5 697515 699164 genome.dna 2635609 2633989 NC_003366.gbk
402 36.5 704061 704669 genome.dna 1360341 1359729 NC_003366.gbk
1809 54.4 715386 716795 genome.dna 192028 193429 NC_003366.gbk
994 34.2 755031 753277 genome.dna 2300996 2299208 NC_003366.gbk
220 56.9 755400 755185 genome.dna 2315464 2315287 NC_003366.gbk
865 41.2 755628 756641 genome.dna 2554977 2553957 NC_003366.gbk
172 30.7 757206 756736 genome.dna 2095459 2095006 NC_003366.gbk
317 46.6 761608 761919 genome.dna 2440726 2440414 NC_003366.gbk
299 60.5 761939 762196 genome.dna 2440030 2439727 NC_003366.gbk
1035 43.9 763509 764681 genome.dna 2439560 2438273 NC_003366.gbk
403 43.9 766454 766933 genome.dna 2822873 2822396 NC_003366.gbk
194 36.0 767354 767061 genome.dna 2438256 2437953 NC_003366.gbk
1997 52.1 768185 770122 genome.dna 2828798 2826992 NC_003366.gbk
684 42.0 770241 771074 genome.dna 1223622 1224432 NC_003366.gbk
1176 45.3 771082 772419 genome.dna 2681696 2680349 NC_003366.gbk
295 38.4 777307 777729 genome.dna 1966170 1965705 NC_003366.gbk
292 40.0 782083 782481 genome.dna 1961905 1961554 NC_003366.gbk
624 37.0 782481 783425 genome.dna 1960594 1959709 NC_003366.gbk
314 58.5 783547 783816 genome.dna 1958661 1958397 NC_003366.gbk
1959 44.2 784066 786186 genome.dna 1958306 1956197 NC_003366.gbk
1065 40.6 795852 797180 genome.dna 2087922 2086620 NC_003366.gbk
910 45.4 797270 798493 genome.dna 501175 502366 NC_003366.gbk
832 52.2 798538 799257 genome.dna 1649584 1650292 NC_003366.gbk
250 33.1 803045 802602 genome.dna 2482840 2483287 NC_003366.gbk
1001 41.9 812414 811260 genome.dna 567821 568970 NC_003366.gbk
507 32.9 819141 820013 genome.dna 718071 719007 NC_003366.gbk
530 31.4 820003 820902 genome.dna 481292 482120 NC_003366.gbk
1141 32.0 827924 825780 genome.dna 637565 639770 NC_003366.gbk
653 44.3 830229 830876 genome.dna 2194583 2193941 NC_003366.gbk
1573 49.5 844582 846099 genome.dna 2822371 2820865 NC_003366.gbk
415 43.1 927840 927358 genome.dna 1530371 1529900 NC_003366.gbk
318 31.9 932209 932796 genome.dna 2326298 2325671 NC_003366.gbk
450 39.6 937176 936079 genome.dna 136189 137320 NC_003366.gbk
1136 50.1 941591 942676 genome.dna 2703164 2702054 NC_003366.gbk
441 44.9 957261 956803 genome.dna 2519082 2518632 NC_003366.gbk
833 32.6 959189 960961 genome.dna 137345 139094 NC_003366.gbk
655 37.5 987143 988024 genome.dna 228986 229895 NC_003366.gbk
1776 50.5 995970 994243 genome.dna 2717440 2715820 NC_003366.gbk
227 42.4 996273 996016 genome.dna 1944338 1944077 NC_003366.gbk
403 30.4 1029050 1029736 genome.dna 188512 189202 NC_003366.gbk
901 37.7 1125945 1124593 genome.dna 1410814 1409629 NC_003366.gbk
718 34.7 1129588 1128602 genome.dna 2610952 2609986 NC_003366.gbk
501 34.8 1134065 1134883 genome.dna 68346 69108 NC_003366.gbk
742 47.3 1154052 1153258 genome.dna 1634113 1633243 NC_003366.gbk
780 52.9 1154397 1155122 genome.dna 1979139 1978437 NC_003366.gbk
352 43.8 1155257 1156108 genome.dna 1978358 1977446 NC_003366.gbk
755 50.6 1156279 1157004 genome.dna 1977354 1976640 NC_003366.gbk
576 43.9 1157130 1157687 genome.dna 1976627 1976069 NC_003366.gbk
677 41.9 1157925 1159121 genome.dna 1974072 1972917 NC_003366.gbk
714 45.2 1159320 1160081 genome.dna 1976005 1975243 NC_003366.gbk
339 30.9 1160091 1160948 genome.dna 1975226 1974431 NC_003366.gbk
453 50.4 1166572 1167027 genome.dna 1278878 1279298 NC_003366.gbk
1708 38.8 1169670 1173152 genome.dna 457312 460891 NC_003366.gbk
931 53.0 1173165 1174124 genome.dna 1281526 1282342 NC_003366.gbk
465 53.9 1174256 1174645 genome.dna 569989 570382 NC_003366.gbk
1955 40.6 1180703 1178139 genome.dna 1351006 1353736 NC_003366.gbk
556 70.5 1211683 1212024 genome.dna 2971168 2970829 NC_003366.gbk
498 37.8 1221233 1222429 genome.dna 190956 192009 NC_003366.gbk
548 30.8 1248508 1249548 genome.dna 2029939 2028955 NC_003366.gbk
611 42.5 1260789 1261478 genome.dna 2849872 2849185 NC_003366.gbk
944 35.4 1265611 1266930 genome.dna 518305 519643 NC_003366.gbk
1051 47.7 1271755 1272822 genome.dna 2230069 2229043 NC_003366.gbk
1267 49.5 1272920 1274065 genome.dna 2229020 2227877 NC_003366.gbk
524 34.8 1276393 1277361 genome.dna 2224442 2223572 NC_003366.gbk
438 43.5 1278470 1278919 genome.dna 2039125 2038675 NC_003366.gbk
709 33.6 1278982 1280091 genome.dna 704571 705672 NC_003366.gbk
559 54.1 1280201 1280677 genome.dna 707809 708271 NC_003366.gbk
264 35.4 1280702 1281121 genome.dna 2102705 2102297 NC_003366.gbk
1664 42.2 1284598 1282733 genome.dna 2099083 2097223 NC_003366.gbk
638 37.1 1285528 1284617 genome.dna 2100009 2099103 NC_003366.gbk
599 31.4 1299536 1300840 genome.dna 1646382 1645095 NC_003366.gbk
941 71.7 1301367 1301990 genome.dna 1644905 1644320 NC_003366.gbk
1718 63.9 1302154 1303428 genome.dna 1644281 1642973 NC_003366.gbk
2373 47.0 1303620 1306001 genome.dna 1641029 1638698 NC_003366.gbk
570 51.8 1329655 1330212 genome.dna 2222473 2221954 NC_003366.gbk
269 41.3 1332403 1332732 genome.dna 59769 60108 NC_003366.gbk
554 44.7 1332732 1333337 genome.dna 60205 60802 NC_003366.gbk
1344 38.1 1333507 1335396 genome.dna 530898 532770 NC_003366.gbk
665 47.3 1335658 1336302 genome.dna 2741991 2741334 NC_003366.gbk
298 35.3 1352428 1351949 genome.dna 1601335 1600849 NC_003366.gbk
1719 33.8 1356196 1353473 genome.dna 688915 686245 NC_003366.gbk
727 40.4 1358126 1357212 genome.dna 1267576 1268527 NC_003366.gbk
1714 52.4 1363499 1366138 genome.dna 7099 9391 NC_003366.gbk
445 33.5 1381835 1382692 genome.dna 131190 131967 NC_003366.gbk
437 35.1 1426894 1426256 genome.dna 853092 853707 NC_003366.gbk
1106 49.3 1427931 1426894 genome.dna 852103 853105 NC_003366.gbk
757 52.7 1428285 1428911 genome.dna 2518588 2517958 NC_003366.gbk
1522 58.2 1429248 1430537 genome.dna 1758508 1757209 NC_003366.gbk
377 37.7 1433876 1433409 genome.dna 345139 344671 NC_003366.gbk
767 41.5 1434853 1435731 genome.dna 2184295 2185171 NC_003366.gbk
694 42.7 1436929 1437642 genome.dna 849928 850636 NC_003366.gbk
1470 59.6 1458435 1457257 genome.dna 2516472 2515293 NC_003366.gbk
222 50.0 1468125 1468334 genome.dna 1450065 1450275 NC_003366.gbk
239 36.1 1468782 1468399 genome.dna 1230709 1230322 NC_003366.gbk
694 30.4 1475506 1474394 genome.dna 2447948 2446823 NC_003366.gbk
295 30.0 1479078 1478437 genome.dna 2437952 2437343 NC_003366.gbk
1874 44.1 1483266 1480684 genome.dna 836468 834017 NC_003366.gbk
1168 41.8 1493774 1492350 genome.dna 1294598 1295942 NC_003366.gbk
662 35.1 1501778 1500630 genome.dna 2497277 2498414 NC_003366.gbk
574 37.9 1502595 1501795 genome.dna 2783825 2783096 NC_003366.gbk
2129 57.0 1504627 1506285 genome.dna 808042 806383 NC_003366.gbk
299 32.8 1506798 1506349 genome.dna 2056503 2056050 NC_003366.gbk
700 49.5 1533499 1534146 genome.dna 1679308 1678660 NC_003366.gbk
542 32.2 1558773 1559834 genome.dna 508091 508997 NC_003366.gbk
475 30.9 1571894 1570848 genome.dna 1588106 1587083 NC_003366.gbk
1186 51.8 1573036 1572017 genome.dna 633796 634813 NC_003366.gbk
415 33.5 1576123 1576893 genome.dna 2392843 2392066 NC_003366.gbk
543 40.9 1576893 1577582 genome.dna 2392070 2391413 NC_003366.gbk
733 51.0 1599518 1600159 genome.dna 2049258 2048631 NC_003366.gbk
686 44.5 1635671 1634820 genome.dna 774027 774912 NC_003366.gbk
577 56.2 1636204 1635668 genome.dna 773531 774014 NC_003366.gbk
1227 58.7 1637078 1636206 genome.dna 772457 773339 NC_003366.gbk
2449 57.1 1654089 1656020 genome.dna 123016 124936 NC_003366.gbk
939 44.7 1656775 1657761 genome.dna 125005 126013 NC_003366.gbk
995 34.7 1658980 1660527 genome.dna 1850840 1849304 NC_003366.gbk
826 43.4 1664731 1665621 genome.dna 126131 127025 NC_003366.gbk
650 45.5 1667956 1667267 genome.dna 561282 561963 NC_003366.gbk
733 32.0 1669675 1667978 genome.dna 559687 561280 NC_003366.gbk
589 34.1 1670708 1669659 genome.dna 558635 559688 NC_003366.gbk
589 31.5 1732656 1729534 genome.dna 952604 955634 NC_003366.gbk
1639 57.5 1768623 1769945 genome.dna 941627 940361 NC_003366.gbk
159 31.3 1924289 1923957 genome.dna 376178 376532 NC_003366.gbk
171 34.1 2005949 2005503 genome.dna 857503 857866 NC_003366.gbk
372 39.9 2016186 2015680 genome.dna 2155093 2154649 NC_003366.gbk
858 41.9 2042130 2043083 genome.dna 1274357 1275332 NC_003366.gbk
695 38.5 2043101 2044030 genome.dna 1275428 1276373 NC_003366.gbk
748 49.0 2044045 2044779 genome.dna 1276376 1277117 NC_003366.gbk
246 51.5 2044934 2045170 genome.dna 1998457 1998226 NC_003366.gbk
1345 48.3 2045253 2046494 genome.dna 1277131 1278373 NC_003366.gbk
590 36.2 2050132 2050929 genome.dna 2885372 2884601 NC_003366.gbk
1185 47.9 2051245 2052678 genome.dna 2472193 2470663 NC_003366.gbk
326 39.3 2055442 2055792 genome.dna 2315928 2315583 NC_003366.gbk
2036 36.2 2070405 2066956 genome.dna 2845858 2842369 NC_003366.gbk
383 34.8 2074702 2075532 genome.dna 328587 327852 NC_003366.gbk
480 41.7 2079241 2079792 genome.dna 1152357 1152894 NC_003366.gbk
1121 39.2 2088494 2089945 genome.dna 48259 46786 NC_003366.gbk
2371 78.4 2095149 2093827 genome.dna 255479 256805 NC_003366.gbk
2077 56.5 2096741 2095152 genome.dna 251885 253466 NC_003366.gbk
379 30.9 2097009 2097755 genome.dna 2784544 2783821 NC_003366.gbk
1632 41.0 2099496 2097796 genome.dna 534361 536026 NC_003366.gbk
566 30.5 2116495 2117718 genome.dna 1726639 1725352 NC_003366.gbk
1488 51.4 2121733 2120321 genome.dna 462654 464058 NC_003366.gbk
503 33.1 2160262 2161053 genome.dna 898315 899104 NC_003366.gbk
887 46.9 2179364 2177811 genome.dna 393901 395425 NC_003366.gbk
417 34.8 2181519 2182154 genome.dna 705690 706344 NC_003366.gbk
658 37.5 2183367 2182216 genome.dna 1258444 1257259 NC_003366.gbk
672 37.0 2184700 2183675 genome.dna 2908175 2907176 NC_003366.gbk
312 40.6 2188157 2187750 genome.dna 566257 566638 NC_003366.gbk
1022 41.7 2192856 2194133 genome.dna 814421 815642 NC_003366.gbk
707 41.1 2209283 2210113 genome.dna 376969 377794 NC_003366.gbk
554 33.3 2210106 2211050 genome.dna 377793 378738 NC_003366.gbk
859 41.5 2237016 2237987 genome.dna 2548414 2549443 NC_003366.gbk
675 33.5 2267632 2266640 genome.dna 659755 660754 NC_003366.gbk
361 32.8 2275290 2274685 genome.dna 974626 975223 NC_003366.gbk
651 38.8 2298807 2297113 genome.dna 1735269 1736925 NC_003366.gbk
875 42.7 2335148 2334054 genome.dna 1491751 1490719 NC_003366.gbk
513 32.2 2342538 2343356 genome.dna 1492569 1491786 NC_003366.gbk
1292 52.7 2487322 2486231 genome.dna 2137963 2136865 NC_003366.gbk
406 36.8 2488039 2487452 genome.dna 2846473 2845906 NC_003366.gbk
1152 55.6 2489732 2488785 genome.dna 2851102 2850142 NC_003366.gbk
405 31.6 2490742 2489870 genome.dna 2532944 2532077 NC_003366.gbk
1216 49.9 2492889 2493971 genome.dna 2522172 2521089 NC_003366.gbk
666 52.6 2580340 2580921 genome.dna 1271740 1272316 NC_003366.gbk
411 33.0 2583574 2584629 genome.dna 1663003 1663984 NC_003366.gbk
570 43.9 2585266 2585973 genome.dna 1271043 1271712 NC_003366.gbk
567 44.3 2585970 2586605 genome.dna 1560995 1560365 NC_003366.gbk
950 38.9 2593132 2590532 genome.dna 1982541 1980438 NC_003366.gbk
343 33.9 2595969 2596559 genome.dna 2187982 2187445 NC_003366.gbk
408 33.2 2597527 2596643 genome.dna 1284274 1284985 NC_003366.gbk
976 46.7 2628084 2627089 genome.dna 2609044 2608066 NC_003366.gbk
3750 64.5 2634501 2637176 genome.dna 2901777 2899179 NC_003366.gbk
463 40.0 2637907 2637311 genome.dna 2524621 2524021 NC_003366.gbk
876 49.0 2639766 2638855 genome.dna 635094 636039 NC_003366.gbk
236 30.9 2645457 2646263 genome.dna 1372246 1371493 NC_003366.gbk
677 30.0 2648577 2646652 genome.dna 2271694 2269531 NC_003366.gbk
1061 51.5 2654735 2655739 genome.dna 1544706 1543707 NC_003366.gbk
1098 30.8 2658991 2660925 genome.dna 1576543 1574620 NC_003366.gbk
646 32.4 2670474 2672015 genome.dna 1573412 1572062 NC_003366.gbk
566 43.1 2679167 2679979 genome.dna 2449176 2448378 NC_003366.gbk
996 39.3 2688488 2689942 genome.dna 1220405 1221752 NC_003366.gbk
801 40.6 2697304 2698272 genome.dna 1006098 1007079 NC_003366.gbk
868 53.3 2698450 2699247 genome.dna 1007129 1007933 NC_003366.gbk
642 38.0 2699262 2700104 genome.dna 407139 407943 NC_003366.gbk
287 39.3 2701066 2701629 genome.dna 665352 665994 NC_003366.gbk
654 35.4 2714816 2715706 genome.dna 480349 481276 NC_003366.gbk
1699 43.4 2726216 2727934 genome.dna 2641483 2639782 NC_003366.gbk
1494 33.7 2731236 2728849 genome.dna 2167593 2165211 NC_003366.gbk
859 49.3 2732234 2731251 genome.dna 2168642 2167616 NC_003366.gbk
444 59.0 2732903 2732547 genome.dna 2174497 2174137 NC_003366.gbk
228 60.9 2733144 2732947 genome.dna 2174724 2174526 NC_003366.gbk
1162 35.6 2735713 2733785 genome.dna 2670842 2672774 NC_003366.gbk
863 39.6 2757088 2758194 genome.dna 2063765 2062712 NC_003366.gbk
1456 53.9 2765355 2764123 genome.dna 37406 38627 NC_003366.gbk
982 48.6 2765687 2766838 genome.dna 2257155 2258205 NC_003366.gbk
750 40.0 2766822 2767682 genome.dna 2258207 2259053 NC_003366.gbk
665 37.1 2767679 2768455 genome.dna 2259046 2259847 NC_003366.gbk
822 41.6 2768546 2769589 genome.dna 2259848 2260931 NC_003366.gbk
383 34.1 2788070 2787564 genome.dna 1180187 1179674 NC_003366.gbk
437 32.9 2795320 2796189 genome.dna 241278 242118 NC_003366.gbk
261 35.1 2806364 2806672 genome.dna 2953319 2953007 NC_003366.gbk
1329 59.0 2809298 2808294 genome.dna 2231131 2230090 NC_003366.gbk
770 48.3 2811487 2810744 genome.dna 2243482 2242744 NC_003366.gbk
1910 48.7 2813755 2811956 genome.dna 2215647 2213853 NC_003366.gbk
714 34.5 2835515 2837245 genome.dna 1935250 1933552 NC_003366.gbk
1753 57.9 2864092 2865492 genome.dna 2862924 2864322 NC_003366.gbk
306 36.9 2869134 2868487 genome.dna 2218999 2218378 NC_003366.gbk
662 62.2 2890358 2889900 genome.dna 179860 180331 NC_003366.gbk
464 32.2 2900715 2899810 genome.dna 1339986 1339125 NC_003366.gbk
299 36.6 2901220 2900693 genome.dna 1344089 1344602 NC_003366.gbk
1762 54.8 2902776 2901247 genome.dna 1342511 1344071 NC_003366.gbk
1040 55.5 2903705 2902830 genome.dna 1341617 1342508 NC_003366.gbk
280 46.8 2903995 2903705 genome.dna 1341324 1341630 NC_003366.gbk
721 35.5 2905083 2904019 genome.dna 1340263 1341301 NC_003366.gbk
464 37.7 2926492 2925815 genome.dna 1288008 1288662 NC_003366.gbk
732 30.8 2928002 2926713 genome.dna 871377 872652 NC_003366.gbk
325 33.3 2931779 2932639 genome.dna 1700918 1700120 NC_003366.gbk
3014 59.6 2932697 2934979 genome.dna 1347517 1349752 NC_003366.gbk
716 46.2 2966712 2967509 genome.dna 1350037 1350745 NC_003366.gbk
1312 47.9 2975613 2974318 genome.dna 21261 22545 NC_003366.gbk
815 38.3 2977060 2975717 genome.dna 2067255 2066028 NC_003366.gbk
687 41.1 2982496 2983455 genome.dna 2787991 2787052 NC_003366.gbk
343 69.4 2988043 2988261 genome.dna 2740211 2739992 NC_003366.gbk
945 37.0 2992855 2990582 genome.dna 2790712 2788267 NC_003366.gbk
1452 43.2 2997034 2998686 genome.dna 2960791 2959141 NC_003366.gbk
188 37.9 3002657 3002334 genome.dna 1086503 1086182 NC_003366.gbk
668 53.4 3019705 3020373 genome.dna 2344152 2343477 NC_003366.gbk
580 30.7 3022380 3021175 genome.dna 2086369 2085160 NC_003366.gbk
1004 39.3 3042056 3043384 genome.dna 1951245 1949907 NC_003366.gbk
418 36.8 3046334 3045672 genome.dna 1222554 1223112 NC_003366.gbk
580 34.3 3064304 3063432 genome.dna 1732555 1731670 NC_003366.gbk
1443 43.9 3068393 3066702 genome.dna 726898 725005 NC_003366.gbk
449 31.4 3069350 3068412 genome.dna 727822 726901 NC_003366.gbk
468 37.3 3084419 3083724 genome.dna 2601851 2601131 NC_003366.gbk
1214 37.3 3139235 3137823 genome.dna 1365936 1364466 NC_003366.gbk
889 47.2 3148240 3147401 genome.dna 978510 979281 NC_003366.gbk
800 36.8 3149284 3148253 genome.dna 977482 978505 NC_003366.gbk
787 39.9 3150266 3149277 genome.dna 976478 977483 NC_003366.gbk
586 35.9 3151270 3150263 genome.dna 976349 975398 NC_003366.gbk
507 51.6 3155863 3155369 genome.dna 2391375 2390898 NC_003366.gbk
604 34.7 3157424 3156435 genome.dna 2069965 2068993 NC_003366.gbk
2442 56.8 3161386 3159374 genome.dna 384377 386357 NC_003366.gbk
560 33.9 3166099 3165062 genome.dna 1807835 1806875 NC_003366.gbk
230 30.0 3168781 3169188 genome.dna 2267686 2268064 NC_003366.gbk
520 38.1 3169188 3169883 genome.dna 2268056 2268767 NC_003366.gbk
725 34.3 3178804 3180039 genome.dna 2073062 2071841 NC_003366.gbk
331 36.6 3228583 3228035 genome.dna 1949924 1949333 NC_003366.gbk
985 35.1 3230474 3228642 genome.dna 447847 449710 NC_003366.gbk
508 36.8 3278435 3279220 genome.dna 2957281 2956507 NC_003366.gbk
5367 67.9 3303128 3306640 genome.dna 2359663 2356147 NC_003366.gbk
1553 43.5 3364676 3363084 genome.dna 1758695 1760279 NC_003366.gbk
1528 50.1 3366849 3368273 genome.dna 696090 697512 NC_003366.gbk
2071 52.9 3368339 3370030 genome.dna 697715 699383 NC_003366.gbk
1154 45.3 3395711 3396913 genome.dna 2001621 2000424 NC_003366.gbk
692 37.9 3409858 3408341 genome.dna 850657 852103 NC_003366.gbk
552 35.9 3415469 3414618 genome.dna 1194071 1194818 NC_003366.gbk
585 33.5 3416479 3415469 genome.dna 2183293 2184271 NC_003366.gbk
610 41.0 3427528 3426443 genome.dna 872823 873789 NC_003366.gbk
816 31.3 3466688 3465462 genome.dna 2630095 2628889 NC_003366.gbk
1165 41.2 3468186 3466690 genome.dna 2631813 2630121 NC_003366.gbk
615 31.1 3477877 3476636 genome.dna 884868 886047 NC_003366.gbk
572 33.8 3514279 3513113 genome.dna 616050 617397 NC_003366.gbk
648 37.8 3516455 3517318 genome.dna 2102249 2101415 NC_003366.gbk
1399 46.9 3519048 3517663 genome.dna 2775685 2774284 NC_003366.gbk
409 45.8 3521609 3522118 genome.dna 849449 849929 NC_003366.gbk
401 44.8 3537641 3537204 genome.dna 1157356 1157788 NC_003366.gbk
835 33.5 3537873 3539351 genome.dna 1448489 1447151 NC_003366.gbk
883 37.9 3540580 3539417 genome.dna 1588331 1589495 NC_003366.gbk
449 31.1 3546973 3548205 genome.dna 2700618 2699391 NC_003366.gbk
614 33.7 3549622 3550470 genome.dna 2698350 2697456 NC_003366.gbk
2648 52.3 3551956 3554016 genome.dna 213871 215941 NC_003366.gbk
1465 57.8 3557692 3558888 genome.dna 1514370 1513188 NC_003366.gbk
713 36.6 3573115 3574479 genome.dna 2050487 2049257 NC_003366.gbk
703 42.3 3577570 3576767 genome.dna 1580861 1580066 NC_003366.gbk
412 31.2 3578361 3577567 genome.dna 1580055 1579257 NC_003366.gbk
1828 51.2 3590632 3589055 genome.dna 2616576 2615046 NC_003366.gbk
1765 56.2 3592205 3590739 genome.dna 2618136 2616681 NC_003366.gbk
885 36.1 3592378 3593766 genome.dna 2101414 2100211 NC_003366.gbk
678 39.8 3599984 3598497 genome.dna 2034410 2033093 NC_003366.gbk
1064 42.0 3603229 3601955 genome.dna 2216915 2215667 NC_003366.gbk
1140 49.6 3604488 3603367 genome.dna 1971879 1970829 NC_003366.gbk
649 39.1 3607701 3606505 genome.dna 2018164 2017120 NC_003366.gbk
390 43.0 3608433 3608005 genome.dna 2261397 2260965 NC_003366.gbk
471 54.8 3619938 3619552 genome.dna 2064245 2063816 NC_003366.gbk
1212 48.2 3621177 3619963 genome.dna 2065444 2064247 NC_003366.gbk
1569 56.9 3635387 3634134 genome.dna 2211805 2210572 NC_003366.gbk
398 45.1 3651787 3651263 genome.dna 44459 44891 NC_003366.gbk
208 31.5 3680225 3679845 genome.dna 373142 373544 NC_003366.gbk
773 38.7 3682691 3681786 genome.dna 2309369 2308478 NC_003366.gbk
404 33.2 3683368 3682688 genome.dna 1998128 1997414 NC_003366.gbk
2338 56.6 3686442 3684643 genome.dna 2331207 2329404 NC_003366.gbk
610 36.8 3689812 3691413 genome.dna 509001 510321 NC_003366.gbk
804 56.1 3694571 3695257 genome.dna 335758 335080 NC_003366.gbk
470 35.8 3711890 3712588 genome.dna 1256108 1256909 NC_003366.gbk
1448 49.9 3714803 3716083 genome.dna 1690433 1689149 NC_003366.gbk
348 30.8 3728155 3728859 genome.dna 741119 741812 NC_003366.gbk
560 49.4 3738313 3737777 genome.dna 2829424 2828872 NC_003366.gbk
767 42.5 3742499 3743362 genome.dna 679344 680196 NC_003366.gbk
1002 57.2 3743408 3744202 genome.dna 677042 677858 NC_003366.gbk
3056 53.3 3762599 3760023 genome.dna 1683798 1681197 NC_003366.gbk
666 41.8 3764478 3763501 genome.dna 2121887 2120966 NC_003366.gbk
398 50.9 3773009 3772662 genome.dna 1987864 1987516 NC_003366.gbk
741 45.6 3773827 3773072 genome.dna 1988695 1987984 NC_003366.gbk
269 32.5 3774414 3773866 genome.dna 1989182 1988684 NC_003366.gbk
265 53.2 3774681 3774433 genome.dna 1989754 1989508 NC_003366.gbk
1387 47.7 3776200 3774839 genome.dna 1991146 1989787 NC_003366.gbk
448 43.7 3777786 3777271 genome.dna 229992 230448 NC_003366.gbk
1679 42.7 3784972 3782345 genome.dna 2060295 2057655 NC_003366.gbk
1446 63.6 3786717 3785644 genome.dna 1949198 1948139 NC_003366.gbk
1254 48.9 3882715 3881462 genome.dna 2954667 2953419 NC_003366.gbk
1171 38.2 3886800 3888260 genome.dna 2460779 2459327 NC_003366.gbk
903 42.7 3889382 3888324 genome.dna 1836192 1835112 NC_003366.gbk
765 37.0 3921930 3923132 genome.dna 691146 692283 NC_003366.gbk
1804 49.9 3956293 3958011 genome.dna 2777502 2775789 NC_003366.gbk
640 61.5 3963052 3962555 genome.dna 2663008 2663479 NC_003366.gbk
988 61.7 3966155 3966877 genome.dna 752186 752909 NC_003366.gbk
461 36.8 3989266 3990012 genome.dna 2976652 2977543 NC_003366.gbk
605 32.8 3994559 3995977 genome.dna 2657829 2656452 NC_003366.gbk
1684 63.3 4001743 4000448 genome.dna 1536991 1535695 NC_003366.gbk
1648 55.7 4003479 4001842 genome.dna 2529571 2527963 NC_003366.gbk
1831 38.5 4007080 4004843 genome.dna 2221803 2219622 NC_003366.gbk
1360 54.0 4012636 4011491 genome.dna 1055463 1056585 NC_003366.gbk
636 35.4 4013697 4012813 genome.dna 506920 507784 NC_003366.gbk
1256 40.5 4027241 4025196 genome.dna 2596057 2594059 NC_003366.gbk
491 39.7 4036522 4035704 genome.dna 1382951 1382036 NC_003366.gbk
274 32.5 4056533 4057198 genome.dna 958699 959398 NC_003366.gbk
277 35.6 4059979 4059527 genome.dna 3011693 3011246 NC_003366.gbk
255 59.4 4060248 4060021 genome.dna 3015541 3015298 NC_003366.gbk
536 33.5 4068636 4067902 genome.dna 2772871 2772001 NC_003366.gbk
1629 37.7 4071195 4068739 genome.dna 1533218 1530962 NC_003366.gbk
940 43.6 4076878 4075862 genome.dna 2045907 2044854 NC_003366.gbk
489 32.7 4077711 4078532 genome.dna 3007405 3006604 NC_003366.gbk
557 47.0 4079441 4080034 genome.dna 2587098 2586483 NC_003366.gbk
661 31.6 4080027 4081166 genome.dna 2328678 2327544 NC_003366.gbk
299 50.5 4094786 4094469 genome.dna 2551183 2550853 NC_003366.gbk
271 30.0 4102382 4101120 genome.dna 743069 744470 NC_003366.gbk
1264 44.6 4114440 4115846 genome.dna 3008917 3007582 NC_003366.gbk
444 30.7 4115888 4116970 genome.dna 1069174 1068013 NC_003366.gbk
3607 57.7 4139901 4137067 genome.dna 441395 444215 NC_003366.gbk
247 31.7 4140147 4140710 genome.dna 3016024 3015571 NC_003366.gbk
269 31.1 4215531 4215974 genome.dna 648361 648808 NC_003366.gbk
232 38.2 4215997 4216284 genome.dna 648982 649255 NC_003366.gbk
871 35.5 4216300 4217559 genome.dna 649295 650567 NC_003366.gbk
433 31.6 4217612 4218277 genome.dna 862389 863037 NC_003366.gbk
747 46.7 4244964 4245854 genome.dna 510277 511117 NC_003366.gbk
314 31.9 4250722 4251348 genome.dna 2283132 2282532 NC_003366.gbk
991 50.4 4255592 4252890 genome.dna 2492067 2489544 NC_003366.gbk
1153 50.3 4258960 4257809 genome.dna 2043525 2042379 NC_003366.gbk
602 31.7 4262088 4261168 genome.dna 1003889 1004798 NC_003366.gbk
696 36.0 4263557 4262097 genome.dna 2854345 2855653 NC_003366.gbk
735 37.6 4265910 4264708 genome.dna 2128507 2127382 NC_003366.gbk
468 38.6 4268312 4267230 genome.dna 2129488 2128534 NC_003366.gbk
759 31.6 4269667 4268306 genome.dna 2130917 2129555 NC_003366.gbk
918 32.7 4271151 4269664 genome.dna 2132384 2130929 NC_003366.gbk
769 41.2 4274186 4273242 genome.dna 2136318 2135385 NC_003366.gbk
525 35.4 4319027 4319845 genome.dna 2882639 2881781 NC_003366.gbk
331 32.9 4323873 4323391 genome.dna 57824 57338 NC_003366.gbk
3249 48.2 4330684 4327460 genome.dna 2947916 2944712 NC_003366.gbk
418 46.6 4331847 4330699 genome.dna 2948978 2947928 NC_003366.gbk
332 32.8 4334402 4333452 genome.dna 1288663 1289512 NC_003366.gbk
618 37.9 4339154 4338213 genome.dna 1959706 1958776 NC_003366.gbk
219 44.2 4339580 4339843 genome.dna 2334151 2334415 NC_003366.gbk
960 50.8 4343498 4342359 genome.dna 2323642 2322478 NC_003366.gbk
1931 54.9 4345514 4343607 genome.dna 2325615 2323755 NC_003366.gbk
650 39.8 4351702 4352475 genome.dna 2464807 2464042 NC_003366.gbk
1274 40.1 4365488 4367155 genome.dna 2915751 2913822 NC_003366.gbk
618 39.7 4377440 4376580 genome.dna 280694 279878 NC_003366.gbk
849 44.4 4379941 4378778 genome.dna 1543564 1542370 NC_003366.gbk
1169 58.1 4388480 4389631 genome.dna 2499579 2498553 NC_003366.gbk
403 31.6 4391555 4392289 genome.dna 2318053 2317300 NC_003366.gbk
232 32.1 4393907 4394326 genome.dna 2057207 2056793 NC_003366.gbk
1339 47.9 4398393 4397095 genome.dna 2998091 2996804 NC_003366.gbk
584 34.4 4403893 4402952 genome.dna 1355804 1356737 NC_003366.gbk
285 33.1 4408042 4407560 genome.dna 2481678 2482143 NC_003366.gbk
728 33.5 4409618 4408062 genome.dna 373530 375030 NC_003366.gbk
833 62.6 4413698 4413135 genome.dna 964621 965191 NC_003366.gbk
508 34.8 4429982 4429287 genome.dna 942895 942202 NC_003366.gbk
364 30.0 4436846 4437871 genome.dna 42184 41299 NC_003366.gbk
516 42.1 4448185 4447619 genome.dna 2109715 2109157 NC_003366.gbk
458 43.5 4477982 4478530 genome.dna 1924922 1924418 NC_003366.gbk
356 32.8 4479596 4478769 genome.dna 875074 875890 NC_003366.gbk
407 46.6 4482450 4482959 genome.dna 2021640 2021196 NC_003366.gbk
766 42.6 4482986 4483933 genome.dna 2021177 2020247 NC_003366.gbk
649 30.4 4484001 4485290 genome.dna 2019524 2018195 NC_003366.gbk
308 43.1 4488068 4487676 genome.dna 2737160 2736818 NC_003366.gbk
766 43.8 4489098 4488109 genome.dna 2738124 2737176 NC_003366.gbk
693 53.6 4489744 4489124 genome.dna 2738829 2738208 NC_003366.gbk
569 63.4 4490164 4489775 genome.dna 2739248 2738852 NC_003366.gbk
442 54.3 4490537 4490181 genome.dna 2739630 2739264 NC_003366.gbk
169 63.2 4490800 4490684 genome.dna 2739980 2739866 NC_003366.gbk
1020 38.7 4492165 4490834 genome.dna 2743289 2742011 NC_003366.gbk
436 50.0 4492607 4492173 genome.dna 2743732 2743291 NC_003366.gbk
200 54.5 4492790 4492611 genome.dna 2743939 2743765 NC_003366.gbk
555 50.9 4493297 4492797 genome.dna 2744448 2743950 NC_003366.gbk
343 50.4 4493665 4493312 genome.dna 2744828 2744468 NC_003366.gbk
528 43.8 4494208 4493675 genome.dna 2745398 2744858 NC_003366.gbk
447 51.9 4494614 4494222 genome.dna 2745893 2745494 NC_003366.gbk
740 57.1 4495506 4494967 genome.dna 2746668 2746128 NC_003366.gbk
295 48.1 4495835 4495521 genome.dna 2747005 2746690 NC_003366.gbk
519 61.8 4496217 4495846 genome.dna 2747397 2747028 NC_003366.gbk
314 65.8 4496635 4496381 genome.dna 2747682 2747427 NC_003366.gbk
136 38.1 4496826 4496635 genome.dna 2747913 2747703 NC_003366.gbk
549 58.2 4497236 4496826 genome.dna 2748347 2747912 NC_003366.gbk
810 52.9 4497950 4497249 genome.dna 2749046 2748377 NC_003366.gbk
304 49.1 4498300 4497968 genome.dna 2749402 2749066 NC_003366.gbk
414 62.0 4498593 4498315 genome.dna 2749711 2749429 NC_003366.gbk
1044 56.6 4499431 4498610 genome.dna 2750615 2749781 NC_003366.gbk
233 43.5 4499751 4499449 genome.dna 2750963 2750669 NC_003366.gbk
470 44.8 4500353 4499748 genome.dna 2751578 2751050 NC_003366.gbk
650 47.1 4500993 4500364 genome.dna 2752253 2751602 NC_003366.gbk
449 65.7 4501337 4501026 genome.dna 2752623 2752314 NC_003366.gbk
2429 61.2 4505956 4503842 genome.dna 2756651 2754584 NC_003366.gbk
611 54.5 4506523 4506053 genome.dna 2757202 2756731 NC_003366.gbk
629 77.2 4506994 4506620 genome.dna 2757742 2757361 NC_003366.gbk
298 30.1 4529138 4529770 genome.dna 962238 962949 NC_003366.gbk
634 47.6 4531820 4531245 genome.dna 1219809 1220400 NC_003366.gbk
383 43.6 4539402 4538833 genome.dna 2939121 2938608 NC_003366.gbk
1162 49.8 4557783 4556779 genome.dna 794911 795910 NC_003366.gbk
683 47.4 4559154 4558477 genome.dna 2013230 2012576 NC_003366.gbk
778 39.5 4562421 4561336 genome.dna 870078 871131 NC_003366.gbk
283 33.1 4562994 4562473 genome.dna 876143 876659 NC_003366.gbk
615 40.2 4579442 4578723 genome.dna 804030 804726 NC_003366.gbk
2054 45.6 4597892 4600225 genome.dna 2486487 2484324 NC_003366.gbk
386 32.6 4620311 4619553 genome.dna 728568 727821 NC_003366.gbk
2324 44.4 4632742 4630295 genome.dna 84009 86445 NC_003366.gbk
962 36.2 4634257 4632818 genome.dna 82531 83980 NC_003366.gbk
750 42.5 4635563 4634286 genome.dna 89068 90250 NC_003366.gbk
2005 44.9 4639754 4637577 genome.dna 80479 82504 NC_003366.gbk
1339 43.0 4656105 4657454 genome.dna 304883 303545 NC_003366.gbk
1434 42.0 4664050 4662224 genome.dna 433947 436122 NC_003366.gbk
1551 37.6 4672431 4670269 genome.dna 2598341 2596085 NC_003366.gbk
565 36.7 4675687 4674863 genome.dna 2117351 2116532 NC_003366.gbk
658 43.6 4680620 4681561 genome.dna 1693875 1692999 NC_003366.gbk
906 57.0 4687311 4686550 genome.dna 2400878 2400140 NC_003366.gbk
417 34.1 4695646 4694897 genome.dna 2141765 2141048 NC_003366.gbk
1200 52.2 4702353 4701286 genome.dna 774939 775989 NC_003366.gbk
1324 56.6 4704862 4703738 genome.dna 2517895 2516740 NC_003366.gbk
341 49.0 4709479 4709153 genome.dna 2714370 2714055 NC_003366.gbk
1169 41.4 4733613 4735139 genome.dna 1985192 1983668 NC_003366.gbk
961 39.4 4766891 4765731 genome.dna 227845 229000 NC_003366.gbk
259 52.2 4770684 4770469 genome.dna 2524776 2524983 NC_003366.gbk
1208 32.2 4770998 4773196 genome.dna 2023849 2021653 NC_003366.gbk
272 38.7 4780345 4781184 genome.dna 1124546 1125251 NC_003366.gbk
2367 67.7 4781238 4782749 genome.dna 2924307 2922804 NC_003366.gbk
622 44.1 4786326 4787093 genome.dna 1542127 1541380 NC_003366.gbk
1109 53.1 4825789 4824827 genome.dna 461601 462561 NC_003366.gbk
408 42.0 4834867 4834403 genome.dna 1552036 1551574 NC_003366.gbk
667 45.5 4867996 4867325 genome.dna 380027 380714 NC_003366.gbk
322 34.4 4869761 4870336 genome.dna 2006956 2006398 NC_003366.gbk
1187 31.0 4872230 4874593 genome.dna 2650088 2647889 NC_003366.gbk
1059 48.9 4926494 4925484 genome.dna 2608066 2607097 NC_003366.gbk
781 32.2 4932696 4934039 genome.dna 1345808 1347149 NC_003366.gbk
514 38.2 4936111 4935389 genome.dna 662599 663268 NC_003366.gbk
1719 52.6 4946843 4945446 genome.dna 2655756 2654376 NC_003366.gbk
1719 52.6 4946843 4945446 genome.dna 2655756 2654376 NC_003366.gbk
429 34.7 4951935 4952735 genome.dna 1740687 1740000 NC_003366.gbk
368 33.9 4956801 4956184 genome.dna 190257 190866 NC_003366.gbk
368 33.9 4956801 4956184 genome.dna 190257 190866 NC_003366.gbk
525 32.3 4964420 4963467 genome.dna 2294954 2293973 NC_003366.gbk
783 48.9 4969043 4968228 genome.dna 770016 770817 NC_003366.gbk
1233 44.3 4985096 4983699 genome.dna 409 1783 NC_003366.gbk
168 58.1 4985770 4985910 genome.dna 3030809 3030674 NC_003366.gbk
944 38.0 4988276 4989640 genome.dna 3028299 3026922 NC_003366.gbk
1249 43.9 5010680 5009268 genome.dna 1846442 1845152 NC_003366.gbk
1007 61.3 5018328 5017552 genome.dna 802431 803193 NC_003366.gbk
434 32.0 5019301 5018414 genome.dna 801589 802414 NC_003366.gbk
973 38.9 5026700 5027902 genome.dna 1945626 1944432 NC_003366.gbk
1643 45.7 5049054 5047222 genome.dna 2678883 2677050 NC_003366.gbk
1130 41.2 5050610 5049240 genome.dna 2852523 2851158 NC_003366.gbk
289 34.6 5053946 5053527 genome.dna 2508255 2507853 NC_003366.gbk
2023 65.5 5055348 5053966 genome.dna 2509668 2508270 NC_003366.gbk
494 32.9 5056259 5055396 genome.dna 2510533 2509681 NC_003366.gbk
1267 56.7 5057853 5056312 genome.dna 2512106 2510597 NC_003366.gbk
130 33.8 5059187 5058948 genome.dna 2513456 2513237 NC_003366.gbk
344 32.0 5061686 5061066 genome.dna 3024839 3024119 NC_003366.gbk
1984 49.3 5063659 5061770 genome.dna 3026908 3025015 NC_003366.gbk
