552 39.2 9676 9014 genome.dna 1096813 1097506 NC_000962.gbk
380 32.9 14538 15464 genome.dna 2733227 2734142 NC_000962.gbk
1164 35.9 25826 28615 genome.dna 1830662 1833377 NC_000962.gbk
1620 50.6 36667 35258 genome.dna 2487612 2489049 NC_000962.gbk
1142 46.2 37037 38860 genome.dna 1294165 1296052 NC_000962.gbk
370 42.9 39698 40135 genome.dna 2144880 2144448 NC_000962.gbk
422 36.4 50956 50333 genome.dna 1564398 1565025 NC_000962.gbk
1173 50.2 87882 86185 genome.dna 4103675 4102028 NC_000962.gbk
565 45.5 97287 96724 genome.dna 1353519 1354134 NC_000962.gbk
350 40.8 110262 109636 genome.dna 4320700 4321324 NC_000962.gbk
326 32.4 111355 110522 genome.dna 3209403 3208572 NC_000962.gbk
2324 67.4 111626 113161 genome.dna 549672 551196 NC_000962.gbk
887 39.2 140268 141428 genome.dna 2123149 2121904 NC_000962.gbk
688 39.5 157508 156588 genome.dna 4105454 4104527 NC_000962.gbk
863 58.6 162282 162998 genome.dna 1506752 1507532 NC_000962.gbk
256 34.7 165569 165111 genome.dna 3014144 3013679 NC_000962.gbk
816 40.9 166824 165547 genome.dna 1565438 1566695 NC_000962.gbk
242 45.5 167881 168117 genome.dna 2315059 2314822 NC_000962.gbk
184 48.1 168129 168296 genome.dna 2314823 2314658 NC_000962.gbk
451 34.0 168516 169325 genome.dna 3239467 3238597 NC_000962.gbk
460 45.6 170854 170375 genome.dna 3318812 3318326 NC_000962.gbk
776 42.0 192775 193791 genome.dna 3338996 3337991 NC_000962.gbk
2240 48.0 199780 202044 genome.dna 1261344 1259064 NC_000962.gbk
577 38.1 217784 218788 genome.dna 1865573 1866632 NC_000962.gbk
359 30.7 218826 219599 genome.dna 1867839 1868724 NC_000962.gbk
1054 40.9 219661 221034 genome.dna 1872636 1874049 NC_000962.gbk
466 45.1 222967 223722 genome.dna 649686 650391 NC_000962.gbk
363 30.3 226939 227694 genome.dna 2353027 2352100 NC_000962.gbk
894 45.6 228573 229595 genome.dna 604599 605589 NC_000962.gbk
907 33.1 236050 233861 genome.dna 956290 958453 NC_000962.gbk
278 35.5 245968 247005 genome.dna 570536 571646 NC_000962.gbk
1091 52.5 248939 247989 genome.dna 1220184 1219245 NC_000962.gbk
1958 73.2 250357 251541 genome.dna 784818 786009 NC_000962.gbk
589 66.9 252872 253300 genome.dna 735019 735448 NC_000962.gbk
700 48.0 253304 254008 genome.dna 735514 736222 NC_000962.gbk
261 31.9 254326 254823 genome.dna 748273 748810 NC_000962.gbk
335 48.0 254890 255255 genome.dna 748846 749239 NC_000962.gbk
2049 44.7 255584 259612 genome.dna 759804 763323 NC_000962.gbk
2368 43.0 259736 263959 genome.dna 763367 767318 NC_000962.gbk
778 51.6 269828 269043 genome.dna 502363 503122 NC_000962.gbk
262 37.6 271449 270808 genome.dna 501016 500347 NC_000962.gbk
2176 61.4 273440 271446 genome.dna 510223 508579 NC_000962.gbk
759 40.8 275283 276347 genome.dna 2995059 2993985 NC_000962.gbk
1025 42.5 280242 278956 genome.dna 864583 865852 NC_000962.gbk
1133 44.1 281849 280260 genome.dna 1068202 1069774 NC_000962.gbk
543 34.1 301263 300298 genome.dna 917644 916474 NC_000962.gbk
429 49.3 307589 307137 genome.dna 2861589 2861145 NC_000962.gbk
192 31.1 315964 316557 genome.dna 3664214 3664883 NC_000962.gbk
654 39.5 334964 334107 genome.dna 1595976 1596882 NC_000962.gbk
1101 45.4 345980 347242 genome.dna 1470318 1471575 NC_000962.gbk
495 51.8 352201 352629 genome.dna 3862386 3861942 NC_000962.gbk
402 51.2 352645 353037 genome.dna 3861946 3861490 NC_000962.gbk
886 36.3 357036 355618 genome.dna 4331502 4330035 NC_000962.gbk
2184 43.7 361542 357046 genome.dna 4336078 4331494 NC_000962.gbk
562 37.3 372605 373492 genome.dna 1120019 1120877 NC_000962.gbk
779 46.3 399153 398326 genome.dna 3326097 3326946 NC_000962.gbk
1579 51.6 431263 429833 genome.dna 2709963 2708307 NC_000962.gbk
157 31.5 431880 431494 genome.dna 3019454 3019883 NC_000962.gbk
419 31.7 433394 432459 genome.dna 1553229 1554189 NC_000962.gbk
682 39.1 435364 434357 genome.dna 1869919 1870843 NC_000962.gbk
1198 43.7 460910 458055 genome.dna 2750223 2747592 NC_000962.gbk
838 35.6 463248 461737 genome.dna 2478335 2479883 NC_000962.gbk
309 51.9 509102 508848 genome.dna 3771040 3771298 NC_000962.gbk
210 48.6 509350 509099 genome.dna 3770768 3771044 NC_000962.gbk
1071 37.6 530287 528905 genome.dna 4026440 4027883 NC_000962.gbk
810 41.0 543754 544950 genome.dna 3592250 3593369 NC_000962.gbk
1305 41.7 544947 546572 genome.dna 2675933 2677631 NC_000962.gbk
2771 34.8 667991 661605 genome.dna 1875301 1881682 NC_000962.gbk
253 43.8 697176 697469 genome.dna 3837284 3836981 NC_000962.gbk
1994 59.0 697515 699164 genome.dna 528605 530228 NC_000962.gbk
258 32.5 704061 704669 genome.dna 3031841 3032495 NC_000962.gbk
534 33.3 726542 725589 genome.dna 3034905 3036099 NC_000962.gbk
2017 54.8 731182 729131 genome.dna 1308224 1306199 NC_000962.gbk
865 47.4 755628 756641 genome.dna 3838585 3837550 NC_000962.gbk
195 31.5 757206 756736 genome.dna 1870839 1871352 NC_000962.gbk
525 32.8 761351 760380 genome.dna 652768 653776 NC_000962.gbk
243 36.6 761608 761919 genome.dna 2740359 2740044 NC_000962.gbk
344 66.3 761939 762196 genome.dna 2740030 2739769 NC_000962.gbk
250 35.9 766454 766933 genome.dna 1205796 1205301 NC_000962.gbk
602 38.7 770241 771074 genome.dna 4049977 4049134 NC_000962.gbk
1130 42.9 771082 772419 genome.dna 3861366 3860019 NC_000962.gbk
304 52.8 783547 783816 genome.dna 3093745 3093475 NC_000962.gbk
725 44.8 784066 786186 genome.dna 3092594 3090335 NC_000962.gbk
1478 45.7 787369 789282 genome.dna 1399967 1401659 NC_000962.gbk
820 41.8 795852 797180 genome.dna 3703463 3702179 NC_000962.gbk
181 32.4 803045 802602 genome.dna 3839058 3838581 NC_000962.gbk
665 39.1 812975 814090 genome.dna 2477179 2476039 NC_000962.gbk
444 51.5 814149 814541 genome.dna 2071949 2072354 NC_000962.gbk
2181 55.8 814656 817529 genome.dna 2075874 2078700 NC_000962.gbk
462 36.2 818265 819005 genome.dna 3169356 3168579 NC_000962.gbk
540 31.0 820003 820902 genome.dna 2285639 2284796 NC_000962.gbk
1018 49.1 821973 823061 genome.dna 3139178 3138095 NC_000962.gbk
1065 39.7 839555 838230 genome.dna 1342939 1344217 NC_000962.gbk
645 42.2 839867 840766 genome.dna 3204287 3203390 NC_000962.gbk
1201 38.8 844582 846099 genome.dna 4042937 4041419 NC_000962.gbk
127 30.3 851060 851452 genome.dna 4214066 4214426 NC_000962.gbk
1370 50.4 909308 910588 genome.dna 3726122 3727472 NC_000962.gbk
388 43.7 927840 927358 genome.dna 3469780 3469297 NC_000962.gbk
1160 44.8 933233 934465 genome.dna 1031862 1030575 NC_000962.gbk
837 35.9 957805 959187 genome.dna 1898205 1896873 NC_000962.gbk
609 37.8 983011 983910 genome.dna 893271 892263 NC_000962.gbk
1099 58.0 997695 996727 genome.dna 2608793 2609726 NC_000962.gbk
511 52.2 1070142 1070561 genome.dna 1024681 1025182 NC_000962.gbk
443 34.9 1087227 1087946 genome.dna 248904 248112 NC_000962.gbk
1303 66.7 1100443 1101237 genome.dna 3074468 3073676 NC_000962.gbk
391 35.9 1113509 1115371 genome.dna 721730 720002 NC_000962.gbk
731 34.5 1125945 1124593 genome.dna 3692804 3691634 NC_000962.gbk
532 31.2 1129588 1128602 genome.dna 1437115 1436137 NC_000962.gbk
2055 42.2 1131750 1134008 genome.dna 1619788 1622089 NC_000962.gbk
756 49.0 1154052 1153258 genome.dna 3174014 3173156 NC_000962.gbk
797 50.6 1154397 1155122 genome.dna 3199979 3199115 NC_000962.gbk
452 40.4 1155257 1156108 genome.dna 3199104 3198288 NC_000962.gbk
669 44.8 1156279 1157004 genome.dna 3193155 3192369 NC_000962.gbk
491 40.7 1157130 1157687 genome.dna 3192198 3191640 NC_000962.gbk
580 40.4 1157925 1159121 genome.dna 3183077 3181766 NC_000962.gbk
1738 35.9 1169670 1173152 genome.dna 1747691 1751246 NC_000962.gbk
410 37.7 1270601 1269999 genome.dna 2726190 2726778 NC_000962.gbk
422 44.6 1278470 1278919 genome.dna 3030874 3030409 NC_000962.gbk
588 39.7 1278982 1280091 genome.dna 1585191 1586211 NC_000962.gbk
310 42.2 1280201 1280677 genome.dna 1591686 1592151 NC_000962.gbk
208 33.6 1280702 1281121 genome.dna 2858722 2858251 NC_000962.gbk
439 38.7 1281190 1282170 genome.dna 3333785 3332783 NC_000962.gbk
1481 38.8 1284598 1282733 genome.dna 2999965 2998048 NC_000962.gbk
427 44.1 1289161 1289652 genome.dna 658037 657545 NC_000962.gbk
452 33.1 1292157 1291267 genome.dna 1635026 1635953 NC_000962.gbk
383 34.5 1293119 1292505 genome.dna 2456898 2457510 NC_000962.gbk
1550 44.5 1295100 1293109 genome.dna 3404918 3403196 NC_000962.gbk
636 48.2 1301367 1301990 genome.dna 2763173 2762528 NC_000962.gbk
1653 62.3 1302154 1303428 genome.dna 2759486 2758205 NC_000962.gbk
1374 63.9 1311761 1310685 genome.dna 4125435 4126476 NC_000962.gbk
693 43.7 1316909 1318201 genome.dna 3232503 3231069 NC_000962.gbk
490 32.2 1319182 1318319 genome.dna 1817612 1818515 NC_000962.gbk
199 37.0 1320316 1319996 genome.dna 3581311 3581617 NC_000962.gbk
523 43.4 1332732 1333337 genome.dna 4160497 4159885 NC_000962.gbk
1226 46.0 1333507 1335396 genome.dna 2572000 2570056 NC_000962.gbk
414 39.9 1335658 1336302 genome.dna 826119 826665 NC_000962.gbk
705 38.0 1358126 1357212 genome.dna 1677394 1678540 NC_000962.gbk
1487 46.6 1363499 1366138 genome.dna 7301 9818 NC_000962.gbk
434 33.6 1375437 1376318 genome.dna 862409 863156 NC_000962.gbk
606 49.1 1381835 1382692 genome.dna 639954 639009 NC_000962.gbk
933 34.3 1413714 1412101 genome.dna 93948 95415 NC_000962.gbk
607 34.9 1416808 1415858 genome.dna 92325 93276 NC_000962.gbk
1094 32.4 1418834 1416819 genome.dna 90397 92320 NC_000962.gbk
865 42.6 1425057 1426040 genome.dna 3166680 3167799 NC_000962.gbk
410 40.8 1426894 1426256 genome.dna 1067558 1068206 NC_000962.gbk
1031 46.2 1427931 1426894 genome.dna 903722 904817 NC_000962.gbk
573 46.2 1428285 1428911 genome.dna 3697089 3696465 NC_000962.gbk
479 48.9 1433876 1433409 genome.dna 2837681 2838155 NC_000962.gbk
528 33.8 1434853 1435731 genome.dna 3067121 3066218 NC_000962.gbk
822 32.2 1451498 1453288 genome.dna 2064726 2062806 NC_000962.gbk
975 43.2 1458435 1457257 genome.dna 1485859 1487029 NC_000962.gbk
685 49.0 1459094 1458447 genome.dna 2819125 2818468 NC_000962.gbk
345 34.6 1459750 1459094 genome.dna 2819868 2819121 NC_000962.gbk
289 61.5 1468125 1468334 genome.dna 4088528 4088324 NC_000962.gbk
218 34.1 1468782 1468399 genome.dna 3433688 3434087 NC_000962.gbk
820 43.5 1470427 1469462 genome.dna 2485270 2486206 NC_000962.gbk
324 33.3 1471338 1470655 genome.dna 2484581 2485274 NC_000962.gbk
323 34.3 1479078 1478437 genome.dna 2718806 2718170 NC_000962.gbk
385 38.1 1483266 1480684 genome.dna 43559 46469 NC_000962.gbk
960 50.3 1492026 1490968 genome.dna 2649972 2648913 NC_000962.gbk
1036 38.6 1493774 1492350 genome.dna 3046521 3044982 NC_000962.gbk
534 33.2 1501778 1500630 genome.dna 3718590 3719742 NC_000962.gbk
310 37.1 1506798 1506349 genome.dna 2641647 2642040 NC_000962.gbk
2155 60.4 1512651 1514294 genome.dna 3433619 3431975 NC_000962.gbk
755 51.6 1515559 1514879 genome.dna 1149105 1148424 NC_000962.gbk
1022 33.2 1518297 1515565 genome.dna 1151684 1149101 NC_000962.gbk
472 43.6 1519100 1518525 genome.dna 1155850 1156420 NC_000962.gbk
2115 63.1 1521264 1519120 genome.dna 1153721 1155851 NC_000962.gbk
1787 51.5 1522968 1521280 genome.dna 1152009 1153725 NC_000962.gbk
344 34.4 1531148 1531804 genome.dna 316413 315780 NC_000962.gbk
524 35.2 1531798 1532742 genome.dna 315764 314861 NC_000962.gbk
502 40.1 1533499 1534146 genome.dna 387145 387814 NC_000962.gbk
350 30.5 1534199 1534990 genome.dna 3681315 3682083 NC_000962.gbk
1520 53.3 1536355 1535069 genome.dna 999469 1000765 NC_000962.gbk
1838 48.4 1537737 1539503 genome.dna 3704995 3706768 NC_000962.gbk
676 44.0 1539520 1540236 genome.dna 3706767 3707559 NC_000962.gbk
911 40.7 1544898 1546064 genome.dna 1061961 1063125 NC_000962.gbk
837 52.2 1546064 1546936 genome.dna 1063137 1064049 NC_000962.gbk
536 33.1 1549251 1550390 genome.dna 1824398 1823357 NC_000962.gbk
482 32.7 1558773 1559834 genome.dna 1794753 1795803 NC_000962.gbk
811 50.6 1563766 1563014 genome.dna 578423 579173 NC_000962.gbk
611 35.3 1598229 1599338 genome.dna 1372947 1371774 NC_000962.gbk
432 44.7 1600255 1600836 genome.dna 388579 389152 NC_000962.gbk
735 44.3 1621487 1622377 genome.dna 3974496 3973584 NC_000962.gbk
822 39.3 1622382 1623413 genome.dna 3973588 3972547 NC_000962.gbk
935 37.2 1633374 1634744 genome.dna 3638705 3637307 NC_000962.gbk
602 38.2 1635671 1634820 genome.dna 3647805 3646890 NC_000962.gbk
444 38.9 1636204 1635668 genome.dna 3882829 3883438 NC_000962.gbk
1153 58.7 1637078 1636206 genome.dna 398655 399522 NC_000962.gbk
1672 54.4 1638449 1639855 genome.dna 2095186 2093728 NC_000962.gbk
1247 53.7 1652381 1653892 genome.dna 845951 844418 NC_000962.gbk
725 35.9 1807866 1806619 genome.dna 946053 947313 NC_000962.gbk
828 51.2 1834370 1835260 genome.dna 2898040 2898781 NC_000962.gbk
143 30.6 1841727 1842110 genome.dna 3053229 3053679 NC_000962.gbk
2311 50.8 1847037 1842241 genome.dna 3676770 3681312 NC_000962.gbk
462 32.4 1849141 1848239 genome.dna 3449993 3450920 NC_000962.gbk
373 30.4 1862075 1860786 genome.dna 4020138 4021380 NC_000962.gbk
103 33.7 1924289 1923957 genome.dna 3110520 3110163 NC_000962.gbk
311 34.8 1982477 1983436 genome.dna 1692921 1693821 NC_000962.gbk
1020 37.3 1994834 1996513 genome.dna 1430059 1431646 NC_000962.gbk
181 36.4 2005949 2005503 genome.dna 967731 967341 NC_000962.gbk
153 37.0 2034358 2034645 genome.dna 3062501 3062816 NC_000962.gbk
673 36.2 2042130 2043083 genome.dna 625478 624470 NC_000962.gbk
433 32.0 2043101 2044030 genome.dna 2516784 2517693 NC_000962.gbk
655 42.7 2044045 2044779 genome.dna 1673437 1674181 NC_000962.gbk
1016 42.0 2045253 2046494 genome.dna 2518112 2519363 NC_000962.gbk
466 34.5 2050132 2050929 genome.dna 1127086 1127881 NC_000962.gbk
392 32.3 2057749 2058777 genome.dna 287183 288350 NC_000962.gbk
333 33.3 2064690 2065280 genome.dna 86525 87131 NC_000962.gbk
1903 37.9 2070405 2066956 genome.dna 1138964 1142669 NC_000962.gbk
318 31.0 2073776 2074690 genome.dna 747034 747943 NC_000962.gbk
456 38.8 2074702 2075532 genome.dna 1279615 1278901 NC_000962.gbk
476 36.9 2077218 2077982 genome.dna 2948633 2949455 NC_000962.gbk
871 34.1 2099496 2097796 genome.dna 2773561 2775202 NC_000962.gbk
738 47.0 2114428 2115174 genome.dna 1650713 1651514 NC_000962.gbk
1191 44.6 2116495 2117718 genome.dna 1651515 1652769 NC_000962.gbk
1135 41.1 2121733 2120321 genome.dna 1816186 1817605 NC_000962.gbk
409 35.4 2153926 2154558 genome.dna 941104 940453 NC_000962.gbk
470 31.3 2158261 2157266 genome.dna 2159089 2158084 NC_000962.gbk
2690 55.8 2163569 2165743 genome.dna 2156109 2153886 NC_000962.gbk
393 38.8 2181519 2182154 genome.dna 1588564 1589170 NC_000962.gbk
500 37.8 2191939 2192622 genome.dna 2934195 2934870 NC_000962.gbk
1232 46.7 2192856 2194133 genome.dna 1913599 1914874 NC_000962.gbk
1529 55.7 2198282 2200954 genome.dna 1666044 1663212 NC_000962.gbk
234 32.0 2218378 2219073 genome.dna 820497 819840 NC_000962.gbk
2260 49.6 2221311 2219248 genome.dna 3427239 3429516 NC_000962.gbk
1971 47.5 2227418 2225106 genome.dna 3211742 3209402 NC_000962.gbk
499 33.8 2227588 2228490 genome.dna 141197 142142 NC_000962.gbk
389 33.2 2239913 2239125 genome.dna 1674199 1675009 NC_000962.gbk
536 52.4 2258625 2258122 genome.dna 2183369 2183867 NC_000962.gbk
698 35.2 2300071 2298971 genome.dna 1806178 1807261 NC_000962.gbk
750 35.4 2308348 2309736 genome.dna 2603459 2601911 NC_000962.gbk
1597 47.3 2310451 2314227 genome.dna 1287325 1291024 NC_000962.gbk
1989 56.7 2314227 2315807 genome.dna 1291062 1292739 NC_000962.gbk
171 35.8 2324296 2324544 genome.dna 2109162 2109468 NC_000962.gbk
739 42.6 2336995 2338260 genome.dna 2916357 2917707 NC_000962.gbk
419 34.8 2472640 2473437 genome.dna 3503389 3504172 NC_000962.gbk
717 33.6 2477692 2478756 genome.dna 1008941 1010060 NC_000962.gbk
1157 50.7 2487322 2486231 genome.dna 1238252 1239326 NC_000962.gbk
460 39.6 2488039 2487452 genome.dna 1133906 1133330 NC_000962.gbk
831 44.2 2489732 2488785 genome.dna 1136479 1135498 NC_000962.gbk
573 33.4 2491599 2492855 genome.dna 600438 601845 NC_000962.gbk
931 45.0 2492889 2493971 genome.dna 1455492 1456566 NC_000962.gbk
1167 44.7 2503696 2505084 genome.dna 185049 186477 NC_000962.gbk
830 42.6 2513105 2511876 genome.dna 536505 535221 NC_000962.gbk
341 32.0 2513827 2513102 genome.dna 537167 536501 NC_000962.gbk
758 37.3 2515088 2513820 genome.dna 538546 537226 NC_000962.gbk
760 43.2 2530749 2531648 genome.dna 2229900 2228988 NC_000962.gbk
635 38.1 2536745 2535825 genome.dna 741137 740231 NC_000962.gbk
510 39.2 2552084 2552833 genome.dna 573799 573043 NC_000962.gbk
1356 49.5 2563367 2561970 genome.dna 1227563 1226138 NC_000962.gbk
461 37.8 2563607 2564779 genome.dna 3636263 3635036 NC_000962.gbk
430 37.9 2585970 2586605 genome.dna 4115834 4115153 NC_000962.gbk
279 39.3 2595969 2596559 genome.dna 3158141 3157517 NC_000962.gbk
507 41.4 2597527 2596643 genome.dna 1938835 1939600 NC_000962.gbk
911 39.9 2602958 2604520 genome.dna 1807900 1809451 NC_000962.gbk
595 32.6 2605113 2606180 genome.dna 2456741 2455628 NC_000962.gbk
1408 56.5 2607572 2608762 genome.dna 1811124 1812357 NC_000962.gbk
675 40.4 2629004 2628096 genome.dna 1436141 1435265 NC_000962.gbk
629 41.0 2639766 2638855 genome.dna 1109269 1110190 NC_000962.gbk
441 30.6 2642048 2641143 genome.dna 1186821 1185738 NC_000962.gbk
654 41.0 2642732 2643580 genome.dna 3316525 3317458 NC_000962.gbk
563 31.5 2649493 2651343 genome.dna 815660 817532 NC_000962.gbk
285 37.6 2652833 2653480 genome.dna 2289239 2288678 NC_000962.gbk
354 44.4 2654386 2653967 genome.dna 2990702 2991113 NC_000962.gbk
1070 50.7 2654735 2655739 genome.dna 1613304 1614324 NC_000962.gbk
508 39.7 2677723 2677067 genome.dna 3350990 3350270 NC_000962.gbk
704 34.5 2687417 2685498 genome.dna 1499187 1497192 NC_000962.gbk
1330 49.8 2691006 2692370 genome.dna 77620 76234 NC_000962.gbk
494 35.3 2712101 2712862 genome.dna 2181215 2180447 NC_000962.gbk
662 37.5 2714816 2715706 genome.dna 2286528 2285625 NC_000962.gbk
1049 35.0 2726216 2727934 genome.dna 1422303 1420407 NC_000962.gbk
1002 32.0 2731236 2728849 genome.dna 1859755 1862251 NC_000962.gbk
951 45.3 2732234 2731251 genome.dna 1858730 1859756 NC_000962.gbk
437 59.0 2732903 2732547 genome.dna 1853181 1853571 NC_000962.gbk
153 41.9 2733144 2732947 genome.dna 1852925 1853120 NC_000962.gbk
533 47.3 2733782 2733240 genome.dna 1852270 1852876 NC_000962.gbk
980 40.8 2735713 2733785 genome.dna 2943265 2941186 NC_000962.gbk
588 34.2 2757088 2758194 genome.dna 3383885 3382781 NC_000962.gbk
125 30.9 2771944 2772576 genome.dna 2157297 2156703 NC_000962.gbk
435 39.1 2791280 2792458 genome.dna 468332 469592 NC_000962.gbk
1128 41.7 2794931 2793456 genome.dna 1626960 1625415 NC_000962.gbk
1234 54.6 2809298 2808294 genome.dna 2924231 2923196 NC_000962.gbk
314 34.1 2809923 2809306 genome.dna 2924818 2924227 NC_000962.gbk
310 37.9 2810663 2810151 genome.dna 2925381 2924814 NC_000962.gbk
766 49.0 2811487 2810744 genome.dna 2931558 2930802 NC_000962.gbk
1590 46.6 2813755 2811956 genome.dna 2897801 2896010 NC_000962.gbk
777 44.8 2859653 2858643 genome.dna 2398717 2399791 NC_000962.gbk
276 32.0 2869134 2868487 genome.dna 731031 730317 NC_000962.gbk
183 30.1 2903705 2902830 genome.dna 3438970 3438046 NC_000962.gbk
305 30.6 2916384 2917283 genome.dna 2380658 2379803 NC_000962.gbk
488 37.5 2917289 2918617 genome.dna 1799580 1800897 NC_000962.gbk
473 33.5 2918614 2919687 genome.dna 1800893 1802036 NC_000962.gbk
411 41.1 2920770 2921360 genome.dna 1802661 1803282 NC_000962.gbk
434 34.2 2921367 2922104 genome.dna 1803291 1804029 NC_000962.gbk
662 43.6 2922086 2922862 genome.dna 1804850 1805654 NC_000962.gbk
552 43.7 2926492 2925815 genome.dna 1939596 1940289 NC_000962.gbk
601 32.5 2928002 2926713 genome.dna 3603372 3604725 NC_000962.gbk
673 36.4 2975613 2974318 genome.dna 4308911 4307651 NC_000962.gbk
1120 43.1 2977060 2975717 genome.dna 2879927 2878568 NC_000962.gbk
263 36.4 2981911 2981417 genome.dna 3672293 3671840 NC_000962.gbk
934 47.5 2982496 2983455 genome.dna 4401724 4402732 NC_000962.gbk
326 67.1 2988043 2988261 genome.dna 3880649 3880427 NC_000962.gbk
483 42.7 3019705 3020373 genome.dna 567219 567894 NC_000962.gbk
430 42.5 3046334 3045672 genome.dna 4050582 4049973 NC_000962.gbk
762 35.4 3050037 3051158 genome.dna 3451777 3452884 NC_000962.gbk
864 47.3 3137830 3136895 genome.dna 2759776 2760685 NC_000962.gbk
973 38.5 3139235 3137823 genome.dna 613035 614340 NC_000962.gbk
776 37.6 3147123 3145672 genome.dna 3587794 3589378 NC_000962.gbk
324 40.3 3155124 3154672 genome.dna 3485128 3485572 NC_000962.gbk
124 36.6 3155372 3155127 genome.dna 3479696 3479948 NC_000962.gbk
531 57.2 3155863 3155369 genome.dna 3710244 3709710 NC_000962.gbk
505 32.2 3157424 3156435 genome.dna 3477645 3478725 NC_000962.gbk
302 34.4 3157972 3158883 genome.dna 1596878 1597907 NC_000962.gbk
2356 56.3 3161386 3159374 genome.dna 1837072 1839169 NC_000962.gbk
203 33.0 3163130 3162450 genome.dna 1777856 1778537 NC_000962.gbk
219 30.1 3163884 3163123 genome.dna 3728619 3729351 NC_000962.gbk
623 34.7 3166099 3165062 genome.dna 1790281 1791331 NC_000962.gbk
869 51.2 3166195 3167499 genome.dna 1775389 1776703 NC_000962.gbk
1488 42.8 3171157 3172854 genome.dna 2604793 2606752 NC_000962.gbk
614 36.2 3173816 3172911 genome.dna 4104472 4103671 NC_000962.gbk
657 35.2 3178804 3180039 genome.dna 527358 526140 NC_000962.gbk
395 32.8 3182488 3181565 genome.dna 2526986 2527916 NC_000962.gbk
311 35.0 3228583 3228035 genome.dna 3059228 3058598 NC_000962.gbk
1830 59.6 3233243 3234655 genome.dna 1931454 1929783 NC_000962.gbk
453 32.6 3257866 3256754 genome.dna 2263995 2265036 NC_000962.gbk
472 37.9 3278435 3279220 genome.dna 1746091 1746895 NC_000962.gbk
855 39.8 3290769 3289561 genome.dna 3385063 3383881 NC_000962.gbk
664 30.1 3306810 3308309 genome.dna 1934879 1936340 NC_000962.gbk
433 37.6 3314908 3313691 genome.dna 3693985 3692800 NC_000962.gbk
279 41.6 3332182 3332514 genome.dna 3430383 3430707 NC_000962.gbk
852 34.1 3352107 3353684 genome.dna 1825885 1824427 NC_000962.gbk
256 45.5 3355116 3355481 genome.dna 2545734 2546103 NC_000962.gbk
128 33.7 3355485 3355811 genome.dna 2546099 2546429 NC_000962.gbk
830 32.5 3372145 3370688 genome.dna 3525786 3527382 NC_000962.gbk
843 32.4 3373687 3372152 genome.dna 3524128 3525790 NC_000962.gbk
1188 39.5 3375638 3373788 genome.dna 3522230 3524132 NC_000962.gbk
228 33.0 3375937 3375635 genome.dna 3521920 3522220 NC_000962.gbk
522 39.0 3378041 3377067 genome.dna 3519278 3520511 NC_000962.gbk
1336 49.4 3382301 3380952 genome.dna 3515408 3516746 NC_000962.gbk
1745 61.3 3389494 3390708 genome.dna 403160 401870 NC_000962.gbk
853 42.2 3395711 3396913 genome.dna 493848 495006 NC_000962.gbk
1332 37.2 3396993 3399131 genome.dna 491783 493856 NC_000962.gbk
658 38.2 3402984 3403889 genome.dna 2483623 2484529 NC_000962.gbk
626 38.9 3409858 3408341 genome.dna 902108 903692 NC_000962.gbk
274 31.1 3412525 3411257 genome.dna 2747596 2746132 NC_000962.gbk
542 41.8 3414435 3413773 genome.dna 442392 443076 NC_000962.gbk
291 33.1 3415469 3414618 genome.dna 3876818 3876047 NC_000962.gbk
346 36.1 3416479 3415469 genome.dna 4152214 4151176 NC_000962.gbk
192 36.2 3427528 3426443 genome.dna 2864410 2863204 NC_000962.gbk
999 41.3 3439860 3438547 genome.dna 292168 293491 NC_000962.gbk
1512 45.5 3443783 3442200 genome.dna 3162058 3160576 NC_000962.gbk
720 41.8 3516455 3517318 genome.dna 3770645 3769799 NC_000962.gbk
1165 42.6 3519048 3517663 genome.dna 4023800 4022390 NC_000962.gbk
501 51.3 3521609 3522118 genome.dna 3658634 3658109 NC_000962.gbk
401 33.7 3522115 3523185 genome.dna 3659920 3658630 NC_000962.gbk
931 55.5 3527868 3527053 genome.dna 912723 913500 NC_000962.gbk
963 36.0 3531913 3533985 genome.dna 3339850 3342079 NC_000962.gbk
671 37.5 3540580 3539417 genome.dna 712713 713805 NC_000962.gbk
560 40.7 3569781 3570509 genome.dna 3627345 3626658 NC_000962.gbk
564 40.7 3577570 3576767 genome.dna 508553 507755 NC_000962.gbk
1328 50.2 3590632 3589055 genome.dna 3814074 3812496 NC_000962.gbk
1651 54.3 3592205 3590739 genome.dna 3831515 3829925 NC_000962.gbk
435 34.0 3599984 3598497 genome.dna 1940285 1941677 NC_000962.gbk
1116 44.3 3603229 3601955 genome.dna 2906090 2904818 NC_000962.gbk
989 44.4 3604488 3603367 genome.dna 3180528 3179364 NC_000962.gbk
392 47.3 3608433 3608005 genome.dna 2745722 2745311 NC_000962.gbk
472 32.6 3611852 3612721 genome.dna 2563171 2564026 NC_000962.gbk
199 30.4 3621953 3621459 genome.dna 1440802 1441288 NC_000962.gbk
435 34.9 3622920 3623723 genome.dna 3016732 3015859 NC_000962.gbk
1459 54.8 3635387 3634134 genome.dna 78894 77616 NC_000962.gbk
478 60.7 3640872 3640534 genome.dna 3231073 3230734 NC_000962.gbk
400 46.4 3651787 3651263 genome.dna 4199702 4199243 NC_000962.gbk
584 33.6 3682691 3681786 genome.dna 2646671 2645768 NC_000962.gbk
448 41.8 3683368 3682688 genome.dna 3240548 3239825 NC_000962.gbk
2139 53.9 3686442 3684643 genome.dna 2703246 2701284 NC_000962.gbk
669 40.4 3689812 3691413 genome.dna 1795802 1797386 NC_000962.gbk
537 45.5 3694571 3695257 genome.dna 3332751 3332067 NC_000962.gbk
359 34.8 3698228 3696813 genome.dna 3350274 3348801 NC_000962.gbk
970 46.7 3703917 3702925 genome.dna 2694962 2693906 NC_000962.gbk
744 41.3 3704788 3703907 genome.dna 2695797 2694978 NC_000962.gbk
705 44.4 3705613 3704801 genome.dna 2696645 2695793 NC_000962.gbk
580 37.0 3706780 3705770 genome.dna 2697712 2696641 NC_000962.gbk
223 30.7 3711890 3712588 genome.dna 99681 100449 NC_000962.gbk
320 43.7 3714535 3714188 genome.dna 2469285 2468928 NC_000962.gbk
681 51.1 3714803 3716083 genome.dna 614832 616221 NC_000962.gbk
180 34.1 3732230 3732727 genome.dna 4048744 4048177 NC_000962.gbk
774 45.7 3732844 3733638 genome.dna 2497739 2498585 NC_000962.gbk
650 43.9 3733793 3734647 genome.dna 4045207 4044277 NC_000962.gbk
385 50.4 3734665 3735045 genome.dna 4044278 4043858 NC_000962.gbk
421 31.3 3736813 3735875 genome.dna 1362731 1361795 NC_000962.gbk
585 48.9 3738313 3737777 genome.dna 4063901 4063250 NC_000962.gbk
330 61.3 3744803 3745042 genome.dna 3414955 3414715 NC_000962.gbk
578 60.6 3745052 3745459 genome.dna 3414681 3414228 NC_000962.gbk
3734 79.9 3745456 3747603 genome.dna 3414163 3412081 NC_000962.gbk
1664 76.8 3747628 3748590 genome.dna 3409375 3408400 NC_000962.gbk
2725 55.4 3762599 3760023 genome.dna 462000 459453 NC_000962.gbk
404 36.0 3763458 3762733 genome.dna 2408372 2407619 NC_000962.gbk
435 33.7 3764478 3763501 genome.dna 1742842 1743769 NC_000962.gbk
389 55.7 3773009 3772662 genome.dna 3214250 3213908 NC_000962.gbk
562 40.0 3773827 3773072 genome.dna 3216354 3215661 NC_000962.gbk
1371 48.6 3776200 3774839 genome.dna 3226282 3224704 NC_000962.gbk
146 30.7 3780567 3780001 genome.dna 3817234 3818023 NC_000962.gbk
833 40.2 3784972 3782345 genome.dna 2876483 2873768 NC_000962.gbk
291 31.6 3873467 3874063 genome.dna 4080557 4079921 NC_000962.gbk
800 47.2 3882715 3881462 genome.dna 2725475 2724227 NC_000962.gbk
788 41.4 3883829 3882726 genome.dna 2738245 2737114 NC_000962.gbk
425 41.5 3893814 3893233 genome.dna 137316 137907 NC_000962.gbk
895 41.1 3908071 3909228 genome.dna 954918 953724 NC_000962.gbk
908 34.8 3917101 3918687 genome.dna 867387 865848 NC_000962.gbk
659 32.9 3918901 3920391 genome.dna 3788616 3790044 NC_000962.gbk
644 34.1 3921930 3923132 genome.dna 4204414 4203283 NC_000962.gbk
283 30.2 3926541 3925651 genome.dna 2567501 2568404 NC_000962.gbk
690 30.3 3933298 3934833 genome.dna 878438 876815 NC_000962.gbk
1058 40.7 3945541 3944261 genome.dna 3893716 3892366 NC_000962.gbk
283 33.9 3952181 3951618 genome.dna 137938 138511 NC_000962.gbk
941 40.9 3956293 3958011 genome.dna 3152947 3151198 NC_000962.gbk
357 41.6 3963052 3962555 genome.dna 4024344 4023864 NC_000962.gbk
317 31.7 3963804 3963091 genome.dna 4025036 4024340 NC_000962.gbk
945 52.5 3970373 3969465 genome.dna 1437906 1438905 NC_000962.gbk
1006 34.6 3994559 3995977 genome.dna 173235 174756 NC_000962.gbk
1490 55.3 4001743 4000448 genome.dna 1144561 1145851 NC_000962.gbk
1774 52.4 4003479 4001842 genome.dna 1923826 1925587 NC_000962.gbk
1588 36.9 4007080 4004843 genome.dna 2910196 2907823 NC_000962.gbk
524 35.0 4013697 4012813 genome.dna 843229 842344 NC_000962.gbk
1714 44.4 4027241 4025196 genome.dna 3374617 3372541 NC_000962.gbk
435 33.2 4036522 4035704 genome.dna 2396836 2396005 NC_000962.gbk
171 31.4 4037027 4036671 genome.dna 4049142 4048740 NC_000962.gbk
459 46.8 4039680 4040210 genome.dna 4067419 4067908 NC_000962.gbk
214 30.7 4050959 4050219 genome.dna 2393318 2392514 NC_000962.gbk
1587 46.9 4054763 4056430 genome.dna 951116 949433 NC_000962.gbk
256 37.8 4059399 4059037 genome.dna 3436682 3436325 NC_000962.gbk
321 38.7 4059979 4059527 genome.dna 59406 59865 NC_000962.gbk
341 32.3 4077711 4078532 genome.dna 590080 590968 NC_000962.gbk
482 44.5 4079441 4080034 genome.dna 1507570 1508185 NC_000962.gbk
708 34.4 4080027 4081166 genome.dna 2683140 2682012 NC_000962.gbk
144 32.1 4081395 4081658 genome.dna 2204223 2203971 NC_000962.gbk
323 40.6 4086876 4086421 genome.dna 3160518 3160047 NC_000962.gbk
841 45.9 4114259 4113273 genome.dna 1640658 1639671 NC_000962.gbk
551 36.9 4115888 4116970 genome.dna 3841416 3840189 NC_000962.gbk
2558 56.8 4139901 4137067 genome.dna 1843738 1846657 NC_000962.gbk
251 34.6 4140147 4140710 genome.dna 58583 59078 NC_000962.gbk
911 39.1 4231793 4230366 genome.dna 552611 554006 NC_000962.gbk
731 33.1 4233904 4232027 genome.dna 2481962 2483624 NC_000962.gbk
2992 51.5 4236582 4233919 genome.dna 2512536 2515242 NC_000962.gbk
637 43.0 4244964 4245854 genome.dna 1797385 1798243 NC_000962.gbk
214 35.3 4252799 4252404 genome.dna 1286592 1287018 NC_000962.gbk
933 47.2 4255592 4252890 genome.dna 3620527 3617677 NC_000962.gbk
1071 46.8 4258960 4257809 genome.dna 2409522 2408382 NC_000962.gbk
748 35.9 4263557 4262097 genome.dna 2412120 2410635 NC_000962.gbk
466 37.4 4264711 4263620 genome.dna 2413349 2412116 NC_000962.gbk
591 36.6 4268312 4267230 genome.dna 2417473 2416393 NC_000962.gbk
549 32.2 4269667 4268306 genome.dna 2419002 2417469 NC_000962.gbk
927 39.0 4271151 4269664 genome.dna 2420606 2418998 NC_000962.gbk
565 31.5 4272901 4271138 genome.dna 2427085 2425045 NC_000962.gbk
261 33.6 4274647 4274189 genome.dna 2429856 2429424 NC_000962.gbk
393 42.9 4277861 4277370 genome.dna 3361127 3360620 NC_000962.gbk
1718 45.1 4279582 4277864 genome.dna 3362983 3361126 NC_000962.gbk
840 34.4 4281750 4279945 genome.dna 2448157 2449960 NC_000962.gbk
650 41.0 4283764 4284855 genome.dna 3353465 3352454 NC_000962.gbk
1879 59.4 4284858 4286258 genome.dna 3346072 3344650 NC_000962.gbk
511 43.2 4286272 4286874 genome.dna 3344626 3344029 NC_000962.gbk
446 32.8 4319027 4319845 genome.dna 1129149 1130103 NC_000962.gbk
236 35.4 4323873 4323391 genome.dna 3073606 3073126 NC_000962.gbk
2399 52.2 4330684 4327460 genome.dna 1557098 1560446 NC_000962.gbk
764 43.8 4331847 4330699 genome.dna 1555968 1557099 NC_000962.gbk
1057 52.1 4334402 4333452 genome.dna 1236182 1237190 NC_000962.gbk
207 32.7 4335368 4334856 genome.dna 1742241 1742850 NC_000962.gbk
470 33.9 4339154 4338213 genome.dna 3094897 3093901 NC_000962.gbk
192 38.4 4339580 4339843 genome.dna 2710072 2710333 NC_000962.gbk
955 44.5 4343498 4342359 genome.dna 2653985 2652836 NC_000962.gbk
1822 53.8 4345514 4343607 genome.dna 419832 421710 NC_000962.gbk
227 30.7 4362071 4361421 genome.dna 2717797 2717125 NC_000962.gbk
2025 56.2 4365488 4367155 genome.dna 2784040 2782363 NC_000962.gbk
414 39.1 4376373 4375759 genome.dna 2230008 2230608 NC_000962.gbk
810 41.5 4378640 4377564 genome.dna 442297 441262 NC_000962.gbk
687 42.1 4379941 4378778 genome.dna 1614326 1615565 NC_000962.gbk
1258 44.8 4383337 4381343 genome.dna 1630197 1628094 NC_000962.gbk
1065 58.3 4388480 4389631 genome.dna 1566822 1568034 NC_000962.gbk
1446 50.4 4398393 4397095 genome.dna 436767 435468 NC_000962.gbk
912 42.4 4402445 4401165 genome.dna 3038911 3037423 NC_000962.gbk
512 33.8 4403893 4402952 genome.dna 3040766 3039821 NC_000962.gbk
368 33.9 4409618 4408062 genome.dna 3853209 3851787 NC_000962.gbk
1197 53.3 4422828 4421779 genome.dna 3406281 3407322 NC_000962.gbk
512 47.4 4435345 4434803 genome.dna 2827154 2827802 NC_000962.gbk
2114 55.4 4442783 4444579 genome.dna 1757678 1759430 NC_000962.gbk
883 50.6 4444572 4445309 genome.dna 1759432 1760176 NC_000962.gbk
248 32.5 4445320 4445718 genome.dna 1760172 1760553 NC_000962.gbk
200 37.1 4445733 4446089 genome.dna 1760549 1760927 NC_000962.gbk
498 40.6 4448185 4447619 genome.dna 2859288 2858724 NC_000962.gbk
1792 51.7 4451372 4449723 genome.dna 1056683 1055021 NC_000962.gbk
1505 33.0 4464530 4460847 genome.dna 2386065 2382486 NC_000962.gbk
1710 61.2 4468982 4467675 genome.dna 557524 558811 NC_000962.gbk
299 33.6 4477982 4478530 genome.dna 3962320 3961795 NC_000962.gbk
219 30.1 4479596 4478769 genome.dna 2872013 2871203 NC_000962.gbk
481 31.9 4482321 4481200 genome.dna 3206431 3205261 NC_000962.gbk
158 33.3 4482450 4482959 genome.dna 518394 517800 NC_000962.gbk
601 36.5 4482986 4483933 genome.dna 1582163 1583102 NC_000962.gbk
501 31.7 4484001 4485290 genome.dna 1583098 1584472 NC_000962.gbk
222 34.8 4486815 4487225 genome.dna 1101478 1101022 NC_000962.gbk
813 43.6 4489098 4488109 genome.dna 3878503 3877459 NC_000962.gbk
570 45.6 4489744 4489124 genome.dna 3879260 3878654 NC_000962.gbk
526 57.8 4490164 4489775 genome.dna 3879688 3879268 NC_000962.gbk
439 57.3 4490537 4490181 genome.dna 3880066 3879691 NC_000962.gbk
161 57.9 4490800 4490684 genome.dna 3880395 3880281 NC_000962.gbk
1127 42.8 4492165 4490834 genome.dna 824797 826123 NC_000962.gbk
273 38.1 4492607 4492173 genome.dna 815187 815628 NC_000962.gbk
171 51.9 4492790 4492611 genome.dna 814990 815188 NC_000962.gbk
300 47.5 4493665 4493312 genome.dna 813937 814306 NC_000962.gbk
496 42.0 4494208 4493675 genome.dna 813395 813935 NC_000962.gbk
419 48.5 4494614 4494222 genome.dna 812973 813372 NC_000962.gbk
281 45.5 4494953 4494648 genome.dna 2314657 2314351 NC_000962.gbk
749 58.2 4495506 4494967 genome.dna 812056 812620 NC_000962.gbk
242 41.0 4495835 4495521 genome.dna 811739 812057 NC_000962.gbk
542 66.7 4496217 4495846 genome.dna 811370 811739 NC_000962.gbk
465 50.0 4497236 4496826 genome.dna 805107 805524 NC_000962.gbk
802 50.2 4497950 4497249 genome.dna 804279 805104 NC_000962.gbk
434 66.3 4498593 4498315 genome.dna 803408 803690 NC_000962.gbk
1078 57.1 4499431 4498610 genome.dna 802525 803368 NC_000962.gbk
174 38.2 4499751 4499449 genome.dna 802130 802433 NC_000962.gbk
401 38.9 4500353 4499748 genome.dna 801459 802131 NC_000962.gbk
680 51.2 4500993 4500364 genome.dna 800806 801460 NC_000962.gbk
421 62.0 4501337 4501026 genome.dna 800484 800790 NC_000962.gbk
436 46.3 4502117 4501644 genome.dna 2125337 2125817 NC_000962.gbk
2692 58.7 4505956 4503842 genome.dna 782482 784588 NC_000962.gbk
569 53.8 4506523 4506053 genome.dna 781931 782402 NC_000962.gbk
579 70.7 4506994 4506620 genome.dna 781557 781932 NC_000962.gbk
314 32.4 4529138 4529770 genome.dna 4116474 4117149 NC_000962.gbk
999 43.1 4531124 4529898 genome.dna 1868720 1869923 NC_000962.gbk
584 47.6 4531820 4531245 genome.dna 14913 15612 NC_000962.gbk
198 31.6 4539402 4538833 genome.dna 12467 13016 NC_000962.gbk
295 44.3 4549526 4549894 genome.dna 305450 305807 NC_000962.gbk
571 33.1 4549962 4551341 genome.dna 3155868 3154650 NC_000962.gbk
1095 51.3 4557783 4556779 genome.dna 3723627 3722616 NC_000962.gbk
633 49.1 4559154 4558477 genome.dna 1584496 1585195 NC_000962.gbk
761 41.0 4562421 4561336 genome.dna 2862674 2861585 NC_000962.gbk
323 39.3 4562994 4562473 genome.dna 2863201 2862670 NC_000962.gbk
277 32.7 4590788 4591669 genome.dna 2813174 2812352 NC_000962.gbk
174 32.6 4613483 4614184 genome.dna 3622207 3621565 NC_000962.gbk
1020 32.4 4616966 4614891 genome.dna 2017474 2015299 NC_000962.gbk
804 35.7 4622349 4623851 genome.dna 3689438 3687680 NC_000962.gbk
1054 40.3 4635563 4634286 genome.dna 1355833 1357048 NC_000962.gbk
1440 43.7 4637576 4635600 genome.dna 1771599 1769433 NC_000962.gbk
2302 48.9 4639754 4637577 genome.dna 1492310 1490114 NC_000962.gbk
467 36.2 4651246 4650551 genome.dna 213009 212274 NC_000962.gbk
817 39.6 4672431 4670269 genome.dna 1058257 1060573 NC_000962.gbk
272 30.5 4675687 4674863 genome.dna 3039797 3038927 NC_000962.gbk
595 42.4 4680620 4681561 genome.dna 601854 602784 NC_000962.gbk
536 47.1 4702353 4701286 genome.dna 3881832 3882828 NC_000962.gbk
344 52.0 4709479 4709153 genome.dna 4402728 4403079 NC_000962.gbk
859 40.1 4729969 4728119 genome.dna 221721 219993 NC_000962.gbk
307 34.2 4730969 4730043 genome.dna 2475968 2474861 NC_000962.gbk
1178 42.1 4733613 4735139 genome.dna 3207939 3206427 NC_000962.gbk
396 36.5 4748208 4747351 genome.dna 1505072 1505888 NC_000962.gbk
1294 44.2 4752903 4754309 genome.dna 3025437 3026844 NC_000962.gbk
991 44.1 4766891 4765731 genome.dna 1204064 1205231 NC_000962.gbk
263 56.9 4770684 4770469 genome.dna 1455160 1455403 NC_000962.gbk
502 36.1 4777900 4778817 genome.dna 626438 625559 NC_000962.gbk
411 42.3 4778952 4779437 genome.dna 4325491 4325965 NC_000962.gbk
1707 50.9 4781238 4782749 genome.dna 4139752 4138198 NC_000962.gbk
705 43.0 4782875 4783885 genome.dna 1228580 1227593 NC_000962.gbk
599 40.9 4786326 4787093 genome.dna 1615561 1616347 NC_000962.gbk
579 38.4 4825789 4824827 genome.dna 3369851 3368819 NC_000962.gbk
476 31.3 4828130 4826943 genome.dna 222286 223528 NC_000962.gbk
501 50.7 4834867 4834403 genome.dna 3777732 3778197 NC_000962.gbk
241 31.0 4837408 4836659 genome.dna 385941 385170 NC_000962.gbk
1061 49.6 4838481 4837408 genome.dna 2284794 2283720 NC_000962.gbk
563 33.5 4839358 4838507 genome.dna 3141311 3140483 NC_000962.gbk
647 47.5 4867996 4867325 genome.dna 3471366 3470676 NC_000962.gbk
328 37.8 4869761 4870336 genome.dna 3319464 3318897 NC_000962.gbk
528 34.7 4881331 4882347 genome.dna 3722596 3721726 NC_000962.gbk
1221 46.2 4886675 4885383 genome.dna 2740706 2742182 NC_000962.gbk
419 30.0 4914105 4915127 genome.dna 2142518 2143673 NC_000962.gbk
517 33.2 4964420 4963467 genome.dna 3808456 3809383 NC_000962.gbk
163 57.1 4985770 4985910 genome.dna 4410926 4410782 NC_000962.gbk
551 35.6 5019301 5018414 genome.dna 1036996 1037911 NC_000962.gbk
653 34.6 5020260 5019301 genome.dna 1043296 1044313 NC_000962.gbk
489 30.7 5021463 5020423 genome.dna 1042112 1043237 NC_000962.gbk
1385 43.0 5049054 5047222 genome.dna 3856885 3855010 NC_000962.gbk
907 39.6 5050610 5049240 genome.dna 1138058 1136570 NC_000962.gbk
1819 59.7 5055348 5053966 genome.dna 1465838 1467299 NC_000962.gbk
304 36.7 5056259 5055396 genome.dna 1464881 1465799 NC_000962.gbk
1692 51.7 5057853 5056312 genome.dna 1463225 1464875 NC_000962.gbk
154 40.3 5059187 5058948 genome.dna 1461042 1461288 NC_000962.gbk
280 30.3 5060037 5059237 genome.dna 1460241 1460994 NC_000962.gbk
