652 47.2 1179 2171 genome.dna 1432083 1433067 NC_003454.gbk
1398 43.8 10948 12453 genome.dna 1824152 1825655 NC_003454.gbk
1129 34.2 25826 28615 genome.dna 1362208 1364944 NC_003454.gbk
418 41.3 29669 29034 genome.dna 514742 514157 NC_003454.gbk
757 30.7 33859 32447 genome.dna 321513 320118 NC_003454.gbk
2104 52.6 37037 38860 genome.dna 1294197 1292379 NC_003454.gbk
415 44.1 39698 40135 genome.dna 981931 982396 NC_003454.gbk
1262 37.7 47188 45107 genome.dna 157998 155928 NC_003454.gbk
512 44.8 50956 50333 genome.dna 537994 537436 NC_003454.gbk
697 31.5 62838 64181 genome.dna 1133196 1134516 NC_003454.gbk
1210 59.3 98527 99441 genome.dna 707948 708821 NC_003454.gbk
1234 33.7 99451 101520 genome.dna 709041 711102 NC_003454.gbk
1602 50.0 111626 113161 genome.dna 1099606 1101082 NC_003454.gbk
258 31.6 123485 122910 genome.dna 1729073 1729622 NC_003454.gbk
522 33.2 129082 130098 genome.dna 339344 340274 NC_003454.gbk
428 31.2 130095 131123 genome.dna 336281 337268 NC_003454.gbk
1021 40.2 131919 133205 genome.dna 338073 339348 NC_003454.gbk
943 46.1 157508 156588 genome.dna 1035961 1036888 NC_003454.gbk
431 45.3 165569 165111 genome.dna 1682473 1682032 NC_003454.gbk
757 39.6 166824 165547 genome.dna 1369708 1370923 NC_003454.gbk
335 30.1 166978 167643 genome.dna 1567744 1567045 NC_003454.gbk
157 46.9 168129 168296 genome.dna 550199 550046 NC_003454.gbk
340 32.0 170854 170375 genome.dna 784542 785034 NC_003454.gbk
482 36.7 174074 173307 genome.dna 1195362 1196154 NC_003454.gbk
602 44.7 186544 185612 genome.dna 199082 198083 NC_003454.gbk
868 40.7 192775 193791 genome.dna 1565221 1564213 NC_003454.gbk
927 45.1 228573 229595 genome.dna 1105621 1106590 NC_003454.gbk
1021 35.8 238222 239673 genome.dna 1647816 1649268 NC_003454.gbk
2109 77.0 250357 251541 genome.dna 77526 76341 NC_003454.gbk
184 34.2 252164 252709 genome.dna 549749 549167 NC_003454.gbk
567 61.3 252872 253300 genome.dna 549133 548707 NC_003454.gbk
746 48.6 253304 254008 genome.dna 548647 547939 NC_003454.gbk
257 31.4 254326 254823 genome.dna 547786 547273 NC_003454.gbk
434 60.2 254890 255255 genome.dna 547227 546858 NC_003454.gbk
2200 45.2 255584 259612 genome.dna 546461 542906 NC_003454.gbk
2288 48.3 259736 263959 genome.dna 542871 538911 NC_003454.gbk
789 36.3 269046 267925 genome.dna 250434 249303 NC_003454.gbk
694 48.0 269828 269043 genome.dna 251207 250433 NC_003454.gbk
244 30.4 271449 270808 genome.dna 253976 253355 NC_003454.gbk
1154 40.6 280242 278956 genome.dna 1634210 1632929 NC_003454.gbk
937 45.4 281849 280260 genome.dna 1635741 1634226 NC_003454.gbk
162 32.8 294649 295059 genome.dna 1882059 1881669 NC_003454.gbk
575 32.0 301263 300298 genome.dna 1346567 1347491 NC_003454.gbk
1511 46.5 304889 303438 genome.dna 1342261 1340806 NC_003454.gbk
357 41.9 307589 307137 genome.dna 683881 684325 NC_003454.gbk
1102 50.3 313270 314313 genome.dna 1417365 1416303 NC_003454.gbk
354 36.8 315964 316557 genome.dna 1417946 1417367 NC_003454.gbk
648 32.3 316547 318016 genome.dna 781879 783256 NC_003454.gbk
592 34.6 334964 334107 genome.dna 1733181 1734054 NC_003454.gbk
946 57.7 338215 337490 genome.dna 1353025 1353751 NC_003454.gbk
850 41.4 340994 339921 genome.dna 1561255 1562227 NC_003454.gbk
1254 48.2 345980 347242 genome.dna 26163 24891 NC_003454.gbk
506 48.6 352201 352629 genome.dna 964272 964707 NC_003454.gbk
481 57.1 352645 353037 genome.dna 964722 965124 NC_003454.gbk
675 34.3 362158 363087 genome.dna 1791668 1792583 NC_003454.gbk
128 31.3 374452 374739 genome.dna 1141272 1141545 NC_003454.gbk
1023 37.0 406489 405197 genome.dna 1913296 1912009 NC_003454.gbk
471 40.8 424707 424243 genome.dna 949455 949962 NC_003454.gbk
1389 41.8 426927 424789 genome.dna 947264 949451 NC_003454.gbk
412 48.4 431880 431494 genome.dna 472706 472319 NC_003454.gbk
439 31.4 433394 432459 genome.dna 1059852 1060767 NC_003454.gbk
492 42.0 452937 452395 genome.dna 1746091 1746631 NC_003454.gbk
414 33.0 457861 457211 genome.dna 677699 677066 NC_003454.gbk
1174 42.2 460910 458055 genome.dna 513186 510522 NC_003454.gbk
846 36.2 463248 461737 genome.dna 398506 399943 NC_003454.gbk
959 36.2 530287 528905 genome.dna 785037 786396 NC_003454.gbk
181 38.1 697176 697469 genome.dna 1332470 1332197 NC_003454.gbk
1948 56.6 697515 699164 genome.dna 1332180 1330560 NC_003454.gbk
857 41.9 755628 756641 genome.dna 1201465 1202491 NC_003454.gbk
310 44.2 761608 761919 genome.dna 1760381 1760696 NC_003454.gbk
366 69.0 761939 762196 genome.dna 1761028 1761313 NC_003454.gbk
180 30.4 767354 767061 genome.dna 1869004 1868704 NC_003454.gbk
1776 45.6 768185 770122 genome.dna 479618 481763 NC_003454.gbk
658 43.2 770241 771074 genome.dna 712659 713493 NC_003454.gbk
1107 43.7 771082 772419 genome.dna 996456 995097 NC_003454.gbk
551 35.4 782481 783425 genome.dna 1295083 1294219 NC_003454.gbk
327 56.5 783547 783816 genome.dna 481875 482133 NC_003454.gbk
1405 47.1 784066 786186 genome.dna 203427 205539 NC_003454.gbk
1064 36.0 787369 789282 genome.dna 475738 477325 NC_003454.gbk
177 35.1 794170 793859 genome.dna 86585 86282 NC_003454.gbk
766 47.4 798538 799257 genome.dna 1077155 1077881 NC_003454.gbk
522 30.9 812414 811260 genome.dna 728047 729166 NC_003454.gbk
392 31.9 830229 830876 genome.dna 370823 371471 NC_003454.gbk
1417 48.0 844582 846099 genome.dna 1111440 1112922 NC_003454.gbk
500 36.0 858630 859340 genome.dna 1239927 1240602 NC_003454.gbk
361 38.9 927840 927358 genome.dna 1264400 1264847 NC_003454.gbk
377 43.0 957261 956803 genome.dna 363992 363542 NC_003454.gbk
455 40.2 994093 993584 genome.dna 1572127 1571632 NC_003454.gbk
1927 53.1 995970 994243 genome.dna 275363 273623 NC_003454.gbk
218 41.9 996273 996016 genome.dna 275681 275417 NC_003454.gbk
744 43.9 997695 996727 genome.dna 1879401 1880352 NC_003454.gbk
139 32.1 1017295 1016948 genome.dna 1313864 1314245 NC_003454.gbk
385 33.3 1099537 1100406 genome.dna 1135515 1134648 NC_003454.gbk
493 33.1 1100443 1101237 genome.dna 864033 864861 NC_003454.gbk
915 35.5 1125945 1124593 genome.dna 1244127 1242945 NC_003454.gbk
639 38.2 1154052 1153258 genome.dna 1955071 1954306 NC_003454.gbk
789 48.3 1154397 1155122 genome.dna 128035 128779 NC_003454.gbk
350 43.8 1155257 1156108 genome.dna 128812 129715 NC_003454.gbk
811 52.8 1156279 1157004 genome.dna 129779 130499 NC_003454.gbk
546 44.8 1157130 1157687 genome.dna 130533 131106 NC_003454.gbk
582 39.7 1157925 1159121 genome.dna 1980402 1979229 NC_003454.gbk
754 49.1 1159320 1160081 genome.dna 1981980 1981287 NC_003454.gbk
602 33.2 1165447 1166469 genome.dna 402800 401801 NC_003454.gbk
443 47.8 1166572 1167027 genome.dna 1248924 1249350 NC_003454.gbk
884 52.2 1167032 1167820 genome.dna 1249367 1250141 NC_003454.gbk
456 46.3 1168997 1169593 genome.dna 2020092 2019444 NC_003454.gbk
1559 35.3 1169670 1173152 genome.dna 2037946 2034544 NC_003454.gbk
1039 51.6 1173165 1174124 genome.dna 1046416 1047358 NC_003454.gbk
1451 38.7 1180703 1178139 genome.dna 1347535 1350226 NC_003454.gbk
558 35.3 1202667 1201900 genome.dna 1426811 1427588 NC_003454.gbk
785 35.2 1265611 1266930 genome.dna 689479 690754 NC_003454.gbk
905 43.1 1271755 1272822 genome.dna 1985048 1983992 NC_003454.gbk
1333 52.4 1272920 1274065 genome.dna 2163890 2162768 NC_003454.gbk
550 34.9 1276393 1277361 genome.dna 1358425 1359379 NC_003454.gbk
396 41.9 1278470 1278919 genome.dna 2172373 2171923 NC_003454.gbk
801 39.6 1278982 1280091 genome.dna 11010 12120 NC_003454.gbk
558 56.1 1280201 1280677 genome.dna 10535 11009 NC_003454.gbk
100 35.6 1282175 1282681 genome.dna 430349 429833 NC_003454.gbk
1317 36.9 1284598 1282733 genome.dna 1868691 1866888 NC_003454.gbk
690 38.6 1285528 1284617 genome.dna 1983005 1982111 NC_003454.gbk
828 64.4 1301367 1301990 genome.dna 518938 518356 NC_003454.gbk
1398 55.5 1302154 1303428 genome.dna 518345 517073 NC_003454.gbk
2261 44.0 1303620 1306001 genome.dna 517064 514757 NC_003454.gbk
219 37.1 1306200 1306472 genome.dna 1678570 1678261 NC_003454.gbk
205 37.7 1322693 1322445 genome.dna 1128434 1128680 NC_003454.gbk
252 33.3 1329039 1329440 genome.dna 608384 608762 NC_003454.gbk
586 56.1 1329655 1330212 genome.dna 2166613 2166100 NC_003454.gbk
185 35.2 1332403 1332732 genome.dna 1926682 1926415 NC_003454.gbk
499 40.0 1332732 1333337 genome.dna 1048688 1049282 NC_003454.gbk
744 39.6 1333507 1335396 genome.dna 957773 959597 NC_003454.gbk
704 49.5 1335658 1336302 genome.dna 1955716 1955080 NC_003454.gbk
234 35.7 1352428 1351949 genome.dna 2021576 2021087 NC_003454.gbk
1529 39.8 1356196 1353473 genome.dna 868430 870740 NC_003454.gbk
756 40.8 1358126 1357212 genome.dna 64028 64913 NC_003454.gbk
1633 48.1 1363499 1366138 genome.dna 636250 633814 NC_003454.gbk
285 34.0 1426894 1426256 genome.dna 1637947 1637404 NC_003454.gbk
1071 49.3 1427931 1426894 genome.dna 1638954 1637934 NC_003454.gbk
727 51.4 1428285 1428911 genome.dna 1128716 1129361 NC_003454.gbk
1051 40.3 1429248 1430537 genome.dna 1551039 1549815 NC_003454.gbk
661 41.1 1436929 1437642 genome.dna 1641058 1640344 NC_003454.gbk
1170 47.7 1458435 1457257 genome.dna 1139706 1140915 NC_003454.gbk
748 56.2 1459094 1458447 genome.dna 346236 345582 NC_003454.gbk
763 52.1 1459750 1459094 genome.dna 346907 346253 NC_003454.gbk
309 68.7 1468125 1468334 genome.dna 1184590 1184806 NC_003454.gbk
833 37.6 1475506 1474394 genome.dna 1682013 1680912 NC_003454.gbk
939 32.5 1477420 1475516 genome.dna 1872846 1870872 NC_003454.gbk
2758 48.3 1483266 1480684 genome.dna 23545 20965 NC_003454.gbk
969 57.7 1484840 1484115 genome.dna 1461523 1460794 NC_003454.gbk
1083 39.0 1493774 1492350 genome.dna 1122259 1123567 NC_003454.gbk
1047 58.8 1502595 1501795 genome.dna 1792600 1793425 NC_003454.gbk
1822 56.7 1502956 1504452 genome.dna 63360 61890 NC_003454.gbk
404 37.9 1507655 1507128 genome.dna 1118255 1117751 NC_003454.gbk
501 36.7 1531148 1531804 genome.dna 1079732 1078943 NC_003454.gbk
607 35.5 1531798 1532742 genome.dna 1078951 1077940 NC_003454.gbk
644 41.2 1532732 1533469 genome.dna 1081700 1080926 NC_003454.gbk
623 42.1 1533499 1534146 genome.dna 228456 227811 NC_003454.gbk
539 35.0 1558773 1559834 genome.dna 648149 649046 NC_003454.gbk
901 60.7 1563766 1563014 genome.dna 1386493 1387180 NC_003454.gbk
458 30.6 1571894 1570848 genome.dna 202320 203328 NC_003454.gbk
840 42.8 1573036 1572017 genome.dna 620987 621977 NC_003454.gbk
388 38.6 1635671 1634820 genome.dna 194683 193786 NC_003454.gbk
685 33.3 1658980 1660527 genome.dna 386659 385075 NC_003454.gbk
658 36.9 1660540 1661571 genome.dna 1825677 1826697 NC_003454.gbk
442 31.8 1680733 1681461 genome.dna 2000390 1999733 NC_003454.gbk
1019 36.7 1761092 1762381 genome.dna 2006772 2005485 NC_003454.gbk
822 57.5 1763515 1764231 genome.dna 2004270 2003595 NC_003454.gbk
163 30.4 1764218 1764715 genome.dna 577468 576973 NC_003454.gbk
220 34.2 2016186 2015680 genome.dna 111582 111111 NC_003454.gbk
446 31.0 2038594 2039550 genome.dna 1680913 1680043 NC_003454.gbk
114 36.4 2040877 2041047 genome.dna 2015651 2015471 NC_003454.gbk
709 37.8 2041077 2042123 genome.dna 775601 776600 NC_003454.gbk
821 41.1 2042130 2043083 genome.dna 776599 777586 NC_003454.gbk
664 39.2 2043101 2044030 genome.dna 777625 778525 NC_003454.gbk
762 48.5 2044045 2044779 genome.dna 1138916 1139648 NC_003454.gbk
302 63.0 2044934 2045170 genome.dna 778592 778820 NC_003454.gbk
1263 44.4 2045253 2046494 genome.dna 778910 780152 NC_003454.gbk
560 34.5 2050132 2050929 genome.dna 1997322 1996545 NC_003454.gbk
442 54.5 2055442 2055792 genome.dna 363530 363191 NC_003454.gbk
1669 33.0 2070405 2066956 genome.dna 656688 659634 NC_003454.gbk
220 35.9 2076838 2077179 genome.dna 1961344 1961680 NC_003454.gbk
438 41.5 2079241 2079792 genome.dna 507566 506966 NC_003454.gbk
726 36.9 2091759 2090755 genome.dna 1425843 1426812 NC_003454.gbk
1791 59.7 2121733 2120321 genome.dna 259540 258112 NC_003454.gbk
182 31.7 2188157 2187750 genome.dna 987942 987570 NC_003454.gbk
989 39.0 2192856 2194133 genome.dna 690975 692196 NC_003454.gbk
696 44.3 2209283 2210113 genome.dna 927288 928101 NC_003454.gbk
543 35.6 2210106 2211050 genome.dna 928125 929055 NC_003454.gbk
549 40.1 2216576 2217319 genome.dna 1068859 1069573 NC_003454.gbk
540 34.0 2263993 2263058 genome.dna 1528140 1527306 NC_003454.gbk
1063 48.8 2267632 2266640 genome.dna 1160424 1161432 NC_003454.gbk
895 41.1 2335148 2334054 genome.dna 1006504 1007620 NC_003454.gbk
649 42.3 2351826 2352485 genome.dna 1316481 1315779 NC_003454.gbk
262 33.9 2473501 2473887 genome.dna 1699516 1699900 NC_003454.gbk
1399 59.2 2487322 2486231 genome.dna 2016829 2015734 NC_003454.gbk
390 36.5 2488039 2487452 genome.dna 107900 107324 NC_003454.gbk
1015 47.6 2489732 2488785 genome.dna 496104 497055 NC_003454.gbk
1157 48.5 2492889 2493971 genome.dna 1987253 1986155 NC_003454.gbk
861 50.5 2496092 2496946 genome.dna 1883490 1882629 NC_003454.gbk
582 37.7 2552084 2552833 genome.dna 2102610 2101827 NC_003454.gbk
712 53.8 2580340 2580921 genome.dna 103836 103251 NC_003454.gbk
387 30.8 2583574 2584629 genome.dna 105917 104972 NC_003454.gbk
557 44.6 2585266 2585973 genome.dna 104450 103832 NC_003454.gbk
545 44.2 2585970 2586605 genome.dna 693354 693960 NC_003454.gbk
1265 36.9 2593132 2590532 genome.dna 1714871 1717142 NC_003454.gbk
358 35.1 2595969 2596559 genome.dna 271650 272172 NC_003454.gbk
488 38.3 2597527 2596643 genome.dna 1415756 1415051 NC_003454.gbk
1384 53.6 2607572 2608762 genome.dna 955096 953908 NC_003454.gbk
1022 50.5 2627092 2626058 genome.dna 1038797 1039760 NC_003454.gbk
1079 49.8 2628084 2627089 genome.dna 1037785 1038793 NC_003454.gbk
775 45.0 2639766 2638855 genome.dna 1923153 1922247 NC_003454.gbk
757 38.7 2651794 2652813 genome.dna 1410821 1409810 NC_003454.gbk
1030 49.7 2654735 2655739 genome.dna 1310501 1311509 NC_003454.gbk
588 47.2 2679167 2679979 genome.dna 801296 802091 NC_003454.gbk
586 33.9 2687417 2685498 genome.dna 1400989 1403215 NC_003454.gbk
705 36.6 2699262 2700104 genome.dna 1289196 1288356 NC_003454.gbk
286 33.2 2701066 2701629 genome.dna 125264 125816 NC_003454.gbk
228 30.5 2724246 2725070 genome.dna 1862388 1861611 NC_003454.gbk
1586 42.2 2726216 2727934 genome.dna 1725673 1727368 NC_003454.gbk
210 36.9 2728844 2728548 genome.dna 1477124 1476848 NC_003454.gbk
1698 35.3 2731236 2728849 genome.dna 632284 629887 NC_003454.gbk
865 51.7 2732234 2731251 genome.dna 633314 632297 NC_003454.gbk
413 54.8 2732903 2732547 genome.dna 961364 961013 NC_003454.gbk
174 48.4 2733144 2732947 genome.dna 961595 961388 NC_003454.gbk
464 44.2 2733782 2733240 genome.dna 962239 961672 NC_003454.gbk
1872 45.1 2735713 2733785 genome.dna 1268498 1270361 NC_003454.gbk
373 33.7 2741372 2740491 genome.dna 1575637 1574707 NC_003454.gbk
1339 40.9 2747899 2746157 genome.dna 845024 843398 NC_003454.gbk
642 39.5 2757088 2758194 genome.dna 1420931 1422020 NC_003454.gbk
1310 49.5 2765355 2764123 genome.dna 1389703 1390942 NC_003454.gbk
974 44.4 2765687 2766838 genome.dna 278960 280091 NC_003454.gbk
651 35.3 2766822 2767682 genome.dna 280077 280932 NC_003454.gbk
691 39.0 2767679 2768455 genome.dna 280915 281710 NC_003454.gbk
584 31.6 2768546 2769589 genome.dna 1278829 1277800 NC_003454.gbk
1290 55.2 2809298 2808294 genome.dna 1877687 1876688 NC_003454.gbk
843 54.6 2811487 2810744 genome.dna 158802 158052 NC_003454.gbk
1807 47.6 2813755 2811956 genome.dna 932532 934311 NC_003454.gbk
799 37.3 2835515 2837245 genome.dna 1157601 1155891 NC_003454.gbk
802 31.1 2838878 2837343 genome.dna 1367478 1368948 NC_003454.gbk
1712 54.0 2864092 2865492 genome.dna 680699 679313 NC_003454.gbk
299 31.1 2869134 2868487 genome.dna 1820300 1820924 NC_003454.gbk
542 43.9 2884168 2883416 genome.dna 1467984 1467246 NC_003454.gbk
1088 33.1 2887241 2885457 genome.dna 1252020 1253772 NC_003454.gbk
377 67.0 2890870 2890553 genome.dna 1048379 1048676 NC_003454.gbk
546 36.0 2891958 2891200 genome.dna 1543807 1543036 NC_003454.gbk
466 32.4 2900715 2899810 genome.dna 2025351 2026191 NC_003454.gbk
1778 52.3 2902776 2901247 genome.dna 2027387 2028938 NC_003454.gbk
973 51.5 2903705 2902830 genome.dna 2026494 2027385 NC_003454.gbk
230 43.7 2903995 2903705 genome.dna 2026201 2026486 NC_003454.gbk
616 33.6 2905083 2904019 genome.dna 956945 955907 NC_003454.gbk
458 38.2 2926492 2925815 genome.dna 117983 117326 NC_003454.gbk
400 35.4 2931779 2932639 genome.dna 1791353 1790582 NC_003454.gbk
3190 63.3 2932697 2934979 genome.dna 889897 887665 NC_003454.gbk
692 40.5 2966712 2967509 genome.dna 887600 886868 NC_003454.gbk
1297 46.0 2975613 2974318 genome.dna 746157 744882 NC_003454.gbk
440 39.1 2977060 2975717 genome.dna 930037 931261 NC_003454.gbk
337 63.9 2988043 2988261 genome.dna 1944753 1944504 NC_003454.gbk
1397 41.1 2997034 2998686 genome.dna 1339030 1340731 NC_003454.gbk
507 35.5 3002258 3001431 genome.dna 792484 793351 NC_003454.gbk
345 30.0 3046334 3045672 genome.dna 711101 711665 NC_003454.gbk
531 32.3 3058890 3057901 genome.dna 1619383 1618417 NC_003454.gbk
490 32.3 3069350 3068412 genome.dna 2107377 2108322 NC_003454.gbk
462 35.7 3084419 3083724 genome.dna 1375052 1375733 NC_003454.gbk
100 31.6 3100258 3100503 genome.dna 1141049 1141271 NC_003454.gbk
523 38.9 3109585 3110331 genome.dna 1460729 1460036 NC_003454.gbk
393 36.1 3110358 3111017 genome.dna 1462226 1461515 NC_003454.gbk
429 32.7 3140808 3141479 genome.dna 1173046 1172377 NC_003454.gbk
496 36.5 3154559 3153852 genome.dna 1524605 1523930 NC_003454.gbk
2393 55.6 3161386 3159374 genome.dna 849741 851733 NC_003454.gbk
570 31.3 3165022 3163865 genome.dna 1507906 1509052 NC_003454.gbk
616 33.1 3166099 3165062 genome.dna 1655078 1656161 NC_003454.gbk
832 31.9 3166195 3167499 genome.dna 1656877 1658236 NC_003454.gbk
222 32.1 3168781 3169188 genome.dna 1113003 1113360 NC_003454.gbk
424 31.2 3169188 3169883 genome.dna 1113359 1114052 NC_003454.gbk
827 32.2 3176400 3174856 genome.dna 1034342 1035878 NC_003454.gbk
306 33.5 3228583 3228035 genome.dna 205554 206118 NC_003454.gbk
917 34.7 3230474 3228642 genome.dna 1734040 1735810 NC_003454.gbk
358 31.9 3278435 3279220 genome.dna 333732 334506 NC_003454.gbk
721 40.4 3302638 3301757 genome.dna 937665 938496 NC_003454.gbk
3752 57.0 3303128 3306640 genome.dna 1832363 1828796 NC_003454.gbk
845 40.3 3314908 3313691 genome.dna 1848895 1849975 NC_003454.gbk
390 39.4 3334880 3335344 genome.dna 1400260 1400731 NC_003454.gbk
1587 44.4 3364676 3363084 genome.dna 1957808 1959428 NC_003454.gbk
1097 45.6 3395711 3396913 genome.dna 1833651 1832454 NC_003454.gbk
566 35.0 3409858 3408341 genome.dna 1640300 1638953 NC_003454.gbk
775 46.3 3413548 3412631 genome.dna 1045490 1046405 NC_003454.gbk
408 33.5 3415469 3414618 genome.dna 109902 109158 NC_003454.gbk
414 37.5 3427528 3426443 genome.dna 1586579 1587653 NC_003454.gbk
885 37.8 3455799 3454780 genome.dna 941239 942241 NC_003454.gbk
761 44.4 3516455 3517318 genome.dna 2170976 2170124 NC_003454.gbk
1135 42.4 3519048 3517663 genome.dna 90295 88873 NC_003454.gbk
414 44.0 3521609 3522118 genome.dna 1641757 1641283 NC_003454.gbk
695 38.2 3525014 3526381 genome.dna 1750706 1751933 NC_003454.gbk
895 38.7 3540580 3539417 genome.dna 618289 619459 NC_003454.gbk
697 34.6 3573115 3574479 genome.dna 315976 314743 NC_003454.gbk
486 34.3 3577570 3576767 genome.dna 254855 253985 NC_003454.gbk
1619 56.7 3590632 3589055 genome.dna 2111724 2113263 NC_003454.gbk
1770 55.3 3592205 3590739 genome.dna 1888996 1887532 NC_003454.gbk
729 31.6 3592378 3593766 genome.dna 1711991 1713206 NC_003454.gbk
654 37.5 3599984 3598497 genome.dna 795350 796673 NC_003454.gbk
1116 43.1 3603229 3601955 genome.dna 931272 932514 NC_003454.gbk
1091 50.0 3604488 3603367 genome.dna 1126022 1127087 NC_003454.gbk
740 37.8 3607701 3606505 genome.dna 1183067 1181990 NC_003454.gbk
454 54.3 3619938 3619552 genome.dna 695292 695679 NC_003454.gbk
1100 45.4 3621177 3619963 genome.dna 694046 695240 NC_003454.gbk
236 31.9 3621953 3621459 genome.dna 1876692 1876260 NC_003454.gbk
223 34.1 3680225 3679845 genome.dna 1996549 1996180 NC_003454.gbk
627 35.6 3682691 3681786 genome.dna 896909 897800 NC_003454.gbk
451 35.6 3683368 3682688 genome.dna 780167 780872 NC_003454.gbk
2298 56.0 3686442 3684643 genome.dna 1434922 1433107 NC_003454.gbk
796 51.9 3694571 3695257 genome.dna 1885593 1884912 NC_003454.gbk
776 36.6 3698228 3696813 genome.dna 1994993 1993442 NC_003454.gbk
505 38.1 3711890 3712588 genome.dna 1670404 1669690 NC_003454.gbk
1399 48.5 3714803 3716083 genome.dna 1194035 1192730 NC_003454.gbk
596 51.4 3738313 3737777 genome.dna 915855 915327 NC_003454.gbk
2911 52.1 3762599 3760023 genome.dna 441418 444013 NC_003454.gbk
607 35.5 3764478 3763501 genome.dna 2021071 2020111 NC_003454.gbk
410 31.4 3770090 3770806 genome.dna 843406 842683 NC_003454.gbk
346 48.6 3773009 3772662 genome.dna 1071500 1071851 NC_003454.gbk
720 43.2 3773827 3773072 genome.dna 913495 912778 NC_003454.gbk
122 32.1 3774681 3774433 genome.dna 2049549 2049285 NC_003454.gbk
1477 50.4 3776200 3774839 genome.dna 2050934 2049599 NC_003454.gbk
2505 46.3 3784972 3782345 genome.dna 1354131 1356735 NC_003454.gbk
1301 57.4 3786717 3785644 genome.dna 1199782 1200928 NC_003454.gbk
1064 36.2 3886800 3888260 genome.dna 285064 286525 NC_003454.gbk
484 30.9 3889382 3888324 genome.dna 1859200 1860253 NC_003454.gbk
643 50.3 3893814 3893233 genome.dna 1152737 1152152 NC_003454.gbk
743 32.9 3898328 3897126 genome.dna 2073296 2072141 NC_003454.gbk
1015 46.5 3952362 3953393 genome.dna 1317478 1316470 NC_003454.gbk
667 43.8 3954101 3954916 genome.dna 1315765 1314979 NC_003454.gbk
1843 52.2 3956293 3958011 genome.dna 154981 153277 NC_003454.gbk
494 48.1 3963052 3962555 genome.dna 269810 270293 NC_003454.gbk
1695 65.0 4001743 4000448 genome.dna 258087 256782 NC_003454.gbk
1569 34.5 4007080 4004843 genome.dna 2166082 2163904 NC_003454.gbk
1485 37.1 4027241 4025196 genome.dna 213289 215380 NC_003454.gbk
633 42.0 4036522 4035704 genome.dna 198054 197253 NC_003454.gbk
335 30.8 4037132 4037767 genome.dna 1191843 1191258 NC_003454.gbk
244 34.7 4059979 4059527 genome.dna 317790 317340 NC_003454.gbk
239 52.1 4060248 4060021 genome.dna 152850 152631 NC_003454.gbk
420 34.9 4068636 4067902 genome.dna 24882 24177 NC_003454.gbk
604 36.9 4076878 4075862 genome.dna 123576 122625 NC_003454.gbk
468 36.0 4076900 4077613 genome.dna 1214294 1214966 NC_003454.gbk
591 31.2 4080027 4081166 genome.dna 1213181 1214279 NC_003454.gbk
1044 38.5 4114440 4115846 genome.dna 317329 315988 NC_003454.gbk
398 30.0 4115888 4116970 genome.dna 1044664 1043599 NC_003454.gbk
3404 54.4 4139901 4137067 genome.dna 1746698 1749581 NC_003454.gbk
824 41.5 4200650 4199670 genome.dna 854179 853180 NC_003454.gbk
607 36.9 4244964 4245854 genome.dna 650317 651178 NC_003454.gbk
364 35.0 4250722 4251348 genome.dna 433089 432507 NC_003454.gbk
2053 49.4 4255592 4252890 genome.dna 215438 218048 NC_003454.gbk
600 36.9 4257707 4256787 genome.dna 1248051 1248903 NC_003454.gbk
952 43.5 4258960 4257809 genome.dna 2132800 2131717 NC_003454.gbk
330 36.9 4262088 4261168 genome.dna 2135749 2134885 NC_003454.gbk
1015 35.9 4263557 4262097 genome.dna 2138012 2136605 NC_003454.gbk
525 30.8 4264711 4263620 genome.dna 2139066 2137992 NC_003454.gbk
1085 46.7 4268312 4267230 genome.dna 2141450 2140364 NC_003454.gbk
848 33.6 4271151 4269664 genome.dna 1884913 1883455 NC_003454.gbk
703 39.6 4274186 4273242 genome.dna 206464 207409 NC_003454.gbk
428 30.0 4319027 4319845 genome.dna 915318 914523 NC_003454.gbk
2869 50.2 4330684 4327460 genome.dna 1063151 1066343 NC_003454.gbk
465 49.0 4331847 4330699 genome.dna 1062075 1063152 NC_003454.gbk
303 35.4 4335368 4334856 genome.dna 707447 707945 NC_003454.gbk
2841 46.3 4338181 4335368 genome.dna 704676 707478 NC_003454.gbk
518 32.4 4339154 4338213 genome.dna 1365876 1366836 NC_003454.gbk
194 37.2 4339580 4339843 genome.dna 367294 367567 NC_003454.gbk
959 48.9 4343498 4342359 genome.dna 751037 752216 NC_003454.gbk
2027 56.4 4345514 4343607 genome.dna 748392 750216 NC_003454.gbk
333 31.8 4376373 4375759 genome.dna 352398 351774 NC_003454.gbk
487 31.1 4377440 4376580 genome.dna 1279745 1278899 NC_003454.gbk
746 42.5 4379941 4378778 genome.dna 1312246 1313443 NC_003454.gbk
1376 55.2 4388480 4389631 genome.dna 987317 986165 NC_003454.gbk
280 31.9 4391555 4392289 genome.dna 1876257 1875549 NC_003454.gbk
1269 43.5 4398393 4397095 genome.dna 115366 114088 NC_003454.gbk
423 32.6 4403893 4402952 genome.dna 413846 412934 NC_003454.gbk
741 57.1 4413698 4413135 genome.dna 484758 485325 NC_003454.gbk
431 34.4 4448185 4447619 genome.dna 1377115 1377679 NC_003454.gbk
359 36.1 4482450 4482959 genome.dna 1814042 1814567 NC_003454.gbk
655 33.4 4482986 4483933 genome.dna 2171923 2170969 NC_003454.gbk
469 54.9 4486815 4487225 genome.dna 1422049 1422478 NC_003454.gbk
413 54.3 4488068 4487676 genome.dna 1941709 1941358 NC_003454.gbk
639 35.0 4489098 4488109 genome.dna 1942765 1941736 NC_003454.gbk
514 46.6 4489744 4489124 genome.dna 1943333 1942745 NC_003454.gbk
540 58.1 4490164 4489775 genome.dna 1943762 1943372 NC_003454.gbk
443 56.8 4490537 4490181 genome.dna 1944164 1943807 NC_003454.gbk
1120 40.6 4492165 4490834 genome.dna 132450 131169 NC_003454.gbk
383 44.6 4492607 4492173 genome.dna 132954 132474 NC_003454.gbk
160 43.6 4492790 4492611 genome.dna 133139 132953 NC_003454.gbk
515 46.3 4493297 4492797 genome.dna 133646 133151 NC_003454.gbk
344 50.0 4493665 4493312 genome.dna 134038 133669 NC_003454.gbk
527 48.9 4494208 4493675 genome.dna 134598 134064 NC_003454.gbk
426 48.5 4494614 4494222 genome.dna 135021 134622 NC_003454.gbk
318 50.5 4494953 4494648 genome.dna 135337 135049 NC_003454.gbk
748 57.3 4495506 4494967 genome.dna 135909 135357 NC_003454.gbk
525 63.4 4496217 4495846 genome.dna 136662 136293 NC_003454.gbk
281 52.4 4496635 4496381 genome.dna 136942 136690 NC_003454.gbk
147 38.3 4496826 4496635 genome.dna 137160 136977 NC_003454.gbk
478 53.7 4497236 4496826 genome.dna 137591 137159 NC_003454.gbk
702 46.7 4497950 4497249 genome.dna 138253 137593 NC_003454.gbk
359 56.9 4498300 4497968 genome.dna 138607 138271 NC_003454.gbk
435 69.2 4498593 4498315 genome.dna 138917 138641 NC_003454.gbk
1019 56.0 4499431 4498610 genome.dna 139772 138941 NC_003454.gbk
166 36.0 4499751 4499449 genome.dna 140107 139819 NC_003454.gbk
454 41.1 4500353 4499748 genome.dna 140736 140106 NC_003454.gbk
682 52.9 4500993 4500364 genome.dna 141391 140755 NC_003454.gbk
352 47.0 4501337 4501026 genome.dna 141850 141538 NC_003454.gbk
2972 64.4 4505956 4503842 genome.dna 79696 77614 NC_003454.gbk
529 47.1 4506523 4506053 genome.dna 80212 79741 NC_003454.gbk
571 70.0 4506994 4506620 genome.dna 80608 80239 NC_003454.gbk
154 30.4 4508912 4508190 genome.dna 444779 444089 NC_003454.gbk
380 39.6 4520431 4519847 genome.dna 364490 363995 NC_003454.gbk
524 40.0 4531820 4531245 genome.dna 231127 230515 NC_003454.gbk
921 48.4 4542308 4541385 genome.dna 1036897 1037767 NC_003454.gbk
733 38.9 4557783 4556779 genome.dna 1043532 1042554 NC_003454.gbk
664 48.1 4559154 4558477 genome.dna 1335594 1336242 NC_003454.gbk
327 36.1 4562994 4562473 genome.dna 1481967 1482486 NC_003454.gbk
1387 43.9 4575473 4577092 genome.dna 1761577 1763161 NC_003454.gbk
1782 41.1 4597892 4600225 genome.dna 700072 702244 NC_003454.gbk
1871 43.7 4632742 4630295 genome.dna 1519012 1516642 NC_003454.gbk
489 34.3 4634257 4632818 genome.dna 1512397 1511011 NC_003454.gbk
715 39.6 4635563 4634286 genome.dna 1514752 1513597 NC_003454.gbk
984 32.1 4637576 4635600 genome.dna 1459916 1457978 NC_003454.gbk
730 40.7 4639754 4637577 genome.dna 1516614 1514778 NC_003454.gbk
1519 61.1 4657530 4658615 genome.dna 401759 400685 NC_003454.gbk
592 34.6 4659594 4658794 genome.dna 1028752 1029556 NC_003454.gbk
739 39.2 4664050 4662224 genome.dna 1228080 1229925 NC_003454.gbk
1360 34.1 4672431 4670269 genome.dna 1245851 1248059 NC_003454.gbk
658 41.5 4680620 4681561 genome.dna 1302354 1301457 NC_003454.gbk
750 46.6 4702353 4701286 genome.dna 164562 163362 NC_003454.gbk
1130 46.3 4708658 4707399 genome.dna 1123589 1124831 NC_003454.gbk
303 44.0 4709479 4709153 genome.dna 729308 729620 NC_003454.gbk
1475 47.6 4719117 4720601 genome.dna 741851 743300 NC_003454.gbk
1191 39.6 4733613 4735139 genome.dna 125092 123598 NC_003454.gbk
850 37.9 4766891 4765731 genome.dna 2080704 2081892 NC_003454.gbk
369 32.4 4768410 4769372 genome.dna 1545705 1544844 NC_003454.gbk
227 36.3 4780345 4781184 genome.dna 327628 328393 NC_003454.gbk
2397 67.7 4781238 4782749 genome.dna 328411 329905 NC_003454.gbk
1070 63.9 4782875 4783885 genome.dna 1814870 1815911 NC_003454.gbk
731 47.4 4786326 4787093 genome.dna 2017608 2016852 NC_003454.gbk
910 45.3 4825789 4824827 genome.dna 1047369 1048359 NC_003454.gbk
401 44.6 4834867 4834403 genome.dna 1468714 1469167 NC_003454.gbk
377 33.6 4837408 4836659 genome.dna 374384 373598 NC_003454.gbk
904 42.8 4838481 4837408 genome.dna 945935 947006 NC_003454.gbk
398 34.2 4843920 4843159 genome.dna 856273 855496 NC_003454.gbk
874 32.5 4848093 4849451 genome.dna 853163 851804 NC_003454.gbk
792 51.9 4859998 4859297 genome.dna 2097663 2096949 NC_003454.gbk
821 48.4 4860774 4860004 genome.dna 2098445 2097662 NC_003454.gbk
785 43.2 4862968 4862042 genome.dna 2100342 2099415 NC_003454.gbk
1127 42.1 4911222 4909444 genome.dna 1595356 1593616 NC_003454.gbk
698 31.1 4932696 4934039 genome.dna 2022555 2023920 NC_003454.gbk
844 32.7 4988276 4989640 genome.dna 644644 646012 NC_003454.gbk
1191 41.3 5010680 5009268 genome.dna 1680021 1678713 NC_003454.gbk
1480 41.0 5049054 5047222 genome.dna 1095838 1097662 NC_003454.gbk
1265 44.9 5050610 5049240 genome.dna 494762 496103 NC_003454.gbk
2079 69.0 5055348 5053966 genome.dna 989764 988375 NC_003454.gbk
602 34.3 5056259 5055396 genome.dna 990933 990084 NC_003454.gbk
1215 55.1 5057853 5056312 genome.dna 992446 990943 NC_003454.gbk
234 31.7 5060037 5059237 genome.dna 994503 993846 NC_003454.gbk
1971 48.7 5063659 5061770 genome.dna 222735 220833 NC_003454.gbk
