1038 35.2 25826 28615 genome.dna 136953 139566 NC_002179.gbk
1066 38.8 30749 32122 genome.dna 1054606 1055983 NC_002179.gbk
420 40.2 50956 50333 genome.dna 690037 689419 NC_002179.gbk
534 45.9 110262 109636 genome.dna 768262 767638 NC_002179.gbk
403 49.3 165569 165111 genome.dna 766580 766142 NC_002179.gbk
163 37.9 167881 168117 genome.dna 468338 468068 NC_002179.gbk
145 49.1 168129 168296 genome.dna 555225 555384 NC_002179.gbk
726 38.2 192775 193791 genome.dna 1097446 1098451 NC_002179.gbk
388 30.9 222967 223722 genome.dna 245114 244400 NC_002179.gbk
1013 48.9 228573 229595 genome.dna 200 1199 NC_002179.gbk
1854 68.4 250357 251541 genome.dna 751428 750243 NC_002179.gbk
415 38.5 252164 252709 genome.dna 749844 749295 NC_002179.gbk
490 55.4 252872 253300 genome.dna 749189 748763 NC_002179.gbk
754 46.8 253304 254008 genome.dna 748737 748038 NC_002179.gbk
283 43.8 254890 255255 genome.dna 747467 747077 NC_002179.gbk
2284 46.7 255584 259612 genome.dna 746971 743182 NC_002179.gbk
4281 49.9 259736 263959 genome.dna 743171 738977 NC_002179.gbk
599 31.3 301263 300298 genome.dna 1207284 1206276 NC_002179.gbk
1518 49.4 306633 305290 genome.dna 620593 621958 NC_002179.gbk
261 32.1 307112 306645 genome.dna 620093 620597 NC_002179.gbk
1208 57.4 313270 314313 genome.dna 1106149 1105048 NC_002179.gbk
311 31.6 315964 316557 genome.dna 806218 806809 NC_002179.gbk
885 35.5 316547 318016 genome.dna 975071 976619 NC_002179.gbk
685 43.9 338215 337490 genome.dna 32601 31878 NC_002179.gbk
544 34.8 340994 339921 genome.dna 232888 233878 NC_002179.gbk
652 36.9 345980 347242 genome.dna 179462 180839 NC_002179.gbk
477 48.6 352201 352629 genome.dna 557867 558317 NC_002179.gbk
364 47.2 352645 353037 genome.dna 558330 558735 NC_002179.gbk
229 30.7 389811 389332 genome.dna 766141 765664 NC_002179.gbk
1067 38.5 460910 458055 genome.dna 728049 725226 NC_002179.gbk
856 34.1 463248 461737 genome.dna 407178 408678 NC_002179.gbk
1219 41.6 530287 528905 genome.dna 771851 773213 NC_002179.gbk
235 39.8 692962 692627 genome.dna 1030661 1031000 NC_002179.gbk
260 40.6 697176 697469 genome.dna 671752 672061 NC_002179.gbk
2125 62.0 697515 699164 genome.dna 672102 673737 NC_002179.gbk
1062 41.3 753122 751287 genome.dna 1218539 1216763 NC_002179.gbk
161 40.7 755400 755185 genome.dna 796490 796313 NC_002179.gbk
699 36.3 755628 756641 genome.dna 608079 607044 NC_002179.gbk
254 40.8 757206 756736 genome.dna 608162 608606 NC_002179.gbk
258 39.6 761608 761919 genome.dna 210355 210676 NC_002179.gbk
286 55.3 761939 762196 genome.dna 210700 210955 NC_002179.gbk
850 41.2 763509 764681 genome.dna 211031 212063 NC_002179.gbk
1303 47.1 771082 772419 genome.dna 962903 961526 NC_002179.gbk
148 30.6 772670 773002 genome.dna 850297 849940 NC_002179.gbk
721 30.4 777751 779280 genome.dna 482463 481158 NC_002179.gbk
1582 35.1 779306 782008 genome.dna 481202 478529 NC_002179.gbk
180 33.0 782083 782481 genome.dna 478579 478153 NC_002179.gbk
250 46.1 783547 783816 genome.dna 918256 918526 NC_002179.gbk
1947 45.4 784066 786186 genome.dna 918566 920651 NC_002179.gbk
278 36.0 814149 814541 genome.dna 363922 364270 NC_002179.gbk
597 39.6 839867 840766 genome.dna 894177 895083 NC_002179.gbk
847 38.6 844582 846099 genome.dna 1007277 1005693 NC_002179.gbk
325 39.3 927840 927358 genome.dna 459213 459711 NC_002179.gbk
943 49.2 956604 955654 genome.dna 738875 737885 NC_002179.gbk
556 30.6 1087061 1085955 genome.dna 392202 393312 NC_002179.gbk
637 42.1 1154052 1153258 genome.dna 912430 913231 NC_002179.gbk
639 42.7 1154397 1155122 genome.dna 59816 58982 NC_002179.gbk
261 32.4 1155257 1156108 genome.dna 58983 58134 NC_002179.gbk
530 38.9 1156279 1157004 genome.dna 58127 57380 NC_002179.gbk
431 36.5 1157130 1157687 genome.dna 57403 56860 NC_002179.gbk
543 35.7 1157925 1159121 genome.dna 452709 453849 NC_002179.gbk
586 40.1 1159320 1160081 genome.dna 185477 184691 NC_002179.gbk
655 34.3 1165447 1166469 genome.dna 500496 499413 NC_002179.gbk
383 43.0 1166572 1167027 genome.dna 107609 108071 NC_002179.gbk
630 41.9 1167032 1167820 genome.dna 108083 108923 NC_002179.gbk
513 42.2 1168997 1169593 genome.dna 690678 690033 NC_002179.gbk
1257 37.0 1169670 1173152 genome.dna 95197 91474 NC_002179.gbk
936 44.1 1173165 1174124 genome.dna 381053 382028 NC_002179.gbk
1246 37.7 1180703 1178139 genome.dna 995913 998400 NC_002179.gbk
925 40.2 1264025 1265131 genome.dna 663865 664990 NC_002179.gbk
589 46.1 1270601 1269999 genome.dna 1193974 1193347 NC_002179.gbk
549 35.1 1272920 1274065 genome.dna 581926 580807 NC_002179.gbk
413 45.8 1278470 1278919 genome.dna 226655 226196 NC_002179.gbk
771 40.3 1278982 1280091 genome.dna 1082670 1081539 NC_002179.gbk
1489 39.1 1284598 1282733 genome.dna 853773 855708 NC_002179.gbk
743 56.2 1301367 1301990 genome.dna 1111446 1112058 NC_002179.gbk
1300 57.1 1302154 1303428 genome.dna 1112067 1113333 NC_002179.gbk
1882 40.5 1303620 1306001 genome.dna 798966 801426 NC_002179.gbk
102 39.1 1322427 1322284 genome.dna 1002079 1001941 NC_002179.gbk
393 34.9 1332732 1333337 genome.dna 504467 503864 NC_002179.gbk
419 35.2 1335658 1336302 genome.dna 560365 559723 NC_002179.gbk
1467 44.9 1363499 1366138 genome.dna 532929 535434 NC_002179.gbk
587 32.4 1387613 1386405 genome.dna 959603 958412 NC_002179.gbk
587 32.4 1387613 1386405 genome.dna 957954 956763 NC_002179.gbk
825 43.8 1470427 1469462 genome.dna 1131694 1132618 NC_002179.gbk
557 31.1 1475506 1474394 genome.dna 1036179 1035021 NC_002179.gbk
1333 40.0 1483266 1480684 genome.dna 645768 643305 NC_002179.gbk
492 36.3 1530248 1530991 genome.dna 668946 669702 NC_002179.gbk
1933 38.3 1540513 1543320 genome.dna 415028 417755 NC_002179.gbk
946 44.1 1543336 1544562 genome.dna 417758 418853 NC_002179.gbk
1031 43.2 1544898 1546064 genome.dna 955045 953884 NC_002179.gbk
1231 64.1 1546064 1546936 genome.dna 953871 952989 NC_002179.gbk
717 30.0 1547669 1549237 genome.dna 711078 709731 NC_002179.gbk
376 36.1 1563766 1563014 genome.dna 1089927 1090614 NC_002179.gbk
522 41.7 1599518 1600159 genome.dna 15916 16585 NC_002179.gbk
1487 47.8 1638449 1639855 genome.dna 435838 437278 NC_002179.gbk
475 37.6 1986118 1986840 genome.dna 433371 434145 NC_002179.gbk
498 31.9 2029109 2030257 genome.dna 17641 16666 NC_002179.gbk
101 36.8 2040877 2041047 genome.dna 974297 974114 NC_002179.gbk
439 30.0 2041077 2042123 genome.dna 974099 973136 NC_002179.gbk
590 44.7 2042130 2043083 genome.dna 504561 505569 NC_002179.gbk
576 36.0 2043101 2044030 genome.dna 505585 506512 NC_002179.gbk
689 45.9 2044045 2044779 genome.dna 506517 507264 NC_002179.gbk
237 52.0 2044934 2045170 genome.dna 507419 507659 NC_002179.gbk
1166 44.6 2045253 2046494 genome.dna 1024578 1023327 NC_002179.gbk
373 37.4 2048443 2049102 genome.dna 535438 536059 NC_002179.gbk
512 35.8 2050132 2050929 genome.dna 1185824 1185038 NC_002179.gbk
268 37.6 2055442 2055792 genome.dna 271444 271822 NC_002179.gbk
1770 33.2 2070405 2066956 genome.dna 1050368 1053626 NC_002179.gbk
564 43.7 2071740 2072447 genome.dna 556955 557636 NC_002179.gbk
1566 51.6 2112831 2114330 genome.dna 66671 68126 NC_002179.gbk
666 42.8 2114428 2115174 genome.dna 68131 68902 NC_002179.gbk
1075 41.4 2116495 2117718 genome.dna 70179 71400 NC_002179.gbk
977 40.3 2121733 2120321 genome.dna 716646 715191 NC_002179.gbk
541 47.8 2181519 2182154 genome.dna 226910 227513 NC_002179.gbk
976 40.8 2192856 2194133 genome.dna 434579 435818 NC_002179.gbk
354 30.6 2239913 2239125 genome.dna 389228 388328 NC_002179.gbk
566 34.7 2298807 2297113 genome.dna 905987 907685 NC_002179.gbk
1261 46.2 2371991 2370621 genome.dna 46555 47884 NC_002179.gbk
1162 37.0 2375035 2372933 genome.dna 473952 471819 NC_002179.gbk
1202 50.7 2487322 2486231 genome.dna 475424 476519 NC_002179.gbk
338 38.1 2488039 2487452 genome.dna 984927 984384 NC_002179.gbk
1139 51.9 2492889 2493971 genome.dna 695866 694792 NC_002179.gbk
703 43.5 2496092 2496946 genome.dna 33908 33092 NC_002179.gbk
1601 54.0 2563367 2561970 genome.dna 909169 907786 NC_002179.gbk
448 34.1 2585266 2585973 genome.dna 366515 365873 NC_002179.gbk
370 35.4 2585970 2586605 genome.dna 1123670 1124300 NC_002179.gbk
876 35.4 2593132 2590532 genome.dna 1203709 1206325 NC_002179.gbk
752 39.2 2627092 2626058 genome.dna 75636 74661 NC_002179.gbk
568 34.7 2629004 2628096 genome.dna 599272 598417 NC_002179.gbk
696 35.4 2629936 2629016 genome.dna 600247 599302 NC_002179.gbk
1330 59.3 2654735 2655739 genome.dna 123569 124577 NC_002179.gbk
628 43.4 2732234 2731251 genome.dna 930400 929380 NC_002179.gbk
338 44.4 2732903 2732547 genome.dna 930780 930414 NC_002179.gbk
172 45.6 2733144 2732947 genome.dna 930993 930798 NC_002179.gbk
540 47.7 2733782 2733240 genome.dna 931531 930970 NC_002179.gbk
1628 41.0 2735713 2733785 genome.dna 1157671 1159579 NC_002179.gbk
1153 48.7 2757088 2758194 genome.dna 355779 356865 NC_002179.gbk
1038 40.3 2794931 2793456 genome.dna 566980 565441 NC_002179.gbk
1089 51.9 2809298 2808294 genome.dna 402052 403066 NC_002179.gbk
364 36.6 2809923 2809306 genome.dna 127445 128069 NC_002179.gbk
386 41.0 2810663 2810151 genome.dna 126937 127444 NC_002179.gbk
623 42.2 2811487 2810744 genome.dna 176180 176897 NC_002179.gbk
1683 45.0 2813755 2811956 genome.dna 98661 100416 NC_002179.gbk
724 39.1 2835515 2837245 genome.dna 182478 180792 NC_002179.gbk
513 40.2 2884168 2883416 genome.dna 569867 569102 NC_002179.gbk
406 30.4 2885460 2884459 genome.dna 229325 230423 NC_002179.gbk
189 34.1 2923933 2923649 genome.dna 379340 379643 NC_002179.gbk
1524 45.1 2925698 2924025 genome.dna 484306 482563 NC_002179.gbk
442 38.4 2926492 2925815 genome.dna 183768 183117 NC_002179.gbk
1034 41.6 2975613 2974318 genome.dna 1082713 1083997 NC_002179.gbk
920 48.1 2982496 2983455 genome.dna 484997 485933 NC_002179.gbk
261 55.7 2988043 2988261 genome.dna 751846 751624 NC_002179.gbk
378 31.5 3003564 3004295 genome.dna 279848 280628 NC_002179.gbk
938 36.8 3042056 3043384 genome.dna 555232 553720 NC_002179.gbk
740 43.1 3065575 3066420 genome.dna 19487 18605 NC_002179.gbk
369 32.1 3084419 3083724 genome.dna 1089772 1089064 NC_002179.gbk
414 31.1 3110358 3111017 genome.dna 608654 609308 NC_002179.gbk
371 33.6 3154559 3153852 genome.dna 956713 955996 NC_002179.gbk
2157 50.9 3161386 3159374 genome.dna 1162745 1164719 NC_002179.gbk
598 31.9 3165022 3163865 genome.dna 873699 874848 NC_002179.gbk
991 46.7 3166099 3165062 genome.dna 872725 873721 NC_002179.gbk
638 32.0 3230474 3228642 genome.dna 998402 1000214 NC_002179.gbk
550 31.7 3290769 3289561 genome.dna 396843 397959 NC_002179.gbk
870 41.2 3310237 3309242 genome.dna 76600 75625 NC_002179.gbk
448 33.0 3353699 3354838 genome.dna 709721 708686 NC_002179.gbk
1389 42.3 3364676 3363084 genome.dna 804597 806190 NC_002179.gbk
445 40.4 3408161 3407589 genome.dna 543552 544131 NC_002179.gbk
843 47.3 3413548 3412631 genome.dna 767557 766630 NC_002179.gbk
477 34.0 3415469 3414618 genome.dna 171592 170788 NC_002179.gbk
810 45.7 3427528 3426443 genome.dna 879217 880297 NC_002179.gbk
1248 43.6 3468186 3466690 genome.dna 1145827 1144336 NC_002179.gbk
620 41.7 3516455 3517318 genome.dna 461466 460605 NC_002179.gbk
1008 40.1 3519048 3517663 genome.dna 1004272 1005697 NC_002179.gbk
894 44.4 3590632 3589055 genome.dna 628853 630143 NC_002179.gbk
512 33.5 3599984 3598497 genome.dna 1114711 1116175 NC_002179.gbk
885 37.3 3603229 3601955 genome.dna 97394 98687 NC_002179.gbk
509 55.9 3608433 3608005 genome.dna 128140 128575 NC_002179.gbk
996 41.6 3642369 3641032 genome.dna 165583 164398 NC_002179.gbk
361 39.3 3651787 3651263 genome.dna 918009 917541 NC_002179.gbk
245 38.2 3680225 3679845 genome.dna 486293 485924 NC_002179.gbk
359 33.6 3683368 3682688 genome.dna 771172 771886 NC_002179.gbk
2111 51.3 3686442 3684643 genome.dna 439185 437376 NC_002179.gbk
722 50.7 3694571 3695257 genome.dna 1198955 1198244 NC_002179.gbk
659 32.4 3698228 3696813 genome.dna 195972 197490 NC_002179.gbk
943 37.3 3709959 3708493 genome.dna 947435 945968 NC_002179.gbk
1009 39.6 3714803 3716083 genome.dna 667181 668504 NC_002179.gbk
428 35.2 3730782 3732230 genome.dna 963377 964670 NC_002179.gbk
2643 49.5 3762599 3760023 genome.dna 663256 660637 NC_002179.gbk
591 40.4 3764478 3763501 genome.dna 35669 34691 NC_002179.gbk
333 42.0 3773009 3772662 genome.dna 691099 690733 NC_002179.gbk
1110 39.2 3776200 3774839 genome.dna 693922 692575 NC_002179.gbk
2147 40.4 3784972 3782345 genome.dna 1047780 1050399 NC_002179.gbk
1210 56.6 3786717 3785644 genome.dna 1211845 1212907 NC_002179.gbk
600 31.2 3918901 3920391 genome.dna 840306 838827 NC_002179.gbk
675 35.0 3952362 3953393 genome.dna 526710 527736 NC_002179.gbk
458 36.1 3953386 3954039 genome.dna 527745 528411 NC_002179.gbk
374 33.8 3954101 3954916 genome.dna 528407 529226 NC_002179.gbk
1419 40.8 3956293 3958011 genome.dna 260926 259219 NC_002179.gbk
1070 56.3 4001743 4000448 genome.dna 1164910 1166197 NC_002179.gbk
1409 50.1 4003479 4001842 genome.dna 569127 567513 NC_002179.gbk
1390 40.1 4027241 4025196 genome.dna 655486 653497 NC_002179.gbk
238 52.9 4060248 4060021 genome.dna 983937 983688 NC_002179.gbk
348 35.7 4079441 4080034 genome.dna 1197411 1198032 NC_002179.gbk
611 33.8 4080027 4081166 genome.dna 414502 413317 NC_002179.gbk
746 38.4 4114440 4115846 genome.dna 132851 131444 NC_002179.gbk
929 38.0 4119655 4120848 genome.dna 5536 6724 NC_002179.gbk
1021 36.5 4231793 4230366 genome.dna 1130312 1131698 NC_002179.gbk
784 38.4 4255592 4252890 genome.dna 1119711 1116798 NC_002179.gbk
529 36.0 4257707 4256787 genome.dna 106734 107598 NC_002179.gbk
319 30.9 4267226 4265910 genome.dna 1038155 1036901 NC_002179.gbk
696 41.0 4268312 4267230 genome.dna 1039207 1038157 NC_002179.gbk
819 35.7 4271151 4269664 genome.dna 376795 378247 NC_002179.gbk
435 34.1 4274186 4273242 genome.dna 373197 374091 NC_002179.gbk
432 33.9 4319027 4319845 genome.dna 856584 855750 NC_002179.gbk
894 48.2 4334402 4333452 genome.dna 902408 901475 NC_002179.gbk
224 30.6 4335368 4334856 genome.dna 225792 225285 NC_002179.gbk
504 33.3 4339154 4338213 genome.dna 477423 476496 NC_002179.gbk
161 32.5 4339580 4339843 genome.dna 1220106 1220406 NC_002179.gbk
871 44.6 4343498 4342359 genome.dna 796278 795099 NC_002179.gbk
2250 57.4 4345514 4343607 genome.dna 257351 255368 NC_002179.gbk
372 37.2 4373604 4372945 genome.dna 665398 666094 NC_002179.gbk
378 38.3 4379941 4378778 genome.dna 78653 79862 NC_002179.gbk
1828 44.1 4383337 4381343 genome.dna 1047548 1045550 NC_002179.gbk
855 38.7 4402445 4401165 genome.dna 283961 285380 NC_002179.gbk
492 30.9 4403893 4402952 genome.dna 1029463 1028434 NC_002179.gbk
546 32.6 4442783 4444579 genome.dna 1184004 1182123 NC_002179.gbk
407 31.0 4444572 4445309 genome.dna 1182113 1181336 NC_002179.gbk
552 45.7 4448185 4447619 genome.dna 1044454 1043881 NC_002179.gbk
724 35.1 4451372 4449723 genome.dna 894112 892531 NC_002179.gbk
589 33.6 4451863 4453239 genome.dna 868822 867499 NC_002179.gbk
198 38.0 4482450 4482959 genome.dna 849697 849136 NC_002179.gbk
696 38.9 4482986 4483933 genome.dna 108912 109878 NC_002179.gbk
223 44.3 4488068 4487676 genome.dna 123099 123528 NC_002179.gbk
242 37.8 4489098 4488109 genome.dna 121917 123093 NC_002179.gbk
465 38.6 4489744 4489124 genome.dna 17857 18487 NC_002179.gbk
459 53.4 4490164 4489775 genome.dna 121546 121948 NC_002179.gbk
367 51.3 4490537 4490181 genome.dna 121156 121525 NC_002179.gbk
789 39.5 4492165 4490834 genome.dna 119712 121101 NC_002179.gbk
295 43.0 4492607 4492173 genome.dna 119268 119703 NC_002179.gbk
486 44.8 4493297 4492797 genome.dna 118778 119276 NC_002179.gbk
233 38.8 4493665 4493312 genome.dna 118389 118761 NC_002179.gbk
476 42.6 4494208 4493675 genome.dna 117827 118379 NC_002179.gbk
308 37.9 4494614 4494222 genome.dna 117399 117801 NC_002179.gbk
314 47.5 4494953 4494648 genome.dna 1001919 1001613 NC_002179.gbk
617 52.5 4495506 4494967 genome.dna 116839 117382 NC_002179.gbk
153 36.7 4495835 4495521 genome.dna 116502 116838 NC_002179.gbk
490 56.1 4496217 4495846 genome.dna 116120 116489 NC_002179.gbk
194 47.9 4496635 4496381 genome.dna 115837 116098 NC_002179.gbk
495 54.5 4497236 4496826 genome.dna 115207 115624 NC_002179.gbk
777 53.2 4497950 4497249 genome.dna 114507 115179 NC_002179.gbk
244 41.2 4498300 4497968 genome.dna 114156 114492 NC_002179.gbk
353 60.2 4498593 4498315 genome.dna 113871 114138 NC_002179.gbk
986 54.4 4499431 4498610 genome.dna 113011 113866 NC_002179.gbk
134 33.3 4499751 4499449 genome.dna 112654 112990 NC_002179.gbk
271 33.3 4500353 4499748 genome.dna 111963 112638 NC_002179.gbk
581 45.1 4500993 4500364 genome.dna 111271 111931 NC_002179.gbk
443 67.7 4501337 4501026 genome.dna 208015 208333 NC_002179.gbk
2528 56.9 4505956 4503842 genome.dna 205923 208008 NC_002179.gbk
547 54.8 4506523 4506053 genome.dna 205416 205890 NC_002179.gbk
615 72.4 4506994 4506620 genome.dna 204997 205369 NC_002179.gbk
817 41.7 4514011 4512740 genome.dna 237853 239347 NC_002179.gbk
530 30.4 4557783 4556779 genome.dna 1161702 1162737 NC_002179.gbk
471 36.6 4559154 4558477 genome.dna 618837 619527 NC_002179.gbk
478 30.5 4562421 4561336 genome.dna 880281 881436 NC_002179.gbk
2630 48.9 4632742 4630295 genome.dna 492296 494771 NC_002179.gbk
455 30.7 4634257 4632818 genome.dna 985940 987371 NC_002179.gbk
597 30.8 4635563 4634286 genome.dna 142689 144015 NC_002179.gbk
1183 38.5 4637576 4635600 genome.dna 405868 403873 NC_002179.gbk
1990 43.0 4639754 4637577 genome.dna 287742 289905 NC_002179.gbk
397 30.9 4645142 4645735 genome.dna 911741 912350 NC_002179.gbk
1030 40.9 4656105 4657454 genome.dna 96584 95216 NC_002179.gbk
130 31.1 4675687 4674863 genome.dna 239910 240684 NC_002179.gbk
1644 60.3 4708658 4707399 genome.dna 140164 141559 NC_002179.gbk
275 45.9 4709479 4709153 genome.dna 102052 101743 NC_002179.gbk
1323 40.0 4714432 4712411 genome.dna 1199057 1200977 NC_002179.gbk
1253 36.7 4770998 4773196 genome.dna 1014140 1016390 NC_002179.gbk
612 42.1 4786326 4787093 genome.dna 851481 850716 NC_002179.gbk
344 41.0 4834867 4834403 genome.dna 101257 101728 NC_002179.gbk
272 31.4 4869761 4870336 genome.dna 144877 145438 NC_002179.gbk
967 30.7 4872230 4874593 genome.dna 1084723 1086775 NC_002179.gbk
847 34.0 4886675 4885383 genome.dna 230422 231667 NC_002179.gbk
1506 44.4 4939318 4937906 genome.dna 594081 592668 NC_002179.gbk
1756 47.9 4981440 4979023 genome.dna 530496 532914 NC_002179.gbk
567 30.5 4983694 4982594 genome.dna 459005 457904 NC_002179.gbk
927 36.5 4985096 4983699 genome.dna 371635 370231 NC_002179.gbk
172 64.3 4985770 4985910 genome.dna 1002323 1002461 NC_002179.gbk
696 38.2 4988276 4989640 genome.dna 1122335 1123664 NC_002179.gbk
1445 41.0 5049054 5047222 genome.dna 961520 959690 NC_002179.gbk
1735 49.7 5063659 5061770 genome.dna 131101 129265 NC_002179.gbk
