613 38.8 14538 15464 genome.dna 1552850 1551920 NC_004369.gbk
1216 36.8 25826 28615 genome.dna 1521916 1524754 NC_004369.gbk
1622 52.1 36667 35258 genome.dna 2235497 2236931 NC_004369.gbk
1170 46.0 37037 38860 genome.dna 1209749 1211672 NC_004369.gbk
303 41.7 39698 40135 genome.dna 1909624 1910059 NC_004369.gbk
1130 35.2 47188 45107 genome.dna 1507935 1510059 NC_004369.gbk
427 38.3 50956 50333 genome.dna 1819164 1818591 NC_004369.gbk
1717 59.7 62838 64181 genome.dna 2094464 2093063 NC_004369.gbk
851 31.5 70479 68437 genome.dna 2340879 2338842 NC_004369.gbk
679 31.3 77642 78994 genome.dna 2005723 2007109 NC_004369.gbk
530 37.8 79889 80794 genome.dna 727301 726386 NC_004369.gbk
655 34.0 85152 84016 genome.dna 2481168 2479923 NC_004369.gbk
1817 53.1 87882 86185 genome.dna 2482880 2481194 NC_004369.gbk
1090 62.2 88739 87879 genome.dna 2483803 2482885 NC_004369.gbk
1124 55.3 89680 88736 genome.dna 2484713 2483771 NC_004369.gbk
1569 47.3 91344 89707 genome.dna 2486561 2484713 NC_004369.gbk
486 41.0 97287 96724 genome.dna 2826643 2827234 NC_004369.gbk
383 48.3 110262 109636 genome.dna 2948865 2949495 NC_004369.gbk
349 34.4 111355 110522 genome.dna 572669 571835 NC_004369.gbk
2220 63.3 111626 113161 genome.dna 2794312 2792626 NC_004369.gbk
828 38.0 140268 141428 genome.dna 2946099 2947353 NC_004369.gbk
706 37.8 157508 156588 genome.dna 1991155 1992169 NC_004369.gbk
823 56.2 162282 162998 genome.dna 2557602 2556864 NC_004369.gbk
792 40.1 166824 165547 genome.dna 1818146 1816775 NC_004369.gbk
249 49.4 167881 168117 genome.dna 1005178 1004941 NC_004369.gbk
198 53.7 168129 168296 genome.dna 1004939 1004774 NC_004369.gbk
413 34.6 168516 169325 genome.dna 2087332 2086474 NC_004369.gbk
463 45.8 170854 170375 genome.dna 1510930 1511410 NC_004369.gbk
803 40.5 192775 193791 genome.dna 1499739 1500759 NC_004369.gbk
1672 46.3 199780 202044 genome.dna 1267211 1264946 NC_004369.gbk
980 33.4 212248 209609 genome.dna 1795101 1792341 NC_004369.gbk
565 37.6 217784 218788 genome.dna 1595154 1596207 NC_004369.gbk
332 30.2 218826 219599 genome.dna 1597481 1598435 NC_004369.gbk
1021 40.4 219661 221034 genome.dna 1602579 1604013 NC_004369.gbk
426 40.9 222967 223722 genome.dna 518121 518850 NC_004369.gbk
386 31.2 226939 227694 genome.dna 1701758 1700816 NC_004369.gbk
911 45.3 228573 229595 genome.dna 490740 491760 NC_004369.gbk
383 31.3 247002 247961 genome.dna 796097 796925 NC_004369.gbk
1108 53.0 248939 247989 genome.dna 1114414 1113427 NC_004369.gbk
1937 72.0 250357 251541 genome.dna 556745 557936 NC_004369.gbk
732 48.0 253304 254008 genome.dna 524922 525633 NC_004369.gbk
213 31.1 254326 254823 genome.dna 528963 529479 NC_004369.gbk
385 54.4 254890 255255 genome.dna 529555 529942 NC_004369.gbk
2017 44.5 255584 259612 genome.dna 531578 535094 NC_004369.gbk
1619 41.6 259736 263959 genome.dna 535174 539176 NC_004369.gbk
1044 35.0 264271 265668 genome.dna 2944605 2946003 NC_004369.gbk
747 48.6 269828 269043 genome.dna 2044097 2044877 NC_004369.gbk
267 31.7 271449 270808 genome.dna 2042179 2042830 NC_004369.gbk
2225 59.8 273440 271446 genome.dna 1474321 1472368 NC_004369.gbk
799 40.7 275283 276347 genome.dna 495933 497085 NC_004369.gbk
1075 43.5 280242 278956 genome.dna 2658962 2657681 NC_004369.gbk
1107 45.0 281849 280260 genome.dna 999987 1001553 NC_004369.gbk
297 37.5 294410 294012 genome.dna 1604701 1604314 NC_004369.gbk
524 32.6 301263 300298 genome.dna 2625160 2626306 NC_004369.gbk
504 55.6 307589 307137 genome.dna 1833826 1833388 NC_004369.gbk
924 45.3 310630 309653 genome.dna 2584638 2583561 NC_004369.gbk
1461 47.1 329415 330869 genome.dna 1667054 1665431 NC_004369.gbk
672 40.0 334964 334107 genome.dna 1802069 1801124 NC_004369.gbk
373 37.0 341977 341009 genome.dna 488581 489727 NC_004369.gbk
1101 45.1 345980 347242 genome.dna 2602006 2600740 NC_004369.gbk
453 46.5 352201 352629 genome.dna 622604 623048 NC_004369.gbk
740 33.9 357036 355618 genome.dna 171018 172545 NC_004369.gbk
1686 42.8 361542 357046 genome.dna 166522 171019 NC_004369.gbk
556 38.6 372605 373492 genome.dna 1024593 1025460 NC_004369.gbk
813 34.1 395766 397181 genome.dna 1075114 1076866 NC_004369.gbk
862 47.4 399153 398326 genome.dna 2413845 2412927 NC_004369.gbk
1157 42.3 406489 405197 genome.dna 2385596 2384279 NC_004369.gbk
1286 38.4 426927 424789 genome.dna 2517108 2514921 NC_004369.gbk
149 33.3 431880 431494 genome.dna 2251229 2251598 NC_004369.gbk
463 36.2 433394 432459 genome.dna 1827518 1826576 NC_004369.gbk
625 38.7 435364 434357 genome.dna 1599660 1600617 NC_004369.gbk
381 42.8 436647 436144 genome.dna 2845686 2846181 NC_004369.gbk
1050 41.1 460910 458055 genome.dna 2428172 2425352 NC_004369.gbk
670 31.3 463248 461737 genome.dna 2225988 2227665 NC_004369.gbk
1188 40.8 530287 528905 genome.dna 2691354 2692755 NC_004369.gbk
533 40.8 533382 534971 genome.dna 1055355 1053714 NC_004369.gbk
712 37.6 543754 544950 genome.dna 1456789 1455658 NC_004369.gbk
2045 65.1 695973 694534 genome.dna 1716662 1715045 NC_004369.gbk
262 45.8 697176 697469 genome.dna 637247 637562 NC_004369.gbk
1918 58.5 697515 699164 genome.dna 2729946 2728302 NC_004369.gbk
748 37.2 708773 707778 genome.dna 1425549 1424394 NC_004369.gbk
192 30.1 709289 708894 genome.dna 510072 509631 NC_004369.gbk
615 32.1 726542 725589 genome.dna 1962410 1961252 NC_004369.gbk
671 30.1 734875 736791 genome.dna 1527835 1529950 NC_004369.gbk
761 30.3 755031 753277 genome.dna 2303938 2302000 NC_004369.gbk
878 45.6 755628 756641 genome.dna 634207 635242 NC_004369.gbk
505 32.6 761351 760380 genome.dna 520311 521364 NC_004369.gbk
265 37.6 761608 761919 genome.dna 2415782 2415476 NC_004369.gbk
332 63.9 761939 762196 genome.dna 2415437 2415170 NC_004369.gbk
928 40.7 763509 764681 genome.dna 2410804 2409271 NC_004369.gbk
595 38.8 770241 771074 genome.dna 2709662 2708807 NC_004369.gbk
1183 45.5 771082 772419 genome.dna 623731 625120 NC_004369.gbk
499 34.9 782481 783425 genome.dna 1977298 1978282 NC_004369.gbk
309 55.1 783547 783816 genome.dna 1975154 1974884 NC_004369.gbk
1264 45.2 784066 786186 genome.dna 1974676 1972366 NC_004369.gbk
1628 48.2 787369 789282 genome.dna 1314640 1316851 NC_004369.gbk
468 34.0 808581 807679 genome.dna 64288 63358 NC_004369.gbk
1225 54.9 839555 838230 genome.dna 1677550 1676143 NC_004369.gbk
701 42.9 839867 840766 genome.dna 1627647 1628562 NC_004369.gbk
1198 39.7 844582 846099 genome.dna 2705202 2703591 NC_004369.gbk
1407 43.9 894744 893086 genome.dna 1149386 1151000 NC_004369.gbk
839 36.3 908973 907498 genome.dna 2530080 2531466 NC_004369.gbk
1148 42.7 909308 910588 genome.dna 722762 721445 NC_004369.gbk
405 45.7 927840 927358 genome.dna 871791 872286 NC_004369.gbk
450 31.1 931102 929441 genome.dna 1620908 1622699 NC_004369.gbk
979 57.8 946629 945835 genome.dna 1513117 1512352 NC_004369.gbk
1280 45.8 955638 953644 genome.dna 1781474 1783577 NC_004369.gbk
250 36.4 957261 956803 genome.dna 2465412 2464938 NC_004369.gbk
457 35.0 985221 986075 genome.dna 201029 200177 NC_004369.gbk
839 31.6 995970 994243 genome.dna 1932069 1930356 NC_004369.gbk
1025 54.9 997695 996727 genome.dna 2604171 2605107 NC_004369.gbk
463 35.2 1087227 1087946 genome.dna 2866938 2867703 NC_004369.gbk
1204 62.8 1100443 1101237 genome.dna 977358 976554 NC_004369.gbk
590 32.9 1125945 1124593 genome.dna 2926820 2925614 NC_004369.gbk
773 52.0 1154397 1155122 genome.dna 2024921 2024090 NC_004369.gbk
268 40.3 1155257 1156108 genome.dna 2023880 2023052 NC_004369.gbk
673 46.3 1156279 1157004 genome.dna 2022751 2022019 NC_004369.gbk
536 43.4 1157130 1157687 genome.dna 2021952 2021394 NC_004369.gbk
628 41.2 1157925 1159121 genome.dna 2017833 2016318 NC_004369.gbk
609 41.9 1159320 1160081 genome.dna 2316517 2315785 NC_004369.gbk
373 33.0 1160091 1160948 genome.dna 2021241 2020347 NC_004369.gbk
2042 35.8 1169670 1173152 genome.dna 2146398 2142783 NC_004369.gbk
379 50.8 1211683 1212024 genome.dna 1172042 1172408 NC_004369.gbk
585 31.6 1265611 1266930 genome.dna 2350187 2351465 NC_004369.gbk
1597 51.6 1267070 1268446 genome.dna 1314274 1312876 NC_004369.gbk
486 37.9 1272920 1274065 genome.dna 212946 214320 NC_004369.gbk
411 43.1 1278470 1278919 genome.dna 1925650 1925125 NC_004369.gbk
525 37.0 1278982 1280091 genome.dna 1808203 1807216 NC_004369.gbk
302 41.6 1280201 1280677 genome.dna 1805282 1804802 NC_004369.gbk
367 33.5 1281190 1282170 genome.dna 1504503 1505490 NC_004369.gbk
1264 36.5 1284598 1282733 genome.dna 1895152 1893241 NC_004369.gbk
243 33.7 1285528 1284617 genome.dna 2189342 2190443 NC_004369.gbk
467 32.8 1292157 1291267 genome.dna 1780830 1779810 NC_004369.gbk
368 32.8 1293119 1292505 genome.dna 2214829 2214175 NC_004369.gbk
674 51.3 1301367 1301990 genome.dna 2460028 2459401 NC_004369.gbk
1419 59.2 1302154 1303428 genome.dna 2437455 2436174 NC_004369.gbk
865 36.5 1316909 1318201 genome.dna 1791824 1790504 NC_004369.gbk
469 39.6 1319182 1318319 genome.dna 1875645 1874712 NC_004369.gbk
147 63.4 1322427 1322284 genome.dna 2581260 2581116 NC_004369.gbk
241 44.3 1322693 1322445 genome.dna 1007906 1008173 NC_004369.gbk
433 41.2 1329655 1330212 genome.dna 1865540 1864946 NC_004369.gbk
357 42.1 1332732 1333337 genome.dna 225151 225808 NC_004369.gbk
423 39.4 1335658 1336302 genome.dna 599942 600488 NC_004369.gbk
360 40.9 1352428 1351949 genome.dna 417939 418437 NC_004369.gbk
149 30.7 1357212 1356757 genome.dna 1743076 1742638 NC_004369.gbk
1465 45.0 1363499 1366138 genome.dna 14296 16888 NC_004369.gbk
935 56.4 1381835 1382692 genome.dna 2966578 2965768 NC_004369.gbk
427 42.2 1426894 1426256 genome.dna 999345 999981 NC_004369.gbk
1017 47.1 1427931 1426894 genome.dna 2640288 2639199 NC_004369.gbk
562 43.3 1428285 1428911 genome.dna 745242 745887 NC_004369.gbk
531 38.7 1429248 1430537 genome.dna 1938815 1937519 NC_004369.gbk
434 44.1 1433876 1433409 genome.dna 2537274 2537847 NC_004369.gbk
526 35.2 1434853 1435731 genome.dna 1969674 1968759 NC_004369.gbk
997 42.2 1458435 1457257 genome.dna 787363 786154 NC_004369.gbk
680 48.8 1459094 1458447 genome.dna 1330067 1330721 NC_004369.gbk
533 41.7 1459750 1459094 genome.dna 1329347 1330064 NC_004369.gbk
773 39.9 1470427 1469462 genome.dna 2230909 2231956 NC_004369.gbk
304 36.4 1479078 1478437 genome.dna 2400953 2400281 NC_004369.gbk
649 37.2 1483266 1480684 genome.dna 3030412 3027538 NC_004369.gbk
972 61.7 1484840 1484115 genome.dna 1949999 1950809 NC_004369.gbk
935 47.5 1492026 1490968 genome.dna 2321406 2320323 NC_004369.gbk
1031 36.2 1493774 1492350 genome.dna 1949949 1948146 NC_004369.gbk
505 35.9 1502595 1501795 genome.dna 2685443 2684585 NC_004369.gbk
1976 62.1 1512651 1514294 genome.dna 2587727 2586062 NC_004369.gbk
478 35.9 1528762 1530255 genome.dna 692008 690529 NC_004369.gbk
369 33.6 1531148 1531804 genome.dna 1121879 1121204 NC_004369.gbk
418 31.8 1531798 1532742 genome.dna 1121265 1120320 NC_004369.gbk
639 42.9 1532732 1533469 genome.dna 1122621 1121853 NC_004369.gbk
1350 50.2 1536355 1535069 genome.dna 953795 955208 NC_004369.gbk
917 38.8 1544898 1546064 genome.dna 2608763 2607485 NC_004369.gbk
973 52.0 1546064 1546936 genome.dna 2607476 2606591 NC_004369.gbk
571 32.4 1549251 1550390 genome.dna 1308527 1307504 NC_004369.gbk
1166 51.9 1561884 1562939 genome.dna 1110660 1111830 NC_004369.gbk
871 54.4 1563766 1563014 genome.dna 457967 458720 NC_004369.gbk
732 40.7 1573036 1572017 genome.dna 1912425 1913412 NC_004369.gbk
729 31.9 1598005 1595975 genome.dna 1027449 1029291 NC_004369.gbk
663 37.3 1598229 1599338 genome.dna 1234330 1233202 NC_004369.gbk
415 42.6 1600255 1600836 genome.dna 2833863 2833224 NC_004369.gbk
942 37.1 1633374 1634744 genome.dna 813239 814616 NC_004369.gbk
1158 60.2 1637078 1636206 genome.dna 373731 372864 NC_004369.gbk
1735 55.5 1638449 1639855 genome.dna 1668547 1667074 NC_004369.gbk
430 30.7 1742860 1743672 genome.dna 671777 670886 NC_004369.gbk
794 45.1 1751217 1749904 genome.dna 3105992 3107594 NC_004369.gbk
548 41.0 1763515 1764231 genome.dna 2592599 2591888 NC_004369.gbk
1207 38.7 1800077 1801579 genome.dna 2860026 2858520 NC_004369.gbk
1100 39.7 1803146 1801686 genome.dna 101968 103438 NC_004369.gbk
562 42.3 1813209 1812400 genome.dna 1436864 1436147 NC_004369.gbk
1946 47.5 1847037 1842241 genome.dna 978282 982977 NC_004369.gbk
1267 34.4 1992328 1990295 genome.dna 2834156 2835965 NC_004369.gbk
223 33.3 2005949 2005503 genome.dna 983729 984179 NC_004369.gbk
182 42.7 2010635 2010913 genome.dna 2084994 2084694 NC_004369.gbk
1064 47.2 2028974 2027880 genome.dna 3064070 3062918 NC_004369.gbk
711 43.0 2038594 2039550 genome.dna 356199 357114 NC_004369.gbk
306 31.2 2040198 2039605 genome.dna 791548 790954 NC_004369.gbk
596 37.7 2044045 2044779 genome.dna 2964570 2963820 NC_004369.gbk
499 34.6 2050132 2050929 genome.dna 1032076 1032913 NC_004369.gbk
752 33.3 2053746 2055224 genome.dna 1405099 1403560 NC_004369.gbk
1908 37.2 2070405 2066956 genome.dna 1092853 1096510 NC_004369.gbk
183 37.0 2076838 2077179 genome.dna 2064384 2064720 NC_004369.gbk
404 43.0 2079241 2079792 genome.dna 2648059 2647570 NC_004369.gbk
419 44.0 2085741 2085214 genome.dna 2535757 2536198 NC_004369.gbk
834 38.3 2088494 2089945 genome.dna 2000809 2002288 NC_004369.gbk
716 39.6 2091759 2090755 genome.dna 737623 736615 NC_004369.gbk
711 33.5 2099496 2097796 genome.dna 2342557 2344396 NC_004369.gbk
1098 38.9 2112831 2114330 genome.dna 1772912 1771466 NC_004369.gbk
743 49.8 2114428 2115174 genome.dna 1770191 1769432 NC_004369.gbk
1177 44.5 2116495 2117718 genome.dna 1769430 1768161 NC_004369.gbk
1141 42.0 2121733 2120321 genome.dna 2104472 2103008 NC_004369.gbk
404 37.8 2153926 2154558 genome.dna 2968192 2967514 NC_004369.gbk
473 32.3 2158261 2157266 genome.dna 194778 193821 NC_004369.gbk
602 43.8 2170388 2171023 genome.dna 763847 763130 NC_004369.gbk
4017 51.4 2171266 2174868 genome.dna 763096 759487 NC_004369.gbk
372 35.5 2181519 2182154 genome.dna 1807216 1806598 NC_004369.gbk
1266 48.0 2192856 2194133 genome.dna 1609200 1610466 NC_004369.gbk
1526 54.6 2198282 2200954 genome.dna 1749441 1752267 NC_004369.gbk
1164 42.3 2227418 2225106 genome.dna 575383 573085 NC_004369.gbk
579 53.4 2258625 2258122 genome.dna 1198666 1199164 NC_004369.gbk
3170 49.0 2275609 2279496 genome.dna 1921215 1925124 NC_004369.gbk
426 34.5 2298807 2297113 genome.dna 1007192 1005419 NC_004369.gbk
628 32.3 2308348 2309736 genome.dna 1362274 1360840 NC_004369.gbk
3975 46.7 2310451 2314227 genome.dna 1360822 1357072 NC_004369.gbk
2025 57.6 2314227 2315807 genome.dna 1357073 1355471 NC_004369.gbk
389 34.3 2316519 2317223 genome.dna 1354756 1353976 NC_004369.gbk
708 41.4 2318196 2317324 genome.dna 2251173 2250201 NC_004369.gbk
158 32.9 2324296 2324544 genome.dna 2973804 2973546 NC_004369.gbk
656 35.7 2336995 2338260 genome.dna 2488727 2490137 NC_004369.gbk
571 42.7 2351826 2352485 genome.dna 669659 668981 NC_004369.gbk
993 40.4 2359305 2358133 genome.dna 731371 732640 NC_004369.gbk
545 30.7 2362568 2361327 genome.dna 2760801 2762241 NC_004369.gbk
1173 38.6 2440593 2442395 genome.dna 756512 754724 NC_004369.gbk
861 44.4 2446859 2448127 genome.dna 1060724 1061978 NC_004369.gbk
822 39.4 2449772 2450872 genome.dna 1063024 1064011 NC_004369.gbk
580 42.7 2450865 2451701 genome.dna 1064007 1064751 NC_004369.gbk
604 44.7 2451703 2452401 genome.dna 1064747 1065452 NC_004369.gbk
710 35.0 2463282 2462086 genome.dna 748044 749232 NC_004369.gbk
539 32.7 2463567 2464547 genome.dna 2976048 2975082 NC_004369.gbk
485 35.6 2472640 2473437 genome.dna 868008 867222 NC_004369.gbk
1140 50.5 2487322 2486231 genome.dna 1141443 1142529 NC_004369.gbk
372 39.6 2488039 2487452 genome.dna 1066166 1065470 NC_004369.gbk
854 43.5 2489732 2488785 genome.dna 1072342 1071364 NC_004369.gbk
584 30.8 2491599 2492855 genome.dna 470368 471769 NC_004369.gbk
891 42.4 2492889 2493971 genome.dna 1370442 1371519 NC_004369.gbk
584 36.6 2530749 2531648 genome.dna 1423525 1424398 NC_004369.gbk
578 43.5 2552084 2552833 genome.dna 2224762 2223982 NC_004369.gbk
894 31.9 2556170 2554698 genome.dna 430488 432072 NC_004369.gbk
442 31.5 2559421 2558525 genome.dna 779057 779996 NC_004369.gbk
988 40.2 2559536 2560804 genome.dna 2952551 2953793 NC_004369.gbk
1360 48.0 2563367 2561970 genome.dna 1127862 1126407 NC_004369.gbk
478 34.8 2563607 2564779 genome.dna 815728 816919 NC_004369.gbk
751 41.3 2566550 2567527 genome.dna 1679029 1680037 NC_004369.gbk
949 46.0 2570445 2569453 genome.dna 3064613 3065594 NC_004369.gbk
1405 47.7 2602958 2604520 genome.dna 3052836 3054504 NC_004369.gbk
814 43.6 2605113 2606180 genome.dna 3055154 3056183 NC_004369.gbk
1150 44.3 2606188 2607555 genome.dna 3056124 3057594 NC_004369.gbk
1745 65.6 2607572 2608762 genome.dna 3057621 3058878 NC_004369.gbk
852 49.6 2608762 2609568 genome.dna 3058877 3059720 NC_004369.gbk
581 37.9 2639766 2638855 genome.dna 1014868 1015924 NC_004369.gbk
219 36.4 2642181 2642648 genome.dna 1646965 1646572 NC_004369.gbk
641 38.7 2642732 2643580 genome.dna 434696 433778 NC_004369.gbk
701 47.7 2645012 2644386 genome.dna 733615 734281 NC_004369.gbk
155 35.8 2652833 2653480 genome.dna 2536295 2536874 NC_004369.gbk
1062 52.3 2654735 2655739 genome.dna 1798476 1797471 NC_004369.gbk
1118 34.5 2683421 2681736 genome.dna 456545 454805 NC_004369.gbk
754 33.9 2687417 2685498 genome.dna 2567778 2569881 NC_004369.gbk
427 37.0 2701066 2701629 genome.dna 1678446 1679064 NC_004369.gbk
374 34.2 2702630 2701800 genome.dna 1224883 1225786 NC_004369.gbk
899 54.4 2724246 2725070 genome.dna 2581428 2582271 NC_004369.gbk
753 34.8 2731236 2728849 genome.dna 1588574 1591082 NC_004369.gbk
909 45.0 2732234 2731251 genome.dna 1587429 1588530 NC_004369.gbk
452 60.7 2732903 2732547 genome.dna 1578567 1578954 NC_004369.gbk
122 44.2 2733144 2732947 genome.dna 1578313 1578508 NC_004369.gbk
933 38.2 2735713 2733785 genome.dna 1883331 1881168 NC_004369.gbk
674 36.2 2757088 2758194 genome.dna 1400107 1401205 NC_004369.gbk
286 33.9 2770193 2769657 genome.dna 3018720 3018225 NC_004369.gbk
341 33.8 2788070 2787564 genome.dna 2575913 2576402 NC_004369.gbk
1301 41.3 2791079 2789028 genome.dna 2653602 2651490 NC_004369.gbk
1419 58.2 2791280 2792458 genome.dna 2764290 2763012 NC_004369.gbk
1097 41.9 2794931 2793456 genome.dna 1784896 1786441 NC_004369.gbk
1195 52.7 2809298 2808294 genome.dna 1872225 1871142 NC_004369.gbk
346 34.6 2809923 2809306 genome.dna 1872870 1872255 NC_004369.gbk
755 50.0 2811487 2810744 genome.dna 1874548 1873696 NC_004369.gbk
1581 45.4 2813755 2811956 genome.dna 1847542 1845688 NC_004369.gbk
374 32.0 2869134 2868487 genome.dna 1860719 1860074 NC_004369.gbk
965 55.8 2891958 2891200 genome.dna 930210 930966 NC_004369.gbk
777 38.2 2892962 2891955 genome.dna 929098 930214 NC_004369.gbk
533 35.3 2906057 2905173 genome.dna 3044495 3043616 NC_004369.gbk
340 33.1 2916384 2917283 genome.dna 1717674 1716828 NC_004369.gbk
796 35.1 2917289 2918617 genome.dna 2117079 2115723 NC_004369.gbk
500 31.2 2918614 2919687 genome.dna 2115704 2114585 NC_004369.gbk
282 34.6 2920770 2921360 genome.dna 2110923 2110287 NC_004369.gbk
497 36.1 2921367 2922104 genome.dna 2110268 2109527 NC_004369.gbk
726 46.3 2922086 2922862 genome.dna 2108629 2107852 NC_004369.gbk
1012 38.8 2925698 2924025 genome.dna 1525786 1527244 NC_004369.gbk
524 40.9 2926492 2925815 genome.dna 1634044 1634755 NC_004369.gbk
507 34.1 2928002 2926713 genome.dna 832205 830978 NC_004369.gbk
743 36.8 2975613 2974318 genome.dna 2908293 2906946 NC_004369.gbk
1094 44.3 2977060 2975717 genome.dna 1844207 1842848 NC_004369.gbk
961 46.8 2982496 2983455 genome.dna 3134783 3135725 NC_004369.gbk
958 38.4 2992855 2990582 genome.dna 2699120 2696336 NC_004369.gbk
302 32.5 2999998 3001434 genome.dna 689103 690537 NC_004369.gbk
449 33.9 3016080 3015361 genome.dna 2817490 2816662 NC_004369.gbk
404 34.0 3019705 3020373 genome.dna 434695 435436 NC_004369.gbk
868 45.8 3024334 3023318 genome.dna 670735 669655 NC_004369.gbk
411 40.8 3046334 3045672 genome.dna 2710256 2709662 NC_004369.gbk
695 34.7 3050037 3051158 genome.dna 359049 360192 NC_004369.gbk
206 34.2 3069350 3068412 genome.dna 1933201 1934176 NC_004369.gbk
710 32.7 3083683 3082493 genome.dna 2748551 2747255 NC_004369.gbk
74 33.3 3094518 3094733 genome.dna 467888 468089 NC_004369.gbk
443 34.7 3106945 3107832 genome.dna 2159790 2158890 NC_004369.gbk
293 34.2 3108684 3109187 genome.dna 3014409 3013902 NC_004369.gbk
256 32.6 3129712 3129173 genome.dna 2346155 2345582 NC_004369.gbk
874 50.0 3148240 3147401 genome.dna 728116 727297 NC_004369.gbk
711 37.9 3149284 3148253 genome.dna 729143 728120 NC_004369.gbk
740 40.1 3150266 3149277 genome.dna 730138 729139 NC_004369.gbk
498 54.5 3155863 3155369 genome.dna 198969 198501 NC_004369.gbk
569 34.0 3157424 3156435 genome.dna 1365890 1364744 NC_004369.gbk
2437 57.1 3161386 3159374 genome.dna 1564603 1566709 NC_004369.gbk
270 30.2 3163130 3162450 genome.dna 1491330 1490667 NC_004369.gbk
674 37.9 3166099 3165062 genome.dna 91952 92957 NC_004369.gbk
1309 52.3 3166195 3167499 genome.dna 1492469 1491326 NC_004369.gbk
728 40.4 3173816 3172911 genome.dna 2369005 2369878 NC_004369.gbk
1485 43.3 3178327 3176426 genome.dna 1993195 1994935 NC_004369.gbk
594 35.1 3185328 3186677 genome.dna 2445750 2444643 NC_004369.gbk
218 30.2 3228583 3228035 genome.dna 1960748 1960124 NC_004369.gbk
249 34.5 3230474 3228642 genome.dna 1804151 1802105 NC_004369.gbk
439 37.7 3231123 3230467 genome.dna 1422106 1422772 NC_004369.gbk
1796 61.3 3233243 3234655 genome.dna 1555377 1554036 NC_004369.gbk
786 38.3 3257866 3256754 genome.dna 1267753 1268890 NC_004369.gbk
358 32.2 3278435 3279220 genome.dna 2520109 2520937 NC_004369.gbk
727 35.9 3290769 3289561 genome.dna 1395673 1396795 NC_004369.gbk
1610 51.5 3306810 3308309 genome.dna 2337863 2336195 NC_004369.gbk
729 37.0 3312061 3311105 genome.dna 2368073 2369009 NC_004369.gbk
642 33.9 3314908 3313691 genome.dna 113186 114569 NC_004369.gbk
595 39.7 3336744 3335911 genome.dna 2000768 1999973 NC_004369.gbk
719 42.1 3345329 3344487 genome.dna 1437642 1436856 NC_004369.gbk
786 32.8 3352107 3353684 genome.dna 1310049 1308531 NC_004369.gbk
286 43.0 3355116 3355481 genome.dna 114659 115055 NC_004369.gbk
1725 60.6 3389494 3390708 genome.dna 2830453 2831767 NC_004369.gbk
1010 44.2 3395711 3396913 genome.dna 2758978 2757781 NC_004369.gbk
577 38.6 3409858 3408341 genome.dna 2641898 2640365 NC_004369.gbk
280 37.3 3415469 3414618 genome.dna 607153 608056 NC_004369.gbk
349 35.2 3416479 3415469 genome.dna 243175 244210 NC_004369.gbk
199 36.4 3427528 3426443 genome.dna 1836743 1835486 NC_004369.gbk
351 34.9 3454778 3454008 genome.dna 2679216 2679906 NC_004369.gbk
662 35.8 3455799 3454780 genome.dna 2126391 2125344 NC_004369.gbk
763 43.7 3516455 3517318 genome.dna 702423 703314 NC_004369.gbk
1153 41.8 3519048 3517663 genome.dna 2683199 2681759 NC_004369.gbk
490 49.4 3521609 3522118 genome.dna 798843 799344 NC_004369.gbk
327 30.5 3522115 3523185 genome.dna 797475 798708 NC_004369.gbk
375 46.0 3537641 3537204 genome.dna 3108566 3109007 NC_004369.gbk
672 30.3 3537873 3539351 genome.dna 78892 77470 NC_004369.gbk
1034 51.1 3546479 3545397 genome.dna 919540 918358 NC_004369.gbk
634 35.0 3549622 3550470 genome.dna 915523 914632 NC_004369.gbk
742 43.5 3557435 3556470 genome.dna 108360 109341 NC_004369.gbk
567 42.7 3569781 3570509 genome.dna 820523 821204 NC_004369.gbk
681 48.2 3578361 3577567 genome.dna 1672801 1671988 NC_004369.gbk
1588 49.1 3590632 3589055 genome.dna 651643 653215 NC_004369.gbk
1385 53.5 3592205 3590739 genome.dna 643787 645329 NC_004369.gbk
583 32.2 3592378 3593766 genome.dna 1135146 1133802 NC_004369.gbk
531 35.7 3599984 3598497 genome.dna 1634751 1636410 NC_004369.gbk
1082 42.8 3603229 3601955 genome.dna 1860029 1858739 NC_004369.gbk
981 43.6 3604488 3603367 genome.dna 2014898 2013716 NC_004369.gbk
749 37.6 3607701 3606505 genome.dna 2019632 2018522 NC_004369.gbk
362 43.6 3608433 3608005 genome.dna 2422544 2422085 NC_004369.gbk
508 37.7 3611852 3612721 genome.dna 1631505 1632363 NC_004369.gbk
183 37.3 3616630 3616295 genome.dna 592000 591664 NC_004369.gbk
459 33.2 3635748 3636938 genome.dna 2828685 2827470 NC_004369.gbk
483 63.4 3640872 3640534 genome.dna 2073718 2073379 NC_004369.gbk
411 44.6 3651787 3651263 genome.dna 208689 209172 NC_004369.gbk
628 35.9 3682691 3681786 genome.dna 2318297 2317325 NC_004369.gbk
468 41.4 3683368 3682688 genome.dna 2088092 2087324 NC_004369.gbk
2151 55.0 3686442 3684643 genome.dna 2389446 2387598 NC_004369.gbk
570 42.9 3694571 3695257 genome.dna 1505499 1506216 NC_004369.gbk
464 30.7 3700404 3701453 genome.dna 1725371 1726322 NC_004369.gbk
1231 47.3 3714803 3716083 genome.dna 498555 499884 NC_004369.gbk
769 34.6 3727511 3725031 genome.dna 152701 150265 NC_004369.gbk
213 31.7 3732230 3732727 genome.dna 2708428 2707939 NC_004369.gbk
654 41.3 3732844 3733638 genome.dna 122492 121661 NC_004369.gbk
699 47.0 3733793 3734647 genome.dna 121708 120796 NC_004369.gbk
338 43.9 3734665 3735045 genome.dna 145491 145080 NC_004369.gbk
528 33.3 3736813 3735875 genome.dna 1077000 1077978 NC_004369.gbk
593 51.8 3738313 3737777 genome.dna 2713430 2712791 NC_004369.gbk
313 56.6 3744803 3745042 genome.dna 2580598 2580364 NC_004369.gbk
3531 72.9 3745456 3747603 genome.dna 2579602 2577436 NC_004369.gbk
1592 72.8 3747628 3748590 genome.dna 2575407 2574402 NC_004369.gbk
2677 54.7 3762599 3760023 genome.dna 2783747 2781188 NC_004369.gbk
447 38.0 3763458 3762733 genome.dna 2168814 2168067 NC_004369.gbk
476 36.4 3764478 3763501 genome.dna 2148865 2147935 NC_004369.gbk
409 55.0 3773009 3772662 genome.dna 2041871 2041484 NC_004369.gbk
482 38.6 3773827 3773072 genome.dna 2063372 2062496 NC_004369.gbk
881 46.8 3776200 3774839 genome.dna 2071163 2069540 NC_004369.gbk
1221 42.1 3784972 3782345 genome.dna 1842839 1840058 NC_004369.gbk
1370 62.2 3786717 3785644 genome.dna 1955432 1954271 NC_004369.gbk
1105 42.1 3882715 3881462 genome.dna 2404357 2403040 NC_004369.gbk
726 36.2 3883829 3882726 genome.dna 2409039 2407713 NC_004369.gbk
320 30.9 3890258 3889458 genome.dna 551243 552026 NC_004369.gbk
844 38.9 3908071 3909228 genome.dna 937074 938238 NC_004369.gbk
790 32.3 3918901 3920391 genome.dna 24089 25514 NC_004369.gbk
800 38.6 3956293 3958011 genome.dna 1996794 1995027 NC_004369.gbk
303 34.8 3963052 3962555 genome.dna 2686802 2686286 NC_004369.gbk
288 33.6 3963804 3963091 genome.dna 2687508 2686761 NC_004369.gbk
1153 46.9 3969453 3967963 genome.dna 2809492 2808154 NC_004369.gbk
847 46.8 3970373 3969465 genome.dna 2810433 2809491 NC_004369.gbk
320 31.5 3972869 3972135 genome.dna 2811200 2810414 NC_004369.gbk
1581 59.9 4001743 4000448 genome.dna 1101466 1102744 NC_004369.gbk
1809 53.4 4003479 4001842 genome.dna 1625272 1626952 NC_004369.gbk
1674 36.5 4007080 4004843 genome.dna 1864922 1862636 NC_004369.gbk
919 40.4 4012636 4011491 genome.dna 260187 258966 NC_004369.gbk
506 35.3 4036522 4035704 genome.dna 1725430 1724446 NC_004369.gbk
497 48.7 4039680 4040210 genome.dna 2715758 2716235 NC_004369.gbk
579 41.5 4046883 4047521 genome.dna 2948658 2947986 NC_004369.gbk
350 48.3 4059399 4059037 genome.dna 872285 872645 NC_004369.gbk
311 38.0 4059979 4059527 genome.dna 3001283 3000830 NC_004369.gbk
196 44.1 4060248 4060021 genome.dna 1004454 1004202 NC_004369.gbk
486 35.0 4077711 4078532 genome.dna 466829 467651 NC_004369.gbk
475 42.6 4079441 4080034 genome.dna 2556905 2556239 NC_004369.gbk
576 32.1 4080027 4081166 genome.dna 2325979 2324773 NC_004369.gbk
200 32.7 4086876 4086421 genome.dna 2762448 2762991 NC_004369.gbk
516 30.7 4098379 4099404 genome.dna 1553869 1552846 NC_004369.gbk
384 31.2 4102382 4101120 genome.dna 1338270 1339650 NC_004369.gbk
649 37.2 4114259 4113273 genome.dna 1778747 1779734 NC_004369.gbk
1052 37.7 4114440 4115846 genome.dna 3000076 2998492 NC_004369.gbk
620 35.0 4115888 4116970 genome.dna 628186 629290 NC_004369.gbk
3498 55.6 4139901 4137067 genome.dna 1572309 1575174 NC_004369.gbk
278 36.8 4144145 4143714 genome.dna 2421567 2422020 NC_004369.gbk
1019 45.2 4186931 4185840 genome.dna 1584552 1585761 NC_004369.gbk
395 32.7 4199525 4198710 genome.dna 1928525 1929305 NC_004369.gbk
897 35.6 4231793 4230366 genome.dna 416419 417859 NC_004369.gbk
2957 50.7 4236582 4233919 genome.dna 2276675 2279477 NC_004369.gbk
710 46.5 4244964 4245854 genome.dna 1174344 1173501 NC_004369.gbk
446 41.5 4250722 4251348 genome.dna 1529998 1530601 NC_004369.gbk
972 49.5 4255592 4252890 genome.dna 826025 828563 NC_004369.gbk
856 37.1 4263557 4262097 genome.dna 2172512 2171042 NC_004369.gbk
634 36.9 4264711 4263620 genome.dna 2173630 2172547 NC_004369.gbk
590 39.9 4268312 4267230 genome.dna 2177914 2176813 NC_004369.gbk
512 34.5 4269667 4268306 genome.dna 2179507 2177920 NC_004369.gbk
787 35.8 4271151 4269664 genome.dna 2181026 2179445 NC_004369.gbk
530 36.9 4274186 4273242 genome.dna 2185069 2184052 NC_004369.gbk
229 33.1 4274647 4274189 genome.dna 2185784 2185307 NC_004369.gbk
358 39.8 4277861 4277370 genome.dna 1434339 1434858 NC_004369.gbk
1682 45.3 4279582 4277864 genome.dna 1432329 1434327 NC_004369.gbk
909 30.3 4281750 4279945 genome.dna 2330136 2328087 NC_004369.gbk
659 41.5 4283764 4284855 genome.dna 1450483 1451530 NC_004369.gbk
1856 58.7 4284858 4286258 genome.dna 1496311 1497757 NC_004369.gbk
594 48.0 4286272 4286874 genome.dna 1497801 1498392 NC_004369.gbk
510 36.0 4319027 4319845 genome.dna 1034394 1035264 NC_004369.gbk
268 37.7 4323873 4323391 genome.dna 976558 976072 NC_004369.gbk
2433 52.9 4330684 4327460 genome.dna 1823886 1820544 NC_004369.gbk
570 43.9 4331847 4330699 genome.dna 1825094 1823891 NC_004369.gbk
1021 51.1 4334402 4333452 genome.dna 1135134 1136145 NC_004369.gbk
418 30.9 4339154 4338213 genome.dna 1977357 1976331 NC_004369.gbk
198 40.7 4339580 4339843 genome.dna 2390615 2390879 NC_004369.gbk
978 40.9 4343498 4342359 genome.dna 2323334 2322197 NC_004369.gbk
1839 52.0 4345514 4343607 genome.dna 2799081 2797221 NC_004369.gbk
544 31.3 4353827 4352538 genome.dna 2253190 2251666 NC_004369.gbk
1932 53.0 4365488 4367155 genome.dna 2501539 2499868 NC_004369.gbk
872 43.1 4370220 4371221 genome.dna 3019727 3018725 NC_004369.gbk
245 34.1 4376373 4375759 genome.dna 1423476 1422768 NC_004369.gbk
825 41.8 4378640 4377564 genome.dna 2771271 2770236 NC_004369.gbk
713 41.4 4379941 4378778 genome.dna 1797243 1796025 NC_004369.gbk
1050 56.4 4388480 4389631 genome.dna 1816673 1815449 NC_004369.gbk
1352 47.6 4398393 4397095 genome.dna 2767746 2766456 NC_004369.gbk
646 37.8 4403893 4402952 genome.dna 1944062 1943156 NC_004369.gbk
429 32.6 4419630 4418704 genome.dna 2407634 2406761 NC_004369.gbk
1218 55.6 4422828 4421779 genome.dna 156971 158135 NC_004369.gbk
542 48.0 4435345 4434803 genome.dna 2520950 2521616 NC_004369.gbk
393 31.5 4442783 4444579 genome.dna 421252 423265 NC_004369.gbk
481 41.5 4448185 4447619 genome.dna 1832115 1831509 NC_004369.gbk
1765 51.6 4451372 4449723 genome.dna 988182 986553 NC_004369.gbk
1003 30.9 4464530 4460847 genome.dna 1722395 1718753 NC_004369.gbk
1643 58.4 4468982 4467675 genome.dna 2377037 2378333 NC_004369.gbk
357 37.4 4477982 4478530 genome.dna 126493 127060 NC_004369.gbk
318 30.4 4479596 4478769 genome.dna 479183 480038 NC_004369.gbk
360 42.9 4482450 4482959 genome.dna 1811838 1811328 NC_004369.gbk
633 37.5 4482986 4483933 genome.dna 1811316 1810368 NC_004369.gbk
290 42.6 4486815 4487225 genome.dna 1013539 1013083 NC_004369.gbk
824 45.0 4489098 4488109 genome.dna 604657 605674 NC_004369.gbk
553 44.2 4489744 4489124 genome.dna 603942 604548 NC_004369.gbk
509 58.7 4490164 4489775 genome.dna 603515 603920 NC_004369.gbk
424 54.7 4490537 4490181 genome.dna 603083 603512 NC_004369.gbk
1154 43.7 4492165 4490834 genome.dna 598620 599943 NC_004369.gbk
202 56.4 4492790 4492611 genome.dna 587115 587301 NC_004369.gbk
322 47.9 4493665 4493312 genome.dna 586031 586436 NC_004369.gbk
498 41.7 4494208 4493675 genome.dna 585491 586028 NC_004369.gbk
454 51.5 4494614 4494222 genome.dna 585074 585473 NC_004369.gbk
345 51.5 4494953 4494648 genome.dna 1004771 1004465 NC_004369.gbk
751 58.5 4495506 4494967 genome.dna 569350 569923 NC_004369.gbk
246 43.3 4495835 4495521 genome.dna 569036 569351 NC_004369.gbk
532 63.4 4496217 4495846 genome.dna 568614 569034 NC_004369.gbk
257 50.6 4496635 4496381 genome.dna 567209 567488 NC_004369.gbk
456 49.3 4497236 4496826 genome.dna 566560 566977 NC_004369.gbk
810 52.4 4497950 4497249 genome.dna 565811 566558 NC_004369.gbk
305 52.6 4498300 4497968 genome.dna 565449 565812 NC_004369.gbk
1086 57.9 4499431 4498610 genome.dna 564308 565151 NC_004369.gbk
212 44.0 4499751 4499449 genome.dna 563978 564284 NC_004369.gbk
430 40.8 4500353 4499748 genome.dna 563322 563979 NC_004369.gbk
704 50.5 4500993 4500364 genome.dna 562669 563326 NC_004369.gbk
2736 59.3 4505956 4503842 genome.dna 554233 556402 NC_004369.gbk
572 55.2 4506523 4506053 genome.dna 553444 553912 NC_004369.gbk
597 73.6 4506994 4506620 genome.dna 553069 553438 NC_004369.gbk
1380 52.1 4514011 4512740 genome.dna 1114397 1115945 NC_004369.gbk
435 37.0 4514856 4514044 genome.dna 2168067 2167362 NC_004369.gbk
990 43.1 4531124 4529898 genome.dna 1598435 1599644 NC_004369.gbk
1114 50.8 4557783 4556779 genome.dna 737817 738858 NC_004369.gbk
642 44.8 4559154 4558477 genome.dna 1808874 1808208 NC_004369.gbk
739 38.1 4562421 4561336 genome.dna 1834952 1833854 NC_004369.gbk
369 38.3 4562994 4562473 genome.dna 1835485 1834975 NC_004369.gbk
207 31.3 4573911 4574321 genome.dna 2136485 2136098 NC_004369.gbk
534 39.5 4579442 4578723 genome.dna 1008594 1009296 NC_004369.gbk
2837 57.7 4597892 4600225 genome.dna 2049620 2047292 NC_004369.gbk
801 41.3 4601730 4602686 genome.dna 62240 63329 NC_004369.gbk
467 34.5 4603858 4604907 genome.dna 2510007 2508951 NC_004369.gbk
730 32.2 4616966 4614891 genome.dna 2330262 2332389 NC_004369.gbk
1068 39.6 4635563 4634286 genome.dna 1228811 1230278 NC_004369.gbk
2221 45.8 4639754 4637577 genome.dna 1388411 1386215 NC_004369.gbk
1690 58.9 4647455 4646079 genome.dna 647121 648516 NC_004369.gbk
223 30.1 4662179 4661556 genome.dna 2391675 2391000 NC_004369.gbk
737 41.6 4665855 4666784 genome.dna 2146457 2147339 NC_004369.gbk
380 30.1 4675687 4674863 genome.dna 1943214 1942272 NC_004369.gbk
713 41.5 4680620 4681561 genome.dna 471794 472694 NC_004369.gbk
607 44.6 4702353 4701286 genome.dna 376291 375115 NC_004369.gbk
1055 38.2 4714432 4712411 genome.dna 989962 992440 NC_004369.gbk
803 49.0 4719117 4720601 genome.dna 1319863 1318255 NC_004369.gbk
362 33.7 4721633 4722259 genome.dna 2829621 2830362 NC_004369.gbk
2665 65.7 4729969 4728119 genome.dna 1429325 1427483 NC_004369.gbk
1044 37.5 4733613 4735139 genome.dna 2029783 2028259 NC_004369.gbk
335 35.7 4756712 4755816 genome.dna 2189363 2188253 NC_004369.gbk
979 41.8 4766891 4765731 genome.dna 2496101 2494871 NC_004369.gbk
750 41.9 4769378 4770382 genome.dna 2849072 2847971 NC_004369.gbk
561 36.4 4777900 4778817 genome.dna 507330 506418 NC_004369.gbk
1672 51.0 4781238 4782749 genome.dna 2904960 2903391 NC_004369.gbk
734 45.4 4782875 4783885 genome.dna 1132779 1131615 NC_004369.gbk
630 43.6 4786326 4787093 genome.dna 1795983 1795194 NC_004369.gbk
650 39.5 4825789 4824827 genome.dna 1413250 1414291 NC_004369.gbk
534 40.4 4829201 4829899 genome.dna 459997 460696 NC_004369.gbk
543 55.0 4834867 4834403 genome.dna 702473 701951 NC_004369.gbk
592 32.6 4839358 4838507 genome.dna 1582273 1583110 NC_004369.gbk
594 34.2 4840266 4839379 genome.dna 1581344 1582274 NC_004369.gbk
516 38.8 4847113 4847901 genome.dna 2519334 2520102 NC_004369.gbk
582 44.4 4867996 4867325 genome.dna 870147 870837 NC_004369.gbk
296 38.5 4869761 4870336 genome.dna 1510325 1510934 NC_004369.gbk
438 33.3 4911222 4909444 genome.dna 1090424 1088360 NC_004369.gbk
931 32.5 4941502 4939844 genome.dna 2233041 2234670 NC_004369.gbk
297 31.9 4958376 4957678 genome.dna 2576590 2577373 NC_004369.gbk
645 37.3 4964420 4963467 genome.dna 1550409 1549449 NC_004369.gbk
329 32.4 4969043 4968228 genome.dna 2906003 2905163 NC_004369.gbk
168 57.1 4985770 4985910 genome.dna 3146202 3146058 NC_004369.gbk
1283 44.2 5001994 5003496 genome.dna 2662213 2663809 NC_004369.gbk
555 35.4 5010680 5009268 genome.dna 947315 948902 NC_004369.gbk
948 55.1 5018328 5017552 genome.dna 2629219 2628310 NC_004369.gbk
569 37.8 5019301 5018414 genome.dna 2630061 2629128 NC_004369.gbk
665 37.1 5020260 5019301 genome.dna 2631145 2630077 NC_004369.gbk
1530 44.3 5049054 5047222 genome.dna 2306580 2304708 NC_004369.gbk
960 41.3 5050610 5049240 genome.dna 1073859 1072353 NC_004369.gbk
1870 62.8 5055348 5053966 genome.dna 1380772 1382218 NC_004369.gbk
337 36.9 5056259 5055396 genome.dna 1379788 1380769 NC_004369.gbk
1125 50.6 5057853 5056312 genome.dna 1378053 1379727 NC_004369.gbk
