906 33.0 25826 28615 genome.dna 1543375 1540696 NC_000915.gbk
207 33.9 29669 29034 genome.dna 1650097 1649470 NC_000915.gbk
1203 41.4 30749 32122 genome.dna 712341 713715 NC_000915.gbk
807 34.8 33859 32447 genome.dna 755464 756610 NC_000915.gbk
1468 47.3 36667 35258 genome.dna 539682 538236 NC_000915.gbk
2119 52.1 37037 38860 genome.dna 502627 504427 NC_000915.gbk
601 30.8 47188 45107 genome.dna 1603959 1602087 NC_000915.gbk
1067 32.2 49985 47886 genome.dna 830029 827701 NC_000915.gbk
427 44.6 50956 50333 genome.dna 337763 337142 NC_000915.gbk
1627 57.3 62838 64181 genome.dna 391471 390124 NC_000915.gbk
1013 31.9 67552 65657 genome.dna 112673 110927 NC_000915.gbk
1160 60.1 98527 99441 genome.dna 1019371 1018459 NC_000915.gbk
620 30.5 99451 101520 genome.dna 1034633 1032527 NC_000915.gbk
450 34.6 110262 109636 genome.dna 399073 398431 NC_000915.gbk
265 33.6 165569 165111 genome.dna 917933 917495 NC_000915.gbk
570 30.0 166824 165547 genome.dna 892479 893757 NC_000915.gbk
137 39.1 167881 168117 genome.dna 518473 518284 NC_000915.gbk
131 49.0 168129 168296 genome.dna 1280643 1280484 NC_000915.gbk
483 44.7 170854 170375 genome.dna 1548385 1547911 NC_000915.gbk
331 31.2 172168 170891 genome.dna 1016967 1015785 NC_000915.gbk
289 32.2 184524 183541 genome.dna 286746 287769 NC_000915.gbk
492 30.4 192775 193791 genome.dna 1020323 1019384 NC_000915.gbk
364 31.2 222967 223722 genome.dna 1557259 1556518 NC_000915.gbk
165 36.0 226078 226338 genome.dna 337071 336831 NC_000915.gbk
457 32.6 226939 227694 genome.dna 1122275 1123037 NC_000915.gbk
853 42.6 228573 229595 genome.dna 172398 171426 NC_000915.gbk
1970 72.6 250357 251541 genome.dna 1281878 1280678 NC_000915.gbk
505 40.5 252164 252709 genome.dna 1280021 1279490 NC_000915.gbk
531 56.3 252872 253300 genome.dna 1279473 1279047 NC_000915.gbk
788 52.0 253304 254008 genome.dna 1279003 1278298 NC_000915.gbk
189 30.5 254326 254823 genome.dna 1278190 1277695 NC_000915.gbk
422 55.2 254890 255255 genome.dna 1277650 1277272 NC_000915.gbk
524 37.3 270806 270027 genome.dna 867597 868365 NC_000915.gbk
251 31.9 271449 270808 genome.dna 895178 894518 NC_000915.gbk
984 45.9 275283 276347 genome.dna 640267 641290 NC_000915.gbk
187 33.0 277924 278196 genome.dna 887584 887869 NC_000915.gbk
465 30.3 280242 278956 genome.dna 1295391 1294116 NC_000915.gbk
648 48.1 292998 292333 genome.dna 1000320 999606 NC_000915.gbk
597 39.9 293855 293088 genome.dna 1001074 1000303 NC_000915.gbk
511 33.7 301263 300298 genome.dna 783057 782070 NC_000915.gbk
1465 49.7 306633 305290 genome.dna 379634 378257 NC_000915.gbk
267 31.4 307112 306645 genome.dna 380110 379639 NC_000915.gbk
370 43.4 307589 307137 genome.dna 1099065 1098561 NC_000915.gbk
1200 52.6 313270 314313 genome.dna 1438044 1437000 NC_000915.gbk
853 55.4 338215 337490 genome.dna 770058 769335 NC_000915.gbk
719 36.7 340994 339921 genome.dna 1499426 1498436 NC_000915.gbk
1237 48.2 345980 347242 genome.dna 693285 694554 NC_000915.gbk
470 51.1 352201 352629 genome.dna 89644 89218 NC_000915.gbk
404 50.4 352645 353037 genome.dna 89222 88832 NC_000915.gbk
353 35.7 372605 373492 genome.dna 587195 588059 NC_000915.gbk
824 59.9 385868 385287 genome.dna 677798 677213 NC_000915.gbk
498 31.7 386934 386071 genome.dna 182780 183704 NC_000915.gbk
362 43.0 431880 431494 genome.dna 1005306 1004928 NC_000915.gbk
377 33.2 433394 432459 genome.dna 1144450 1143526 NC_000915.gbk
1060 39.4 460910 458055 genome.dna 1217507 1214882 NC_000915.gbk
419 34.3 479807 478617 genome.dna 1559432 1558301 NC_000915.gbk
1020 50.7 481917 480919 genome.dna 1561527 1560537 NC_000915.gbk
778 31.8 483335 481914 genome.dna 1563071 1561538 NC_000915.gbk
1707 54.9 485144 483705 genome.dna 694611 696018 NC_000915.gbk
339 40.7 517457 517939 genome.dna 195056 195590 NC_000915.gbk
1123 39.9 530287 528905 genome.dna 230972 232343 NC_000915.gbk
1246 54.5 537938 539215 genome.dna 1249171 1247914 NC_000915.gbk
1616 56.2 694412 693111 genome.dna 777601 778933 NC_000915.gbk
164 34.7 697176 697469 genome.dna 9624 9267 NC_000915.gbk
2134 61.3 697515 699164 genome.dna 9243 7602 NC_000915.gbk
273 41.2 703585 703950 genome.dna 752105 752492 NC_000915.gbk
182 44.3 755400 755185 genome.dna 595501 595288 NC_000915.gbk
581 33.5 755628 756641 genome.dna 1662387 1663410 NC_000915.gbk
467 33.7 761351 760380 genome.dna 251569 250645 NC_000915.gbk
275 46.1 761608 761919 genome.dna 314872 315187 NC_000915.gbk
361 67.1 761939 762196 genome.dna 315201 315468 NC_000915.gbk
915 42.9 763509 764681 genome.dna 320803 321886 NC_000915.gbk
489 48.1 766454 766933 genome.dna 918417 917922 NC_000915.gbk
1522 42.2 768185 770122 genome.dna 1127652 1129551 NC_000915.gbk
1102 43.0 771082 772419 genome.dna 80106 78768 NC_000915.gbk
207 33.6 777307 777729 genome.dna 1109619 1109178 NC_000915.gbk
1850 37.3 779306 782008 genome.dna 1112781 1109946 NC_000915.gbk
276 50.0 783547 783816 genome.dna 1100786 1100513 NC_000915.gbk
1323 36.4 784066 786186 genome.dna 1290604 1288537 NC_000915.gbk
1576 57.0 797270 798493 genome.dna 1247903 1246661 NC_000915.gbk
835 52.0 798538 799257 genome.dna 1246665 1245963 NC_000915.gbk
920 45.0 805628 804636 genome.dna 1263774 1264764 NC_000915.gbk
337 30.9 841615 843360 genome.dna 356441 354890 NC_000915.gbk
1552 50.1 844582 846099 genome.dna 188680 190186 NC_000915.gbk
321 39.8 927840 927358 genome.dna 1515583 1516042 NC_000915.gbk
319 31.8 932209 932796 genome.dna 118823 118253 NC_000915.gbk
235 56.1 934700 934497 genome.dna 988448 988241 NC_000915.gbk
864 41.3 955638 953644 genome.dna 1146593 1148519 NC_000915.gbk
288 34.5 957261 956803 genome.dna 605748 605292 NC_000915.gbk
591 36.3 987143 988024 genome.dna 115420 114499 NC_000915.gbk
229 33.1 1039117 1038716 genome.dna 1399532 1399922 NC_000915.gbk
669 44.7 1094877 1094161 genome.dna 1403896 1403167 NC_000915.gbk
310 36.8 1096541 1097074 genome.dna 1303119 1303587 NC_000915.gbk
323 30.7 1099537 1100406 genome.dna 1015036 1014181 NC_000915.gbk
1669 36.6 1131750 1134008 genome.dna 419076 421467 NC_000915.gbk
570 36.5 1154052 1153258 genome.dna 1371359 1370597 NC_000915.gbk
760 49.8 1154397 1155122 genome.dna 1635685 1636480 NC_000915.gbk
365 37.1 1155257 1156108 genome.dna 1636479 1637547 NC_000915.gbk
739 51.5 1156279 1157004 genome.dna 831004 830281 NC_000915.gbk
470 37.8 1157130 1157687 genome.dna 1331403 1331961 NC_000915.gbk
418 33.6 1157925 1159121 genome.dna 224691 225798 NC_000915.gbk
631 43.4 1159320 1160081 genome.dna 1297088 1296383 NC_000915.gbk
303 33.0 1160091 1160948 genome.dna 223890 224691 NC_000915.gbk
523 31.0 1165447 1166469 genome.dna 202542 203553 NC_000915.gbk
449 46.2 1166572 1167027 genome.dna 1440724 1440244 NC_000915.gbk
628 41.3 1167032 1167820 genome.dna 1440241 1439428 NC_000915.gbk
373 36.9 1168997 1169593 genome.dna 1383928 1383298 NC_000915.gbk
1418 38.7 1169670 1173152 genome.dna 1532546 1528910 NC_000915.gbk
941 49.2 1173165 1174124 genome.dna 592468 591529 NC_000915.gbk
462 34.7 1202667 1201900 genome.dna 943114 942346 NC_000915.gbk
404 52.7 1211683 1212024 genome.dna 923866 924196 NC_000915.gbk
915 48.0 1248508 1249548 genome.dna 777473 776480 NC_000915.gbk
829 60.8 1270601 1269999 genome.dna 1645223 1645820 NC_000915.gbk
662 35.1 1271755 1272822 genome.dna 1123037 1124075 NC_000915.gbk
1120 45.5 1272920 1274065 genome.dna 289967 288851 NC_000915.gbk
644 36.3 1274535 1276382 genome.dna 1630766 1629254 NC_000915.gbk
696 35.7 1276393 1277361 genome.dna 1629246 1628274 NC_000915.gbk
469 48.7 1280201 1280677 genome.dna 1105 634 NC_000915.gbk
224 31.7 1280702 1281121 genome.dna 633 216 NC_000915.gbk
257 40.6 1282175 1282681 genome.dna 792423 792900 NC_000915.gbk
1495 41.7 1284598 1282733 genome.dna 362549 364406 NC_000915.gbk
518 38.7 1285528 1284617 genome.dna 991804 992716 NC_000915.gbk
881 67.4 1301367 1301990 genome.dna 851607 851016 NC_000915.gbk
1145 51.4 1302154 1303428 genome.dna 1439427 1438086 NC_000915.gbk
811 39.6 1303620 1306001 genome.dna 1442397 1444905 NC_000915.gbk
542 38.3 1310544 1309849 genome.dna 686414 685733 NC_000915.gbk
516 52.1 1329655 1330212 genome.dna 604851 604311 NC_000915.gbk
253 33.0 1332732 1333337 genome.dna 988603 989185 NC_000915.gbk
1578 44.8 1333507 1335396 genome.dna 216200 218066 NC_000915.gbk
1243 32.7 1356196 1353473 genome.dna 1130507 1132745 NC_000915.gbk
1604 47.0 1363499 1366138 genome.dna 752511 754995 NC_000915.gbk
321 31.3 1391405 1390635 genome.dna 944857 944086 NC_000915.gbk
923 41.9 1395770 1396903 genome.dna 677957 679112 NC_000915.gbk
1405 42.1 1399081 1400775 genome.dna 679121 680858 NC_000915.gbk
246 31.8 1400772 1401275 genome.dna 681541 682078 NC_000915.gbk
818 40.4 1402802 1401792 genome.dna 46039 45040 NC_000915.gbk
1147 43.5 1403920 1402802 genome.dna 951852 950739 NC_000915.gbk
172 34.7 1404198 1403920 genome.dna 952091 951857 NC_000915.gbk
1133 31.2 1422749 1425052 genome.dna 48351 46041 NC_000915.gbk
779 41.1 1425057 1426040 genome.dna 1136900 1135904 NC_000915.gbk
365 36.8 1433876 1433409 genome.dna 147271 146812 NC_000915.gbk
688 40.1 1434853 1435731 genome.dna 1076893 1077796 NC_000915.gbk
1263 49.9 1458435 1457257 genome.dna 740558 741734 NC_000915.gbk
725 52.7 1459094 1458447 genome.dna 742439 743063 NC_000915.gbk
621 45.2 1459750 1459094 genome.dna 741744 742443 NC_000915.gbk
755 35.1 1466359 1465232 genome.dna 220249 219097 NC_000915.gbk
183 36.8 1468782 1468399 genome.dna 1301103 1301496 NC_000915.gbk
713 36.1 1475506 1474394 genome.dna 798936 797790 NC_000915.gbk
955 33.8 1477420 1475516 genome.dna 1649034 1647267 NC_000915.gbk
1846 42.6 1483266 1480684 genome.dna 1627917 1625496 NC_000915.gbk
843 51.7 1484840 1484115 genome.dna 1237899 1238646 NC_000915.gbk
873 36.5 1493774 1492350 genome.dna 278644 279958 NC_000915.gbk
286 32.4 1506798 1506349 genome.dna 1090211 1090664 NC_000915.gbk
478 44.5 1507655 1507128 genome.dna 1227441 1226946 NC_000915.gbk
939 42.8 1536355 1535069 genome.dna 27358 26077 NC_000915.gbk
579 35.9 1537737 1539503 genome.dna 200000 197855 NC_000915.gbk
226 33.6 1550947 1551351 genome.dna 522513 522111 NC_000915.gbk
2267 40.5 1567041 1563904 genome.dna 1388416 1391524 NC_000915.gbk
586 32.6 1573036 1572017 genome.dna 370159 371194 NC_000915.gbk
284 31.0 1576123 1576893 genome.dna 495164 495905 NC_000915.gbk
687 41.2 1584709 1585674 genome.dna 1164155 1165166 NC_000915.gbk
878 38.1 1598229 1599338 genome.dna 212140 213379 NC_000915.gbk
1093 38.1 1631952 1633361 genome.dna 40650 42063 NC_000915.gbk
660 40.8 1818024 1817266 genome.dna 923515 922780 NC_000915.gbk
395 34.7 1868891 1867875 genome.dna 553464 552471 NC_000915.gbk
1235 34.2 1937404 1939404 genome.dna 402957 400545 NC_000915.gbk
381 45.8 1944254 1944643 genome.dna 1126267 1126642 NC_000915.gbk
652 36.0 1945543 1946694 genome.dna 822127 823204 NC_000915.gbk
1102 39.5 1946687 1948771 genome.dna 1100926 1103128 NC_000915.gbk
190 32.7 1951419 1951823 genome.dna 1640941 1640455 NC_000915.gbk
867 52.1 1954611 1955393 genome.dna 1663589 1664378 NC_000915.gbk
485 35.6 1956304 1957413 genome.dna 255396 254367 NC_000915.gbk
292 50.0 1962586 1962317 genome.dna 1489674 1489407 NC_000915.gbk
1072 43.3 1968985 1967612 genome.dna 1490989 1489684 NC_000915.gbk
616 31.9 1970689 1969697 genome.dna 360758 361790 NC_000915.gbk
185 32.8 1974025 1973615 genome.dna 808935 809316 NC_000915.gbk
260 32.2 1986118 1986840 genome.dna 1094434 1093666 NC_000915.gbk
311 32.9 2012054 2011395 genome.dna 978209 977516 NC_000915.gbk
307 33.5 2030910 2030332 genome.dna 1362518 1363067 NC_000915.gbk
595 31.6 2034173 2033130 genome.dna 613016 611996 NC_000915.gbk
350 32.1 2038594 2039550 genome.dna 800329 801313 NC_000915.gbk
554 34.8 2041077 2042123 genome.dna 205873 206890 NC_000915.gbk
667 43.3 2042130 2043083 genome.dna 206914 207910 NC_000915.gbk
551 34.3 2043101 2044030 genome.dna 96826 95896 NC_000915.gbk
706 46.0 2044045 2044779 genome.dna 595247 594503 NC_000915.gbk
246 54.2 2044934 2045170 genome.dna 594273 594036 NC_000915.gbk
1340 50.0 2045253 2046494 genome.dna 593729 592490 NC_000915.gbk
513 33.7 2050132 2050929 genome.dna 1654621 1653856 NC_000915.gbk
244 34.3 2055442 2055792 genome.dna 416701 417016 NC_000915.gbk
1560 32.4 2070405 2066956 genome.dna 1621608 1618608 NC_000915.gbk
2017 50.9 2083361 2081520 genome.dna 1162132 1160305 NC_000915.gbk
1607 51.3 2102354 2104732 genome.dna 134784 132345 NC_000915.gbk
1162 39.2 2177036 2175615 genome.dna 149354 147908 NC_000915.gbk
521 37.2 2177765 2177046 genome.dna 150111 149382 NC_000915.gbk
598 33.9 2179364 2177811 genome.dna 152047 153703 NC_000915.gbk
265 31.0 2181519 2182154 genome.dna 1654695 1655316 NC_000915.gbk
702 38.4 2183367 2182216 genome.dna 430730 429560 NC_000915.gbk
542 46.7 2203467 2202874 genome.dna 857199 856620 NC_000915.gbk
431 34.8 2216576 2217319 genome.dna 2718 3402 NC_000915.gbk
2533 54.3 2221311 2219248 genome.dna 1236359 1234295 NC_000915.gbk
746 44.3 2239913 2239125 genome.dna 201705 202533 NC_000915.gbk
380 37.0 2258625 2258122 genome.dna 399296 399797 NC_000915.gbk
514 34.0 2263993 2263058 genome.dna 1250837 1251599 NC_000915.gbk
883 42.4 2350811 2351833 genome.dna 1655610 1656594 NC_000915.gbk
1249 54.9 2487322 2486231 genome.dna 602179 601078 NC_000915.gbk
329 36.9 2488039 2487452 genome.dna 1570054 1570615 NC_000915.gbk
1144 54.7 2489732 2488785 genome.dna 796773 797730 NC_000915.gbk
1189 51.9 2492889 2493971 genome.dna 80588 81647 NC_000915.gbk
373 31.7 2493971 2494816 genome.dna 392367 391536 NC_000915.gbk
421 43.1 2496092 2496946 genome.dna 1945 1114 NC_000915.gbk
340 38.6 2507977 2507444 genome.dna 727154 726647 NC_000915.gbk
841 50.6 2552084 2552833 genome.dna 367885 367132 NC_000915.gbk
1929 61.9 2563367 2561970 genome.dna 1385608 1384216 NC_000915.gbk
467 38.1 2585970 2586605 genome.dna 615965 615308 NC_000915.gbk
1205 37.6 2593132 2590532 genome.dna 124657 126868 NC_000915.gbk
1359 46.1 2602958 2604520 genome.dna 1358769 1357266 NC_000915.gbk
526 40.5 2604520 2605098 genome.dna 1357270 1356685 NC_000915.gbk
807 41.6 2605113 2606180 genome.dna 1356689 1355681 NC_000915.gbk
1272 47.6 2606188 2607555 genome.dna 1355689 1354330 NC_000915.gbk
1766 67.3 2607572 2608762 genome.dna 1354329 1353147 NC_000915.gbk
747 45.0 2608762 2609568 genome.dna 1353151 1352362 NC_000915.gbk
701 44.2 2639766 2638855 genome.dna 692042 692864 NC_000915.gbk
694 44.5 2642732 2643580 genome.dna 1506998 1506116 NC_000915.gbk
865 39.9 2654735 2655739 genome.dna 1407091 1406098 NC_000915.gbk
862 49.6 2679167 2679979 genome.dna 346570 347377 NC_000915.gbk
1316 44.5 2691006 2692370 genome.dna 143594 142226 NC_000915.gbk
196 31.5 2724246 2725070 genome.dna 345305 344522 NC_000915.gbk
740 47.1 2732234 2731251 genome.dna 416621 415634 NC_000915.gbk
402 50.4 2732903 2732547 genome.dna 137856 138207 NC_000915.gbk
408 41.6 2733782 2733240 genome.dna 136976 137588 NC_000915.gbk
1654 42.1 2735713 2733785 genome.dna 135141 136980 NC_000915.gbk
1915 68.4 2755752 2754499 genome.dna 27556 28834 NC_000915.gbk
574 36.2 2757088 2758194 genome.dna 1396976 1395893 NC_000915.gbk
496 44.0 2788070 2787564 genome.dna 699273 698769 NC_000915.gbk
711 49.0 2793288 2792647 genome.dna 1160287 1159660 NC_000915.gbk
619 33.9 2794931 2793456 genome.dna 1162197 1163475 NC_000915.gbk
1130 51.1 2809298 2808294 genome.dna 1120722 1121733 NC_000915.gbk
292 33.2 2809923 2809306 genome.dna 933369 932817 NC_000915.gbk
285 34.9 2810663 2810151 genome.dna 930260 929786 NC_000915.gbk
1834 49.0 2813755 2811956 genome.dna 662092 663826 NC_000915.gbk
452 33.6 2828026 2828805 genome.dna 398377 397645 NC_000915.gbk
336 31.3 2838878 2837343 genome.dna 935406 936792 NC_000915.gbk
591 39.8 2859653 2858643 genome.dna 1074492 1075548 NC_000915.gbk
248 30.4 2869134 2868487 genome.dna 866979 867597 NC_000915.gbk
470 39.4 2884168 2883416 genome.dna 241085 240353 NC_000915.gbk
1005 30.3 2887241 2885457 genome.dna 1141741 1140085 NC_000915.gbk
1229 48.1 2975613 2974318 genome.dna 1555447 1554199 NC_000915.gbk
383 32.4 2977060 2975717 genome.dna 1088876 1090052 NC_000915.gbk
651 36.1 2982496 2983455 genome.dna 877211 878147 NC_000915.gbk
287 59.7 2988043 2988261 genome.dna 1370598 1370379 NC_000915.gbk
1758 39.8 2992855 2990582 genome.dna 32679 34905 NC_000915.gbk
883 45.4 3024334 3023318 genome.dna 1655610 1656594 NC_000915.gbk
637 30.8 3042056 3043384 genome.dna 790696 789376 NC_000915.gbk
348 30.8 3046334 3045672 genome.dna 991246 991789 NC_000915.gbk
643 39.0 3058890 3057901 genome.dna 100541 101486 NC_000915.gbk
1325 37.9 3076165 3077973 genome.dna 1328908 1327123 NC_000915.gbk
1223 56.3 3077983 3079080 genome.dna 1327127 1326080 NC_000915.gbk
1100 48.0 3079077 3080102 genome.dna 261377 260360 NC_000915.gbk
1258 41.5 3080104 3081720 genome.dna 260351 258800 NC_000915.gbk
1359 43.1 3139235 3137823 genome.dna 1079832 1081392 NC_000915.gbk
117 30.1 3155372 3155127 genome.dna 856548 856323 NC_000915.gbk
406 44.5 3155863 3155369 genome.dna 855334 854857 NC_000915.gbk
2209 52.0 3161386 3159374 genome.dna 1177614 1175637 NC_000915.gbk
472 33.3 3166195 3167499 genome.dna 1039020 1037709 NC_000915.gbk
622 33.3 3178804 3180039 genome.dna 179887 178711 NC_000915.gbk
274 33.9 3228583 3228035 genome.dna 1079132 1079735 NC_000915.gbk
688 30.5 3230474 3228642 genome.dna 873392 875177 NC_000915.gbk
1067 44.0 3290769 3289561 genome.dna 228338 229502 NC_000915.gbk
427 34.4 3291639 3290800 genome.dna 229523 230504 NC_000915.gbk
370 32.1 3320342 3321007 genome.dna 1236571 1237225 NC_000915.gbk
1473 42.8 3364676 3363084 genome.dna 906327 904725 NC_000915.gbk
861 32.6 3373687 3372152 genome.dna 1344811 1346350 NC_000915.gbk
1175 36.3 3375638 3373788 genome.dna 1342969 1344808 NC_000915.gbk
281 40.0 3375937 3375635 genome.dna 1342664 1342967 NC_000915.gbk
259 30.6 3377049 3376507 genome.dna 1341464 1342127 NC_000915.gbk
263 39.3 3378041 3377067 genome.dna 1340464 1341454 NC_000915.gbk
248 34.8 3385876 3385436 genome.dna 1333812 1334214 NC_000915.gbk
913 42.4 3395711 3396913 genome.dna 954661 953460 NC_000915.gbk
340 33.0 3408161 3407589 genome.dna 1548948 1548384 NC_000915.gbk
809 45.3 3413548 3412631 genome.dna 1011557 1010687 NC_000915.gbk
999 44.0 3427528 3426443 genome.dna 710691 711789 NC_000915.gbk
709 38.7 3455799 3454780 genome.dna 944094 943113 NC_000915.gbk
857 45.3 3516455 3517318 genome.dna 608226 607347 NC_000915.gbk
1112 39.3 3519048 3517663 genome.dna 936792 938190 NC_000915.gbk
1148 46.3 3523656 3524945 genome.dna 144835 143593 NC_000915.gbk
1219 34.4 3531913 3533985 genome.dna 1072428 1074456 NC_000915.gbk
621 38.7 3573115 3574479 genome.dna 176721 175452 NC_000915.gbk
599 41.1 3577570 3576767 genome.dna 895983 895170 NC_000915.gbk
474 36.2 3578361 3577567 genome.dna 896798 895976 NC_000915.gbk
1350 50.6 3590632 3589055 genome.dna 422131 423658 NC_000915.gbk
1690 54.9 3592205 3590739 genome.dna 882210 880764 NC_000915.gbk
684 30.9 3592378 3593766 genome.dna 268079 269342 NC_000915.gbk
352 31.5 3599984 3598497 genome.dna 886066 887443 NC_000915.gbk
984 47.8 3604488 3603367 genome.dna 671609 672689 NC_000915.gbk
594 36.5 3607701 3606505 genome.dna 1498440 1497366 NC_000915.gbk
513 57.3 3608433 3608005 genome.dna 204841 205255 NC_000915.gbk
1454 53.6 3635387 3634134 genome.dna 190185 191436 NC_000915.gbk
276 45.9 3679566 3679826 genome.dna 285031 285286 NC_000915.gbk
354 36.0 3680956 3680225 genome.dna 1660609 1661398 NC_000915.gbk
630 39.2 3682691 3681786 genome.dna 544335 545244 NC_000915.gbk
456 35.0 3683368 3682688 genome.dna 709972 710695 NC_000915.gbk
2213 56.2 3686442 3684643 genome.dna 364402 366211 NC_000915.gbk
535 41.3 3694571 3695257 genome.dna 1407881 1407179 NC_000915.gbk
1163 41.8 3698228 3696813 genome.dna 498901 497509 NC_000915.gbk
410 31.9 3711890 3712588 genome.dna 95886 95190 NC_000915.gbk
1423 50.5 3714803 3716083 genome.dna 323724 325017 NC_000915.gbk
241 33.3 3732230 3732727 genome.dna 1097478 1096986 NC_000915.gbk
682 41.9 3732844 3733638 genome.dna 1119910 1120723 NC_000915.gbk
597 41.3 3733793 3734647 genome.dna 3402 4233 NC_000915.gbk
290 41.7 3734665 3735045 genome.dna 34894 35248 NC_000915.gbk
505 54.0 3749751 3750215 genome.dna 709532 709964 NC_000915.gbk
2628 46.6 3762599 3760023 genome.dna 272625 275196 NC_000915.gbk
351 51.3 3773009 3772662 genome.dna 1211587 1211230 NC_000915.gbk
483 34.9 3773827 3773072 genome.dna 1212298 1211608 NC_000915.gbk
255 47.4 3774681 3774433 genome.dna 1213448 1213217 NC_000915.gbk
1096 39.3 3776200 3774839 genome.dna 1214868 1213521 NC_000915.gbk
365 39.3 3777786 3777271 genome.dna 113295 112827 NC_000915.gbk
2122 45.2 3784972 3782345 genome.dna 1316731 1314187 NC_000915.gbk
1386 60.7 3786717 3785644 genome.dna 162927 163971 NC_000915.gbk
512 44.8 3893814 3893233 genome.dna 910916 910337 NC_000915.gbk
343 32.7 3913956 3913303 genome.dna 1237226 1237898 NC_000915.gbk
409 31.9 3915440 3914634 genome.dna 1238694 1239528 NC_000915.gbk
489 33.6 3918901 3920391 genome.dna 883581 882219 NC_000915.gbk
1226 47.6 3945541 3944261 genome.dna 1153675 1154956 NC_000915.gbk
442 45.3 3952181 3951618 genome.dna 913813 913291 NC_000915.gbk
635 42.7 3953386 3954039 genome.dna 1656595 1657243 NC_000915.gbk
613 41.5 3954101 3954916 genome.dna 1645959 1646775 NC_000915.gbk
1342 40.6 3956293 3958011 genome.dna 249293 247559 NC_000915.gbk
482 42.9 3961248 3960622 genome.dna 373594 372964 NC_000915.gbk
1392 52.3 4001743 4000448 genome.dna 163982 165263 NC_000915.gbk
1799 49.6 4003479 4001842 genome.dna 358066 356449 NC_000915.gbk
1217 40.2 4027241 4025196 genome.dna 661039 659068 NC_000915.gbk
985 41.4 4028828 4027398 genome.dna 912294 910908 NC_000915.gbk
509 48.8 4039680 4040210 genome.dna 665746 666268 NC_000915.gbk
211 40.8 4060248 4060021 genome.dna 1320595 1320337 NC_000915.gbk
193 30.1 4060971 4060579 genome.dna 1321595 1321166 NC_000915.gbk
387 35.9 4076900 4077613 genome.dna 405381 404712 NC_000915.gbk
732 32.4 4114440 4115846 genome.dna 1424381 1422914 NC_000915.gbk
281 32.5 4115888 4116970 genome.dna 1002275 1001141 NC_000915.gbk
1980 51.6 4139901 4137067 genome.dna 760089 757281 NC_000915.gbk
274 32.1 4140147 4140710 genome.dna 1321157 1320617 NC_000915.gbk
2806 61.0 4221505 4218908 genome.dna 831922 834484 NC_000915.gbk
593 38.6 4244964 4245854 genome.dna 1417889 1417067 NC_000915.gbk
508 31.8 4250428 4249388 genome.dna 906518 907502 NC_000915.gbk
314 36.5 4250722 4251348 genome.dna 884230 883639 NC_000915.gbk
931 49.5 4255592 4252890 genome.dna 839579 842177 NC_000915.gbk
820 43.3 4257707 4256787 genome.dna 1115336 1114448 NC_000915.gbk
792 37.3 4258960 4257809 genome.dna 1042236 1043394 NC_000915.gbk
416 32.5 4263557 4262097 genome.dna 670370 669020 NC_000915.gbk
1003 45.3 4268312 4267230 genome.dna 519533 520595 NC_000915.gbk
514 35.6 4274186 4273242 genome.dna 761271 762198 NC_000915.gbk
492 31.0 4318033 4319034 genome.dna 1661399 1662323 NC_000915.gbk
3199 54.4 4330684 4327460 genome.dna 977418 974160 NC_000915.gbk
886 38.8 4331847 4330699 genome.dna 1310862 1311990 NC_000915.gbk
409 33.1 4333114 4332293 genome.dna 536611 537376 NC_000915.gbk
410 30.3 4334402 4333452 genome.dna 412046 411221 NC_000915.gbk
1794 39.2 4338181 4335368 genome.dna 1494683 1491920 NC_000915.gbk
301 33.2 4339154 4338213 genome.dna 1145704 1146547 NC_000915.gbk
152 33.7 4339580 4339843 genome.dna 80195 80465 NC_000915.gbk
706 41.0 4342070 4340889 genome.dna 1632576 1631259 NC_000915.gbk
924 40.6 4343498 4342359 genome.dna 1393674 1392564 NC_000915.gbk
2317 57.5 4345514 4343607 genome.dna 118224 116361 NC_000915.gbk
651 34.3 4348005 4346668 genome.dna 997701 996531 NC_000915.gbk
503 47.6 4348720 4348133 genome.dna 855873 855342 NC_000915.gbk
546 32.5 4377440 4376580 genome.dna 1047053 1047878 NC_000915.gbk
965 41.4 4379941 4378778 genome.dna 1406083 1404874 NC_000915.gbk
995 32.5 4387762 4385783 genome.dna 436281 438129 NC_000915.gbk
1521 60.9 4388480 4389631 genome.dna 203617 204775 NC_000915.gbk
1126 44.4 4398393 4397095 genome.dna 264708 265944 NC_000915.gbk
913 44.1 4422828 4421779 genome.dna 1165327 1166374 NC_000915.gbk
506 41.8 4448185 4447619 genome.dna 183725 184289 NC_000915.gbk
1844 52.0 4451372 4449723 genome.dna 1230659 1232297 NC_000915.gbk
320 36.2 4479596 4478769 genome.dna 1325486 1324694 NC_000915.gbk
435 41.2 4482450 4482959 genome.dna 851012 850487 NC_000915.gbk
567 36.9 4482986 4483933 genome.dna 1202982 1202070 NC_000915.gbk
333 44.0 4488068 4487676 genome.dna 1367722 1367371 NC_000915.gbk
499 30.2 4489098 4488109 genome.dna 1368756 1367721 NC_000915.gbk
641 48.8 4489744 4489124 genome.dna 1369394 1368767 NC_000915.gbk
489 52.7 4490164 4489775 genome.dna 1369799 1369403 NC_000915.gbk
394 50.4 4490537 4490181 genome.dna 1370184 1369821 NC_000915.gbk
207 78.9 4490800 4490684 genome.dna 1370301 1370187 NC_000915.gbk
1128 40.0 4492165 4490834 genome.dna 1372621 1371358 NC_000915.gbk
300 40.7 4492607 4492173 genome.dna 1373071 1372663 NC_000915.gbk
509 49.7 4493297 4492797 genome.dna 1373546 1373084 NC_000915.gbk
186 34.5 4493665 4493312 genome.dna 1373902 1373542 NC_000915.gbk
484 44.0 4494208 4493675 genome.dna 1374449 1373912 NC_000915.gbk
315 37.2 4494614 4494222 genome.dna 1374855 1374459 NC_000915.gbk
573 46.9 4495506 4494967 genome.dna 1375605 1375059 NC_000915.gbk
541 66.7 4496217 4495846 genome.dna 1376207 1375838 NC_000915.gbk
241 50.0 4496635 4496381 genome.dna 1376470 1376209 NC_000915.gbk
128 40.0 4496826 4496635 genome.dna 1376683 1376482 NC_000915.gbk
568 63.2 4497236 4496826 genome.dna 1377095 1376669 NC_000915.gbk
868 56.2 4497950 4497249 genome.dna 1377802 1377097 NC_000915.gbk
208 40.4 4498300 4497968 genome.dna 1378174 1377805 NC_000915.gbk
392 60.0 4498593 4498315 genome.dna 1378465 1378183 NC_000915.gbk
934 51.3 4499431 4498610 genome.dna 1379306 1378475 NC_000915.gbk
146 30.9 4499751 4499449 genome.dna 1379604 1379322 NC_000915.gbk
318 35.1 4500993 4500364 genome.dna 1380865 1380289 NC_000915.gbk
421 57.1 4501337 4501026 genome.dna 1381216 1380901 NC_000915.gbk
3073 66.2 4505956 4503842 genome.dna 1267386 1265307 NC_000915.gbk
628 59.7 4506523 4506053 genome.dna 1267865 1267397 NC_000915.gbk
608 73.4 4506994 4506620 genome.dna 1268288 1267880 NC_000915.gbk
638 30.0 4509286 4510932 genome.dna 22717 21151 NC_000915.gbk
362 38.9 4520431 4519847 genome.dna 1189167 1188609 NC_000915.gbk
1065 47.7 4557783 4556779 genome.dna 1329928 1328908 NC_000915.gbk
559 43.4 4559154 4558477 genome.dna 1448098 1448752 NC_000915.gbk
730 35.9 4562421 4561336 genome.dna 291464 292496 NC_000915.gbk
254 35.8 4562994 4562473 genome.dna 166149 166638 NC_000915.gbk
480 34.5 4579442 4578723 genome.dna 174455 173777 NC_000915.gbk
686 33.9 4672431 4670269 genome.dna 1551659 1549610 NC_000915.gbk
814 46.2 4680620 4681561 genome.dna 247549 246628 NC_000915.gbk
722 32.9 4690836 4689472 genome.dna 1173405 1174728 NC_000915.gbk
1597 54.9 4708658 4707399 genome.dna 586704 585387 NC_000915.gbk
346 50.5 4709479 4709153 genome.dna 876886 877207 NC_000915.gbk
1589 49.2 4719117 4720601 genome.dna 57714 56223 NC_000915.gbk
377 30.6 4730969 4730043 genome.dna 1539784 1538761 NC_000915.gbk
744 37.3 4733613 4735139 genome.dna 850482 848961 NC_000915.gbk
991 41.9 4766891 4765731 genome.dna 114475 113332 NC_000915.gbk
190 41.8 4770684 4770469 genome.dna 586967 587171 NC_000915.gbk
557 55.0 4775884 4776414 genome.dna 542465 543008 NC_000915.gbk
1344 46.5 4776424 4777755 genome.dna 543007 544339 NC_000915.gbk
704 41.9 4789295 4788411 genome.dna 810418 811297 NC_000915.gbk
238 32.6 4814473 4814072 genome.dna 1193258 1192856 NC_000915.gbk
1338 52.5 4828130 4826943 genome.dna 1255500 1254324 NC_000915.gbk
1280 32.4 4872230 4874593 genome.dna 848937 846876 NC_000915.gbk
1688 47.2 4911222 4909444 genome.dna 1184409 1182705 NC_000915.gbk
1060 53.7 4928387 4927485 genome.dna 318248 319106 NC_000915.gbk
1165 50.0 4929420 4928401 genome.dna 317244 318249 NC_000915.gbk
1165 50.0 4929420 4928401 genome.dna 317244 318249 NC_000915.gbk
1290 40.4 4931262 4929655 genome.dna 315584 317234 NC_000915.gbk
1893 44.6 4981440 4979023 genome.dna 527685 530007 NC_000915.gbk
188 63.6 4985770 4985910 genome.dna 1516980 1517115 NC_000915.gbk
842 30.1 4986512 4988146 genome.dna 1517905 1519549 NC_000915.gbk
710 33.5 4988276 4989640 genome.dna 1520302 1521688 NC_000915.gbk
1037 38.7 5010680 5009268 genome.dna 1243132 1241824 NC_000915.gbk
853 38.6 5026700 5027902 genome.dna 722298 723471 NC_000915.gbk
797 40.3 5049054 5047222 genome.dna 1609974 1611768 NC_000915.gbk
557 39.5 5050610 5049240 genome.dna 733968 732666 NC_000915.gbk
2038 67.3 5055348 5053966 genome.dna 1195682 1194272 NC_000915.gbk
565 34.3 5056259 5055396 genome.dna 1196610 1195704 NC_000915.gbk
1199 54.8 5057853 5056312 genome.dna 1198136 1196624 NC_000915.gbk
233 30.8 5060037 5059237 genome.dna 880643 879962 NC_000915.gbk
1925 47.1 5063659 5061770 genome.dna 222124 220258 NC_000915.gbk
