2085 49.9 5629 7497 genome.dna 1739586 1741488 NC_003295.gbk
686 47.9 9676 9014 genome.dna 3681694 3681028 NC_003295.gbk
1462 46.0 10948 12453 genome.dna 1316843 1318400 NC_003295.gbk
388 31.3 13455 14342 genome.dna 1071913 1070953 NC_003295.gbk
733 42.5 14538 15464 genome.dna 1067211 1066263 NC_003295.gbk
365 37.8 22684 22163 genome.dna 627218 626690 NC_003295.gbk
390 42.2 23264 22674 genome.dna 1091696 1091081 NC_003295.gbk
580 44.8 23805 24800 genome.dna 584463 585507 NC_003295.gbk
2891 52.0 25826 28615 genome.dna 2421376 2418535 NC_003295.gbk
572 44.9 29669 29034 genome.dna 3221346 3222051 NC_003295.gbk
1378 47.4 30749 32122 genome.dna 3536445 3534912 NC_003295.gbk
1695 57.1 33859 32447 genome.dna 1340120 1341629 NC_003295.gbk
787 41.4 34917 33868 genome.dna 1338983 1340069 NC_003295.gbk
2220 67.1 36667 35258 genome.dna 1336768 1338184 NC_003295.gbk
2525 63.3 37037 38860 genome.dna 1381539 1383360 NC_003295.gbk
507 55.0 39698 40135 genome.dna 532854 533355 NC_003295.gbk
728 31.0 44746 43358 genome.dna 2294272 2295679 NC_003295.gbk
1622 50.3 47188 45107 genome.dna 2917548 2915532 NC_003295.gbk
1818 47.0 49985 47886 genome.dna 2337555 2335347 NC_003295.gbk
649 51.7 50956 50333 genome.dna 2339018 2338352 NC_003295.gbk
599 51.4 59253 58054 genome.dna 2406272 2405033 NC_003295.gbk
476 30.9 62838 64181 genome.dna 515593 516895 NC_003295.gbk
868 36.4 64337 65650 genome.dna 2289732 2288568 NC_003295.gbk
2168 47.5 70479 68437 genome.dna 1712651 1710530 NC_003295.gbk
788 42.8 76671 77513 genome.dna 3627798 3628656 NC_003295.gbk
612 33.0 77642 78994 genome.dna 14966 16412 NC_003295.gbk
434 36.8 81805 82428 genome.dna 83612 84260 NC_003295.gbk
771 42.5 93925 92960 genome.dna 1086736 1087741 NC_003295.gbk
1187 68.8 98527 99441 genome.dna 565054 564076 NC_003295.gbk
1770 45.3 99451 101520 genome.dna 563381 561287 NC_003295.gbk
590 44.7 110262 109636 genome.dna 2733876 2733297 NC_003295.gbk
2296 66.6 111626 113161 genome.dna 3374422 3372901 NC_003295.gbk
1704 54.7 115831 114374 genome.dna 2309058 2307582 NC_003295.gbk
2315 77.6 124086 125432 genome.dna 2761603 2762941 NC_003295.gbk
331 35.7 151546 150683 genome.dna 2339978 2339042 NC_003295.gbk
1297 62.9 153705 152758 genome.dna 1468577 1469540 NC_003295.gbk
702 43.5 154586 153765 genome.dna 1475984 1476800 NC_003295.gbk
962 51.7 155671 154589 genome.dna 1474953 1475979 NC_003295.gbk
964 63.1 162282 162998 genome.dna 2342255 2342972 NC_003295.gbk
716 55.6 163345 163986 genome.dna 162231 161517 NC_003295.gbk
418 42.1 164985 164389 genome.dna 37856 37199 NC_003295.gbk
700 68.9 165569 165111 genome.dna 2671730 2672177 NC_003295.gbk
1084 47.1 166824 165547 genome.dna 2669479 2670685 NC_003295.gbk
645 45.2 166978 167643 genome.dna 2650252 2650927 NC_003295.gbk
372 72.4 167881 168117 genome.dna 2651101 2651335 NC_003295.gbk
277 77.8 168129 168296 genome.dna 2651348 2651519 NC_003295.gbk
675 47.7 168516 169325 genome.dna 426719 427586 NC_003295.gbk
537 48.7 170854 170375 genome.dna 418895 419402 NC_003295.gbk
717 39.2 172168 170891 genome.dna 741612 742929 NC_003295.gbk
571 39.8 174074 173307 genome.dna 2383868 2384639 NC_003295.gbk
567 40.7 184524 183541 genome.dna 740614 741613 NC_003295.gbk
887 44.1 185588 184521 genome.dna 610801 609775 NC_003295.gbk
933 55.5 186544 185612 genome.dna 966944 967940 NC_003295.gbk
228 33.8 191679 192110 genome.dna 386175 386631 NC_003295.gbk
377 39.4 192299 192775 genome.dna 387051 387573 NC_003295.gbk
853 42.6 192775 193791 genome.dna 387660 388677 NC_003295.gbk
1142 40.3 204906 206567 genome.dna 3689699 3688151 NC_003295.gbk
979 53.4 207484 206657 genome.dna 2416982 2416100 NC_003295.gbk
745 36.3 212248 209609 genome.dna 2558094 2561052 NC_003295.gbk
508 32.5 217581 216430 genome.dna 1764269 1763075 NC_003295.gbk
146 30.2 217784 218788 genome.dna 163787 164801 NC_003295.gbk
1300 46.2 219661 221034 genome.dna 2566072 2567488 NC_003295.gbk
918 58.9 222967 223722 genome.dna 489162 489894 NC_003295.gbk
1747 51.5 224355 225995 genome.dna 491856 493434 NC_003295.gbk
200 36.5 226078 226338 genome.dna 3174475 3174217 NC_003295.gbk
846 50.4 226939 227694 genome.dna 3173621 3172817 NC_003295.gbk
1480 68.1 228573 229595 genome.dna 3222186 3223182 NC_003295.gbk
1267 70.1 230345 231841 genome.dna 756481 754969 NC_003295.gbk
405 39.7 237567 238178 genome.dna 3528310 3528898 NC_003295.gbk
865 42.4 245968 247005 genome.dna 2758679 2759708 NC_003295.gbk
2132 79.7 250357 251541 genome.dna 3273049 3271858 NC_003295.gbk
2132 79.7 250357 251541 genome.dna 3241751 3240560 NC_003295.gbk
241 38.4 251779 252162 genome.dna 3271634 3271253 NC_003295.gbk
793 63.0 252164 252709 genome.dna 3271241 3270656 NC_003295.gbk
669 67.4 252872 253300 genome.dna 3270490 3270058 NC_003295.gbk
1004 68.4 253304 254008 genome.dna 3270056 3269360 NC_003295.gbk
431 44.8 254326 254823 genome.dna 3268990 3268483 NC_003295.gbk
467 67.7 254890 255255 genome.dna 3268417 3268042 NC_003295.gbk
4355 64.6 255584 259612 genome.dna 3267595 3263488 NC_003295.gbk
6015 64.9 259736 263959 genome.dna 3263370 3259140 NC_003295.gbk
725 44.9 269828 269043 genome.dna 127818 126990 NC_003295.gbk
806 47.2 270806 270027 genome.dna 383471 382721 NC_003295.gbk
2956 70.1 273440 271446 genome.dna 132263 130367 NC_003295.gbk
1400 60.6 275283 276347 genome.dna 3566892 3565797 NC_003295.gbk
285 53.3 277924 278196 genome.dna 3618357 3618636 NC_003295.gbk
1668 59.8 280242 278956 genome.dna 2373409 2374678 NC_003295.gbk
2088 62.0 281849 280260 genome.dna 539461 537886 NC_003295.gbk
622 67.4 294649 295059 genome.dna 663676 663205 NC_003295.gbk
1158 56.1 301263 300298 genome.dna 540851 539780 NC_003295.gbk
750 42.8 303420 302533 genome.dna 2998585 2999482 NC_003295.gbk
2098 68.7 306633 305290 genome.dna 2997200 2998571 NC_003295.gbk
569 60.1 307112 306645 genome.dna 2996596 2997064 NC_003295.gbk
571 62.6 307589 307137 genome.dna 2995990 2996461 NC_003295.gbk
378 35.1 308443 307844 genome.dna 3213836 3213182 NC_003295.gbk
1102 55.6 309481 308480 genome.dna 3214847 3213851 NC_003295.gbk
1059 49.4 310630 309653 genome.dna 3120858 3119841 NC_003295.gbk
1652 71.8 313270 314313 genome.dna 64476 65520 NC_003295.gbk
541 30.9 314487 315470 genome.dna 65697 66738 NC_003295.gbk
370 43.4 315964 316557 genome.dna 2377583 2378207 NC_003295.gbk
1712 52.2 316547 318016 genome.dna 2378336 2379806 NC_003295.gbk
1891 60.9 321945 323390 genome.dna 2867914 2869375 NC_003295.gbk
398 41.7 331519 330968 genome.dna 992835 992208 NC_003295.gbk
1353 48.4 331816 333156 genome.dna 992920 994294 NC_003295.gbk
261 37.0 333638 333228 genome.dna 2840732 2840327 NC_003295.gbk
565 47.6 334964 334107 genome.dna 432685 431794 NC_003295.gbk
287 32.4 335599 335126 genome.dna 434805 434349 NC_003295.gbk
279 44.0 335983 335696 genome.dna 435507 435153 NC_003295.gbk
1117 44.6 337440 336007 genome.dna 437058 435558 NC_003295.gbk
926 57.0 338215 337490 genome.dna 437944 437155 NC_003295.gbk
476 48.7 339901 339335 genome.dna 439843 439255 NC_003295.gbk
1012 48.9 340994 339921 genome.dna 440883 439881 NC_003295.gbk
982 55.7 342391 343203 genome.dna 3190282 3189442 NC_003295.gbk
956 65.4 343211 343993 genome.dna 3189446 3188678 NC_003295.gbk
442 44.1 343998 344564 genome.dna 3188650 3188128 NC_003295.gbk
162 38.9 345645 345899 genome.dna 3184103 3183866 NC_003295.gbk
1596 58.7 345980 347242 genome.dna 3183775 3182509 NC_003295.gbk
873 40.9 350815 351966 genome.dna 1354475 1355573 NC_003295.gbk
631 66.2 352201 352629 genome.dna 527430 527859 NC_003295.gbk
550 63.8 352645 353037 genome.dna 527868 528261 NC_003295.gbk
586 45.8 353367 354008 genome.dna 3157566 3156954 NC_003295.gbk
407 40.4 354014 354517 genome.dna 3156896 3156398 NC_003295.gbk
574 38.3 355354 354581 genome.dna 2330998 2330227 NC_003295.gbk
530 35.9 357036 355618 genome.dna 3193172 3191708 NC_003295.gbk
1940 44.8 361542 357046 genome.dna 3198049 3193300 NC_003295.gbk
398 38.8 366712 367449 genome.dna 2987672 2986967 NC_003295.gbk
680 41.4 372605 373492 genome.dna 3518171 3519074 NC_003295.gbk
413 36.6 374918 375703 genome.dna 16565 17456 NC_003295.gbk
753 31.8 379289 377889 genome.dna 745259 743804 NC_003295.gbk
402 36.6 381747 382328 genome.dna 2993033 2992400 NC_003295.gbk
1090 50.5 382412 384307 genome.dna 1024878 1026864 NC_003295.gbk
1183 62.4 384350 385246 genome.dna 1210853 1209959 NC_003295.gbk
548 43.3 385868 385287 genome.dna 2529456 2530038 NC_003295.gbk
921 51.7 399153 398326 genome.dna 1604926 1605757 NC_003295.gbk
884 38.9 404861 403671 genome.dna 1760864 1762079 NC_003295.gbk
393 36.0 423578 424231 genome.dna 2727963 2727210 NC_003295.gbk
756 49.2 428068 427331 genome.dna 1182716 1183631 NC_003295.gbk
628 39.8 428913 428092 genome.dna 1181754 1182633 NC_003295.gbk
800 42.5 429839 428910 genome.dna 1180788 1181739 NC_003295.gbk
2129 65.6 431263 429833 genome.dna 1179202 1180726 NC_003295.gbk
467 33.9 433394 432459 genome.dna 726016 726988 NC_003295.gbk
483 38.0 435364 434357 genome.dna 2763978 2763051 NC_003295.gbk
439 30.7 437057 438238 genome.dna 690761 691838 NC_003295.gbk
1227 42.3 440934 442553 genome.dna 1562193 1563735 NC_003295.gbk
1214 38.0 442927 444705 genome.dna 933256 935029 NC_003295.gbk
2713 49.4 460910 458055 genome.dna 2427268 2430175 NC_003295.gbk
1624 49.6 463248 461737 genome.dna 2620936 2619415 NC_003295.gbk
413 39.1 517457 517939 genome.dna 2132536 2133076 NC_003295.gbk
1089 49.0 518034 519071 genome.dna 1893184 1894195 NC_003295.gbk
362 33.6 522787 521576 genome.dna 3122992 3121699 NC_003295.gbk
476 34.9 523994 522816 genome.dna 544434 543198 NC_003295.gbk
1029 45.3 525365 524040 genome.dna 545807 544430 NC_003295.gbk
1648 55.3 530287 528905 genome.dna 1461786 1463157 NC_003295.gbk
563 40.4 531282 530305 genome.dna 1762964 1762106 NC_003295.gbk
607 39.0 536846 537643 genome.dna 1175767 1176583 NC_003295.gbk
770 37.7 692651 690918 genome.dna 3225015 3223188 NC_003295.gbk
265 36.7 692962 692627 genome.dna 3225372 3225033 NC_003295.gbk
314 54.7 697176 697469 genome.dna 688522 688813 NC_003295.gbk
2674 76.7 697515 699164 genome.dna 688908 690552 NC_003295.gbk
941 51.1 699974 700837 genome.dna 2894829 2893953 NC_003295.gbk
496 58.0 704061 704669 genome.dna 1391883 1391232 NC_003295.gbk
712 41.3 706802 707698 genome.dna 2393096 2393999 NC_003295.gbk
281 39.5 709289 708894 genome.dna 2707142 2706731 NC_003295.gbk
172 32.8 710245 709850 genome.dna 796247 795869 NC_003295.gbk
1532 52.7 714970 713669 genome.dna 1136243 1137542 NC_003295.gbk
2875 49.1 743861 746539 genome.dna 2088732 2086023 NC_003295.gbk
150 36.0 747822 747553 genome.dna 3529509 3529248 NC_003295.gbk
1621 57.3 753122 751287 genome.dna 2402087 2399819 NC_003295.gbk
987 40.0 755031 753277 genome.dna 2404430 2402618 NC_003295.gbk
232 53.5 755400 755185 genome.dna 6416 6203 NC_003295.gbk
1320 59.1 755628 756641 genome.dna 2406379 2407423 NC_003295.gbk
1168 57.4 761351 760380 genome.dna 3035738 3036707 NC_003295.gbk
352 46.6 761608 761919 genome.dna 3035460 3035148 NC_003295.gbk
374 62.7 761939 762196 genome.dna 3035111 3034850 NC_003295.gbk
1291 55.5 763509 764681 genome.dna 3034674 3033573 NC_003295.gbk
566 55.3 766454 766933 genome.dna 1626429 1626906 NC_003295.gbk
274 43.7 767499 768128 genome.dna 1628050 1628716 NC_003295.gbk
2345 57.7 768185 770122 genome.dna 1628840 1630727 NC_003295.gbk
880 52.9 770241 771074 genome.dna 1630845 1631721 NC_003295.gbk
1621 55.4 771082 772419 genome.dna 1631827 1633171 NC_003295.gbk
291 49.1 772670 773002 genome.dna 2236706 2236358 NC_003295.gbk
226 35.6 775618 775163 genome.dna 3457386 3456924 NC_003295.gbk
330 42.6 777307 777729 genome.dna 1369866 1370355 NC_003295.gbk
1436 48.2 777751 779280 genome.dna 1370351 1371827 NC_003295.gbk
2675 51.3 779306 782008 genome.dna 1371887 1374782 NC_003295.gbk
244 34.9 782083 782481 genome.dna 1374908 1375280 NC_003295.gbk
789 45.1 782481 783425 genome.dna 1375282 1376227 NC_003295.gbk
378 65.2 783547 783816 genome.dna 2242414 2242144 NC_003295.gbk
2873 61.8 784066 786186 genome.dna 2241837 2239683 NC_003295.gbk
1047 52.8 805628 804636 genome.dna 239882 240911 NC_003295.gbk
823 43.3 805742 806647 genome.dna 1851091 1850170 NC_003295.gbk
780 53.2 812975 814090 genome.dna 3545938 3547066 NC_003295.gbk
457 57.3 814149 814541 genome.dna 3547112 3547496 NC_003295.gbk
3834 60.4 814656 817529 genome.dna 3547559 3550508 NC_003295.gbk
427 31.4 821149 821973 genome.dna 1930171 1931020 NC_003295.gbk
1530 53.8 839555 838230 genome.dna 3073859 3075179 NC_003295.gbk
1029 56.7 839867 840766 genome.dna 2752032 2752959 NC_003295.gbk
1604 49.7 841615 843360 genome.dna 1172609 1170911 NC_003295.gbk
1959 58.7 844582 846099 genome.dna 1081152 1079619 NC_003295.gbk
474 32.7 853003 853935 genome.dna 158666 159560 NC_003295.gbk
2056 70.0 854876 856231 genome.dna 799228 797845 NC_003295.gbk
1318 46.0 866383 867786 genome.dna 700227 698865 NC_003295.gbk
1299 36.0 899255 901552 genome.dna 3146827 3149233 NC_003295.gbk
737 34.2 908973 907498 genome.dna 2310548 2309150 NC_003295.gbk
1199 42.2 909308 910588 genome.dna 1678360 1677025 NC_003295.gbk
388 32.1 912721 911924 genome.dna 2867017 2867887 NC_003295.gbk
339 34.1 913279 912743 genome.dna 221568 221043 NC_003295.gbk
463 45.8 918246 918758 genome.dna 2774948 2775482 NC_003295.gbk
479 48.6 927840 927358 genome.dna 1525372 1524925 NC_003295.gbk
429 41.5 927996 928442 genome.dna 1525493 1525931 NC_003295.gbk
159 34.7 928432 928713 genome.dna 1525917 1526274 NC_003295.gbk
1400 43.9 931102 929441 genome.dna 2852707 2854417 NC_003295.gbk
699 38.4 932060 931182 genome.dna 2851769 2852678 NC_003295.gbk
419 43.5 932209 932796 genome.dna 2842078 2841433 NC_003295.gbk
148 38.1 934700 934497 genome.dna 854856 855045 NC_003295.gbk
1259 55.3 941591 942676 genome.dna 2323899 2322789 NC_003295.gbk
2897 63.5 955638 953644 genome.dna 2962846 2960818 NC_003295.gbk
1113 57.5 956604 955654 genome.dna 1303306 1302346 NC_003295.gbk
1205 42.5 957805 959187 genome.dna 2551344 2552673 NC_003295.gbk
3182 63.3 964883 967162 genome.dna 2301346 2299024 NC_003295.gbk
1353 61.9 970301 969369 genome.dna 2374826 2375735 NC_003295.gbk
848 37.7 980392 982056 genome.dna 486824 488669 NC_003295.gbk
1161 60.5 987143 988024 genome.dna 968490 969393 NC_003295.gbk
192 37.3 996273 996016 genome.dna 379473 379743 NC_003295.gbk
579 30.7 1010351 1008708 genome.dna 2133255 2134779 NC_003295.gbk
687 50.0 1013085 1012423 genome.dna 2777508 2778147 NC_003295.gbk
1384 58.2 1013309 1014424 genome.dna 2778229 2779312 NC_003295.gbk
837 57.3 1014421 1015077 genome.dna 2776850 2777507 NC_003295.gbk
584 35.2 1063174 1062410 genome.dna 3599332 3598573 NC_003295.gbk
279 33.1 1067553 1068080 genome.dna 3379551 3380100 NC_003295.gbk
1246 33.1 1076168 1078321 genome.dna 2570516 2568236 NC_003295.gbk
283 47.2 1085958 1085686 genome.dna 1308306 1308030 NC_003295.gbk
956 42.3 1087061 1085955 genome.dna 429959 431048 NC_003295.gbk
790 50.7 1087227 1087946 genome.dna 751163 750407 NC_003295.gbk
1125 53.8 1099537 1100406 genome.dna 2615702 2614790 NC_003295.gbk
1383 71.6 1100443 1101237 genome.dna 995668 994873 NC_003295.gbk
1302 45.3 1119387 1118062 genome.dna 1326887 1325531 NC_003295.gbk
870 42.9 1119665 1120909 genome.dna 2748845 2747321 NC_003295.gbk
1143 44.8 1125945 1124593 genome.dna 3094266 3095457 NC_003295.gbk
853 49.0 1134065 1134883 genome.dna 818882 819785 NC_003295.gbk
728 43.4 1137533 1138456 genome.dna 2973270 2974197 NC_003295.gbk
915 52.6 1143476 1142628 genome.dna 476924 476090 NC_003295.gbk
1345 73.3 1150402 1149575 genome.dna 1485225 1484397 NC_003295.gbk
1800 36.5 1153145 1150431 genome.dna 1502392 1499806 NC_003295.gbk
993 54.8 1154052 1153258 genome.dna 1503328 1502500 NC_003295.gbk
945 57.6 1154397 1155122 genome.dna 1503646 1504390 NC_003295.gbk
785 47.9 1155257 1156108 genome.dna 1504637 1505522 NC_003295.gbk
893 56.7 1156279 1157004 genome.dna 1505834 1506545 NC_003295.gbk
693 55.0 1157130 1157687 genome.dna 1506710 1507271 NC_003295.gbk
1385 56.4 1157925 1159121 genome.dna 1508932 1510114 NC_003295.gbk
807 54.5 1159320 1160081 genome.dna 1507322 1508099 NC_003295.gbk
235 35.0 1160091 1160948 genome.dna 1508102 1508918 NC_003295.gbk
782 40.0 1160970 1162325 genome.dna 1510219 1511608 NC_003295.gbk
1401 37.6 1162361 1164805 genome.dna 1511712 1514010 NC_003295.gbk
245 31.5 1164946 1165443 genome.dna 1514009 1514564 NC_003295.gbk
798 42.0 1165447 1166469 genome.dna 1514574 1515645 NC_003295.gbk
556 54.0 1166572 1167027 genome.dna 1515641 1516136 NC_003295.gbk
821 47.2 1167032 1167820 genome.dna 1516132 1516948 NC_003295.gbk
958 39.5 1167824 1168975 genome.dna 1516944 1518117 NC_003295.gbk
3564 48.3 1169670 1173152 genome.dna 2390539 2387017 NC_003295.gbk
1334 62.8 1173165 1174124 genome.dna 1226958 1227927 NC_003295.gbk
620 34.9 1174650 1175972 genome.dna 1227934 1229323 NC_003295.gbk
608 47.2 1176745 1177299 genome.dna 829277 828728 NC_003295.gbk
2720 53.2 1180703 1178139 genome.dna 1209864 1207215 NC_003295.gbk
503 37.0 1202667 1201900 genome.dna 2605992 2605152 NC_003295.gbk
610 41.0 1212161 1213231 genome.dna 970592 969473 NC_003295.gbk
810 42.1 1248508 1249548 genome.dna 1392914 1394018 NC_003295.gbk
1989 52.4 1251539 1253329 genome.dna 652659 654513 NC_003295.gbk
645 34.3 1254320 1253391 genome.dna 664809 665733 NC_003295.gbk
894 55.6 1260789 1261478 genome.dna 1637917 1638631 NC_003295.gbk
902 37.9 1261506 1262828 genome.dna 1638717 1640049 NC_003295.gbk
1172 52.6 1271755 1272822 genome.dna 2917801 2918890 NC_003295.gbk
914 64.1 1272920 1274065 genome.dna 2918883 2920035 NC_003295.gbk
288 42.2 1274175 1274507 genome.dna 2920146 2920476 NC_003295.gbk
767 42.8 1274535 1276382 genome.dna 2920597 2922478 NC_003295.gbk
773 38.1 1276393 1277361 genome.dna 2922555 2923524 NC_003295.gbk
486 50.0 1278470 1278919 genome.dna 776431 775981 NC_003295.gbk
1027 48.4 1278982 1280091 genome.dna 763624 762511 NC_003295.gbk
333 43.1 1280201 1280677 genome.dna 760530 760035 NC_003295.gbk
376 47.0 1280702 1281121 genome.dna 760029 759543 NC_003295.gbk
847 45.6 1281190 1282170 genome.dna 2980256 2981255 NC_003295.gbk
375 40.3 1282175 1282681 genome.dna 2981305 2981830 NC_003295.gbk
2339 57.1 1284598 1282733 genome.dna 2410426 2408515 NC_003295.gbk
795 48.0 1285528 1284617 genome.dna 2411384 2410484 NC_003295.gbk
462 43.6 1289161 1289652 genome.dna 2758575 2758089 NC_003295.gbk
1155 46.3 1291078 1289714 genome.dna 449388 450552 NC_003295.gbk
555 34.4 1292157 1291267 genome.dna 399614 400547 NC_003295.gbk
429 62.1 1292504 1292172 genome.dna 3141163 3140797 NC_003295.gbk
937 64.9 1293119 1292505 genome.dna 3141799 3141163 NC_003295.gbk
3277 70.2 1295100 1293109 genome.dna 3143782 3141802 NC_003295.gbk
1188 61.2 1296067 1295105 genome.dna 3144781 3143791 NC_003295.gbk
1819 67.9 1297979 1296492 genome.dna 173973 175254 NC_003295.gbk
210 43.5 1298919 1299233 genome.dna 1867833 1867548 NC_003295.gbk
716 38.2 1299536 1300840 genome.dna 1826865 1828215 NC_003295.gbk
923 67.5 1301367 1301990 genome.dna 1828244 1828898 NC_003295.gbk
1961 72.5 1302154 1303428 genome.dna 1829063 1830338 NC_003295.gbk
3558 69.8 1303620 1306001 genome.dna 1830508 1832929 NC_003295.gbk
341 57.8 1306200 1306472 genome.dna 1833102 1833375 NC_003295.gbk
449 37.2 1310544 1309849 genome.dna 784519 785194 NC_003295.gbk
422 41.9 1312030 1312560 genome.dna 3341032 3340543 NC_003295.gbk
1126 56.9 1316909 1318201 genome.dna 374898 376209 NC_003295.gbk
246 48.7 1322693 1322445 genome.dna 1246103 1245839 NC_003295.gbk
1201 50.5 1327249 1326056 genome.dna 12817 11620 NC_003295.gbk
508 40.8 1327415 1328056 genome.dna 13345 14005 NC_003295.gbk
1431 39.8 1330287 1332362 genome.dna 1259776 1261963 NC_003295.gbk
418 57.5 1332403 1332732 genome.dna 1262059 1262407 NC_003295.gbk
686 55.8 1332732 1333337 genome.dna 1262513 1263137 NC_003295.gbk
2298 55.7 1333507 1335396 genome.dna 1041348 1043271 NC_003295.gbk
889 62.7 1335658 1336302 genome.dna 2740593 2741262 NC_003295.gbk
676 46.2 1336525 1337487 genome.dna 2844071 2842955 NC_003295.gbk
302 71.2 1348630 1348836 genome.dna 28492 28687 NC_003295.gbk
698 40.7 1348853 1349839 genome.dna 52586 51497 NC_003295.gbk
268 34.4 1352428 1351949 genome.dna 2752968 2753460 NC_003295.gbk
1713 42.3 1356196 1353473 genome.dna 3610825 3608578 NC_003295.gbk
358 41.8 1356312 1356722 genome.dna 3608582 3608102 NC_003295.gbk
757 40.4 1358126 1357212 genome.dna 1523974 1524901 NC_003295.gbk
907 59.0 1363250 1362525 genome.dna 948622 947839 NC_003295.gbk
3224 61.0 1363499 1366138 genome.dna 950443 953101 NC_003295.gbk
396 33.7 1369791 1369147 genome.dna 3314559 3315228 NC_003295.gbk
652 31.6 1373667 1372498 genome.dna 629013 630240 NC_003295.gbk
311 46.1 1374223 1373804 genome.dna 2318578 2318956 NC_003295.gbk
406 35.2 1381835 1382692 genome.dna 3102412 3101635 NC_003295.gbk
429 31.1 1390524 1389664 genome.dna 824331 823488 NC_003295.gbk
534 45.1 1392117 1391434 genome.dna 1837224 1836573 NC_003295.gbk
1167 31.7 1392768 1395197 genome.dna 2264026 2261494 NC_003295.gbk
689 51.2 1426894 1426256 genome.dna 2661040 2660389 NC_003295.gbk
1393 60.1 1427931 1426894 genome.dna 2827093 2826031 NC_003295.gbk
664 49.3 1428285 1428911 genome.dna 2370068 2370719 NC_003295.gbk
389 32.9 1430628 1431344 genome.dna 2828337 2829039 NC_003295.gbk
308 45.2 1431761 1431390 genome.dna 3522375 3521970 NC_003295.gbk
552 31.3 1433239 1431776 genome.dna 605858 607544 NC_003295.gbk
307 38.2 1433876 1433409 genome.dna 1403123 1402658 NC_003295.gbk
945 50.7 1434853 1435731 genome.dna 1200762 1201647 NC_003295.gbk
418 48.8 1445214 1444792 genome.dna 2143588 2144002 NC_003295.gbk
757 49.3 1446005 1445229 genome.dna 2142847 2143579 NC_003295.gbk
316 30.9 1446962 1446084 genome.dna 2142145 2142811 NC_003295.gbk
1418 56.2 1458435 1457257 genome.dna 1753212 1754394 NC_003295.gbk
668 48.1 1459094 1458447 genome.dna 1686955 1687594 NC_003295.gbk
558 42.7 1459750 1459094 genome.dna 1686233 1686932 NC_003295.gbk
1293 55.1 1466359 1465232 genome.dna 1483545 1482384 NC_003295.gbk
318 42.7 1466738 1466361 genome.dna 1483921 1483564 NC_003295.gbk
400 33.5 1467907 1467197 genome.dna 235641 234951 NC_003295.gbk
301 63.5 1468125 1468334 genome.dna 2675411 2675615 NC_003295.gbk
339 45.3 1468782 1468399 genome.dna 1418112 1418493 NC_003295.gbk
1337 62.1 1470427 1469462 genome.dna 355675 354673 NC_003295.gbk
182 36.6 1471750 1471487 genome.dna 358438 358144 NC_003295.gbk
755 49.7 1475506 1474394 genome.dna 69713 70856 NC_003295.gbk
1152 39.4 1477420 1475516 genome.dna 67284 69690 NC_003295.gbk
488 49.0 1477924 1477454 genome.dna 2377110 2377581 NC_003295.gbk
390 34.1 1479078 1478437 genome.dna 2375731 2376427 NC_003295.gbk
338 30.1 1480118 1479093 genome.dna 2952753 2951676 NC_003295.gbk
196 32.0 1480669 1480115 genome.dna 2953287 2952777 NC_003295.gbk
1526 51.2 1483266 1480684 genome.dna 2955960 2953326 NC_003295.gbk
1214 77.3 1484840 1484115 genome.dna 519857 520592 NC_003295.gbk
939 64.0 1485514 1484840 genome.dna 519177 519861 NC_003295.gbk
1002 59.3 1486258 1485518 genome.dna 518428 519157 NC_003295.gbk
1253 63.1 1487375 1486479 genome.dna 517387 518329 NC_003295.gbk
1074 38.0 1489354 1487825 genome.dna 566779 565207 NC_003295.gbk
759 45.8 1490240 1489362 genome.dna 567695 566798 NC_003295.gbk
1104 56.6 1492026 1490968 genome.dna 569628 568650 NC_003295.gbk
1762 62.0 1493774 1492350 genome.dna 571013 569639 NC_003295.gbk
2067 56.1 1504627 1506285 genome.dna 836726 834983 NC_003295.gbk
503 55.0 1506798 1506349 genome.dna 2957841 2958273 NC_003295.gbk
999 64.4 1515559 1514879 genome.dna 3324531 3325236 NC_003295.gbk
1323 47.5 1518297 1515565 genome.dna 3646635 3649449 NC_003295.gbk
524 48.9 1519100 1518525 genome.dna 3645884 3646499 NC_003295.gbk
2091 68.9 1521264 1519120 genome.dna 3643639 3645874 NC_003295.gbk
1580 58.3 1522968 1521280 genome.dna 3641796 3643569 NC_003295.gbk
852 54.8 1530248 1530991 genome.dna 3161932 3161185 NC_003295.gbk
799 56.3 1531148 1531804 genome.dna 2354518 2353870 NC_003295.gbk
934 57.0 1532732 1533469 genome.dna 2352793 2352049 NC_003295.gbk
845 58.1 1533499 1534146 genome.dna 2349093 2348445 NC_003295.gbk
1851 64.7 1536355 1535069 genome.dna 2169628 2168326 NC_003295.gbk
260 35.3 1537390 1537737 genome.dna 2172956 2172590 NC_003295.gbk
2252 56.1 1537737 1539503 genome.dna 2172587 2170808 NC_003295.gbk
1132 66.2 1539520 1540236 genome.dna 2170786 2170084 NC_003295.gbk
3415 52.9 1540513 1543320 genome.dna 1348619 1351481 NC_003295.gbk
1190 54.7 1543336 1544562 genome.dna 1351620 1352877 NC_003295.gbk
1364 52.6 1544898 1546064 genome.dna 598776 599943 NC_003295.gbk
1080 56.0 1546064 1546936 genome.dna 600027 600909 NC_003295.gbk
339 44.3 1550947 1551351 genome.dna 779009 779414 NC_003295.gbk
711 49.1 1551348 1552034 genome.dna 779410 780103 NC_003295.gbk
276 35.7 1552047 1552472 genome.dna 780115 780550 NC_003295.gbk
265 32.9 1552537 1553724 genome.dna 780587 781625 NC_003295.gbk
863 37.8 1553863 1555155 genome.dna 781672 782971 NC_003295.gbk
377 38.2 1555196 1555705 genome.dna 782995 783514 NC_003295.gbk
1476 65.5 1558773 1559834 genome.dna 2655328 2654179 NC_003295.gbk
1526 63.9 1561884 1562939 genome.dna 2869767 2870847 NC_003295.gbk
1056 61.4 1563766 1563014 genome.dna 386088 385284 NC_003295.gbk
2080 54.1 1598005 1595975 genome.dna 2585233 2587300 NC_003295.gbk
1103 51.8 1598229 1599338 genome.dna 2584105 2583016 NC_003295.gbk
452 35.8 1613498 1614457 genome.dna 2640040 2641090 NC_003295.gbk
481 32.7 1633374 1634744 genome.dna 739187 740573 NC_003295.gbk
566 37.5 1635671 1634820 genome.dna 731194 732112 NC_003295.gbk
712 57.5 1636204 1635668 genome.dna 732997 733549 NC_003295.gbk
1303 64.4 1637078 1636206 genome.dna 732122 733001 NC_003295.gbk
640 40.6 1652035 1651178 genome.dna 1324591 1325500 NC_003295.gbk
1949 56.8 1652381 1653892 genome.dna 2743709 2745224 NC_003295.gbk
1194 43.1 1654089 1656020 genome.dna 1313553 1311669 NC_003295.gbk
725 37.4 1660540 1661571 genome.dna 1318429 1319455 NC_003295.gbk
2436 57.8 1662791 1664695 genome.dna 1315539 1313586 NC_003295.gbk
701 51.5 1664731 1665621 genome.dna 1311601 1310671 NC_003295.gbk
772 49.0 1665648 1666472 genome.dna 1310636 1309820 NC_003295.gbk
149 31.3 1673326 1672922 genome.dna 3337758 3338154 NC_003295.gbk
1457 74.4 1674049 1674948 genome.dna 2802373 2803273 NC_003295.gbk
315 30.0 1745928 1746827 genome.dna 514494 515439 NC_003295.gbk
1850 66.5 1748218 1746911 genome.dna 2137040 2135753 NC_003295.gbk
616 37.2 1765743 1764766 genome.dna 1527902 1526960 NC_003295.gbk
1044 51.0 1767252 1768205 genome.dna 1434595 1435579 NC_003295.gbk
334 35.3 1821057 1820434 genome.dna 646625 645989 NC_003295.gbk
1247 39.2 1822700 1821054 genome.dna 2770325 2772002 NC_003295.gbk
798 56.2 1824646 1823984 genome.dna 2769609 2770272 NC_003295.gbk
1126 45.3 1830416 1829217 genome.dna 238632 239862 NC_003295.gbk
1058 70.1 1840982 1841674 genome.dna 2800311 2799636 NC_003295.gbk
513 59.3 1841727 1842110 genome.dna 2796618 2796231 NC_003295.gbk
683 41.4 1849141 1848239 genome.dna 466348 467302 NC_003295.gbk
385 44.0 1851097 1851453 genome.dna 2797760 2798117 NC_003295.gbk
680 42.4 1903087 1902248 genome.dna 1597837 1597009 NC_003295.gbk
680 42.4 1903087 1902248 genome.dna 870796 869968 NC_003295.gbk
680 42.4 1903087 1902248 genome.dna 2612543 2611715 NC_003295.gbk
312 50.0 1903356 1903090 genome.dna 2912108 2911841 NC_003295.gbk
312 50.0 1903356 1903090 genome.dna 1541817 1542084 NC_003295.gbk
307 34.8 1928122 1927325 genome.dna 1247722 1246855 NC_003295.gbk
602 72.9 1944254 1944643 genome.dna 787544 787949 NC_003295.gbk
711 54.1 1944653 1945297 genome.dna 787957 788611 NC_003295.gbk
1338 43.0 1994834 1996513 genome.dna 3607121 3605486 NC_003295.gbk
406 46.9 2008746 2008288 genome.dna 2368147 2367739 NC_003295.gbk
372 43.4 2009604 2010017 genome.dna 3575248 3574786 NC_003295.gbk
427 37.9 2012054 2011395 genome.dna 1279806 1279104 NC_003295.gbk
448 43.5 2016186 2015680 genome.dna 1463739 1464261 NC_003295.gbk
1886 52.4 2022455 2024023 genome.dna 3133513 3135028 NC_003295.gbk
2858 55.3 2024016 2026580 genome.dna 3135000 3137589 NC_003295.gbk
1422 56.6 2028974 2027880 genome.dna 749279 750392 NC_003295.gbk
276 30.7 2030910 2030332 genome.dna 2924196 2923599 NC_003295.gbk
396 34.1 2031491 2030937 genome.dna 2925508 2924920 NC_003295.gbk
1294 57.3 2034173 2033130 genome.dna 524085 525120 NC_003295.gbk
2231 43.4 2038000 2034716 genome.dna 1096075 1093030 NC_003295.gbk
991 53.3 2038594 2039550 genome.dna 1096832 1097828 NC_003295.gbk
512 46.2 2040198 2039605 genome.dna 1101377 1100792 NC_003295.gbk
254 64.8 2040877 2041047 genome.dna 1102242 1102422 NC_003295.gbk
908 43.7 2041077 2042123 genome.dna 1102626 1103691 NC_003295.gbk
1117 52.6 2042130 2043083 genome.dna 1103728 1104709 NC_003295.gbk
1094 55.6 2043101 2044030 genome.dna 1104741 1105671 NC_003295.gbk
938 60.4 2044045 2044779 genome.dna 1105681 1106431 NC_003295.gbk
348 72.4 2044934 2045170 genome.dna 1106628 1106868 NC_003295.gbk
1796 63.0 2045253 2046494 genome.dna 1106979 1108212 NC_003295.gbk
773 39.6 2047434 2048453 genome.dna 1918735 1919869 NC_003295.gbk
442 38.3 2048443 2049102 genome.dna 1919865 1920483 NC_003295.gbk
690 47.8 2050132 2050929 genome.dna 1922077 1922881 NC_003295.gbk
890 45.4 2057749 2058777 genome.dna 1120322 1121375 NC_003295.gbk
1246 46.2 2059718 2061022 genome.dna 2418351 2417025 NC_003295.gbk
713 33.5 2063309 2062113 genome.dna 230099 231326 NC_003295.gbk
3537 49.7 2070405 2066956 genome.dna 1767777 1764303 NC_003295.gbk
860 60.0 2071740 2072447 genome.dna 1175004 1175739 NC_003295.gbk
818 35.4 2072444 2073691 genome.dna 1173761 1175012 NC_003295.gbk
518 39.8 2074702 2075532 genome.dna 1301590 1302331 NC_003295.gbk
657 38.6 2078193 2079188 genome.dna 2606996 2605988 NC_003295.gbk
413 43.1 2079241 2079792 genome.dna 2883097 2882599 NC_003295.gbk
452 47.3 2085741 2085214 genome.dna 468720 468210 NC_003295.gbk
1020 47.9 2088494 2089945 genome.dna 1870486 1868908 NC_003295.gbk
780 43.9 2102053 2101232 genome.dna 1520784 1519944 NC_003295.gbk
3310 62.8 2102354 2104732 genome.dna 1520987 1523375 NC_003295.gbk
1269 39.8 2177036 2175615 genome.dna 1732910 1734320 NC_003295.gbk
595 39.0 2177765 2177046 genome.dna 1732145 1732871 NC_003295.gbk
519 32.3 2179364 2177811 genome.dna 1033014 1031325 NC_003295.gbk
835 33.8 2181270 2179897 genome.dna 1243898 1242551 NC_003295.gbk
307 33.8 2181519 2182154 genome.dna 762503 761849 NC_003295.gbk
847 42.5 2184700 2183675 genome.dna 1068291 1067247 NC_003295.gbk
350 49.0 2186467 2186817 genome.dna 3131143 3131455 NC_003295.gbk
635 68.9 2188157 2187750 genome.dna 558322 557914 NC_003295.gbk
281 36.8 2189954 2189487 genome.dna 3002558 3003026 NC_003295.gbk
752 44.8 2190305 2191417 genome.dna 531412 530251 NC_003295.gbk
679 49.0 2191939 2192622 genome.dna 810078 809439 NC_003295.gbk
572 45.5 2195725 2195117 genome.dna 860630 861251 NC_003295.gbk
3031 53.2 2198282 2200954 genome.dna 2180148 2182854 NC_003295.gbk
588 31.7 2215224 2216393 genome.dna 963263 964541 NC_003295.gbk
184 53.3 2218041 2217826 genome.dna 2148012 2148213 NC_003295.gbk
3014 63.9 2221311 2219248 genome.dna 26382 28443 NC_003295.gbk
2569 49.2 2231341 2233707 genome.dna 1137552 1139964 NC_003295.gbk
1039 59.6 2239913 2239125 genome.dna 1231898 1231103 NC_003295.gbk
692 65.2 2258625 2258122 genome.dna 3001026 3001527 NC_003295.gbk
1246 63.3 2263993 2263058 genome.dna 197175 198114 NC_003295.gbk
1140 53.3 2267632 2266640 genome.dna 3377710 3378739 NC_003295.gbk
3157 46.5 2275609 2279496 genome.dna 1327011 1331007 NC_003295.gbk
610 30.5 2286405 2285092 genome.dna 3302686 3301384 NC_003295.gbk
678 43.5 2287139 2286402 genome.dna 3303424 3302692 NC_003295.gbk
204 34.5 2290600 2290133 genome.dna 3216345 3215811 NC_003295.gbk
393 33.3 2301922 2302608 genome.dna 827824 827077 NC_003295.gbk
716 43.0 2318196 2317324 genome.dna 171137 172067 NC_003295.gbk
448 48.1 2318259 2318798 genome.dna 2525429 2525927 NC_003295.gbk
1156 48.8 2320507 2319365 genome.dna 2913186 2914317 NC_003295.gbk
198 41.2 2324296 2324544 genome.dna 1133294 1133543 NC_003295.gbk
663 34.2 2330060 2328861 genome.dna 1775017 1776202 NC_003295.gbk
1265 54.6 2335148 2334054 genome.dna 1856472 1855380 NC_003295.gbk
1497 48.0 2336847 2335354 genome.dna 35475 37005 NC_003295.gbk
1827 65.2 2336995 2338260 genome.dna 35358 34077 NC_003295.gbk
1959 60.2 2338271 2339743 genome.dna 34073 32579 NC_003295.gbk
1312 56.0 2340110 2341189 genome.dna 1855296 1854255 NC_003295.gbk
1352 49.4 2341232 2342500 genome.dna 1854157 1852894 NC_003295.gbk
1015 59.3 2342538 2343356 genome.dna 1852861 1852042 NC_003295.gbk
725 50.2 2351826 2352485 genome.dna 972825 973479 NC_003295.gbk
697 33.4 2359305 2358133 genome.dna 1210965 1212168 NC_003295.gbk
156 39.8 2397840 2398106 genome.dna 1010614 1010881 NC_003295.gbk
2129 77.0 2446859 2448127 genome.dna 2215817 2214560 NC_003295.gbk
1511 48.8 2448198 2449772 genome.dna 2214476 2212859 NC_003295.gbk
1555 64.4 2449772 2450872 genome.dna 2212858 2211667 NC_003295.gbk
884 59.2 2450865 2451701 genome.dna 2211671 2210807 NC_003295.gbk
1020 67.5 2451703 2452401 genome.dna 2210794 2210101 NC_003295.gbk
572 35.7 2463567 2464547 genome.dna 2670681 2671734 NC_003295.gbk
1692 69.8 2487322 2486231 genome.dna 3125420 3126515 NC_003295.gbk
584 55.3 2488039 2487452 genome.dna 421131 420477 NC_003295.gbk
1325 64.5 2489732 2488785 genome.dna 422969 422018 NC_003295.gbk
853 49.1 2490742 2489870 genome.dna 424048 423178 NC_003295.gbk
1037 46.6 2491599 2492855 genome.dna 3127049 3128357 NC_003295.gbk
1492 60.2 2492889 2493971 genome.dna 3128453 3129536 NC_003295.gbk
750 50.0 2493971 2494816 genome.dna 3130148 3131069 NC_003295.gbk
841 44.9 2496092 2496946 genome.dna 1186244 1187099 NC_003295.gbk
1233 50.2 2503696 2505084 genome.dna 2940153 2941614 NC_003295.gbk
663 40.7 2507176 2506430 genome.dna 1365456 1364727 NC_003295.gbk
239 33.3 2511822 2511298 genome.dna 2572844 2572295 NC_003295.gbk
713 51.0 2524351 2523662 genome.dna 861682 862453 NC_003295.gbk
615 38.2 2534552 2533659 genome.dna 229009 230038 NC_003295.gbk
492 30.6 2550693 2551877 genome.dna 956301 957426 NC_003295.gbk
1126 65.7 2552084 2552833 genome.dna 778152 778941 NC_003295.gbk
627 40.6 2559421 2558525 genome.dna 2616651 2615715 NC_003295.gbk
1259 47.0 2559536 2560804 genome.dna 3309164 3307877 NC_003295.gbk
926 43.5 2570445 2569453 genome.dna 2746190 2747267 NC_003295.gbk
1157 57.7 2573737 2572751 genome.dna 2968340 2967332 NC_003295.gbk
1766 54.1 2575279 2573756 genome.dna 2969886 2968350 NC_003295.gbk
1030 47.4 2576359 2575376 genome.dna 2970915 2969919 NC_003295.gbk
971 69.2 2585970 2586605 genome.dna 1056255 1055610 NC_003295.gbk
708 53.2 2598308 2597688 genome.dna 1197477 1198101 NC_003295.gbk
656 41.3 2599344 2598460 genome.dna 1196594 1197455 NC_003295.gbk
691 38.4 2605113 2606180 genome.dna 3111529 3112567 NC_003295.gbk
1468 57.3 2607572 2608762 genome.dna 2158544 2157332 NC_003295.gbk
563 37.7 2608762 2609568 genome.dna 2156501 2155703 NC_003295.gbk
305 34.1 2611473 2610838 genome.dna 3199291 3199966 NC_003295.gbk
572 41.6 2619430 2619996 genome.dna 1868393 1867832 NC_003295.gbk
384 47.2 2620019 2620441 genome.dna 512347 511927 NC_003295.gbk
1028 50.7 2627092 2626058 genome.dna 2068863 2069865 NC_003295.gbk
1006 45.5 2628084 2627089 genome.dna 3090414 3089394 NC_003295.gbk
900 52.6 2639766 2638855 genome.dna 2430214 2431084 NC_003295.gbk
284 36.5 2642181 2642648 genome.dna 304157 303722 NC_003295.gbk
682 38.4 2642732 2643580 genome.dna 2057957 2057090 NC_003295.gbk
440 35.4 2645012 2644386 genome.dna 2543155 2543779 NC_003295.gbk
520 37.0 2645457 2646263 genome.dna 1709043 1708233 NC_003295.gbk
498 46.7 2652833 2653480 genome.dna 1886494 1887127 NC_003295.gbk
456 49.1 2654386 2653967 genome.dna 1868802 1868415 NC_003295.gbk
1560 71.1 2654735 2655739 genome.dna 2960745 2959746 NC_003295.gbk
1892 65.2 2664862 2663609 genome.dna 979468 978178 NC_003295.gbk
285 32.5 2674846 2675376 genome.dna 1463250 1463730 NC_003295.gbk
571 43.0 2677723 2677067 genome.dna 411936 412638 NC_003295.gbk
363 37.1 2678460 2679146 genome.dna 3624215 3624983 NC_003295.gbk
1299 72.7 2679167 2679979 genome.dna 3625029 3625845 NC_003295.gbk
236 44.7 2679983 2680252 genome.dna 3625854 3626109 NC_003295.gbk
967 33.0 2683421 2681736 genome.dna 824517 826224 NC_003295.gbk
426 38.4 2685383 2684682 genome.dna 1456301 1457033 NC_003295.gbk
915 43.5 2687417 2685498 genome.dna 1745814 1747956 NC_003295.gbk
326 46.9 2687612 2687956 genome.dna 1689400 1689796 NC_003295.gbk
379 40.2 2689954 2690532 genome.dna 986647 987256 NC_003295.gbk
1581 53.5 2691006 2692370 genome.dna 3550646 3552023 NC_003295.gbk
520 39.0 2712101 2712862 genome.dna 1890410 1891193 NC_003295.gbk
915 44.8 2725214 2726101 genome.dna 2284489 2283538 NC_003295.gbk
421 71.1 2728844 2728548 genome.dna 1699589 1699904 NC_003295.gbk
2079 43.1 2731236 2728849 genome.dna 1696987 1699417 NC_003295.gbk
524 55.5 2732234 2731251 genome.dna 1695886 1696921 NC_003295.gbk
555 68.6 2732903 2732547 genome.dna 1695416 1695773 NC_003295.gbk
191 52.3 2733144 2732947 genome.dna 1695193 1695391 NC_003295.gbk
783 67.2 2733782 2733240 genome.dna 1694461 1694998 NC_003295.gbk
2539 56.8 2735713 2733785 genome.dna 1692526 1694434 NC_003295.gbk
371 30.8 2738767 2737976 genome.dna 1731906 1731105 NC_003295.gbk
2054 73.1 2755752 2754499 genome.dna 2697217 2695966 NC_003295.gbk
286 39.3 2756503 2756949 genome.dna 2931298 2930791 NC_003295.gbk
1432 59.5 2757088 2758194 genome.dna 2930795 2929682 NC_003295.gbk
1865 62.4 2759027 2760397 genome.dna 2927128 2925754 NC_003295.gbk
679 33.1 2762917 2764038 genome.dna 1205561 1204331 NC_003295.gbk
443 42.9 2770193 2769657 genome.dna 2713097 2713655 NC_003295.gbk
1510 52.1 2796565 2798007 genome.dna 615702 617142 NC_003295.gbk
1576 73.0 2809298 2808294 genome.dna 535324 534250 NC_003295.gbk
492 42.4 2809923 2809306 genome.dna 535969 535387 NC_003295.gbk
516 49.1 2810663 2810151 genome.dna 537798 537252 NC_003295.gbk
936 58.1 2811487 2810744 genome.dna 2372598 2373324 NC_003295.gbk
343 47.9 2811954 2811511 genome.dna 500134 500623 NC_003295.gbk
2394 60.0 2813755 2811956 genome.dna 497212 499030 NC_003295.gbk
1709 50.6 2838878 2837343 genome.dna 2765361 2766915 NC_003295.gbk
1416 47.4 2847990 2846431 genome.dna 1213131 1215021 NC_003295.gbk
1978 49.5 2854450 2852540 genome.dna 1022802 1024713 NC_003295.gbk
1208 53.5 2859653 2858643 genome.dna 1737913 1738948 NC_003295.gbk
1277 49.8 2862472 2859857 genome.dna 2302443 2305161 NC_003295.gbk
1029 40.9 2862696 2863901 genome.dna 1083177 1084392 NC_003295.gbk
815 54.8 2869134 2868487 genome.dna 3519958 3520633 NC_003295.gbk
552 53.8 2884168 2883416 genome.dna 2739467 2740274 NC_003295.gbk
231 59.6 2884347 2884165 genome.dna 2739260 2739449 NC_003295.gbk
709 40.6 2885460 2884459 genome.dna 2738151 2739201 NC_003295.gbk
1565 41.9 2887241 2885457 genome.dna 2382717 2380938 NC_003295.gbk
1424 45.8 2895155 2896582 genome.dna 3370576 3369106 NC_003295.gbk
408 32.9 2906057 2905173 genome.dna 1993636 1992676 NC_003295.gbk
910 38.5 2917289 2918617 genome.dna 3181794 3180465 NC_003295.gbk
494 33.2 2918614 2919687 genome.dna 3180449 3179324 NC_003295.gbk
264 36.7 2920770 2921360 genome.dna 3178062 3177408 NC_003295.gbk
521 39.1 2921367 2922104 genome.dna 3177333 3176589 NC_003295.gbk
751 45.0 2922086 2922862 genome.dna 3176520 3175749 NC_003295.gbk
2420 66.5 2925698 2924025 genome.dna 960606 962295 NC_003295.gbk
702 50.0 2926492 2925815 genome.dna 959774 960467 NC_003295.gbk
1475 57.1 2928002 2926713 genome.dna 958440 959751 NC_003295.gbk
1243 52.1 2929170 2928085 genome.dna 953902 955039 NC_003295.gbk
978 46.7 2937215 2936178 genome.dna 2093973 2092848 NC_003295.gbk
1231 50.5 2937468 2938652 genome.dna 2099271 2098095 NC_003295.gbk
329 33.7 2938653 2939168 genome.dna 2098064 2097554 NC_003295.gbk
179 34.3 2939282 2939590 genome.dna 2097509 2097152 NC_003295.gbk
581 33.5 2945520 2943910 genome.dna 2102255 2100590 NC_003295.gbk
697 50.3 2946122 2945517 genome.dna 2102879 2102261 NC_003295.gbk
952 52.5 2947011 2946115 genome.dna 2103780 2102871 NC_003295.gbk
377 38.9 2947944 2947363 genome.dna 2104744 2104126 NC_003295.gbk
217 31.3 2948579 2947941 genome.dna 2106700 2106253 NC_003295.gbk
290 39.7 2949024 2948572 genome.dna 2107131 2106696 NC_003295.gbk
201 46.3 2950670 2950470 genome.dna 2109365 2109158 NC_003295.gbk
366 38.7 2951167 2950670 genome.dna 2109844 2109364 NC_003295.gbk
539 39.6 2952163 2951270 genome.dna 2110663 2109940 NC_003295.gbk
892 41.6 2953264 2952215 genome.dna 2111676 2110659 NC_003295.gbk
487 38.5 2954122 2953289 genome.dna 2112569 2111729 NC_003295.gbk
1158 46.0 2954281 2956002 genome.dna 2112710 2114231 NC_003295.gbk
1141 49.9 2956004 2957050 genome.dna 2114487 2115573 NC_003295.gbk
1770 62.8 2975613 2974318 genome.dna 2536126 2534809 NC_003295.gbk
1470 53.8 2977060 2975717 genome.dna 2537542 2536192 NC_003295.gbk
597 57.5 2981911 2981417 genome.dna 979580 980078 NC_003295.gbk
1456 70.0 2982496 2983455 genome.dna 2541364 2542321 NC_003295.gbk
612 45.7 2987214 2987927 genome.dna 1736685 1735938 NC_003295.gbk
349 73.6 2988043 2988261 genome.dna 3229301 3229082 NC_003295.gbk
3095 63.0 2992855 2990582 genome.dna 2674535 2672246 NC_003295.gbk
352 50.0 2993205 2992885 genome.dna 2674858 2674531 NC_003295.gbk
792 47.4 3002258 3001431 genome.dna 1932265 1931233 NC_003295.gbk
340 32.9 3003564 3004295 genome.dna 3686993 3686225 NC_003295.gbk
160 35.9 3016496 3016762 genome.dna 386643 386901 NC_003295.gbk
964 40.5 3022380 3021175 genome.dna 359651 358457 NC_003295.gbk
648 44.6 3025403 3026020 genome.dna 1036060 1035418 NC_003295.gbk
2041 65.3 3042056 3043384 genome.dna 1757468 1758830 NC_003295.gbk
755 42.3 3049052 3049924 genome.dna 852647 851738 NC_003295.gbk
1730 65.9 3050037 3051158 genome.dna 652505 651398 NC_003295.gbk
932 51.4 3051198 3052058 genome.dna 651388 650518 NC_003295.gbk
2493 74.7 3063296 3061821 genome.dna 1884034 1882495 NC_003295.gbk
857 49.3 3064304 3063432 genome.dna 1167592 1166671 NC_003295.gbk
626 39.4 3064423 3065496 genome.dna 1167684 1168785 NC_003295.gbk
1687 51.4 3068393 3066702 genome.dna 3085105 3086827 NC_003295.gbk
698 37.6 3069350 3068412 genome.dna 3084122 3085073 NC_003295.gbk
949 36.6 3076165 3077973 genome.dna 1232164 1234042 NC_003295.gbk
1232 54.8 3077983 3079080 genome.dna 1234060 1235116 NC_003295.gbk
1191 51.1 3079077 3080102 genome.dna 1235122 1236247 NC_003295.gbk
1654 50.3 3080104 3081720 genome.dna 1236243 1237899 NC_003295.gbk
469 36.2 3084419 3083724 genome.dna 723577 724336 NC_003295.gbk
1237 49.9 3087351 3088499 genome.dna 2935829 2934680 NC_003295.gbk
574 72.6 3102175 3101846 genome.dna 2137505 2137847 NC_003295.gbk
826 46.8 3106945 3107832 genome.dna 3012072 3012909 NC_003295.gbk
720 40.1 3114699 3113731 genome.dna 407870 406850 NC_003295.gbk
562 44.4 3132533 3133219 genome.dna 100267 99577 NC_003295.gbk
853 42.4 3140563 3139631 genome.dna 1756421 1757402 NC_003295.gbk
1938 62.1 3147123 3145672 genome.dna 582835 584458 NC_003295.gbk
493 52.1 3155124 3154672 genome.dna 1417585 1418116 NC_003295.gbk
195 43.4 3155372 3155127 genome.dna 1417309 1417573 NC_003295.gbk
537 56.1 3155863 3155369 genome.dna 605765 605288 NC_003295.gbk
465 34.9 3157424 3156435 genome.dna 1092839 1091717 NC_003295.gbk
2937 67.6 3161386 3159374 genome.dna 1061897 1063988 NC_003295.gbk
519 43.4 3163130 3162450 genome.dna 1586569 1587259 NC_003295.gbk
747 43.6 3165022 3163865 genome.dna 1585317 1586568 NC_003295.gbk
1373 64.5 3166099 3165062 genome.dna 300322 299239 NC_003295.gbk
955 38.0 3166195 3167499 genome.dna 1583924 1585331 NC_003295.gbk
235 35.6 3168781 3169188 genome.dna 2879661 2880039 NC_003295.gbk
505 39.8 3169188 3169883 genome.dna 2880035 2880758 NC_003295.gbk
1533 77.2 3173816 3172911 genome.dna 1474052 1474952 NC_003295.gbk
1673 80.7 3174746 3173826 genome.dna 1473118 1474042 NC_003295.gbk
2325 64.6 3176400 3174856 genome.dna 1471500 1473054 NC_003295.gbk
2909 72.3 3178327 3176426 genome.dna 1469582 1471466 NC_003295.gbk
1148 45.4 3178804 3180039 genome.dna 1091057 1089767 NC_003295.gbk
1133 43.4 3185328 3186677 genome.dna 2444616 2443254 NC_003295.gbk
558 55.1 3228583 3228035 genome.dna 1125523 1126099 NC_003295.gbk
908 44.3 3230474 3228642 genome.dna 1123490 1125455 NC_003295.gbk
557 39.7 3231123 3230467 genome.dna 324805 324172 NC_003295.gbk
1441 88.1 3268214 3268972 genome.dna 2802201 2801442 NC_003295.gbk
5432 79.3 3275000 3271911 genome.dna 3467881 3464758 NC_003295.gbk
1510 65.8 3276106 3274997 genome.dna 3468993 3467877 NC_003295.gbk
816 63.3 3276797 3276183 genome.dna 3469694 3469079 NC_003295.gbk
2179 69.2 3276884 3278356 genome.dna 3469780 3471241 NC_003295.gbk
451 35.6 3278435 3279220 genome.dna 2521440 2520612 NC_003295.gbk
494 36.9 3320342 3321007 genome.dna 3686205 3685533 NC_003295.gbk
417 30.9 3324257 3325147 genome.dna 3571362 3570477 NC_003295.gbk
556 41.5 3336744 3335911 genome.dna 2625268 2624458 NC_003295.gbk
1066 62.4 3344476 3343682 genome.dna 408730 407923 NC_003295.gbk
1264 66.7 3345329 3344487 genome.dna 409604 408740 NC_003295.gbk
1852 63.4 3346676 3345414 genome.dna 410886 409623 NC_003295.gbk
701 45.4 3359337 3358615 genome.dna 236398 235681 NC_003295.gbk
2316 65.0 3364676 3363084 genome.dna 1554139 1555762 NC_003295.gbk
281 34.5 3364794 3365690 genome.dna 284264 285122 NC_003295.gbk
859 32.3 3372145 3370688 genome.dna 2222670 2221197 NC_003295.gbk
889 37.1 3373687 3372152 genome.dna 2224156 2222689 NC_003295.gbk
1264 36.7 3375638 3373788 genome.dna 2226230 2224169 NC_003295.gbk
245 35.6 3375937 3375635 genome.dna 2226563 2226257 NC_003295.gbk
280 31.4 3376497 3375934 genome.dna 2227213 2226580 NC_003295.gbk
380 38.5 3377049 3376507 genome.dna 2227857 2227365 NC_003295.gbk
482 40.0 3378041 3377067 genome.dna 2228942 2227877 NC_003295.gbk
1146 44.6 3382301 3380952 genome.dna 2232610 2231314 NC_003295.gbk
1812 63.6 3389494 3390708 genome.dna 1411205 1412447 NC_003295.gbk
779 56.6 3401812 3402438 genome.dna 2199520 2200213 NC_003295.gbk
681 53.5 3408161 3407589 genome.dna 3131474 3132131 NC_003295.gbk
1987 59.5 3409858 3408341 genome.dna 2151841 2150305 NC_003295.gbk
219 31.4 3410380 3409880 genome.dna 2152433 2151935 NC_003295.gbk
1054 46.2 3412525 3411257 genome.dna 2154712 2153413 NC_003295.gbk
1203 61.4 3413548 3412631 genome.dna 2155666 2154793 NC_003295.gbk
670 43.9 3414435 3413773 genome.dna 2768420 2767763 NC_003295.gbk
778 46.2 3415469 3414618 genome.dna 2160147 2159322 NC_003295.gbk
1053 35.9 3421795 3423822 genome.dna 1824637 1826611 NC_003295.gbk
1568 63.0 3427528 3426443 genome.dna 1681673 1682774 NC_003295.gbk
872 46.0 3428548 3427616 genome.dna 1481860 1480945 NC_003295.gbk
1145 32.7 3438550 3436355 genome.dna 1884343 1886464 NC_003295.gbk
450 37.8 3444907 3444146 genome.dna 3188125 3187315 NC_003295.gbk
170 31.0 3447150 3447599 genome.dna 141475 141970 NC_003295.gbk
1667 55.5 3453156 3451774 genome.dna 670276 668878 NC_003295.gbk
792 47.1 3459693 3458845 genome.dna 3041556 3042441 NC_003295.gbk
560 57.2 3465394 3464954 genome.dna 3343962 3344433 NC_003295.gbk
1103 45.2 3466688 3465462 genome.dna 3354194 3355406 NC_003295.gbk
1463 51.9 3468186 3466690 genome.dna 3352591 3354193 NC_003295.gbk
844 45.9 3473117 3471138 genome.dna 1878638 1880747 NC_003295.gbk
1164 56.2 3500028 3499135 genome.dna 228788 227885 NC_003295.gbk
197 30.3 3505828 3505436 genome.dna 1408703 1408331 NC_003295.gbk
621 37.0 3508747 3507854 genome.dna 1404124 1403230 NC_003295.gbk
995 52.2 3511745 3510762 genome.dna 1407143 1406144 NC_003295.gbk
934 43.1 3512886 3511738 genome.dna 1408303 1407142 NC_003295.gbk
945 51.0 3516455 3517318 genome.dna 1713629 1712759 NC_003295.gbk
168 44.9 3517351 3517563 genome.dna 834362 834140 NC_003295.gbk
1677 55.2 3519048 3517663 genome.dna 1224614 1226012 NC_003295.gbk
724 65.5 3520193 3520687 genome.dna 1223081 1222541 NC_003295.gbk
505 43.8 3520698 3521420 genome.dna 1222545 1221738 NC_003295.gbk
583 59.0 3521609 3522118 genome.dna 619329 619839 NC_003295.gbk
1201 37.3 3531913 3533985 genome.dna 1642341 1640127 NC_003295.gbk
1020 38.0 3533985 3535520 genome.dna 1642414 1643998 NC_003295.gbk
658 42.6 3577570 3576767 genome.dna 112777 113683 NC_003295.gbk
784 42.8 3583505 3584407 genome.dna 1264743 1265664 NC_003295.gbk
1748 62.9 3590632 3589055 genome.dna 1530158 1531802 NC_003295.gbk
1968 60.2 3592205 3590739 genome.dna 1528043 1529507 NC_003295.gbk
1084 40.8 3592378 3593766 genome.dna 2735344 2734021 NC_003295.gbk
978 59.9 3596586 3597341 genome.dna 1851223 1851994 NC_003295.gbk
419 31.3 3598404 3597445 genome.dna 1153023 1153956 NC_003295.gbk
1035 49.9 3599984 3598497 genome.dna 1288496 1289840 NC_003295.gbk
592 31.4 3601310 3600129 genome.dna 1287136 1288303 NC_003295.gbk
1491 54.5 3603229 3601955 genome.dna 1285117 1286416 NC_003295.gbk
267 36.1 3604488 3603367 genome.dna 1283733 1285029 NC_003295.gbk
1288 53.4 3607701 3606505 genome.dna 1280643 1281795 NC_003295.gbk
601 63.8 3608433 3608005 genome.dna 1280174 1280600 NC_003295.gbk
400 32.4 3611852 3612721 genome.dna 2414196 2415087 NC_003295.gbk
232 52.4 3616273 3616073 genome.dna 1078191 1078389 NC_003295.gbk
554 70.0 3616630 3616295 genome.dna 1077811 1078150 NC_003295.gbk
2229 59.1 3618482 3616632 genome.dna 1075902 1077768 NC_003295.gbk
371 39.3 3619075 3618557 genome.dna 1075277 1075808 NC_003295.gbk
495 65.7 3619470 3619147 genome.dna 1074689 1075010 NC_003295.gbk
691 80.6 3619938 3619552 genome.dna 1074262 1074664 NC_003295.gbk
2014 73.4 3621177 3619963 genome.dna 1072985 1074203 NC_003295.gbk
585 45.1 3622783 3622058 genome.dna 1219970 1220834 NC_003295.gbk
820 50.2 3622920 3623723 genome.dna 1219857 1219044 NC_003295.gbk
1737 62.2 3635387 3634134 genome.dna 777794 776546 NC_003295.gbk
946 39.0 3635748 3636938 genome.dna 3666629 3667835 NC_003295.gbk
547 73.2 3640872 3640534 genome.dna 2544154 2543815 NC_003295.gbk
1486 53.6 3649390 3645506 genome.dna 1842043 1846153 NC_003295.gbk
590 55.2 3651787 3651263 genome.dna 1552552 1553104 NC_003295.gbk
370 60.2 3679566 3679826 genome.dna 419452 419701 NC_003295.gbk
270 35.7 3680225 3679845 genome.dna 1119909 1120326 NC_003295.gbk
943 62.4 3680956 3680225 genome.dna 1119094 1119886 NC_003295.gbk
490 39.2 3681774 3681037 genome.dna 1118279 1119098 NC_003295.gbk
914 48.5 3682691 3681786 genome.dna 1117362 1118259 NC_003295.gbk
704 52.8 3683368 3682688 genome.dna 1116544 1117315 NC_003295.gbk
488 41.1 3684626 3683661 genome.dna 1115187 1116105 NC_003295.gbk
2789 68.1 3686442 3684643 genome.dna 1113357 1115154 NC_003295.gbk
764 60.2 3689432 3688857 genome.dna 1108821 1109421 NC_003295.gbk
2131 60.5 3689812 3691413 genome.dna 2651687 2653289 NC_003295.gbk
692 51.4 3694571 3695257 genome.dna 3114045 3114846 NC_003295.gbk
1499 48.3 3698228 3696813 genome.dna 1239958 1241461 NC_003295.gbk
1154 54.5 3703917 3702925 genome.dna 1433442 1434561 NC_003295.gbk
1115 60.9 3704788 3703907 genome.dna 1432465 1433446 NC_003295.gbk
1042 60.8 3705613 3704801 genome.dna 1431549 1432464 NC_003295.gbk
1405 61.3 3706780 3705770 genome.dna 1423810 1424821 NC_003295.gbk
260 32.1 3711890 3712588 genome.dna 3635276 3636062 NC_003295.gbk
524 34.2 3712592 3713431 genome.dna 2601597 2602539 NC_003295.gbk
501 64.5 3714535 3714188 genome.dna 529813 530188 NC_003295.gbk
1640 58.3 3714803 3716083 genome.dna 712311 711009 NC_003295.gbk
1106 39.2 3717621 3716161 genome.dna 644478 645993 NC_003295.gbk
367 44.2 3729128 3729583 genome.dna 51088 50668 NC_003295.gbk
849 42.2 3730782 3732230 genome.dna 2829831 2831376 NC_003295.gbk
325 42.4 3732230 3732727 genome.dna 2831375 2831885 NC_003295.gbk
954 53.4 3732844 3733638 genome.dna 2832619 2833444 NC_003295.gbk
735 44.8 3733793 3734647 genome.dna 2595032 2595884 NC_003295.gbk
454 57.0 3734665 3735045 genome.dna 2939399 2939762 NC_003295.gbk
619 36.3 3735878 3735108 genome.dna 3184948 3184159 NC_003295.gbk
738 40.7 3736813 3735875 genome.dna 3185910 3184944 NC_003295.gbk
785 52.3 3737076 3737717 genome.dna 310295 309614 NC_003295.gbk
727 50.6 3749695 3748958 genome.dna 2057073 2056344 NC_003295.gbk
563 57.8 3749751 3750215 genome.dna 1615321 1614865 NC_003295.gbk
423 42.6 3750989 3751744 genome.dna 1616226 1617081 NC_003295.gbk
685 32.1 3751815 3753179 genome.dna 1617228 1618584 NC_003295.gbk
3636 65.8 3762599 3760023 genome.dna 1420989 1423578 NC_003295.gbk
614 53.1 3763458 3762733 genome.dna 1749978 1750782 NC_003295.gbk
911 47.0 3764478 3763501 genome.dna 1748918 1749995 NC_003295.gbk
590 36.0 3764613 3765347 genome.dna 1748903 1748033 NC_003295.gbk
472 30.0 3766362 3767522 genome.dna 955127 956243 NC_003295.gbk
248 30.3 3770090 3770806 genome.dna 1439523 1440336 NC_003295.gbk
1015 49.8 3771461 3772399 genome.dna 2479486 2480440 NC_003295.gbk
497 66.9 3773009 3772662 genome.dna 986072 986459 NC_003295.gbk
867 55.1 3773827 3773072 genome.dna 985210 985999 NC_003295.gbk
343 62.7 3774681 3774433 genome.dna 984222 984477 NC_003295.gbk
1543 60.6 3776200 3774839 genome.dna 3024632 3026063 NC_003295.gbk
215 32.9 3780004 3779576 genome.dna 481474 482056 NC_003295.gbk
2255 59.2 3784972 3782345 genome.dna 841310 843965 NC_003295.gbk
1511 69.7 3786717 3785644 genome.dna 596176 597235 NC_003295.gbk
459 46.6 3787319 3786825 genome.dna 2981855 2982356 NC_003295.gbk
1108 42.2 3866442 3865039 genome.dna 8443 6898 NC_003295.gbk
4037 58.1 3869582 3866439 genome.dna 11595 8445 NC_003295.gbk
1149 44.8 3880056 3878830 genome.dna 1018473 1017297 NC_003295.gbk
1163 42.1 3882715 3881462 genome.dna 2951599 2950318 NC_003295.gbk
937 42.2 3883829 3882726 genome.dna 3033530 3032405 NC_003295.gbk
1113 49.2 3889382 3888324 genome.dna 1702477 1703566 NC_003295.gbk
889 50.2 3893140 3892373 genome.dna 521490 520659 NC_003295.gbk
2604 51.2 3894156 3896603 genome.dna 580598 578090 NC_003295.gbk
1333 52.5 3908071 3909228 genome.dna 2189762 2190962 NC_003295.gbk
971 62.4 3913322 3912579 genome.dna 2280614 2281352 NC_003295.gbk
715 52.6 3913956 3913303 genome.dna 2279974 2280628 NC_003295.gbk
696 51.4 3914621 3913953 genome.dna 2279231 2279978 NC_003295.gbk
922 53.2 3915440 3914634 genome.dna 2278366 2279170 NC_003295.gbk
893 34.8 3917101 3918687 genome.dna 2707243 2708902 NC_003295.gbk
613 34.5 3918901 3920391 genome.dna 63608 62120 NC_003295.gbk
1191 46.7 3932105 3933280 genome.dna 1379153 1377866 NC_003295.gbk
1974 57.1 3933298 3934833 genome.dna 1377863 1376306 NC_003295.gbk
794 33.6 3945541 3944261 genome.dna 3297794 3299096 NC_003295.gbk
362 40.4 3952181 3951618 genome.dna 561267 560667 NC_003295.gbk
1071 50.1 3952362 3953393 genome.dna 971783 972836 NC_003295.gbk
2159 56.4 3956293 3958011 genome.dna 3030779 3029054 NC_003295.gbk
911 49.4 3959109 3958117 genome.dna 1275476 1276610 NC_003295.gbk
484 38.0 3960197 3959163 genome.dna 1274661 1275468 NC_003295.gbk
632 58.4 3963052 3962555 genome.dna 1768664 1769171 NC_003295.gbk
438 42.5 3963804 3963091 genome.dna 1767906 1768668 NC_003295.gbk
246 45.5 3964143 3963808 genome.dna 1188876 1189212 NC_003295.gbk
918 60.0 3966155 3966877 genome.dna 3685537 3684775 NC_003295.gbk
522 48.8 3967961 3967344 genome.dna 3425693 3426272 NC_003295.gbk
748 46.6 3969453 3967963 genome.dna 2626632 2625324 NC_003295.gbk
859 48.3 3970373 3969465 genome.dna 2627585 2626634 NC_003295.gbk
228 34.6 3986036 3985365 genome.dna 1551350 1551989 NC_003295.gbk
821 42.5 3986238 3987221 genome.dna 2399399 2398379 NC_003295.gbk
582 33.2 3988169 3987237 genome.dna 1149305 1150208 NC_003295.gbk
814 51.9 3989266 3990012 genome.dna 2711479 2710732 NC_003295.gbk
1837 65.8 4001743 4000448 genome.dna 1187505 1188789 NC_003295.gbk
2310 62.4 4003479 4001842 genome.dna 1184557 1186222 NC_003295.gbk
1261 41.8 4007080 4004843 genome.dna 1689821 1692062 NC_003295.gbk
753 38.9 4008483 4007131 genome.dna 1277667 1279020 NC_003295.gbk
804 45.7 4013697 4012813 genome.dna 3533963 3534875 NC_003295.gbk
741 46.4 4014558 4013788 genome.dna 1706910 1707729 NC_003295.gbk
2177 71.1 4015967 4014627 genome.dna 1134802 1136164 NC_003295.gbk
216 46.3 4025097 4024876 genome.dna 3595800 3596016 NC_003295.gbk
1306 45.4 4027241 4025196 genome.dna 1493653 1496095 NC_003295.gbk
1001 37.0 4031933 4029078 genome.dna 2862553 2859685 NC_003295.gbk
1384 52.7 4034399 4035643 genome.dna 99581 98291 NC_003295.gbk
403 44.1 4036522 4035704 genome.dna 748285 749167 NC_003295.gbk
512 48.0 4037132 4037767 genome.dna 2753518 2754142 NC_003295.gbk
701 60.5 4039680 4040210 genome.dna 2548828 2548300 NC_003295.gbk
483 41.1 4046883 4047521 genome.dna 806349 806925 NC_003295.gbk
1367 48.6 4047693 4049018 genome.dna 2473126 2474452 NC_003295.gbk
1016 39.6 4051288 4053240 genome.dna 3623932 3621886 NC_003295.gbk
636 50.0 4053431 4053985 genome.dna 2392201 2391628 NC_003295.gbk
469 50.3 4059979 4059527 genome.dna 1395188 1395641 NC_003295.gbk
466 58.0 4060971 4060579 genome.dna 1394111 1394480 NC_003295.gbk
1373 39.4 4062200 4064140 genome.dna 3384573 3382587 NC_003295.gbk
890 58.7 4068636 4067902 genome.dna 1300832 1301582 NC_003295.gbk
1879 43.3 4071195 4068739 genome.dna 1298191 1300807 NC_003295.gbk
387 42.3 4071662 4071237 genome.dna 3666381 3665862 NC_003295.gbk
1010 47.6 4076878 4075862 genome.dna 2891951 2890907 NC_003295.gbk
792 53.5 4076900 4077613 genome.dna 2892075 2892798 NC_003295.gbk
649 43.5 4077711 4078532 genome.dna 2892832 2893657 NC_003295.gbk
701 55.1 4079441 4080034 genome.dna 2342983 2343589 NC_003295.gbk
1255 49.1 4080027 4081166 genome.dna 2343595 2344870 NC_003295.gbk
206 36.5 4086876 4086421 genome.dna 1900747 1901194 NC_003295.gbk
475 39.7 4088112 4086889 genome.dna 1459949 1458632 NC_003295.gbk
286 31.9 4094250 4093483 genome.dna 2277605 2278370 NC_003295.gbk
439 32.8 4100167 4101123 genome.dna 661815 660933 NC_003295.gbk
418 31.2 4102382 4101120 genome.dna 3211759 3213115 NC_003295.gbk
439 32.7 4102518 4103441 genome.dna 2063471 2064446 NC_003295.gbk
805 52.1 4105353 4106009 genome.dna 1547079 1546350 NC_003295.gbk
1200 57.8 4109655 4110677 genome.dna 1385283 1386318 NC_003295.gbk
1124 53.5 4114259 4113273 genome.dna 2367743 2366768 NC_003295.gbk
1642 54.2 4114440 4115846 genome.dna 1395764 1397186 NC_003295.gbk
925 45.3 4115888 4116970 genome.dna 1460579 1461707 NC_003295.gbk
383 42.3 4118250 4118720 genome.dna 3615399 3614922 NC_003295.gbk
1316 49.2 4119655 4120848 genome.dna 1061581 1060384 NC_003295.gbk
3481 68.1 4139901 4137067 genome.dna 449166 446301 NC_003295.gbk
592 50.3 4140147 4140710 genome.dna 450599 451136 NC_003295.gbk
210 31.2 4180153 4180770 genome.dna 1810846 1811443 NC_003295.gbk
1013 40.3 4181249 4182667 genome.dna 3359989 3358522 NC_003295.gbk
567 33.6 4202207 4203343 genome.dna 1899223 1898074 NC_003295.gbk
2007 64.4 4231793 4230366 genome.dna 1722542 1724327 NC_003295.gbk
1298 53.7 4233904 4232027 genome.dna 1720156 1721821 NC_003295.gbk
3617 60.1 4236582 4233919 genome.dna 1717309 1720000 NC_003295.gbk
325 33.1 4237489 4236725 genome.dna 1134703 1133935 NC_003295.gbk
645 54.9 4243540 4242965 genome.dna 3019479 3018876 NC_003295.gbk
899 51.1 4244964 4245854 genome.dna 2654183 2653295 NC_003295.gbk
194 33.8 4246180 4246626 genome.dna 602738 603245 NC_003295.gbk
313 42.7 4250722 4251348 genome.dna 3042453 3043068 NC_003295.gbk
453 33.6 4251341 4252093 genome.dna 3043185 3043944 NC_003295.gbk
294 37.0 4252799 4252404 genome.dna 3044624 3044162 NC_003295.gbk
3268 58.0 4255592 4252890 genome.dna 3049636 3046831 NC_003295.gbk
1116 54.9 4257707 4256787 genome.dna 3052372 3051454 NC_003295.gbk
1165 51.2 4258960 4257809 genome.dna 3054654 3053451 NC_003295.gbk
1215 44.9 4260285 4259029 genome.dna 3056026 3054793 NC_003295.gbk
962 50.5 4262088 4261168 genome.dna 3057938 3056942 NC_003295.gbk
1649 53.6 4263557 4262097 genome.dna 3059386 3057934 NC_003295.gbk
1165 51.8 4264711 4263620 genome.dna 3060495 3059397 NC_003295.gbk
1046 41.8 4265910 4264708 genome.dna 3061733 3060491 NC_003295.gbk
433 37.2 4267226 4265910 genome.dna 3063370 3061729 NC_003295.gbk
867 53.2 4268312 4267230 genome.dna 3064550 3063380 NC_003295.gbk
996 42.4 4269667 4268306 genome.dna 3066013 3064564 NC_003295.gbk
1190 45.3 4271151 4269664 genome.dna 3067554 3066009 NC_003295.gbk
1326 40.9 4272901 4271138 genome.dna 3069338 3067550 NC_003295.gbk
1027 53.2 4274186 4273242 genome.dna 3070639 3069679 NC_003295.gbk
336 40.9 4274647 4274189 genome.dna 3071077 3070648 NC_003295.gbk
645 60.7 4277861 4277370 genome.dna 2249827 2249335 NC_003295.gbk
2250 59.0 4279582 4277864 genome.dna 2251584 2249826 NC_003295.gbk
1480 47.1 4282166 4283764 genome.dna 2246238 2244696 NC_003295.gbk
1156 53.2 4283764 4284855 genome.dna 2166036 2164944 NC_003295.gbk
1954 61.3 4284858 4286258 genome.dna 2168125 2166715 NC_003295.gbk
782 56.1 4286272 4286874 genome.dna 2166696 2166045 NC_003295.gbk
1358 44.1 4305089 4306693 genome.dna 2080516 2078914 NC_003295.gbk
618 30.3 4314274 4316637 genome.dna 551120 553556 NC_003295.gbk
868 35.6 4316738 4318033 genome.dna 553552 555049 NC_003295.gbk
845 49.7 4318033 4319034 genome.dna 555146 556163 NC_003295.gbk
889 54.2 4319027 4319845 genome.dna 556193 557039 NC_003295.gbk
391 46.2 4319858 4320235 genome.dna 3106965 3106590 NC_003295.gbk
691 44.1 4320238 4321083 genome.dna 729929 729077 NC_003295.gbk
674 38.2 4322394 4323299 genome.dna 166540 165574 NC_003295.gbk
433 44.8 4323873 4323391 genome.dna 994877 994373 NC_003295.gbk
485 37.1 4327281 4326592 genome.dna 2881884 2882583 NC_003295.gbk
4796 68.2 4330684 4327460 genome.dna 1622986 1626232 NC_003295.gbk
1628 65.7 4331847 4330699 genome.dna 1621136 1622273 NC_003295.gbk
905 54.1 4333114 4332293 genome.dna 2956930 2956138 NC_003295.gbk
1212 57.6 4334402 4333452 genome.dna 2649651 2648676 NC_003295.gbk
310 37.2 4334856 4334383 genome.dna 2650085 2649650 NC_003295.gbk
449 46.2 4335368 4334856 genome.dna 2668194 2668716 NC_003295.gbk
1169 51.0 4338181 4335368 genome.dna 2665312 2668195 NC_003295.gbk
1022 51.3 4339154 4338213 genome.dna 2664202 2665201 NC_003295.gbk
237 47.7 4339580 4339843 genome.dna 2765063 2764796 NC_003295.gbk
1592 59.9 4343498 4342359 genome.dna 2837871 2836728 NC_003295.gbk
2923 71.5 4345514 4343607 genome.dna 2840072 2838005 NC_003295.gbk
856 67.7 4348720 4348133 genome.dna 992212 991576 NC_003295.gbk
1008 57.9 4351702 4352475 genome.dna 2189204 2188430 NC_003295.gbk
485 30.4 4353827 4352538 genome.dna 1413888 1415334 NC_003295.gbk
523 52.6 4360338 4359856 genome.dna 1574831 1574321 NC_003295.gbk
364 32.7 4362071 4361421 genome.dna 533503 534187 NC_003295.gbk
2711 72.1 4365488 4367155 genome.dna 3140659 3138991 NC_003295.gbk
784 59.4 4373604 4372945 genome.dna 1303463 1304150 NC_003295.gbk
492 42.6 4376373 4375759 genome.dna 413288 413927 NC_003295.gbk
449 30.1 4377440 4376580 genome.dna 2871590 2872487 NC_003295.gbk
1526 61.1 4379941 4378778 genome.dna 614381 615641 NC_003295.gbk
1739 70.0 4388480 4389631 genome.dna 157560 156369 NC_003295.gbk
494 35.7 4391555 4392289 genome.dna 2974717 2975467 NC_003295.gbk
1013 47.9 4392301 4393260 genome.dna 377964 378939 NC_003295.gbk
546 44.4 4393344 4393907 genome.dna 724419 724992 NC_003295.gbk
316 40.0 4393907 4394326 genome.dna 724984 725419 NC_003295.gbk
925 46.1 4395434 4394430 genome.dna 2305210 2306227 NC_003295.gbk
1796 59.6 4395604 4396995 genome.dna 2994425 2993039 NC_003295.gbk
1765 59.7 4398393 4397095 genome.dna 1295662 1297003 NC_003295.gbk
113 34.0 4398693 4398493 genome.dna 1294152 1294353 NC_003295.gbk
436 35.3 4399815 4398820 genome.dna 1293152 1294067 NC_003295.gbk
620 35.1 4401072 4399819 genome.dna 1291795 1293139 NC_003295.gbk
1199 55.6 4402445 4401165 genome.dna 1290449 1291703 NC_003295.gbk
999 50.8 4403893 4402952 genome.dna 2773980 2774952 NC_003295.gbk
1117 37.7 4405841 4403886 genome.dna 2772062 2773973 NC_003295.gbk
391 47.2 4408042 4407560 genome.dna 2749435 2748838 NC_003295.gbk
348 39.4 4409618 4408062 genome.dna 1841264 1839668 NC_003295.gbk
1025 53.6 4409761 4410900 genome.dna 2749502 2750585 NC_003295.gbk
378 36.7 4413698 4413135 genome.dna 1770529 1769836 NC_003295.gbk
390 30.1 4419630 4418704 genome.dna 295676 294734 NC_003295.gbk
1158 49.9 4422828 4421779 genome.dna 680089 679030 NC_003295.gbk
778 64.2 4435345 4434803 genome.dna 990913 991573 NC_003295.gbk
613 36.7 4435653 4436702 genome.dna 989596 988639 NC_003295.gbk
336 31.0 4448185 4447619 genome.dna 1122056 1121489 NC_003295.gbk
1765 50.9 4451372 4449723 genome.dna 1839610 1837990 NC_003295.gbk
893 31.9 4459180 4457075 genome.dna 2937895 2935825 NC_003295.gbk
1552 43.6 4467628 4465850 genome.dna 312148 310321 NC_003295.gbk
1926 67.4 4468982 4467675 genome.dna 1447964 1449296 NC_003295.gbk
1650 49.3 4470612 4469014 genome.dna 1452101 1453691 NC_003295.gbk
385 37.3 4477982 4478530 genome.dna 1191337 1190809 NC_003295.gbk
640 41.6 4479596 4478769 genome.dna 2988611 2987690 NC_003295.gbk
663 39.1 4482321 4481200 genome.dna 78575 77369 NC_003295.gbk
597 52.7 4482450 4482959 genome.dna 80018 80528 NC_003295.gbk
762 50.3 4482986 4483933 genome.dna 82594 83578 NC_003295.gbk
967 41.2 4484001 4485290 genome.dna 85329 86655 NC_003295.gbk
322 41.4 4486815 4487225 genome.dna 3160746 3161172 NC_003295.gbk
593 70.8 4488068 4487676 genome.dna 3225930 3225531 NC_003295.gbk
1268 60.7 4489098 4488109 genome.dna 3227051 3226070 NC_003295.gbk
920 68.1 4489744 4489124 genome.dna 3227916 3227292 NC_003295.gbk
651 72.2 4490164 4489775 genome.dna 3228523 3228121 NC_003295.gbk
535 66.7 4490537 4490181 genome.dna 3228914 3228548 NC_003295.gbk
223 78.9 4490800 4490684 genome.dna 3229052 3228935 NC_003295.gbk
1902 66.8 4492165 4490834 genome.dna 3230677 3229330 NC_003295.gbk
565 62.7 4492607 4492173 genome.dna 3231141 3230709 NC_003295.gbk
200 56.4 4492790 4492611 genome.dna 3231342 3231159 NC_003295.gbk
707 65.4 4493297 4492797 genome.dna 3231883 3231364 NC_003295.gbk
417 56.8 4493665 4493312 genome.dna 3232261 3231904 NC_003295.gbk
637 55.4 4494208 4493675 genome.dna 3232806 3232272 NC_003295.gbk
563 63.4 4494614 4494222 genome.dna 3233213 3232817 NC_003295.gbk
383 57.4 4494953 4494648 genome.dna 3233546 3233240 NC_003295.gbk
856 66.7 4495506 4494967 genome.dna 3234098 3233555 NC_003295.gbk
293 48.0 4495835 4495521 genome.dna 3234433 3234124 NC_003295.gbk
619 75.6 4496217 4495846 genome.dna 3234813 3234444 NC_003295.gbk
293 57.1 4496635 4496381 genome.dna 3235350 3235080 NC_003295.gbk
207 58.3 4496826 4496635 genome.dna 3235541 3235346 NC_003295.gbk
680 75.7 4497236 4496826 genome.dna 3235970 3235553 NC_003295.gbk
999 62.8 4497950 4497249 genome.dna 3236767 3235972 NC_003295.gbk
400 60.6 4498300 4497968 genome.dna 3237106 3236776 NC_003295.gbk
479 76.9 4498593 4498315 genome.dna 3237391 3237115 NC_003295.gbk
1329 70.9 4499431 4498610 genome.dna 3238244 3237413 NC_003295.gbk
303 53.3 4499751 4499449 genome.dna 3238561 3238246 NC_003295.gbk
716 54.7 4500353 4499748 genome.dna 3239178 3238557 NC_003295.gbk
822 59.0 4500993 4500364 genome.dna 3239853 3239190 NC_003295.gbk
527 78.2 4501337 4501026 genome.dna 3240455 3240140 NC_003295.gbk
674 65.6 4502117 4501644 genome.dna 382177 382657 NC_003295.gbk
3432 73.3 4505956 4503842 genome.dna 3243944 3241832 NC_003295.gbk
687 64.1 4506523 4506053 genome.dna 3244531 3244060 NC_003295.gbk
694 83.1 4506994 4506620 genome.dna 3245095 3244717 NC_003295.gbk
395 40.7 4520431 4519847 genome.dna 1205572 1206097 NC_003295.gbk
1673 44.2 4522627 4520816 genome.dna 3335245 3333346 NC_003295.gbk
493 44.4 4523180 4522629 genome.dna 3335827 3335278 NC_003295.gbk
2108 55.0 4523306 4525213 genome.dna 1467412 1465381 NC_003295.gbk
702 38.1 4526001 4527020 genome.dna 609254 608138 NC_003295.gbk
457 51.8 4528763 4528356 genome.dna 526741 526294 NC_003295.gbk
908 41.4 4531124 4529898 genome.dna 2641356 2642556 NC_003295.gbk
847 64.7 4531820 4531245 genome.dna 3110492 3111062 NC_003295.gbk
406 32.9 4558484 4557780 genome.dna 3107826 3108567 NC_003295.gbk
999 66.2 4559154 4558477 genome.dna 3107101 3107830 NC_003295.gbk
1183 54.7 4562421 4561336 genome.dna 3202404 3201297 NC_003295.gbk
512 48.8 4562994 4562473 genome.dna 3202973 3202400 NC_003295.gbk
1570 40.1 4567199 4569754 genome.dna 3208627 3211033 NC_003295.gbk
298 38.3 4573911 4574321 genome.dna 2842959 2842563 NC_003295.gbk
317 35.8 4574406 4575275 genome.dna 1190813 1189796 NC_003295.gbk
641 34.1 4578723 4577365 genome.dna 1771912 1770550 NC_003295.gbk
1065 66.4 4579442 4578723 genome.dna 1772672 1771949 NC_003295.gbk
418 45.5 4592217 4591738 genome.dna 2334955 2334391 NC_003295.gbk
2417 61.1 4597892 4600225 genome.dna 1744605 1742265 NC_003295.gbk
247 35.1 4613483 4614184 genome.dna 389988 389265 NC_003295.gbk
755 48.4 4620311 4619553 genome.dna 3281495 3280709 NC_003295.gbk
177 33.3 4621561 4621244 genome.dna 745661 745328 NC_003295.gbk
1394 52.2 4622349 4623851 genome.dna 3281614 3283192 NC_003295.gbk
1666 66.5 4644844 4643741 genome.dna 2164613 2163509 NC_003295.gbk
595 51.1 4645142 4645735 genome.dna 3027338 3026744 NC_003295.gbk
1476 45.0 4648692 4650488 genome.dna 810520 812725 NC_003295.gbk
752 46.1 4651246 4650551 genome.dna 2392989 2392290 NC_003295.gbk
474 31.8 4657530 4658615 genome.dna 537157 536020 NC_003295.gbk
412 31.7 4660865 4661485 genome.dna 445015 445636 NC_003295.gbk
1409 47.3 4664050 4662224 genome.dna 3247446 3245532 NC_003295.gbk
823 44.8 4665855 4666784 genome.dna 613403 614300 NC_003295.gbk
874 44.1 4668986 4668036 genome.dna 2984680 2985643 NC_003295.gbk
386 31.6 4670140 4669394 genome.dna 2007949 2007157 NC_003295.gbk
1595 44.6 4672431 4670269 genome.dna 2427230 2424740 NC_003295.gbk
949 50.5 4675687 4674863 genome.dna 159638 160517 NC_003295.gbk
279 41.6 4676010 4676330 genome.dna 3211445 3211103 NC_003295.gbk
658 30.3 4677558 4676383 genome.dna 2517617 2516417 NC_003295.gbk
1066 57.0 4680620 4681561 genome.dna 2557986 2556981 NC_003295.gbk
1500 64.1 4702353 4701286 genome.dna 730140 731205 NC_003295.gbk
1961 70.1 4708658 4707399 genome.dna 1252348 1251085 NC_003295.gbk
457 60.2 4709479 4709153 genome.dna 1252868 1252541 NC_003295.gbk
1353 48.3 4714432 4712411 genome.dna 3542512 3540394 NC_003295.gbk
5815 67.6 4718921 4714953 genome.dna 3562747 3558769 NC_003295.gbk
787 42.4 4721531 4720644 genome.dna 2528356 2527456 NC_003295.gbk
1674 50.2 4728119 4726569 genome.dna 478476 476952 NC_003295.gbk
525 37.0 4729969 4728119 genome.dna 2616779 2618453 NC_003295.gbk
964 48.7 4730969 4730043 genome.dna 612002 611072 NC_003295.gbk
1078 50.6 4733613 4735139 genome.dna 371615 370082 NC_003295.gbk
712 39.5 4755209 4754301 genome.dna 2897283 2896329 NC_003295.gbk
753 43.9 4756712 4755816 genome.dna 105612 104781 NC_003295.gbk
799 40.5 4763086 4761920 genome.dna 3171657 3172734 NC_003295.gbk
1407 41.3 4770998 4773196 genome.dna 3565215 3562908 NC_003295.gbk
749 66.7 4775884 4776414 genome.dna 47462 46925 NC_003295.gbk
1911 66.6 4776424 4777755 genome.dna 46891 45559 NC_003295.gbk
433 40.5 4778952 4779437 genome.dna 1442193 1442700 NC_003295.gbk
1957 57.8 4781238 4782749 genome.dna 3289516 3291013 NC_003295.gbk
438 33.6 4784192 4784938 genome.dna 1392130 1392907 NC_003295.gbk
796 53.0 4786326 4787093 genome.dna 2237518 2236771 NC_003295.gbk
586 57.2 4834867 4834403 genome.dna 389166 388695 NC_003295.gbk
794 52.5 4837408 4836659 genome.dna 1347575 1348334 NC_003295.gbk
1252 55.9 4838481 4837408 genome.dna 1346481 1347579 NC_003295.gbk
1255 62.8 4839358 4838507 genome.dna 1345602 1346451 NC_003295.gbk
1193 59.0 4840266 4839379 genome.dna 1344709 1345591 NC_003295.gbk
1791 59.9 4841673 4840339 genome.dna 1343320 1344637 NC_003295.gbk
843 46.9 4847113 4847901 genome.dna 23937 23148 NC_003295.gbk
1060 43.5 4859267 4858077 genome.dna 250677 251886 NC_003295.gbk
717 48.1 4859998 4859297 genome.dna 2643917 2643182 NC_003295.gbk
760 46.9 4860774 4860004 genome.dna 2644700 2643926 NC_003295.gbk
568 43.3 4862045 4860771 genome.dna 2645850 2644713 NC_003295.gbk
839 45.5 4862968 4862042 genome.dna 2646799 2645863 NC_003295.gbk
616 33.8 4864237 4863125 genome.dna 2648020 2647009 NC_003295.gbk
937 53.6 4866035 4865178 genome.dna 402203 401282 NC_003295.gbk
411 42.6 4869761 4870336 genome.dna 418052 418700 NC_003295.gbk
181 34.3 4875073 4874828 genome.dna 856774 857002 NC_003295.gbk
1715 60.3 4886675 4885383 genome.dna 361145 362432 NC_003295.gbk
525 34.0 4911222 4909444 genome.dna 3151179 3149307 NC_003295.gbk
1103 59.3 4917573 4916662 genome.dna 3515009 3514082 NC_003295.gbk
997 50.2 4948910 4949932 genome.dna 1425632 1426643 NC_003295.gbk
1671 67.6 4949991 4951133 genome.dna 1426669 1427833 NC_003295.gbk
1173 64.8 4951144 4951938 genome.dna 1427844 1428639 NC_003295.gbk
984 58.8 4951935 4952735 genome.dna 1428655 1429510 NC_003295.gbk
2196 82.2 4956187 4955039 genome.dna 2964108 2962959 NC_003295.gbk
2196 82.2 4956187 4955039 genome.dna 2964108 2962959 NC_003295.gbk
2196 82.2 4956187 4955039 genome.dna 2964108 2962959 NC_003295.gbk
877 65.2 4956801 4956184 genome.dna 2964746 2964104 NC_003295.gbk
877 65.2 4956801 4956184 genome.dna 2964746 2964104 NC_003295.gbk
1209 61.8 4961520 4960612 genome.dna 2066936 2067872 NC_003295.gbk
1359 61.1 4962494 4961517 genome.dna 2065953 2066940 NC_003295.gbk
713 39.4 4964420 4963467 genome.dna 2758046 2756990 NC_003295.gbk
1469 45.5 4967043 4965493 genome.dna 49200 47607 NC_003295.gbk
2463 59.0 4981440 4979023 genome.dna 3713178 3710649 NC_003295.gbk
996 44.5 4983694 4982594 genome.dna 3714430 3713314 NC_003295.gbk
1415 48.5 4985096 4983699 genome.dna 3716276 3714707 NC_003295.gbk
205 65.9 4985770 4985910 genome.dna 485 620 NC_003295.gbk
152 33.3 4985929 4986288 genome.dna 717 1113 NC_003295.gbk
1194 38.3 4986512 4988146 genome.dna 1430 3092 NC_003295.gbk
1531 55.4 4988276 4989640 genome.dna 3221 4667 NC_003295.gbk
566 36.8 5014534 5013698 genome.dna 2449465 2450320 NC_003295.gbk
235 33.8 5015940 5016497 genome.dna 1218450 1218999 NC_003295.gbk
685 49.1 5017538 5016804 genome.dna 1637186 1637894 NC_003295.gbk
1415 80.9 5018328 5017552 genome.dna 1636354 1637146 NC_003295.gbk
1350 71.9 5019301 5018414 genome.dna 1635473 1636358 NC_003295.gbk
1603 75.3 5020260 5019301 genome.dna 1634469 1635435 NC_003295.gbk
1641 69.4 5021463 5020423 genome.dna 1633356 1634388 NC_003295.gbk
1051 64.0 5022536 5021802 genome.dna 2451751 2452501 NC_003295.gbk
819 49.8 5023303 5022533 genome.dna 2451062 2451755 NC_003295.gbk
587 43.2 5024004 5023309 genome.dna 2450364 2451060 NC_003295.gbk
1112 44.8 5026700 5027902 genome.dna 1154014 1155226 NC_003295.gbk
893 43.7 5029737 5028745 genome.dna 2353874 2352812 NC_003295.gbk
644 45.0 5034549 5033818 genome.dna 463513 464230 NC_003295.gbk
825 43.5 5036220 5035063 genome.dna 455124 453906 NC_003295.gbk
2065 53.9 5049054 5047222 genome.dna 200834 202673 NC_003295.gbk
1621 54.6 5050610 5049240 genome.dna 199353 200721 NC_003295.gbk
475 55.2 5053946 5053527 genome.dna 3579875 3579461 NC_003295.gbk
2419 80.0 5055348 5053966 genome.dna 3581368 3579964 NC_003295.gbk
1094 56.7 5056259 5055396 genome.dna 3582280 3581404 NC_003295.gbk
2342 69.4 5057853 5056312 genome.dna 3583886 3582344 NC_003295.gbk
436 42.9 5058884 5058414 genome.dna 3584968 3584497 NC_003295.gbk
629 44.3 5060037 5059237 genome.dna 3586345 3585421 NC_003295.gbk
360 38.3 5061686 5061066 genome.dna 3589890 3589218 NC_003295.gbk
2525 67.8 5063659 5061770 genome.dna 3591833 3589889 NC_003295.gbk
2052 50.0 5629 7497 genome.dna 1334501 1332659 NC_003296.gbk
611 32.9 9017 7668 genome.dna 1954619 1953302 NC_003296.gbk
607 48.7 9676 9014 genome.dna 1955366 1954625 NC_003296.gbk
394 38.9 22684 22163 genome.dna 1233198 1233720 NC_003296.gbk
985 38.5 33859 32447 genome.dna 11286 12651 NC_003296.gbk
1702 54.1 36667 35258 genome.dna 1124273 1122797 NC_003296.gbk
893 47.3 93925 92960 genome.dna 1191285 1192281 NC_003296.gbk
628 48.9 97287 96724 genome.dna 845242 845815 NC_003296.gbk
624 46.0 111355 110522 genome.dna 1330084 1330906 NC_003296.gbk
1266 59.7 117691 118689 genome.dna 2051843 2052863 NC_003296.gbk
1834 54.3 118825 120366 genome.dna 2052900 2054445 NC_003296.gbk
1107 47.9 120344 121525 genome.dna 2054450 2055647 NC_003296.gbk
479 35.0 128513 127317 genome.dna 161338 160018 NC_003296.gbk
242 31.2 133202 133855 genome.dna 513276 512613 NC_003296.gbk
592 36.6 184524 183541 genome.dna 773207 774206 NC_003296.gbk
1554 59.4 186786 187982 genome.dna 1214493 1213293 NC_003296.gbk
526 30.0 187993 189078 genome.dna 1193525 1194560 NC_003296.gbk
647 42.5 193935 194756 genome.dna 1809076 1808260 NC_003296.gbk
787 42.5 199675 198740 genome.dna 863308 864223 NC_003296.gbk
2867 59.2 199780 202044 genome.dna 863193 860862 NC_003296.gbk
243 30.7 207484 206657 genome.dna 1691463 1690746 NC_003296.gbk
243 30.7 207484 206657 genome.dna 1661273 1660556 NC_003296.gbk
1014 39.4 264271 265668 genome.dna 1241067 1239837 NC_003296.gbk
1843 60.4 306633 305290 genome.dna 1187641 1186273 NC_003296.gbk
283 35.3 307112 306645 genome.dna 1188116 1187657 NC_003296.gbk
429 51.4 307589 307137 genome.dna 1760267 1759802 NC_003296.gbk
1711 51.9 329415 330869 genome.dna 2028407 2026925 NC_003296.gbk
919 38.6 337440 336007 genome.dna 2082880 2084383 NC_003296.gbk
806 35.0 349956 348586 genome.dna 1953140 1951667 NC_003296.gbk
484 35.7 355354 354581 genome.dna 1341352 1342138 NC_003296.gbk
1125 44.7 413001 411592 genome.dna 1633430 1632008 NC_003296.gbk
1765 58.4 414371 413001 genome.dna 1634820 1633422 NC_003296.gbk
347 30.1 417112 416177 genome.dna 1621984 1621060 NC_003296.gbk
240 36.4 431880 431494 genome.dna 1673566 1673188 NC_003296.gbk
240 36.4 431880 431494 genome.dna 1703756 1703378 NC_003296.gbk
1205 43.2 440934 442553 genome.dna 1540440 1538865 NC_003296.gbk
1605 47.5 442927 444705 genome.dna 1366997 1365260 NC_003296.gbk
80 30.2 461372 460923 genome.dna 1856157 1856583 NC_003296.gbk
2117 59.7 533382 534971 genome.dna 2076408 2074806 NC_003296.gbk
449 33.0 688832 689677 genome.dna 1413134 1413947 NC_003296.gbk
1693 56.2 714970 713669 genome.dna 1054166 1055474 NC_003296.gbk
206 32.9 731959 732447 genome.dna 1460759 1460231 NC_003296.gbk
654 37.2 791451 790573 genome.dna 1220994 1220109 NC_003296.gbk
1171 51.7 792458 791463 genome.dna 1222033 1221013 NC_003296.gbk
531 31.3 812414 811260 genome.dna 1242484 1241335 NC_003296.gbk
559 40.7 858630 859340 genome.dna 611819 611144 NC_003296.gbk
576 31.3 862985 864421 genome.dna 1380515 1379150 NC_003296.gbk
813 42.1 903368 904378 genome.dna 519879 520905 NC_003296.gbk
525 34.7 909308 910588 genome.dna 1987898 1986626 NC_003296.gbk
910 42.2 933233 934465 genome.dna 649995 648666 NC_003296.gbk
127 32.8 934700 934497 genome.dna 1130149 1130362 NC_003296.gbk
1157 39.5 957805 959187 genome.dna 226588 225226 NC_003296.gbk
733 50.7 991470 992150 genome.dna 1830159 1829418 NC_003296.gbk
654 40.4 997695 996727 genome.dna 358746 357771 NC_003296.gbk
721 58.6 1002298 1002951 genome.dna 1513586 1512902 NC_003296.gbk
1485 51.2 1007112 1008650 genome.dna 1210705 1212238 NC_003296.gbk
919 48.8 1011678 1010800 genome.dna 1896795 1897680 NC_003296.gbk
456 49.7 1011943 1012413 genome.dna 1896682 1896244 NC_003296.gbk
1079 43.6 1040649 1039456 genome.dna 549538 550759 NC_003296.gbk
467 48.7 1067553 1068080 genome.dna 502722 503274 NC_003296.gbk
273 33.8 1070142 1070561 genome.dna 2048061 2047569 NC_003296.gbk
950 46.5 1116476 1115454 genome.dna 2033436 2034489 NC_003296.gbk
719 44.1 1137533 1138456 genome.dna 547452 548367 NC_003296.gbk
479 60.7 1211683 1212024 genome.dna 1741420 1741078 NC_003296.gbk
925 47.3 1215431 1214538 genome.dna 1604356 1603471 NC_003296.gbk
512 40.5 1224544 1225752 genome.dna 1113344 1111748 NC_003296.gbk
1195 52.2 1227164 1225995 genome.dna 1504564 1505641 NC_003296.gbk
1894 42.7 1229320 1227176 genome.dna 1502254 1504474 NC_003296.gbk
268 31.9 1293119 1292505 genome.dna 1969709 1970414 NC_003296.gbk
4443 64.8 1326027 1322899 genome.dna 1034479 1031317 NC_003296.gbk
1231 51.7 1327249 1326056 genome.dna 1035724 1034494 NC_003296.gbk
392 35.5 1369791 1369147 genome.dna 2041234 2041894 NC_003296.gbk
313 41.7 1374223 1373804 genome.dna 1065981 1065567 NC_003296.gbk
571 40.6 1376426 1377313 genome.dna 401077 400309 NC_003296.gbk
441 33.3 1391405 1390635 genome.dna 723621 724452 NC_003296.gbk
1215 54.9 1425057 1426040 genome.dna 764867 763793 NC_003296.gbk
535 33.9 1448107 1447133 genome.dna 1080772 1081723 NC_003296.gbk
536 54.9 1448638 1448117 genome.dna 1080266 1080776 NC_003296.gbk
345 62.7 1454201 1454428 genome.dna 1459262 1459511 NC_003296.gbk
1255 45.4 1455488 1457158 genome.dna 628629 630432 NC_003296.gbk
302 66.7 1468125 1468334 genome.dna 1334910 1335114 NC_003296.gbk
769 41.0 1487375 1486479 genome.dna 1441178 1440281 NC_003296.gbk
476 50.7 1506798 1506349 genome.dna 321183 321639 NC_003296.gbk
779 51.6 1533499 1534146 genome.dna 336036 335388 NC_003296.gbk
1215 43.0 1540513 1543320 genome.dna 1714556 1717202 NC_003296.gbk
682 32.9 1547669 1549237 genome.dna 1537131 1535682 NC_003296.gbk
4891 68.8 1567041 1563904 genome.dna 1168587 1171731 NC_003296.gbk
1129 40.0 1568519 1567038 genome.dna 1167049 1168591 NC_003296.gbk
562 30.3 1569805 1568546 genome.dna 1165748 1167053 NC_003296.gbk
1293 56.5 1573036 1572017 genome.dna 1397009 1395983 NC_003296.gbk
435 37.0 1575561 1574770 genome.dna 1453384 1452574 NC_003296.gbk
465 36.7 1576123 1576893 genome.dna 121380 122154 NC_003296.gbk
632 47.6 1576893 1577582 genome.dna 1444430 1445225 NC_003296.gbk
303 45.6 1584709 1585674 genome.dna 1959899 1958843 NC_003296.gbk
378 32.5 1587226 1588224 genome.dna 227831 226598 NC_003296.gbk
628 37.4 1607969 1609105 genome.dna 1287348 1286202 NC_003296.gbk
386 44.6 1609114 1609548 genome.dna 1286206 1285768 NC_003296.gbk
1379 38.9 1609565 1611733 genome.dna 1285730 1283474 NC_003296.gbk
673 42.7 1621487 1622377 genome.dna 1130345 1131266 NC_003296.gbk
824 42.0 1622382 1623413 genome.dna 1131276 1132293 NC_003296.gbk
289 36.7 1626767 1627393 genome.dna 1276919 1276406 NC_003296.gbk
2075 61.0 1652381 1653892 genome.dna 1337099 1335599 NC_003296.gbk
867 34.1 1683506 1681842 genome.dna 779243 777575 NC_003296.gbk
610 36.9 1749793 1748900 genome.dna 429739 428803 NC_003296.gbk
1121 59.9 1773723 1772857 genome.dna 1890633 1891530 NC_003296.gbk
1080 66.4 1774549 1773683 genome.dna 1889858 1890644 NC_003296.gbk
928 44.0 1775629 1774607 genome.dna 1891577 1892618 NC_003296.gbk
768 40.7 1779652 1780665 genome.dna 822243 823260 NC_003296.gbk
1442 47.8 1803146 1801686 genome.dna 264569 263087 NC_003296.gbk
372 36.3 1819842 1820456 genome.dna 1028982 1028358 NC_003296.gbk
1184 60.6 1825190 1826161 genome.dna 730953 731895 NC_003296.gbk
340 39.0 1858446 1858988 genome.dna 1991995 1992463 NC_003296.gbk
707 40.1 1859923 1859015 genome.dna 1997969 1998860 NC_003296.gbk
680 42.4 1903087 1902248 genome.dna 1547820 1548648 NC_003296.gbk
340 55.7 1903356 1903090 genome.dna 699423 699690 NC_003296.gbk
306 42.3 1934361 1934720 genome.dna 1777591 1777273 NC_003296.gbk
650 49.2 1934724 1935302 genome.dna 1777199 1776638 NC_003296.gbk
1211 62.5 1935437 1936324 genome.dna 1776186 1775325 NC_003296.gbk
1770 54.4 1937404 1939404 genome.dna 1773820 1771639 NC_003296.gbk
677 73.0 1939436 1939933 genome.dna 1771570 1771078 NC_003296.gbk
1004 57.9 1942291 1943163 genome.dna 1768468 1767589 NC_003296.gbk
900 62.5 1943163 1944215 genome.dna 1766871 1765725 NC_003296.gbk
630 77.5 1944254 1944643 genome.dna 1765551 1765149 NC_003296.gbk
702 53.8 1944653 1945297 genome.dna 1765150 1764487 NC_003296.gbk
1107 47.5 1945543 1946694 genome.dna 1757463 1756299 NC_003296.gbk
2778 60.5 1946687 1948771 genome.dna 1756093 1754002 NC_003296.gbk
155 32.7 1950000 1949704 genome.dna 446801 446480 NC_003296.gbk
241 42.9 1950974 1951390 genome.dna 448178 448676 NC_003296.gbk
527 63.0 1951419 1951823 genome.dna 448837 449245 NC_003296.gbk
556 42.4 1951839 1952513 genome.dna 449274 449940 NC_003296.gbk
664 42.5 1952589 1953806 genome.dna 449979 451185 NC_003296.gbk
740 48.2 1953828 1954583 genome.dna 451198 451936 NC_003296.gbk
1199 68.5 1954611 1955393 genome.dna 451976 452759 NC_003296.gbk
708 51.5 1955568 1956287 genome.dna 452791 453526 NC_003296.gbk
1309 59.2 1956304 1957413 genome.dna 453548 454658 NC_003296.gbk
557 39.6 1957413 1958375 genome.dna 454685 455771 NC_003296.gbk
989 34.6 1958502 1960208 genome.dna 455887 457816 NC_003296.gbk
633 36.0 1962314 1961529 genome.dna 479497 478708 NC_003296.gbk
307 47.7 1962586 1962317 genome.dna 479794 479524 NC_003296.gbk
1067 68.9 1963383 1962607 genome.dna 480560 479810 NC_003296.gbk
240 41.6 1963802 1963380 genome.dna 480949 480556 NC_003296.gbk
449 56.1 1964215 1963802 genome.dna 481476 481005 NC_003296.gbk
1120 49.4 1965221 1964208 genome.dna 482473 481465 NC_003296.gbk
301 35.7 1965712 1965227 genome.dna 482969 482474 NC_003296.gbk
278 32.2 1967603 1967157 genome.dna 499182 499650 NC_003296.gbk
1696 62.4 1968985 1967612 genome.dna 497637 499083 NC_003296.gbk
321 32.3 1969704 1968982 genome.dna 496901 497648 NC_003296.gbk
1058 51.8 1970689 1969697 genome.dna 495873 496866 NC_003296.gbk
1495 44.5 1972410 1970686 genome.dna 494041 495877 NC_003296.gbk
246 45.1 1972671 1972985 genome.dna 493806 493473 NC_003296.gbk
387 52.5 1974025 1973615 genome.dna 489351 489774 NC_003296.gbk
425 41.8 1975728 1976600 genome.dna 486216 487038 NC_003296.gbk
815 53.0 1986118 1986840 genome.dna 1751366 1750604 NC_003296.gbk
1076 36.9 1993342 1994814 genome.dna 1127110 1128577 NC_003296.gbk
1373 45.1 2018184 2019848 genome.dna 1712725 1714357 NC_003296.gbk
1023 36.7 2022455 2024023 genome.dna 339206 337550 NC_003296.gbk
343 35.7 2030910 2030332 genome.dna 1573460 1574048 NC_003296.gbk
103 30.4 2031491 2030937 genome.dna 1603272 1602765 NC_003296.gbk
178 38.4 2044934 2045170 genome.dna 2073765 2074029 NC_003296.gbk
693 49.5 2071740 2072447 genome.dna 1842827 1843610 NC_003296.gbk
2444 59.9 2083361 2081520 genome.dna 1962416 1964246 NC_003296.gbk
151 32.5 2085741 2085214 genome.dna 1192289 1192760 NC_003296.gbk
1296 45.3 2086038 2087372 genome.dna 1510863 1512216 NC_003296.gbk
732 38.8 2093620 2092571 genome.dna 315841 314698 NC_003296.gbk
1303 52.4 2183367 2182216 genome.dna 1819887 1821054 NC_003296.gbk
150 35.3 2188917 2189354 genome.dna 2063975 2064392 NC_003296.gbk
487 39.3 2191939 2192622 genome.dna 864959 864317 NC_003296.gbk
1204 45.0 2198282 2200954 genome.dna 431260 433894 NC_003296.gbk
212 59.0 2218041 2217826 genome.dna 438408 438612 NC_003296.gbk
2813 57.0 2227418 2225106 genome.dna 1327500 1329840 NC_003296.gbk
495 42.3 2275290 2274685 genome.dna 1594159 1594786 NC_003296.gbk
627 43.1 2287139 2286402 genome.dna 1156741 1157521 NC_003296.gbk
573 43.4 2306210 2305560 genome.dna 1235772 1236441 NC_003296.gbk
1587 50.4 2308348 2309736 genome.dna 1224972 1226358 NC_003296.gbk
6105 67.3 2310451 2314227 genome.dna 1226526 1230264 NC_003296.gbk
2601 68.6 2314227 2315807 genome.dna 1230260 1231808 NC_003296.gbk
376 38.3 2315800 2316519 genome.dna 1231825 1232506 NC_003296.gbk
714 48.9 2316519 2317223 genome.dna 1232513 1233197 NC_003296.gbk
1509 73.1 2322430 2321456 genome.dna 1899117 1898145 NC_003296.gbk
648 49.0 2322658 2323281 genome.dna 1899758 1899113 NC_003296.gbk
1216 45.3 2348505 2346979 genome.dna 1770910 1769083 NC_003296.gbk
663 35.4 2366723 2365644 genome.dna 1092814 1091740 NC_003296.gbk
558 40.1 2368465 2367812 genome.dna 1087977 1087323 NC_003296.gbk
1260 48.0 2371991 2370621 genome.dna 1096297 1097617 NC_003296.gbk
1468 38.8 2375035 2372933 genome.dna 1091722 1089649 NC_003296.gbk
342 34.0 2378840 2379481 genome.dna 485824 485191 NC_003296.gbk
451 37.7 2383611 2384378 genome.dna 1093975 1094785 NC_003296.gbk
139 38.6 2397840 2398106 genome.dna 640920 640653 NC_003296.gbk
809 36.3 2477692 2478756 genome.dna 1418821 1419910 NC_003296.gbk
285 36.5 2538647 2539090 genome.dna 415791 415347 NC_003296.gbk
1600 54.9 2540511 2541806 genome.dna 955609 956953 NC_003296.gbk
540 38.6 2542867 2544249 genome.dna 1795807 1794502 NC_003296.gbk
824 31.7 2556170 2554698 genome.dna 1592977 1591414 NC_003296.gbk
752 42.4 2559421 2558525 genome.dna 1676795 1675874 NC_003296.gbk
752 42.4 2559421 2558525 genome.dna 1706985 1706064 NC_003296.gbk
2296 74.5 2563367 2561970 genome.dna 1619424 1620810 NC_003296.gbk
510 56.8 2569222 2568764 genome.dna 1812535 1813012 NC_003296.gbk
1117 51.9 2571743 2570592 genome.dna 1344606 1343454 NC_003296.gbk
551 44.0 2595969 2596559 genome.dna 748315 747712 NC_003296.gbk
855 49.1 2639766 2638855 genome.dna 6802 7768 NC_003296.gbk
642 36.9 2642732 2643580 genome.dna 75363 74490 NC_003296.gbk
1540 51.1 2691006 2692370 genome.dna 48979 50365 NC_003296.gbk
528 43.8 2693565 2694197 genome.dna 1447002 1447629 NC_003296.gbk
341 32.5 2694345 2695058 genome.dna 840433 839794 NC_003296.gbk
1833 54.6 2696737 2695181 genome.dna 1477716 1476135 NC_003296.gbk
631 42.3 2712101 2712862 genome.dna 1192731 1193508 NC_003296.gbk
1368 54.9 2771476 2770376 genome.dna 521628 522864 NC_003296.gbk
113 32.9 2771944 2772576 genome.dna 28333 27853 NC_003296.gbk
701 50.0 2793288 2792647 genome.dna 1512242 1512869 NC_003296.gbk
1515 46.7 2794931 2793456 genome.dna 1962053 1960583 NC_003296.gbk
484 36.0 2795320 2796189 genome.dna 1957993 1958827 NC_003296.gbk
1086 41.3 2796565 2798007 genome.dna 1824191 1822772 NC_003296.gbk
1406 48.2 2847990 2846431 genome.dna 1394360 1392818 NC_003296.gbk
445 44.4 2981911 2981417 genome.dna 1737972 1738431 NC_003296.gbk
296 62.7 2993630 2993851 genome.dna 3323 3119 NC_003296.gbk
402 30.6 2998826 2999851 genome.dna 72288 73437 NC_003296.gbk
1724 65.9 3050037 3051158 genome.dna 79045 80152 NC_003296.gbk
673 32.5 3105774 3104605 genome.dna 847105 845824 NC_003296.gbk
379 31.2 3109585 3110331 genome.dna 603003 602235 NC_003296.gbk
614 31.2 3166195 3167499 genome.dna 1338474 1337136 NC_003296.gbk
595 36.6 3193197 3192250 genome.dna 1257170 1258091 NC_003296.gbk
691 31.3 3276884 3278356 genome.dna 555923 554435 NC_003296.gbk
448 32.4 3324257 3325147 genome.dna 22882 21973 NC_003296.gbk
2595 50.2 3339478 3336770 genome.dna 1552312 1549570 NC_003296.gbk
780 37.8 3418053 3418931 genome.dna 2058763 2057869 NC_003296.gbk
1126 47.1 3421622 3420405 genome.dna 463580 462365 NC_003296.gbk
217 31.9 3430851 3431399 genome.dna 1882538 1882016 NC_003296.gbk
1364 32.7 3432966 3435347 genome.dna 1881210 1878849 NC_003296.gbk
2269 67.0 3443783 3442200 genome.dna 1026497 1028123 NC_003296.gbk
316 41.5 3465394 3464954 genome.dna 585302 584867 NC_003296.gbk
817 46.0 3479267 3480127 genome.dna 903034 903907 NC_003296.gbk
1236 58.5 3500028 3499135 genome.dna 1850802 1851696 NC_003296.gbk
590 32.0 3512886 3511738 genome.dna 1269864 1268676 NC_003296.gbk
748 77.3 3537011 3536586 genome.dna 1401781 1402207 NC_003296.gbk
506 56.2 3537641 3537204 genome.dna 1401174 1401636 NC_003296.gbk
545 35.2 3542091 3543101 genome.dna 2057796 2056728 NC_003296.gbk
1150 46.3 3559135 3560370 genome.dna 1519170 1520520 NC_003296.gbk
4470 67.7 3560370 3563492 genome.dna 1520569 1523695 NC_003296.gbk
4258 65.0 3563489 3566569 genome.dna 1523691 1526793 NC_003296.gbk
1558 51.0 3566972 3568372 genome.dna 1619205 1617774 NC_003296.gbk
1084 41.1 3568380 3569747 genome.dna 1463076 1461537 NC_003296.gbk
913 59.4 3569781 3570509 genome.dna 1461554 1460894 NC_003296.gbk
943 58.6 3583245 3582508 genome.dna 232738 233530 NC_003296.gbk
863 39.5 3621177 3619963 genome.dna 213874 215044 NC_003296.gbk
181 31.8 3640872 3640534 genome.dna 663868 664192 NC_003296.gbk
932 42.8 3689812 3691413 genome.dna 1598473 1600084 NC_003296.gbk
621 40.7 3700404 3701453 genome.dna 1852286 1853291 NC_003296.gbk
579 45.4 3737076 3737717 genome.dna 128942 129587 NC_003296.gbk
841 39.9 3792868 3791666 genome.dna 88512 87312 NC_003296.gbk
136 33.0 3800157 3799873 genome.dna 1938581 1938266 NC_003296.gbk
954 48.6 3803930 3802908 genome.dna 98794 99838 NC_003296.gbk
1126 45.1 3854898 3852301 genome.dna 939181 941899 NC_003296.gbk
321 30.5 3861516 3859750 genome.dna 936243 938094 NC_003296.gbk
1330 41.7 3863434 3861956 genome.dna 933564 935055 NC_003296.gbk
251 31.2 3863969 3863466 genome.dna 933059 933572 NC_003296.gbk
1190 45.3 3866442 3865039 genome.dna 1031306 1029830 NC_003296.gbk
3880 55.7 3869582 3866439 genome.dna 411115 407965 NC_003296.gbk
1185 48.8 3921930 3923132 genome.dna 75829 76987 NC_003296.gbk
364 35.1 3926632 3927213 genome.dna 401798 401198 NC_003296.gbk
436 33.5 3932105 3933280 genome.dna 552792 551700 NC_003296.gbk
1982 72.5 3945541 3944261 genome.dna 86415 85101 NC_003296.gbk
516 43.8 3967961 3967344 genome.dna 208429 207811 NC_003296.gbk
619 35.9 3988169 3987237 genome.dna 879578 880544 NC_003296.gbk
615 37.1 4013697 4012813 genome.dna 826198 825301 NC_003296.gbk
738 44.3 4014558 4013788 genome.dna 2030340 2029557 NC_003296.gbk
1977 65.3 4015967 4014627 genome.dna 1047302 1048640 NC_003296.gbk
2078 67.2 4019314 4017962 genome.dna 1045931 1047284 NC_003296.gbk
2439 68.2 4019875 4021449 genome.dna 1048690 1050292 NC_003296.gbk
1631 51.5 4022115 4023650 genome.dna 1559762 1558217 NC_003296.gbk
742 50.5 4056533 4057198 genome.dna 1210540 1209868 NC_003296.gbk
1631 64.1 4064375 4065496 genome.dna 889360 888220 NC_003296.gbk
774 58.7 4065493 4066116 genome.dna 888224 887600 NC_003296.gbk
326 34.9 4067878 4067480 genome.dna 1647136 1646710 NC_003296.gbk
428 35.3 4076900 4077613 genome.dna 871178 870497 NC_003296.gbk
392 38.9 4078582 4079136 genome.dna 1746359 1746911 NC_003296.gbk
106 41.5 4086196 4086327 genome.dna 1540735 1540876 NC_003296.gbk
662 38.2 4104376 4103468 genome.dna 1147821 1148751 NC_003296.gbk
1843 49.0 4141061 4142812 genome.dna 1837829 1836104 NC_003296.gbk
4210 72.6 4221505 4218908 genome.dna 437662 435070 NC_003296.gbk
733 41.3 4283764 4284855 genome.dna 2029524 2028438 NC_003296.gbk
415 36.2 4289018 4288182 genome.dna 873163 873988 NC_003296.gbk
829 42.7 4295557 4296462 genome.dna 1405189 1404241 NC_003296.gbk
968 34.0 4345514 4343607 genome.dna 650160 651942 NC_003296.gbk
2224 63.1 4413004 4411424 genome.dna 319170 320745 NC_003296.gbk
797 58.8 4413698 4413135 genome.dna 318490 319054 NC_003296.gbk
1283 54.3 4422828 4421779 genome.dna 1422003 1420935 NC_003296.gbk
329 30.9 4479596 4478769 genome.dna 1761358 1760410 NC_003296.gbk
3430 73.6 4505956 4503842 genome.dna 1015954 1013851 NC_003296.gbk
1531 55.3 4514011 4512740 genome.dna 62004 63279 NC_003296.gbk
350 53.7 4549526 4549894 genome.dna 1553902 1553560 NC_003296.gbk
176 31.0 4558484 4557780 genome.dna 606509 605891 NC_003296.gbk
500 30.1 4578723 4577365 genome.dna 1518202 1516906 NC_003296.gbk
761 50.9 4579442 4578723 genome.dna 1518908 1518170 NC_003296.gbk
519 56.0 4580184 4579774 genome.dna 523309 522868 NC_003296.gbk
2406 51.1 4588553 4586358 genome.dna 525698 523457 NC_003296.gbk
948 30.3 4616966 4614891 genome.dna 298464 296139 NC_003296.gbk
1177 42.3 4634257 4632818 genome.dna 314317 312691 NC_003296.gbk
1509 49.4 4637576 4635600 genome.dna 302590 300325 NC_003296.gbk
2589 54.4 4639754 4637577 genome.dna 305510 303182 NC_003296.gbk
351 32.7 4660865 4661485 genome.dna 1672440 1673061 NC_003296.gbk
351 32.7 4660865 4661485 genome.dna 1702630 1703251 NC_003296.gbk
618 32.5 4672431 4670269 genome.dna 1613930 1616063 NC_003296.gbk
643 31.1 4677558 4676383 genome.dna 543704 542504 NC_003296.gbk
1697 63.7 4703612 4702350 genome.dna 1282079 1280807 NC_003296.gbk
1699 68.2 4704862 4703738 genome.dna 1283245 1282105 NC_003296.gbk
867 47.5 4721531 4720644 genome.dna 1446899 1446002 NC_003296.gbk
414 33.5 4730969 4730043 genome.dna 1676986 1678051 NC_003296.gbk
414 33.5 4730969 4730043 genome.dna 1707176 1708241 NC_003296.gbk
232 32.6 4792551 4792997 genome.dna 1437473 1437041 NC_003296.gbk
1475 31.7 4792990 4797273 genome.dna 1437028 1432474 NC_003296.gbk
751 50.8 4859998 4859297 genome.dna 21178 21904 NC_003296.gbk
741 46.6 4860774 4860004 genome.dna 20384 21182 NC_003296.gbk
445 36.3 4862968 4862042 genome.dna 18585 19467 NC_003296.gbk
629 30.2 4864237 4863125 genome.dna 1997453 1996310 NC_003296.gbk
925 37.5 4872230 4874593 genome.dna 416985 419340 NC_003296.gbk
345 31.5 4882515 4883447 genome.dna 1506577 1505647 NC_003296.gbk
1554 53.6 4886675 4885383 genome.dna 1255823 1254479 NC_003296.gbk
2033 55.3 4911222 4909444 genome.dna 354493 356230 NC_003296.gbk
824 42.3 4948910 4949932 genome.dna 1742385 1743390 NC_003296.gbk
405 30.2 4992272 4991421 genome.dna 1066111 1066978 NC_003296.gbk
1468 50.8 4994663 4993335 genome.dna 374518 375793 NC_003296.gbk
1468 50.8 4994663 4993335 genome.dna 374518 375793 NC_003296.gbk
1819 45.1 4996675 4994660 genome.dna 372340 374515 NC_003296.gbk
728 30.1 5001994 5003496 genome.dna 1782522 1781118 NC_003296.gbk
838 59.1 5004263 5003604 genome.dna 860113 860785 NC_003296.gbk
375 46.2 5004619 5004260 genome.dna 859736 860114 NC_003296.gbk
1014 69.9 5005309 5004638 genome.dna 859010 859694 NC_003296.gbk
1473 50.2 5010680 5009268 genome.dna 2094234 2092929 NC_003296.gbk
283 31.7 5015940 5016497 genome.dna 1214664 1215213 NC_003296.gbk
1197 73.9 5022536 5021802 genome.dna 1181016 1180281 NC_003296.gbk
963 60.3 5023303 5022533 genome.dna 1181784 1181037 NC_003296.gbk
803 54.3 5024004 5023309 genome.dna 1182489 1181787 NC_003296.gbk
1180 70.6 5024777 5024025 genome.dna 1183254 1182501 NC_003296.gbk
1132 57.1 5026353 5025430 genome.dna 1189146 1188204 NC_003296.gbk
1193 46.8 5026700 5027902 genome.dna 1189326 1190535 NC_003296.gbk
843 51.4 5028745 5027972 genome.dna 1184154 1183371 NC_003296.gbk
1045 47.8 5029737 5028745 genome.dna 1185592 1184599 NC_003296.gbk
659 43.5 5030435 5029734 genome.dna 1186257 1185588 NC_003296.gbk
1021 53.4 5031278 5030439 genome.dna 1180220 1179377 NC_003296.gbk
1658 60.3 5033818 5032592 genome.dna 464860 463633 NC_003296.gbk
1009 62.1 5034549 5033818 genome.dna 465588 464859 NC_003296.gbk
240 35.2 5035070 5034588 genome.dna 466061 465584 NC_003296.gbk
1056 45.9 5036220 5035063 genome.dna 467251 466063 NC_003296.gbk
476 54.6 5040111 5039689 genome.dna 470719 470284 NC_003296.gbk
1180 46.6 5041826 5040111 genome.dna 473998 472294 NC_003296.gbk
363 39.2 5044123 5043545 genome.dna 476306 475688 NC_003296.gbk
250 49.4 5044387 5044136 genome.dna 476556 476310 NC_003296.gbk
251 42.4 5044671 5044405 genome.dna 476852 476594 NC_003296.gbk
456 34.1 5045479 5044691 genome.dna 477633 476826 NC_003296.gbk
420 44.3 5053946 5053527 genome.dna 1020698 1021118 NC_003296.gbk
