740 38.6 23805 24800 genome.dna 2536842 2537889 NC_004342.gbk
1603 40.5 25826 28615 genome.dna 3576610 3579364 NC_004342.gbk
293 37.0 29669 29034 genome.dna 155826 155172 NC_004342.gbk
1542 50.5 36667 35258 genome.dna 1306525 1307947 NC_004342.gbk
2068 53.4 37037 38860 genome.dna 1371844 1373665 NC_004342.gbk
1204 38.0 47188 45107 genome.dna 3918426 3920601 NC_004342.gbk
1503 40.3 49985 47886 genome.dna 3062340 3060297 NC_004342.gbk
1214 40.2 70479 68437 genome.dna 2609953 2607997 NC_004342.gbk
661 30.7 77642 78994 genome.dna 2086262 2084879 NC_004342.gbk
693 52.8 97287 96724 genome.dna 3796251 3795645 NC_004342.gbk
449 30.4 124086 125432 genome.dna 4137547 4138759 NC_004342.gbk
478 32.5 130095 131123 genome.dna 3895969 3895003 NC_004342.gbk
330 38.6 165569 165111 genome.dna 1122706 1123144 NC_004342.gbk
527 50.0 170854 170375 genome.dna 4138755 4139238 NC_004342.gbk
464 33.7 174074 173307 genome.dna 649106 648344 NC_004342.gbk
724 41.5 186544 185612 genome.dna 2304669 2303688 NC_004342.gbk
870 41.5 192775 193791 genome.dna 3915422 3914414 NC_004342.gbk
374 33.7 217784 218788 genome.dna 2150599 2149582 NC_004342.gbk
1115 41.0 219661 221034 genome.dna 2045720 2047133 NC_004342.gbk
117 30.3 226078 226338 genome.dna 1897098 1896825 NC_004342.gbk
1943 71.7 250357 251541 genome.dna 760746 761952 NC_004342.gbk
498 40.6 252164 252709 genome.dna 3387687 3387141 NC_004342.gbk
576 62.1 252872 253300 genome.dna 3387115 3386686 NC_004342.gbk
697 48.2 253304 254008 genome.dna 3386680 3385987 NC_004342.gbk
332 46.4 254890 255255 genome.dna 3385377 3384993 NC_004342.gbk
1455 42.9 255584 259612 genome.dna 3384771 3381090 NC_004342.gbk
2281 48.8 259736 263959 genome.dna 3381087 3376872 NC_004342.gbk
1165 43.2 280242 278956 genome.dna 3731930 3733211 NC_004342.gbk
1028 49.4 281849 280260 genome.dna 2260242 2261778 NC_004342.gbk
612 36.1 301263 300298 genome.dna 11072 12062 NC_004342.gbk
1361 47.4 306633 305290 genome.dna 2718400 2716936 NC_004342.gbk
1272 59.4 313270 314313 genome.dna 2739991 2738968 NC_004342.gbk
308 32.6 315964 316557 genome.dna 20688 20124 NC_004342.gbk
996 37.0 321945 323390 genome.dna 2154993 2156379 NC_004342.gbk
204 32.7 335599 335126 genome.dna 635988 636471 NC_004342.gbk
917 34.1 337440 336007 genome.dna 2374187 2372765 NC_004342.gbk
837 53.1 338215 337490 genome.dna 2374909 2374183 NC_004342.gbk
755 38.9 340994 339921 genome.dna 49804 48835 NC_004342.gbk
591 37.3 342391 343203 genome.dna 2029702 2028934 NC_004342.gbk
459 32.2 343211 343993 genome.dna 2030485 2029705 NC_004342.gbk
524 36.0 345980 347242 genome.dna 4050559 4051858 NC_004342.gbk
522 56.0 352201 352629 genome.dna 3371168 3370718 NC_004342.gbk
377 46.9 352645 353037 genome.dna 3370729 3370309 NC_004342.gbk
432 31.9 355354 354581 genome.dna 1428114 1428885 NC_004342.gbk
2425 42.9 361542 357046 genome.dna 950161 954658 NC_004342.gbk
482 35.4 372605 373492 genome.dna 2971314 2972067 NC_004342.gbk
708 42.7 374918 375703 genome.dna 3531500 3532274 NC_004342.gbk
775 47.2 399153 398326 genome.dna 3153462 3154299 NC_004342.gbk
744 41.4 433394 432459 genome.dna 788920 787957 NC_004342.gbk
429 31.1 435364 434357 genome.dna 2821586 2822522 NC_004342.gbk
832 44.2 460910 458055 genome.dna 3729535 3731941 NC_004342.gbk
896 36.9 463248 461737 genome.dna 3402440 3400952 NC_004342.gbk
1041 37.0 525365 524040 genome.dna 2672699 2671409 NC_004342.gbk
1190 40.9 530287 528905 genome.dna 2888508 2887128 NC_004342.gbk
1416 45.1 533382 534971 genome.dna 2715888 2714115 NC_004342.gbk
1389 50.6 661026 659713 genome.dna 291018 292272 NC_004342.gbk
234 30.6 692962 692627 genome.dna 3566803 3567124 NC_004342.gbk
223 43.8 697176 697469 genome.dna 2638432 2638723 NC_004342.gbk
2209 63.9 697515 699164 genome.dna 2638737 2640378 NC_004342.gbk
346 37.9 704061 704669 genome.dna 1448243 1448864 NC_004342.gbk
1516 40.0 731182 729131 genome.dna 2178674 2176664 NC_004342.gbk
1185 40.1 753122 751287 genome.dna 2212953 2214711 NC_004342.gbk
766 38.8 755628 756641 genome.dna 1450575 1451592 NC_004342.gbk
217 30.1 761608 761919 genome.dna 849192 849507 NC_004342.gbk
393 81.7 761939 762196 genome.dna 849819 850074 NC_004342.gbk
884 45.2 763509 764681 genome.dna 850188 851259 NC_004342.gbk
1996 51.8 768185 770122 genome.dna 3781941 3779973 NC_004342.gbk
184 34.9 772670 773002 genome.dna 1694016 1693620 NC_004342.gbk
183 31.0 782083 782481 genome.dna 939739 940093 NC_004342.gbk
323 54.0 783547 783816 genome.dna 941006 941297 NC_004342.gbk
2006 46.4 784066 786186 genome.dna 941308 943405 NC_004342.gbk
203 32.0 803045 802602 genome.dna 3538525 3538975 NC_004342.gbk
649 33.5 812975 814090 genome.dna 356331 355116 NC_004342.gbk
348 44.7 814149 814541 genome.dna 355099 354706 NC_004342.gbk
3685 56.7 814656 817529 genome.dna 354667 351772 NC_004342.gbk
716 36.2 839867 840766 genome.dna 2457393 2456496 NC_004342.gbk
1615 50.4 844582 846099 genome.dna 1973395 1971907 NC_004342.gbk
1357 49.2 909308 910588 genome.dna 2036236 2034931 NC_004342.gbk
357 40.4 927840 927358 genome.dna 1293292 1293775 NC_004342.gbk
408 30.1 931102 929441 genome.dna 2300956 2299249 NC_004342.gbk
314 37.1 957261 956803 genome.dna 362335 362773 NC_004342.gbk
524 38.8 991470 992150 genome.dna 1988798 1989521 NC_004342.gbk
1065 34.9 995970 994243 genome.dna 2283349 2285182 NC_004342.gbk
810 50.5 997695 996727 genome.dna 1708306 1709236 NC_004342.gbk
354 30.7 1013085 1012423 genome.dna 275429 276116 NC_004342.gbk
530 31.0 1024600 1025622 genome.dna 3318084 3317037 NC_004342.gbk
760 51.3 1094877 1094161 genome.dna 1212095 1211249 NC_004342.gbk
314 33.3 1096541 1097074 genome.dna 3950959 3950470 NC_004342.gbk
282 37.1 1138546 1138941 genome.dna 4294163 4294550 NC_004342.gbk
810 48.4 1154052 1153258 genome.dna 2434459 2433700 NC_004342.gbk
307 31.1 1155257 1156108 genome.dna 3266657 3266057 NC_004342.gbk
760 48.7 1156279 1157004 genome.dna 3266054 3265307 NC_004342.gbk
528 43.1 1157130 1157687 genome.dna 3265318 3264763 NC_004342.gbk
589 40.2 1157925 1159121 genome.dna 3263135 3261959 NC_004342.gbk
642 40.3 1159320 1160081 genome.dna 3264762 3264036 NC_004342.gbk
658 40.6 1167032 1167820 genome.dna 3925118 3924338 NC_004342.gbk
681 35.5 1167824 1168975 genome.dna 1098489 1097193 NC_004342.gbk
2083 35.1 1169670 1173152 genome.dna 252764 256286 NC_004342.gbk
1173 35.3 1180703 1178139 genome.dna 2118311 2115764 NC_004342.gbk
143 31.1 1216657 1216205 genome.dna 1417732 1417357 NC_004342.gbk
215 38.0 1250762 1251046 genome.dna 979446 979125 NC_004342.gbk
585 39.9 1260789 1261478 genome.dna 4069395 4070097 NC_004342.gbk
698 53.1 1270601 1269999 genome.dna 2791590 2791008 NC_004342.gbk
1025 41.1 1272920 1274065 genome.dna 3072282 3073407 NC_004342.gbk
603 30.1 1274535 1276382 genome.dna 1146814 1148719 NC_004342.gbk
485 56.5 1280201 1280677 genome.dna 461276 461732 NC_004342.gbk
237 36.2 1280702 1281121 genome.dna 461732 462149 NC_004342.gbk
425 34.6 1281190 1282170 genome.dna 3372825 3373749 NC_004342.gbk
1615 43.7 1284598 1282733 genome.dna 3253507 3251602 NC_004342.gbk
381 38.9 1285528 1284617 genome.dna 323650 324649 NC_004342.gbk
316 32.4 1288101 1287511 genome.dna 2234055 2234601 NC_004342.gbk
370 35.2 1289161 1289652 genome.dna 3367296 3366804 NC_004342.gbk
494 32.9 1292157 1291267 genome.dna 234654 233784 NC_004342.gbk
142 33.3 1298919 1299233 genome.dna 2083170 2082906 NC_004342.gbk
839 60.8 1301367 1301990 genome.dna 2543890 2543293 NC_004342.gbk
1581 59.0 1302154 1303428 genome.dna 2543283 2542020 NC_004342.gbk
1826 39.6 1303620 1306001 genome.dna 3542982 3545502 NC_004342.gbk
552 43.1 1310544 1309849 genome.dna 331661 332390 NC_004342.gbk
1157 45.8 1316909 1318201 genome.dna 3770038 3771331 NC_004342.gbk
211 32.1 1332403 1332732 genome.dna 4306112 4306460 NC_004342.gbk
526 42.4 1332732 1333337 genome.dna 4306440 4307046 NC_004342.gbk
450 40.6 1335658 1336302 genome.dna 772553 773117 NC_004342.gbk
1646 38.5 1356196 1353473 genome.dna 601541 603761 NC_004342.gbk
643 33.3 1358126 1357212 genome.dna 2044645 2043697 NC_004342.gbk
1594 45.8 1363499 1366138 genome.dna 8563 11068 NC_004342.gbk
356 34.7 1392117 1391434 genome.dna 2546043 2545410 NC_004342.gbk
456 35.8 1426894 1426256 genome.dna 2259612 2260239 NC_004342.gbk
1032 47.4 1427931 1426894 genome.dna 2909572 2908444 NC_004342.gbk
488 46.5 1433876 1433409 genome.dna 3402916 3402436 NC_004342.gbk
781 44.0 1434853 1435731 genome.dna 3272459 3271535 NC_004342.gbk
200 30.0 1436929 1437642 genome.dna 3477083 3476225 NC_004342.gbk
1059 44.5 1458435 1457257 genome.dna 456144 457326 NC_004342.gbk
294 43.2 1468782 1468399 genome.dna 3741093 3741477 NC_004342.gbk
891 47.2 1470427 1469462 genome.dna 2268894 2269800 NC_004342.gbk
429 37.1 1483266 1480684 genome.dna 3668370 3670857 NC_004342.gbk
1069 38.5 1493774 1492350 genome.dna 1107514 1108864 NC_004342.gbk
336 40.3 1506798 1506349 genome.dna 3071803 3072286 NC_004342.gbk
682 47.1 1515559 1514879 genome.dna 3088324 3087640 NC_004342.gbk
782 33.7 1518297 1515565 genome.dna 3090940 3088327 NC_004342.gbk
427 40.9 1519100 1518525 genome.dna 3091560 3090936 NC_004342.gbk
2299 59.4 1521264 1519120 genome.dna 3093599 3091505 NC_004342.gbk
1782 51.2 1522968 1521280 genome.dna 3095283 3093609 NC_004342.gbk
1501 52.3 1536355 1535069 genome.dna 799682 798392 NC_004342.gbk
2668 43.8 1540513 1543320 genome.dna 1226753 1229516 NC_004342.gbk
945 46.9 1543336 1544562 genome.dna 1224053 1225313 NC_004342.gbk
1226 50.5 1544898 1546064 genome.dna 1104964 1103791 NC_004342.gbk
1196 60.0 1546064 1546936 genome.dna 1103779 1102903 NC_004342.gbk
641 32.4 1561588 1560626 genome.dna 2196748 2195794 NC_004342.gbk
1871 32.4 1567041 1563904 genome.dna 1544448 1541151 NC_004342.gbk
626 39.2 1573036 1572017 genome.dna 3924342 3923370 NC_004342.gbk
810 46.1 1598005 1595975 genome.dna 3887448 3889596 NC_004342.gbk
839 39.2 1598229 1599338 genome.dna 2315528 2314484 NC_004342.gbk
208 31.1 1600255 1600836 genome.dna 84660 84138 NC_004342.gbk
990 57.5 1614552 1615325 genome.dna 1626990 1627758 NC_004342.gbk
1045 44.3 1615316 1616422 genome.dna 1627760 1628852 NC_004342.gbk
246 36.7 1635671 1634820 genome.dna 1660341 1661262 NC_004342.gbk
621 52.5 1636204 1635668 genome.dna 1659777 1660338 NC_004342.gbk
1257 62.8 1637078 1636206 genome.dna 1662308 1663193 NC_004342.gbk
746 32.7 1768623 1769945 genome.dna 74594 73310 NC_004342.gbk
288 41.5 1924289 1923957 genome.dna 1775222 1775564 NC_004342.gbk
309 35.2 1939436 1939933 genome.dna 1522239 1522704 NC_004342.gbk
462 38.2 1942291 1943163 genome.dna 2015431 2016343 NC_004342.gbk
1120 48.8 1943163 1944215 genome.dna 2400875 2401919 NC_004342.gbk
271 35.6 1944254 1944643 genome.dna 2393949 2394363 NC_004342.gbk
1582 41.3 1946687 1948771 genome.dna 2594377 2592259 NC_004342.gbk
255 38.6 1951419 1951823 genome.dna 342524 342056 NC_004342.gbk
372 30.3 1952589 1953806 genome.dna 2830949 2829554 NC_004342.gbk
796 46.8 1954611 1955393 genome.dna 2652102 2651304 NC_004342.gbk
589 34.3 1956304 1957413 genome.dna 2649401 2648300 NC_004342.gbk
226 39.5 1962586 1962317 genome.dna 2597373 2597109 NC_004342.gbk
696 42.4 1963383 1962607 genome.dna 2598173 2597369 NC_004342.gbk
1238 44.3 1968985 1967612 genome.dna 2578810 2580175 NC_004342.gbk
684 34.4 1970689 1969697 genome.dna 28063 29077 NC_004342.gbk
615 37.9 1975728 1976600 genome.dna 2387791 2386942 NC_004342.gbk
596 42.1 1986118 1986840 genome.dna 2589377 2588576 NC_004342.gbk
538 54.7 2008746 2008288 genome.dna 901075 901522 NC_004342.gbk
173 38.8 2010635 2010913 genome.dna 3950044 3949756 NC_004342.gbk
160 30.7 2015203 2015631 genome.dna 1213091 1212608 NC_004342.gbk
1213 50.0 2029109 2030257 genome.dna 3115361 3114257 NC_004342.gbk
639 33.7 2041077 2042123 genome.dna 1263236 1264244 NC_004342.gbk
534 32.0 2042130 2043083 genome.dna 1424662 1423693 NC_004342.gbk
644 42.7 2044045 2044779 genome.dna 3449951 3449171 NC_004342.gbk
558 36.1 2050132 2050929 genome.dna 4314370 4313560 NC_004342.gbk
307 40.0 2055442 2055792 genome.dna 1438659 1438290 NC_004342.gbk
1944 34.1 2070405 2066956 genome.dna 2492474 2488913 NC_004342.gbk
626 43.3 2071740 2072447 genome.dna 3667796 3667004 NC_004342.gbk
519 36.1 2074702 2075532 genome.dna 2234597 2235338 NC_004342.gbk
408 40.3 2079241 2079792 genome.dna 1013066 1013636 NC_004342.gbk
1008 34.2 2099496 2097796 genome.dna 1465794 1467540 NC_004342.gbk
570 39.8 2112831 2114330 genome.dna 2790516 2789100 NC_004342.gbk
855 52.2 2114428 2115174 genome.dna 3518173 3517405 NC_004342.gbk
1340 46.3 2116495 2117718 genome.dna 3515897 3514646 NC_004342.gbk
326 37.1 2117752 2118168 genome.dna 2995947 2995536 NC_004342.gbk
1081 42.2 2121733 2120321 genome.dna 2897213 2898650 NC_004342.gbk
268 31.6 2138606 2139226 genome.dna 3480334 3479611 NC_004342.gbk
975 32.1 2141385 2143340 genome.dna 3312858 3315048 NC_004342.gbk
350 35.6 2181519 2182154 genome.dna 1151031 1151649 NC_004342.gbk
317 45.5 2186467 2186817 genome.dna 2080774 2080450 NC_004342.gbk
594 44.1 2191939 2192622 genome.dna 1174786 1175431 NC_004342.gbk
701 43.3 2209283 2210113 genome.dna 1579029 1579824 NC_004342.gbk
607 35.1 2210106 2211050 genome.dna 2618101 2617138 NC_004342.gbk
521 51.2 2258625 2258122 genome.dna 859270 858754 NC_004342.gbk
420 31.3 2306210 2305560 genome.dna 3829605 3830277 NC_004342.gbk
393 38.2 2318802 2319278 genome.dna 4217500 4217971 NC_004342.gbk
543 31.8 2325750 2324722 genome.dna 1576411 1577404 NC_004342.gbk
156 31.5 2354962 2355252 genome.dna 2912991 2912688 NC_004342.gbk
814 38.4 2463282 2462086 genome.dna 2658928 2660110 NC_004342.gbk
456 32.1 2477692 2478756 genome.dna 792614 793658 NC_004342.gbk
1270 51.1 2487322 2486231 genome.dna 2308735 2307637 NC_004342.gbk
417 43.8 2488039 2487452 genome.dna 2325308 2324735 NC_004342.gbk
1073 50.0 2489732 2488785 genome.dna 3784305 3783366 NC_004342.gbk
1112 47.1 2492889 2493971 genome.dna 123927 122862 NC_004342.gbk
789 41.8 2496092 2496946 genome.dna 2377754 2376884 NC_004342.gbk
1280 46.7 2503696 2505084 genome.dna 332754 334155 NC_004342.gbk
1942 63.2 2563367 2561970 genome.dna 193302 194697 NC_004342.gbk
366 33.2 2598308 2597688 genome.dna 23056 23665 NC_004342.gbk
638 37.2 2605113 2606180 genome.dna 1144644 1145655 NC_004342.gbk
1315 50.5 2607572 2608762 genome.dna 3258500 3257306 NC_004342.gbk
494 32.9 2608762 2609568 genome.dna 3257310 3256515 NC_004342.gbk
906 45.8 2627092 2626058 genome.dna 4203892 4204846 NC_004342.gbk
270 33.5 2645457 2646263 genome.dna 2494702 2495506 NC_004342.gbk
1376 64.4 2654735 2655739 genome.dna 1701252 1700244 NC_004342.gbk
599 32.9 2687417 2685498 genome.dna 1850162 1848185 NC_004342.gbk
527 36.4 2712101 2712862 genome.dna 22297 23041 NC_004342.gbk
1172 36.1 2726216 2727934 genome.dna 3583804 3585700 NC_004342.gbk
658 42.3 2732234 2731251 genome.dna 4119756 4118730 NC_004342.gbk
453 58.6 2732903 2732547 genome.dna 1246575 1246929 NC_004342.gbk
202 51.6 2733144 2732947 genome.dna 1246372 1246576 NC_004342.gbk
478 45.8 2733782 2733240 genome.dna 1245800 1246340 NC_004342.gbk
1880 43.7 2735713 2733785 genome.dna 1242399 1244316 NC_004342.gbk
746 38.9 2757088 2758194 genome.dna 1486159 1487287 NC_004342.gbk
1197 49.6 2791280 2792458 genome.dna 4243939 4242775 NC_004342.gbk
1092 49.4 2809298 2808294 genome.dna 815257 816283 NC_004342.gbk
675 45.0 2811487 2810744 genome.dna 742036 742786 NC_004342.gbk
1839 48.1 2813755 2811956 genome.dna 1677305 1679111 NC_004342.gbk
765 30.7 2838878 2837343 genome.dna 1722221 1723817 NC_004342.gbk
831 43.3 2859653 2858643 genome.dna 4266388 4267537 NC_004342.gbk
742 38.2 2864092 2865492 genome.dna 1839819 1841127 NC_004342.gbk
328 32.4 2879580 2880428 genome.dna 3311348 3312119 NC_004342.gbk
483 42.0 2884168 2883416 genome.dna 3526168 3525421 NC_004342.gbk
1187 36.9 2887241 2885457 genome.dna 3645364 3647245 NC_004342.gbk
956 40.3 2917289 2918617 genome.dna 2494642 2493358 NC_004342.gbk
256 36.4 2920770 2921360 genome.dna 131390 132023 NC_004342.gbk
572 39.4 2921367 2922104 genome.dna 132019 132745 NC_004342.gbk
722 45.7 2922086 2922862 genome.dna 2481111 2480340 NC_004342.gbk
1160 34.4 2925698 2924025 genome.dna 1259666 1261349 NC_004342.gbk
313 35.5 2926492 2925815 genome.dna 1258858 1259614 NC_004342.gbk
1028 46.2 2929170 2928085 genome.dna 360122 361250 NC_004342.gbk
1247 46.1 2975613 2974318 genome.dna 4313568 4312314 NC_004342.gbk
481 35.5 2977060 2975717 genome.dna 1184811 1186083 NC_004342.gbk
914 46.2 2982496 2983455 genome.dna 2466593 2467544 NC_004342.gbk
509 39.7 2987214 2987927 genome.dna 115395 114735 NC_004342.gbk
353 75.0 2988043 2988261 genome.dna 773119 773338 NC_004342.gbk
2546 51.9 2992855 2990582 genome.dna 2073649 2075890 NC_004342.gbk
298 47.4 2993205 2992885 genome.dna 2073317 2073653 NC_004342.gbk
400 41.4 3046334 3045672 genome.dna 4232361 4231809 NC_004342.gbk
766 39.8 3077983 3079080 genome.dna 4200847 4201858 NC_004342.gbk
827 38.1 3079077 3080102 genome.dna 4201818 4202898 NC_004342.gbk
538 42.3 3132533 3133219 genome.dna 605083 604456 NC_004342.gbk
2391 54.3 3161386 3159374 genome.dna 653580 655581 NC_004342.gbk
671 33.5 3165022 3163865 genome.dna 2109400 2110531 NC_004342.gbk
564 34.1 3166099 3165062 genome.dna 2112483 2113590 NC_004342.gbk
831 38.0 3166195 3167499 genome.dna 2111192 2112494 NC_004342.gbk
289 40.0 3195210 3194782 genome.dna 1008151 1007752 NC_004342.gbk
142 36.8 3195440 3195210 genome.dna 1008381 1008150 NC_004342.gbk
1106 34.5 3230474 3228642 genome.dna 2132061 2133891 NC_004342.gbk
481 36.5 3278435 3279220 genome.dna 2606804 2606051 NC_004342.gbk
1907 53.7 3364676 3363084 genome.dna 3635440 3633805 NC_004342.gbk
1001 36.3 3373687 3372152 genome.dna 883563 881874 NC_004342.gbk
1339 38.5 3375638 3373788 genome.dna 885526 883564 NC_004342.gbk
247 34.7 3375937 3375635 genome.dna 885840 885519 NC_004342.gbk
305 35.4 3377049 3376507 genome.dna 172846 173374 NC_004342.gbk
532 41.5 3378041 3377067 genome.dna 887592 886551 NC_004342.gbk
1224 45.8 3382301 3380952 genome.dna 888920 887588 NC_004342.gbk
657 49.0 3401812 3402438 genome.dna 3319730 3320405 NC_004342.gbk
825 44.7 3402984 3403889 genome.dna 3842660 3843575 NC_004342.gbk
294 35.7 3408161 3407589 genome.dna 2313127 2313742 NC_004342.gbk
564 39.3 3409858 3408341 genome.dna 4062506 4061033 NC_004342.gbk
744 50.9 3414435 3413773 genome.dna 579722 580367 NC_004342.gbk
825 32.2 3421795 3423822 genome.dna 3508080 3506136 NC_004342.gbk
838 46.6 3427528 3426443 genome.dna 169465 170608 NC_004342.gbk
262 34.5 3465394 3464954 genome.dna 2346981 2346504 NC_004342.gbk
1408 48.5 3468186 3466690 genome.dna 2349908 2348234 NC_004342.gbk
545 33.3 3511745 3510762 genome.dna 1594650 1595598 NC_004342.gbk
804 45.0 3516455 3517318 genome.dna 1839738 1838883 NC_004342.gbk
942 35.6 3519048 3517663 genome.dna 1837906 1836490 NC_004342.gbk
191 32.8 3519771 3519349 genome.dna 508761 508317 NC_004342.gbk
589 58.2 3521609 3522118 genome.dna 1464176 1463687 NC_004342.gbk
459 32.2 3522115 3523185 genome.dna 1463691 1462560 NC_004342.gbk
1378 36.5 3531913 3533985 genome.dna 3420314 3422453 NC_004342.gbk
463 32.1 3533985 3535520 genome.dna 2740182 2741745 NC_004342.gbk
418 47.8 3537641 3537204 genome.dna 4275201 4274754 NC_004342.gbk
647 33.6 3540580 3539417 genome.dna 3852662 3851618 NC_004342.gbk
602 34.5 3557435 3556470 genome.dna 3948047 3946979 NC_004342.gbk
900 59.5 3570531 3571184 genome.dna 3629206 3629863 NC_004342.gbk
509 38.5 3577570 3576767 genome.dna 138652 137830 NC_004342.gbk
816 48.8 3578361 3577567 genome.dna 3329026 3329824 NC_004342.gbk
773 36.3 3590632 3589055 genome.dna 2053976 2055527 NC_004342.gbk
1044 37.9 3592205 3590739 genome.dna 1965497 1967024 NC_004342.gbk
807 36.8 3592378 3593766 genome.dna 2332237 2333506 NC_004342.gbk
557 31.0 3599984 3598497 genome.dna 1293799 1295269 NC_004342.gbk
714 36.4 3607701 3606505 genome.dna 841346 842408 NC_004342.gbk
425 47.8 3608433 3608005 genome.dna 4139247 4139661 NC_004342.gbk
474 34.1 3622920 3623723 genome.dna 226020 226836 NC_004342.gbk
1521 56.5 3635387 3634134 genome.dna 1408406 1407158 NC_004342.gbk
348 50.0 3640872 3640534 genome.dna 3771369 3771714 NC_004342.gbk
1042 37.5 3642369 3641032 genome.dna 2369749 2368402 NC_004342.gbk
219 31.4 3680225 3679845 genome.dna 3268831 3268450 NC_004342.gbk
214 35.3 3680956 3680225 genome.dna 1517317 1516564 NC_004342.gbk
361 30.7 3684626 3683661 genome.dna 2767323 2766321 NC_004342.gbk
2251 54.7 3686442 3684643 genome.dna 1861569 1863372 NC_004342.gbk
307 31.0 3689432 3688857 genome.dna 1207443 1208064 NC_004342.gbk
1544 47.8 3689812 3691413 genome.dna 1513807 1512208 NC_004342.gbk
683 35.2 3698228 3696813 genome.dna 4159911 4158345 NC_004342.gbk
838 46.3 3703917 3702925 genome.dna 1161511 1162408 NC_004342.gbk
977 55.0 3704788 3703907 genome.dna 1160496 1161336 NC_004342.gbk
1012 58.8 3705613 3704801 genome.dna 1159654 1160500 NC_004342.gbk
1224 60.9 3706780 3705770 genome.dna 1158628 1159636 NC_004342.gbk
799 34.5 3730782 3732230 genome.dna 2980553 2979089 NC_004342.gbk
747 43.7 3732844 3733638 genome.dna 3932999 3932201 NC_004342.gbk
701 38.7 3733793 3734647 genome.dna 2493328 2492470 NC_004342.gbk
354 49.1 3734665 3735045 genome.dna 1718479 1718128 NC_004342.gbk
1013 56.5 3735878 3735108 genome.dna 2083947 2083173 NC_004342.gbk
1205 64.5 3736813 3735875 genome.dna 2084861 2083943 NC_004342.gbk
393 40.8 3738313 3737777 genome.dna 4271420 4271972 NC_004342.gbk
2893 52.4 3762599 3760023 genome.dna 1852279 1854862 NC_004342.gbk
521 33.7 3764478 3763501 genome.dna 221167 222106 NC_004342.gbk
307 44.7 3773009 3772662 genome.dna 2360471 2360054 NC_004342.gbk
492 38.4 3773827 3773072 genome.dna 2361126 2360430 NC_004342.gbk
1095 40.2 3779493 3777940 genome.dna 2077597 2079196 NC_004342.gbk
751 38.6 3784972 3782345 genome.dna 3370226 3367292 NC_004342.gbk
1448 67.3 3786717 3785644 genome.dna 2151950 2150849 NC_004342.gbk
1072 43.2 3882715 3881462 genome.dna 852141 853392 NC_004342.gbk
818 41.0 3889382 3888324 genome.dna 496503 495408 NC_004342.gbk
1031 58.0 3893140 3892373 genome.dna 3574603 3573826 NC_004342.gbk
605 39.1 3898447 3899475 genome.dna 2849207 2850302 NC_004342.gbk
468 39.3 3907276 3906587 genome.dna 921636 920931 NC_004342.gbk
459 34.5 3909216 3909983 genome.dna 222917 222074 NC_004342.gbk
563 30.6 3918901 3920391 genome.dna 2482571 2481107 NC_004342.gbk
1505 43.4 3956293 3958011 genome.dna 3260233 3258502 NC_004342.gbk
402 36.4 3961248 3960622 genome.dna 1136778 1136112 NC_004342.gbk
439 43.0 3963052 3962555 genome.dna 3540895 3540409 NC_004342.gbk
286 32.3 3963804 3963091 genome.dna 1056805 1057522 NC_004342.gbk
1286 51.1 3969453 3967963 genome.dna 4191729 4190478 NC_004342.gbk
936 46.7 3970373 3969465 genome.dna 4192646 4191728 NC_004342.gbk
1145 36.4 3974615 3972882 genome.dna 4188788 4187315 NC_004342.gbk
503 56.0 3984884 3985300 genome.dna 331265 331652 NC_004342.gbk
1086 37.7 3994559 3995977 genome.dna 865932 867423 NC_004342.gbk
1643 60.9 4001743 4000448 genome.dna 1920896 1922195 NC_004342.gbk
1944 52.9 4003479 4001842 genome.dna 2379379 2377750 NC_004342.gbk
765 44.4 4004518 4003706 genome.dna 4036778 4037675 NC_004342.gbk
477 34.6 4014558 4013788 genome.dna 1619520 1620276 NC_004342.gbk
1053 32.9 4027241 4025196 genome.dna 4088453 4086407 NC_004342.gbk
517 33.3 4036522 4035704 genome.dna 2488135 2487301 NC_004342.gbk
242 32.5 4037132 4037767 genome.dna 1295265 1295916 NC_004342.gbk
370 35.7 4039680 4040210 genome.dna 4016967 4016430 NC_004342.gbk
284 34.5 4050959 4050219 genome.dna 2292405 2291559 NC_004342.gbk
180 30.0 4059979 4059527 genome.dna 1675477 1675927 NC_004342.gbk
403 37.2 4068636 4067902 genome.dna 1836401 1835738 NC_004342.gbk
377 34.8 4076900 4077613 genome.dna 1480558 1481227 NC_004342.gbk
324 31.2 4077711 4078532 genome.dna 1481180 1482002 NC_004342.gbk
428 39.1 4079441 4080034 genome.dna 3617701 3618295 NC_004342.gbk
636 32.4 4080027 4081166 genome.dna 2547843 2549010 NC_004342.gbk
737 33.4 4102382 4101120 genome.dna 1055559 1056828 NC_004342.gbk
992 49.1 4109655 4110677 genome.dna 3509302 3510301 NC_004342.gbk
829 35.7 4114440 4115846 genome.dna 1675944 1677273 NC_004342.gbk
3514 56.1 4139901 4137067 genome.dna 2191723 2194570 NC_004342.gbk
434 33.8 4217612 4218277 genome.dna 2263348 2263993 NC_004342.gbk
1066 36.8 4231793 4230366 genome.dna 1225326 1226730 NC_004342.gbk
555 38.3 4244964 4245854 genome.dna 3063241 3062326 NC_004342.gbk
1051 51.7 4255592 4252890 genome.dna 1927769 1930502 NC_004342.gbk
688 38.8 4257707 4256787 genome.dna 2282398 2283304 NC_004342.gbk
1008 41.6 4258960 4257809 genome.dna 616418 617621 NC_004342.gbk
898 34.6 4260285 4259029 genome.dna 615170 616400 NC_004342.gbk
605 33.4 4262088 4261168 genome.dna 2031891 2032947 NC_004342.gbk
535 30.7 4267226 4265910 genome.dna 839079 837687 NC_004342.gbk
1071 44.0 4268312 4267230 genome.dna 2020555 2021662 NC_004342.gbk
815 32.2 4271151 4269664 genome.dna 2018978 2020499 NC_004342.gbk
535 38.7 4274186 4273242 genome.dna 2017636 2018641 NC_004342.gbk
344 36.1 4277861 4277370 genome.dna 2551656 2551170 NC_004342.gbk
1440 45.0 4282166 4283764 genome.dna 2181982 2180395 NC_004342.gbk
1458 62.1 4283764 4284855 genome.dna 2121946 2120869 NC_004342.gbk
2065 64.6 4284858 4286258 genome.dna 2064949 2066347 NC_004342.gbk
831 61.7 4286272 4286874 genome.dna 2066366 2066987 NC_004342.gbk
483 32.2 4318033 4319034 genome.dna 808069 809128 NC_004342.gbk
1924 55.0 4330684 4327460 genome.dna 748657 751978 NC_004342.gbk
655 49.5 4331847 4330699 genome.dna 1242149 1241057 NC_004342.gbk
691 42.0 4333114 4332293 genome.dna 3271532 3270719 NC_004342.gbk
848 45.5 4334402 4333452 genome.dna 2388984 2389977 NC_004342.gbk
747 42.0 4338181 4335368 genome.dna 1317063 1319808 NC_004342.gbk
576 33.6 4339154 4338213 genome.dna 3407089 3408178 NC_004342.gbk
187 36.5 4339580 4339843 genome.dna 3762361 3762628 NC_004342.gbk
1260 51.3 4343498 4342359 genome.dna 3660361 3661480 NC_004342.gbk
2300 58.1 4345514 4343607 genome.dna 3658128 3660069 NC_004342.gbk
1148 35.3 4365488 4367155 genome.dna 2523432 2521560 NC_004342.gbk
1315 47.9 4372650 4371418 genome.dna 1881614 1880378 NC_004342.gbk
802 45.0 4379941 4378778 genome.dna 1700241 1699050 NC_004342.gbk
1544 62.4 4388480 4389631 genome.dna 2619377 2618108 NC_004342.gbk
1047 51.8 4395434 4394430 genome.dna 2209396 2208271 NC_004342.gbk
857 34.5 4395604 4396995 genome.dna 4121150 4119752 NC_004342.gbk
1288 46.2 4398393 4397095 genome.dna 1114420 1113142 NC_004342.gbk
816 31.3 4405841 4403886 genome.dna 1181482 1183303 NC_004342.gbk
577 34.8 4409761 4410900 genome.dna 2431312 2430373 NC_004342.gbk
464 31.9 4435653 4436702 genome.dna 142647 143604 NC_004342.gbk
340 54.5 4447190 4446837 genome.dna 1557946 1557637 NC_004342.gbk
451 41.3 4477982 4478530 genome.dna 1705728 1706274 NC_004342.gbk
294 36.8 4482450 4482959 genome.dna 2411668 2412205 NC_004342.gbk
735 38.8 4489098 4488109 genome.dna 774911 775889 NC_004342.gbk
625 48.8 4489744 4489124 genome.dna 774265 774889 NC_004342.gbk
472 57.0 4490164 4489775 genome.dna 773843 774254 NC_004342.gbk
417 57.1 4490537 4490181 genome.dna 773463 773841 NC_004342.gbk
628 41.5 4492165 4490834 genome.dna 771163 772546 NC_004342.gbk
158 42.1 4492790 4492611 genome.dna 770411 770591 NC_004342.gbk
551 45.2 4493297 4492797 genome.dna 769853 770399 NC_004342.gbk
297 42.4 4493665 4493312 genome.dna 769522 769891 NC_004342.gbk
459 42.9 4494208 4493675 genome.dna 768979 769519 NC_004342.gbk
318 41.5 4494614 4494222 genome.dna 768551 768953 NC_004342.gbk
697 54.2 4495506 4494967 genome.dna 767778 768327 NC_004342.gbk
242 40.8 4495835 4495521 genome.dna 767415 767775 NC_004342.gbk
490 61.1 4496217 4495846 genome.dna 767023 767416 NC_004342.gbk
243 47.3 4496635 4496381 genome.dna 766752 767022 NC_004342.gbk
571 60.6 4497236 4496826 genome.dna 766048 766462 NC_004342.gbk
715 48.6 4497950 4497249 genome.dna 765348 766026 NC_004342.gbk
340 55.5 4498300 4497968 genome.dna 765003 765336 NC_004342.gbk
432 63.4 4498593 4498315 genome.dna 764722 765004 NC_004342.gbk
1002 53.5 4499431 4498610 genome.dna 763874 764714 NC_004342.gbk
167 37.8 4499751 4499449 genome.dna 763556 763871 NC_004342.gbk
321 33.5 4500353 4499748 genome.dna 762924 763560 NC_004342.gbk
575 45.3 4500993 4500364 genome.dna 762286 762907 NC_004342.gbk
454 68.0 4501337 4501026 genome.dna 761966 762275 NC_004342.gbk
503 46.5 4502117 4501644 genome.dna 2674936 2675473 NC_004342.gbk
1829 48.1 4505956 4503842 genome.dna 312184 310063 NC_004342.gbk
572 54.1 4506523 4506053 genome.dna 3376083 3375609 NC_004342.gbk
581 68.5 4506994 4506620 genome.dna 3376475 3376100 NC_004342.gbk
441 44.6 4520431 4519847 genome.dna 2172699 2172216 NC_004342.gbk
1565 42.0 4522627 4520816 genome.dna 4277148 4278945 NC_004342.gbk
907 40.3 4531124 4529898 genome.dna 2123183 2121962 NC_004342.gbk
635 48.4 4531820 4531245 genome.dna 3583220 3583808 NC_004342.gbk
354 39.6 4539402 4538833 genome.dna 2514619 2514160 NC_004342.gbk
613 33.8 4557783 4556779 genome.dna 406424 405455 NC_004342.gbk
473 39.7 4559154 4558477 genome.dna 2363556 2362908 NC_004342.gbk
1820 52.8 4575473 4577092 genome.dna 245078 246671 NC_004342.gbk
790 33.6 4622349 4623851 genome.dna 2216994 2215341 NC_004342.gbk
1165 41.3 4656105 4657454 genome.dna 4018356 4017024 NC_004342.gbk
1460 38.6 4672431 4670269 genome.dna 2295131 2292932 NC_004342.gbk
587 33.2 4674165 4673230 genome.dna 2324537 2323580 NC_004342.gbk
681 36.9 4675687 4674863 genome.dna 92496 93342 NC_004342.gbk
1365 57.9 4702353 4701286 genome.dna 1661198 1662308 NC_004342.gbk
1810 64.7 4708658 4707399 genome.dna 1029095 1027646 NC_004342.gbk
332 44.0 4709479 4709153 genome.dna 1898301 1898661 NC_004342.gbk
1451 38.4 4714432 4712411 genome.dna 1087833 1089858 NC_004342.gbk
822 38.5 4729969 4728119 genome.dna 2938577 2936894 NC_004342.gbk
690 39.4 4730969 4730043 genome.dna 4330115 4331072 NC_004342.gbk
1668 46.2 4732978 4731332 genome.dna 2553431 2551652 NC_004342.gbk
948 38.2 4733613 4735139 genome.dna 2354227 2355712 NC_004342.gbk
250 46.3 4770684 4770469 genome.dna 1027626 1027422 NC_004342.gbk
707 61.4 4775884 4776414 genome.dna 2323594 2323051 NC_004342.gbk
986 51.6 4776424 4777755 genome.dna 2323042 2321602 NC_004342.gbk
235 34.3 4780345 4781184 genome.dna 3415969 3416686 NC_004342.gbk
1750 51.8 4781238 4782749 genome.dna 2088737 2090228 NC_004342.gbk
612 41.3 4786326 4787093 genome.dna 1694805 1694052 NC_004342.gbk
447 46.3 4834867 4834403 genome.dna 652398 652860 NC_004342.gbk
1145 39.5 4911222 4909444 genome.dna 2075903 2077637 NC_004342.gbk
1119 40.3 4919331 4920581 genome.dna 179515 180778 NC_004342.gbk
853 41.6 4927471 4926491 genome.dna 4202894 4203896 NC_004342.gbk
213 68.9 4985770 4985910 genome.dna 184416 184578 NC_004342.gbk
827 33.3 4988276 4989640 genome.dna 187756 189127 NC_004342.gbk
1054 37.4 5001994 5003496 genome.dna 3494847 3496371 NC_004342.gbk
334 31.1 5015940 5016497 genome.dna 2871553 2870941 NC_004342.gbk
1039 41.7 5026700 5027902 genome.dna 2099991 2101206 NC_004342.gbk
1495 40.6 5049054 5047222 genome.dna 3764132 3765965 NC_004342.gbk
2066 68.5 5055348 5053966 genome.dna 2759647 2758243 NC_004342.gbk
537 34.6 5056259 5055396 genome.dna 2760456 2759664 NC_004342.gbk
1192 54.6 5057853 5056312 genome.dna 2762063 2760539 NC_004342.gbk
1998 47.6 5063659 5061770 genome.dna 4330005 4328097 NC_004342.gbk
955 40.2 30749 32122 genome.dna 13666 15106 NC_004343.gbk
425 34.0 222967 223722 genome.dna 208517 209267 NC_004343.gbk
684 38.2 228573 229595 genome.dna 8860 9814 NC_004343.gbk
436 31.1 275283 276347 genome.dna 12707 13760 NC_004343.gbk
668 37.2 1271755 1272822 genome.dna 195541 194482 NC_004343.gbk
693 56.0 1329655 1330212 genome.dna 171594 172128 NC_004343.gbk
427 45.3 1433876 1433409 genome.dna 111298 110806 NC_004343.gbk
270 30.7 1551348 1552034 genome.dna 281386 282001 NC_004343.gbk
155 30.3 1609114 1609548 genome.dna 27977 28529 NC_004343.gbk
687 43.1 2044045 2044779 genome.dna 72748 73513 NC_004343.gbk
282 70.6 2044934 2045170 genome.dna 74005 74239 NC_004343.gbk
1156 40.6 2121733 2120321 genome.dna 341902 340441 NC_004343.gbk
326 30.8 2552084 2552833 genome.dna 116307 117120 NC_004343.gbk
536 43.9 2595969 2596559 genome.dna 151192 150655 NC_004343.gbk
788 45.8 2741372 2740491 genome.dna 170185 171073 NC_004343.gbk
558 40.2 3569781 3570509 genome.dna 327873 328605 NC_004343.gbk
408 33.0 3683368 3682688 genome.dna 74292 75036 NC_004343.gbk
1103 42.2 3714803 3716083 genome.dna 9810 11142 NC_004343.gbk
651 38.1 3742499 3743362 genome.dna 308679 307833 NC_004343.gbk
182 32.4 3780004 3779576 genome.dna 304818 304359 NC_004343.gbk
222 30.0 3907890 3907273 genome.dna 293097 292347 NC_004343.gbk
479 32.6 4442310 4441333 genome.dna 326403 325386 NC_004343.gbk
724 37.2 4448227 4449270 genome.dna 298417 299515 NC_004343.gbk
4687 58.7 4464530 4460847 genome.dna 97340 101084 NC_004343.gbk
693 34.7 4562421 4561336 genome.dna 75994 77080 NC_004343.gbk
570 35.5 4756712 4755816 genome.dna 2490 3423 NC_004343.gbk
236 30.7 4814473 4814072 genome.dna 282090 282495 NC_004343.gbk
