212 41.7 10521 10940 genome.dna 6443541 6443151 NC_003155.gbk
1514 46.0 10948 12453 genome.dna 8846485 8848003 NC_003155.gbk
606 39.0 14538 15464 genome.dna 6444437 6443537 NC_003155.gbk
753 38.4 15468 16463 genome.dna 6449083 6448018 NC_003155.gbk
1230 37.6 25826 28615 genome.dna 7481797 7484521 NC_003155.gbk
1579 52.0 36667 35258 genome.dna 7233360 7231950 NC_003155.gbk
912 47.0 37037 38860 genome.dna 3955803 3953895 NC_003155.gbk
308 37.6 39698 40135 genome.dna 4948671 4949109 NC_003155.gbk
690 34.5 44746 43358 genome.dna 1848744 1850100 NC_003155.gbk
1093 40.5 49985 47886 genome.dna 8164004 8166542 NC_003155.gbk
515 45.4 50956 50333 genome.dna 8200202 8200796 NC_003155.gbk
1464 45.4 87882 86185 genome.dna 3804689 3802901 NC_003155.gbk
562 49.7 97287 96724 genome.dna 3894963 3894381 NC_003155.gbk
447 37.1 110262 109636 genome.dna 6564064 6563422 NC_003155.gbk
332 33.0 111355 110522 genome.dna 2252631 2253480 NC_003155.gbk
2310 66.6 111626 113161 genome.dna 8545357 8543833 NC_003155.gbk
582 35.4 117691 118689 genome.dna 2735983 2734873 NC_003155.gbk
1459 45.0 118825 120366 genome.dna 6974842 6973300 NC_003155.gbk
883 38.5 120344 121525 genome.dna 6973295 6972050 NC_003155.gbk
1959 64.4 124086 125432 genome.dna 952656 954111 NC_003155.gbk
451 30.0 129082 130098 genome.dna 763274 762281 NC_003155.gbk
458 37.1 140268 141428 genome.dna 8917292 8916122 NC_003155.gbk
487 35.1 154586 153765 genome.dna 2324278 2323444 NC_003155.gbk
730 38.8 157508 156588 genome.dna 6787608 6786645 NC_003155.gbk
924 63.7 162282 162998 genome.dna 6277136 6277871 NC_003155.gbk
328 38.7 165569 165111 genome.dna 2927309 2926781 NC_003155.gbk
963 43.6 166824 165547 genome.dna 8201232 8202450 NC_003155.gbk
230 47.9 167881 168117 genome.dna 5668749 5668527 NC_003155.gbk
175 46.3 168129 168296 genome.dna 5668834 5668999 NC_003155.gbk
463 35.7 168516 169325 genome.dna 3268270 3267409 NC_003155.gbk
484 48.4 170854 170375 genome.dna 3271871 3271391 NC_003155.gbk
1626 65.8 186786 187982 genome.dna 1996963 1995766 NC_003155.gbk
1443 58.5 187993 189078 genome.dna 1998008 1996979 NC_003155.gbk
795 40.9 192775 193791 genome.dna 3287763 3286752 NC_003155.gbk
2019 50.9 199780 202044 genome.dna 2496388 2498707 NC_003155.gbk
965 35.9 212248 209609 genome.dna 4418168 4415435 NC_003155.gbk
439 38.2 217784 218788 genome.dna 8079874 8080903 NC_003155.gbk
1111 42.6 219661 221034 genome.dna 8096193 8097627 NC_003155.gbk
455 44.0 222967 223722 genome.dna 5872884 5873580 NC_003155.gbk
106 33.7 226078 226338 genome.dna 8003143 8003428 NC_003155.gbk
965 47.3 228573 229595 genome.dna 5782339 5783332 NC_003155.gbk
1277 39.7 230345 231841 genome.dna 5850172 5851624 NC_003155.gbk
971 39.8 233849 232686 genome.dna 2712144 2713371 NC_003155.gbk
1112 31.7 236050 233861 genome.dna 2058635 2056427 NC_003155.gbk
387 36.7 237567 238178 genome.dna 8411270 8411897 NC_003155.gbk
301 33.2 245968 247005 genome.dna 5960567 5961662 NC_003155.gbk
1117 53.1 248939 247989 genome.dna 6010433 6009443 NC_003155.gbk
2015 73.4 250357 251541 genome.dna 5981305 5982499 NC_003155.gbk
603 66.2 252872 253300 genome.dna 5966110 5966545 NC_003155.gbk
768 52.0 253304 254008 genome.dna 5966624 5967350 NC_003155.gbk
260 33.9 254326 254823 genome.dna 5967981 5968512 NC_003155.gbk
360 51.2 254890 255255 genome.dna 5968621 5969005 NC_003155.gbk
2029 46.1 255584 259612 genome.dna 5969567 5973113 NC_003155.gbk
2455 44.4 259736 263959 genome.dna 5973223 5977123 NC_003155.gbk
1074 39.8 264271 265668 genome.dna 1750040 1751474 NC_003155.gbk
806 51.6 269828 269043 genome.dna 7331477 7330682 NC_003155.gbk
138 30.3 270030 269830 genome.dna 7331681 7331480 NC_003155.gbk
272 36.3 271449 270808 genome.dna 7335276 7335954 NC_003155.gbk
2266 64.0 273440 271446 genome.dna 5233686 5231880 NC_003155.gbk
865 42.3 275283 276347 genome.dna 2708297 2707229 NC_003155.gbk
709 47.2 280242 278956 genome.dna 5092349 5091095 NC_003155.gbk
941 45.0 281849 280260 genome.dna 4269417 4267833 NC_003155.gbk
489 34.9 295276 296334 genome.dna 1732691 1731704 NC_003155.gbk
530 33.1 301263 300298 genome.dna 6829245 6830451 NC_003155.gbk
427 50.7 307589 307137 genome.dna 7538790 7539270 NC_003155.gbk
1257 57.9 313270 314313 genome.dna 6617489 6618521 NC_003155.gbk
690 39.9 334964 334107 genome.dna 7553303 7554317 NC_003155.gbk
638 34.4 345980 347242 genome.dna 6229316 6227969 NC_003155.gbk
553 52.1 352201 352629 genome.dna 6005828 6006272 NC_003155.gbk
873 36.5 357036 355618 genome.dna 7440008 7441469 NC_003155.gbk
2369 44.6 361542 357046 genome.dna 7435465 7440016 NC_003155.gbk
856 37.4 367521 368813 genome.dna 8231371 8232637 NC_003155.gbk
596 39.4 372605 373492 genome.dna 4445832 4444965 NC_003155.gbk
554 38.2 374918 375703 genome.dna 4574562 4573800 NC_003155.gbk
939 40.4 376932 375772 genome.dna 4244543 4243355 NC_003155.gbk
471 31.9 386934 386071 genome.dna 1780800 1779894 NC_003155.gbk
1339 36.9 392535 394805 genome.dna 2952966 2955423 NC_003155.gbk
931 51.1 399153 398326 genome.dna 2267014 2267851 NC_003155.gbk
463 34.3 414371 413001 genome.dna 4845473 4847111 NC_003155.gbk
428 33.6 417112 416177 genome.dna 6898795 6899758 NC_003155.gbk
192 33.8 431880 431494 genome.dna 4080219 4079799 NC_003155.gbk
487 36.3 433394 432459 genome.dna 8190238 8191216 NC_003155.gbk
1380 64.2 435364 434357 genome.dna 2823934 2822926 NC_003155.gbk
1224 44.8 460910 458055 genome.dna 6611756 6614381 NC_003155.gbk
819 34.0 463248 461737 genome.dna 7255809 7254267 NC_003155.gbk
1683 59.1 485144 483705 genome.dna 1627303 1625890 NC_003155.gbk
201 37.3 503049 502735 genome.dna 8851227 8851539 NC_003155.gbk
1211 43.5 506771 505281 genome.dna 8842871 8841425 NC_003155.gbk
326 50.0 509102 508848 genome.dna 3998095 3997840 NC_003155.gbk
183 42.7 509350 509099 genome.dna 3998373 3998091 NC_003155.gbk
933 42.9 518034 519071 genome.dna 6982062 6983085 NC_003155.gbk
676 31.7 525365 524040 genome.dna 5185994 5187458 NC_003155.gbk
258 32.7 526894 527520 genome.dna 4548307 4548931 NC_003155.gbk
1200 41.8 530287 528905 genome.dna 5740775 5739365 NC_003155.gbk
272 31.2 539365 540081 genome.dna 2129888 2129198 NC_003155.gbk
427 35.1 550604 551389 genome.dna 4702543 4701766 NC_003155.gbk
1367 48.9 661026 659713 genome.dna 498785 497528 NC_003155.gbk
473 32.4 688832 689677 genome.dna 7091803 7092652 NC_003155.gbk
256 44.7 697176 697469 genome.dna 6040495 6040804 NC_003155.gbk
1961 59.3 697515 699164 genome.dna 4855818 4854192 NC_003155.gbk
259 34.9 704061 704669 genome.dna 3004667 3005447 NC_003155.gbk
828 42.7 708773 707778 genome.dna 8891812 8890795 NC_003155.gbk
335 30.5 713461 712685 genome.dna 8681619 8680917 NC_003155.gbk
733 37.3 726542 725589 genome.dna 7533899 7534889 NC_003155.gbk
984 45.0 727975 729114 genome.dna 1778762 1779905 NC_003155.gbk
2343 62.1 731182 729131 genome.dna 1601877 1599861 NC_003155.gbk
423 47.9 750702 751205 genome.dna 8438783 8438342 NC_003155.gbk
923 46.5 755628 756641 genome.dna 6021546 6022671 NC_003155.gbk
556 35.1 761351 760380 genome.dna 5914569 5915580 NC_003155.gbk
266 39.8 761608 761919 genome.dna 6637748 6638069 NC_003155.gbk
344 66.3 761939 762196 genome.dna 6638083 6638338 NC_003155.gbk
952 40.2 763509 764681 genome.dna 6638507 6639947 NC_003155.gbk
242 32.9 766454 766933 genome.dna 4109720 4110218 NC_003155.gbk
1918 47.6 768185 770122 genome.dna 5690936 5692931 NC_003155.gbk
658 41.2 770241 771074 genome.dna 5696946 5696013 NC_003155.gbk
1118 43.1 771082 772419 genome.dna 6007047 6008406 NC_003155.gbk
196 30.2 782083 782481 genome.dna 3128439 3127965 NC_003155.gbk
326 52.8 783547 783816 genome.dna 3089701 3089413 NC_003155.gbk
1227 45.1 784066 786186 genome.dna 3089066 3086849 NC_003155.gbk
868 42.1 795852 797180 genome.dna 4181710 4180426 NC_003155.gbk
165 30.2 803045 802602 genome.dna 6021071 6021554 NC_003155.gbk
1069 53.0 805628 804636 genome.dna 4902474 4901451 NC_003155.gbk
714 38.4 812975 814090 genome.dna 3402269 3403388 NC_003155.gbk
432 50.0 814149 814541 genome.dna 3403533 3403911 NC_003155.gbk
3619 57.5 814656 817529 genome.dna 8345153 8348117 NC_003155.gbk
460 40.7 818265 819005 genome.dna 4389313 4390057 NC_003155.gbk
506 32.1 820003 820902 genome.dna 8673610 8674516 NC_003155.gbk
1278 37.8 827924 825780 genome.dna 2012185 2010082 NC_003155.gbk
1128 44.0 839555 838230 genome.dna 7537561 7536256 NC_003155.gbk
517 39.5 858630 859340 genome.dna 8089919 8090708 NC_003155.gbk
1120 44.6 866383 867786 genome.dna 4049841 4048500 NC_003155.gbk
1028 34.6 894744 893086 genome.dna 8396659 8395027 NC_003155.gbk
415 33.3 912721 911924 genome.dna 5364244 5365051 NC_003155.gbk
475 49.7 918246 918758 genome.dna 4883690 4883216 NC_003155.gbk
281 30.2 919428 918802 genome.dna 4202011 4201357 NC_003155.gbk
378 41.6 927840 927358 genome.dna 6202120 6202654 NC_003155.gbk
395 31.0 931102 929441 genome.dna 7782992 7784729 NC_003155.gbk
790 43.8 939859 940740 genome.dna 8661888 8662830 NC_003155.gbk
566 32.8 940742 941554 genome.dna 8662826 8663702 NC_003155.gbk
783 40.6 947612 946671 genome.dna 3740308 3741247 NC_003155.gbk
489 33.3 948505 947609 genome.dna 7835955 7834998 NC_003155.gbk
234 30.1 957261 956803 genome.dna 1891254 1890783 NC_003155.gbk
726 44.2 987143 988024 genome.dna 6271194 6272145 NC_003155.gbk
293 36.4 994093 993584 genome.dna 8327922 8327472 NC_003155.gbk
471 34.5 995970 994243 genome.dna 8327396 8325725 NC_003155.gbk
147 32.1 996273 996016 genome.dna 2947306 2947588 NC_003155.gbk
2349 64.0 1010351 1008708 genome.dna 4008700 4010377 NC_003155.gbk
287 30.1 1029050 1029736 genome.dna 1986742 1986091 NC_003155.gbk
348 30.8 1030959 1031849 genome.dna 4361586 4362429 NC_003155.gbk
187 31.1 1067553 1068080 genome.dna 4573252 4573771 NC_003155.gbk
687 44.2 1087227 1087946 genome.dna 5046989 5047862 NC_003155.gbk
753 45.9 1154052 1153258 genome.dna 7143572 7142714 NC_003155.gbk
312 38.3 1155257 1156108 genome.dna 3226312 3225475 NC_003155.gbk
682 45.9 1156279 1157004 genome.dna 3225275 3224516 NC_003155.gbk
513 45.2 1157130 1157687 genome.dna 3224363 3223805 NC_003155.gbk
631 41.0 1157925 1159121 genome.dna 3144267 3143082 NC_003155.gbk
603 39.7 1159320 1160081 genome.dna 6806694 6807552 NC_003155.gbk
168 30.1 1166572 1167027 genome.dna 4529351 4528853 NC_003155.gbk
2214 36.1 1169670 1173152 genome.dna 7388155 7391695 NC_003155.gbk
658 45.3 1260789 1261478 genome.dna 5400538 5401288 NC_003155.gbk
1428 44.0 1267070 1268446 genome.dna 6268546 6269998 NC_003155.gbk
435 40.8 1270601 1269999 genome.dna 4029373 4029928 NC_003155.gbk
367 41.9 1280201 1280677 genome.dna 8239040 8239526 NC_003155.gbk
224 31.4 1280702 1281121 genome.dna 8187603 8188038 NC_003155.gbk
476 34.1 1281190 1282170 genome.dna 3284451 3283488 NC_003155.gbk
1498 38.5 1284598 1282733 genome.dna 2732397 2730468 NC_003155.gbk
145 30.6 1288101 1287511 genome.dna 2302226 2302772 NC_003155.gbk
406 41.6 1289161 1289652 genome.dna 5949946 5949457 NC_003155.gbk
465 30.6 1292157 1291267 genome.dna 7584998 7585856 NC_003155.gbk
376 33.5 1293119 1292505 genome.dna 7285718 7286339 NC_003155.gbk
1538 42.8 1295100 1293109 genome.dna 7826574 7824882 NC_003155.gbk
696 49.3 1301367 1301990 genome.dna 6608413 6609094 NC_003155.gbk
1702 63.1 1302154 1303428 genome.dna 6609254 6610541 NC_003155.gbk
966 42.1 1303620 1306001 genome.dna 3719048 3716612 NC_003155.gbk
1475 61.1 1311761 1310685 genome.dna 1772267 1771142 NC_003155.gbk
336 33.6 1312030 1312560 genome.dna 4652322 4652781 NC_003155.gbk
1136 45.6 1316909 1318201 genome.dna 6767816 6766505 NC_003155.gbk
833 46.9 1319182 1318319 genome.dna 6398314 6399187 NC_003155.gbk
234 45.0 1322693 1322445 genome.dna 1936715 1936991 NC_003155.gbk
566 52.8 1329655 1330212 genome.dna 8162697 8163246 NC_003155.gbk
235 36.4 1332403 1332732 genome.dna 5564944 5565286 NC_003155.gbk
573 43.2 1332732 1333337 genome.dna 5565398 5565998 NC_003155.gbk
643 51.1 1335658 1336302 genome.dna 5998473 5999136 NC_003155.gbk
501 50.0 1352428 1351949 genome.dna 7396885 7396384 NC_003155.gbk
1306 37.2 1356196 1353473 genome.dna 772353 770097 NC_003155.gbk
189 32.4 1356312 1356722 genome.dna 3452018 3451589 NC_003155.gbk
742 43.4 1358126 1357212 genome.dna 7760941 7761892 NC_003155.gbk
1491 46.4 1363499 1366138 genome.dna 5295832 5298427 NC_003155.gbk
662 34.1 1373667 1372498 genome.dna 8234376 8233164 NC_003155.gbk
336 45.2 1374223 1373804 genome.dna 1225057 1224631 NC_003155.gbk
534 38.8 1374601 1375371 genome.dna 2408478 2407716 NC_003155.gbk
450 33.7 1381835 1382692 genome.dna 4732416 4733256 NC_003155.gbk
228 30.7 1395770 1396903 genome.dna 8795099 8796188 NC_003155.gbk
241 37.2 1400772 1401275 genome.dna 8801423 8801975 NC_003155.gbk
1028 49.9 1402802 1401792 genome.dna 8807423 8808500 NC_003155.gbk
1238 48.6 1403920 1402802 genome.dna 8806306 8807431 NC_003155.gbk
152 34.9 1404198 1403920 genome.dna 8805989 8806310 NC_003155.gbk
1492 38.3 1420602 1422752 genome.dna 2248009 2249935 NC_003155.gbk
795 40.4 1422749 1425052 genome.dna 8803562 8805929 NC_003155.gbk
492 42.0 1426894 1426256 genome.dna 4270043 4269413 NC_003155.gbk
1069 50.4 1427931 1426894 genome.dna 5073851 5072756 NC_003155.gbk
598 45.2 1428285 1428911 genome.dna 5127511 5126875 NC_003155.gbk
206 34.5 1431761 1431390 genome.dna 7226613 7226253 NC_003155.gbk
501 50.4 1433876 1433409 genome.dna 6283244 6282776 NC_003155.gbk
577 37.2 1434853 1435731 genome.dna 3082064 3081164 NC_003155.gbk
1030 45.1 1458435 1457257 genome.dna 3499841 3498638 NC_003155.gbk
676 47.6 1459094 1458447 genome.dna 2079430 2080078 NC_003155.gbk
352 35.8 1459750 1459094 genome.dna 2078648 2079431 NC_003155.gbk
826 41.4 1470427 1469462 genome.dna 7236458 7235471 NC_003155.gbk
278 33.0 1479078 1478437 genome.dna 6649971 6650646 NC_003155.gbk
405 37.6 1483266 1480684 genome.dna 6661894 6664783 NC_003155.gbk
979 62.1 1484840 1484115 genome.dna 2401454 2400692 NC_003155.gbk
370 32.1 1486258 1485518 genome.dna 3033794 3034460 NC_003155.gbk
190 32.3 1490971 1490492 genome.dna 6757633 6758131 NC_003155.gbk
933 48.3 1492026 1490968 genome.dna 6756536 6757604 NC_003155.gbk
1051 39.6 1493774 1492350 genome.dna 3027844 3026317 NC_003155.gbk
525 30.7 1500518 1499295 genome.dna 1363636 1362457 NC_003155.gbk
605 39.5 1502595 1501795 genome.dna 3773971 3774757 NC_003155.gbk
328 31.1 1511664 1510897 genome.dna 664171 663295 NC_003155.gbk
2210 60.7 1512651 1514294 genome.dna 957277 955606 NC_003155.gbk
713 48.6 1515559 1514879 genome.dna 2921955 2921238 NC_003155.gbk
987 32.7 1518297 1515565 genome.dna 2924504 2921948 NC_003155.gbk
243 39.4 1519100 1518525 genome.dna 1097768 1097099 NC_003155.gbk
2522 63.3 1521264 1519120 genome.dna 1099877 1097792 NC_003155.gbk
1600 48.6 1522968 1521280 genome.dna 1101631 1099966 NC_003155.gbk
662 32.6 1528762 1530255 genome.dna 1503491 1504865 NC_003155.gbk
420 40.9 1531148 1531804 genome.dna 8275651 8275033 NC_003155.gbk
636 41.8 1531798 1532742 genome.dna 8275037 8274167 NC_003155.gbk
379 32.5 1534199 1534990 genome.dna 3052490 3053333 NC_003155.gbk
1492 52.1 1536355 1535069 genome.dna 6458678 6459968 NC_003155.gbk
1809 48.1 1537737 1539503 genome.dna 4218294 4220049 NC_003155.gbk
685 41.8 1539520 1540236 genome.dna 4220048 4220822 NC_003155.gbk
869 41.2 1544898 1546064 genome.dna 4276685 4275506 NC_003155.gbk
984 53.6 1546064 1546936 genome.dna 2226183 2225283 NC_003155.gbk
652 36.8 1549251 1550390 genome.dna 5224786 5223781 NC_003155.gbk
581 32.7 1561588 1560626 genome.dna 8405793 8406909 NC_003155.gbk
852 51.6 1563766 1563014 genome.dna 4905161 4905923 NC_003155.gbk
742 38.2 1571894 1570848 genome.dna 6971994 6970842 NC_003155.gbk
727 43.8 1573036 1572017 genome.dna 4425634 4424674 NC_003155.gbk
176 31.4 1576123 1576893 genome.dna 2098918 2099743 NC_003155.gbk
502 30.2 1583143 1582073 genome.dna 2236741 2235736 NC_003155.gbk
315 31.0 1586578 1585757 genome.dna 5217387 5218305 NC_003155.gbk
426 45.5 1600255 1600836 genome.dna 5453353 5453929 NC_003155.gbk
1012 37.3 1633374 1634744 genome.dna 6113504 6114872 NC_003155.gbk
1097 54.2 1637078 1636206 genome.dna 1206711 1205811 NC_003155.gbk
1650 53.5 1638449 1639855 genome.dna 8643586 8642146 NC_003155.gbk
953 35.7 1647128 1648552 genome.dna 6366342 6364893 NC_003155.gbk
1796 55.8 1652381 1653892 genome.dna 6474501 6476004 NC_003155.gbk
1316 49.4 1654089 1656020 genome.dna 6472603 6474487 NC_003155.gbk
666 36.6 1656775 1657761 genome.dna 2424037 2425048 NC_003155.gbk
643 38.3 1660540 1661571 genome.dna 6897310 6896314 NC_003155.gbk
688 37.9 1661611 1662744 genome.dna 8516435 8515250 NC_003155.gbk
440 35.2 1665648 1666472 genome.dna 6471785 6472607 NC_003155.gbk
574 38.1 1674049 1674948 genome.dna 4902640 4903567 NC_003155.gbk
1231 58.6 1676095 1677111 genome.dna 833509 834505 NC_003155.gbk
1261 33.8 1732656 1729534 genome.dna 2145007 2147932 NC_003155.gbk
704 39.6 1734028 1732952 genome.dna 1301899 1302979 NC_003155.gbk
788 39.3 1735237 1734179 genome.dna 3217607 3216569 NC_003155.gbk
781 48.1 1751217 1749904 genome.dna 7889001 7890408 NC_003155.gbk
618 45.3 1763515 1764231 genome.dna 4397761 4396972 NC_003155.gbk
461 34.8 1766696 1765863 genome.dna 4923143 4923956 NC_003155.gbk
750 43.9 1778827 1779630 genome.dna 2967103 2966251 NC_003155.gbk
290 42.1 1779652 1780665 genome.dna 1862700 1863681 NC_003155.gbk
1663 53.6 1794345 1795769 genome.dna 3209558 3208118 NC_003155.gbk
843 37.2 1796099 1797505 genome.dna 2787875 2789159 NC_003155.gbk
1630 51.4 1800077 1801579 genome.dna 7046345 7044872 NC_003155.gbk
766 34.4 1830416 1829217 genome.dna 7129277 7130717 NC_003155.gbk
2084 49.5 1847037 1842241 genome.dna 3047310 3052287 NC_003155.gbk
387 47.5 1858446 1858988 genome.dna 570939 571578 NC_003155.gbk
382 30.0 1862075 1860786 genome.dna 8906488 8905144 NC_003155.gbk
552 41.2 1986118 1986840 genome.dna 3229997 3229154 NC_003155.gbk
602 34.0 1994834 1996513 genome.dna 8288540 8286989 NC_003155.gbk
275 39.6 2005949 2005503 genome.dna 5946479 5946872 NC_003155.gbk
323 46.2 2009604 2010017 genome.dna 8407501 8407093 NC_003155.gbk
206 44.7 2010635 2010913 genome.dna 3263576 3263294 NC_003155.gbk
157 31.5 2013548 2013970 genome.dna 6552279 6552738 NC_003155.gbk
481 39.6 2021483 2019963 genome.dna 8767056 8768469 NC_003155.gbk
1081 47.1 2028974 2027880 genome.dna 1850561 1851641 NC_003155.gbk
357 32.5 2030910 2030332 genome.dna 3316559 3317180 NC_003155.gbk
670 38.2 2042130 2043083 genome.dna 2245107 2244159 NC_003155.gbk
464 34.4 2043101 2044030 genome.dna 6993859 6992908 NC_003155.gbk
738 49.4 2044045 2044779 genome.dna 7740858 7741578 NC_003155.gbk
195 44.6 2044934 2045170 genome.dna 6991768 6991519 NC_003155.gbk
1101 43.2 2045253 2046494 genome.dna 6991437 6990165 NC_003155.gbk
443 34.2 2050132 2050929 genome.dna 4444062 4443174 NC_003155.gbk
1156 43.7 2051245 2052678 genome.dna 6275093 6273824 NC_003155.gbk
1325 46.6 2053746 2055224 genome.dna 2773797 2772327 NC_003155.gbk
277 37.0 2055442 2055792 genome.dna 6747918 6748272 NC_003155.gbk
1297 49.9 2064554 2063346 genome.dna 2934897 2936136 NC_003155.gbk
216 31.7 2064690 2065280 genome.dna 739236 738600 NC_003155.gbk
2160 36.3 2070405 2066956 genome.dna 4394151 4390620 NC_003155.gbk
578 44.3 2071740 2072447 genome.dna 6535218 6534504 NC_003155.gbk
384 42.5 2079241 2079792 genome.dna 4670804 4671314 NC_003155.gbk
482 44.4 2085741 2085214 genome.dna 7930605 7930068 NC_003155.gbk
1156 42.3 2086038 2087372 genome.dna 7929967 7928569 NC_003155.gbk
782 42.2 2091759 2090755 genome.dna 753176 752204 NC_003155.gbk
833 32.2 2099496 2097796 genome.dna 7198685 7200536 NC_003155.gbk
1129 39.7 2112831 2114330 genome.dna 7592406 7593831 NC_003155.gbk
808 53.5 2114428 2115174 genome.dna 7595427 7596210 NC_003155.gbk
1265 45.0 2116495 2117718 genome.dna 7596206 7597463 NC_003155.gbk
1187 41.4 2121733 2120321 genome.dna 7468936 7470373 NC_003155.gbk
1357 60.7 2158261 2157266 genome.dna 2505988 2504983 NC_003155.gbk
509 34.7 2159158 2158370 genome.dna 6044244 6043470 NC_003155.gbk
449 31.4 2160262 2161053 genome.dna 5430438 5431380 NC_003155.gbk
372 34.7 2169627 2170376 genome.dna 8016262 8015437 NC_003155.gbk
663 51.7 2170388 2171023 genome.dna 8015441 8014805 NC_003155.gbk
2230 54.1 2171266 2174868 genome.dna 8014809 8011293 NC_003155.gbk
1121 39.8 2177036 2175615 genome.dna 8840603 8839127 NC_003155.gbk
543 37.3 2177765 2177046 genome.dna 8841355 8840599 NC_003155.gbk
940 33.7 2179364 2177811 genome.dna 6111640 6113257 NC_003155.gbk
413 39.8 2181519 2182154 genome.dna 8236485 8237094 NC_003155.gbk
179 34.6 2188157 2187750 genome.dna 6550920 6551373 NC_003155.gbk
709 37.8 2190305 2191417 genome.dna 2088638 2089793 NC_003155.gbk
669 45.1 2191939 2192622 genome.dna 4766940 4766265 NC_003155.gbk
1279 47.4 2192856 2194133 genome.dna 7737629 7736360 NC_003155.gbk
1555 58.9 2198282 2200954 genome.dna 2756010 2753292 NC_003155.gbk
945 49.1 2227418 2225106 genome.dna 7481642 7479359 NC_003155.gbk
470 35.2 2239913 2239125 genome.dna 7741583 7742351 NC_003155.gbk
568 38.6 2246565 2247398 genome.dna 921387 920541 NC_003155.gbk
334 35.4 2275290 2274685 genome.dna 5322974 5322320 NC_003155.gbk
1770 61.8 2275609 2279496 genome.dna 5064050 5068028 NC_003155.gbk
688 34.5 2300071 2298971 genome.dna 7535096 7536197 NC_003155.gbk
527 39.4 2306210 2305560 genome.dna 7757204 7757846 NC_003155.gbk
493 38.1 2308348 2309736 genome.dna 6216714 6218106 NC_003155.gbk
428 44.8 2318259 2318798 genome.dna 6539465 6538934 NC_003155.gbk
266 42.7 2324296 2324544 genome.dna 1273169 1272887 NC_003155.gbk
1082 40.8 2336995 2338260 genome.dna 3175461 3176796 NC_003155.gbk
1503 49.0 2338271 2339743 genome.dna 8520771 8519322 NC_003155.gbk
829 30.1 2355815 2357275 genome.dna 5549590 5548087 NC_003155.gbk
944 41.0 2359305 2358133 genome.dna 7159216 7160443 NC_003155.gbk
458 30.0 2362568 2361327 genome.dna 1847272 1848619 NC_003155.gbk
976 42.4 2440593 2442395 genome.dna 8011277 8009624 NC_003155.gbk
306 31.2 2446059 2446862 genome.dna 5361082 5361766 NC_003155.gbk
958 47.6 2446859 2448127 genome.dna 1480654 1481956 NC_003155.gbk
829 42.7 2449772 2450872 genome.dna 1482916 1484026 NC_003155.gbk
674 48.6 2450865 2451701 genome.dna 1484022 1484829 NC_003155.gbk
639 46.4 2451703 2452401 genome.dna 1484828 1485521 NC_003155.gbk
1050 62.6 2455912 2455088 genome.dna 7838995 7839784 NC_003155.gbk
893 46.4 2456878 2455934 genome.dna 8585755 8586712 NC_003155.gbk
599 35.9 2458582 2457599 genome.dna 8587566 8588592 NC_003155.gbk
1125 40.7 2460964 2459636 genome.dna 6568027 6566665 NC_003155.gbk
233 30.3 2461266 2461811 genome.dna 1827292 1826785 NC_003155.gbk
629 36.3 2463282 2462086 genome.dna 4190340 4189086 NC_003155.gbk
495 35.4 2472640 2473437 genome.dna 3809244 3810045 NC_003155.gbk
655 34.3 2477692 2478756 genome.dna 2003665 2002444 NC_003155.gbk
1169 50.1 2487322 2486231 genome.dna 3999662 3998573 NC_003155.gbk
429 40.0 2488039 2487452 genome.dna 4414138 4414750 NC_003155.gbk
874 44.3 2489732 2488785 genome.dna 4412313 4413288 NC_003155.gbk
794 47.8 2492889 2493971 genome.dna 3644246 3643169 NC_003155.gbk
402 33.5 2493971 2494816 genome.dna 3643123 3642241 NC_003155.gbk
1955 60.8 2502156 2503685 genome.dna 482912 481355 NC_003155.gbk
1971 67.1 2503696 2505084 genome.dna 481349 479882 NC_003155.gbk
318 40.6 2524682 2525110 genome.dna 2287413 2286987 NC_003155.gbk
706 40.1 2530749 2531648 genome.dna 1406455 1407412 NC_003155.gbk
274 36.4 2538647 2539090 genome.dna 1576669 1576267 NC_003155.gbk
809 41.0 2540511 2541806 genome.dna 8067169 8068423 NC_003155.gbk
1298 47.5 2542867 2544249 genome.dna 3012729 3011274 NC_003155.gbk
758 39.0 2544268 2545785 genome.dna 6388291 6386773 NC_003155.gbk
767 39.1 2547155 2548117 genome.dna 818171 817262 NC_003155.gbk
563 39.4 2552084 2552833 genome.dna 5799323 5798543 NC_003155.gbk
1026 35.9 2556170 2554698 genome.dna 4398148 4399708 NC_003155.gbk
436 32.9 2559421 2558525 genome.dna 1453279 1454158 NC_003155.gbk
968 38.7 2559536 2560804 genome.dna 4176311 4177604 NC_003155.gbk
1371 49.2 2563367 2561970 genome.dna 4014274 4015678 NC_003155.gbk
861 40.1 2563607 2564779 genome.dna 6116495 6117647 NC_003155.gbk
523 30.7 2567649 2568662 genome.dna 3189221 3190298 NC_003155.gbk
950 47.4 2570445 2569453 genome.dna 2261025 2259984 NC_003155.gbk
838 43.1 2571743 2570592 genome.dna 6317579 6316484 NC_003155.gbk
312 41.6 2595969 2596559 genome.dna 7688710 7688110 NC_003155.gbk
395 32.0 2599344 2598460 genome.dna 3877673 3876806 NC_003155.gbk
615 34.7 2605113 2606180 genome.dna 7290083 7291148 NC_003155.gbk
1491 58.8 2607572 2608762 genome.dna 7422536 7423823 NC_003155.gbk
420 31.0 2608762 2609568 genome.dna 7423819 7424653 NC_003155.gbk
1109 52.4 2628084 2627089 genome.dna 3919703 3918719 NC_003155.gbk
602 34.1 2629004 2628096 genome.dna 3805603 3804694 NC_003155.gbk
407 37.1 2637907 2637311 genome.dna 2942433 2941782 NC_003155.gbk
772 43.6 2639766 2638855 genome.dna 4548213 4547310 NC_003155.gbk
236 39.8 2642181 2642648 genome.dna 7931872 7931449 NC_003155.gbk
694 39.9 2642732 2643580 genome.dna 4751640 4750758 NC_003155.gbk
346 35.3 2645012 2644386 genome.dna 3390851 3390194 NC_003155.gbk
433 31.3 2645457 2646263 genome.dna 4484641 4483777 NC_003155.gbk
272 35.4 2652833 2653480 genome.dna 6265454 6264869 NC_003155.gbk
395 42.9 2654386 2653967 genome.dna 2684457 2684049 NC_003155.gbk
1103 50.3 2654735 2655739 genome.dna 7559710 7560718 NC_003155.gbk
909 49.1 2657649 2656798 genome.dna 8625548 8624702 NC_003155.gbk
507 41.5 2677723 2677067 genome.dna 3299403 3298626 NC_003155.gbk
948 34.5 2683421 2681736 genome.dna 7911727 7913395 NC_003155.gbk
243 33.5 2685383 2684682 genome.dna 6020406 6021054 NC_003155.gbk
603 34.1 2687417 2685498 genome.dna 3007643 3005609 NC_003155.gbk
1570 52.2 2691006 2692370 genome.dna 3405294 3406662 NC_003155.gbk
405 34.4 2702630 2701800 genome.dna 5457267 5456415 NC_003155.gbk
457 31.0 2706704 2707561 genome.dna 6811954 6811057 NC_003155.gbk
332 31.4 2709729 2710394 genome.dna 1878547 1879243 NC_003155.gbk
544 37.8 2712101 2712862 genome.dna 7928559 7927800 NC_003155.gbk
840 42.3 2714816 2715706 genome.dna 8131462 8132434 NC_003155.gbk
704 34.8 2715699 2716604 genome.dna 8132403 8133312 NC_003155.gbk
1178 36.3 2726216 2727934 genome.dna 2875672 2873755 NC_003155.gbk
1260 36.5 2731236 2728849 genome.dna 8059287 8061789 NC_003155.gbk
373 41.9 2732234 2731251 genome.dna 8058205 8059288 NC_003155.gbk
420 57.3 2732903 2732547 genome.dna 8055354 8055738 NC_003155.gbk
137 42.6 2733144 2732947 genome.dna 8055064 8055259 NC_003155.gbk
1350 37.7 2735713 2733785 genome.dna 8142863 8144840 NC_003155.gbk
310 31.3 2741372 2740491 genome.dna 7231142 7230209 NC_003155.gbk
619 35.6 2757088 2758194 genome.dna 3381738 3380607 NC_003155.gbk
556 35.4 2767679 2768455 genome.dna 3181999 3181198 NC_003155.gbk
123 30.6 2771944 2772576 genome.dna 7763189 7762649 NC_003155.gbk
724 55.5 2793288 2792647 genome.dna 7088942 7088282 NC_003155.gbk
1139 41.6 2794931 2793456 genome.dna 7581245 7579721 NC_003155.gbk
1215 54.1 2809298 2808294 genome.dna 8157958 8159029 NC_003155.gbk
274 32.2 2809923 2809306 genome.dna 8157175 8157787 NC_003155.gbk
356 40.0 2810663 2810151 genome.dna 8156648 8157179 NC_003155.gbk
762 47.4 2811487 2810744 genome.dna 8155697 8156450 NC_003155.gbk
1514 41.2 2813755 2811956 genome.dna 5377023 5378787 NC_003155.gbk
1304 41.6 2835515 2837245 genome.dna 5790500 5788727 NC_003155.gbk
463 37.4 2839971 2839006 genome.dna 8374209 8375115 NC_003155.gbk
259 32.1 2841233 2840649 genome.dna 2319135 2318592 NC_003155.gbk
830 41.5 2859653 2858643 genome.dna 8197640 8198747 NC_003155.gbk
301 35.6 2869134 2868487 genome.dna 8169041 8169749 NC_003155.gbk
294 30.1 2879411 2878626 genome.dna 7265704 7264990 NC_003155.gbk
320 30.5 2883083 2881677 genome.dna 7655169 7656327 NC_003155.gbk
178 60.0 2884347 2884165 genome.dna 6115062 6115233 NC_003155.gbk
225 31.8 2890358 2889900 genome.dna 972629 972200 NC_003155.gbk
1330 46.2 2898013 2896643 genome.dna 1671080 1669688 NC_003155.gbk
197 31.2 2900715 2899810 genome.dna 5191379 5190539 NC_003155.gbk
380 30.5 2903705 2902830 genome.dna 7427591 7426733 NC_003155.gbk
550 36.8 2906057 2905173 genome.dna 6314907 6315765 NC_003155.gbk
285 30.8 2916384 2917283 genome.dna 8239882 8240740 NC_003155.gbk
839 35.4 2917289 2918617 genome.dna 7400714 7402040 NC_003155.gbk
438 32.6 2918614 2919687 genome.dna 7402036 7403146 NC_003155.gbk
318 38.3 2920770 2921360 genome.dna 7403887 7404535 NC_003155.gbk
692 44.7 2922086 2922862 genome.dna 7405654 7406410 NC_003155.gbk
459 36.3 2926492 2925815 genome.dna 7809254 7809950 NC_003155.gbk
721 36.0 2928002 2926713 genome.dna 3800067 3801408 NC_003155.gbk
1174 46.9 2975613 2974318 genome.dna 2795947 2797231 NC_003155.gbk
1071 42.6 2977060 2975717 genome.dna 8172294 8173656 NC_003155.gbk
904 46.6 2982496 2983455 genome.dna 5277066 5278038 NC_003155.gbk
316 64.4 2988043 2988261 genome.dna 6000286 6000508 NC_003155.gbk
344 41.5 2990339 2989860 genome.dna 4249118 4249640 NC_003155.gbk
1056 39.6 2992855 2990582 genome.dna 5721982 5724508 NC_003155.gbk
279 60.6 2993630 2993851 genome.dna 977664 977460 NC_003155.gbk
279 59.1 2993630 2993851 genome.dna 5860982 5860778 NC_003155.gbk
720 37.0 2999998 3001434 genome.dna 1501529 1503104 NC_003155.gbk
512 34.1 3009847 3009002 genome.dna 2117837 2116979 NC_003155.gbk
602 36.7 3010809 3009844 genome.dna 3182944 3181999 NC_003155.gbk
969 43.7 3011957 3010824 genome.dna 3184104 3182940 NC_003155.gbk
345 30.6 3013338 3012229 genome.dna 3185348 3184100 NC_003155.gbk
281 31.9 3027219 3026053 genome.dna 3362168 3363332 NC_003155.gbk
677 42.2 3038226 3036349 genome.dna 7322268 7320282 NC_003155.gbk
132 32.0 3040751 3040365 genome.dna 2584255 2584654 NC_003155.gbk
371 37.0 3046334 3045672 genome.dna 5693073 5693679 NC_003155.gbk
779 36.0 3050037 3051158 genome.dna 7894855 7895935 NC_003155.gbk
574 35.7 3058890 3057901 genome.dna 8916126 8915148 NC_003155.gbk
386 34.1 3064304 3063432 genome.dna 8038441 8039362 NC_003155.gbk
440 32.6 3065575 3066420 genome.dna 7328612 7327679 NC_003155.gbk
484 36.2 3069350 3068412 genome.dna 4866206 4867136 NC_003155.gbk
703 42.2 3106945 3107832 genome.dna 4783797 4782843 NC_003155.gbk
230 30.3 3108684 3109187 genome.dna 3055274 3054803 NC_003155.gbk
793 46.1 3137830 3136895 genome.dna 2574585 2575527 NC_003155.gbk
921 51.2 3148240 3147401 genome.dna 7777814 7778702 NC_003155.gbk
751 39.1 3149284 3148253 genome.dna 7776759 7777818 NC_003155.gbk
798 41.4 3150266 3149277 genome.dna 7775719 7776763 NC_003155.gbk
233 31.9 3155124 3154672 genome.dna 3821375 3820913 NC_003155.gbk
464 52.2 3155863 3155369 genome.dna 4545899 4545386 NC_003155.gbk
529 35.4 3157424 3156435 genome.dna 7733781 7734813 NC_003155.gbk
276 30.8 3157972 3158883 genome.dna 7554313 7555381 NC_003155.gbk
2334 55.6 3161386 3159374 genome.dna 7528430 7530572 NC_003155.gbk
231 30.6 3163130 3162450 genome.dna 8454701 8453984 NC_003155.gbk
673 36.2 3165022 3163865 genome.dna 8457311 8458469 NC_003155.gbk
919 56.5 3166195 3167499 genome.dna 8456016 8454702 NC_003155.gbk
531 39.3 3167776 3168570 genome.dna 3151310 3150500 NC_003155.gbk
1668 46.2 3171157 3172854 genome.dna 4782675 4780953 NC_003155.gbk
659 34.3 3173816 3172911 genome.dna 3920631 3919710 NC_003155.gbk
685 37.2 3174746 3173826 genome.dna 3921604 3920680 NC_003155.gbk
829 36.3 3185328 3186677 genome.dna 2081836 2083174 NC_003155.gbk
243 35.1 3230474 3228642 genome.dna 7551261 7553307 NC_003155.gbk
438 36.1 3231123 3230467 genome.dna 8819548 8820220 NC_003155.gbk
679 49.0 3279845 3280585 genome.dna 3408601 3407938 NC_003155.gbk
790 37.7 3290769 3289561 genome.dna 3385485 3384315 NC_003155.gbk
226 30.7 3295986 3295378 genome.dna 860133 860766 NC_003155.gbk
817 38.3 3314908 3313691 genome.dna 5953648 5952466 NC_003155.gbk
426 32.9 3320342 3321007 genome.dna 6337663 6337012 NC_003155.gbk
250 33.6 3325375 3325824 genome.dna 322431 322938 NC_003155.gbk
304 47.0 3333853 3334194 genome.dna 1850445 1850085 NC_003155.gbk
855 36.4 3352107 3353684 genome.dna 5226314 5224805 NC_003155.gbk
304 43.9 3355116 3355481 genome.dna 7918345 7917952 NC_003155.gbk
925 34.9 3364676 3363084 genome.dna 7705393 7706992 NC_003155.gbk
920 36.3 3368339 3370030 genome.dna 2106815 2105213 NC_003155.gbk
642 34.9 3372145 3370688 genome.dna 5894719 5896348 NC_003155.gbk
784 34.9 3373687 3372152 genome.dna 5893124 5894723 NC_003155.gbk
1197 39.4 3375638 3373788 genome.dna 5891214 5893119 NC_003155.gbk
253 39.4 3375937 3375635 genome.dna 5890901 5891201 NC_003155.gbk
229 32.3 3376497 3375934 genome.dna 5939320 5939944 NC_003155.gbk
408 37.4 3377049 3376507 genome.dna 5889463 5890066 NC_003155.gbk
721 38.1 3378041 3377067 genome.dna 5937702 5938671 NC_003155.gbk
1324 48.0 3382301 3380952 genome.dna 5884259 5885609 NC_003155.gbk
489 33.5 3387504 3386554 genome.dna 2261158 2262028 NC_003155.gbk
489 33.5 3388991 3388041 genome.dna 2261158 2262028 NC_003155.gbk
1859 65.4 3389494 3390708 genome.dna 2448254 2449463 NC_003155.gbk
467 37.1 3394163 3393489 genome.dna 7035453 7036116 NC_003155.gbk
1090 47.8 3395711 3396913 genome.dna 3469411 3470629 NC_003155.gbk
1341 38.4 3396993 3399131 genome.dna 3467324 3469415 NC_003155.gbk
96 30.6 3401548 3400997 genome.dna 8946806 8947310 NC_003155.gbk
707 38.9 3402984 3403889 genome.dna 7241899 7240978 NC_003155.gbk
321 36.2 3408161 3407589 genome.dna 5852781 5853447 NC_003155.gbk
629 37.7 3409858 3408341 genome.dna 5075464 5073883 NC_003155.gbk
382 31.5 3412525 3411257 genome.dna 6614986 6616348 NC_003155.gbk
442 34.1 3415469 3414618 genome.dna 6003706 6004564 NC_003155.gbk
326 31.3 3416479 3415469 genome.dna 5568294 5569371 NC_003155.gbk
477 33.6 3425582 3424782 genome.dna 6850412 6851195 NC_003155.gbk
193 37.1 3427528 3426443 genome.dna 8181891 8183076 NC_003155.gbk
945 33.0 3438550 3436355 genome.dna 2713367 2715494 NC_003155.gbk
586 33.3 3474824 3473256 genome.dna 7646359 7647691 NC_003155.gbk
489 35.4 3512886 3511738 genome.dna 988160 986810 NC_003155.gbk
824 46.8 3516455 3517318 genome.dna 4266758 4265903 NC_003155.gbk
1226 42.5 3519048 3517663 genome.dna 4894266 4892865 NC_003155.gbk
528 53.9 3521609 3522118 genome.dna 6079809 6080343 NC_003155.gbk
510 34.3 3522115 3523185 genome.dna 6078589 6079813 NC_003155.gbk
1318 36.7 3531913 3533985 genome.dna 4987757 4990112 NC_003155.gbk
471 56.3 3537011 3536586 genome.dna 6175638 6176052 NC_003155.gbk
423 47.1 3537641 3537204 genome.dna 6175510 6175006 NC_003155.gbk
832 37.1 3540580 3539417 genome.dna 4424671 4423525 NC_003155.gbk
528 30.5 3549622 3550470 genome.dna 7197730 7198639 NC_003155.gbk
1559 37.6 3551956 3554016 genome.dna 1789421 1787384 NC_003155.gbk
985 51.0 3557435 3556470 genome.dna 5050272 5049327 NC_003155.gbk
556 39.4 3569781 3570509 genome.dna 6136557 6137247 NC_003155.gbk
641 46.1 3577570 3576767 genome.dna 8582018 8581220 NC_003155.gbk
1700 51.8 3590632 3589055 genome.dna 4312144 4310566 NC_003155.gbk
1607 51.1 3592205 3590739 genome.dna 6048663 6050172 NC_003155.gbk
619 31.0 3592378 3593766 genome.dna 4002835 4004044 NC_003155.gbk
1122 49.6 3594004 3595047 genome.dna 6773953 6772882 NC_003155.gbk
430 38.5 3596586 3597341 genome.dna 1135849 1134940 NC_003155.gbk
453 33.7 3599984 3598497 genome.dna 7810702 7812178 NC_003155.gbk
1011 39.8 3603229 3601955 genome.dna 8169762 8171025 NC_003155.gbk
1037 47.2 3604488 3603367 genome.dna 3141613 3140455 NC_003155.gbk
746 37.0 3607701 3606505 genome.dna 3221674 3220567 NC_003155.gbk
361 42.7 3608433 3608005 genome.dna 6616788 6617202 NC_003155.gbk
659 31.9 3610387 3611748 genome.dna 2139901 2138563 NC_003155.gbk
461 33.0 3611852 3612721 genome.dna 2940583 2939731 NC_003155.gbk
969 44.9 3621177 3619963 genome.dna 3677807 3678962 NC_003155.gbk
235 35.6 3621953 3621459 genome.dna 6961465 6961924 NC_003155.gbk
550 39.3 3622920 3623723 genome.dna 2933600 2932781 NC_003155.gbk
1472 54.7 3635387 3634134 genome.dna 3403924 3405187 NC_003155.gbk
880 38.3 3635748 3636938 genome.dna 7167978 7166775 NC_003155.gbk
410 31.0 3639338 3640444 genome.dna 7647693 7648833 NC_003155.gbk
445 57.1 3640872 3640534 genome.dna 6766509 6766170 NC_003155.gbk
464 53.5 3651787 3651263 genome.dna 5129203 5129632 NC_003155.gbk
957 54.4 3653449 3652523 genome.dna 4844521 4845457 NC_003155.gbk
228 36.0 3680225 3679845 genome.dna 6013028 6013400 NC_003155.gbk
441 35.7 3682691 3681786 genome.dna 6767982 6768975 NC_003155.gbk
2155 53.4 3686442 3684643 genome.dna 6725080 6726949 NC_003155.gbk
1171 41.1 3689812 3691413 genome.dna 5714133 5715951 NC_003155.gbk
785 54.1 3694571 3695257 genome.dna 8371164 8371848 NC_003155.gbk
444 37.4 3698228 3696813 genome.dna 3298634 3297119 NC_003155.gbk
1335 55.6 3700216 3699110 genome.dna 4851187 4850059 NC_003155.gbk
874 43.6 3700404 3701453 genome.dna 2427603 2428632 NC_003155.gbk
486 44.4 3701538 3702119 genome.dna 1346650 1347208 NC_003155.gbk
313 44.7 3714535 3714188 genome.dna 7274892 7275249 NC_003155.gbk
1355 50.4 3714803 3716083 genome.dna 5835210 5836527 NC_003155.gbk
854 37.7 3727511 3725031 genome.dna 7491708 7489074 NC_003155.gbk
686 44.3 3732844 3733638 genome.dna 7155241 7154377 NC_003155.gbk
372 49.1 3734665 3735045 genome.dna 8640231 8640651 NC_003155.gbk
317 30.8 3737076 3737717 genome.dna 6843297 6843903 NC_003155.gbk
618 54.7 3738313 3737777 genome.dna 5690145 5690706 NC_003155.gbk
3034 55.8 3762599 3760023 genome.dna 5513633 5516246 NC_003155.gbk
410 37.4 3763458 3762733 genome.dna 7367273 7368002 NC_003155.gbk
548 36.6 3764478 3763501 genome.dna 7377079 7378024 NC_003155.gbk
306 32.7 3770090 3770806 genome.dna 8474388 8475144 NC_003155.gbk
396 49.6 3773009 3772662 genome.dna 3238391 3238040 NC_003155.gbk
454 41.3 3773827 3773072 genome.dna 3239375 3238526 NC_003155.gbk
1448 49.1 3776200 3774839 genome.dna 3246002 3244451 NC_003155.gbk
950 41.6 3784972 3782345 genome.dna 8175573 8178246 NC_003155.gbk
1474 67.5 3786717 3785644 genome.dna 3040884 3039750 NC_003155.gbk
285 36.3 3787319 3786825 genome.dna 3056551 3056005 NC_003155.gbk
1361 52.3 3882715 3881462 genome.dna 6644623 6645910 NC_003155.gbk
767 38.5 3883829 3882726 genome.dna 6642603 6643731 NC_003155.gbk
482 36.3 3890258 3889458 genome.dna 4126448 4127360 NC_003155.gbk
731 36.7 3898328 3897126 genome.dna 7967525 7968644 NC_003155.gbk
761 44.7 3898447 3899475 genome.dna 7963967 7965008 NC_003155.gbk
532 44.3 3906590 3906045 genome.dna 7967007 7966413 NC_003155.gbk
628 45.2 3907276 3906587 genome.dna 7966417 7965697 NC_003155.gbk
360 38.1 3907890 3907273 genome.dna 7965701 7965092 NC_003155.gbk
984 41.4 3908071 3909228 genome.dna 5519662 5518465 NC_003155.gbk
558 32.7 3911288 3910026 genome.dna 4330708 4329466 NC_003155.gbk
339 30.5 3917101 3918687 genome.dna 2372822 2370884 NC_003155.gbk
651 32.4 3918901 3920391 genome.dna 6341422 6339979 NC_003155.gbk
964 50.5 3926541 3925651 genome.dna 3338679 3339549 NC_003155.gbk
361 34.6 3938346 3938765 genome.dna 8636702 8637158 NC_003155.gbk
1377 48.9 3945541 3944261 genome.dna 3327138 3325806 NC_003155.gbk
930 50.0 3952362 3953393 genome.dna 8105881 8106982 NC_003155.gbk
640 45.5 3953386 3954039 genome.dna 8106978 8107758 NC_003155.gbk
609 40.7 3954101 3954916 genome.dna 8108670 8109510 NC_003155.gbk
1432 43.3 3956293 3958011 genome.dna 3138583 3136888 NC_003155.gbk
300 36.1 3963052 3962555 genome.dna 4895001 4894476 NC_003155.gbk
237 32.8 3963804 3963091 genome.dna 4895743 4894990 NC_003155.gbk
932 59.0 3966155 3966877 genome.dna 7676791 7677595 NC_003155.gbk
407 39.7 3967961 3967344 genome.dna 2597282 2597819 NC_003155.gbk
898 48.3 3970373 3969465 genome.dna 2815297 2816233 NC_003155.gbk
898 48.3 3970373 3969465 genome.dna 2597815 2598751 NC_003155.gbk
616 32.8 3971825 3970383 genome.dna 8115976 8117209 NC_003155.gbk
386 33.8 3972869 3972135 genome.dna 2596503 2597241 NC_003155.gbk
498 34.8 3994388 3993498 genome.dna 5817275 5818232 NC_003155.gbk
675 38.4 3994559 3995977 genome.dna 1478626 1477300 NC_003155.gbk
543 42.0 3996022 3996702 genome.dna 5817148 5816452 NC_003155.gbk
1589 59.4 4001743 4000448 genome.dna 4373537 4372250 NC_003155.gbk
1830 53.0 4003479 4001842 genome.dna 7791197 7792847 NC_003155.gbk
964 42.7 4012636 4011491 genome.dna 2347678 2346526 NC_003155.gbk
818 45.1 4013697 4012813 genome.dna 2465737 2466655 NC_003155.gbk
643 37.1 4015967 4014627 genome.dna 6753648 6755235 NC_003155.gbk
1302 41.3 4027241 4025196 genome.dna 3377715 3375522 NC_003155.gbk
476 37.2 4036522 4035704 genome.dna 1631580 1630746 NC_003155.gbk
449 44.4 4039680 4040210 genome.dna 5685868 5685376 NC_003155.gbk
644 33.9 4051288 4053240 genome.dna 7467917 7466096 NC_003155.gbk
488 44.6 4053431 4053985 genome.dna 3265464 3264840 NC_003155.gbk
314 38.6 4059979 4059527 genome.dna 5253904 5253457 NC_003155.gbk
196 41.5 4060248 4060021 genome.dna 5254159 5253922 NC_003155.gbk
203 30.7 4064375 4065496 genome.dna 5796202 5797396 NC_003155.gbk
237 34.0 4071662 4071237 genome.dna 7166320 7166821 NC_003155.gbk
465 33.1 4077711 4078532 genome.dna 5756667 5757477 NC_003155.gbk
560 48.0 4079441 4080034 genome.dna 6278381 6278984 NC_003155.gbk
511 31.6 4080027 4081166 genome.dna 6736402 6737635 NC_003155.gbk
337 31.2 4102382 4101120 genome.dna 3653978 3652586 NC_003155.gbk
520 34.1 4114259 4113273 genome.dna 4880525 4881515 NC_003155.gbk
1136 40.4 4114440 4115846 genome.dna 5251463 5249987 NC_003155.gbk
453 36.7 4115888 4116970 genome.dna 6016208 6017384 NC_003155.gbk
3701 58.4 4139901 4137067 genome.dna 7543815 7546845 NC_003155.gbk
273 32.8 4140147 4140710 genome.dna 5254825 5254216 NC_003155.gbk
708 34.0 4181249 4182667 genome.dna 4249071 4247634 NC_003155.gbk
888 35.4 4231793 4230366 genome.dna 7254083 7252580 NC_003155.gbk
2737 49.0 4236582 4233919 genome.dna 7007451 7004703 NC_003155.gbk
706 42.6 4244964 4245854 genome.dna 5715947 5716943 NC_003155.gbk
437 40.9 4250722 4251348 genome.dna 7495698 7496340 NC_003155.gbk
196 35.8 4252799 4252404 genome.dna 3970532 3970139 NC_003155.gbk
1841 48.2 4255592 4252890 genome.dna 6146232 6149052 NC_003155.gbk
1116 48.8 4258960 4257809 genome.dna 7366086 7367277 NC_003155.gbk
945 39.4 4263557 4262097 genome.dna 2685865 2684470 NC_003155.gbk
596 35.4 4264711 4263620 genome.dna 7363711 7364803 NC_003155.gbk
684 33.2 4265910 4264708 genome.dna 6622681 6623878 NC_003155.gbk
313 34.7 4267226 4265910 genome.dna 7360887 7362291 NC_003155.gbk
620 42.7 4268312 4267230 genome.dna 7359817 7360891 NC_003155.gbk
813 39.2 4269667 4268306 genome.dna 7358405 7359821 NC_003155.gbk
881 38.0 4271151 4269664 genome.dna 7356880 7358401 NC_003155.gbk
287 31.9 4272901 4271138 genome.dna 7354753 7356715 NC_003155.gbk
718 41.5 4274186 4273242 genome.dna 7353262 7354219 NC_003155.gbk
400 42.5 4277861 4277370 genome.dna 3354412 3353884 NC_003155.gbk
1594 44.0 4279582 4277864 genome.dna 3356283 3354432 NC_003155.gbk
1116 34.8 4281750 4279945 genome.dna 6727207 6729118 NC_003155.gbk
697 39.2 4283764 4284855 genome.dna 3335649 3334605 NC_003155.gbk
1900 61.1 4284858 4286258 genome.dna 3292997 3291563 NC_003155.gbk
567 47.7 4286272 4286874 genome.dna 3291557 3290963 NC_003155.gbk
480 34.1 4289018 4288182 genome.dna 3047096 3046199 NC_003155.gbk
456 33.7 4319027 4319845 genome.dna 4441197 4440309 NC_003155.gbk
428 32.3 4322394 4323299 genome.dna 882500 881546 NC_003155.gbk
3353 54.8 4330684 4327460 genome.dna 8194256 8197565 NC_003155.gbk
668 46.3 4331847 4330699 genome.dna 8193121 8194264 NC_003155.gbk
1102 53.4 4334402 4333452 genome.dna 4002578 4001561 NC_003155.gbk
223 35.6 4335368 4334856 genome.dna 7376392 7376995 NC_003155.gbk
580 33.9 4339154 4338213 genome.dna 3123031 3122077 NC_003155.gbk
190 39.1 4339580 4339843 genome.dna 6724827 6724560 NC_003155.gbk
840 39.1 4342070 4340889 genome.dna 5613514 5612113 NC_003155.gbk
1038 42.9 4343498 4342359 genome.dna 6740526 6741663 NC_003155.gbk
2116 53.5 4345514 4343607 genome.dna 8630199 8632101 NC_003155.gbk
323 31.7 4354760 4353831 genome.dna 3649738 3648820 NC_003155.gbk
261 32.5 4362071 4361421 genome.dna 6653073 6653748 NC_003155.gbk
2037 57.8 4365488 4367155 genome.dna 6508320 6509964 NC_003155.gbk
395 40.5 4376373 4375759 genome.dna 1406389 1405777 NC_003155.gbk
748 41.3 4378640 4377564 genome.dna 5525589 5526612 NC_003155.gbk
358 41.7 4379941 4378778 genome.dna 7560845 7562057 NC_003155.gbk
1205 47.0 4383337 4381343 genome.dna 2157593 2159675 NC_003155.gbk
1115 58.5 4388480 4389631 genome.dna 8202690 8203899 NC_003155.gbk
313 30.2 4391555 4392289 genome.dna 6742923 6743673 NC_003155.gbk
228 30.1 4393344 4393907 genome.dna 6229585 6230167 NC_003155.gbk
200 31.6 4393907 4394326 genome.dna 8178255 8178726 NC_003155.gbk
1360 49.3 4398393 4397095 genome.dna 5553369 5554653 NC_003155.gbk
562 37.0 4403893 4402952 genome.dna 3024536 3023597 NC_003155.gbk
368 34.4 4409618 4408062 genome.dna 6013440 6014871 NC_003155.gbk
511 34.2 4419630 4418704 genome.dna 6342410 6341450 NC_003155.gbk
1287 57.3 4422828 4421779 genome.dna 4126277 4125233 NC_003155.gbk
711 40.8 4431770 4432609 genome.dna 2410929 2410107 NC_003155.gbk
513 50.6 4435345 4434803 genome.dna 6373497 6372894 NC_003155.gbk
494 32.7 4435653 4436702 genome.dna 2541288 2540160 NC_003155.gbk
461 38.6 4448185 4447619 genome.dna 8187034 8187601 NC_003155.gbk
1896 53.1 4451372 4449723 genome.dna 7565233 7566886 NC_003155.gbk
1543 32.0 4464530 4460847 genome.dna 7974139 7977712 NC_003155.gbk
507 35.6 4464724 4465554 genome.dna 2436541 2437345 NC_003155.gbk
1747 62.2 4468982 4467675 genome.dna 2491981 2493265 NC_003155.gbk
1627 48.2 4470612 4469014 genome.dna 2439018 2440644 NC_003155.gbk
378 40.6 4477982 4478530 genome.dna 8398889 8398352 NC_003155.gbk
326 34.3 4479596 4478769 genome.dna 2174642 2173766 NC_003155.gbk
603 35.5 4482986 4483933 genome.dna 8207584 8208517 NC_003155.gbk
391 31.3 4484001 4485290 genome.dna 8209359 8210790 NC_003155.gbk
198 32.9 4486815 4487225 genome.dna 4557441 4557918 NC_003155.gbk
796 42.9 4489098 4488109 genome.dna 6001909 6002932 NC_003155.gbk
413 38.0 4489744 4489124 genome.dna 8173970 8174585 NC_003155.gbk
524 57.9 4490164 4489775 genome.dna 6001362 6001767 NC_003155.gbk
420 53.8 4490537 4490181 genome.dna 6000884 6001265 NC_003155.gbk
167 57.9 4490800 4490684 genome.dna 6000567 6000681 NC_003155.gbk
1144 44.9 4492165 4490834 genome.dna 5997157 5998474 NC_003155.gbk
256 38.0 4492607 4492173 genome.dna 5996457 5996913 NC_003155.gbk
166 50.9 4492790 4492611 genome.dna 5996272 5996455 NC_003155.gbk
276 46.6 4493665 4493312 genome.dna 5995239 5995623 NC_003155.gbk
486 41.5 4494208 4493675 genome.dna 5994696 5995236 NC_003155.gbk
416 48.9 4494614 4494222 genome.dna 5994273 5994672 NC_003155.gbk
253 40.6 4494953 4494648 genome.dna 5668528 5668222 NC_003155.gbk
766 61.6 4495506 4494967 genome.dna 5993313 5993871 NC_003155.gbk
264 47.2 4495835 4495521 genome.dna 5992990 5993314 NC_003155.gbk
560 69.9 4496217 4495846 genome.dna 5992619 5992988 NC_003155.gbk
295 58.4 4496635 4496381 genome.dna 5992231 5992516 NC_003155.gbk
480 51.5 4497236 4496826 genome.dna 5991588 5992008 NC_003155.gbk
779 49.8 4497950 4497249 genome.dna 5990754 5991582 NC_003155.gbk
335 52.3 4498300 4497968 genome.dna 5990407 5990755 NC_003155.gbk
438 65.2 4498593 4498315 genome.dna 5990083 5990365 NC_003155.gbk
1076 57.5 4499431 4498610 genome.dna 5989234 5990071 NC_003155.gbk
687 51.9 4500993 4500364 genome.dna 5987463 5988108 NC_003155.gbk
440 61.8 4501337 4501026 genome.dna 5987137 5987446 NC_003155.gbk
427 44.8 4502117 4501644 genome.dna 7326218 7325738 NC_003155.gbk
2688 59.6 4505956 4503842 genome.dna 5979032 5981162 NC_003155.gbk
581 53.8 4506523 4506053 genome.dna 5978522 5978993 NC_003155.gbk
612 73.2 4506994 4506620 genome.dna 5978148 5978520 NC_003155.gbk
467 38.2 4510929 4511597 genome.dna 82954 82207 NC_003155.gbk
418 37.4 4514856 4514044 genome.dna 7368008 7368728 NC_003155.gbk
657 32.0 4514960 4516456 genome.dna 8428776 8427288 NC_003155.gbk
294 42.0 4518446 4518081 genome.dna 835664 836027 NC_003155.gbk
537 37.7 4518864 4519643 genome.dna 8713320 8714100 NC_003155.gbk
948 39.8 4531124 4529898 genome.dna 8082958 8084170 NC_003155.gbk
612 48.1 4531820 4531245 genome.dna 5310593 5311232 NC_003155.gbk
2045 51.1 4546959 4549529 genome.dna 6850023 6847416 NC_003155.gbk
267 43.9 4549526 4549894 genome.dna 6847420 6847069 NC_003155.gbk
1153 52.3 4557783 4556779 genome.dna 4239579 4238565 NC_003155.gbk
615 45.1 4559154 4558477 genome.dna 8213110 8213797 NC_003155.gbk
657 35.2 4562421 4561336 genome.dna 8183584 8184676 NC_003155.gbk
319 36.7 4562994 4562473 genome.dna 8183072 8183588 NC_003155.gbk
944 45.4 4584899 4583883 genome.dna 6793180 6792151 NC_003155.gbk
884 38.5 4586316 4584913 genome.dna 6794596 6793222 NC_003155.gbk
2844 57.3 4597892 4600225 genome.dna 2040960 2043393 NC_003155.gbk
1018 33.9 4616966 4614891 genome.dna 6536170 6538393 NC_003155.gbk
649 33.9 4622349 4623851 genome.dna 7970350 7968733 NC_003155.gbk
994 39.4 4635563 4634286 genome.dna 8648394 8649615 NC_003155.gbk
1590 48.0 4637576 4635600 genome.dna 3417663 3419913 NC_003155.gbk
2422 51.2 4639754 4637577 genome.dna 3444808 3447325 NC_003155.gbk
491 30.4 4648692 4650488 genome.dna 6428423 6426572 NC_003155.gbk
304 32.0 4651246 4650551 genome.dna 6995236 6995890 NC_003155.gbk
1491 44.0 4664050 4662224 genome.dna 5896754 5898731 NC_003155.gbk
757 40.3 4665855 4666784 genome.dna 5925895 5924914 NC_003155.gbk
608 30.5 4672431 4670269 genome.dna 3835520 3833207 NC_003155.gbk
468 34.8 4675687 4674863 genome.dna 3939688 3938764 NC_003155.gbk
654 39.0 4680620 4681561 genome.dna 1313665 1312720 NC_003155.gbk
493 46.2 4702353 4701286 genome.dna 1205815 1204747 NC_003155.gbk
621 30.3 4703612 4702350 genome.dna 5449473 5450733 NC_003155.gbk
365 53.0 4709479 4709153 genome.dna 5278081 5278414 NC_003155.gbk
2697 66.6 4729969 4728119 genome.dna 5746978 5748832 NC_003155.gbk
546 34.8 4730969 4730043 genome.dna 997125 996213 NC_003155.gbk
427 39.0 4733613 4735139 genome.dna 3233037 3231411 NC_003155.gbk
1366 43.8 4739990 4738464 genome.dna 1231277 1229708 NC_003155.gbk
586 36.5 4741131 4740175 genome.dna 1232498 1231382 NC_003155.gbk
360 34.5 4748208 4747351 genome.dna 1759331 1758545 NC_003155.gbk
724 42.7 4755209 4754301 genome.dna 4029202 4028191 NC_003155.gbk
636 37.2 4756712 4755816 genome.dna 7336078 7337002 NC_003155.gbk
1045 46.1 4766891 4765731 genome.dna 4114680 4113525 NC_003155.gbk
579 45.1 4767603 4768400 genome.dna 752148 751401 NC_003155.gbk
255 50.0 4770684 4770469 genome.dna 3644642 3644420 NC_003155.gbk
615 41.0 4780345 4781184 genome.dna 8574315 8575161 NC_003155.gbk
1788 52.9 4781238 4782749 genome.dna 8312169 8310645 NC_003155.gbk
772 47.2 4782875 4783885 genome.dna 4006106 4007141 NC_003155.gbk
619 44.1 4786326 4787093 genome.dna 7562062 7562839 NC_003155.gbk
656 36.4 4788410 4787304 genome.dna 3330653 3329612 NC_003155.gbk
518 38.6 4789295 4788411 genome.dna 2386642 2385799 NC_003155.gbk
2551 47.5 4819888 4822662 genome.dna 8134456 8136928 NC_003155.gbk
364 37.0 4822698 4823390 genome.dna 2008260 2007540 NC_003155.gbk
671 40.7 4825789 4824827 genome.dna 3467128 3466102 NC_003155.gbk
1046 48.4 4838481 4837408 genome.dna 4887142 4888279 NC_003155.gbk
440 36.0 4843920 4843159 genome.dna 4154661 4153734 NC_003155.gbk
1072 43.4 4848093 4849451 genome.dna 4079679 4078191 NC_003155.gbk
778 52.4 4859998 4859297 genome.dna 7472920 7472203 NC_003155.gbk
792 47.6 4860774 4860004 genome.dna 7473861 7472916 NC_003155.gbk
711 44.7 4862968 4862042 genome.dna 7476571 7475638 NC_003155.gbk
632 48.8 4867996 4867325 genome.dna 6199188 6199878 NC_003155.gbk
366 37.9 4869761 4870336 genome.dna 3272485 3271897 NC_003155.gbk
397 30.7 4881331 4882347 genome.dna 4236575 4235540 NC_003155.gbk
1236 46.2 4886675 4885383 genome.dna 3458798 3457385 NC_003155.gbk
456 33.4 4911222 4909444 genome.dna 2395619 2393819 NC_003155.gbk
412 37.5 4917573 4916662 genome.dna 6429855 6430776 NC_003155.gbk
433 35.5 4936111 4935389 genome.dna 2967229 2967922 NC_003155.gbk
466 31.9 4937762 4936104 genome.dna 2961752 2963480 NC_003155.gbk
575 36.6 4948910 4949932 genome.dna 1921844 1922873 NC_003155.gbk
1229 53.8 4949991 4951133 genome.dna 1922872 1924027 NC_003155.gbk
757 46.4 4951144 4951938 genome.dna 1920170 1920977 NC_003155.gbk
734 51.8 4951935 4952735 genome.dna 6568776 6568023 NC_003155.gbk
734 34.1 4956187 4955039 genome.dna 6979360 6978202 NC_003155.gbk
734 34.1 4956187 4955039 genome.dna 6979360 6978202 NC_003155.gbk
734 34.1 4956187 4955039 genome.dna 6979360 6978202 NC_003155.gbk
173 59.5 4985770 4985910 genome.dna 5285549 5285411 NC_003155.gbk
824 50.0 4992272 4991421 genome.dna 5926882 5926027 NC_003155.gbk
1183 41.2 5001994 5003496 genome.dna 7830028 7831636 NC_003155.gbk
622 38.0 5010680 5009268 genome.dna 4813168 4811716 NC_003155.gbk
328 31.9 5011178 5011843 genome.dna 5764587 5765232 NC_003155.gbk
403 30.5 5014534 5013698 genome.dna 2400674 2399756 NC_003155.gbk
908 54.5 5018328 5017552 genome.dna 4995252 4996029 NC_003155.gbk
680 38.4 5020260 5019301 genome.dna 4993112 4994120 NC_003155.gbk
456 31.8 5021463 5020423 genome.dna 4991905 4993012 NC_003155.gbk
970 38.2 5026700 5027902 genome.dna 5964282 5963055 NC_003155.gbk
652 43.4 5028745 5027972 genome.dna 8276400 8275647 NC_003155.gbk
1640 45.4 5049054 5047222 genome.dna 6011011 6012859 NC_003155.gbk
1118 40.3 5050610 5049240 genome.dna 4410717 4412166 NC_003155.gbk
1897 62.8 5055348 5053966 genome.dna 3527381 3525944 NC_003155.gbk
566 37.0 5056259 5055396 genome.dna 3528298 3527380 NC_003155.gbk
1144 51.3 5057853 5056312 genome.dna 3529909 3528319 NC_003155.gbk
128 32.4 5059187 5058948 genome.dna 3531681 3531438 NC_003155.gbk
