2046 50.1 5629 7497 genome.dna 3572031 3570123 NC_003902.gbk
595 42.7 9676 9014 genome.dna 4622746 4623412 NC_003902.gbk
423 39.4 14538 15464 genome.dna 922236 921279 NC_003902.gbk
673 36.4 15468 16463 genome.dna 4917444 4918497 NC_003902.gbk
242 30.5 24825 25448 genome.dna 4042977 4043628 NC_003902.gbk
3056 54.1 25826 28615 genome.dna 4768777 4765993 NC_003902.gbk
619 50.2 29669 29034 genome.dna 4041929 4041305 NC_003902.gbk
1280 43.4 30749 32122 genome.dna 2465480 2464067 NC_003902.gbk
1577 52.4 33859 32447 genome.dna 246347 247778 NC_003902.gbk
583 36.7 34917 33868 genome.dna 245305 246355 NC_003902.gbk
2094 63.0 36667 35258 genome.dna 241533 242943 NC_003902.gbk
2568 67.9 37037 38860 genome.dna 1077788 1076087 NC_003902.gbk
510 55.1 39698 40135 genome.dna 4444446 4443996 NC_003902.gbk
1663 57.3 47188 45107 genome.dna 3848834 3846692 NC_003902.gbk
2177 47.7 49985 47886 genome.dna 3861178 3859006 NC_003902.gbk
220 43.5 50279 50004 genome.dna 3861619 3861319 NC_003902.gbk
708 52.7 50956 50333 genome.dna 3862475 3861863 NC_003902.gbk
1323 53.4 59253 58054 genome.dna 2690981 2692163 NC_003902.gbk
524 30.0 64337 65650 genome.dna 2761647 2762961 NC_003902.gbk
2205 48.4 70479 68437 genome.dna 700722 702747 NC_003902.gbk
602 60.6 73530 74042 genome.dna 4284663 4285173 NC_003902.gbk
816 43.1 74039 75028 genome.dna 4285251 4286211 NC_003902.gbk
290 36.6 76671 77513 genome.dna 3194147 3195056 NC_003902.gbk
1334 48.8 77642 78994 genome.dna 3064418 3063047 NC_003902.gbk
783 43.0 93925 92960 genome.dna 3025855 3024796 NC_003902.gbk
300 36.7 97287 96724 genome.dna 3261322 3261862 NC_003902.gbk
1534 74.6 98527 99441 genome.dna 4860030 4859121 NC_003902.gbk
1748 42.4 99451 101520 genome.dna 4858828 4856731 NC_003902.gbk
794 56.7 110262 109636 genome.dna 2680515 2679903 NC_003902.gbk
687 46.5 111355 110522 genome.dna 2770592 2769746 NC_003902.gbk
2444 71.5 111626 113161 genome.dna 122954 124484 NC_003902.gbk
767 32.3 115831 114374 genome.dna 2042364 2043858 NC_003902.gbk
1586 51.6 117217 115898 genome.dna 4872853 4874194 NC_003902.gbk
442 33.7 128513 127317 genome.dna 2664456 2665662 NC_003902.gbk
491 35.6 131116 131922 genome.dna 2900512 2899663 NC_003902.gbk
2187 84.5 140268 141428 genome.dna 132469 131308 NC_003902.gbk
778 43.9 151546 150683 genome.dna 3863447 3862586 NC_003902.gbk
983 50.2 153705 152758 genome.dna 286184 287120 NC_003902.gbk
1021 65.3 162282 162998 genome.dna 3863559 3864285 NC_003902.gbk
712 54.9 163345 163986 genome.dna 4570762 4571422 NC_003902.gbk
638 57.3 165569 165111 genome.dna 4581035 4580576 NC_003902.gbk
672 51.7 166824 165547 genome.dna 4582291 4581031 NC_003902.gbk
646 45.7 166978 167643 genome.dna 4582387 4583065 NC_003902.gbk
345 67.5 167881 168117 genome.dna 4784172 4783935 NC_003902.gbk
262 67.3 168129 168296 genome.dna 4783922 4783754 NC_003902.gbk
953 53.0 168516 169325 genome.dna 4944998 4944182 NC_003902.gbk
589 57.3 170854 170375 genome.dna 2828285 2827778 NC_003902.gbk
1194 44.2 172168 170891 genome.dna 3969915 3968595 NC_003902.gbk
465 36.4 174074 173307 genome.dna 4450693 4451518 NC_003902.gbk
1634 61.6 186786 187982 genome.dna 1092585 1091376 NC_003902.gbk
1504 59.5 187993 189078 genome.dna 1098861 1097838 NC_003902.gbk
710 34.7 191434 190133 genome.dna 26998 25780 NC_003902.gbk
341 39.9 191679 192110 genome.dna 259634 260111 NC_003902.gbk
454 46.8 192299 192775 genome.dna 260220 260733 NC_003902.gbk
1045 47.9 192775 193791 genome.dna 260750 261776 NC_003902.gbk
665 37.7 199675 198740 genome.dna 387307 386401 NC_003902.gbk
1136 34.6 212248 209609 genome.dna 903145 905860 NC_003902.gbk
408 33.7 217784 218788 genome.dna 2642108 2641157 NC_003902.gbk
648 32.3 219661 221034 genome.dna 2641082 2639786 NC_003902.gbk
962 60.1 222967 223722 genome.dna 4155614 4154726 NC_003902.gbk
1522 46.2 224355 225995 genome.dna 280983 282657 NC_003902.gbk
182 38.7 226078 226338 genome.dna 4866148 4865920 NC_003902.gbk
780 51.8 226939 227694 genome.dna 4865321 4864583 NC_003902.gbk
842 47.9 227773 228555 genome.dna 367076 367883 NC_003902.gbk
1451 67.5 228573 229595 genome.dna 4687232 4686242 NC_003902.gbk
1369 48.5 236236 237567 genome.dna 3869488 3870814 NC_003902.gbk
364 35.1 237567 238178 genome.dna 1734848 1734245 NC_003902.gbk
739 39.3 245968 247005 genome.dna 2077456 2076403 NC_003902.gbk
646 37.8 247002 247961 genome.dna 4666371 4665405 NC_003902.gbk
2069 76.2 250357 251541 genome.dna 1036594 1037785 NC_003902.gbk
232 41.6 251779 252162 genome.dna 1038070 1038427 NC_003902.gbk
542 67.4 252164 252709 genome.dna 1038440 1038998 NC_003902.gbk
660 69.5 252872 253300 genome.dna 1039195 1039624 NC_003902.gbk
934 63.2 253304 254008 genome.dna 1039627 1040326 NC_003902.gbk
498 49.4 254326 254823 genome.dna 1040874 1041408 NC_003902.gbk
479 67.2 254890 255255 genome.dna 1041462 1041828 NC_003902.gbk
2779 66.4 255584 259612 genome.dna 1042070 1046234 NC_003902.gbk
6597 72.1 259736 263959 genome.dna 1046334 1050552 NC_003902.gbk
751 51.8 269828 269043 genome.dna 3730999 3731794 NC_003902.gbk
243 33.5 271449 270808 genome.dna 3878837 3879461 NC_003902.gbk
2956 70.0 273440 271446 genome.dna 3943189 3941311 NC_003902.gbk
1391 59.4 275283 276347 genome.dna 3355594 3356659 NC_003902.gbk
1869 67.5 280242 278956 genome.dna 599104 597808 NC_003902.gbk
2002 59.4 281849 280260 genome.dna 601399 599815 NC_003902.gbk
1254 52.7 295276 296334 genome.dna 186961 188011 NC_003902.gbk
265 47.6 300274 299978 genome.dna 615140 614867 NC_003902.gbk
1181 55.3 301263 300298 genome.dna 920668 919669 NC_003902.gbk
587 36.7 302355 301621 genome.dna 4730029 4730857 NC_003902.gbk
746 41.4 303420 302533 genome.dna 618773 617852 NC_003902.gbk
2265 74.5 306633 305290 genome.dna 622543 621175 NC_003902.gbk
521 52.4 307112 306645 genome.dna 623472 622989 NC_003902.gbk
617 68.3 307589 307137 genome.dna 623998 623551 NC_003902.gbk
444 39.5 308443 307844 genome.dna 1855919 1855262 NC_003902.gbk
1036 50.9 309481 308480 genome.dna 1857039 1856070 NC_003902.gbk
1791 77.6 313270 314313 genome.dna 4133203 4132156 NC_003902.gbk
331 37.3 315467 315955 genome.dna 4130478 4129992 NC_003902.gbk
517 49.5 315964 316557 genome.dna 3098056 3097483 NC_003902.gbk
1443 55.8 316547 318016 genome.dna 3097483 3095983 NC_003902.gbk
1944 61.5 321945 323390 genome.dna 3091057 3089611 NC_003902.gbk
355 38.7 324087 323494 genome.dna 1890607 1890007 NC_003902.gbk
696 39.7 326310 327275 genome.dna 4973729 4974665 NC_003902.gbk
400 41.3 331519 330968 genome.dna 3088860 3089442 NC_003902.gbk
1397 48.8 331816 333156 genome.dna 3088662 3087294 NC_003902.gbk
367 44.4 333638 333228 genome.dna 989148 988740 NC_003902.gbk
207 37.8 334075 333803 genome.dna 3312900 3313170 NC_003902.gbk
841 47.5 334964 334107 genome.dna 3311159 3312008 NC_003902.gbk
247 35.5 335599 335126 genome.dna 3309733 3310192 NC_003902.gbk
244 42.1 335983 335696 genome.dna 3309394 3309712 NC_003902.gbk
1269 43.3 337440 336007 genome.dna 3307870 3309307 NC_003902.gbk
941 58.8 338215 337490 genome.dna 3307111 3307831 NC_003902.gbk
277 31.9 338791 338219 genome.dna 3306575 3307112 NC_003902.gbk
426 41.7 339901 339335 genome.dna 3305477 3306026 NC_003902.gbk
1157 57.5 340994 339921 genome.dna 3304427 3305429 NC_003902.gbk
811 48.0 342391 343203 genome.dna 5025181 5025976 NC_003902.gbk
742 48.7 343211 343993 genome.dna 5025975 5026725 NC_003902.gbk
345 34.1 343998 344564 genome.dna 5026833 5027376 NC_003902.gbk
192 38.9 345220 345510 genome.dna 5028012 5028321 NC_003902.gbk
1655 62.2 345980 347242 genome.dna 3304033 3302758 NC_003902.gbk
1220 47.1 349956 348586 genome.dna 4626981 4628418 NC_003902.gbk
883 40.4 350815 351966 genome.dna 325374 326469 NC_003902.gbk
716 73.9 352201 352629 genome.dna 576881 577310 NC_003902.gbk
602 69.2 352645 353037 genome.dna 577312 577705 NC_003902.gbk
677 47.6 353367 354008 genome.dna 2729299 2728663 NC_003902.gbk
383 45.0 354014 354517 genome.dna 2728585 2728141 NC_003902.gbk
406 31.3 355354 354581 genome.dna 2550203 2550962 NC_003902.gbk
1705 58.0 357036 355618 genome.dna 39483 38001 NC_003902.gbk
5215 53.9 361542 357046 genome.dna 44077 39604 NC_003902.gbk
759 50.0 366712 367449 genome.dna 3387442 3386701 NC_003902.gbk
880 51.3 372605 373492 genome.dna 856965 857787 NC_003902.gbk
592 38.7 374918 375703 genome.dna 4367746 4366927 NC_003902.gbk
1357 50.8 376932 375772 genome.dna 3347779 3346612 NC_003902.gbk
788 33.0 379289 377889 genome.dna 3966810 3968184 NC_003902.gbk
2790 64.6 382412 384307 genome.dna 1973835 1971930 NC_003902.gbk
2999 59.8 392535 394805 genome.dna 1627014 1624770 NC_003902.gbk
356 31.0 397546 398283 genome.dna 4068416 4067648 NC_003902.gbk
604 39.9 399153 398326 genome.dna 331924 331120 NC_003902.gbk
1271 43.4 406489 405197 genome.dna 194394 195678 NC_003902.gbk
615 33.6 408325 407348 genome.dna 192864 193863 NC_003902.gbk
597 36.8 417112 416177 genome.dna 1762436 1763495 NC_003902.gbk
391 37.9 423578 424231 genome.dna 504545 505226 NC_003902.gbk
359 44.1 431880 431494 genome.dna 3849233 3848852 NC_003902.gbk
456 32.5 433394 432459 genome.dna 3258349 3257401 NC_003902.gbk
1127 35.5 442927 444705 genome.dna 2082524 2084225 NC_003902.gbk
3011 52.4 460910 458055 genome.dna 774570 771735 NC_003902.gbk
222 34.7 461372 460923 genome.dna 777019 776593 NC_003902.gbk
1213 46.7 463248 461737 genome.dna 778615 777133 NC_003902.gbk
543 31.6 463531 464646 genome.dna 778722 779805 NC_003902.gbk
558 31.1 464646 465722 genome.dna 779801 780908 NC_003902.gbk
1340 56.8 493897 494994 genome.dna 4232794 4233886 NC_003902.gbk
1235 54.9 518034 519071 genome.dna 333020 331991 NC_003902.gbk
757 36.1 523994 522816 genome.dna 957332 958541 NC_003902.gbk
1277 46.8 525365 524040 genome.dna 3873298 3871963 NC_003902.gbk
267 32.4 526058 525471 genome.dna 3873853 3873310 NC_003902.gbk
166 31.6 526251 526580 genome.dna 3874306 3874603 NC_003902.gbk
382 39.2 526894 527520 genome.dna 3875166 3875757 NC_003902.gbk
1748 57.8 530287 528905 genome.dna 1355041 1356433 NC_003902.gbk
2275 64.6 533382 534971 genome.dna 3380917 3382522 NC_003902.gbk
604 39.2 536846 537643 genome.dna 1659451 1658683 NC_003902.gbk
949 45.9 537938 539215 genome.dna 923615 922316 NC_003902.gbk
828 36.7 574080 575378 genome.dna 2915139 2913684 NC_003902.gbk
799 50.6 639726 640700 genome.dna 3689145 3690087 NC_003902.gbk
685 39.9 640710 642134 genome.dna 3690253 3691498 NC_003902.gbk
1418 41.4 642505 644037 genome.dna 3691842 3693381 NC_003902.gbk
318 48.0 692962 692627 genome.dna 627472 627139 NC_003902.gbk
276 49.5 697176 697469 genome.dna 630135 630423 NC_003902.gbk
2677 77.4 697515 699164 genome.dna 630568 632209 NC_003902.gbk
1042 57.9 699974 700837 genome.dna 464919 464013 NC_003902.gbk
1578 36.9 703455 700978 genome.dna 4916068 4913398 NC_003902.gbk
316 45.0 703585 703950 genome.dna 942101 942482 NC_003902.gbk
498 41.8 704061 704669 genome.dna 1275493 1276099 NC_003902.gbk
226 48.4 705108 705329 genome.dna 4656025 4655815 NC_003902.gbk
393 39.6 705891 705376 genome.dna 3183598 3183079 NC_003902.gbk
552 36.0 706802 707698 genome.dna 2009718 2010663 NC_003902.gbk
1411 64.1 708773 707778 genome.dna 4248531 4247559 NC_003902.gbk
130 34.1 709289 708894 genome.dna 2566288 2565850 NC_003902.gbk
1231 58.6 726542 725589 genome.dna 5057978 5058935 NC_003902.gbk
2041 57.2 731182 729131 genome.dna 1086266 1084226 NC_003902.gbk
1804 43.8 743861 746539 genome.dna 3553412 3556076 NC_003902.gbk
2056 60.7 753122 751287 genome.dna 4443889 4442014 NC_003902.gbk
1663 44.5 755031 753277 genome.dna 4539243 4540992 NC_003902.gbk
337 69.0 755400 755185 genome.dna 4536488 4536704 NC_003902.gbk
1480 65.8 755628 756641 genome.dna 4536208 4535143 NC_003902.gbk
1076 52.3 761351 760380 genome.dna 3245402 3246401 NC_003902.gbk
381 51.0 761608 761919 genome.dna 1337915 1338236 NC_003902.gbk
402 68.2 761939 762196 genome.dna 1338248 1338509 NC_003902.gbk
1392 61.0 763509 764681 genome.dna 1338759 1339812 NC_003902.gbk
639 62.6 766454 766933 genome.dna 2147235 2147712 NC_003902.gbk
312 51.0 767354 767061 genome.dna 1986559 1986253 NC_003902.gbk
779 54.8 767499 768128 genome.dna 1986618 1987257 NC_003902.gbk
2672 65.1 768185 770122 genome.dna 1987312 1989259 NC_003902.gbk
936 53.9 770241 771074 genome.dna 1989565 1990474 NC_003902.gbk
1586 55.2 771082 772419 genome.dna 3014172 3012822 NC_003902.gbk
1757 55.2 777751 779280 genome.dna 2987315 2985803 NC_003902.gbk
2694 50.8 779306 782008 genome.dna 2985750 2982999 NC_003902.gbk
287 42.5 782083 782481 genome.dna 2982890 2982491 NC_003902.gbk
746 42.3 782481 783425 genome.dna 2982413 2981486 NC_003902.gbk
357 64.4 783547 783816 genome.dna 2981329 2981068 NC_003902.gbk
2862 63.2 784066 786186 genome.dna 2980895 2978780 NC_003902.gbk
1685 50.9 787369 789282 genome.dna 3134996 3133067 NC_003902.gbk
248 36.4 793333 793875 genome.dna 1801553 1802060 NC_003902.gbk
349 41.3 803045 802602 genome.dna 767459 767942 NC_003902.gbk
1431 63.7 805628 804636 genome.dna 4369936 4370932 NC_003902.gbk
808 41.6 805742 806647 genome.dna 3815427 3816339 NC_003902.gbk
688 41.4 808581 807679 genome.dna 370076 369188 NC_003902.gbk
1311 57.1 812975 814090 genome.dna 3405487 3404377 NC_003902.gbk
463 51.2 814149 814541 genome.dna 3404238 3403842 NC_003902.gbk
2335 59.5 814656 817529 genome.dna 1299686 1296758 NC_003902.gbk
410 35.1 818265 819005 genome.dna 4826021 4826924 NC_003902.gbk
611 47.2 830229 830876 genome.dna 3382597 3383242 NC_003902.gbk
195 38.5 834681 834358 genome.dna 977010 976641 NC_003902.gbk
288 33.3 837669 837169 genome.dna 3916614 3917130 NC_003902.gbk
1641 57.6 839555 838230 genome.dna 2766731 2765450 NC_003902.gbk
993 53.9 839867 840766 genome.dna 782002 782974 NC_003902.gbk
1739 49.6 841615 843360 genome.dna 2148632 2150372 NC_003902.gbk
1820 55.6 844582 846099 genome.dna 2156682 2158200 NC_003902.gbk
703 37.8 852633 851563 genome.dna 2151488 2150459 NC_003902.gbk
1357 42.7 856625 858271 genome.dna 4362035 4360283 NC_003902.gbk
1042 63.9 894744 893086 genome.dna 4814814 4813116 NC_003902.gbk
263 39.2 895052 894741 genome.dna 4815158 4814840 NC_003902.gbk
1884 66.4 909308 910588 genome.dna 3633033 3631746 NC_003902.gbk
321 34.3 913279 912743 genome.dna 1943265 1942731 NC_003902.gbk
585 51.3 918246 918758 genome.dna 555698 556190 NC_003902.gbk
569 54.5 927840 927358 genome.dna 1714618 1714114 NC_003902.gbk
329 41.3 927996 928442 genome.dna 1714678 1715110 NC_003902.gbk
205 41.1 928432 928713 genome.dna 1715112 1715409 NC_003902.gbk
1216 39.4 931102 929441 genome.dna 1718858 1717193 NC_003902.gbk
364 40.4 932209 932796 genome.dna 1720053 1720647 NC_003902.gbk
861 41.0 933233 934465 genome.dna 2558673 2560008 NC_003902.gbk
693 59.2 937554 938135 genome.dna 3036196 3035596 NC_003902.gbk
2841 63.3 955638 953644 genome.dna 3825443 3823442 NC_003902.gbk
1038 38.6 957805 959187 genome.dna 5052033 5050647 NC_003902.gbk
2917 58.6 964883 967162 genome.dna 3982358 3980030 NC_003902.gbk
545 53.1 969365 968913 genome.dna 2689895 2690378 NC_003902.gbk
1386 64.3 970301 969369 genome.dna 4764543 4765443 NC_003902.gbk
746 47.5 997695 996727 genome.dna 3780225 3781185 NC_003902.gbk
235 44.2 1001658 1001365 genome.dna 4601323 4601596 NC_003902.gbk
413 34.3 1013085 1012423 genome.dna 1320012 1320654 NC_003902.gbk
1910 67.0 1023335 1024570 genome.dna 4879693 4880953 NC_003902.gbk
1083 41.1 1027493 1028959 genome.dna 4885460 4886924 NC_003902.gbk
2498 56.3 1043086 1041218 genome.dna 5053925 5055797 NC_003902.gbk
777 45.6 1063174 1062410 genome.dna 4961597 4962413 NC_003902.gbk
680 58.0 1064207 1064794 genome.dna 76070 75551 NC_003902.gbk
471 44.4 1067553 1068080 genome.dna 2592114 2592642 NC_003902.gbk
454 72.6 1069781 1070074 genome.dna 3678428 3678719 NC_003902.gbk
679 69.8 1070142 1070561 genome.dna 3678715 3679207 NC_003902.gbk
297 51.1 1085958 1085686 genome.dna 2878290 2878569 NC_003902.gbk
1014 43.7 1087061 1085955 genome.dna 2877068 2878139 NC_003902.gbk
795 51.5 1087227 1087946 genome.dna 3731938 3732724 NC_003902.gbk
641 52.3 1096541 1097074 genome.dna 578846 579464 NC_003902.gbk
900 49.8 1099537 1100406 genome.dna 945022 945913 NC_003902.gbk
1304 69.3 1100443 1101237 genome.dna 945909 946704 NC_003902.gbk
1116 30.3 1103446 1106844 genome.dna 5016566 5013161 NC_003902.gbk
743 31.4 1109886 1113512 genome.dna 5013165 5009046 NC_003902.gbk
533 35.3 1113509 1115371 genome.dna 5009050 5006812 NC_003902.gbk
582 37.2 1125945 1124593 genome.dna 4501945 4500640 NC_003902.gbk
817 47.5 1134065 1134883 genome.dna 1657807 1658638 NC_003902.gbk
564 35.9 1137533 1138456 genome.dna 3591947 3592823 NC_003902.gbk
160 33.9 1138546 1138941 genome.dna 1319573 1319978 NC_003902.gbk
968 44.4 1138934 1140034 genome.dna 975589 974545 NC_003902.gbk
1632 54.2 1142316 1140952 genome.dna 2967700 2966353 NC_003902.gbk
820 53.6 1143476 1142628 genome.dna 4500466 4499650 NC_003902.gbk
562 39.8 1147729 1148514 genome.dna 282789 283527 NC_003902.gbk
1862 38.4 1153145 1150431 genome.dna 1607099 1609709 NC_003902.gbk
1104 59.1 1154052 1153258 genome.dna 1606326 1607103 NC_003902.gbk
975 60.9 1154397 1155122 genome.dna 1599954 1599126 NC_003902.gbk
663 52.1 1155257 1156108 genome.dna 1599004 1598077 NC_003902.gbk
882 58.0 1156279 1157004 genome.dna 1596163 1595440 NC_003902.gbk
678 55.8 1157130 1157687 genome.dna 1595204 1594646 NC_003902.gbk
764 49.2 1157925 1159121 genome.dna 1593041 1591850 NC_003902.gbk
838 54.3 1159320 1160081 genome.dna 1594644 1593867 NC_003902.gbk
565 40.8 1160091 1160948 genome.dna 1593871 1593043 NC_003902.gbk
1093 42.1 1160970 1162325 genome.dna 1591824 1590477 NC_003902.gbk
1489 36.1 1162361 1164805 genome.dna 1590481 1588024 NC_003902.gbk
1015 47.8 1165447 1166469 genome.dna 1587614 1586600 NC_003902.gbk
468 46.5 1166572 1167027 genome.dna 1586604 1586142 NC_003902.gbk
768 44.8 1167032 1167820 genome.dna 1586121 1585329 NC_003902.gbk
1250 49.6 1167824 1168975 genome.dna 1585213 1584016 NC_003902.gbk
647 55.9 1168997 1169593 genome.dna 1584020 1583297 NC_003902.gbk
3243 48.2 1169670 1173152 genome.dna 1583061 1579470 NC_003902.gbk
1401 67.8 1173165 1174124 genome.dna 1579316 1578356 NC_003902.gbk
485 57.8 1174256 1174645 genome.dna 1563034 1562644 NC_003902.gbk
934 41.5 1174650 1175972 genome.dna 3082648 3083956 NC_003902.gbk
541 43.6 1176745 1177299 genome.dna 2690436 2690985 NC_003902.gbk
2871 54.7 1180703 1178139 genome.dna 1412741 1410065 NC_003902.gbk
740 31.2 1207955 1205607 genome.dna 3608897 3611027 NC_003902.gbk
355 52.2 1211683 1212024 genome.dna 1530037 1530373 NC_003902.gbk
594 46.7 1213819 1214541 genome.dna 4104598 4105342 NC_003902.gbk
616 36.4 1215431 1214538 genome.dna 4104510 4103604 NC_003902.gbk
699 36.6 1224544 1225752 genome.dna 4118044 4116643 NC_003902.gbk
587 34.2 1254320 1253391 genome.dna 4871470 4870561 NC_003902.gbk
900 57.3 1260789 1261478 genome.dna 1123001 1122311 NC_003902.gbk
932 38.4 1261506 1262828 genome.dna 1122265 1120921 NC_003902.gbk
1168 53.9 1271755 1272822 genome.dna 2813256 2812185 NC_003902.gbk
1651 63.3 1272920 1274065 genome.dna 2812100 2810954 NC_003902.gbk
263 38.2 1274175 1274507 genome.dna 2810822 2810468 NC_003902.gbk
1568 41.6 1274535 1276382 genome.dna 2810161 2808292 NC_003902.gbk
677 40.0 1276393 1277361 genome.dna 2808201 2807232 NC_003902.gbk
546 54.1 1278470 1278919 genome.dna 834055 834580 NC_003902.gbk
902 53.7 1278982 1280091 genome.dna 835055 836150 NC_003902.gbk
384 43.9 1280201 1280677 genome.dna 839244 839709 NC_003902.gbk
412 47.1 1280702 1281121 genome.dna 839705 840185 NC_003902.gbk
865 47.2 1281190 1282170 genome.dna 840295 841270 NC_003902.gbk
2458 57.7 1284598 1282733 genome.dna 2893378 2895460 NC_003902.gbk
865 53.5 1285528 1284617 genome.dna 3084251 3085127 NC_003902.gbk
183 45.3 1285773 1285525 genome.dna 3083987 3084251 NC_003902.gbk
501 49.4 1289161 1289652 genome.dna 4331913 4332399 NC_003902.gbk
467 31.1 1292157 1291267 genome.dna 4545299 4544396 NC_003902.gbk
355 50.9 1292504 1292172 genome.dna 1352081 1352417 NC_003902.gbk
877 62.2 1293119 1292505 genome.dna 1351452 1352082 NC_003902.gbk
3347 70.9 1295100 1293109 genome.dna 1349449 1351450 NC_003902.gbk
1126 55.7 1296067 1295105 genome.dna 1348515 1349460 NC_003902.gbk
871 35.2 1299536 1300840 genome.dna 1128759 1130052 NC_003902.gbk
973 74.1 1301367 1301990 genome.dna 1130146 1130773 NC_003902.gbk
2025 73.7 1302154 1303428 genome.dna 1130897 1132184 NC_003902.gbk
2497 64.7 1303620 1306001 genome.dna 1132328 1134800 NC_003902.gbk
389 65.6 1306200 1306472 genome.dna 1135014 1135287 NC_003902.gbk
199 34.5 1309374 1309772 genome.dna 1334657 1334252 NC_003902.gbk
485 41.9 1310544 1309849 genome.dna 3561140 3560465 NC_003902.gbk
1425 63.3 1311761 1310685 genome.dna 699432 700536 NC_003902.gbk
349 41.6 1312030 1312560 genome.dna 205936 206419 NC_003902.gbk
1573 57.9 1316909 1318201 genome.dna 243558 245034 NC_003902.gbk
975 49.5 1319182 1318319 genome.dna 1333194 1332288 NC_003902.gbk
223 80.0 1322427 1322284 genome.dna 2589251 2589377 NC_003902.gbk
235 43.6 1322693 1322445 genome.dna 3845554 3845311 NC_003902.gbk
4453 65.5 1326027 1322899 genome.dna 3180317 3177182 NC_003902.gbk
1257 51.3 1327249 1326056 genome.dna 3181532 3180332 NC_003902.gbk
267 32.2 1329039 1329440 genome.dna 4167323 4166918 NC_003902.gbk
481 48.0 1329655 1330212 genome.dna 2685774 2685213 NC_003902.gbk
1385 40.8 1330287 1332362 genome.dna 1150693 1152655 NC_003902.gbk
433 57.5 1332403 1332732 genome.dna 1152661 1152982 NC_003902.gbk
735 58.5 1332732 1333337 genome.dna 1153078 1153672 NC_003902.gbk
2481 58.3 1333507 1335396 genome.dna 2829145 2831050 NC_003902.gbk
417 37.6 1335658 1336302 genome.dna 3908288 3907724 NC_003902.gbk
974 48.2 1336525 1337487 genome.dna 4867271 4868237 NC_003902.gbk
2003 57.5 1339291 1337606 genome.dna 3606245 3607943 NC_003902.gbk
280 36.9 1352428 1351949 genome.dna 1016299 1015825 NC_003902.gbk
287 37.2 1357212 1356757 genome.dna 3406129 3405694 NC_003902.gbk
1222 59.6 1358126 1357212 genome.dna 3407098 3406132 NC_003902.gbk
804 49.4 1363250 1362525 genome.dna 2670353 2669633 NC_003902.gbk
3206 61.0 1363499 1366138 genome.dna 1837967 1840667 NC_003902.gbk
457 35.7 1381835 1382692 genome.dna 1796226 1795443 NC_003902.gbk
469 32.9 1390524 1389664 genome.dna 3109663 3110521 NC_003902.gbk
404 34.4 1391405 1390635 genome.dna 516121 516928 NC_003902.gbk
526 44.2 1392117 1391434 genome.dna 937986 938610 NC_003902.gbk
616 57.2 1392238 1392771 genome.dna 937832 937229 NC_003902.gbk
1364 33.2 1392768 1395197 genome.dna 937233 934749 NC_003902.gbk
603 48.7 1426894 1426256 genome.dna 3299942 3300596 NC_003902.gbk
1361 59.0 1427931 1426894 genome.dna 3298407 3299433 NC_003902.gbk
947 67.3 1428285 1428911 genome.dna 2821966 2822599 NC_003902.gbk
419 34.1 1430628 1431344 genome.dna 3296006 3295304 NC_003902.gbk
298 34.7 1433876 1433409 genome.dna 2016249 2015766 NC_003902.gbk
666 41.2 1434853 1435731 genome.dna 2017370 2018279 NC_003902.gbk
279 35.2 1445214 1444792 genome.dna 12122 12545 NC_003902.gbk
502 39.8 1446005 1445229 genome.dna 11314 12076 NC_003902.gbk
1050 45.8 1458435 1457257 genome.dna 1516280 1515104 NC_003902.gbk
698 51.2 1459094 1458447 genome.dna 750869 751511 NC_003902.gbk
557 42.2 1459750 1459094 genome.dna 750141 750870 NC_003902.gbk
1340 51.7 1466359 1465232 genome.dna 1611764 1612964 NC_003902.gbk
267 39.2 1466738 1466361 genome.dna 1611368 1611725 NC_003902.gbk
867 57.3 1467907 1467197 genome.dna 2075354 2074649 NC_003902.gbk
306 62.5 1468125 1468334 genome.dna 1503103 1503310 NC_003902.gbk
1359 60.5 1470427 1469462 genome.dna 4108873 4107859 NC_003902.gbk
745 55.8 1471338 1470655 genome.dna 4109586 4108887 NC_003902.gbk
1039 44.7 1475506 1474394 genome.dna 4127932 4126813 NC_003902.gbk
1470 38.9 1477420 1475516 genome.dna 4129989 4127928 NC_003902.gbk
546 49.0 1477924 1477454 genome.dna 3100958 3100487 NC_003902.gbk
1614 58.8 1483266 1480684 genome.dna 3108870 3106356 NC_003902.gbk
866 47.4 1490240 1489362 genome.dna 2740878 2741757 NC_003902.gbk
477 48.1 1490971 1490492 genome.dna 2739545 2740031 NC_003902.gbk
1208 59.0 1492026 1490968 genome.dna 2737364 2738351 NC_003902.gbk
1926 65.6 1493774 1492350 genome.dna 2735232 2736690 NC_003902.gbk
794 37.6 1494007 1495173 genome.dna 958537 959719 NC_003902.gbk
2222 58.8 1499091 1497427 genome.dna 1614399 1616094 NC_003902.gbk
919 43.3 1501778 1500630 genome.dna 4064180 4063025 NC_003902.gbk
1009 53.9 1504627 1506285 genome.dna 980644 978904 NC_003902.gbk
506 60.5 1506798 1506349 genome.dna 1716115 1716541 NC_003902.gbk
680 46.7 1515559 1514879 genome.dna 851456 852173 NC_003902.gbk
1195 36.8 1518297 1515565 genome.dna 848806 851467 NC_003902.gbk
458 45.9 1519100 1518525 genome.dna 848079 848709 NC_003902.gbk
1806 59.6 1521264 1519120 genome.dna 846000 848049 NC_003902.gbk
1035 39.8 1522968 1521280 genome.dna 844187 845987 NC_003902.gbk
875 36.1 1528762 1530255 genome.dna 1669887 1671342 NC_003902.gbk
1728 58.4 1536355 1535069 genome.dna 3845082 3843792 NC_003902.gbk
1964 51.7 1537737 1539503 genome.dna 2516565 2514774 NC_003902.gbk
946 54.6 1539520 1540236 genome.dna 2514542 2513759 NC_003902.gbk
3331 53.8 1540513 1543320 genome.dna 1741619 1738646 NC_003902.gbk
1309 50.5 1543336 1544562 genome.dna 1738604 1737389 NC_003902.gbk
1533 59.9 1544898 1546064 genome.dna 3667713 3666543 NC_003902.gbk
1435 73.4 1546064 1546936 genome.dna 3666519 3665643 NC_003902.gbk
1329 48.0 1549251 1550390 genome.dna 2631422 2632574 NC_003902.gbk
377 47.4 1550947 1551351 genome.dna 3567867 3567408 NC_003902.gbk
649 46.5 1551348 1552034 genome.dna 3567397 3566617 NC_003902.gbk
306 36.6 1552047 1552472 genome.dna 3566526 3566076 NC_003902.gbk
1161 42.8 1553863 1555155 genome.dna 3564785 3563465 NC_003902.gbk
368 36.9 1555196 1555705 genome.dna 3563408 3562889 NC_003902.gbk
311 30.9 1555715 1556491 genome.dna 3562883 3562064 NC_003902.gbk
810 41.5 1561588 1560626 genome.dna 1480538 1481504 NC_003902.gbk
1440 62.4 1561884 1562939 genome.dna 4273434 4274508 NC_003902.gbk
1072 63.4 1563766 1563014 genome.dna 3216908 3216158 NC_003902.gbk
559 33.8 1571894 1570848 genome.dna 1392051 1393152 NC_003902.gbk
1266 55.3 1573036 1572017 genome.dna 4399356 4400508 NC_003902.gbk
693 46.9 1576123 1576893 genome.dna 3801023 3801800 NC_003902.gbk
906 60.4 1576893 1577582 genome.dna 3801810 3802503 NC_003902.gbk
722 40.2 1584709 1585674 genome.dna 2521609 2522617 NC_003902.gbk
2215 54.2 1598005 1595975 genome.dna 1558271 1556180 NC_003902.gbk
181 30.6 1600255 1600836 genome.dna 3046698 3046128 NC_003902.gbk
214 35.8 1609114 1609548 genome.dna 2501664 2501199 NC_003902.gbk
1179 63.6 1614552 1615325 genome.dna 2365022 2364248 NC_003902.gbk
1645 54.1 1631952 1633361 genome.dna 748615 747211 NC_003902.gbk
1698 57.4 1633374 1634744 genome.dna 750013 748660 NC_003902.gbk
682 41.7 1635671 1634820 genome.dna 746181 747090 NC_003902.gbk
601 51.5 1636204 1635668 genome.dna 745627 746185 NC_003902.gbk
1195 60.9 1637078 1636206 genome.dna 744740 745631 NC_003902.gbk
1562 48.3 1652381 1653892 genome.dna 1474415 1475921 NC_003902.gbk
734 37.9 1674049 1674948 genome.dna 3170712 3171624 NC_003902.gbk
1876 61.6 1751217 1749904 genome.dna 3994374 3995703 NC_003902.gbk
434 35.9 1765743 1764766 genome.dna 977992 977062 NC_003902.gbk
1245 68.7 1773723 1772857 genome.dna 931748 930866 NC_003902.gbk
1178 70.9 1774549 1773683 genome.dna 932584 931744 NC_003902.gbk
1016 47.7 1775629 1774607 genome.dna 933631 932587 NC_003902.gbk
1637 51.2 1800077 1801579 genome.dna 97850 99341 NC_003902.gbk
507 36.9 1818024 1817266 genome.dna 1970881 1971667 NC_003902.gbk
383 33.5 1819842 1820456 genome.dna 3181662 3182280 NC_003902.gbk
660 47.5 1824646 1823984 genome.dna 4625072 4625735 NC_003902.gbk
409 32.6 1825190 1826161 genome.dna 2288199 2287254 NC_003902.gbk
358 38.7 1833671 1834210 genome.dna 896401 896947 NC_003902.gbk
215 52.3 1837906 1837757 genome.dna 4889499 4889655 NC_003902.gbk
1321 41.8 1839441 1837903 genome.dna 1498629 1500219 NC_003902.gbk
796 32.0 1847037 1842241 genome.dna 2726924 2722529 NC_003902.gbk
459 42.6 1849384 1850334 genome.dna 4662693 4661739 NC_003902.gbk
502 57.8 1860773 1860348 genome.dna 828766 829189 NC_003902.gbk
675 38.6 1868891 1867875 genome.dna 2948627 2947568 NC_003902.gbk
740 31.1 1876889 1874142 genome.dna 2945811 2943357 NC_003902.gbk
1019 56.5 1903087 1902248 genome.dna 1876714 1877482 NC_003902.gbk
393 60.2 1903356 1903090 genome.dna 4259720 4259987 NC_003902.gbk
393 60.2 1903356 1903090 genome.dna 1876373 1876640 NC_003902.gbk
482 33.3 1928122 1927325 genome.dna 4666783 4667539 NC_003902.gbk
908 45.1 1935437 1936324 genome.dna 4352427 4353282 NC_003902.gbk
549 39.5 1936321 1937376 genome.dna 4353292 4354474 NC_003902.gbk
1785 46.1 1937404 1939404 genome.dna 2208972 2206968 NC_003902.gbk
570 59.5 1939436 1939933 genome.dna 2181899 2181413 NC_003902.gbk
834 50.0 1942291 1943163 genome.dna 2178069 2177199 NC_003902.gbk
767 49.9 1943163 1944215 genome.dna 3207965 3209024 NC_003902.gbk
566 67.2 1944254 1944643 genome.dna 2229941 2229560 NC_003902.gbk
126 30.4 1944653 1945297 genome.dna 2229561 2228934 NC_003902.gbk
928 41.8 1945543 1946694 genome.dna 2237499 2236368 NC_003902.gbk
2252 50.0 1946687 1948771 genome.dna 2236372 2234278 NC_003902.gbk
269 34.3 1950974 1951390 genome.dna 2286790 2286388 NC_003902.gbk
397 50.4 1951419 1951823 genome.dna 2286385 2285977 NC_003902.gbk
405 33.3 1951839 1952513 genome.dna 2285954 2285288 NC_003902.gbk
874 37.9 1952589 1953806 genome.dna 2285257 2284033 NC_003902.gbk
631 41.2 1953828 1954583 genome.dna 2283890 2283134 NC_003902.gbk
1021 60.3 1954611 1955393 genome.dna 2282341 2281555 NC_003902.gbk
430 36.4 1955568 1956287 genome.dna 2281517 2280824 NC_003902.gbk
1169 53.0 1956304 1957413 genome.dna 2280814 2279695 NC_003902.gbk
850 31.8 1958502 1960208 genome.dna 2278495 2276620 NC_003902.gbk
455 33.5 1962314 1961529 genome.dna 2247068 2246276 NC_003902.gbk
185 33.7 1962586 1962317 genome.dna 2247350 2247080 NC_003902.gbk
763 53.3 1963383 1962607 genome.dna 2249278 2248435 NC_003902.gbk
194 31.7 1963802 1963380 genome.dna 2249687 2249279 NC_003902.gbk
906 44.2 1965221 1964208 genome.dna 2251032 2250018 NC_003902.gbk
216 31.0 1965712 1965227 genome.dna 2251563 2251044 NC_003902.gbk
1473 57.8 1968985 1967612 genome.dna 2254866 2253489 NC_003902.gbk
1034 48.5 1970689 1969697 genome.dna 2256469 2255479 NC_003902.gbk
767 35.4 1972410 1970686 genome.dna 2258201 2256479 NC_003902.gbk
197 37.8 1972671 1972985 genome.dna 2258532 2258214 NC_003902.gbk
316 44.1 1974025 1973615 genome.dna 2272201 2271787 NC_003902.gbk
569 39.8 1975728 1976600 genome.dna 2275097 2273897 NC_003902.gbk
1463 60.7 1980555 1981667 genome.dna 2266638 2265348 NC_003902.gbk
660 47.8 1986118 1986840 genome.dna 2230744 2229976 NC_003902.gbk
692 49.3 1990078 1989440 genome.dna 201290 201947 NC_003902.gbk
2026 45.4 1992328 1990295 genome.dna 4045454 4047434 NC_003902.gbk
2283 70.6 1993342 1994814 genome.dna 4047474 4048947 NC_003902.gbk
3140 82.3 1994834 1996513 genome.dna 4049037 4050708 NC_003902.gbk
775 61.5 1997941 1997423 genome.dna 705094 704578 NC_003902.gbk
1510 36.7 2005482 2003347 genome.dna 597721 595477 NC_003902.gbk
211 52.7 2010635 2010913 genome.dna 1021494 1021761 NC_003902.gbk
1141 38.5 2022455 2024023 genome.dna 4942355 4940753 NC_003902.gbk
715 36.4 2027618 2026698 genome.dna 3970345 3971266 NC_003902.gbk
1493 60.6 2028974 2027880 genome.dna 376846 377944 NC_003902.gbk
327 31.2 2031491 2030937 genome.dna 3371463 3372027 NC_003902.gbk
2359 41.8 2038000 2034716 genome.dna 2454641 2458205 NC_003902.gbk
862 47.6 2038594 2039550 genome.dna 2454238 2453254 NC_003902.gbk
457 42.6 2040198 2039605 genome.dna 1163912 1163333 NC_003902.gbk
250 30.2 2040339 2040860 genome.dna 1164023 1164533 NC_003902.gbk
255 68.5 2040877 2041047 genome.dna 1164629 1164824 NC_003902.gbk
1181 57.6 2042130 2043083 genome.dna 1164913 1165891 NC_003902.gbk
1060 51.5 2043101 2044030 genome.dna 1166535 1167480 NC_003902.gbk
1005 67.4 2044045 2044779 genome.dna 1167558 1168302 NC_003902.gbk
397 82.9 2044934 2045170 genome.dna 1168457 1168697 NC_003902.gbk
1739 60.7 2045253 2046494 genome.dna 1168837 1170073 NC_003902.gbk
770 39.3 2047434 2048453 genome.dna 1171650 1172709 NC_003902.gbk
305 37.0 2048443 2049102 genome.dna 4660765 4661449 NC_003902.gbk
408 49.5 2055442 2055792 genome.dna 1153777 1154128 NC_003902.gbk
805 41.0 2057749 2058777 genome.dna 1500626 1501622 NC_003902.gbk
541 32.3 2059718 2061022 genome.dna 4480917 4482204 NC_003902.gbk
671 31.1 2063309 2062113 genome.dna 352299 353496 NC_003902.gbk
348 31.1 2066727 2065357 genome.dna 1528195 1526812 NC_003902.gbk
3740 50.7 2070405 2066956 genome.dna 3196466 3199934 NC_003902.gbk
792 55.7 2071740 2072447 genome.dna 2511684 2511000 NC_003902.gbk
894 35.7 2072444 2073691 genome.dna 2512984 2511733 NC_003902.gbk
229 30.8 2074702 2075532 genome.dna 375883 376765 NC_003902.gbk
626 53.3 2079241 2079792 genome.dna 5030687 5030141 NC_003902.gbk
2158 52.9 2083361 2081520 genome.dna 2523478 2525395 NC_003902.gbk
413 43.0 2085741 2085214 genome.dna 4846232 4846715 NC_003902.gbk
912 46.7 2088494 2089945 genome.dna 2687415 2685858 NC_003902.gbk
870 34.7 2099496 2097796 genome.dna 2941997 2940380 NC_003902.gbk
774 44.9 2102053 2101232 genome.dna 2553254 2552432 NC_003902.gbk
3440 64.6 2102354 2104732 genome.dna 2553396 2555775 NC_003902.gbk
636 34.7 2106065 2105019 genome.dna 3287281 3288202 NC_003902.gbk
443 50.4 2111138 2111554 genome.dna 232553 232988 NC_003902.gbk
1854 63.4 2112831 2114330 genome.dna 3274752 3276210 NC_003902.gbk
1019 61.8 2114428 2115174 genome.dna 3276374 3277139 NC_003902.gbk
686 35.5 2115176 2116495 genome.dna 3277138 3278401 NC_003902.gbk
1262 45.3 2116495 2117718 genome.dna 3278397 3279639 NC_003902.gbk
339 42.2 2117752 2118168 genome.dna 2650800 2651241 NC_003902.gbk
485 42.6 2138606 2139226 genome.dna 2617198 2617843 NC_003902.gbk
597 42.6 2139226 2139882 genome.dna 2617839 2618535 NC_003902.gbk
715 45.2 2139951 2140691 genome.dna 1937258 1936499 NC_003902.gbk
380 42.9 2140906 2141388 genome.dna 1936303 1935832 NC_003902.gbk
2218 52.9 2141385 2143340 genome.dna 2620106 2622044 NC_003902.gbk
493 42.9 2143337 2143894 genome.dna 2622036 2622639 NC_003902.gbk
339 37.7 2143891 2144349 genome.dna 1933233 1932780 NC_003902.gbk
442 33.4 2158261 2157266 genome.dna 889186 890164 NC_003902.gbk
974 61.7 2163569 2165743 genome.dna 1408624 1406377 NC_003902.gbk
965 37.4 2181270 2179897 genome.dna 4473482 4472105 NC_003902.gbk
403 36.7 2181519 2182154 genome.dna 837402 838005 NC_003902.gbk
422 51.5 2186467 2186817 genome.dna 2973150 2972829 NC_003902.gbk
642 50.5 2187600 2186929 genome.dna 1783115 1782464 NC_003902.gbk
142 36.1 2188157 2187750 genome.dna 694993 694468 NC_003902.gbk
196 30.0 2188917 2189354 genome.dna 4973009 4973453 NC_003902.gbk
1098 47.6 2190305 2191417 genome.dna 4566626 4567760 NC_003902.gbk
464 39.6 2191939 2192622 genome.dna 3352580 3351980 NC_003902.gbk
326 33.2 2195725 2195117 genome.dna 1080499 1079884 NC_003902.gbk
1621 57.8 2198282 2200954 genome.dna 2168531 2165762 NC_003902.gbk
920 38.5 2215224 2216393 genome.dna 2585755 2584576 NC_003902.gbk
428 35.7 2216576 2217319 genome.dna 4928060 4927328 NC_003902.gbk
2900 62.0 2221311 2219248 genome.dna 3221504 3223577 NC_003902.gbk
2810 57.0 2227418 2225106 genome.dna 2769750 2767401 NC_003902.gbk
840 35.2 2229872 2231182 genome.dna 4903413 4901907 NC_003902.gbk
1115 57.1 2246458 2245529 genome.dna 4981885 4980973 NC_003902.gbk
956 54.4 2246565 2247398 genome.dna 4981943 4982816 NC_003902.gbk
1075 59.8 2263993 2263058 genome.dna 4872438 4871535 NC_003902.gbk
1267 42.0 2275609 2279496 genome.dna 3506586 3502470 NC_003902.gbk
435 43.6 2280350 2279511 genome.dna 99986 100781 NC_003902.gbk
1026 32.9 2282174 2280396 genome.dna 2067403 2065546 NC_003902.gbk
451 35.4 2306210 2305560 genome.dna 1317018 1317660 NC_003902.gbk
332 41.3 2318802 2319278 genome.dna 2647151 2646680 NC_003902.gbk
739 41.7 2322430 2321456 genome.dna 453418 454378 NC_003902.gbk
164 38.2 2324296 2324544 genome.dna 4797625 4797877 NC_003902.gbk
441 30.9 2325750 2324722 genome.dna 2364244 2363194 NC_003902.gbk
1336 51.1 2359305 2358133 genome.dna 1534840 1536019 NC_003902.gbk
534 41.4 2368465 2367812 genome.dna 1433538 1432893 NC_003902.gbk
1283 48.0 2371991 2370621 genome.dna 1441383 1442712 NC_003902.gbk
453 36.6 2383611 2384378 genome.dna 1439304 1440069 NC_003902.gbk
816 37.4 2477692 2478756 genome.dna 293261 292208 NC_003902.gbk
1649 67.5 2487322 2486231 genome.dna 1035007 1036099 NC_003902.gbk
643 51.3 2488039 2487452 genome.dna 1034349 1034931 NC_003902.gbk
1273 60.9 2489732 2488785 genome.dna 1032601 1033561 NC_003902.gbk
822 48.2 2490742 2489870 genome.dna 1031449 1032337 NC_003902.gbk
1133 47.3 2491599 2492855 genome.dna 1029061 1027762 NC_003902.gbk
1424 60.2 2492889 2493971 genome.dna 1027785 1026699 NC_003902.gbk
854 51.8 2493971 2494816 genome.dna 992974 993826 NC_003902.gbk
852 47.0 2496092 2496946 genome.dna 1976467 1977298 NC_003902.gbk
297 35.4 2498108 2498629 genome.dna 3704930 3704381 NC_003902.gbk
381 31.9 2507176 2506430 genome.dna 2106607 2105845 NC_003902.gbk
412 41.8 2507977 2507444 genome.dna 3142767 3143310 NC_003902.gbk
280 35.0 2511822 2511298 genome.dna 249732 250230 NC_003902.gbk
1175 45.6 2513105 2511876 genome.dna 1548437 1547066 NC_003902.gbk
465 41.2 2513827 2513102 genome.dna 1549312 1548358 NC_003902.gbk
1150 44.9 2515088 2513820 genome.dna 1550487 1549236 NC_003902.gbk
441 49.3 2524682 2525110 genome.dna 3256957 3256522 NC_003902.gbk
819 43.1 2530749 2531648 genome.dna 3515458 3516376 NC_003902.gbk
1482 50.9 2540511 2541806 genome.dna 488529 489963 NC_003902.gbk
1046 49.2 2547155 2548117 genome.dna 2784852 2785854 NC_003902.gbk
575 31.3 2550693 2551877 genome.dna 3889883 3888683 NC_003902.gbk
872 55.5 2552084 2552833 genome.dna 4586336 4587092 NC_003902.gbk
1053 42.8 2559536 2560804 genome.dna 370092 371442 NC_003902.gbk
1305 46.0 2563367 2561970 genome.dna 1748809 1750213 NC_003902.gbk
383 45.7 2569222 2568764 genome.dna 3795087 3795606 NC_003902.gbk
1210 55.4 2570445 2569453 genome.dna 4541577 4542570 NC_003902.gbk
1161 51.4 2571743 2570592 genome.dna 4092788 4093847 NC_003902.gbk
988 72.5 2585970 2586605 genome.dna 1795068 1794384 NC_003902.gbk
614 30.1 2587267 2588739 genome.dna 531144 532665 NC_003902.gbk
711 39.3 2589820 2588846 genome.dna 3778840 3777859 NC_003902.gbk
362 33.8 2595189 2595950 genome.dna 2972833 2972092 NC_003902.gbk
643 50.3 2595969 2596559 genome.dna 3627651 3627039 NC_003902.gbk
670 38.5 2605113 2606180 genome.dna 570618 571656 NC_003902.gbk
1395 54.9 2607572 2608762 genome.dna 3017805 3016587 NC_003902.gbk
478 35.7 2608762 2609568 genome.dna 3016076 3015257 NC_003902.gbk
449 37.0 2611473 2610838 genome.dna 3795824 3796448 NC_003902.gbk
241 34.3 2620019 2620441 genome.dna 3077463 3076971 NC_003902.gbk
441 66.3 2621565 2621861 genome.dna 2608064 2607764 NC_003902.gbk
778 61.2 2637907 2637311 genome.dna 4938512 4939142 NC_003902.gbk
824 46.2 2639766 2638855 genome.dna 2581682 2580788 NC_003902.gbk
307 41.5 2642181 2642648 genome.dna 4960592 4960202 NC_003902.gbk
744 42.2 2642732 2643580 genome.dna 379821 380691 NC_003902.gbk
360 34.0 2645012 2644386 genome.dna 4482256 4482871 NC_003902.gbk
360 30.3 2645457 2646263 genome.dna 4570642 4569841 NC_003902.gbk
311 31.4 2649224 2648673 genome.dna 998078 997502 NC_003902.gbk
1277 38.1 2649493 2651343 genome.dna 4472021 4470119 NC_003902.gbk
1572 72.7 2654735 2655739 genome.dna 3794557 3793555 NC_003902.gbk
927 51.3 2657649 2656798 genome.dna 1294922 1294067 NC_003902.gbk
1769 61.1 2664862 2663609 genome.dna 4349554 4348264 NC_003902.gbk
177 38.0 2678353 2678066 genome.dna 4741055 4740794 NC_003902.gbk
369 36.9 2678460 2679146 genome.dna 1315069 1314319 NC_003902.gbk
1248 69.6 2679167 2679979 genome.dna 1314283 1313473 NC_003902.gbk
238 50.6 2679983 2680252 genome.dna 1313471 1313213 NC_003902.gbk
501 33.1 2681594 2680470 genome.dna 2711523 2712612 NC_003902.gbk
2129 58.2 2683421 2681736 genome.dna 2165029 2163346 NC_003902.gbk
221 32.4 2684415 2683819 genome.dna 1154766 1154229 NC_003902.gbk
535 42.6 2685383 2684682 genome.dna 3480270 3479550 NC_003902.gbk
846 43.9 2687417 2685498 genome.dna 3482752 3480745 NC_003902.gbk
282 40.2 2687612 2687956 genome.dna 1544212 1544560 NC_003902.gbk
1602 52.9 2691006 2692370 genome.dna 3373004 3374387 NC_003902.gbk
638 52.9 2701066 2701629 genome.dna 4836623 4837205 NC_003902.gbk
842 44.8 2711183 2712019 genome.dna 199445 200300 NC_003902.gbk
1112 65.6 2712101 2712862 genome.dna 200375 201131 NC_003902.gbk
672 37.6 2714816 2715706 genome.dna 2599828 2598943 NC_003902.gbk
1139 56.1 2720363 2721325 genome.dna 191800 190810 NC_003902.gbk
469 77.2 2728844 2728548 genome.dna 2918744 2918444 NC_003902.gbk
2133 44.7 2731236 2728849 genome.dna 2921140 2918764 NC_003902.gbk
1006 60.3 2732234 2731251 genome.dna 2922280 2921269 NC_003902.gbk
530 71.2 2732903 2732547 genome.dna 2922939 2922579 NC_003902.gbk
227 60.9 2733144 2732947 genome.dna 2923147 2922949 NC_003902.gbk
662 59.6 2733782 2733240 genome.dna 2923867 2923387 NC_003902.gbk
2726 60.9 2735713 2733785 genome.dna 2925889 2923978 NC_003902.gbk
1076 55.9 2741372 2740491 genome.dna 2695344 2694465 NC_003902.gbk
418 30.1 2742385 2741537 genome.dna 1199980 1200802 NC_003902.gbk
602 49.7 2755854 2756510 genome.dna 335773 336337 NC_003902.gbk
355 44.7 2756503 2756949 genome.dna 2303094 2302635 NC_003902.gbk
1279 55.0 2757088 2758194 genome.dna 2302639 2301502 NC_003902.gbk
345 31.3 2758197 2758835 genome.dna 2301506 2300888 NC_003902.gbk
1783 59.6 2759027 2760397 genome.dna 1747165 1745797 NC_003902.gbk
620 42.7 2760640 2761329 genome.dna 4672682 4671998 NC_003902.gbk
642 46.6 2771944 2772576 genome.dna 238091 238703 NC_003902.gbk
893 40.1 2775696 2773681 genome.dna 4107636 4105452 NC_003902.gbk
500 50.7 2777056 2776550 genome.dna 708394 707905 NC_003902.gbk
265 57.1 2786395 2786183 genome.dna 2689627 2689417 NC_003902.gbk
2081 47.3 2791079 2789028 genome.dna 4170169 4168090 NC_003902.gbk
1588 61.9 2791280 2792458 genome.dna 1323491 1324694 NC_003902.gbk
585 40.0 2793288 2792647 genome.dna 2525447 2526107 NC_003902.gbk
1162 40.1 2794931 2793456 genome.dna 2520182 2521613 NC_003902.gbk
1512 51.0 2796565 2798007 genome.dna 3786333 3784806 NC_003902.gbk
575 31.9 2800594 2799272 genome.dna 4565004 4566423 NC_003902.gbk
1526 70.2 2809298 2808294 genome.dna 3568960 3567919 NC_003902.gbk
492 44.9 2809923 2809306 genome.dna 3572815 3572230 NC_003902.gbk
474 52.2 2810663 2810151 genome.dna 3573452 3572927 NC_003902.gbk
855 56.9 2811487 2810744 genome.dna 3574310 3573581 NC_003902.gbk
2129 55.0 2813755 2811956 genome.dna 3577811 3576044 NC_003902.gbk
1274 43.2 2838878 2837343 genome.dna 1340289 1341882 NC_003902.gbk
386 41.9 2840639 2840001 genome.dna 4929377 4930046 NC_003902.gbk
396 39.0 2841233 2840649 genome.dna 3463868 3463295 NC_003902.gbk
2049 49.4 2854450 2852540 genome.dna 2683647 2681739 NC_003902.gbk
986 44.1 2856571 2854454 genome.dna 1805208 1807479 NC_003902.gbk
1088 52.7 2859653 2858643 genome.dna 2078508 2077452 NC_003902.gbk
1143 46.1 2862696 2863901 genome.dna 823774 824971 NC_003902.gbk
2151 66.3 2864092 2865492 genome.dna 1822792 1821397 NC_003902.gbk
1322 51.1 2867225 2868415 genome.dna 119040 117837 NC_003902.gbk
768 50.2 2884168 2883416 genome.dna 2502413 2501660 NC_003902.gbk
534 42.1 2885460 2884459 genome.dna 2503606 2502550 NC_003902.gbk
1617 42.2 2887241 2885457 genome.dna 2505372 2503602 NC_003902.gbk
715 30.6 2889516 2887243 genome.dna 2508897 2506506 NC_003902.gbk
1388 45.9 2895155 2896582 genome.dna 1813223 1811777 NC_003902.gbk
777 33.1 2898013 2896643 genome.dna 3327693 3329073 NC_003902.gbk
422 39.0 2900715 2899810 genome.dna 4308432 4309272 NC_003902.gbk
538 36.3 2906057 2905173 genome.dna 4827092 4827950 NC_003902.gbk
777 42.9 2916384 2917283 genome.dna 2108720 2109635 NC_003902.gbk
1502 54.4 2917289 2918617 genome.dna 2109631 2110927 NC_003902.gbk
822 40.5 2918614 2919687 genome.dna 2110923 2112012 NC_003902.gbk
874 51.1 2919703 2920770 genome.dna 2112008 2113136 NC_003902.gbk
540 44.1 2920770 2921360 genome.dna 2113132 2113735 NC_003902.gbk
735 45.0 2921367 2922104 genome.dna 2113731 2114466 NC_003902.gbk
1074 62.9 2922086 2922862 genome.dna 2114459 2115236 NC_003902.gbk
727 57.4 2922856 2923488 genome.dna 2115225 2115846 NC_003902.gbk
414 68.1 2923933 2923649 genome.dna 2586445 2586133 NC_003902.gbk
2498 69.2 2925698 2924025 genome.dna 2588214 2586534 NC_003902.gbk
707 52.3 2926492 2925815 genome.dna 2589079 2588398 NC_003902.gbk
594 33.3 2928002 2926713 genome.dna 1859684 1861001 NC_003902.gbk
1233 51.9 2929170 2928085 genome.dna 1857214 1858300 NC_003902.gbk
688 45.7 2937215 2936178 genome.dna 3548477 3549464 NC_003902.gbk
1117 48.7 2937468 2938652 genome.dna 3542990 3544157 NC_003902.gbk
366 36.3 2938653 2939168 genome.dna 3544187 3544697 NC_003902.gbk
188 37.1 2939282 2939590 genome.dna 3544742 3545045 NC_003902.gbk
722 44.9 2947011 2946115 genome.dna 3539111 3540002 NC_003902.gbk
308 32.8 2947944 2947363 genome.dna 3542059 3542623 NC_003902.gbk
266 36.1 2949024 2948572 genome.dna 3537115 3537535 NC_003902.gbk
179 42.6 2950670 2950470 genome.dna 3535154 3535364 NC_003902.gbk
320 33.8 2951167 2950670 genome.dna 3534687 3535155 NC_003902.gbk
880 42.4 2953264 2952215 genome.dna 3532849 3533866 NC_003902.gbk
520 37.5 2954122 2953289 genome.dna 3531958 3532801 NC_003902.gbk
1350 46.2 2954281 2956002 genome.dna 3531837 3530052 NC_003902.gbk
1007 45.0 2956004 2957050 genome.dna 3530053 3529021 NC_003902.gbk
1714 61.3 2975613 2974318 genome.dna 1862424 1863705 NC_003902.gbk
1402 52.4 2977060 2975717 genome.dna 2319851 2321138 NC_003902.gbk
615 61.4 2981911 2981417 genome.dna 4349704 4350184 NC_003902.gbk
1448 68.1 2982496 2983455 genome.dna 2309775 2308806 NC_003902.gbk
1081 36.7 2983684 2985450 genome.dna 2629655 2627921 NC_003902.gbk
1008 35.3 2985450 2987189 genome.dna 2627925 2626248 NC_003902.gbk
633 45.8 2987214 2987927 genome.dna 2307589 2306839 NC_003902.gbk
343 68.1 2988043 2988261 genome.dna 2306759 2306540 NC_003902.gbk
3101 63.3 2992855 2990582 genome.dna 2303850 2306133 NC_003902.gbk
387 50.9 2993205 2992885 genome.dna 2303386 2303707 NC_003902.gbk
1070 60.6 3009847 3009002 genome.dna 2747942 2747093 NC_003902.gbk
1166 58.9 3010809 3009844 genome.dna 2748805 2747938 NC_003902.gbk
1415 59.5 3011957 3010824 genome.dna 2750146 2748994 NC_003902.gbk
1339 54.3 3013338 3012229 genome.dna 2755826 2754710 NC_003902.gbk
1102 55.2 3015344 3014433 genome.dna 3682879 3682003 NC_003902.gbk
1025 45.1 3022380 3021175 genome.dna 4113678 4112466 NC_003902.gbk
710 51.2 3025403 3026020 genome.dna 4479411 4478802 NC_003902.gbk
809 38.0 3027219 3026053 genome.dna 4530765 4531944 NC_003902.gbk
2009 66.0 3042056 3043384 genome.dna 3041830 3040456 NC_003902.gbk
299 33.1 3045534 3044359 genome.dna 3066913 3065668 NC_003902.gbk
374 33.7 3046334 3045672 genome.dna 4972903 4972273 NC_003902.gbk
2036 79.1 3050037 3051158 genome.dna 4032478 4031368 NC_003902.gbk
1149 59.6 3051198 3052058 genome.dna 4030667 4029836 NC_003902.gbk
742 50.7 3052224 3052868 genome.dna 2689217 2688518 NC_003902.gbk
816 44.0 3064304 3063432 genome.dna 4033939 4033024 NC_003902.gbk
1672 50.9 3068393 3066702 genome.dna 2802210 2803953 NC_003902.gbk
584 41.2 3069350 3068412 genome.dna 2801100 2802057 NC_003902.gbk
352 53.6 3072258 3072004 genome.dna 416736 417003 NC_003902.gbk
527 42.0 3072423 3072995 genome.dna 2133318 2132751 NC_003902.gbk
459 40.0 3084419 3083724 genome.dna 4339939 4339225 NC_003902.gbk
958 33.1 3127190 3125091 genome.dna 4680529 4678393 NC_003902.gbk
1100 43.0 3132141 3129835 genome.dna 4534440 4532268 NC_003902.gbk
476 42.9 3132533 3133219 genome.dna 980873 981515 NC_003902.gbk
1369 69.6 3137830 3136895 genome.dna 1564698 1565742 NC_003902.gbk
2271 71.4 3139235 3137823 genome.dna 1563346 1564783 NC_003902.gbk
1516 53.1 3147123 3145672 genome.dna 711871 710482 NC_003902.gbk
149 37.0 3155372 3155127 genome.dna 1149359 1149605 NC_003902.gbk
399 47.1 3155863 3155369 genome.dna 1148865 1149363 NC_003902.gbk
616 57.0 3156400 3155882 genome.dna 1024385 1023866 NC_003902.gbk
575 35.6 3157424 3156435 genome.dna 1147452 1148472 NC_003902.gbk
3023 68.5 3161386 3159374 genome.dna 2957004 2954982 NC_003902.gbk
580 46.0 3163130 3162450 genome.dna 708659 709334 NC_003902.gbk
378 32.8 3163884 3163123 genome.dna 457670 456785 NC_003902.gbk
897 41.5 3165022 3163865 genome.dna 461708 460502 NC_003902.gbk
1320 61.4 3166099 3165062 genome.dna 462842 461807 NC_003902.gbk
955 42.2 3166195 3167499 genome.dna 3410027 3411446 NC_003902.gbk
845 38.7 3178804 3180039 genome.dna 2334103 2335324 NC_003902.gbk
1103 42.3 3185328 3186677 genome.dna 442078 443431 NC_003902.gbk
738 39.6 3193197 3192250 genome.dna 4367867 4368803 NC_003902.gbk
562 51.9 3228583 3228035 genome.dna 2497905 2497272 NC_003902.gbk
1917 49.3 3230474 3228642 genome.dna 2499761 2497904 NC_003902.gbk
559 41.1 3231123 3230467 genome.dna 2459420 2458772 NC_003902.gbk
2336 73.5 3233243 3234655 genome.dna 4216529 4215149 NC_003902.gbk
5413 79.4 3275000 3271911 genome.dna 512891 515990 NC_003902.gbk
1473 64.8 3276106 3274997 genome.dna 511779 512895 NC_003902.gbk
775 59.8 3276797 3276183 genome.dna 511081 511705 NC_003902.gbk
2018 65.1 3276884 3278356 genome.dna 510997 509524 NC_003902.gbk
437 34.0 3278435 3279220 genome.dna 3004863 3005679 NC_003902.gbk
779 50.4 3279845 3280585 genome.dna 1422590 1423325 NC_003902.gbk
1275 43.7 3306810 3308309 genome.dna 4194829 4193332 NC_003902.gbk
422 60.9 3332182 3332514 genome.dna 2881508 2881175 NC_003902.gbk
1821 70.4 3333801 3332713 genome.dna 1366751 1365650 NC_003902.gbk
519 48.4 3334880 3335344 genome.dna 343075 342601 NC_003902.gbk
1909 41.5 3339478 3336770 genome.dna 2356594 2359333 NC_003902.gbk
930 42.6 3346676 3345414 genome.dna 2351086 2352157 NC_003902.gbk
2131 60.0 3352107 3353684 genome.dna 2629814 2631407 NC_003902.gbk
1032 36.6 3358506 3357067 genome.dna 4028031 4029441 NC_003902.gbk
566 40.7 3359337 3358615 genome.dna 4862497 4863262 NC_003902.gbk
632 38.5 3364794 3365690 genome.dna 3254494 3255376 NC_003902.gbk
796 31.0 3372145 3370688 genome.dna 2989847 2988386 NC_003902.gbk
237 36.6 3375937 3375635 genome.dna 2993903 2993597 NC_003902.gbk
652 39.7 3378041 3377067 genome.dna 2996042 2995058 NC_003902.gbk
1110 44.3 3382301 3380952 genome.dna 2999712 2998377 NC_003902.gbk
321 36.1 3382843 3382298 genome.dna 3000243 2999715 NC_003902.gbk
530 44.2 3385418 3384744 genome.dna 3002908 3002332 NC_003902.gbk
261 30.8 3385876 3385436 genome.dna 3003234 3002877 NC_003902.gbk
1112 43.6 3389494 3390708 genome.dna 4008692 4009964 NC_003902.gbk
951 31.2 3393361 3391478 genome.dna 4187275 4185427 NC_003902.gbk
289 33.9 3394163 3393489 genome.dna 4339229 4338551 NC_003902.gbk
821 58.7 3401812 3402438 genome.dna 4695087 4694397 NC_003902.gbk
837 48.0 3402984 3403889 genome.dna 4619701 4620592 NC_003902.gbk
1972 60.7 3409858 3408341 genome.dna 1109486 1110953 NC_003902.gbk
1102 46.7 3412525 3411257 genome.dna 1106214 1107483 NC_003902.gbk
1238 62.5 3413548 3412631 genome.dna 3015056 3014168 NC_003902.gbk
908 54.0 3415469 3414618 genome.dna 3020502 3019728 NC_003902.gbk
801 42.3 3416479 3415469 genome.dna 3024712 3023686 NC_003902.gbk
1600 60.9 3421622 3420405 genome.dna 704579 703370 NC_003902.gbk
1566 63.5 3427528 3426443 genome.dna 3026951 3025847 NC_003902.gbk
957 52.0 3428548 3427616 genome.dna 3028345 3027418 NC_003902.gbk
240 33.9 3428721 3429263 genome.dna 1982736 1982190 NC_003902.gbk
238 31.8 3430851 3431399 genome.dna 1606095 1605504 NC_003902.gbk
324 35.0 3432149 3432922 genome.dna 1605508 1604752 NC_003902.gbk
1302 32.4 3432966 3435347 genome.dna 1604823 1602387 NC_003902.gbk
1216 36.5 3438550 3436355 genome.dna 1483759 1481686 NC_003902.gbk
1058 41.6 3439860 3438547 genome.dna 252388 253684 NC_003902.gbk
1443 51.1 3453156 3451774 genome.dna 2683747 2685124 NC_003902.gbk
695 41.4 3459693 3458845 genome.dna 3675920 3676784 NC_003902.gbk
600 32.8 3463304 3462318 genome.dna 4071955 4070962 NC_003902.gbk
315 31.7 3463951 3463301 genome.dna 4072554 4071951 NC_003902.gbk
470 53.0 3465394 3464954 genome.dna 4073904 4073439 NC_003902.gbk
873 43.1 3466688 3465462 genome.dna 4075127 4073930 NC_003902.gbk
1546 50.8 3468186 3466690 genome.dna 4076613 4075113 NC_003902.gbk
574 32.8 3470135 3468183 genome.dna 4078690 4076617 NC_003902.gbk
965 30.1 3482655 3480208 genome.dna 479054 481520 NC_003902.gbk
1540 70.2 3491089 3492066 genome.dna 388167 389187 NC_003902.gbk
2020 86.0 3492094 3493125 genome.dna 389179 390211 NC_003902.gbk
1202 59.3 3500028 3499135 genome.dna 349535 350429 NC_003902.gbk
656 72.9 3500331 3500732 genome.dna 3172273 3171835 NC_003902.gbk
501 30.5 3511745 3510762 genome.dna 3386690 3385646 NC_003902.gbk
1113 60.4 3516455 3517318 genome.dna 2578240 2577355 NC_003902.gbk
155 43.1 3517351 3517563 genome.dna 3136529 3136772 NC_003902.gbk
1321 46.4 3519048 3517663 genome.dna 2649141 2650515 NC_003902.gbk
735 45.9 3520698 3521420 genome.dna 1115089 1114345 NC_003902.gbk
678 63.5 3521609 3522118 genome.dna 2975726 2975222 NC_003902.gbk
558 35.8 3522115 3523185 genome.dna 2975226 2974083 NC_003902.gbk
1602 52.1 3525014 3526381 genome.dna 3373004 3374387 NC_003902.gbk
1316 36.5 3531913 3533985 genome.dna 1120789 1118686 NC_003902.gbk
1162 39.7 3533985 3535520 genome.dna 1118629 1117102 NC_003902.gbk
687 73.4 3537011 3536586 genome.dna 327988 328417 NC_003902.gbk
637 71.1 3537641 3537204 genome.dna 327430 327892 NC_003902.gbk
1089 38.1 3537873 3539351 genome.dna 3315102 3316464 NC_003902.gbk
700 35.0 3550506 3551726 genome.dna 1469696 1468487 NC_003902.gbk
1256 63.7 3557435 3556470 genome.dna 334101 333132 NC_003902.gbk
777 36.5 3559135 3560370 genome.dna 4502204 4503443 NC_003902.gbk
2652 44.3 3563489 3566569 genome.dna 4506912 4510053 NC_003902.gbk
1509 51.3 3566972 3568372 genome.dna 3357639 3359061 NC_003902.gbk
552 41.7 3569781 3570509 genome.dna 3193921 3193225 NC_003902.gbk
200 31.0 3571239 3571790 genome.dna 4931953 4931395 NC_003902.gbk
873 47.5 3575248 3576147 genome.dna 556562 557492 NC_003902.gbk
608 43.6 3577570 3576767 genome.dna 2013756 2012925 NC_003902.gbk
968 52.3 3588690 3587836 genome.dna 447094 447952 NC_003902.gbk
2545 69.2 3590632 3589055 genome.dna 2575446 2573880 NC_003902.gbk
1962 60.8 3592205 3590739 genome.dna 2577252 2575794 NC_003902.gbk
1207 44.9 3592378 3593766 genome.dna 2706805 2708146 NC_003902.gbk
1199 53.1 3594004 3595047 genome.dna 91898 90821 NC_003902.gbk
907 54.8 3596586 3597341 genome.dna 3815393 3814562 NC_003902.gbk
1057 48.1 3599984 3598497 genome.dna 2332674 2334072 NC_003902.gbk
807 33.3 3601310 3600129 genome.dna 2331443 2332664 NC_003902.gbk
263 35.3 3604488 3603367 genome.dna 2071072 2072338 NC_003902.gbk
268 30.6 3606254 3605517 genome.dna 2329098 2329887 NC_003902.gbk
1239 51.5 3607701 3606505 genome.dna 2327882 2329088 NC_003902.gbk
620 63.1 3608433 3608005 genome.dna 2327438 2327864 NC_003902.gbk
479 33.6 3611852 3612721 genome.dna 1797973 1798861 NC_003902.gbk
353 48.6 3619470 3619147 genome.dna 1822953 1823319 NC_003902.gbk
600 45.0 3622783 3622058 genome.dna 2678419 2677642 NC_003902.gbk
782 44.5 3622920 3623723 genome.dna 2678535 2679369 NC_003902.gbk
1975 67.8 3635387 3634134 genome.dna 832700 833954 NC_003902.gbk
529 71.4 3640872 3640534 genome.dna 4601133 4600794 NC_003902.gbk
968 39.0 3642369 3641032 genome.dna 3669756 3671160 NC_003902.gbk
1727 51.7 3649390 3645506 genome.dna 784351 788398 NC_003902.gbk
547 56.3 3651787 3651263 genome.dna 2558066 2557550 NC_003902.gbk
297 50.6 3679566 3679826 genome.dna 2827029 2826744 NC_003902.gbk
313 39.7 3680956 3680225 genome.dna 14883 14112 NC_003902.gbk
375 32.6 3681774 3681037 genome.dna 1492245 1492971 NC_003902.gbk
983 51.5 3682691 3681786 genome.dna 1491109 1492006 NC_003902.gbk
686 49.8 3683368 3682688 genome.dna 1490432 1491113 NC_003902.gbk
432 39.1 3684626 3683661 genome.dna 1489234 1490035 NC_003902.gbk
2747 68.3 3686442 3684643 genome.dna 1487325 1489131 NC_003902.gbk
737 55.3 3689432 3688857 genome.dna 1483995 1484616 NC_003902.gbk
889 57.4 3694571 3695257 genome.dna 4484869 4484143 NC_003902.gbk
1667 54.0 3698228 3696813 genome.dna 3185015 3183611 NC_003902.gbk
857 45.4 3700404 3701453 genome.dna 4432640 4431569 NC_003902.gbk
323 35.2 3701538 3702119 genome.dna 2391673 2391037 NC_003902.gbk
629 54.6 3704788 3703907 genome.dna 1094637 1095591 NC_003902.gbk
1015 59.5 3705613 3704801 genome.dna 1093780 1094641 NC_003902.gbk
1267 58.5 3706780 3705770 genome.dna 1092757 1093777 NC_003902.gbk
1343 55.0 3708260 3707103 genome.dna 5049387 5048208 NC_003902.gbk
487 63.6 3714535 3714188 genome.dna 587077 587464 NC_003902.gbk
1801 61.7 3714803 3716083 genome.dna 3883718 3885008 NC_003902.gbk
1455 35.1 3724928 3722451 genome.dna 3486238 3483793 NC_003902.gbk
1887 42.1 3727511 3725031 genome.dna 340024 337513 NC_003902.gbk
362 45.0 3729128 3729583 genome.dna 2654401 2653912 NC_003902.gbk
765 44.6 3729711 3730679 genome.dna 2695444 2696338 NC_003902.gbk
1320 49.5 3730782 3732230 genome.dna 2052381 2053749 NC_003902.gbk
432 45.2 3732230 3732727 genome.dna 2053752 2054238 NC_003902.gbk
893 52.1 3732844 3733638 genome.dna 2054273 2055089 NC_003902.gbk
781 47.6 3733793 3734647 genome.dna 2055085 2055940 NC_003902.gbk
376 45.5 3734665 3735045 genome.dna 2056047 2056428 NC_003902.gbk
1013 57.4 3735878 3735108 genome.dna 4713210 4714002 NC_003902.gbk
1067 57.4 3736813 3735875 genome.dna 4712194 4713193 NC_003902.gbk
773 47.9 3737076 3737717 genome.dna 1819774 1819111 NC_003902.gbk
549 34.6 3742499 3743362 genome.dna 4597577 4598435 NC_003902.gbk
1144 65.3 3743408 3744202 genome.dna 574452 575247 NC_003902.gbk
688 45.8 3749695 3748958 genome.dna 1142345 1143083 NC_003902.gbk
632 63.8 3749751 3750215 genome.dna 1141884 1142337 NC_003902.gbk
748 44.3 3750989 3751744 genome.dna 1141191 1140423 NC_003902.gbk
3972 70.3 3762599 3760023 genome.dna 3636825 3634239 NC_003902.gbk
547 45.0 3763458 3762733 genome.dna 3659737 3658936 NC_003902.gbk
1125 53.1 3764478 3763501 genome.dna 3660734 3659738 NC_003902.gbk
412 34.0 3770090 3770806 genome.dna 4181288 4180541 NC_003902.gbk
938 47.8 3771461 3772399 genome.dna 1802234 1803194 NC_003902.gbk
429 60.7 3773009 3772662 genome.dna 1402106 1402514 NC_003902.gbk
898 55.9 3773827 3773072 genome.dna 1401203 1401962 NC_003902.gbk
419 40.1 3774414 3773866 genome.dna 1400626 1401139 NC_003902.gbk
335 55.6 3774681 3774433 genome.dna 1400322 1400583 NC_003902.gbk
1948 66.4 3776200 3774839 genome.dna 1394517 1395894 NC_003902.gbk
395 31.5 3776370 3777164 genome.dna 1394227 1393429 NC_003902.gbk
279 40.0 3780004 3779576 genome.dna 2413637 2413211 NC_003902.gbk
3452 59.4 3784972 3782345 genome.dna 2001813 2004462 NC_003902.gbk
202 31.0 3785598 3785110 genome.dna 2001223 2001712 NC_003902.gbk
1493 66.6 3786717 3785644 genome.dna 2000076 2001108 NC_003902.gbk
523 51.3 3787319 3786825 genome.dna 1993554 1994043 NC_003902.gbk
112 33.0 3820648 3821043 genome.dna 1874501 1874843 NC_003902.gbk
112 33.0 3827578 3827973 genome.dna 1874501 1874843 NC_003902.gbk
250 30.7 3837677 3836898 genome.dna 4804201 4803223 NC_003902.gbk
1222 45.1 3866442 3865039 genome.dna 3177181 3175687 NC_003902.gbk
1152 43.9 3882715 3881462 genome.dna 2637771 2636526 NC_003902.gbk
906 42.9 3883829 3882726 genome.dna 2638998 2637909 NC_003902.gbk
872 43.7 3889382 3888324 genome.dna 705300 706380 NC_003902.gbk
911 54.7 3890504 3891274 genome.dna 3958915 3958165 NC_003902.gbk
2928 53.1 3894156 3896603 genome.dna 3394169 3396644 NC_003902.gbk
793 44.8 3898447 3899475 genome.dna 1836693 1837758 NC_003902.gbk
705 52.8 3906590 3906045 genome.dna 2121387 2120820 NC_003902.gbk
737 51.5 3907276 3906587 genome.dna 2120818 2120119 NC_003902.gbk
562 47.6 3907890 3907273 genome.dna 2122074 2121420 NC_003902.gbk
1337 55.3 3908071 3909228 genome.dna 2617001 2615852 NC_003902.gbk
736 44.5 3909216 3909983 genome.dna 2615705 2614904 NC_003902.gbk
1185 47.7 3911288 3910026 genome.dna 349223 347951 NC_003902.gbk
1630 59.7 3912529 3911285 genome.dna 347962 346705 NC_003902.gbk
1778 53.2 3917101 3918687 genome.dna 357320 355739 NC_003902.gbk
718 44.5 3918901 3920391 genome.dna 358780 357319 NC_003902.gbk
391 50.0 3920435 3920821 genome.dna 345822 345426 NC_003902.gbk
334 48.5 3921260 3920868 genome.dna 890936 890462 NC_003902.gbk
1438 56.3 3928680 3929900 genome.dna 593975 595166 NC_003902.gbk
295 31.7 3931316 3931831 genome.dna 1643752 1644253 NC_003902.gbk
1083 43.1 3932105 3933280 genome.dna 1630024 1631218 NC_003902.gbk
1723 51.0 3933298 3934833 genome.dna 1631224 1632805 NC_003902.gbk
415 42.7 3938346 3938765 genome.dna 1378818 1378371 NC_003902.gbk
1901 37.5 3939697 3942345 genome.dna 4727106 4724397 NC_003902.gbk
1044 41.6 3945541 3944261 genome.dna 4980125 4978763 NC_003902.gbk
1015 47.9 3952362 3953393 genome.dna 4330594 4329586 NC_003902.gbk
636 45.4 3953386 3954039 genome.dna 4329590 4328891 NC_003902.gbk
652 43.5 3954101 3954916 genome.dna 4328690 4327889 NC_003902.gbk
2054 56.7 3956293 3958011 genome.dna 765578 763883 NC_003902.gbk
502 34.8 3960197 3959163 genome.dna 1984894 1985695 NC_003902.gbk
627 50.7 3961248 3960622 genome.dna 1983605 1984283 NC_003902.gbk
520 41.0 3962437 3961391 genome.dna 1980830 1981934 NC_003902.gbk
540 52.9 3963052 3962555 genome.dna 1980243 1980735 NC_003902.gbk
555 47.4 3963804 3963091 genome.dna 1979440 1980238 NC_003902.gbk
1381 68.4 3970373 3969465 genome.dna 3766790 3765881 NC_003902.gbk
1028 61.9 3972869 3972135 genome.dna 3770627 3771353 NC_003902.gbk
1835 49.2 3974615 3972882 genome.dna 3768924 3770631 NC_003902.gbk
1100 42.1 3976444 3974615 genome.dna 3766968 3768816 NC_003902.gbk
575 67.0 3984884 3985300 genome.dna 710366 710012 NC_003902.gbk
160 30.4 3986036 3985365 genome.dna 3562020 3561336 NC_003902.gbk
449 37.8 3989266 3990012 genome.dna 1246400 1245497 NC_003902.gbk
1013 67.4 3996022 3996702 genome.dna 4005196 4004515 NC_003902.gbk
1716 62.7 4001743 4000448 genome.dna 1977782 1979075 NC_003902.gbk
2308 64.9 4003479 4001842 genome.dna 1974362 1976054 NC_003902.gbk
843 52.3 4004518 4003706 genome.dna 3408606 3407781 NC_003902.gbk
1536 42.8 4007080 4004843 genome.dna 3492285 3490113 NC_003902.gbk
1035 40.0 4008483 4007131 genome.dna 1493906 1495241 NC_003902.gbk
1538 60.4 4012636 4011491 genome.dna 5050613 5049437 NC_003902.gbk
577 35.8 4013697 4012813 genome.dna 1479100 1479988 NC_003902.gbk
2191 70.6 4015967 4014627 genome.dna 3853652 3852296 NC_003902.gbk
2012 65.7 4019314 4017962 genome.dna 3855036 3853671 NC_003902.gbk
2123 61.8 4019875 4021449 genome.dna 3850916 3849371 NC_003902.gbk
1812 44.5 4027241 4025196 genome.dna 1832375 1834877 NC_003902.gbk
923 39.5 4031933 4029078 genome.dna 4291780 4294594 NC_003902.gbk
1463 55.5 4034399 4035643 genome.dna 4056634 4057867 NC_003902.gbk
274 35.6 4036522 4035704 genome.dna 241310 240518 NC_003902.gbk
404 55.3 4037027 4036671 genome.dna 4535049 4534695 NC_003902.gbk
732 60.5 4039680 4040210 genome.dna 3932187 3932724 NC_003902.gbk
886 30.6 4046550 4044691 genome.dna 4856544 4854603 NC_003902.gbk
777 55.4 4046883 4047521 genome.dna 985688 986339 NC_003902.gbk
735 51.4 4050959 4050219 genome.dna 3409426 3408640 NC_003902.gbk
682 56.1 4053431 4053985 genome.dna 4368850 4369426 NC_003902.gbk
523 57.3 4059979 4059527 genome.dna 1824636 1825086 NC_003902.gbk
388 71.6 4060248 4060021 genome.dna 1824113 1824344 NC_003902.gbk
496 59.1 4060971 4060579 genome.dna 1823667 1824102 NC_003902.gbk
178 31.1 4064375 4065496 genome.dna 4613047 4614277 NC_003902.gbk
321 40.5 4067878 4067480 genome.dna 3348773 3348368 NC_003902.gbk
775 49.8 4068636 4067902 genome.dna 1778256 1779006 NC_003902.gbk
2194 46.4 4071195 4068739 genome.dna 1774916 1777340 NC_003902.gbk
206 32.8 4071662 4071237 genome.dna 3274278 3274737 NC_003902.gbk
1045 50.3 4076878 4075862 genome.dna 3267513 3266475 NC_003902.gbk
664 49.8 4076900 4077613 genome.dna 3267800 3268484 NC_003902.gbk
627 41.9 4077711 4078532 genome.dna 3268452 3269385 NC_003902.gbk
734 57.2 4079441 4080034 genome.dna 3864646 3865270 NC_003902.gbk
1357 53.4 4080027 4081166 genome.dna 3865286 3866444 NC_003902.gbk
150 38.0 4081395 4081658 genome.dna 1183922 1184216 NC_003902.gbk
111 42.9 4086196 4086327 genome.dna 4656621 4656468 NC_003902.gbk
381 43.4 4086876 4086421 genome.dna 4158338 4158839 NC_003902.gbk
566 33.7 4100167 4101123 genome.dna 4027121 4026197 NC_003902.gbk
1136 53.1 4109655 4110677 genome.dna 4674455 4673447 NC_003902.gbk
1530 52.6 4114440 4115846 genome.dna 1668202 1669633 NC_003902.gbk
970 45.4 4115888 4116970 genome.dna 4348265 4347182 NC_003902.gbk
606 42.9 4118940 4119590 genome.dna 3264925 3264268 NC_003902.gbk
651 55.4 4121033 4121530 genome.dna 1521433 1520932 NC_003902.gbk
4526 71.2 4139901 4137067 genome.dna 1337623 1334656 NC_003902.gbk
559 52.1 4140147 4140710 genome.dna 3245122 3244603 NC_003902.gbk
4197 72.7 4221505 4218908 genome.dna 2169393 2171985 NC_003902.gbk
1297 52.1 4233904 4232027 genome.dna 656573 658331 NC_003902.gbk
3506 57.7 4236582 4233919 genome.dna 4321482 4324170 NC_003902.gbk
1012 36.2 4239710 4241143 genome.dna 4846017 4844634 NC_003902.gbk
731 43.9 4244964 4245854 genome.dna 2976062 2976935 NC_003902.gbk
271 41.7 4246180 4246626 genome.dna 3674331 3673890 NC_003902.gbk
704 30.6 4248098 4249303 genome.dna 3674657 3675914 NC_003902.gbk
539 46.9 4250722 4251348 genome.dna 3676797 3677421 NC_003902.gbk
3461 60.1 4255592 4252890 genome.dna 879642 882381 NC_003902.gbk
1213 57.8 4257707 4256787 genome.dna 876992 877904 NC_003902.gbk
1402 59.4 4258960 4257809 genome.dna 875536 876766 NC_003902.gbk
1296 46.2 4260285 4259029 genome.dna 874005 875241 NC_003902.gbk
964 53.1 4262088 4261168 genome.dna 872109 873066 NC_003902.gbk
1627 54.3 4263557 4262097 genome.dna 870679 872113 NC_003902.gbk
1080 48.1 4264711 4263620 genome.dna 869399 870683 NC_003902.gbk
1021 44.8 4265910 4264708 genome.dna 868038 869403 NC_003902.gbk
1501 61.0 4268312 4267230 genome.dna 866953 868039 NC_003902.gbk
930 45.0 4269667 4268306 genome.dna 865479 866964 NC_003902.gbk
1156 44.0 4271151 4269664 genome.dna 863995 865483 NC_003902.gbk
1541 43.6 4272901 4271138 genome.dna 862127 863999 NC_003902.gbk
966 52.3 4274186 4273242 genome.dna 860792 861821 NC_003902.gbk
273 31.8 4274647 4274189 genome.dna 860292 860748 NC_003902.gbk
1323 43.3 4282166 4283764 genome.dna 3954412 3955975 NC_003902.gbk
1197 52.5 4283764 4284855 genome.dna 3958128 3957054 NC_003902.gbk
1981 62.9 4284858 4286258 genome.dna 3961099 3959659 NC_003902.gbk
822 61.5 4286272 4286874 genome.dna 3959595 3958947 NC_003902.gbk
2173 59.0 4301676 4300054 genome.dna 195776 197357 NC_003902.gbk
952 36.8 4316738 4318033 genome.dna 952500 951108 NC_003902.gbk
989 50.5 4318033 4319034 genome.dna 951104 950135 NC_003902.gbk
825 48.8 4319027 4319845 genome.dna 949569 948780 NC_003902.gbk
379 44.2 4319858 4320235 genome.dna 948703 948319 NC_003902.gbk
717 44.1 4320238 4321083 genome.dna 948291 947316 NC_003902.gbk
396 42.1 4323873 4323391 genome.dna 946776 947271 NC_003902.gbk
4906 70.2 4330684 4327460 genome.dna 2143996 2147239 NC_003902.gbk
1611 63.1 4331847 4330699 genome.dna 2142260 2143388 NC_003902.gbk
336 39.0 4333114 4332293 genome.dna 2141304 2142021 NC_003902.gbk
1298 61.8 4334402 4333452 genome.dna 1346951 1347902 NC_003902.gbk
421 44.4 4335368 4334856 genome.dna 1346312 1346816 NC_003902.gbk
2100 54.0 4338181 4335368 genome.dna 1343214 1346046 NC_003902.gbk
769 42.6 4339154 4338213 genome.dna 1342119 1343208 NC_003902.gbk
298 56.3 4339580 4339843 genome.dna 1340173 1339903 NC_003902.gbk
1635 60.8 4343498 4342359 genome.dna 1722855 1723986 NC_003902.gbk
2986 72.2 4345514 4343607 genome.dna 1720788 1722717 NC_003902.gbk
989 50.2 4351229 4350276 genome.dna 988678 987709 NC_003902.gbk
905 39.8 4353827 4352538 genome.dna 2103606 2104914 NC_003902.gbk
479 34.8 4354760 4353831 genome.dna 2102093 2103062 NC_003902.gbk
1891 41.5 4357222 4354763 genome.dna 2099589 2102097 NC_003902.gbk
875 30.5 4365019 4363085 genome.dna 4054530 4056564 NC_003902.gbk
2587 68.5 4365488 4367155 genome.dna 831740 830078 NC_003902.gbk
601 34.3 4370100 4369195 genome.dna 1673989 1672954 NC_003902.gbk
913 45.4 4370220 4371221 genome.dna 1087942 1086919 NC_003902.gbk
1601 60.5 4372650 4371418 genome.dna 2128284 2127042 NC_003902.gbk
827 65.0 4373604 4372945 genome.dna 3876325 3876973 NC_003902.gbk
424 41.0 4376373 4375759 genome.dna 3515351 3514724 NC_003902.gbk
576 35.1 4377440 4376580 genome.dna 2555774 2556734 NC_003902.gbk
1538 61.4 4379941 4378778 genome.dna 3788292 3787116 NC_003902.gbk
1969 48.5 4387762 4385783 genome.dna 4597477 4595449 NC_003902.gbk
1840 69.7 4388480 4389631 genome.dna 918182 916970 NC_003902.gbk
620 42.7 4391555 4392289 genome.dna 3411436 3412171 NC_003902.gbk
1098 55.2 4392301 4393260 genome.dna 3476600 3477551 NC_003902.gbk
559 42.2 4393344 4393907 genome.dna 3259391 3258824 NC_003902.gbk
320 38.7 4393907 4394326 genome.dna 3258832 3258364 NC_003902.gbk
853 44.2 4395434 4394430 genome.dna 117661 116644 NC_003902.gbk
1554 54.1 4395604 4396995 genome.dna 3907369 3906010 NC_003902.gbk
1796 60.7 4398393 4397095 genome.dna 1212077 1213370 NC_003902.gbk
394 35.6 4399815 4398820 genome.dna 1210438 1211302 NC_003902.gbk
701 35.2 4401072 4399819 genome.dna 1209296 1210439 NC_003902.gbk
1437 55.4 4402445 4401165 genome.dna 1991823 1993143 NC_003902.gbk
424 72.9 4402839 4402540 genome.dna 1991533 1991812 NC_003902.gbk
932 49.2 4403893 4402952 genome.dna 1990473 1991457 NC_003902.gbk
1204 41.5 4405841 4403886 genome.dna 2701716 2699841 NC_003902.gbk
371 41.2 4408042 4407560 genome.dna 2704112 2703611 NC_003902.gbk
1120 41.6 4409618 4408062 genome.dna 2705596 2704108 NC_003902.gbk
1321 53.7 4409761 4410900 genome.dna 2705620 2706688 NC_003902.gbk
2193 62.4 4413004 4411424 genome.dna 992022 990432 NC_003902.gbk
795 59.9 4413698 4413135 genome.dna 992775 992211 NC_003902.gbk
1600 67.9 4422828 4421779 genome.dna 35411 36470 NC_003902.gbk
669 59.6 4435345 4434803 genome.dna 2557479 2556894 NC_003902.gbk
769 45.4 4436846 4437871 genome.dna 3029072 3029921 NC_003902.gbk
844 46.6 4442310 4441333 genome.dna 1834873 1835848 NC_003902.gbk
338 40.6 4446212 4446796 genome.dna 4603465 4604023 NC_003902.gbk
346 54.3 4447190 4446837 genome.dna 930778 930424 NC_003902.gbk
786 60.1 4448185 4447619 genome.dna 2673154 2672587 NC_003902.gbk
1005 49.8 4448227 4449270 genome.dna 2673255 2674284 NC_003902.gbk
847 37.2 4451372 4449723 genome.dna 2056424 2057939 NC_003902.gbk
1175 36.0 4467628 4465850 genome.dna 4494667 4492927 NC_003902.gbk
1957 69.3 4468982 4467675 genome.dna 298245 299571 NC_003902.gbk
1683 51.1 4470612 4469014 genome.dna 296467 298090 NC_003902.gbk
577 49.7 4477982 4478530 genome.dna 418946 418385 NC_003902.gbk
657 45.6 4479596 4478769 genome.dna 4682170 4681318 NC_003902.gbk
444 45.6 4481228 4480755 genome.dna 4460336 4460810 NC_003902.gbk
680 42.0 4482321 4481200 genome.dna 4459156 4460293 NC_003902.gbk
624 56.5 4482450 4482959 genome.dna 4457816 4457303 NC_003902.gbk
980 53.1 4482986 4483933 genome.dna 4456908 4455984 NC_003902.gbk
990 40.0 4484001 4485290 genome.dna 4455988 4454674 NC_003902.gbk
487 56.6 4486815 4487225 genome.dna 3736900 3737332 NC_003902.gbk
628 75.6 4488068 4487676 genome.dna 1069419 1069803 NC_003902.gbk
1375 63.9 4489098 4488109 genome.dna 1068245 1069244 NC_003902.gbk
918 66.3 4489744 4489124 genome.dna 1067565 1068192 NC_003902.gbk
669 72.3 4490164 4489775 genome.dna 1067157 1067550 NC_003902.gbk
525 63.6 4490537 4490181 genome.dna 1066790 1067147 NC_003902.gbk
1739 59.0 4492165 4490834 genome.dna 1065090 1066458 NC_003902.gbk
494 51.7 4492607 4492173 genome.dna 1064639 1065083 NC_003902.gbk
136 40.8 4492790 4492611 genome.dna 1064473 1064635 NC_003902.gbk
741 72.5 4493297 4492797 genome.dna 1063908 1064451 NC_003902.gbk
413 53.8 4493665 4493312 genome.dna 1063389 1063749 NC_003902.gbk
566 51.1 4494208 4493675 genome.dna 1062779 1063307 NC_003902.gbk
527 59.8 4494614 4494222 genome.dna 1062365 1062764 NC_003902.gbk
386 56.4 4494953 4494648 genome.dna 1061854 1062160 NC_003902.gbk
812 65.3 4495506 4494967 genome.dna 1061293 1061836 NC_003902.gbk
342 49.0 4495835 4495521 genome.dna 1060964 1061282 NC_003902.gbk
651 80.5 4496217 4495846 genome.dna 1060580 1060949 NC_003902.gbk
331 57.7 4496635 4496381 genome.dna 1060296 1060566 NC_003902.gbk
192 54.4 4496826 4496635 genome.dna 1060099 1060285 NC_003902.gbk
681 72.8 4497236 4496826 genome.dna 1059686 1060100 NC_003902.gbk
1042 68.0 4497950 4497249 genome.dna 1058946 1059681 NC_003902.gbk
416 64.5 4498300 4497968 genome.dna 1058587 1058929 NC_003902.gbk
430 65.9 4498593 4498315 genome.dna 1058311 1058581 NC_003902.gbk
1319 69.6 4499431 4498610 genome.dna 1057477 1058305 NC_003902.gbk
306 48.5 4499751 4499449 genome.dna 1057167 1057467 NC_003902.gbk
687 56.4 4500353 4499748 genome.dna 1056565 1057171 NC_003902.gbk
859 60.0 4500993 4500364 genome.dna 1055902 1056553 NC_003902.gbk
546 79.4 4501337 4501026 genome.dna 1055579 1055891 NC_003902.gbk
663 64.9 4502117 4501644 genome.dna 579976 580447 NC_003902.gbk
3306 70.6 4505956 4503842 genome.dna 1051767 1053885 NC_003902.gbk
633 60.3 4506523 4506053 genome.dna 1051162 1051630 NC_003902.gbk
660 79.0 4506994 4506620 genome.dna 1050775 1051150 NC_003902.gbk
1226 35.4 4509286 4510932 genome.dna 1307862 1306206 NC_003902.gbk
451 36.2 4517475 4516657 genome.dna 1755554 1756448 NC_003902.gbk
147 35.1 4517758 4517976 genome.dna 1757811 1758048 NC_003902.gbk
544 75.5 4518446 4518081 genome.dna 76468 76819 NC_003902.gbk
1521 43.2 4522627 4520816 genome.dna 4731236 4733048 NC_003902.gbk
1000 44.7 4523306 4525213 genome.dna 3595313 3593396 NC_003902.gbk
669 45.9 4529138 4529770 genome.dna 574315 573622 NC_003902.gbk
1321 51.5 4531124 4529898 genome.dna 3897410 3896183 NC_003902.gbk
812 61.3 4531820 4531245 genome.dna 569159 569738 NC_003902.gbk
824 42.5 4534304 4535428 genome.dna 3323283 3322221 NC_003902.gbk
1615 36.3 4546959 4549529 genome.dna 2353722 2356176 NC_003902.gbk
867 38.4 4549962 4551341 genome.dna 3779003 3780209 NC_003902.gbk
379 35.2 4558484 4557780 genome.dna 706516 707167 NC_003902.gbk
1072 69.1 4559154 4558477 genome.dna 555000 555702 NC_003902.gbk
970 47.6 4562421 4561336 genome.dna 3353313 3354426 NC_003902.gbk
442 40.5 4562994 4562473 genome.dna 3352774 3353317 NC_003902.gbk
1058 41.2 4567199 4569754 genome.dna 3839918 3842441 NC_003902.gbk
565 47.8 4570394 4569837 genome.dna 3409995 3409437 NC_003902.gbk
313 41.9 4573911 4574321 genome.dna 1405637 1406045 NC_003902.gbk
572 34.8 4574406 4575275 genome.dna 3387514 3388405 NC_003902.gbk
637 45.0 4579442 4578723 genome.dna 4037193 4037913 NC_003902.gbk
506 48.7 4592217 4591738 genome.dna 3039624 3040131 NC_003902.gbk
2958 61.0 4597892 4600225 genome.dna 2544683 2542319 NC_003902.gbk
273 30.1 4609268 4607523 genome.dna 3080866 3082573 NC_003902.gbk
566 39.3 4613436 4612669 genome.dna 460103 459341 NC_003902.gbk
173 34.5 4613483 4614184 genome.dna 462885 463617 NC_003902.gbk
528 40.6 4614245 4614820 genome.dna 2451054 2450454 NC_003902.gbk
646 31.9 4616966 4614891 genome.dna 497640 499572 NC_003902.gbk
860 54.4 4620311 4619553 genome.dna 434876 434096 NC_003902.gbk
1672 52.6 4622349 4623851 genome.dna 433748 432221 NC_003902.gbk
1027 38.0 4634257 4632818 genome.dna 492229 493654 NC_003902.gbk
2029 49.0 4637576 4635600 genome.dna 3683371 3685501 NC_003902.gbk
2727 56.0 4639754 4637577 genome.dna 180408 182583 NC_003902.gbk
691 54.6 4645142 4645735 genome.dna 2972096 2971496 NC_003902.gbk
740 47.0 4651246 4650551 genome.dna 2009387 2008685 NC_003902.gbk
499 32.0 4657530 4658615 genome.dna 5061814 5060701 NC_003902.gbk
1840 47.7 4664050 4662224 genome.dna 3507579 3509382 NC_003902.gbk
728 39.8 4665855 4666784 genome.dna 4647234 4646325 NC_003902.gbk
2787 58.6 4672431 4670269 genome.dna 4774813 4772626 NC_003902.gbk
426 35.5 4673230 4672514 genome.dna 4631190 4631922 NC_003902.gbk
947 48.4 4674165 4673230 genome.dna 4165111 4164142 NC_003902.gbk
794 46.9 4675687 4674863 genome.dna 4166623 4165768 NC_003902.gbk
1042 57.0 4680620 4681561 genome.dna 4180511 4179596 NC_003902.gbk
204 30.5 4681558 4682298 genome.dna 257549 256748 NC_003902.gbk
421 32.1 4691085 4692392 genome.dna 914676 916008 NC_003902.gbk
846 36.4 4699363 4698113 genome.dna 1945362 1946616 NC_003902.gbk
1364 58.9 4702353 4701286 genome.dna 743624 744680 NC_003902.gbk
557 32.3 4703612 4702350 genome.dna 2463829 2462536 NC_003902.gbk
1980 71.1 4708658 4707399 genome.dna 4490488 4491769 NC_003902.gbk
447 57.4 4709479 4709153 genome.dna 4489345 4489687 NC_003902.gbk
1759 43.1 4714432 4712411 genome.dna 4934333 4932356 NC_003902.gbk
2897 71.2 4729969 4728119 genome.dna 416325 414486 NC_003902.gbk
407 32.0 4730969 4730043 genome.dna 1008886 1009972 NC_003902.gbk
2252 60.3 4732978 4731332 genome.dna 3951259 3952981 NC_003902.gbk
1718 54.5 4733613 4735139 genome.dna 4601611 4603132 NC_003902.gbk
825 30.7 4750000 4748153 genome.dna 3630855 3628974 NC_003902.gbk
447 45.2 4752703 4752062 genome.dna 4609114 4609762 NC_003902.gbk
877 46.8 4755209 4754301 genome.dna 990342 989400 NC_003902.gbk
728 40.1 4756712 4755816 genome.dna 886698 885870 NC_003902.gbk
1469 58.9 4766891 4765731 genome.dna 3378552 3377334 NC_003902.gbk
2125 46.8 4770998 4773196 genome.dna 4475964 4478187 NC_003902.gbk
599 34.6 4773468 4774511 genome.dna 3738916 3739966 NC_003902.gbk
723 67.4 4775884 4776414 genome.dna 4162104 4161552 NC_003902.gbk
1845 66.3 4776424 4777755 genome.dna 4161434 4160066 NC_003902.gbk
475 44.7 4778952 4779437 genome.dna 3126735 3126234 NC_003902.gbk
638 43.1 4780345 4781184 genome.dna 432037 431212 NC_003902.gbk
2157 62.6 4781238 4782749 genome.dna 431145 429645 NC_003902.gbk
497 33.7 4784192 4784938 genome.dna 1648276 1647496 NC_003902.gbk
877 53.2 4786326 4787093 genome.dna 3004751 3003995 NC_003902.gbk
190 30.9 4788410 4787304 genome.dna 2590101 2591145 NC_003902.gbk
688 40.8 4789295 4788411 genome.dna 2591223 2592108 NC_003902.gbk
539 50.7 4834867 4834403 genome.dna 266031 265554 NC_003902.gbk
1154 49.6 4838481 4837408 genome.dna 2519761 2518666 NC_003902.gbk
901 40.3 4859267 4858077 genome.dna 2139272 2140505 NC_003902.gbk
1051 58.2 4866035 4865178 genome.dna 4483943 4483067 NC_003902.gbk
537 32.1 4867335 4866367 genome.dna 4486667 4485716 NC_003902.gbk
746 51.9 4867996 4867325 genome.dna 4487350 4486663 NC_003902.gbk
1041 44.2 4869411 4868002 genome.dna 2874940 2876581 NC_003902.gbk
601 52.6 4869761 4870336 genome.dna 2828905 2828281 NC_003902.gbk
266 41.6 4871324 4871004 genome.dna 21794 22115 NC_003902.gbk
183 32.5 4875290 4875967 genome.dna 4297339 4296781 NC_003902.gbk
1665 59.1 4886675 4885383 genome.dna 3983852 3982505 NC_003902.gbk
2328 77.0 4906610 4907971 genome.dna 2658374 2659739 NC_003902.gbk
1293 40.2 4911222 4909444 genome.dna 2826748 2824966 NC_003902.gbk
2049 75.1 4956187 4955039 genome.dna 2022357 2021208 NC_003902.gbk
2049 75.1 4956187 4955039 genome.dna 2022357 2021208 NC_003902.gbk
2049 75.1 4956187 4955039 genome.dna 2022357 2021208 NC_003902.gbk
755 56.6 4956801 4956184 genome.dna 2022992 2022353 NC_003902.gbk
755 56.6 4956801 4956184 genome.dna 2022992 2022353 NC_003902.gbk
553 35.8 4957681 4956785 genome.dna 2020307 2019428 NC_003902.gbk
534 33.0 4964420 4963467 genome.dna 3846564 3845625 NC_003902.gbk
560 35.4 4976615 4977652 genome.dna 4875349 4874263 NC_003902.gbk
560 35.4 4976615 4977652 genome.dna 4875349 4874263 NC_003902.gbk
3215 60.6 4981440 4979023 genome.dna 4852 7297 NC_003902.gbk
674 35.6 4982544 4981459 genome.dna 3632 4739 NC_003902.gbk
1205 49.9 4983694 4982594 genome.dna 1645 2746 NC_003902.gbk
1441 55.3 4985096 4983699 genome.dna 41 1370 NC_003902.gbk
226 81.0 4985770 4985910 genome.dna 5075986 5075845 NC_003902.gbk
1186 37.6 4986512 4988146 genome.dna 5075345 5073623 NC_003902.gbk
1230 49.2 4988276 4989640 genome.dna 5070806 5069465 NC_003902.gbk
1000 54.8 4992272 4991421 genome.dna 394904 394016 NC_003902.gbk
270 36.9 4992373 4992792 genome.dna 395040 395469 NC_003902.gbk
1393 49.4 5010680 5009268 genome.dna 363215 361901 NC_003902.gbk
1269 49.5 5015861 5014662 genome.dna 4951500 4952685 NC_003902.gbk
444 32.1 5017538 5016804 genome.dna 1784504 1783793 NC_003902.gbk
1145 66.5 5018328 5017552 genome.dna 1785428 1784624 NC_003902.gbk
925 50.9 5019301 5018414 genome.dna 1786341 1785477 NC_003902.gbk
1074 51.3 5020260 5019301 genome.dna 1787315 1786340 NC_003902.gbk
1214 54.4 5021463 5020423 genome.dna 1789788 1788696 NC_003902.gbk
637 44.2 5034549 5033818 genome.dna 4748524 4747786 NC_003902.gbk
695 42.7 5036220 5035063 genome.dna 4741272 4742469 NC_003902.gbk
2175 54.8 5049054 5047222 genome.dna 685494 687324 NC_003902.gbk
1450 50.9 5050610 5049240 genome.dna 673326 674691 NC_003902.gbk
390 46.3 5053946 5053527 genome.dna 671160 671583 NC_003902.gbk
2414 80.3 5055348 5053966 genome.dna 669580 670987 NC_003902.gbk
1128 56.9 5056259 5055396 genome.dna 668594 669458 NC_003902.gbk
2445 73.6 5057853 5056312 genome.dna 666934 668482 NC_003902.gbk
381 38.9 5058399 5057866 genome.dna 666359 666887 NC_003902.gbk
480 47.4 5058884 5058414 genome.dna 665885 666356 NC_003902.gbk
665 44.2 5060037 5059237 genome.dna 664596 665397 NC_003902.gbk
2716 65.2 5063659 5061770 genome.dna 452238 450333 NC_003902.gbk
