1714 41.2 5629 7497 genome.dna 1019528 1021430 NC_003037.gbk
1215 41.6 10948 12453 genome.dna 1133897 1132403 NC_003037.gbk
592 34.3 12461 13429 genome.dna 1132387 1131415 NC_003037.gbk
488 32.1 15468 16463 genome.dna 40958 41981 NC_003037.gbk
1043 38.8 30749 32122 genome.dna 692475 693828 NC_003037.gbk
1702 59.8 62838 64181 genome.dna 126419 127766 NC_003037.gbk
1515 44.0 87882 86185 genome.dna 790866 789213 NC_003037.gbk
628 38.3 93925 92960 genome.dna 1208869 1207894 NC_003037.gbk
1216 41.2 111626 113161 genome.dna 1240557 1239072 NC_003037.gbk
1200 40.7 118825 120366 genome.dna 151171 152764 NC_003037.gbk
1001 42.7 140268 141428 genome.dna 219939 221085 NC_003037.gbk
881 46.8 155671 154589 genome.dna 49083 50121 NC_003037.gbk
824 43.7 156579 155680 genome.dna 55564 56386 NC_003037.gbk
601 31.9 217581 216430 genome.dna 1042301 1043426 NC_003037.gbk
1734 50.2 230345 231841 genome.dna 703379 701870 NC_003037.gbk
1011 34.7 238222 239673 genome.dna 952527 953982 NC_003037.gbk
1152 69.7 288581 287820 genome.dna 44301 45081 NC_003037.gbk
769 39.9 295276 296334 genome.dna 771033 772050 NC_003037.gbk
603 40.6 302355 301621 genome.dna 26597 25847 NC_003037.gbk
198 32.3 333638 333228 genome.dna 128084 128507 NC_003037.gbk
802 33.7 349956 348586 genome.dna 616352 614945 NC_003037.gbk
502 35.5 399153 398326 genome.dna 775887 776721 NC_003037.gbk
1007 37.6 406489 405197 genome.dna 139019 140297 NC_003037.gbk
502 31.1 408325 407348 genome.dna 140348 141353 NC_003037.gbk
1171 47.1 422444 421164 genome.dna 1114922 1113512 NC_003037.gbk
1289 57.7 435364 434357 genome.dna 376972 377977 NC_003037.gbk
743 38.5 511134 509425 genome.dna 255792 257562 NC_003037.gbk
402 32.3 550604 551389 genome.dna 31488 30702 NC_003037.gbk
294 47.4 697176 697469 genome.dna 68191 67873 NC_003037.gbk
2371 68.2 697515 699164 genome.dna 400680 399042 NC_003037.gbk
318 32.3 713461 712685 genome.dna 796098 795333 NC_003037.gbk
280 41.4 734184 734549 genome.dna 567235 566896 NC_003037.gbk
452 36.5 791451 790573 genome.dna 704980 705916 NC_003037.gbk
982 45.3 792458 791463 genome.dna 703996 704974 NC_003037.gbk
1033 50.6 805628 804636 genome.dna 298328 299318 NC_003037.gbk
509 38.6 818265 819005 genome.dna 1219614 1220355 NC_003037.gbk
773 32.3 839555 838230 genome.dna 725855 724532 NC_003037.gbk
440 35.1 839867 840766 genome.dna 903253 904243 NC_003037.gbk
440 35.1 839867 840766 genome.dna 1226050 1225060 NC_003037.gbk
834 34.5 854876 856231 genome.dna 968692 967264 NC_003037.gbk
1260 46.0 866383 867786 genome.dna 868849 867355 NC_003037.gbk
1116 49.2 941591 942676 genome.dna 1287889 1289116 NC_003037.gbk
856 46.2 947612 946671 genome.dna 1231826 1230911 NC_003037.gbk
2008 42.7 973210 971015 genome.dna 1315744 1317985 NC_003037.gbk
490 31.2 1011678 1010800 genome.dna 1009853 1010747 NC_003037.gbk
297 35.7 1011943 1012413 genome.dna 1009762 1009318 NC_003037.gbk
589 44.9 1029050 1029736 genome.dna 35454 36147 NC_003037.gbk
675 52.9 1064089 1063490 genome.dna 123466 122851 NC_003037.gbk
1068 32.8 1076168 1078321 genome.dna 368598 366402 NC_003037.gbk
1445 57.9 1080117 1081325 genome.dna 730234 729037 NC_003037.gbk
1286 70.1 1081339 1082172 genome.dna 729026 728183 NC_003037.gbk
1221 65.9 1128600 1127662 genome.dna 1177079 1176080 NC_003037.gbk
1436 66.3 1129588 1128602 genome.dna 1178065 1177078 NC_003037.gbk
1771 49.8 1131228 1129642 genome.dna 1172395 1170763 NC_003037.gbk
644 39.3 1137533 1138456 genome.dna 1275477 1274592 NC_003037.gbk
2796 43.0 1326027 1322899 genome.dna 931026 927891 NC_003037.gbk
655 32.4 1327249 1326056 genome.dna 932189 931022 NC_003037.gbk
1216 56.4 1339291 1337606 genome.dna 891837 893592 NC_003037.gbk
1852 39.5 1356196 1353473 genome.dna 560685 563166 NC_003037.gbk
302 39.0 1356312 1356722 genome.dna 563251 563668 NC_003037.gbk
563 31.6 1415842 1414382 genome.dna 852307 850843 NC_003037.gbk
1099 48.9 1458435 1457257 genome.dna 800385 799194 NC_003037.gbk
232 53.3 1468125 1468334 genome.dna 68804 69014 NC_003037.gbk
696 48.0 1515559 1514879 genome.dna 1297082 1296389 NC_003037.gbk
1365 37.5 1518297 1515565 genome.dna 1299769 1297078 NC_003037.gbk
522 47.3 1519100 1518525 genome.dna 1300357 1299787 NC_003037.gbk
2438 65.2 1521264 1519120 genome.dna 1302402 1300359 NC_003037.gbk
1841 52.4 1522968 1521280 genome.dna 1304123 1302413 NC_003037.gbk
590 41.1 1591734 1591099 genome.dna 5423 6110 NC_003037.gbk
1292 62.4 1592635 1591727 genome.dna 4453 5446 NC_003037.gbk
4011 55.7 1595695 1592648 genome.dna 1352 4457 NC_003037.gbk
637 36.0 1660540 1661571 genome.dna 152729 153725 NC_003037.gbk
282 32.0 1742342 1741713 genome.dna 673388 672773 NC_003037.gbk
478 32.4 1775956 1776978 genome.dna 150388 149383 NC_003037.gbk
629 38.7 1868891 1867875 genome.dna 712227 711237 NC_003037.gbk
573 32.0 1876889 1874142 genome.dna 719511 717132 NC_003037.gbk
529 30.9 1943163 1944215 genome.dna 864231 865296 NC_003037.gbk
300 30.5 1992686 1993273 genome.dna 974570 973913 NC_003037.gbk
1614 52.2 1993342 1994814 genome.dna 978369 976899 NC_003037.gbk
1226 39.2 1994834 1996513 genome.dna 779216 777620 NC_003037.gbk
769 49.6 2044045 2044779 genome.dna 471614 472352 NC_003037.gbk
827 39.4 2045253 2046494 genome.dna 469912 471121 NC_003037.gbk
575 30.1 2063309 2062113 genome.dna 819108 817965 NC_003037.gbk
501 47.2 2085741 2085214 genome.dna 278602 279121 NC_003037.gbk
648 30.1 2107755 2106565 genome.dna 238527 239649 NC_003037.gbk
752 54.4 2146500 2145886 genome.dna 676721 676019 NC_003037.gbk
346 41.0 2146934 2146497 genome.dna 677228 676724 NC_003037.gbk
3897 66.3 2150965 2148479 genome.dna 679702 677197 NC_003037.gbk
143 36.0 2151231 2150962 genome.dna 679964 679676 NC_003037.gbk
434 40.3 2151764 2151228 genome.dna 680457 679956 NC_003037.gbk
376 31.4 2158261 2157266 genome.dna 24464 25388 NC_003037.gbk
2992 61.0 2163569 2165743 genome.dna 1344465 1342281 NC_003037.gbk
369 33.0 2306210 2305560 genome.dna 857627 858311 NC_003037.gbk
459 31.2 2321445 2320504 genome.dna 1062446 1063475 NC_003037.gbk
616 31.9 2322430 2321456 genome.dna 1063480 1064452 NC_003037.gbk
266 30.4 2322658 2323281 genome.dna 270310 270979 NC_003037.gbk
197 45.6 2324296 2324544 genome.dna 1004250 1003998 NC_003037.gbk
1100 48.7 2335148 2334054 genome.dna 997714 996634 NC_003037.gbk
1860 57.4 2338271 2339743 genome.dna 439798 441271 NC_003037.gbk
1171 48.3 2340110 2341189 genome.dna 998865 997812 NC_003037.gbk
903 42.7 2341232 2342500 genome.dna 996512 995459 NC_003037.gbk
729 46.2 2342538 2343356 genome.dna 995456 994673 NC_003037.gbk
1014 63.0 2343795 2344529 genome.dna 999841 999070 NC_003037.gbk
720 38.0 2344522 2345646 genome.dna 1000540 1001788 NC_003037.gbk
1657 58.1 2345658 2346944 genome.dna 1001790 1003107 NC_003037.gbk
599 45.2 2406120 2405455 genome.dna 1000567 999886 NC_003037.gbk
970 60.6 2455912 2455088 genome.dna 1230910 1230145 NC_003037.gbk
709 32.5 2460964 2459636 genome.dna 1184497 1185799 NC_003037.gbk
533 37.5 2472640 2473437 genome.dna 264432 263505 NC_003037.gbk
359 32.8 2536745 2535825 genome.dna 723935 723086 NC_003037.gbk
1576 52.4 2542867 2544249 genome.dna 1306178 1307591 NC_003037.gbk
667 40.4 2544268 2545785 genome.dna 1307587 1309075 NC_003037.gbk
499 36.9 2552084 2552833 genome.dna 179118 179868 NC_003037.gbk
643 38.6 2642732 2643580 genome.dna 1211025 1210164 NC_003037.gbk
422 47.8 2654386 2653967 genome.dna 1076879 1077323 NC_003037.gbk
692 31.0 2683421 2681736 genome.dna 83900 82373 NC_003037.gbk
624 37.9 2693453 2692521 genome.dna 894780 893871 NC_003037.gbk
930 50.7 2711183 2712019 genome.dna 117563 116672 NC_003037.gbk
558 41.0 2712101 2712862 genome.dna 277845 278601 NC_003037.gbk
504 31.9 2714816 2715706 genome.dna 732741 733692 NC_003037.gbk
751 32.3 2917289 2918617 genome.dna 215420 216791 NC_003037.gbk
400 45.4 2981911 2981417 genome.dna 1060687 1060210 NC_003037.gbk
451 32.3 3027219 3026053 genome.dna 299416 300487 NC_003037.gbk
561 39.4 3040207 3039428 genome.dna 181232 182072 NC_003037.gbk
1544 60.0 3050037 3051158 genome.dna 1195005 1193877 NC_003037.gbk
220 37.6 3100493 3100777 genome.dna 258529 258823 NC_003037.gbk
956 51.9 3148240 3147401 genome.dna 985905 985062 NC_003037.gbk
669 36.6 3149284 3148253 genome.dna 986942 985904 NC_003037.gbk
826 42.6 3150266 3149277 genome.dna 988039 986938 NC_003037.gbk
565 31.7 3166195 3167499 genome.dna 1052535 1053912 NC_003037.gbk
841 43.0 3174746 3173826 genome.dna 54623 55559 NC_003037.gbk
472 33.6 3265816 3266967 genome.dna 894830 895922 NC_003037.gbk
4367 64.8 3275000 3271911 genome.dna 1072955 1069937 NC_003037.gbk
1129 55.0 3276106 3274997 genome.dna 1074193 1073044 NC_003037.gbk
1058 42.7 3282525 3281119 genome.dna 445678 444205 NC_003037.gbk
906 41.6 3284277 3282703 genome.dna 447466 445894 NC_003037.gbk
888 35.4 3293705 3292320 genome.dna 483755 485081 NC_003037.gbk
1245 52.7 3295088 3293715 genome.dna 457736 459167 NC_003037.gbk
1486 48.1 3300189 3298621 genome.dna 456141 457683 NC_003037.gbk
2303 67.8 3301696 3300248 genome.dna 454548 456051 NC_003037.gbk
1342 69.3 3302638 3301757 genome.dna 453555 454449 NC_003037.gbk
820 40.5 3312061 3311105 genome.dna 253862 254879 NC_003037.gbk
1046 60.9 3344476 3343682 genome.dna 311225 310424 NC_003037.gbk
784 44.0 3345329 3344487 genome.dna 312132 311238 NC_003037.gbk
836 39.4 3346676 3345414 genome.dna 313487 312194 NC_003037.gbk
457 30.3 3356794 3355865 genome.dna 6148 7069 NC_003037.gbk
1122 33.4 3364676 3363084 genome.dna 21428 23051 NC_003037.gbk
344 32.2 3364794 3365690 genome.dna 99434 100307 NC_003037.gbk
819 31.5 3372145 3370688 genome.dna 847361 845921 NC_003037.gbk
865 37.4 3373687 3372152 genome.dna 848833 847357 NC_003037.gbk
274 38.0 3375937 3375635 genome.dna 852614 852311 NC_003037.gbk
260 31.7 3376497 3375934 genome.dna 853150 852613 NC_003037.gbk
757 44.0 3378041 3377067 genome.dna 836494 837481 NC_003037.gbk
1412 50.9 3382301 3380952 genome.dna 842545 841279 NC_003037.gbk
356 36.5 3382843 3382298 genome.dna 843055 842548 NC_003037.gbk
364 31.3 3387504 3386554 genome.dna 1124992 1125865 NC_003037.gbk
364 31.3 3388991 3388041 genome.dna 1124992 1125865 NC_003037.gbk
479 38.3 3406246 3405557 genome.dna 269259 268560 NC_003037.gbk
494 32.7 3407174 3406395 genome.dna 270117 269298 NC_003037.gbk
612 49.5 3408161 3407589 genome.dna 701874 701271 NC_003037.gbk
814 45.5 3479267 3480127 genome.dna 48181 49033 NC_003037.gbk
1226 60.5 3500028 3499135 genome.dna 296474 295586 NC_003037.gbk
386 43.5 3537641 3537204 genome.dna 1144085 1143617 NC_003037.gbk
493 30.7 3578861 3579880 genome.dna 707877 706854 NC_003037.gbk
1518 55.6 3635387 3634134 genome.dna 1207823 1206554 NC_003037.gbk
1198 45.1 3635748 3636938 genome.dna 654732 655944 NC_003037.gbk
616 38.3 3700404 3701453 genome.dna 1174143 1173081 NC_003037.gbk
474 41.5 3701538 3702119 genome.dna 1074258 1074861 NC_003037.gbk
1086 53.4 3703917 3702925 genome.dna 1166895 1165851 NC_003037.gbk
1312 60.3 3706780 3705770 genome.dna 1168002 1166976 NC_003037.gbk
646 32.0 3714803 3716083 genome.dna 534817 536179 NC_003037.gbk
839 41.1 3792868 3791666 genome.dna 709768 710926 NC_003037.gbk
557 34.8 3793865 3792984 genome.dna 1148058 1147164 NC_003037.gbk
898 43.5 3889382 3888324 genome.dna 1327011 1328151 NC_003037.gbk
515 35.7 3912529 3911285 genome.dna 824591 825704 NC_003037.gbk
863 54.3 3913322 3912579 genome.dna 274982 275714 NC_003037.gbk
722 51.7 3913956 3913303 genome.dna 42784 43441 NC_003037.gbk
647 50.7 3914621 3913953 genome.dna 42105 42774 NC_003037.gbk
648 39.4 3915440 3914634 genome.dna 43470 44286 NC_003037.gbk
641 33.5 3921930 3923132 genome.dna 808369 807253 NC_003037.gbk
1551 35.8 3939697 3942345 genome.dna 623734 626434 NC_003037.gbk
514 48.4 3961248 3960622 genome.dna 853408 854080 NC_003037.gbk
1392 67.3 3970373 3969465 genome.dna 472763 473663 NC_003037.gbk
906 45.5 3986238 3987221 genome.dna 1027958 1026983 NC_003037.gbk
545 33.3 3988169 3987237 genome.dna 173002 172015 NC_003037.gbk
459 37.4 3989266 3990012 genome.dna 185620 184846 NC_003037.gbk
514 36.2 3996022 3996702 genome.dna 1120039 1120768 NC_003037.gbk
655 42.0 4013697 4012813 genome.dna 133774 132892 NC_003037.gbk
576 42.1 4056533 4057198 genome.dna 658353 657561 NC_003037.gbk
621 36.1 4114259 4113273 genome.dna 1345524 1346493 NC_003037.gbk
275 39.4 4135448 4135032 genome.dna 546884 546464 NC_003037.gbk
398 31.6 4202207 4203343 genome.dna 149362 148162 NC_003037.gbk
211 33.7 4222572 4222883 genome.dna 577821 577473 NC_003037.gbk
583 40.4 4283764 4284855 genome.dna 1046609 1047653 NC_003037.gbk
558 35.2 4322394 4323299 genome.dna 188005 188893 NC_003037.gbk
638 40.0 4342070 4340889 genome.dna 1087956 1089270 NC_003037.gbk
336 30.9 4343498 4342359 genome.dna 63160 64117 NC_003037.gbk
521 33.5 4353827 4352538 genome.dna 265939 264484 NC_003037.gbk
253 39.6 4518538 4518864 genome.dna 907939 907591 NC_003037.gbk
1165 70.9 4518864 4519643 genome.dna 907592 906812 NC_003037.gbk
310 35.2 4523180 4522629 genome.dna 187958 187340 NC_003037.gbk
636 48.1 4552562 4553296 genome.dna 268564 267880 NC_003037.gbk
1323 35.7 4567199 4569754 genome.dna 1275787 1277974 NC_003037.gbk
629 32.6 4672431 4670269 genome.dna 1293346 1295416 NC_003037.gbk
742 42.2 4721531 4720644 genome.dna 24339 23397 NC_003037.gbk
271 33.3 4721633 4722259 genome.dna 189798 189201 NC_003037.gbk
197 31.8 4780345 4781184 genome.dna 336765 337464 NC_003037.gbk
704 34.1 4864237 4863125 genome.dna 306247 307339 NC_003037.gbk
1043 50.3 4927471 4926491 genome.dna 754632 753651 NC_003037.gbk
796 41.5 4928387 4927485 genome.dna 755594 754634 NC_003037.gbk
513 35.7 4956187 4955039 genome.dna 740047 738838 NC_003037.gbk
513 35.7 4956187 4955039 genome.dna 740047 738838 NC_003037.gbk
513 35.7 4956187 4955039 genome.dna 740047 738838 NC_003037.gbk
970 37.2 5001994 5003496 genome.dna 100963 102508 NC_003037.gbk
1820 48.9 5049054 5047222 genome.dna 491849 490022 NC_003037.gbk
1756 43.0 5629 7497 genome.dna 912906 914775 NC_003047.gbk
1480 45.5 10948 12453 genome.dna 696262 697774 NC_003047.gbk
701 38.9 12461 13429 genome.dna 2723370 2722365 NC_003047.gbk
565 35.8 14538 15464 genome.dna 454088 453188 NC_003047.gbk
339 35.4 22684 22163 genome.dna 2027330 2027855 NC_003047.gbk
272 34.5 23264 22674 genome.dna 2026677 2027334 NC_003047.gbk
1700 41.9 25826 28615 genome.dna 201483 198468 NC_003047.gbk
219 37.0 29669 29034 genome.dna 480130 479476 NC_003047.gbk
1321 43.3 33859 32447 genome.dna 1569416 1570871 NC_003047.gbk
477 30.9 34917 33868 genome.dna 1568271 1569420 NC_003047.gbk
2086 63.9 36667 35258 genome.dna 1774759 1776169 NC_003047.gbk
2158 55.3 37037 38860 genome.dna 3351750 3349923 NC_003047.gbk
642 32.7 44746 43358 genome.dna 3279176 3280649 NC_003047.gbk
1480 42.4 47188 45107 genome.dna 1791476 1793582 NC_003047.gbk
1405 36.1 49985 47886 genome.dna 1164418 1166644 NC_003047.gbk
627 49.5 50956 50333 genome.dna 1247181 1247841 NC_003047.gbk
1378 53.2 59253 58054 genome.dna 773788 774973 NC_003047.gbk
1336 36.0 70479 68437 genome.dna 3610882 3608818 NC_003047.gbk
756 42.0 76671 77513 genome.dna 1279122 1278252 NC_003047.gbk
971 38.1 77642 78994 genome.dna 2015402 2014010 NC_003047.gbk
355 33.0 81805 82428 genome.dna 3493884 3494526 NC_003047.gbk
683 41.6 93925 92960 genome.dna 2666327 2665349 NC_003047.gbk
556 44.0 97287 96724 genome.dna 859673 860309 NC_003047.gbk
1124 64.1 98527 99441 genome.dna 931118 932054 NC_003047.gbk
676 34.7 99451 101520 genome.dna 935221 937387 NC_003047.gbk
434 44.8 110262 109636 genome.dna 1067032 1067635 NC_003047.gbk
606 42.4 111355 110522 genome.dna 3263025 3262152 NC_003047.gbk
2450 72.7 111626 113161 genome.dna 2539395 2537886 NC_003047.gbk
1533 50.6 115831 114374 genome.dna 3124757 3123302 NC_003047.gbk
1913 63.6 117217 115898 genome.dna 3123208 3121897 NC_003047.gbk
818 36.9 140268 141428 genome.dna 491965 493177 NC_003047.gbk
521 36.4 151546 150683 genome.dna 1246290 1247178 NC_003047.gbk
797 39.7 157508 156588 genome.dna 2113376 2112455 NC_003047.gbk
922 60.1 162282 162998 genome.dna 407312 406592 NC_003047.gbk
363 43.5 165569 165111 genome.dna 374844 374361 NC_003047.gbk
1016 46.1 166824 165547 genome.dna 390482 389276 NC_003047.gbk
204 58.2 168129 168296 genome.dna 1412128 1411960 NC_003047.gbk
398 38.4 168516 169325 genome.dna 396209 397115 NC_003047.gbk
414 40.7 170854 170375 genome.dna 1719313 1719805 NC_003047.gbk
806 35.8 172168 170891 genome.dna 888314 889628 NC_003047.gbk
1777 67.3 186786 187982 genome.dna 2506601 2505413 NC_003047.gbk
1673 67.6 187993 189078 genome.dna 2505390 2504355 NC_003047.gbk
739 41.3 192775 193791 genome.dna 3338246 3337244 NC_003047.gbk
830 47.1 193935 194756 genome.dna 1597390 1598218 NC_003047.gbk
1304 44.2 219661 221034 genome.dna 2854242 2855646 NC_003047.gbk
767 49.6 222967 223722 genome.dna 396064 395251 NC_003047.gbk
960 36.8 224355 225995 genome.dna 395247 393672 NC_003047.gbk
453 39.5 226939 227694 genome.dna 1652150 1652993 NC_003047.gbk
1158 52.5 228573 229595 genome.dna 1313830 1312687 NC_003047.gbk
385 38.8 237567 238178 genome.dna 511570 510985 NC_003047.gbk
1047 35.7 238222 239673 genome.dna 1765693 1767148 NC_003047.gbk
1068 52.4 248939 247989 genome.dna 57524 56528 NC_003047.gbk
1998 74.4 250357 251541 genome.dna 1456951 1458127 NC_003047.gbk
1998 74.4 250357 251541 genome.dna 1477274 1478450 NC_003047.gbk
666 54.3 252164 252709 genome.dna 1460877 1461408 NC_003047.gbk
577 58.6 252872 253300 genome.dna 1461624 1462053 NC_003047.gbk
823 54.1 253304 254008 genome.dna 1462057 1462756 NC_003047.gbk
294 37.3 254326 254823 genome.dna 1463088 1463607 NC_003047.gbk
403 58.7 254890 255255 genome.dna 1463665 1464046 NC_003047.gbk
3847 58.2 255584 259612 genome.dna 1464311 1468454 NC_003047.gbk
4965 57.9 259736 263959 genome.dna 1468639 1472845 NC_003047.gbk
614 44.0 270806 270027 genome.dna 217959 218724 NC_003047.gbk
793 42.5 275283 276347 genome.dna 3654135 3653175 NC_003047.gbk
1502 54.7 280242 278956 genome.dna 939965 938693 NC_003047.gbk
1212 55.5 281849 280260 genome.dna 3629757 3628146 NC_003047.gbk
1296 76.3 288581 287820 genome.dna 1589607 1588830 NC_003047.gbk
1124 52.3 289684 288590 genome.dna 1590780 1589625 NC_003047.gbk
1109 46.4 290872 289694 genome.dna 1591978 1590784 NC_003047.gbk
1339 56.6 291953 290928 genome.dna 1593108 1592082 NC_003047.gbk
995 68.8 292998 292333 genome.dna 3561067 3561748 NC_003047.gbk
1111 66.4 293855 293088 genome.dna 3558750 3559524 NC_003047.gbk
636 35.2 295276 296334 genome.dna 18313 19333 NC_003047.gbk
792 45.4 301263 300298 genome.dna 1567246 1568275 NC_003047.gbk
368 32.0 303420 302533 genome.dna 2319256 2320132 NC_003047.gbk
1855 60.4 306633 305290 genome.dna 1436396 1435046 NC_003047.gbk
352 39.2 307112 306645 genome.dna 1436879 1436402 NC_003047.gbk
443 49.6 307589 307137 genome.dna 1437349 1436902 NC_003047.gbk
389 34.6 308443 307844 genome.dna 1494421 1493770 NC_003047.gbk
1177 57.6 309481 308480 genome.dna 1495365 1494423 NC_003047.gbk
398 44.1 315964 316557 genome.dna 682636 683257 NC_003047.gbk
1553 52.8 321945 323390 genome.dna 979730 981146 NC_003047.gbk
908 37.9 331816 333156 genome.dna 885706 887053 NC_003047.gbk
219 33.3 333638 333228 genome.dna 302936 302528 NC_003047.gbk
168 35.4 334075 333803 genome.dna 48127 47836 NC_003047.gbk
369 39.6 335599 335126 genome.dna 410238 409773 NC_003047.gbk
856 38.3 337440 336007 genome.dna 412808 411263 NC_003047.gbk
915 57.3 338215 337490 genome.dna 413796 412983 NC_003047.gbk
584 37.7 342391 343203 genome.dna 1988618 1987808 NC_003047.gbk
1187 51.9 345980 347242 genome.dna 677940 679233 NC_003047.gbk
857 35.6 349956 348586 genome.dna 2283894 2282382 NC_003047.gbk
786 39.3 350815 351966 genome.dna 3320797 3319642 NC_003047.gbk
563 58.0 352201 352629 genome.dna 1351213 1350748 NC_003047.gbk
442 51.9 352645 353037 genome.dna 1350746 1350278 NC_003047.gbk
559 38.7 355354 354581 genome.dna 2630149 2629375 NC_003047.gbk
883 38.0 357036 355618 genome.dna 3026582 3025145 NC_003047.gbk
2178 46.4 361542 357046 genome.dna 3031428 3026703 NC_003047.gbk
483 39.6 366712 367449 genome.dna 3550474 3549685 NC_003047.gbk
758 47.3 372605 373492 genome.dna 365579 366509 NC_003047.gbk
334 62.8 374452 374739 genome.dna 1588729 1588450 NC_003047.gbk
728 39.2 384350 385246 genome.dna 3058952 3057995 NC_003047.gbk
541 33.9 399153 398326 genome.dna 1061457 1060629 NC_003047.gbk
1014 43.4 404861 403671 genome.dna 1593445 1594633 NC_003047.gbk
931 34.4 406489 405197 genome.dna 1842037 1843297 NC_003047.gbk
513 31.2 408325 407348 genome.dna 1840497 1841475 NC_003047.gbk
760 49.7 409087 410001 genome.dna 1626341 1627328 NC_003047.gbk
458 51.8 410005 410430 genome.dna 1627334 1627760 NC_003047.gbk
376 30.5 417112 416177 genome.dna 529685 530612 NC_003047.gbk
486 34.1 433394 432459 genome.dna 1423913 1422971 NC_003047.gbk
453 34.7 435364 434357 genome.dna 575366 576278 NC_003047.gbk
441 31.2 437057 438238 genome.dna 803071 804184 NC_003047.gbk
469 30.0 438255 439292 genome.dna 804173 805226 NC_003047.gbk
972 48.0 460910 458055 genome.dna 1632335 1635179 NC_003047.gbk
950 37.6 463248 461737 genome.dna 1256167 1257661 NC_003047.gbk
287 40.8 503049 502735 genome.dna 699765 700080 NC_003047.gbk
1378 43.3 511134 509425 genome.dna 2109794 2108012 NC_003047.gbk
659 33.3 522787 521576 genome.dna 3470031 3468804 NC_003047.gbk
1239 43.6 530287 528905 genome.dna 1227431 1225967 NC_003047.gbk
1685 50.0 533382 534971 genome.dna 374942 376526 NC_003047.gbk
166 42.3 536233 536394 genome.dna 817060 817225 NC_003047.gbk
336 33.0 576656 577213 genome.dna 1341288 1340712 NC_003047.gbk
295 46.8 697176 697469 genome.dna 871144 870847 NC_003047.gbk
2374 68.4 697515 699164 genome.dna 870772 869134 NC_003047.gbk
542 39.0 699974 700837 genome.dna 946981 947938 NC_003047.gbk
1457 62.6 708773 707778 genome.dna 2558558 2559551 NC_003047.gbk
938 35.8 718492 719982 genome.dna 16751 18257 NC_003047.gbk
283 42.9 734184 734549 genome.dna 862417 862030 NC_003047.gbk
1426 48.1 753122 751287 genome.dna 2503923 2501868 NC_003047.gbk
938 49.6 755628 756641 genome.dna 3339339 3338256 NC_003047.gbk
897 45.5 761351 760380 genome.dna 928521 927504 NC_003047.gbk
297 43.7 761608 761919 genome.dna 3438987 3439359 NC_003047.gbk
385 68.7 761939 762196 genome.dna 3439392 3439662 NC_003047.gbk
1045 49.2 763509 764681 genome.dna 3441066 3442197 NC_003047.gbk
511 51.9 766454 766933 genome.dna 1706662 1706185 NC_003047.gbk
492 41.5 767499 768128 genome.dna 832172 832910 NC_003047.gbk
2355 59.6 768185 770122 genome.dna 2944119 2942181 NC_003047.gbk
666 42.1 770241 771074 genome.dna 1962670 1961818 NC_003047.gbk
1401 47.8 771082 772419 genome.dna 2941858 2940505 NC_003047.gbk
1281 42.1 777751 779280 genome.dna 267803 269432 NC_003047.gbk
2193 45.4 779306 782008 genome.dna 270235 272905 NC_003047.gbk
648 36.3 782481 783425 genome.dna 273484 274420 NC_003047.gbk
356 61.8 783547 783816 genome.dna 276685 276955 NC_003047.gbk
2598 58.3 784066 786186 genome.dna 277322 279476 NC_003047.gbk
260 34.4 793333 793875 genome.dna 1794805 1794307 NC_003047.gbk
1471 54.6 795852 797180 genome.dna 152704 154027 NC_003047.gbk
1642 57.9 797270 798493 genome.dna 157062 155841 NC_003047.gbk
205 30.9 803045 802602 genome.dna 437818 438322 NC_003047.gbk
303 30.4 803587 804633 genome.dna 279555 280572 NC_003047.gbk
733 40.9 805742 806647 genome.dna 466649 467540 NC_003047.gbk
629 30.7 812414 811260 genome.dna 2387444 2386298 NC_003047.gbk
609 34.6 812975 814090 genome.dna 1674761 1673621 NC_003047.gbk
387 48.3 814149 814541 genome.dna 1673605 1673242 NC_003047.gbk
3753 59.6 814656 817529 genome.dna 1673243 1670378 NC_003047.gbk
529 38.6 818265 819005 genome.dna 2514075 2514837 NC_003047.gbk
482 35.3 819141 820013 genome.dna 3325230 3324291 NC_003047.gbk
583 34.6 829148 828144 genome.dna 757438 756367 NC_003047.gbk
536 40.2 830229 830876 genome.dna 1082738 1083401 NC_003047.gbk
1710 58.3 839555 838230 genome.dna 2340827 2342138 NC_003047.gbk
769 45.3 839867 840766 genome.dna 2886348 2887284 NC_003047.gbk
787 35.4 841615 843360 genome.dna 1864741 1862938 NC_003047.gbk
1439 45.5 844582 846099 genome.dna 3134550 3136047 NC_003047.gbk
621 43.5 858630 859340 genome.dna 1113917 1114619 NC_003047.gbk
151 33.6 861360 861911 genome.dna 160976 161501 NC_003047.gbk
301 31.7 862985 864421 genome.dna 162450 163986 NC_003047.gbk
1309 46.7 866383 867786 genome.dna 166162 167563 NC_003047.gbk
478 32.2 868800 869759 genome.dna 168639 169623 NC_003047.gbk
1218 34.5 899255 901552 genome.dna 2455077 2457252 NC_003047.gbk
1037 39.8 908973 907498 genome.dna 2629349 2627864 NC_003047.gbk
1422 51.4 909308 910588 genome.dna 1354425 1355706 NC_003047.gbk
349 33.9 912721 911924 genome.dna 2826972 2826114 NC_003047.gbk
615 57.1 918246 918758 genome.dna 878407 878887 NC_003047.gbk
427 37.1 919428 918802 genome.dna 3102502 3103138 NC_003047.gbk
384 42.4 927840 927358 genome.dna 1157063 1157543 NC_003047.gbk
269 33.3 927996 928442 genome.dna 1564950 1565400 NC_003047.gbk
1038 33.2 931102 929441 genome.dna 2331847 2330173 NC_003047.gbk
420 39.9 932209 932796 genome.dna 408807 409434 NC_003047.gbk
986 44.6 937176 936079 genome.dna 2744317 2745412 NC_003047.gbk
523 47.1 937554 938135 genome.dna 1281530 1282127 NC_003047.gbk
463 56.6 957261 956803 genome.dna 2404797 2404359 NC_003047.gbk
2979 59.5 964883 967162 genome.dna 1993450 1995763 NC_003047.gbk
326 36.2 969365 968913 genome.dna 1503958 1503517 NC_003047.gbk
630 40.7 970301 969369 genome.dna 1983643 1984555 NC_003047.gbk
1754 44.6 990019 988067 genome.dna 2234039 2235983 NC_003047.gbk
668 38.2 991219 990023 genome.dna 2232765 2234031 NC_003047.gbk
1025 54.1 997695 996727 genome.dna 371335 370366 NC_003047.gbk
114 30.8 1001658 1001365 genome.dna 2529833 2529545 NC_003047.gbk
575 32.0 1013309 1014424 genome.dna 474127 475240 NC_003047.gbk
463 44.6 1014421 1015077 genome.dna 55294 55915 NC_003047.gbk
657 36.6 1030829 1029897 genome.dna 2639630 2640530 NC_003047.gbk
378 39.5 1066357 1065851 genome.dna 307542 308070 NC_003047.gbk
533 50.3 1067553 1068080 genome.dna 3506988 3507546 NC_003047.gbk
248 39.4 1069781 1070074 genome.dna 2842712 2842997 NC_003047.gbk
471 53.8 1070142 1070561 genome.dna 2842996 2843479 NC_003047.gbk
740 38.2 1087061 1085955 genome.dna 1017598 1016497 NC_003047.gbk
344 31.1 1087227 1087946 genome.dna 447636 448392 NC_003047.gbk
1011 46.5 1093574 1092513 genome.dna 1240335 1239291 NC_003047.gbk
305 38.9 1096541 1097074 genome.dna 3450746 3451250 NC_003047.gbk
1353 34.9 1097087 1099333 genome.dna 2822420 2820152 NC_003047.gbk
549 42.2 1099537 1100406 genome.dna 2530118 2530961 NC_003047.gbk
1238 66.7 1100443 1101237 genome.dna 2288918 2288123 NC_003047.gbk
499 31.1 1119665 1120909 genome.dna 1445166 1446399 NC_003047.gbk
1157 45.9 1125945 1124593 genome.dna 622477 621307 NC_003047.gbk
583 34.2 1137533 1138456 genome.dna 2690562 2691606 NC_003047.gbk
1087 62.8 1150402 1149575 genome.dna 471097 470206 NC_003047.gbk
828 33.1 1153145 1150431 genome.dna 429606 432456 NC_003047.gbk
793 48.0 1154052 1153258 genome.dna 1870749 1871589 NC_003047.gbk
845 56.6 1154397 1155122 genome.dna 1607756 1608524 NC_003047.gbk
367 42.8 1155257 1156108 genome.dna 1608776 1609700 NC_003047.gbk
820 48.9 1156279 1157004 genome.dna 1609883 1610606 NC_003047.gbk
575 50.0 1157130 1157687 genome.dna 1610657 1611218 NC_003047.gbk
713 49.4 1157925 1159121 genome.dna 3235945 3237121 NC_003047.gbk
708 49.1 1159320 1160081 genome.dna 1611254 1611998 NC_003047.gbk
357 31.5 1160091 1160948 genome.dna 1611997 1612831 NC_003047.gbk
534 32.4 1160970 1162325 genome.dna 1612961 1614086 NC_003047.gbk
600 36.1 1165447 1166469 genome.dna 1616709 1617774 NC_003047.gbk
427 46.7 1166572 1167027 genome.dna 1617766 1618231 NC_003047.gbk
657 40.0 1167032 1167820 genome.dna 1618233 1619046 NC_003047.gbk
572 32.1 1167824 1168975 genome.dna 1619929 1621099 NC_003047.gbk
509 47.5 1168997 1169593 genome.dna 920230 919579 NC_003047.gbk
1690 41.9 1169670 1173152 genome.dna 1402646 1406156 NC_003047.gbk
1041 50.5 1173165 1174124 genome.dna 2887347 2888301 NC_003047.gbk
718 41.3 1180703 1178139 genome.dna 426754 429505 NC_003047.gbk
1078 52.5 1254672 1255583 genome.dna 3231945 3231048 NC_003047.gbk
710 45.8 1260789 1261478 genome.dna 572382 573066 NC_003047.gbk
731 45.7 1271755 1272822 genome.dna 1721114 1722197 NC_003047.gbk
1316 52.4 1272920 1274065 genome.dna 1722197 1723328 NC_003047.gbk
222 36.8 1274175 1274507 genome.dna 1659866 1660199 NC_003047.gbk
410 42.9 1278470 1278919 genome.dna 1318210 1318684 NC_003047.gbk
660 37.6 1278982 1280091 genome.dna 1318701 1319907 NC_003047.gbk
297 41.1 1280201 1280677 genome.dna 1322708 1323170 NC_003047.gbk
219 34.7 1280702 1281121 genome.dna 1323166 1323649 NC_003047.gbk
1956 50.9 1284598 1282733 genome.dna 969787 967849 NC_003047.gbk
707 47.2 1285528 1284617 genome.dna 3550624 3551539 NC_003047.gbk
1339 40.3 1295100 1293109 genome.dna 992941 994630 NC_003047.gbk
744 31.0 1299536 1300840 genome.dna 1668616 1670092 NC_003047.gbk
914 69.4 1301367 1301990 genome.dna 1362079 1362706 NC_003047.gbk
1874 68.8 1302154 1303428 genome.dna 1362999 1364277 NC_003047.gbk
3256 63.1 1303620 1306001 genome.dna 1364750 1367171 NC_003047.gbk
302 52.2 1306200 1306472 genome.dna 1367392 1367665 NC_003047.gbk
537 50.7 1312030 1312560 genome.dna 2038578 2038089 NC_003047.gbk
1477 54.8 1316909 1318201 genome.dna 3471606 3472962 NC_003047.gbk
939 48.8 1319182 1318319 genome.dna 3470119 3471004 NC_003047.gbk
165 58.5 1322427 1322284 genome.dna 2998855 2998981 NC_003047.gbk
1081 43.9 1327249 1326056 genome.dna 224287 223063 NC_003047.gbk
291 32.0 1327415 1328056 genome.dna 219845 219194 NC_003047.gbk
628 50.3 1329655 1330212 genome.dna 2547662 2547119 NC_003047.gbk
867 34.0 1330287 1332362 genome.dna 260123 262004 NC_003047.gbk
319 44.2 1332403 1332732 genome.dna 262112 262436 NC_003047.gbk
493 41.8 1332732 1333337 genome.dna 263173 263779 NC_003047.gbk
439 42.5 1335658 1336302 genome.dna 1489940 1490504 NC_003047.gbk
864 43.4 1336525 1337487 genome.dna 3016881 3017901 NC_003047.gbk
699 39.9 1348853 1349839 genome.dna 3464219 3465209 NC_003047.gbk
356 40.3 1352428 1351949 genome.dna 339010 338536 NC_003047.gbk
228 30.2 1356312 1356722 genome.dna 1072051 1071583 NC_003047.gbk
311 35.1 1357212 1356757 genome.dna 3019000 3019456 NC_003047.gbk
1330 64.3 1358126 1357212 genome.dna 3018004 3018991 NC_003047.gbk
538 43.2 1363250 1362525 genome.dna 2824930 2825677 NC_003047.gbk
1954 49.1 1363499 1366138 genome.dna 1691297 1694093 NC_003047.gbk
790 36.9 1373667 1372498 genome.dna 3557579 3556439 NC_003047.gbk
370 33.5 1381835 1382692 genome.dna 397172 397946 NC_003047.gbk
551 40.2 1391405 1390635 genome.dna 2847908 2848742 NC_003047.gbk
568 45.0 1426894 1426256 genome.dna 1286877 1286214 NC_003047.gbk
1248 55.1 1427931 1426894 genome.dna 1287944 1286873 NC_003047.gbk
695 53.1 1428285 1428911 genome.dna 154760 154130 NC_003047.gbk
372 35.1 1433876 1433409 genome.dna 1888876 1889344 NC_003047.gbk
803 45.9 1434853 1435731 genome.dna 1156179 1157064 NC_003047.gbk
720 46.2 1436929 1437642 genome.dna 1915804 1916569 NC_003047.gbk
344 59.2 1454201 1454428 genome.dna 2664107 2663852 NC_003047.gbk
1416 57.4 1458435 1457257 genome.dna 3547725 3546543 NC_003047.gbk
778 41.0 1466359 1465232 genome.dna 460916 459722 NC_003047.gbk
364 49.2 1466738 1466361 genome.dna 339364 339013 NC_003047.gbk
718 46.8 1467907 1467197 genome.dna 2245221 2245926 NC_003047.gbk
226 34.7 1468782 1468399 genome.dna 1501952 1501574 NC_003047.gbk
944 50.5 1470427 1469462 genome.dna 1562955 1563924 NC_003047.gbk
595 30.7 1473099 1471888 genome.dna 1742698 1741543 NC_003047.gbk
430 33.0 1474380 1473265 genome.dna 1743795 1742754 NC_003047.gbk
566 30.5 1475506 1474394 genome.dna 2346876 2345721 NC_003047.gbk
286 36.8 1477924 1477454 genome.dna 3445905 3446451 NC_003047.gbk
1393 44.3 1483266 1480684 genome.dna 3640897 3643528 NC_003047.gbk
616 31.3 1489354 1487825 genome.dna 443700 445296 NC_003047.gbk
380 42.5 1490971 1490492 genome.dna 441864 442371 NC_003047.gbk
928 49.2 1492026 1490968 genome.dna 440792 441848 NC_003047.gbk
1283 45.6 1493774 1492350 genome.dna 439369 440788 NC_003047.gbk
525 31.2 1494007 1495173 genome.dna 1815869 1817147 NC_003047.gbk
762 37.0 1501778 1500630 genome.dna 234088 235249 NC_003047.gbk
303 40.7 1506798 1506349 genome.dna 3283807 3283378 NC_003047.gbk
696 30.6 1525473 1523818 genome.dna 2220549 2218512 NC_003047.gbk
507 33.1 1526654 1525674 genome.dna 2221537 2220556 NC_003047.gbk
2007 69.8 1536355 1535069 genome.dna 1623410 1622120 NC_003047.gbk
201 30.2 1537007 1537396 genome.dna 3334260 3333867 NC_003047.gbk
1925 52.9 1537737 1539503 genome.dna 3333469 3331627 NC_003047.gbk
894 54.3 1539520 1540236 genome.dna 3331609 3330829 NC_003047.gbk
1593 44.0 1540513 1543320 genome.dna 3316078 3313081 NC_003047.gbk
1094 49.8 1543336 1544562 genome.dna 3312959 3311705 NC_003047.gbk
1129 52.2 1544898 1546064 genome.dna 3318464 3317267 NC_003047.gbk
1176 60.4 1546064 1546936 genome.dna 3317261 3316358 NC_003047.gbk
663 30.3 1547669 1549237 genome.dna 621169 619687 NC_003047.gbk
498 30.3 1549251 1550390 genome.dna 619698 618693 NC_003047.gbk
294 42.1 1550947 1551351 genome.dna 2954689 2954233 NC_003047.gbk
580 43.8 1551348 1552034 genome.dna 2951277 2950557 NC_003047.gbk
323 40.6 1555196 1555705 genome.dna 2947351 2946820 NC_003047.gbk
479 34.3 1558773 1559834 genome.dna 1193609 1194689 NC_003047.gbk
411 47.1 1563766 1563014 genome.dna 187719 188355 NC_003047.gbk
595 31.7 1571894 1570848 genome.dna 3462914 3463931 NC_003047.gbk
827 43.0 1573036 1572017 genome.dna 617106 618135 NC_003047.gbk
753 48.8 1576123 1576893 genome.dna 3159929 3160715 NC_003047.gbk
861 57.1 1576893 1577582 genome.dna 3160884 3161586 NC_003047.gbk
887 43.5 1577582 1578640 genome.dna 3161582 3162656 NC_003047.gbk
459 32.6 1578878 1579741 genome.dna 2081996 2081234 NC_003047.gbk
1523 59.4 1583143 1582073 genome.dna 3121705 3120652 NC_003047.gbk
702 36.3 1584709 1585674 genome.dna 183919 184939 NC_003047.gbk
943 42.9 1598229 1599338 genome.dna 910427 911582 NC_003047.gbk
1479 48.6 1638449 1639855 genome.dna 2092437 2091006 NC_003047.gbk
547 36.9 1652035 1651178 genome.dna 386778 385923 NC_003047.gbk
1889 53.4 1652381 1653892 genome.dna 801315 802812 NC_003047.gbk
1314 45.3 1654089 1656020 genome.dna 383802 381948 NC_003047.gbk
960 36.8 1658980 1660527 genome.dna 1813690 1812103 NC_003047.gbk
1102 45.9 1661611 1662744 genome.dna 388218 387087 NC_003047.gbk
1968 46.8 1662791 1664695 genome.dna 385804 383851 NC_003047.gbk
936 45.9 1664731 1665621 genome.dna 381777 380874 NC_003047.gbk
972 58.1 1665648 1666472 genome.dna 380720 379919 NC_003047.gbk
171 32.0 1666913 1666599 genome.dna 2885643 2885340 NC_003047.gbk
1368 42.7 1669675 1667978 genome.dna 793569 791886 NC_003047.gbk
1121 49.6 1670708 1669659 genome.dna 806345 805301 NC_003047.gbk
720 43.9 1674049 1674948 genome.dna 2896433 2897375 NC_003047.gbk
941 44.4 1735237 1734179 genome.dna 2687863 2686825 NC_003047.gbk
443 31.6 1775956 1776978 genome.dna 2742411 2741370 NC_003047.gbk
510 34.4 1778057 1778830 genome.dna 2769227 2768363 NC_003047.gbk
720 45.6 1778827 1779630 genome.dna 2770075 2769238 NC_003047.gbk
733 33.1 1786438 1785080 genome.dna 2196040 2197351 NC_003047.gbk
1548 40.8 1788362 1786503 genome.dna 2194200 2196054 NC_003047.gbk
808 30.5 1792035 1789357 genome.dna 2190346 2193004 NC_003047.gbk
1980 61.4 1794345 1795769 genome.dna 2453347 2454775 NC_003047.gbk
1391 49.6 1803146 1801686 genome.dna 1142309 1140806 NC_003047.gbk
238 40.0 1828802 1829152 genome.dna 1698491 1698200 NC_003047.gbk
680 44.1 1831821 1830586 genome.dna 250291 248812 NC_003047.gbk
825 54.8 1840982 1841674 genome.dna 337712 337025 NC_003047.gbk
167 30.8 1847386 1847045 genome.dna 1894089 1893771 NC_003047.gbk
349 31.9 1849141 1848239 genome.dna 2448056 2447132 NC_003047.gbk
590 61.3 1860773 1860348 genome.dna 1172484 1172061 NC_003047.gbk
150 34.4 1862440 1862120 genome.dna 3508896 3508581 NC_003047.gbk
1012 73.4 1862527 1863225 genome.dna 1172069 1171343 NC_003047.gbk
754 42.1 1935437 1936324 genome.dna 720928 720049 NC_003047.gbk
1241 35.8 1937404 1939404 genome.dna 704481 706758 NC_003047.gbk
344 36.4 1939436 1939933 genome.dna 706763 707231 NC_003047.gbk
565 37.4 1942291 1943163 genome.dna 707227 708136 NC_003047.gbk
1107 52.3 1943163 1944215 genome.dna 708132 709182 NC_003047.gbk
275 35.4 1944254 1944643 genome.dna 709181 709571 NC_003047.gbk
672 32.5 1945543 1946694 genome.dna 717112 716029 NC_003047.gbk
1553 37.7 1946687 1948771 genome.dna 748599 750687 NC_003047.gbk
273 34.6 1951419 1951823 genome.dna 725324 725744 NC_003047.gbk
649 33.8 1952589 1953806 genome.dna 743201 744422 NC_003047.gbk
781 45.2 1954611 1955393 genome.dna 726090 726879 NC_003047.gbk
939 43.6 1956304 1957413 genome.dna 727403 728519 NC_003047.gbk
685 42.0 1963383 1962607 genome.dna 730276 731014 NC_003047.gbk
401 36.5 1992686 1993273 genome.dna 1044934 1044322 NC_003047.gbk
1646 52.7 1993342 1994814 genome.dna 1042616 1041152 NC_003047.gbk
1752 49.5 1994834 1996513 genome.dna 1040942 1039292 NC_003047.gbk
730 59.5 1997941 1997423 genome.dna 283391 282875 NC_003047.gbk
420 53.4 2009604 2010017 genome.dna 1353969 1354398 NC_003047.gbk
192 32.2 2010407 2010099 genome.dna 1776350 1776680 NC_003047.gbk
192 31.7 2015203 2015631 genome.dna 1081640 1082063 NC_003047.gbk
551 51.3 2016186 2015680 genome.dna 937446 937965 NC_003047.gbk
424 30.8 2029109 2030257 genome.dna 3113656 3114604 NC_003047.gbk
1224 53.4 2034173 2033130 genome.dna 527869 528913 NC_003047.gbk
455 33.6 2038594 2039550 genome.dna 1501536 1500543 NC_003047.gbk
316 32.6 2040198 2039605 genome.dna 1346 1946 NC_003047.gbk
165 54.5 2040877 2041047 genome.dna 3548785 3548599 NC_003047.gbk
733 38.1 2041077 2042123 genome.dna 1329298 1330342 NC_003047.gbk
988 48.1 2042130 2043083 genome.dna 1330360 1331332 NC_003047.gbk
805 44.8 2043101 2044030 genome.dna 1240669 1241614 NC_003047.gbk
834 52.3 2044045 2044779 genome.dna 1241638 1242376 NC_003047.gbk
308 63.6 2044934 2045170 genome.dna 1242712 1242949 NC_003047.gbk
613 38.7 2047434 2048453 genome.dna 1244844 1246044 NC_003047.gbk
395 35.0 2048443 2049102 genome.dna 1741486 1740781 NC_003047.gbk
652 40.4 2050132 2050929 genome.dna 1737557 1736777 NC_003047.gbk
498 32.6 2057749 2058777 genome.dna 1647299 1648334 NC_003047.gbk
507 33.1 2059718 2061022 genome.dna 2244422 2243153 NC_003047.gbk
262 31.8 2064690 2065280 genome.dna 194370 193776 NC_003047.gbk
2024 37.3 2070405 2066956 genome.dna 1791052 1787536 NC_003047.gbk
652 45.0 2071740 2072447 genome.dna 1401491 1402178 NC_003047.gbk
701 30.4 2072444 2073691 genome.dna 1400247 1401474 NC_003047.gbk
2432 60.4 2083361 2081520 genome.dna 768454 766633 NC_003047.gbk
1260 44.0 2088494 2089945 genome.dna 1077318 1075845 NC_003047.gbk
556 36.4 2090762 2089965 genome.dna 2619658 2620447 NC_003047.gbk
899 43.8 2091759 2090755 genome.dna 2618549 2619650 NC_003047.gbk
556 38.9 2092574 2091756 genome.dna 2617594 2618545 NC_003047.gbk
766 38.2 2093620 2092571 genome.dna 2616469 2617537 NC_003047.gbk
926 35.0 2099496 2097796 genome.dna 761567 763223 NC_003047.gbk
320 30.2 2102053 2101232 genome.dna 477 1299 NC_003047.gbk
2019 61.9 2112831 2114330 genome.dna 1879871 1878401 NC_003047.gbk
951 58.4 2114428 2115174 genome.dna 1878324 1877568 NC_003047.gbk
544 31.5 2115176 2116495 genome.dna 1877546 1876268 NC_003047.gbk
1311 48.6 2116495 2117718 genome.dna 1876256 1875011 NC_003047.gbk
354 39.7 2117752 2118168 genome.dna 1092428 1092005 NC_003047.gbk
405 38.5 2138606 2139226 genome.dna 3513862 3514486 NC_003047.gbk
561 41.5 2139226 2139882 genome.dna 3514482 3515142 NC_003047.gbk
721 48.5 2139951 2140691 genome.dna 3515201 3515972 NC_003047.gbk
318 41.4 2140906 2141388 genome.dna 1108961 1109414 NC_003047.gbk
1841 46.1 2141385 2143340 genome.dna 1109410 1111441 NC_003047.gbk
362 37.1 2143337 2143894 genome.dna 3516141 3516750 NC_003047.gbk
309 36.2 2143891 2144349 genome.dna 1111501 1111957 NC_003047.gbk
348 35.3 2153926 2154558 genome.dna 610667 611315 NC_003047.gbk
453 32.1 2158261 2157266 genome.dna 1047630 1048614 NC_003047.gbk
597 37.5 2161860 2161087 genome.dna 3558480 3557697 NC_003047.gbk
824 33.7 2181270 2179897 genome.dna 1716792 1718196 NC_003047.gbk
387 38.0 2181519 2182154 genome.dna 1319907 1320528 NC_003047.gbk
539 30.4 2184700 2183675 genome.dna 3097909 3096883 NC_003047.gbk
358 50.0 2186467 2186817 genome.dna 1924049 1924385 NC_003047.gbk
294 35.9 2188157 2187750 genome.dna 1859794 1860235 NC_003047.gbk
225 32.6 2188917 2189354 genome.dna 1232731 1233184 NC_003047.gbk
556 34.0 2190305 2191417 genome.dna 1883627 1882475 NC_003047.gbk
529 41.4 2191939 2192622 genome.dna 984430 983809 NC_003047.gbk
971 40.8 2192856 2194133 genome.dna 1883771 1885025 NC_003047.gbk
413 31.4 2194218 2195078 genome.dna 3621426 3620544 NC_003047.gbk
301 31.5 2195725 2195117 genome.dna 1050793 1051414 NC_003047.gbk
3632 61.7 2198282 2200954 genome.dna 3513592 3510901 NC_003047.gbk
783 38.1 2207996 2209093 genome.dna 2736922 2735872 NC_003047.gbk
547 38.6 2209283 2210113 genome.dna 1840192 1839337 NC_003047.gbk
470 38.8 2216576 2217319 genome.dna 362774 362069 NC_003047.gbk
465 33.3 2227588 2228490 genome.dna 3269278 3268381 NC_003047.gbk
859 50.2 2239913 2239125 genome.dna 986488 987307 NC_003047.gbk
78 33.8 2251445 2251669 genome.dna 930800 930992 NC_003047.gbk
905 34.8 2252210 2253607 genome.dna 1957620 1959120 NC_003047.gbk
918 52.4 2263993 2263058 genome.dna 1929223 1928281 NC_003047.gbk
496 42.2 2275290 2274685 genome.dna 1454412 1455033 NC_003047.gbk
295 31.2 2290600 2290133 genome.dna 2562688 2563204 NC_003047.gbk
532 40.1 2298807 2297113 genome.dna 1943573 1945229 NC_003047.gbk
544 31.3 2300071 2298971 genome.dna 585496 586582 NC_003047.gbk
869 49.3 2318196 2317324 genome.dna 334587 335460 NC_003047.gbk
450 46.0 2318259 2318798 genome.dna 334474 333979 NC_003047.gbk
141 34.1 2324296 2324544 genome.dna 690360 690105 NC_003047.gbk
702 33.0 2336995 2338260 genome.dna 2782765 2784079 NC_003047.gbk
1967 59.4 2338271 2339743 genome.dna 11995 13450 NC_003047.gbk
1170 45.5 2359305 2358133 genome.dna 534723 535959 NC_003047.gbk
357 32.1 2406120 2405455 genome.dna 2698595 2699288 NC_003047.gbk
914 43.3 2439405 2440412 genome.dna 134677 133660 NC_003047.gbk
355 31.7 2449772 2450872 genome.dna 3219689 3220682 NC_003047.gbk
578 44.1 2451703 2452401 genome.dna 3218095 3218797 NC_003047.gbk
244 30.0 2454742 2453948 genome.dna 2271368 2272097 NC_003047.gbk
373 37.6 2461266 2461811 genome.dna 1899554 1899026 NC_003047.gbk
834 51.5 2472640 2473437 genome.dna 3046531 3045751 NC_003047.gbk
1389 57.4 2487322 2486231 genome.dna 2544575 2545679 NC_003047.gbk
1129 54.8 2489732 2488785 genome.dna 2535496 2536429 NC_003047.gbk
399 33.7 2490742 2489870 genome.dna 925405 924499 NC_003047.gbk
1279 56.6 2492889 2493971 genome.dna 2820084 2819001 NC_003047.gbk
499 36.9 2493971 2494816 genome.dna 2818995 2818113 NC_003047.gbk
798 44.8 2496092 2496946 genome.dna 1552469 1553312 NC_003047.gbk
1495 50.5 2503696 2505084 genome.dna 3090232 3088831 NC_003047.gbk
845 41.7 2508508 2509803 genome.dna 143457 144759 NC_003047.gbk
211 30.3 2511822 2511298 genome.dna 1197389 1197908 NC_003047.gbk
678 34.5 2513105 2511876 genome.dna 313032 314274 NC_003047.gbk
364 36.6 2515801 2515094 genome.dna 1755390 1754541 NC_003047.gbk
1752 57.7 2563367 2561970 genome.dna 2020182 2021676 NC_003047.gbk
1120 50.0 2570445 2569453 genome.dna 3033286 3034282 NC_003047.gbk
1327 43.7 2575279 2573756 genome.dna 2759210 2757704 NC_003047.gbk
448 35.8 2595189 2595950 genome.dna 1223651 1222910 NC_003047.gbk
555 41.7 2595969 2596559 genome.dna 2116871 2116226 NC_003047.gbk
791 41.1 2605113 2606180 genome.dna 1802307 1803321 NC_003047.gbk
1489 58.3 2607572 2608762 genome.dna 28047 29268 NC_003047.gbk
467 31.9 2608762 2609568 genome.dna 29273 30113 NC_003047.gbk
342 34.2 2619430 2619996 genome.dna 3518131 3517498 NC_003047.gbk
397 47.6 2620019 2620441 genome.dna 2054190 2054580 NC_003047.gbk
205 37.8 2621565 2621861 genome.dna 3337227 3336933 NC_003047.gbk
940 48.1 2627092 2626058 genome.dna 3204046 3203047 NC_003047.gbk
1036 47.9 2628084 2627089 genome.dna 3205056 3204042 NC_003047.gbk
670 53.7 2637907 2637311 genome.dna 2590856 2590268 NC_003047.gbk
758 45.7 2639766 2638855 genome.dna 3021930 3021042 NC_003047.gbk
504 37.2 2642048 2641143 genome.dna 1530936 1529970 NC_003047.gbk
732 40.1 2642732 2643580 genome.dna 112736 113627 NC_003047.gbk
398 31.4 2645012 2644386 genome.dna 284857 284221 NC_003047.gbk
569 37.3 2645457 2646263 genome.dna 1638966 1638174 NC_003047.gbk
596 45.0 2652833 2653480 genome.dna 649986 650622 NC_003047.gbk
999 54.5 2657649 2656798 genome.dna 2273100 2273946 NC_003047.gbk
2889 64.8 2658991 2660925 genome.dna 1507414 1509364 NC_003047.gbk
1142 44.4 2660962 2662236 genome.dna 1509388 1510705 NC_003047.gbk
629 30.5 2662378 2663577 genome.dna 3491153 3492392 NC_003047.gbk
542 30.0 2664862 2663609 genome.dna 3380521 3381811 NC_003047.gbk
1757 53.6 2670474 2672015 genome.dna 1510717 1512265 NC_003047.gbk
503 47.9 2676960 2676514 genome.dna 1103267 1103735 NC_003047.gbk
566 44.6 2677723 2677067 genome.dna 2065878 2066565 NC_003047.gbk
1934 54.2 2683421 2681736 genome.dna 534386 532685 NC_003047.gbk
317 35.9 2685383 2684682 genome.dna 437107 437764 NC_003047.gbk
334 46.5 2687612 2687956 genome.dna 812853 813198 NC_003047.gbk
1265 49.1 2691006 2692370 genome.dna 1519211 1520612 NC_003047.gbk
253 58.2 2702947 2702738 genome.dna 2061341 2061554 NC_003047.gbk
1340 66.4 2704043 2704957 genome.dna 3283928 3284834 NC_003047.gbk
1191 64.1 2704954 2705844 genome.dna 3284830 3285766 NC_003047.gbk
1285 69.6 2705844 2706707 genome.dna 3285762 3286620 NC_003047.gbk
954 50.9 2706704 2707561 genome.dna 3286616 3287471 NC_003047.gbk
970 48.9 2714816 2715706 genome.dna 136527 135579 NC_003047.gbk
828 34.7 2715699 2716604 genome.dna 135587 134699 NC_003047.gbk
314 51.1 2728844 2728548 genome.dna 1331425 1331764 NC_003047.gbk
1477 37.5 2731236 2728849 genome.dna 320409 322836 NC_003047.gbk
867 50.0 2732234 2731251 genome.dna 319293 320376 NC_003047.gbk
458 58.5 2732903 2732547 genome.dna 318743 319148 NC_003047.gbk
117 40.7 2733144 2732947 genome.dna 318503 318707 NC_003047.gbk
583 55.6 2733782 2733240 genome.dna 317831 318263 NC_003047.gbk
1570 47.9 2735713 2733785 genome.dna 1534692 1536678 NC_003047.gbk
690 34.6 2757088 2758194 genome.dna 2918883 2917686 NC_003047.gbk
618 44.3 2760640 2761329 genome.dna 1104976 1105648 NC_003047.gbk
501 30.3 2768546 2769589 genome.dna 2424517 2425681 NC_003047.gbk
1285 51.6 2771476 2770376 genome.dna 944804 943607 NC_003047.gbk
1529 38.2 2791079 2789028 genome.dna 1080234 1078095 NC_003047.gbk
666 50.8 2793288 2792647 genome.dna 3111911 3111272 NC_003047.gbk
1543 48.8 2794931 2793456 genome.dna 770728 769252 NC_003047.gbk
673 42.6 2795320 2796189 genome.dna 2751004 2751895 NC_003047.gbk
1011 38.1 2796565 2798007 genome.dna 3001448 3000008 NC_003047.gbk
550 37.8 2801608 2800607 genome.dna 2069424 2070447 NC_003047.gbk
847 50.8 2801685 2802443 genome.dna 2069247 2068371 NC_003047.gbk
872 52.2 2802440 2803225 genome.dna 2068379 2067551 NC_003047.gbk
1368 62.7 2809298 2808294 genome.dna 2959916 2958875 NC_003047.gbk
353 33.2 2809923 2809306 genome.dna 2960705 2960087 NC_003047.gbk
412 41.4 2810663 2810151 genome.dna 2961292 2960779 NC_003047.gbk
751 50.6 2811487 2810744 genome.dna 2963381 2962634 NC_003047.gbk
1561 42.5 2813755 2811956 genome.dna 1301146 1302934 NC_003047.gbk
151 33.5 2822402 2821764 genome.dna 662370 661815 NC_003047.gbk
444 38.0 2833872 2833114 genome.dna 236270 235532 NC_003047.gbk
981 33.3 2838878 2837343 genome.dna 432452 434060 NC_003047.gbk
406 34.1 2841233 2840649 genome.dna 1007447 1006835 NC_003047.gbk
1287 38.7 2854450 2852540 genome.dna 3531513 3529671 NC_003047.gbk
874 44.8 2859653 2858643 genome.dna 609624 608535 NC_003047.gbk
2560 46.8 2862472 2859857 genome.dna 1124354 1121699 NC_003047.gbk
569 34.5 2862696 2863901 genome.dna 650738 652043 NC_003047.gbk
1062 41.8 2867225 2868415 genome.dna 340742 339572 NC_003047.gbk
756 50.5 2869134 2868487 genome.dna 2522488 2521846 NC_003047.gbk
634 45.0 2884168 2883416 genome.dna 255203 255956 NC_003047.gbk
190 47.2 2884347 2884165 genome.dna 3468191 3468380 NC_003047.gbk
442 31.0 2885460 2884459 genome.dna 890517 891558 NC_003047.gbk
1150 34.1 2887241 2885457 genome.dna 185047 186853 NC_003047.gbk
444 35.0 2903705 2902830 genome.dna 3460060 3459157 NC_003047.gbk
256 30.6 2915911 2915069 genome.dna 357229 356353 NC_003047.gbk
1042 44.3 2917289 2918617 genome.dna 679892 681197 NC_003047.gbk
300 35.7 2920770 2921360 genome.dna 60108 59457 NC_003047.gbk
468 35.5 2921367 2922104 genome.dna 59425 58681 NC_003047.gbk
654 40.5 2922086 2922862 genome.dna 58685 57908 NC_003047.gbk
305 49.5 2923933 2923649 genome.dna 416473 416785 NC_003047.gbk
1836 46.9 2925698 2924025 genome.dna 289146 290853 NC_003047.gbk
392 40.7 2926492 2925815 genome.dna 288344 288983 NC_003047.gbk
1393 53.0 2975613 2974318 genome.dna 1653129 1654413 NC_003047.gbk
616 48.7 2977060 2975717 genome.dna 1497148 1498459 NC_003047.gbk
560 53.4 2981911 2981417 genome.dna 2894679 2895144 NC_003047.gbk
1079 53.9 2982496 2983455 genome.dna 1701133 1700158 NC_003047.gbk
298 61.4 2988043 2988261 genome.dna 682320 682539 NC_003047.gbk
407 41.0 2990339 2989860 genome.dna 604052 604514 NC_003047.gbk
2414 57.6 2992855 2990582 genome.dna 1599830 1602347 NC_003047.gbk
442 31.2 2998826 2999851 genome.dna 956323 957418 NC_003047.gbk
440 40.3 3002258 3001431 genome.dna 2360104 2359312 NC_003047.gbk
954 54.4 3009847 3009002 genome.dna 786530 787352 NC_003047.gbk
1093 54.5 3010809 3009844 genome.dna 785615 786527 NC_003047.gbk
1351 55.6 3011957 3010824 genome.dna 784465 785611 NC_003047.gbk
1266 51.4 3013338 3012229 genome.dna 783253 784348 NC_003047.gbk
140 36.5 3016496 3016762 genome.dna 2827335 2827068 NC_003047.gbk
409 36.7 3019705 3020373 genome.dna 2751897 2752644 NC_003047.gbk
913 41.2 3027219 3026053 genome.dna 2518040 2519231 NC_003047.gbk
381 37.3 3046334 3045672 genome.dna 1532451 1531836 NC_003047.gbk
1533 59.2 3050037 3051158 genome.dna 1505159 1504031 NC_003047.gbk
932 49.3 3051198 3052058 genome.dna 1502819 1501985 NC_003047.gbk
1090 34.1 3076165 3077973 genome.dna 1777785 1779600 NC_003047.gbk
1525 59.6 3077983 3079080 genome.dna 179958 178875 NC_003047.gbk
1017 56.9 3079077 3080102 genome.dna 178876 177742 NC_003047.gbk
1974 56.2 3080104 3081720 genome.dna 177746 176105 NC_003047.gbk
474 30.6 3092131 3093381 genome.dna 540914 542123 NC_003047.gbk
617 48.5 3132533 3133219 genome.dna 3549596 3548948 NC_003047.gbk
1058 40.5 3147123 3145672 genome.dna 1891836 1893336 NC_003047.gbk
660 45.9 3154559 3153852 genome.dna 3506125 3506863 NC_003047.gbk
416 44.1 3155124 3154672 genome.dna 1271225 1270757 NC_003047.gbk
165 34.9 3155372 3155127 genome.dna 1271490 1271229 NC_003047.gbk
615 61.9 3155863 3155369 genome.dna 1804145 1804640 NC_003047.gbk
523 47.8 3156400 3155882 genome.dna 924492 923949 NC_003047.gbk
615 34.5 3157424 3156435 genome.dna 2024457 2025507 NC_003047.gbk
703 31.6 3166195 3167499 genome.dna 2596156 2597485 NC_003047.gbk
808 37.4 3178804 3180039 genome.dna 1804639 1805860 NC_003047.gbk
99 30.6 3191688 3191906 genome.dna 3353826 3353604 NC_003047.gbk
487 58.3 3195210 3194782 genome.dna 2890659 2890260 NC_003047.gbk
277 57.1 3195440 3195210 genome.dna 2890892 2890658 NC_003047.gbk
404 39.1 3228583 3228035 genome.dna 1272074 1271486 NC_003047.gbk
1125 38.7 3230474 3228642 genome.dna 1274333 1272308 NC_003047.gbk
1364 50.0 3271834 3270545 genome.dna 1243254 1244520 NC_003047.gbk
396 31.3 3278435 3279220 genome.dna 1725822 1724937 NC_003047.gbk
771 37.7 3290769 3289561 genome.dna 1881192 1880025 NC_003047.gbk
873 43.5 3312061 3311105 genome.dna 2734530 2733585 NC_003047.gbk
545 35.3 3324257 3325147 genome.dna 3215844 3214896 NC_003047.gbk
609 35.9 3327630 3326722 genome.dna 3583133 3582239 NC_003047.gbk
410 58.9 3332182 3332514 genome.dna 2610695 2610353 NC_003047.gbk
391 33.3 3364794 3365690 genome.dna 2981538 2982456 NC_003047.gbk
926 35.0 3368339 3370030 genome.dna 2601097 2599453 NC_003047.gbk
817 34.4 3372145 3370688 genome.dna 1392669 1394112 NC_003047.gbk
904 37.7 3373687 3372152 genome.dna 1391138 1392650 NC_003047.gbk
808 38.1 3375638 3373788 genome.dna 1389144 1391139 NC_003047.gbk
235 37.0 3375937 3375635 genome.dna 1388828 1389137 NC_003047.gbk
489 39.0 3378041 3377067 genome.dna 1386433 1387477 NC_003047.gbk
1085 41.7 3382301 3380952 genome.dna 1382175 1383480 NC_003047.gbk
321 39.5 3385876 3385436 genome.dna 1378258 1378624 NC_003047.gbk
571 33.7 3387504 3386554 genome.dna 842829 841878 NC_003047.gbk
571 33.7 3388991 3388041 genome.dna 842829 841878 NC_003047.gbk
739 50.7 3401812 3402438 genome.dna 1143379 1144081 NC_003047.gbk
584 42.0 3406246 3405557 genome.dna 624025 623299 NC_003047.gbk
685 42.4 3407174 3406395 genome.dna 624915 624132 NC_003047.gbk
745 40.0 3409858 3408341 genome.dna 1225153 1223662 NC_003047.gbk
404 31.4 3412525 3411257 genome.dna 31096 32440 NC_003047.gbk
857 45.2 3413548 3412631 genome.dna 30166 31081 NC_003047.gbk
535 38.8 3415469 3414618 genome.dna 457077 457821 NC_003047.gbk
668 35.8 3416479 3415469 genome.dna 3617312 3618347 NC_003047.gbk
1593 60.0 3421622 3420405 genome.dna 282826 281605 NC_003047.gbk
619 38.5 3426437 3425592 genome.dna 182289 183357 NC_003047.gbk
1327 57.3 3427528 3426443 genome.dna 988747 989845 NC_003047.gbk
1249 34.0 3438550 3436355 genome.dna 590113 587899 NC_003047.gbk
411 37.9 3451704 3451132 genome.dna 1906815 1907370 NC_003047.gbk
1413 52.4 3477877 3476636 genome.dna 1867491 1866273 NC_003047.gbk
1177 54.2 3478244 3479224 genome.dna 1989954 1990938 NC_003047.gbk
712 40.9 3479267 3480127 genome.dna 1576162 1577026 NC_003047.gbk
839 44.4 3500028 3499135 genome.dna 2802389 2801504 NC_003047.gbk
594 64.3 3500331 3500732 genome.dna 1375841 1376240 NC_003047.gbk
557 33.7 3511745 3510762 genome.dna 1139726 1138706 NC_003047.gbk
684 48.1 3516455 3517318 genome.dna 754909 755809 NC_003047.gbk
1020 40.1 3519048 3517663 genome.dna 1209208 1210609 NC_003047.gbk
664 64.0 3521609 3522118 genome.dna 2997135 2997636 NC_003047.gbk
581 36.8 3522115 3523185 genome.dna 2997632 2998682 NC_003047.gbk
967 54.4 3527868 3527053 genome.dna 570656 571472 NC_003047.gbk
1261 35.0 3531913 3533985 genome.dna 1290114 1292325 NC_003047.gbk
575 64.2 3537011 3536586 genome.dna 1057577 1058000 NC_003047.gbk
457 51.5 3537641 3537204 genome.dna 2667666 2668083 NC_003047.gbk
905 35.4 3537873 3539351 genome.dna 1514120 1515542 NC_003047.gbk
546 30.9 3542091 3543101 genome.dna 3607133 3606089 NC_003047.gbk
1302 55.4 3546479 3545397 genome.dna 132562 131479 NC_003047.gbk
550 33.2 3549622 3550470 genome.dna 2703773 2704607 NC_003047.gbk
1147 58.1 3557435 3556470 genome.dna 329194 328150 NC_003047.gbk
1765 30.9 3560370 3563492 genome.dna 2303979 2300844 NC_003047.gbk
964 34.5 3566972 3568372 genome.dna 834788 833375 NC_003047.gbk
843 52.6 3570531 3571184 genome.dna 1345173 1345824 NC_003047.gbk
589 37.9 3585196 3584423 genome.dna 1049621 1048883 NC_003047.gbk
1959 55.0 3590632 3589055 genome.dna 345521 343958 NC_003047.gbk
1779 56.1 3592205 3590739 genome.dna 836211 837714 NC_003047.gbk
785 35.7 3592378 3593766 genome.dna 331800 333381 NC_003047.gbk
278 34.5 3604488 3603367 genome.dna 3556270 3555016 NC_003047.gbk
626 43.6 3607701 3606505 genome.dna 3498893 3497657 NC_003047.gbk
530 59.4 3608433 3608005 genome.dna 1268125 1268548 NC_003047.gbk
835 42.9 3611852 3612721 genome.dna 1757699 1758563 NC_003047.gbk
312 39.6 3619470 3619147 genome.dna 1640989 1640659 NC_003047.gbk
239 30.1 3621953 3621459 genome.dna 633647 634103 NC_003047.gbk
379 33.5 3622783 3622058 genome.dna 1934716 1933885 NC_003047.gbk
706 42.6 3622920 3623723 genome.dna 2993107 2992306 NC_003047.gbk
449 31.5 3631822 3630734 genome.dna 3107288 3108323 NC_003047.gbk
1644 58.9 3635387 3634134 genome.dna 1316902 1318198 NC_003047.gbk
521 69.6 3640872 3640534 genome.dna 1774338 1774677 NC_003047.gbk
349 42.3 3651787 3651263 genome.dna 879380 878930 NC_003047.gbk
558 35.8 3653449 3652523 genome.dna 231131 230234 NC_003047.gbk
274 39.8 3680225 3679845 genome.dna 1168354 1168774 NC_003047.gbk
353 33.5 3680956 3680225 genome.dna 2250606 2249853 NC_003047.gbk
639 37.8 3682691 3681786 genome.dna 1170389 1171331 NC_003047.gbk
387 34.9 3683368 3682688 genome.dna 1169676 1170393 NC_003047.gbk
365 37.2 3684626 3683661 genome.dna 1168933 1169677 NC_003047.gbk
2401 57.9 3686442 3684643 genome.dna 305448 303621 NC_003047.gbk
782 39.0 3689812 3691413 genome.dna 1194738 1196337 NC_003047.gbk
862 57.7 3694571 3695257 genome.dna 3159727 3159001 NC_003047.gbk
706 33.8 3698228 3696813 genome.dna 3133082 3134540 NC_003047.gbk
676 38.1 3700404 3701453 genome.dna 2223889 2224939 NC_003047.gbk
114 30.0 3711890 3712588 genome.dna 346266 345627 NC_003047.gbk
1700 42.6 3727511 3725031 genome.dna 77448 74985 NC_003047.gbk
466 35.6 3728155 3728859 genome.dna 1870001 1870721 NC_003047.gbk
232 34.1 3729711 3730679 genome.dna 2845947 2846844 NC_003047.gbk
362 42.0 3732230 3732727 genome.dna 1961446 1960921 NC_003047.gbk
620 39.5 3732844 3733638 genome.dna 2325999 2325177 NC_003047.gbk
724 44.3 3733793 3734647 genome.dna 2326877 2326001 NC_003047.gbk
667 39.1 3735878 3735108 genome.dna 2046006 2045244 NC_003047.gbk
745 42.1 3736813 3735875 genome.dna 2046929 2046002 NC_003047.gbk
470 43.6 3738313 3737777 genome.dna 2862838 2862262 NC_003047.gbk
601 44.5 3749695 3748958 genome.dna 3573 4302 NC_003047.gbk
640 65.4 3749751 3750215 genome.dna 1000916 1001378 NC_003047.gbk
518 36.6 3750989 3751744 genome.dna 2871990 2872761 NC_003047.gbk
3243 58.3 3762599 3760023 genome.dna 2816796 2814189 NC_003047.gbk
398 39.4 3763458 3762733 genome.dna 2532238 2533033 NC_003047.gbk
397 43.3 3764478 3763501 genome.dna 2928105 2929137 NC_003047.gbk
676 47.1 3773827 3773072 genome.dna 3525477 3526200 NC_003047.gbk
274 30.4 3774414 3773866 genome.dna 3524903 3525467 NC_003047.gbk
1471 50.2 3776200 3774839 genome.dna 3522465 3524007 NC_003047.gbk
1877 51.6 3784972 3782345 genome.dna 1947938 1945274 NC_003047.gbk
1503 68.6 3786717 3785644 genome.dna 1949224 1948177 NC_003047.gbk
415 44.4 3787319 3786825 genome.dna 1565885 1565387 NC_003047.gbk
678 40.1 3793865 3792984 genome.dna 853244 852347 NC_003047.gbk
4008 57.1 3869582 3866439 genome.dna 223053 219906 NC_003047.gbk
1048 39.6 3882715 3881462 genome.dna 3443373 3444657 NC_003047.gbk
856 41.2 3883829 3882726 genome.dna 3442199 3443381 NC_003047.gbk
517 46.8 3886357 3885899 genome.dna 1771929 1772427 NC_003047.gbk
679 36.3 3889382 3888324 genome.dna 1409085 1407792 NC_003047.gbk
646 34.2 3911288 3910026 genome.dna 2643669 2644920 NC_003047.gbk
464 33.3 3916907 3916065 genome.dna 2243069 2242226 NC_003047.gbk
576 30.7 3918901 3920391 genome.dna 238536 237174 NC_003047.gbk
266 37.1 3921260 3920868 genome.dna 832914 833298 NC_003047.gbk
678 35.5 3926541 3925651 genome.dna 3245519 3246395 NC_003047.gbk
517 32.7 3932105 3933280 genome.dna 1234772 1235861 NC_003047.gbk
887 30.9 3933298 3934833 genome.dna 3128744 3127154 NC_003047.gbk
993 48.1 3952362 3953393 genome.dna 3117290 3116213 NC_003047.gbk
700 50.0 3953386 3954039 genome.dna 3116224 3115558 NC_003047.gbk
770 48.4 3954101 3954916 genome.dna 3115520 3114743 NC_003047.gbk
889 38.7 3956293 3958011 genome.dna 1398814 1400143 NC_003047.gbk
441 31.3 3965404 3966168 genome.dna 3528799 3529621 NC_003047.gbk
1266 50.4 3969453 3967963 genome.dna 1036348 1034851 NC_003047.gbk
1430 69.5 3970373 3969465 genome.dna 1037301 1036347 NC_003047.gbk
1065 41.9 3971825 3970383 genome.dna 1583259 1584717 NC_003047.gbk
358 32.8 3972869 3972135 genome.dna 1038146 1037348 NC_003047.gbk
538 32.1 3986238 3987221 genome.dna 835040 836021 NC_003047.gbk
783 47.8 3989266 3990012 genome.dna 3310309 3309556 NC_003047.gbk
1699 61.2 4001743 4000448 genome.dna 1553446 1554721 NC_003047.gbk
2010 55.7 4003479 4001842 genome.dna 1549798 1551427 NC_003047.gbk
495 49.1 4004518 4003706 genome.dna 1582445 1581611 NC_003047.gbk
482 33.3 4008483 4007131 genome.dna 967046 965798 NC_003047.gbk
533 32.8 4013697 4012813 genome.dna 2036480 2037350 NC_003047.gbk
725 42.5 4014558 4013788 genome.dna 14892 15693 NC_003047.gbk
1109 46.3 4027241 4025196 genome.dna 2330075 2327921 NC_003047.gbk
603 31.3 4031933 4029078 genome.dna 1116047 1119008 NC_003047.gbk
688 41.3 4036522 4035704 genome.dna 359248 360055 NC_003047.gbk
393 37.6 4037132 4037767 genome.dna 1421653 1421041 NC_003047.gbk
686 54.0 4039680 4040210 genome.dna 3348267 3347733 NC_003047.gbk
761 55.6 4046883 4047521 genome.dna 241951 241297 NC_003047.gbk
852 32.7 4047693 4049018 genome.dna 1807928 1806635 NC_003047.gbk
619 46.1 4050959 4050219 genome.dna 2674287 2675064 NC_003047.gbk
1879 46.2 4051288 4053240 genome.dna 1761608 1763582 NC_003047.gbk
184 30.0 4053431 4053985 genome.dna 1770837 1770237 NC_003047.gbk
263 59.7 4060248 4060021 genome.dna 1238114 1237865 NC_003047.gbk
270 36.0 4060971 4060579 genome.dna 1238589 1238139 NC_003047.gbk
400 32.6 4068636 4067902 genome.dna 1456291 1455415 NC_003047.gbk
1243 36.2 4071195 4068739 genome.dna 1416994 1414624 NC_003047.gbk
309 38.6 4071662 4071237 genome.dna 806544 807009 NC_003047.gbk
401 33.0 4076900 4077613 genome.dna 3640633 3639973 NC_003047.gbk
523 37.2 4077711 4078532 genome.dna 2528566 2527747 NC_003047.gbk
368 38.4 4079441 4080034 genome.dna 405912 405267 NC_003047.gbk
811 36.7 4080027 4081166 genome.dna 405256 404074 NC_003047.gbk
95 42.9 4086196 4086327 genome.dna 2142060 2141901 NC_003047.gbk
1038 52.5 4100167 4101123 genome.dna 373797 372882 NC_003047.gbk
438 30.3 4102382 4101120 genome.dna 2856056 2857325 NC_003047.gbk
850 46.7 4109655 4110677 genome.dna 2062761 2061681 NC_003047.gbk
1081 54.3 4114259 4113273 genome.dna 1814814 1813836 NC_003047.gbk
494 34.5 4114440 4115846 genome.dna 1232410 1230910 NC_003047.gbk
425 30.9 4115888 4116970 genome.dna 1228634 1227494 NC_003047.gbk
420 45.2 4118250 4118720 genome.dna 3175412 3174932 NC_003047.gbk
670 47.0 4118940 4119590 genome.dna 605179 604543 NC_003047.gbk
374 46.0 4137049 4136630 genome.dna 2499850 2499427 NC_003047.gbk
2779 58.8 4139901 4137067 genome.dna 1689506 1686584 NC_003047.gbk
520 48.4 4140147 4140710 genome.dna 1689792 1690317 NC_003047.gbk
450 46.6 4143007 4143462 genome.dna 2309934 2309472 NC_003047.gbk
497 31.2 4185816 4184818 genome.dna 2702833 2703769 NC_003047.gbk
181 31.4 4192801 4193715 genome.dna 231330 232215 NC_003047.gbk
436 33.2 4217612 4218277 genome.dna 3298815 3299469 NC_003047.gbk
249 42.1 4222572 4222883 genome.dna 2047367 2047049 NC_003047.gbk
1126 40.4 4231793 4230366 genome.dna 3309520 3308113 NC_003047.gbk
542 38.6 4237489 4236725 genome.dna 850899 850071 NC_003047.gbk
525 39.9 4244964 4245854 genome.dna 1196386 1197286 NC_003047.gbk
323 34.4 4250722 4251348 genome.dna 2795 3380 NC_003047.gbk
114 32.1 4252166 4252360 genome.dna 683261 683474 NC_003047.gbk
321 38.2 4252799 4252404 genome.dna 2830481 2830073 NC_003047.gbk
2066 54.1 4255592 4252890 genome.dna 2833883 2836595 NC_003047.gbk
778 40.5 4257707 4256787 genome.dna 2333985 2333016 NC_003047.gbk
712 31.2 4260285 4259029 genome.dna 2337588 2336259 NC_003047.gbk
622 40.1 4262088 4261168 genome.dna 2339428 2338501 NC_003047.gbk
1280 44.3 4263557 4262097 genome.dna 2344597 2343181 NC_003047.gbk
490 35.3 4264711 4263620 genome.dna 2345718 2344593 NC_003047.gbk
528 33.7 4267226 4265910 genome.dna 2348325 2346933 NC_003047.gbk
1247 51.5 4268312 4267230 genome.dna 2349432 2348331 NC_003047.gbk
691 33.8 4269667 4268306 genome.dna 2351107 2349673 NC_003047.gbk
840 38.4 4271151 4269664 genome.dna 2352569 2351108 NC_003047.gbk
770 44.3 4274186 4273242 genome.dna 2355911 2354885 NC_003047.gbk
414 44.0 4277861 4277370 genome.dna 2274728 2274155 NC_003047.gbk
1962 51.0 4279582 4277864 genome.dna 2276529 2274750 NC_003047.gbk
1069 49.2 4283764 4284855 genome.dna 3611781 3612894 NC_003047.gbk
2073 65.2 4284858 4286258 genome.dna 3490343 3488933 NC_003047.gbk
686 51.5 4286272 4286874 genome.dna 3460580 3461186 NC_003047.gbk
468 32.7 4289018 4288182 genome.dna 1228767 1229625 NC_003047.gbk
1256 55.8 4296705 4297769 genome.dna 3533026 3534055 NC_003047.gbk
1176 42.2 4297745 4299352 genome.dna 3534086 3535694 NC_003047.gbk
622 47.0 4299357 4300049 genome.dna 3535690 3536407 NC_003047.gbk
823 42.1 4318033 4319034 genome.dna 1250106 1249077 NC_003047.gbk
538 39.8 4319027 4319845 genome.dna 1249078 1248253 NC_003047.gbk
366 42.4 4319858 4320235 genome.dna 578046 577653 NC_003047.gbk
497 34.7 4322394 4323299 genome.dna 250421 251348 NC_003047.gbk
408 40.6 4323873 4323391 genome.dna 2287443 2286900 NC_003047.gbk
363 47.9 4326494 4326126 genome.dna 257643 257274 NC_003047.gbk
916 60.6 4327281 4326592 genome.dna 258428 257735 NC_003047.gbk
2172 59.4 4330684 4327460 genome.dna 1712350 1708858 NC_003047.gbk
1240 53.3 4331847 4330699 genome.dna 2511828 2513034 NC_003047.gbk
748 45.6 4333114 4332293 genome.dna 186870 187689 NC_003047.gbk
976 50.5 4334402 4333452 genome.dna 998732 999785 NC_003047.gbk
366 39.0 4335368 4334856 genome.dna 419982 420483 NC_003047.gbk
1313 39.9 4338181 4335368 genome.dna 874681 877591 NC_003047.gbk
615 36.4 4339154 4338213 genome.dna 873415 874399 NC_003047.gbk
212 39.5 4339580 4339843 genome.dna 398137 398404 NC_003047.gbk
1524 57.6 4343498 4342359 genome.dna 211963 213103 NC_003047.gbk
2742 67.2 4345514 4343607 genome.dna 209763 211689 NC_003047.gbk
706 33.8 4353827 4352538 genome.dna 1010436 1009035 NC_003047.gbk
303 37.9 4360338 4359856 genome.dna 2312187 2312685 NC_003047.gbk
376 31.6 4360545 4361432 genome.dna 3131056 3131896 NC_003047.gbk
2104 55.7 4365488 4367155 genome.dna 2375891 2374241 NC_003047.gbk
978 46.3 4370220 4371221 genome.dna 1135644 1134630 NC_003047.gbk
354 38.1 4373604 4372945 genome.dna 2016956 2016260 NC_003047.gbk
848 45.0 4379941 4378778 genome.dna 2977052 2978252 NC_003047.gbk
1065 47.5 4381030 4380014 genome.dna 2975446 2976457 NC_003047.gbk
2486 54.1 4383337 4381343 genome.dna 2765596 2763601 NC_003047.gbk
1031 49.6 4388480 4389631 genome.dna 446190 447471 NC_003047.gbk
872 43.4 4392301 4393260 genome.dna 367071 368019 NC_003047.gbk
458 37.7 4393344 4393907 genome.dna 1003160 1003766 NC_003047.gbk
1446 50.5 4398393 4397095 genome.dna 2933994 2932695 NC_003047.gbk
418 36.1 4399815 4398820 genome.dna 2285621 2284688 NC_003047.gbk
772 37.5 4401072 4399819 genome.dna 2286706 2285617 NC_003047.gbk
955 43.1 4402445 4401165 genome.dna 1577375 1578773 NC_003047.gbk
666 38.8 4403893 4402952 genome.dna 2280893 2279981 NC_003047.gbk
801 32.3 4405841 4403886 genome.dna 894880 893062 NC_003047.gbk
352 33.2 4409618 4408062 genome.dna 1773992 1772507 NC_003047.gbk
889 40.4 4409761 4410900 genome.dna 358389 357288 NC_003047.gbk
1307 57.3 4422828 4421779 genome.dna 2896212 2895168 NC_003047.gbk
484 39.8 4423913 4423296 genome.dna 3311450 3310805 NC_003047.gbk
360 52.6 4447190 4446837 genome.dna 2055565 2055211 NC_003047.gbk
402 34.0 4448185 4447619 genome.dna 312250 312820 NC_003047.gbk
606 35.7 4448227 4449270 genome.dna 311040 309987 NC_003047.gbk
1870 53.0 4451372 4449723 genome.dna 532370 530744 NC_003047.gbk
1154 36.4 4455241 4453595 genome.dna 1800044 1798397 NC_003047.gbk
4944 62.0 4464530 4460847 genome.dna 3229127 3225353 NC_003047.gbk
374 30.4 4464724 4465554 genome.dna 907156 908011 NC_003047.gbk
1725 63.9 4468982 4467675 genome.dna 781269 779979 NC_003047.gbk
918 43.9 4471827 4470898 genome.dna 3461838 3462834 NC_003047.gbk
436 41.1 4477982 4478530 genome.dna 2066616 2067147 NC_003047.gbk
438 34.9 4479596 4478769 genome.dna 1938 2799 NC_003047.gbk
504 46.1 4482450 4482959 genome.dna 455536 456073 NC_003047.gbk
714 40.7 4482986 4483933 genome.dna 456142 457078 NC_003047.gbk
1126 40.6 4485347 4486723 genome.dna 1574774 1576151 NC_003047.gbk
302 44.4 4486815 4487225 genome.dna 615197 615626 NC_003047.gbk
476 59.2 4488068 4487676 genome.dna 1492878 1493304 NC_003047.gbk
1047 51.7 4489098 4488109 genome.dna 1491822 1492833 NC_003047.gbk
518 43.3 4489744 4489124 genome.dna 1931162 1930544 NC_003047.gbk
612 67.4 4490164 4489775 genome.dna 1491329 1491719 NC_003047.gbk
429 57.3 4490537 4490181 genome.dna 1490734 1491103 NC_003047.gbk
1616 56.6 4492165 4490834 genome.dna 1488588 1489929 NC_003047.gbk
352 45.6 4492607 4492173 genome.dna 1487882 1488353 NC_003047.gbk
152 45.5 4492790 4492611 genome.dna 1487665 1487869 NC_003047.gbk
573 57.4 4493297 4492797 genome.dna 1487083 1487653 NC_003047.gbk
354 47.0 4493665 4493312 genome.dna 1486587 1486950 NC_003047.gbk
551 46.9 4494208 4493675 genome.dna 1486041 1486575 NC_003047.gbk
425 47.3 4494614 4494222 genome.dna 1485602 1486001 NC_003047.gbk
292 48.5 4494953 4494648 genome.dna 1485284 1485590 NC_003047.gbk
766 60.7 4495506 4494967 genome.dna 1484692 1485250 NC_003047.gbk
295 46.5 4495835 4495521 genome.dna 1484388 1484700 NC_003047.gbk
602 76.4 4496217 4495846 genome.dna 1484005 1484374 NC_003047.gbk
262 52.1 4496635 4496381 genome.dna 1483590 1483827 NC_003047.gbk
193 49.2 4496826 4496635 genome.dna 1483376 1483577 NC_003047.gbk
589 63.4 4497236 4496826 genome.dna 1482950 1483364 NC_003047.gbk
955 60.9 4497950 4497249 genome.dna 1482198 1482912 NC_003047.gbk
411 64.1 4498593 4498315 genome.dna 1481528 1481807 NC_003047.gbk
1075 59.7 4499431 4498610 genome.dna 1480676 1481513 NC_003047.gbk
249 48.4 4499751 4499449 genome.dna 1480339 1480633 NC_003047.gbk
341 34.0 4500353 4499748 genome.dna 1479722 1480343 NC_003047.gbk
639 48.3 4500993 4500364 genome.dna 1479023 1479710 NC_003047.gbk
494 72.5 4501337 4501026 genome.dna 1478592 1478901 NC_003047.gbk
479 51.0 4502117 4501644 genome.dna 3451951 3451465 NC_003047.gbk
2688 59.7 4505956 4503842 genome.dna 1475103 1477203 NC_003047.gbk
612 57.1 4506523 4506053 genome.dna 1474603 1475074 NC_003047.gbk
647 74.0 4506994 4506620 genome.dna 1474174 1474546 NC_003047.gbk
106 34.8 4517758 4517976 genome.dna 239732 239945 NC_003047.gbk
1416 42.2 4522627 4520816 genome.dna 885555 883722 NC_003047.gbk
1634 41.8 4523306 4525213 genome.dna 1263263 1261373 NC_003047.gbk
462 37.8 4525894 4525292 genome.dna 2270783 2270189 NC_003047.gbk
1121 45.8 4531124 4529898 genome.dna 574092 575292 NC_003047.gbk
193 38.1 4539402 4538833 genome.dna 1719830 1720403 NC_003047.gbk
863 53.9 4540514 4539705 genome.dna 2604590 2603822 NC_003047.gbk
1106 62.0 4541350 4540526 genome.dna 2605420 2604586 NC_003047.gbk
1157 54.8 4542308 4541385 genome.dna 2606349 2605416 NC_003047.gbk
1255 56.4 4543345 4542305 genome.dna 2607389 2606345 NC_003047.gbk
842 38.6 4545089 4543476 genome.dna 2609071 2607430 NC_003047.gbk
1065 65.5 4553293 4554057 genome.dna 625806 624951 NC_003047.gbk
1526 50.4 4555196 4556704 genome.dna 2728697 2727089 NC_003047.gbk
653 43.0 4557783 4556779 genome.dna 434537 435602 NC_003047.gbk
364 31.3 4558484 4557780 genome.dna 2017175 2017859 NC_003047.gbk
715 48.7 4559154 4558477 genome.dna 1901868 1902549 NC_003047.gbk
881 43.5 4562421 4561336 genome.dna 2884673 2883539 NC_003047.gbk
353 36.0 4562994 4562473 genome.dna 2885256 2884677 NC_003047.gbk
998 33.8 4567199 4569754 genome.dna 1446763 1449217 NC_003047.gbk
328 34.8 4574406 4575275 genome.dna 576644 577637 NC_003047.gbk
1515 46.7 4575473 4577092 genome.dna 52482 54093 NC_003047.gbk
693 31.1 4581398 4580247 genome.dna 2458015 2459149 NC_003047.gbk
2704 58.6 4597892 4600225 genome.dna 1176682 1178989 NC_003047.gbk
284 32.4 4613483 4614184 genome.dna 2828121 2827374 NC_003047.gbk
738 46.3 4620311 4619553 genome.dna 3270373 3271138 NC_003047.gbk
298 40.6 4621743 4622156 genome.dna 1453148 1452722 NC_003047.gbk
1711 51.8 4622349 4623851 genome.dna 2412135 2410620 NC_003047.gbk
2654 47.9 4632742 4630295 genome.dna 3065246 3067712 NC_003047.gbk
1363 44.3 4634257 4632818 genome.dna 3071301 3072744 NC_003047.gbk
1592 56.8 4635563 4634286 genome.dna 3070032 3071295 NC_003047.gbk
1637 45.3 4637576 4635600 genome.dna 3074606 3076595 NC_003047.gbk
2651 54.1 4639754 4637577 genome.dna 3067708 3069919 NC_003047.gbk
278 34.0 4645142 4645735 genome.dna 1691012 1690382 NC_003047.gbk
388 31.4 4660732 4659695 genome.dna 3044771 3045755 NC_003047.gbk
1757 44.6 4664050 4662224 genome.dna 2508771 2506860 NC_003047.gbk
709 39.3 4665855 4666784 genome.dna 1214958 1215900 NC_003047.gbk
953 44.9 4667808 4666750 genome.dna 2264725 2265814 NC_003047.gbk
444 37.3 4668986 4668036 genome.dna 349712 348722 NC_003047.gbk
392 32.5 4670140 4669394 genome.dna 2305475 2306297 NC_003047.gbk
782 41.9 4672431 4670269 genome.dna 2306849 2309423 NC_003047.gbk
556 36.6 4675687 4674863 genome.dna 3522081 3521160 NC_003047.gbk
621 32.6 4677558 4676383 genome.dna 1323655 1324882 NC_003047.gbk
757 42.7 4680620 4681561 genome.dna 3339525 3340455 NC_003047.gbk
804 48.8 4687311 4686550 genome.dna 3561744 3562506 NC_003047.gbk
743 31.5 4690836 4689472 genome.dna 1903903 1905211 NC_003047.gbk
1949 69.0 4708658 4707399 genome.dna 3652427 3651161 NC_003047.gbk
377 55.0 4709479 4709153 genome.dna 34414 34090 NC_003047.gbk
3210 58.5 4718921 4714953 genome.dna 515521 511819 NC_003047.gbk
2973 73.5 4729969 4728119 genome.dna 3049058 3050897 NC_003047.gbk
399 33.1 4730969 4730043 genome.dna 254099 253001 NC_003047.gbk
904 31.4 4732978 4731332 genome.dna 2378905 2380552 NC_003047.gbk
1244 43.7 4733613 4735139 genome.dna 368204 369737 NC_003047.gbk
516 36.9 4748208 4747351 genome.dna 1933899 1933065 NC_003047.gbk
1136 37.4 4752903 4754309 genome.dna 1872515 1873919 NC_003047.gbk
675 38.1 4755209 4754301 genome.dna 840117 839181 NC_003047.gbk
765 42.9 4756712 4755816 genome.dna 2372826 2371884 NC_003047.gbk
624 43.0 4758003 4757242 genome.dna 516887 516080 NC_003047.gbk
1328 53.6 4766891 4765731 genome.dna 93146 91919 NC_003047.gbk
159 41.2 4770684 4770469 genome.dna 2987764 2987542 NC_003047.gbk
1355 34.9 4770998 4773196 genome.dna 3298577 3296435 NC_003047.gbk
659 60.8 4775884 4776414 genome.dna 61536 62094 NC_003047.gbk
1660 60.5 4776424 4777755 genome.dna 62601 63909 NC_003047.gbk
450 31.7 4784192 4784938 genome.dna 1587397 1588210 NC_003047.gbk
617 43.4 4786326 4787093 genome.dna 1548276 1549047 NC_003047.gbk
313 38.3 4814473 4814072 genome.dna 2950530 2950077 NC_003047.gbk
539 34.4 4826899 4825997 genome.dna 2573428 2572507 NC_003047.gbk
484 36.8 4829201 4829899 genome.dna 52141 51418 NC_003047.gbk
407 42.7 4834867 4834403 genome.dna 1980205 1980667 NC_003047.gbk
510 31.8 4836454 4835498 genome.dna 251834 252779 NC_003047.gbk
1151 50.8 4838481 4837408 genome.dna 3323414 3322343 NC_003047.gbk
408 31.7 4843920 4843159 genome.dna 2406384 2405598 NC_003047.gbk
647 39.2 4844257 4845171 genome.dna 1843306 1844194 NC_003047.gbk
747 34.4 4859267 4858077 genome.dna 2226387 2225160 NC_003047.gbk
882 57.7 4859998 4859297 genome.dna 2670717 2669991 NC_003047.gbk
565 51.3 4860774 4860004 genome.dna 2671601 2670713 NC_003047.gbk
1018 49.3 4862045 4860771 genome.dna 2672986 2671600 NC_003047.gbk
973 49.3 4862968 4862042 genome.dna 2673893 2672990 NC_003047.gbk
949 41.9 4864237 4863125 genome.dna 1012642 1011535 NC_003047.gbk
606 35.4 4866035 4865178 genome.dna 2929334 2930240 NC_003047.gbk
541 43.1 4867996 4867325 genome.dna 2863736 2864360 NC_003047.gbk
977 39.4 4869411 4868002 genome.dna 3519875 3518228 NC_003047.gbk
338 41.4 4869761 4870336 genome.dna 881182 881743 NC_003047.gbk
1814 45.0 4872230 4874593 genome.dna 144856 147088 NC_003047.gbk
157 37.3 4875073 4874828 genome.dna 2889987 2890227 NC_003047.gbk
240 34.1 4875290 4875967 genome.dna 2875864 2876503 NC_003047.gbk
658 38.3 4882515 4883447 genome.dna 2601231 2602149 NC_003047.gbk
602 32.0 4913964 4913050 genome.dna 16584 15705 NC_003047.gbk
898 42.3 4914105 4915127 genome.dna 23150 24167 NC_003047.gbk
1006 56.7 4927471 4926491 genome.dna 811110 811965 NC_003047.gbk
1285 62.8 4928387 4927485 genome.dna 810200 811109 NC_003047.gbk
1438 60.5 4929420 4928401 genome.dna 809185 810190 NC_003047.gbk
1438 60.5 4929420 4928401 genome.dna 809185 810190 NC_003047.gbk
1968 54.9 4931262 4929655 genome.dna 807486 809082 NC_003047.gbk
517 55.1 4942687 4942274 genome.dna 3044397 3043935 NC_003047.gbk
660 34.7 4946843 4945446 genome.dna 3119004 3117627 NC_003047.gbk
660 34.7 4946843 4945446 genome.dna 3119004 3117627 NC_003047.gbk
597 49.7 4956801 4956184 genome.dna 905329 904690 NC_003047.gbk
597 49.7 4956801 4956184 genome.dna 905329 904690 NC_003047.gbk
449 32.1 4957681 4956785 genome.dna 906264 905343 NC_003047.gbk
337 30.5 4958376 4957678 genome.dna 1808810 1808060 NC_003047.gbk
2516 64.8 4960608 4958773 genome.dna 3384419 3386297 NC_003047.gbk
905 41.4 4962494 4961517 genome.dna 2790851 2791820 NC_003047.gbk
905 47.7 4963465 4962494 genome.dna 449428 450373 NC_003047.gbk
757 30.4 4967043 4965493 genome.dna 2789228 2790791 NC_003047.gbk
2986 58.6 4981440 4979023 genome.dna 8696 11132 NC_003047.gbk
900 41.1 4983694 4982594 genome.dna 365302 364183 NC_003047.gbk
831 34.9 4985096 4983699 genome.dna 399329 400853 NC_003047.gbk
205 72.1 4985770 4985910 genome.dna 482820 482685 NC_003047.gbk
755 30.2 4986512 4988146 genome.dna 482269 480481 NC_003047.gbk
635 39.5 4988276 4989640 genome.dna 3650621 3649490 NC_003047.gbk
645 38.9 4992272 4991421 genome.dna 2246674 2247562 NC_003047.gbk
361 31.9 5011178 5011843 genome.dna 2627868 2627193 NC_003047.gbk
855 38.3 5015861 5014662 genome.dna 2540888 2542121 NC_003047.gbk
499 39.2 5017538 5016804 genome.dna 571558 572272 NC_003047.gbk
1412 50.6 5026700 5027902 genome.dna 2517046 2515843 NC_003047.gbk
706 41.3 5031540 5032457 genome.dna 1124779 1125718 NC_003047.gbk
1816 48.7 5049054 5047222 genome.dna 1796628 1794801 NC_003047.gbk
496 40.2 5050610 5049240 genome.dna 1798242 1796871 NC_003047.gbk
212 30.7 5053946 5053527 genome.dna 3291025 3290614 NC_003047.gbk
2150 70.2 5055348 5053966 genome.dna 3292656 3291141 NC_003047.gbk
488 31.4 5056259 5055396 genome.dna 3293565 3292680 NC_003047.gbk
1274 56.9 5057853 5056312 genome.dna 3295122 3293592 NC_003047.gbk
1968 51.7 5063659 5061770 genome.dna 3649367 3647495 NC_003047.gbk
582 42.7 9676 9014 genome.dna 1527845 1527167 NC_003078.gbk
1472 46.8 10948 12453 genome.dna 1515466 1516987 NC_003078.gbk
817 43.5 12461 13429 genome.dna 1040926 1039963 NC_003078.gbk
949 36.4 33859 32447 genome.dna 1630002 1631385 NC_003078.gbk
439 34.2 93925 92960 genome.dna 125641 124708 NC_003078.gbk
842 43.2 117691 118689 genome.dna 1311685 1312723 NC_003078.gbk
1340 44.6 118825 120366 genome.dna 1302819 1301298 NC_003078.gbk
515 37.5 120344 121525 genome.dna 1301299 1300084 NC_003078.gbk
1132 46.2 140268 141428 genome.dna 1253179 1254316 NC_003078.gbk
1608 47.2 161014 159155 genome.dna 831101 832994 NC_003078.gbk
514 30.2 187993 189078 genome.dna 456312 457371 NC_003078.gbk
993 37.7 219661 221034 genome.dna 736509 737976 NC_003078.gbk
648 43.6 269828 269043 genome.dna 1636954 1637728 NC_003078.gbk
553 49.7 271449 270808 genome.dna 1637724 1638330 NC_003078.gbk
2689 67.8 273440 271446 genome.dna 1633943 1635779 NC_003078.gbk
811 45.3 340994 339921 genome.dna 594507 595497 NC_003078.gbk
439 34.9 355354 354581 genome.dna 1399296 1400079 NC_003078.gbk
321 33.0 386934 386071 genome.dna 208339 207259 NC_003078.gbk
241 30.8 387875 387024 genome.dna 944373 943329 NC_003078.gbk
1363 45.8 406489 405197 genome.dna 1017830 1016546 NC_003078.gbk
757 38.8 408325 407348 genome.dna 1019464 1018486 NC_003078.gbk
961 42.5 421130 419778 genome.dna 1344223 1342801 NC_003078.gbk
567 37.8 428913 428092 genome.dna 1293833 1294652 NC_003078.gbk
572 34.2 429839 428910 genome.dna 1292875 1293817 NC_003078.gbk
1827 55.5 431263 429833 genome.dna 1291461 1292871 NC_003078.gbk
219 32.1 431880 431494 genome.dna 777446 777830 NC_003078.gbk
1242 38.3 511134 509425 genome.dna 658112 659786 NC_003078.gbk
167 52.2 536233 536394 genome.dna 95076 94902 NC_003078.gbk
260 32.6 566365 566808 genome.dna 1551985 1552456 NC_003078.gbk
302 31.1 566824 567396 genome.dna 1552455 1553058 NC_003078.gbk
1320 55.5 567396 568499 genome.dna 1553062 1554169 NC_003078.gbk
1500 78.5 568499 569425 genome.dna 1554165 1555059 NC_003078.gbk
1080 64.8 569422 570210 genome.dna 1555055 1555832 NC_003078.gbk
835 55.0 570232 570948 genome.dna 1555865 1556573 NC_003078.gbk
1117 46.5 570938 572074 genome.dna 918570 917430 NC_003078.gbk
352 37.6 572077 572643 genome.dna 917434 916846 NC_003078.gbk
683 37.4 581945 582934 genome.dna 1426058 1425014 NC_003078.gbk
834 36.5 582944 584155 genome.dna 1429217 1427873 NC_003078.gbk
778 38.5 584157 585260 genome.dna 1427642 1426472 NC_003078.gbk
2312 68.0 697515 699164 genome.dna 1106233 1104604 NC_003078.gbk
290 53.5 705108 705329 genome.dna 998494 998746 NC_003078.gbk
321 41.5 709289 708894 genome.dna 1610920 1611340 NC_003078.gbk
421 37.0 713461 712685 genome.dna 452506 453247 NC_003078.gbk
644 36.1 805628 804636 genome.dna 522182 521186 NC_003078.gbk
846 43.4 805742 806647 genome.dna 511440 512337 NC_003078.gbk
610 43.9 818265 819005 genome.dna 1278190 1278940 NC_003078.gbk
625 34.3 829148 828144 genome.dna 327619 326602 NC_003078.gbk
930 36.2 839555 838230 genome.dna 1407946 1406650 NC_003078.gbk
221 49.3 934700 934497 genome.dna 217232 216992 NC_003078.gbk
545 32.3 935880 934714 genome.dna 1237689 1236555 NC_003078.gbk
1498 51.0 938530 939795 genome.dna 0 1275 NC_003078.gbk
1275 65.3 939859 940740 genome.dna 1368 2265 NC_003078.gbk
1092 58.3 940742 941554 genome.dna 2261 3080 NC_003078.gbk
1219 51.9 941591 942676 genome.dna 1147299 1146210 NC_003078.gbk
913 52.3 946629 945835 genome.dna 738841 739624 NC_003078.gbk
785 45.6 947612 946671 genome.dna 737972 738845 NC_003078.gbk
368 43.5 957261 956803 genome.dna 383794 383347 NC_003078.gbk
1930 53.6 959189 960961 genome.dna 1560361 1558642 NC_003078.gbk
671 39.2 962609 963466 genome.dna 355567 356395 NC_003078.gbk
1398 48.5 1027493 1028959 genome.dna 1538075 1539539 NC_003078.gbk
533 31.1 1068077 1069264 genome.dna 1115392 1114186 NC_003078.gbk
750 33.8 1116801 1117997 genome.dna 749229 750342 NC_003078.gbk
1176 49.5 1125945 1124593 genome.dna 854663 853493 NC_003078.gbk
514 36.6 1137533 1138456 genome.dna 1249537 1250431 NC_003078.gbk
542 35.7 1154052 1153258 genome.dna 1238877 1238127 NC_003078.gbk
574 37.7 1202667 1201900 genome.dna 68747 69548 NC_003078.gbk
1476 55.5 1221233 1222429 genome.dna 457380 458589 NC_003078.gbk
801 61.5 1293119 1292505 genome.dna 1411494 1412127 NC_003078.gbk
3166 66.3 1295100 1293109 genome.dna 1409488 1411498 NC_003078.gbk
621 46.8 1296067 1295105 genome.dna 1408290 1409451 NC_003078.gbk
345 31.9 1310544 1309849 genome.dna 1165658 1164947 NC_003078.gbk
343 34.0 1312030 1312560 genome.dna 29539 30010 NC_003078.gbk
2766 43.5 1326027 1322899 genome.dna 1419622 1422856 NC_003078.gbk
743 38.0 1327249 1326056 genome.dna 1418497 1419619 NC_003078.gbk
1404 43.6 1333507 1335396 genome.dna 932442 930552 NC_003078.gbk
544 38.4 1348853 1349839 genome.dna 146294 147344 NC_003078.gbk
1778 40.0 1356196 1353473 genome.dna 1116958 1119442 NC_003078.gbk
354 42.4 1356312 1356722 genome.dna 1119501 1119945 NC_003078.gbk
1022 64.8 1374601 1375371 genome.dna 1048106 1047362 NC_003078.gbk
1098 60.9 1376426 1377313 genome.dna 1047259 1046368 NC_003078.gbk
997 44.3 1458435 1457257 genome.dna 1603996 1605199 NC_003078.gbk
553 31.8 1543336 1544562 genome.dna 27342 26205 NC_003078.gbk
846 39.9 1573036 1572017 genome.dna 1168149 1169136 NC_003078.gbk
529 31.1 1590681 1589605 genome.dna 1640475 1639431 NC_003078.gbk
1108 60.9 1614552 1615325 genome.dna 1345947 1346715 NC_003078.gbk
951 43.4 1615316 1616422 genome.dna 1346711 1347782 NC_003078.gbk
648 40.8 1635671 1634820 genome.dna 996325 997228 NC_003078.gbk
456 42.5 1636204 1635668 genome.dna 994683 995247 NC_003078.gbk
1140 59.2 1637078 1636206 genome.dna 993809 994691 NC_003078.gbk
1040 49.8 1656775 1657761 genome.dna 1306774 1307767 NC_003078.gbk
1254 41.6 1658980 1660527 genome.dna 1475902 1474321 NC_003078.gbk
799 39.3 1660540 1661571 genome.dna 1517083 1518109 NC_003078.gbk
315 56.3 1667191 1666913 genome.dna 133558 133282 NC_003078.gbk
963 46.3 1735237 1734179 genome.dna 374424 373362 NC_003078.gbk
1674 44.5 1737321 1735243 genome.dna 376466 374420 NC_003078.gbk
1055 48.5 1738556 1737522 genome.dna 377852 376823 NC_003078.gbk
718 41.6 1778057 1778830 genome.dna 1052866 1053694 NC_003078.gbk
712 46.0 1778827 1779630 genome.dna 1052061 1052874 NC_003078.gbk
779 32.1 1786438 1785080 genome.dna 1393367 1392047 NC_003078.gbk
1512 45.6 1788362 1786503 genome.dna 983704 981934 NC_003078.gbk
781 52.1 1813209 1812400 genome.dna 1582681 1581910 NC_003078.gbk
183 37.4 1862440 1862120 genome.dna 1242067 1241734 NC_003078.gbk
1521 40.9 1992328 1990295 genome.dna 338594 336728 NC_003078.gbk
1204 40.1 1994834 1996513 genome.dna 516964 515353 NC_003078.gbk
155 33.7 2010635 2010913 genome.dna 1605705 1605381 NC_003078.gbk
870 37.4 2063309 2062113 genome.dna 1646809 1645603 NC_003078.gbk
1199 48.5 2064554 2063346 genome.dna 343484 344708 NC_003078.gbk
580 49.2 2064690 2065280 genome.dna 343387 342775 NC_003078.gbk
463 32.0 2083361 2081520 genome.dna 128117 126395 NC_003078.gbk
663 35.5 2084214 2085209 genome.dna 1468804 1467799 NC_003078.gbk
476 48.4 2085741 2085214 genome.dna 758906 759380 NC_003078.gbk
435 37.4 2153926 2154558 genome.dna 86744 87380 NC_003078.gbk
773 47.5 2159158 2158370 genome.dna 222126 222930 NC_003078.gbk
1611 51.3 2206441 2207994 genome.dna 358211 359762 NC_003078.gbk
1419 61.3 2207996 2209093 genome.dna 359761 360826 NC_003078.gbk
339 31.3 2246565 2247398 genome.dna 510469 509566 NC_003078.gbk
1201 37.9 2259590 2261206 genome.dna 945017 946616 NC_003078.gbk
438 37.3 2306210 2305560 genome.dna 1444607 1445267 NC_003078.gbk
540 35.5 2321445 2320504 genome.dna 447349 448339 NC_003078.gbk
592 35.8 2322430 2321456 genome.dna 446348 447353 NC_003078.gbk
575 33.4 2325750 2324722 genome.dna 693471 694521 NC_003078.gbk
1028 46.9 2335148 2334054 genome.dna 392420 391370 NC_003078.gbk
685 30.8 2336847 2335354 genome.dna 1050797 1049321 NC_003078.gbk
1682 60.9 2336995 2338260 genome.dna 936621 935352 NC_003078.gbk
1782 55.0 2338271 2339743 genome.dna 935237 933761 NC_003078.gbk
497 30.8 2340110 2341189 genome.dna 395313 394239 NC_003078.gbk
641 38.5 2342538 2343356 genome.dna 393266 392435 NC_003078.gbk
760 34.5 2359305 2358133 genome.dna 80767 79573 NC_003078.gbk
1666 66.2 2446859 2448127 genome.dna 1620367 1619074 NC_003078.gbk
1331 47.3 2448198 2449772 genome.dna 1618932 1617318 NC_003078.gbk
1403 60.2 2449772 2450872 genome.dna 1617322 1616146 NC_003078.gbk
874 58.3 2450865 2451701 genome.dna 1616141 1615388 NC_003078.gbk
703 46.9 2451703 2452401 genome.dna 1615370 1614674 NC_003078.gbk
1248 44.9 2460964 2459636 genome.dna 1585992 1584642 NC_003078.gbk
450 36.8 2537412 2536813 genome.dna 1477741 1477165 NC_003078.gbk
465 31.2 2547155 2548117 genome.dna 222992 223973 NC_003078.gbk
533 36.9 2559421 2558525 genome.dna 1486269 1485369 NC_003078.gbk
1079 57.8 2573737 2572751 genome.dna 528858 527904 NC_003078.gbk
1659 50.6 2575279 2573756 genome.dna 530387 528860 NC_003078.gbk
1058 47.2 2576359 2575376 genome.dna 531435 530451 NC_003078.gbk
1139 52.6 2629936 2629016 genome.dna 946667 947591 NC_003078.gbk
700 41.4 2639766 2638855 genome.dna 1187437 1188343 NC_003078.gbk
270 34.4 2645457 2646263 genome.dna 1492446 1493220 NC_003078.gbk
285 30.0 2678460 2679146 genome.dna 1448030 1447280 NC_003078.gbk
1108 63.3 2679167 2679979 genome.dna 1447183 1446367 NC_003078.gbk
176 34.1 2679983 2680252 genome.dna 1446371 1446107 NC_003078.gbk
733 32.2 2683421 2681736 genome.dna 1453130 1451582 NC_003078.gbk
303 46.6 2710820 2710485 genome.dna 1014037 1013698 NC_003078.gbk
902 47.8 2711183 2712019 genome.dna 1015656 1014807 NC_003078.gbk
900 53.6 2712101 2712862 genome.dna 1014811 1014046 NC_003078.gbk
807 38.0 2714816 2715706 genome.dna 1200898 1199938 NC_003078.gbk
656 35.6 2715699 2716604 genome.dna 1199946 1199133 NC_003078.gbk
955 46.3 2765687 2766838 genome.dna 286687 285616 NC_003078.gbk
120 30.0 2771944 2772576 genome.dna 1505184 1504674 NC_003078.gbk
555 34.9 2795320 2796189 genome.dna 901637 902501 NC_003078.gbk
1170 35.2 2887241 2885457 genome.dna 599833 601657 NC_003078.gbk
541 33.7 2906057 2905173 genome.dna 752975 753821 NC_003078.gbk
336 37.8 2981911 2981417 genome.dna 440784 440289 NC_003078.gbk
388 39.2 2990339 2989860 genome.dna 40949 41423 NC_003078.gbk
659 43.2 3005969 3006700 genome.dna 1508280 1509057 NC_003078.gbk
531 34.8 3010809 3009844 genome.dna 288476 287492 NC_003078.gbk
566 39.7 3020405 3021178 genome.dna 880614 881406 NC_003078.gbk
1034 47.1 3027219 3026053 genome.dna 309972 308841 NC_003078.gbk
1549 59.7 3050037 3051158 genome.dna 188405 189533 NC_003078.gbk
1085 57.3 3051198 3052058 genome.dna 189541 190372 NC_003078.gbk
418 31.1 3064423 3065496 genome.dna 1057499 1058537 NC_003078.gbk
1664 49.2 3080104 3081720 genome.dna 1674089 1672418 NC_003078.gbk
170 38.5 3100258 3100503 genome.dna 1648480 1648210 NC_003078.gbk
189 35.1 3100493 3100777 genome.dna 1648214 1647905 NC_003078.gbk
490 38.4 3110358 3111017 genome.dna 775277 775964 NC_003078.gbk
1482 42.9 3122607 3120880 genome.dna 1395112 1393363 NC_003078.gbk
1750 64.8 3143262 3144491 genome.dna 661225 662467 NC_003078.gbk
213 32.1 3145018 3144548 genome.dna 1496271 1495764 NC_003078.gbk
1230 45.8 3147123 3145672 genome.dna 1286261 1287773 NC_003078.gbk
617 31.9 3166195 3167499 genome.dna 281301 282645 NC_003078.gbk
691 35.4 3174746 3173826 genome.dna 158300 157385 NC_003078.gbk
872 32.9 3176400 3174856 genome.dna 488822 490388 NC_003078.gbk
2656 39.5 3275000 3271911 genome.dna 353497 350347 NC_003078.gbk
357 34.3 3295986 3295378 genome.dna 467972 467357 NC_003078.gbk
1319 43.8 3306810 3308309 genome.dna 79356 77868 NC_003078.gbk
833 41.2 3312061 3311105 genome.dna 490465 491413 NC_003078.gbk
447 33.3 3320342 3321007 genome.dna 444904 445567 NC_003078.gbk
835 52.4 3321031 3321861 genome.dna 776642 777410 NC_003078.gbk
2789 52.0 3339478 3336770 genome.dna 1218111 1220769 NC_003078.gbk
517 33.6 3346676 3345414 genome.dna 756592 755266 NC_003078.gbk
620 30.4 3368339 3370030 genome.dna 107124 108759 NC_003078.gbk
490 38.5 3394163 3393489 genome.dna 967304 968027 NC_003078.gbk
715 38.1 3395711 3396913 genome.dna 932546 933725 NC_003078.gbk
298 30.6 3401812 3402438 genome.dna 433991 434618 NC_003078.gbk
741 62.6 3408161 3407589 genome.dna 149649 149016 NC_003078.gbk
1255 54.6 3546479 3545397 genome.dna 5349 6426 NC_003078.gbk
837 50.8 3577570 3576767 genome.dna 1191917 1191116 NC_003078.gbk
775 42.9 3596425 3595535 genome.dna 1048340 1049276 NC_003078.gbk
1082 40.4 3599984 3598497 genome.dna 1232505 1231074 NC_003078.gbk
251 31.5 3621953 3621459 genome.dna 1230830 1230296 NC_003078.gbk
544 40.4 3622920 3623723 genome.dna 165739 166579 NC_003078.gbk
1191 52.5 3625021 3626103 genome.dna 1361683 1360612 NC_003078.gbk
563 36.1 3626100 3626900 genome.dna 1360619 1359857 NC_003078.gbk
1101 52.2 3703917 3702925 genome.dna 770147 769043 NC_003078.gbk
1074 60.6 3704788 3703907 genome.dna 771044 770162 NC_003078.gbk
1070 63.5 3705613 3704801 genome.dna 771894 771027 NC_003078.gbk
1390 64.2 3706780 3705770 genome.dna 772916 771890 NC_003078.gbk
301 41.1 3780004 3779576 genome.dna 1120438 1119991 NC_003078.gbk
738 39.5 3898328 3897126 genome.dna 1643216 1644488 NC_003078.gbk
551 40.9 3898447 3899475 genome.dna 1644484 1645579 NC_003078.gbk
646 31.0 3911288 3910026 genome.dna 1366350 1365105 NC_003078.gbk
435 33.9 3932105 3933280 genome.dna 1501447 1500349 NC_003078.gbk
875 55.2 3966155 3966877 genome.dna 270714 271437 NC_003078.gbk
1397 67.7 3970373 3969465 genome.dna 786636 787536 NC_003078.gbk
266 35.6 3984884 3985300 genome.dna 1164951 1164591 NC_003078.gbk
466 31.0 3986238 3987221 genome.dna 1271715 1270797 NC_003078.gbk
1015 67.0 3996022 3996702 genome.dna 219261 219942 NC_003078.gbk
827 45.9 4013697 4012813 genome.dna 1481592 1480707 NC_003078.gbk
594 45.3 4050959 4050219 genome.dna 789433 790273 NC_003078.gbk
281 40.4 4059399 4059037 genome.dna 1342142 1341716 NC_003078.gbk
182 35.4 4081395 4081658 genome.dna 72517 72766 NC_003078.gbk
573 36.8 4114259 4113273 genome.dna 866067 867048 NC_003078.gbk
521 34.1 4183757 4182708 genome.dna 562244 561215 NC_003078.gbk
516 32.2 4185816 4184818 genome.dna 329456 330443 NC_003078.gbk
1226 36.8 4193741 4195564 genome.dna 167255 168974 NC_003078.gbk
790 45.9 4200650 4199670 genome.dna 161392 162358 NC_003078.gbk
659 34.8 4202207 4203343 genome.dna 162354 163461 NC_003078.gbk
769 42.4 4203411 4204295 genome.dna 154809 153927 NC_003078.gbk
1150 43.9 4205753 4206940 genome.dna 160205 161393 NC_003078.gbk
735 31.5 4231793 4230366 genome.dna 888368 886946 NC_003078.gbk
316 32.9 4237489 4236725 genome.dna 164387 163685 NC_003078.gbk
1046 34.2 4279582 4277864 genome.dna 1484252 1482467 NC_003078.gbk
208 30.9 4362071 4361421 genome.dna 256337 256937 NC_003078.gbk
2049 50.1 4383337 4381343 genome.dna 210426 208341 NC_003078.gbk
430 32.3 4392301 4393260 genome.dna 1125696 1126743 NC_003078.gbk
692 37.5 4395434 4394430 genome.dna 212366 211316 NC_003078.gbk
1123 36.5 4455241 4453595 genome.dna 1064007 1065678 NC_003078.gbk
623 39.9 4464724 4465554 genome.dna 1484421 1485243 NC_003078.gbk
299 31.8 4479596 4478769 genome.dna 47744 48605 NC_003078.gbk
1273 38.5 4509286 4510932 genome.dna 964015 965782 NC_003078.gbk
1457 42.0 4522627 4520816 genome.dna 1093240 1095022 NC_003078.gbk
1007 52.8 4527383 4528252 genome.dna 211306 210436 NC_003078.gbk
506 54.8 4528763 4528356 genome.dna 276545 276977 NC_003078.gbk
455 30.2 4537307 4538584 genome.dna 804361 805600 NC_003078.gbk
757 56.8 4559154 4558477 genome.dna 204392 203705 NC_003078.gbk
697 48.5 4579442 4578723 genome.dna 1102259 1101560 NC_003078.gbk
416 32.9 4620311 4619553 genome.dna 1059671 1060457 NC_003078.gbk
1295 41.4 4634257 4632818 genome.dna 1505460 1506921 NC_003078.gbk
1568 46.7 4637576 4635600 genome.dna 1376710 1374613 NC_003078.gbk
1362 56.0 4702353 4701286 genome.dna 995258 996329 NC_003078.gbk
708 36.5 4703612 4702350 genome.dna 685277 683927 NC_003078.gbk
618 36.8 4721531 4720644 genome.dna 8173 7267 NC_003078.gbk
638 33.3 4729969 4728119 genome.dna 1297374 1295634 NC_003078.gbk
1307 64.6 4737467 4736505 genome.dna 1130535 1131504 NC_003078.gbk
1293 64.3 4738477 4737467 genome.dna 1129513 1130539 NC_003078.gbk
1963 59.8 4739990 4738464 genome.dna 1127999 1129517 NC_003078.gbk
1408 69.5 4741131 4740175 genome.dna 1126894 1127857 NC_003078.gbk
790 43.8 4759055 4758051 genome.dna 378029 379034 NC_003078.gbk
706 39.8 4769378 4770382 genome.dna 67707 68751 NC_003078.gbk
764 38.9 4773468 4774511 genome.dna 21378 20376 NC_003078.gbk
1753 54.0 4781238 4782749 genome.dna 1243808 1242314 NC_003078.gbk
1190 53.2 4838481 4837408 genome.dna 1463438 1462370 NC_003078.gbk
1110 57.2 4839358 4838507 genome.dna 431972 432821 NC_003078.gbk
1102 55.2 4840266 4839379 genome.dna 431082 431964 NC_003078.gbk
1355 46.8 4841673 4840339 genome.dna 429672 430965 NC_003078.gbk
933 49.5 4844257 4845171 genome.dna 1468946 1469852 NC_003078.gbk
1084 45.3 4845168 4846442 genome.dna 1470643 1471921 NC_003078.gbk
638 47.5 4846439 4847095 genome.dna 1467783 1467105 NC_003078.gbk
834 47.5 4847113 4847901 genome.dna 1469863 1470640 NC_003078.gbk
574 40.2 4860774 4860004 genome.dna 1578590 1577825 NC_003078.gbk
1707 61.9 4886675 4885383 genome.dna 1627902 1626576 NC_003078.gbk
2097 56.5 4911222 4909444 genome.dna 1599583 1601329 NC_003078.gbk
556 36.5 4951144 4951938 genome.dna 1584626 1583780 NC_003078.gbk
1760 65.7 4956187 4955039 genome.dna 532437 533586 NC_003078.gbk
1760 65.7 4956187 4955039 genome.dna 532437 533586 NC_003078.gbk
1760 65.7 4956187 4955039 genome.dna 532437 533586 NC_003078.gbk
391 32.3 4958376 4957678 genome.dna 531623 532391 NC_003078.gbk
950 52.3 4961520 4960612 genome.dna 657240 658116 NC_003078.gbk
1017 45.5 4962494 4961517 genome.dna 656249 657227 NC_003078.gbk
366 33.3 4963465 4962494 genome.dna 850785 851709 NC_003078.gbk
397 30.6 4965424 4964540 genome.dna 1434750 1433835 NC_003078.gbk
994 35.3 4967043 4965493 genome.dna 654647 656243 NC_003078.gbk
650 36.3 4976615 4977652 genome.dna 1476113 1477133 NC_003078.gbk
650 36.3 4976615 4977652 genome.dna 1476113 1477133 NC_003078.gbk
1554 52.9 5010680 5009268 genome.dna 855724 857098 NC_003078.gbk
396 31.1 5031278 5030439 genome.dna 268517 269324 NC_003078.gbk
109 30.0 5044671 5044405 genome.dna 1453424 1453157 NC_003078.gbk
