1037 35.9 5629 7497 genome.dna 609511 611524 NC_002662.gbk
459 34.7 9676 9014 genome.dna 1727646 1726968 NC_002662.gbk
352 39.6 10521 10940 genome.dna 1686387 1685988 NC_002662.gbk
1447 45.8 10948 12453 genome.dna 1685970 1684491 NC_002662.gbk
999 49.8 12461 13429 genome.dna 1684489 1683547 NC_002662.gbk
728 43.1 13455 14342 genome.dna 1683536 1682561 NC_002662.gbk
415 37.3 14538 15464 genome.dna 1687311 1686408 NC_002662.gbk
572 31.3 15468 16463 genome.dna 1696928 1695929 NC_002662.gbk
1254 37.2 25826 28615 genome.dna 2213408 2210774 NC_002662.gbk
423 38.0 29669 29034 genome.dna 1165115 1165703 NC_002662.gbk
726 40.2 36667 35258 genome.dna 2283649 2282308 NC_002662.gbk
2170 54.1 37037 38860 genome.dna 2094520 2092678 NC_002662.gbk
393 44.1 39698 40135 genome.dna 110575 111031 NC_002662.gbk
1221 38.4 47188 45107 genome.dna 2331913 2329912 NC_002662.gbk
535 43.7 50956 50333 genome.dna 1967015 1966397 NC_002662.gbk
575 53.5 83450 83959 genome.dna 2010580 2011114 NC_002662.gbk
531 40.8 97287 96724 genome.dna 1136601 1137174 NC_002662.gbk
1182 60.0 98527 99441 genome.dna 1101839 1102793 NC_002662.gbk
1049 32.4 99451 101520 genome.dna 1102792 1104814 NC_002662.gbk
842 36.0 104909 106057 genome.dna 33475 34633 NC_002662.gbk
764 52.8 110262 109636 genome.dna 412278 412899 NC_002662.gbk
996 35.8 115831 114374 genome.dna 1548992 1547486 NC_002662.gbk
1465 49.4 117217 115898 genome.dna 1550372 1549052 NC_002662.gbk
387 35.4 140268 141428 genome.dna 1280136 1278984 NC_002662.gbk
235 32.9 165569 165111 genome.dna 181167 181620 NC_002662.gbk
488 35.5 166978 167643 genome.dna 1035762 1036443 NC_002662.gbk
153 41.8 167881 168117 genome.dna 196086 195891 NC_002662.gbk
136 44.9 168129 168296 genome.dna 96028 95878 NC_002662.gbk
536 35.5 168516 169325 genome.dna 357840 358659 NC_002662.gbk
321 37.1 170854 170375 genome.dna 2239002 2238504 NC_002662.gbk
178 32.0 191679 192110 genome.dna 2101671 2102058 NC_002662.gbk
785 39.7 192775 193791 genome.dna 1376784 1377810 NC_002662.gbk
2219 45.7 199780 202044 genome.dna 1284870 1282596 NC_002662.gbk
352 33.3 207819 208589 genome.dna 854813 855530 NC_002662.gbk
595 34.7 217784 218788 genome.dna 804040 805063 NC_002662.gbk
360 31.9 218826 219599 genome.dna 807407 808259 NC_002662.gbk
1332 45.6 219661 221034 genome.dna 127980 129360 NC_002662.gbk
766 38.6 233849 232686 genome.dna 1613135 1611995 NC_002662.gbk
405 39.7 237567 238178 genome.dna 1098365 1098995 NC_002662.gbk
825 41.8 248939 247989 genome.dna 1466540 1467461 NC_002662.gbk
1958 72.4 250357 251541 genome.dna 1930551 1929363 NC_002662.gbk
421 37.0 252164 252709 genome.dna 2174429 2173871 NC_002662.gbk
574 62.0 252872 253300 genome.dna 2080046 2079620 NC_002662.gbk
825 55.0 253304 254008 genome.dna 2079325 2078635 NC_002662.gbk
335 40.3 254326 254823 genome.dna 1301929 1301413 NC_002662.gbk
359 47.9 254890 255255 genome.dna 1301344 1300978 NC_002662.gbk
2089 44.0 255584 259612 genome.dna 1864505 1860914 NC_002662.gbk
2387 44.7 259736 263959 genome.dna 1860779 1857182 NC_002662.gbk
292 53.9 277924 278196 genome.dna 502337 502613 NC_002662.gbk
1103 48.3 280242 278956 genome.dna 1554497 1553255 NC_002662.gbk
1256 47.9 281849 280260 genome.dna 1560517 1558960 NC_002662.gbk
313 41.6 297836 298240 genome.dna 958744 959191 NC_002662.gbk
693 36.6 301263 300298 genome.dna 2035882 2036887 NC_002662.gbk
405 31.8 303420 302533 genome.dna 104220 105174 NC_002662.gbk
1562 51.6 306633 305290 genome.dna 787313 788681 NC_002662.gbk
269 36.7 307112 306645 genome.dna 785891 786359 NC_002662.gbk
619 36.1 334964 334107 genome.dna 988806 989694 NC_002662.gbk
1254 48.1 345980 347242 genome.dna 534232 535516 NC_002662.gbk
511 55.2 352201 352629 genome.dna 2347173 2346726 NC_002662.gbk
482 53.8 352645 353037 genome.dna 2346707 2346314 NC_002662.gbk
974 59.8 355354 354581 genome.dna 918526 919288 NC_002662.gbk
727 33.4 357036 355618 genome.dna 1316521 1315081 NC_002662.gbk
3252 41.5 361542 357046 genome.dna 1320981 1316520 NC_002662.gbk
776 35.8 362158 363087 genome.dna 2359847 2358905 NC_002662.gbk
608 44.0 372605 373492 genome.dna 406648 407524 NC_002662.gbk
464 31.6 386934 386071 genome.dna 1980298 1979401 NC_002662.gbk
783 45.6 399153 398326 genome.dna 266239 267085 NC_002662.gbk
2405 50.1 426927 424789 genome.dna 270412 272656 NC_002662.gbk
358 48.4 431880 431494 genome.dna 1252930 1253311 NC_002662.gbk
387 33.0 433394 432459 genome.dna 1646185 1645252 NC_002662.gbk
1061 50.3 435364 434357 genome.dna 2114123 2113058 NC_002662.gbk
409 34.5 457861 457211 genome.dna 2180216 2179580 NC_002662.gbk
1161 43.2 460910 458055 genome.dna 2250909 2248266 NC_002662.gbk
2287 48.7 500272 497561 genome.dna 1288501 1285768 NC_002662.gbk
1239 42.5 530287 528905 genome.dna 2150484 2149122 NC_002662.gbk
1585 47.4 533382 534971 genome.dna 351197 352769 NC_002662.gbk
258 48.4 697176 697469 genome.dna 398524 398809 NC_002662.gbk
2051 58.7 697515 699164 genome.dna 398896 400525 NC_002662.gbk
1456 46.3 715386 716795 genome.dna 1674422 1673003 NC_002662.gbk
727 38.7 727813 726815 genome.dna 1710162 1711143 NC_002662.gbk
821 41.9 755628 756641 genome.dna 293529 294570 NC_002662.gbk
163 31.8 757206 756736 genome.dna 2117602 2118061 NC_002662.gbk
287 40.2 761608 761919 genome.dna 1090625 1090940 NC_002662.gbk
305 58.8 761939 762196 genome.dna 1091279 1091564 NC_002662.gbk
1007 42.0 763509 764681 genome.dna 1630933 1629619 NC_002662.gbk
416 43.6 766454 766933 genome.dna 625971 626442 NC_002662.gbk
196 35.9 767354 767061 genome.dna 226053 226368 NC_002662.gbk
1768 46.3 768185 770122 genome.dna 25886 27974 NC_002662.gbk
1118 42.6 771082 772419 genome.dna 435076 436435 NC_002662.gbk
234 34.8 777307 777729 genome.dna 773171 773645 NC_002662.gbk
1852 38.0 779306 782008 genome.dna 775778 778613 NC_002662.gbk
221 32.2 782083 782481 genome.dna 778882 779242 NC_002662.gbk
322 53.9 783547 783816 genome.dna 1954908 1954638 NC_002662.gbk
2029 49.3 784066 786186 genome.dna 1924226 1921904 NC_002662.gbk
1124 41.7 787369 789282 genome.dna 353032 354676 NC_002662.gbk
869 39.5 795852 797180 genome.dna 1465720 1464427 NC_002662.gbk
907 40.6 797270 798493 genome.dna 955188 956424 NC_002662.gbk
865 57.3 798538 799257 genome.dna 956819 957524 NC_002662.gbk
212 36.6 803045 802602 genome.dna 293056 293527 NC_002662.gbk
426 32.0 805628 804636 genome.dna 2065402 2066266 NC_002662.gbk
507 34.9 808710 809492 genome.dna 1252179 1252890 NC_002662.gbk
1611 47.2 809514 811193 genome.dna 1200449 1202114 NC_002662.gbk
499 34.4 830229 830876 genome.dna 498468 497814 NC_002662.gbk
1671 52.7 844582 846099 genome.dna 377268 375783 NC_002662.gbk
531 37.8 858630 859340 genome.dna 1639460 1638767 NC_002662.gbk
891 31.5 906748 905222 genome.dna 1676898 1675371 NC_002662.gbk
1378 50.4 909308 910588 genome.dna 77252 75971 NC_002662.gbk
415 44.4 927840 927358 genome.dna 1777675 1777207 NC_002662.gbk
980 31.5 931102 929441 genome.dna 883094 884762 NC_002662.gbk
291 35.7 932209 932796 genome.dna 977850 978390 NC_002662.gbk
2000 49.7 955638 953644 genome.dna 1671182 1669205 NC_002662.gbk
621 30.5 990019 988067 genome.dna 721863 719868 NC_002662.gbk
1703 47.2 995970 994243 genome.dna 120648 122376 NC_002662.gbk
849 51.9 997695 996727 genome.dna 527195 526262 NC_002662.gbk
381 31.0 1029050 1029736 genome.dna 1680201 1680885 NC_002662.gbk
1262 46.9 1040649 1039456 genome.dna 130572 129375 NC_002662.gbk
720 34.9 1087061 1085955 genome.dna 858636 859800 NC_002662.gbk
281 33.8 1096541 1097074 genome.dna 555660 556116 NC_002662.gbk
369 30.1 1100443 1101237 genome.dna 1583649 1582809 NC_002662.gbk
341 32.0 1154052 1153258 genome.dna 600903 601758 NC_002662.gbk
845 51.0 1154397 1155122 genome.dna 2228110 2227342 NC_002662.gbk
344 37.8 1155257 1156108 genome.dna 2227221 2226192 NC_002662.gbk
693 47.8 1156279 1157004 genome.dna 2087908 2087191 NC_002662.gbk
502 40.2 1157130 1157687 genome.dna 2086980 2086422 NC_002662.gbk
665 42.1 1159320 1160081 genome.dna 2200891 2200156 NC_002662.gbk
323 30.2 1160091 1160948 genome.dna 2200157 2199353 NC_002662.gbk
457 46.5 1166572 1167027 genome.dna 786485 786920 NC_002662.gbk
772 50.7 1173165 1174124 genome.dna 789625 790408 NC_002662.gbk
347 43.4 1174256 1174645 genome.dna 333939 334332 NC_002662.gbk
1836 37.9 1180703 1178139 genome.dna 2295687 2293164 NC_002662.gbk
293 44.7 1211683 1212024 genome.dna 2332395 2332050 NC_002662.gbk
417 35.5 1221233 1222429 genome.dna 1678160 1677083 NC_002662.gbk
513 32.5 1248508 1249548 genome.dna 743669 742697 NC_002662.gbk
1038 43.0 1264025 1265131 genome.dna 724246 725356 NC_002662.gbk
941 43.8 1271755 1272822 genome.dna 1616776 1617814 NC_002662.gbk
1302 52.3 1272920 1274065 genome.dna 156523 155374 NC_002662.gbk
430 45.1 1278470 1278919 genome.dna 757067 757514 NC_002662.gbk
737 35.9 1278982 1280091 genome.dna 1022027 1023116 NC_002662.gbk
561 54.8 1280201 1280677 genome.dna 1024998 1025463 NC_002662.gbk
558 34.3 1284598 1282733 genome.dna 1510962 1509162 NC_002662.gbk
587 42.6 1285528 1284617 genome.dna 880760 881618 NC_002662.gbk
179 39.2 1285773 1285525 genome.dna 879133 879373 NC_002662.gbk
581 30.3 1299536 1300840 genome.dna 535866 537150 NC_002662.gbk
722 54.2 1301367 1301990 genome.dna 672973 672373 NC_002662.gbk
1576 60.2 1302154 1303428 genome.dna 1163883 1165119 NC_002662.gbk
1575 41.9 1312639 1314408 genome.dna 1306861 1305043 NC_002662.gbk
1111 42.6 1316909 1318201 genome.dna 1637102 1635860 NC_002662.gbk
188 32.6 1320316 1319996 genome.dna 1868641 1868335 NC_002662.gbk
254 46.8 1322693 1322445 genome.dna 1640522 1640276 NC_002662.gbk
550 50.3 1329655 1330212 genome.dna 622783 623341 NC_002662.gbk
216 33.7 1332403 1332732 genome.dna 123145 122845 NC_002662.gbk
452 38.0 1332732 1333337 genome.dna 340012 340609 NC_002662.gbk
596 44.1 1335658 1336302 genome.dna 2157927 2157279 NC_002662.gbk
743 36.7 1336525 1337487 genome.dna 1609726 1608781 NC_002662.gbk
2042 44.1 1346334 1348487 genome.dna 413147 415502 NC_002662.gbk
204 31.1 1352428 1351949 genome.dna 316138 315661 NC_002662.gbk
1243 36.6 1356196 1353473 genome.dna 845962 848125 NC_002662.gbk
1609 49.0 1363499 1366138 genome.dna 1121778 1124268 NC_002662.gbk
389 37.0 1374601 1375371 genome.dna 145192 144406 NC_002662.gbk
1186 64.6 1381835 1382692 genome.dna 735205 734362 NC_002662.gbk
436 36.4 1391405 1390635 genome.dna 1343086 1343899 NC_002662.gbk
309 31.5 1426894 1426256 genome.dna 1565425 1564876 NC_002662.gbk
1076 52.1 1427931 1426894 genome.dna 1566469 1565452 NC_002662.gbk
789 56.6 1428285 1428911 genome.dna 1992742 1992106 NC_002662.gbk
666 43.0 1429248 1430537 genome.dna 1647661 1646368 NC_002662.gbk
164 30.8 1431761 1431390 genome.dna 796031 796382 NC_002662.gbk
641 39.9 1434853 1435731 genome.dna 1665644 1664750 NC_002662.gbk
635 42.4 1436929 1437642 genome.dna 1578311 1577600 NC_002662.gbk
294 64.5 1468125 1468334 genome.dna 172698 172500 NC_002662.gbk
267 30.2 1477924 1477454 genome.dna 2202885 2202405 NC_002662.gbk
249 35.2 1478243 1477926 genome.dna 228233 228593 NC_002662.gbk
305 31.2 1479078 1478437 genome.dna 1107199 1106611 NC_002662.gbk
1816 43.0 1483266 1480684 genome.dna 827444 829934 NC_002662.gbk
964 50.6 1492026 1490968 genome.dna 1093129 1094098 NC_002662.gbk
643 39.3 1499091 1497427 genome.dna 356054 357647 NC_002662.gbk
631 31.7 1501778 1500630 genome.dna 1374471 1373322 NC_002662.gbk
915 35.6 1547669 1549237 genome.dna 707709 709185 NC_002662.gbk
477 31.8 1549251 1550390 genome.dna 709184 710180 NC_002662.gbk
847 54.0 1563766 1563014 genome.dna 334508 335210 NC_002662.gbk
506 30.6 1571894 1570848 genome.dna 2062744 2061724 NC_002662.gbk
754 38.1 1573036 1572017 genome.dna 2055127 2054146 NC_002662.gbk
700 49.5 1599518 1600159 genome.dna 1709865 1709244 NC_002662.gbk
612 40.4 1635671 1634820 genome.dna 200376 201276 NC_002662.gbk
259 34.5 1636204 1635668 genome.dna 198349 198943 NC_002662.gbk
1294 65.3 1637078 1636206 genome.dna 197073 197943 NC_002662.gbk
2143 68.7 1638449 1639855 genome.dna 607912 609331 NC_002662.gbk
1398 45.9 1647128 1648552 genome.dna 179667 181104 NC_002662.gbk
2409 47.7 1732656 1729534 genome.dna 2058175 2055178 NC_002662.gbk
369 30.7 1745705 1744989 genome.dna 2309939 2309216 NC_002662.gbk
371 45.0 2009604 2010017 genome.dna 159267 158829 NC_002662.gbk
133 34.4 2010635 2010913 genome.dna 596456 596162 NC_002662.gbk
290 33.5 2013994 2014578 genome.dna 2142340 2141809 NC_002662.gbk
547 50.3 2014583 2015038 genome.dna 2086330 2085871 NC_002662.gbk
186 30.4 2015203 2015631 genome.dna 1927538 1927106 NC_002662.gbk
145 39.6 2040877 2041047 genome.dna 96231 96057 NC_002662.gbk
650 36.1 2041077 2042123 genome.dna 72166 71170 NC_002662.gbk
758 37.9 2042130 2043083 genome.dna 781226 782204 NC_002662.gbk
793 42.1 2043101 2044030 genome.dna 782871 783798 NC_002662.gbk
673 44.1 2044045 2044779 genome.dna 783883 784615 NC_002662.gbk
168 39.2 2044934 2045170 genome.dna 782370 782592 NC_002662.gbk
1104 43.0 2045253 2046494 genome.dna 784655 785885 NC_002662.gbk
357 36.0 2048443 2049102 genome.dna 403867 404503 NC_002662.gbk
527 34.8 2050132 2050929 genome.dna 687394 688168 NC_002662.gbk
2283 37.6 2070405 2066956 genome.dna 17164 20650 NC_002662.gbk
430 49.4 2079241 2079792 genome.dna 1402266 1401792 NC_002662.gbk
532 36.1 2091759 2090755 genome.dna 328423 329362 NC_002662.gbk
994 38.0 2112831 2114330 genome.dna 1847549 1846136 NC_002662.gbk
851 52.4 2114428 2115174 genome.dna 1852222 1851451 NC_002662.gbk
1201 44.3 2116495 2117718 genome.dna 1850058 1848840 NC_002662.gbk
1231 40.8 2121733 2120321 genome.dna 1371827 1370318 NC_002662.gbk
666 40.2 2122379 2123242 genome.dna 1493791 1492981 NC_002662.gbk
1314 41.9 2123556 2125457 genome.dna 1492840 1490929 NC_002662.gbk
1388 46.1 2177036 2175615 genome.dna 1791761 1793234 NC_002662.gbk
646 41.4 2177765 2177046 genome.dna 1790981 1791752 NC_002662.gbk
406 36.4 2181519 2182154 genome.dna 1023115 1023766 NC_002662.gbk
1403 51.6 2192856 2194133 genome.dna 391290 390030 NC_002662.gbk
1320 52.7 2198282 2200954 genome.dna 668502 671049 NC_002662.gbk
739 31.2 2201168 2202799 genome.dna 345302 346940 NC_002662.gbk
642 47.1 2216576 2217319 genome.dna 1382659 1381945 NC_002662.gbk
768 45.0 2237016 2237987 genome.dna 371974 372952 NC_002662.gbk
729 45.6 2239913 2239125 genome.dna 561141 561894 NC_002662.gbk
379 37.5 2275290 2274685 genome.dna 386131 386737 NC_002662.gbk
482 31.7 2298807 2297113 genome.dna 52411 51028 NC_002662.gbk
453 34.1 2306210 2305560 genome.dna 912507 913137 NC_002662.gbk
662 32.7 2359305 2358133 genome.dna 332594 331412 NC_002662.gbk
2079 61.3 2470978 2472408 genome.dna 1723110 1721676 NC_002662.gbk
1293 53.1 2487322 2486231 genome.dna 11118 12234 NC_002662.gbk
382 34.8 2488039 2487452 genome.dna 16597 17164 NC_002662.gbk
1037 52.1 2489732 2488785 genome.dna 825655 826630 NC_002662.gbk
1104 47.6 2492889 2493971 genome.dna 585961 587035 NC_002662.gbk
447 34.0 2493971 2494816 genome.dna 588485 589298 NC_002662.gbk
394 48.5 2524682 2525110 genome.dna 68790 69228 NC_002662.gbk
396 31.2 2552084 2552833 genome.dna 1508325 1509057 NC_002662.gbk
511 31.8 2567649 2568662 genome.dna 287446 288505 NC_002662.gbk
624 32.0 2571743 2570592 genome.dna 264695 263675 NC_002662.gbk
606 45.3 2585970 2586605 genome.dna 1083851 1084508 NC_002662.gbk
1423 38.3 2593132 2590532 genome.dna 1254564 1256697 NC_002662.gbk
452 33.7 2597527 2596643 genome.dna 1308698 1307978 NC_002662.gbk
678 36.7 2605113 2606180 genome.dna 1499401 1498393 NC_002662.gbk
1492 55.6 2607572 2608762 genome.dna 1495922 1494713 NC_002662.gbk
354 32.5 2608762 2609568 genome.dna 1494717 1493955 NC_002662.gbk
1023 50.8 2628084 2627089 genome.dna 348978 350028 NC_002662.gbk
677 38.0 2629004 2628096 genome.dna 347944 348976 NC_002662.gbk
746 36.6 2629936 2629016 genome.dna 347017 347929 NC_002662.gbk
1531 45.1 2634501 2637176 genome.dna 2229726 2232438 NC_002662.gbk
600 48.1 2637907 2637311 genome.dna 584875 585445 NC_002662.gbk
779 44.4 2639766 2638855 genome.dna 1377853 1378795 NC_002662.gbk
327 41.1 2654386 2653967 genome.dna 193028 193457 NC_002662.gbk
1050 49.7 2654735 2655739 genome.dna 2333476 2332465 NC_002662.gbk
755 36.8 2697304 2698272 genome.dna 1762220 1763210 NC_002662.gbk
792 45.8 2698450 2699247 genome.dna 1763288 1764101 NC_002662.gbk
814 47.3 2699262 2700104 genome.dna 1764119 1765043 NC_002662.gbk
629 31.1 2704043 2704957 genome.dna 1350154 1349212 NC_002662.gbk
670 35.6 2706704 2707561 genome.dna 1350992 1350146 NC_002662.gbk
1048 46.9 2716618 2717745 genome.dna 427882 429019 NC_002662.gbk
1187 64.6 2724246 2725070 genome.dna 1109756 1110581 NC_002662.gbk
979 31.9 2726216 2727934 genome.dna 716554 718309 NC_002662.gbk
1509 35.0 2731236 2728849 genome.dna 2009050 2006656 NC_002662.gbk
735 45.3 2732234 2731251 genome.dna 2010127 2009086 NC_002662.gbk
483 61.9 2732903 2732547 genome.dna 1911390 1911030 NC_002662.gbk
182 52.7 2733144 2732947 genome.dna 1911752 1911551 NC_002662.gbk
551 51.5 2733782 2733240 genome.dna 1912375 1911880 NC_002662.gbk
1682 39.4 2735713 2733785 genome.dna 1989070 1987129 NC_002662.gbk
846 51.0 2755752 2754499 genome.dna 671069 672308 NC_002662.gbk
707 58.3 2755854 2756510 genome.dna 1390692 1390134 NC_002662.gbk
1408 57.3 2757088 2758194 genome.dna 852071 853226 NC_002662.gbk
1177 46.1 2765355 2764123 genome.dna 1878483 1877241 NC_002662.gbk
598 37.1 2767679 2768455 genome.dna 1177753 1178554 NC_002662.gbk
857 41.7 2768546 2769589 genome.dna 1178601 1179669 NC_002662.gbk
489 48.1 2770193 2769657 genome.dna 518498 519008 NC_002662.gbk
363 37.0 2777056 2776550 genome.dna 2280941 2280452 NC_002662.gbk
348 31.4 2793288 2792647 genome.dna 1672054 1671412 NC_002662.gbk
1107 37.9 2794931 2793456 genome.dna 2301319 2302831 NC_002662.gbk
1236 54.2 2809298 2808294 genome.dna 2289397 2288422 NC_002662.gbk
322 35.7 2809923 2809306 genome.dna 2290143 2289549 NC_002662.gbk
517 39.6 2811487 2810744 genome.dna 231297 232014 NC_002662.gbk
1602 47.7 2813755 2811956 genome.dna 2041942 2040169 NC_002662.gbk
565 36.1 2835515 2837245 genome.dna 2117535 2115840 NC_002662.gbk
1049 31.4 2854450 2852540 genome.dna 1597536 1595664 NC_002662.gbk
689 33.4 2864092 2865492 genome.dna 1896431 1895087 NC_002662.gbk
1650 54.9 2902776 2901247 genome.dna 1208990 1210529 NC_002662.gbk
977 54.3 2903705 2902830 genome.dna 1208086 1209001 NC_002662.gbk
255 41.7 2903995 2903705 genome.dna 1207794 1208085 NC_002662.gbk
608 34.6 2905083 2904019 genome.dna 1206764 1207805 NC_002662.gbk
939 36.1 2917289 2918617 genome.dna 1231328 1232624 NC_002662.gbk
452 43.1 2920770 2921360 genome.dna 1234886 1235495 NC_002662.gbk
503 35.3 2921367 2922104 genome.dna 1235495 1236215 NC_002662.gbk
690 42.4 2922086 2922862 genome.dna 1236204 1236984 NC_002662.gbk
505 40.5 2922856 2923488 genome.dna 1236980 1237619 NC_002662.gbk
511 39.4 2926492 2925815 genome.dna 1761101 1760438 NC_002662.gbk
1067 48.6 2929170 2928085 genome.dna 593079 594177 NC_002662.gbk
1754 42.8 2932697 2934979 genome.dna 657417 659781 NC_002662.gbk
780 49.0 2966712 2967509 genome.dna 1881251 1880456 NC_002662.gbk
1373 52.0 2975613 2974318 genome.dna 1767192 1768464 NC_002662.gbk
693 36.4 2977060 2975717 genome.dna 100528 99268 NC_002662.gbk
659 35.1 2982496 2983455 genome.dna 965451 966378 NC_002662.gbk
628 31.7 2983684 2985450 genome.dna 710486 712376 NC_002662.gbk
334 71.4 2988043 2988261 genome.dna 2154248 2154029 NC_002662.gbk
169 34.0 3002657 3002334 genome.dna 959274 959601 NC_002662.gbk
487 33.2 3010809 3009844 genome.dna 1176963 1177752 NC_002662.gbk
495 38.6 3016080 3015361 genome.dna 587729 588380 NC_002662.gbk
669 50.7 3019705 3020373 genome.dna 1464225 1463562 NC_002662.gbk
539 37.8 3040207 3039428 genome.dna 1574060 1573214 NC_002662.gbk
624 34.5 3054591 3053503 genome.dna 1599811 1598734 NC_002662.gbk
1743 51.5 3063296 3061821 genome.dna 2276517 2278038 NC_002662.gbk
374 33.7 3072423 3072995 genome.dna 691622 692180 NC_002662.gbk
254 31.2 3075141 3075722 genome.dna 961532 962126 NC_002662.gbk
480 42.7 3140808 3141479 genome.dna 1406739 1406013 NC_002662.gbk
453 35.1 3154559 3153852 genome.dna 1794708 1793994 NC_002662.gbk
461 32.1 3157972 3158883 genome.dna 989690 990674 NC_002662.gbk
2229 55.0 3161386 3159374 genome.dna 556126 558205 NC_002662.gbk
453 33.8 3169188 3169883 genome.dna 772476 771777 NC_002662.gbk
1445 43.4 3171157 3172854 genome.dna 921765 923388 NC_002662.gbk
681 52.5 3180901 3181500 genome.dna 1991965 1991356 NC_002662.gbk
299 34.9 3228583 3228035 genome.dna 2046813 2046240 NC_002662.gbk
703 32.4 3230474 3228642 genome.dna 856466 858473 NC_002662.gbk
1204 41.3 3233243 3234655 genome.dna 361362 359988 NC_002662.gbk
779 38.2 3265816 3266967 genome.dna 1750520 1751696 NC_002662.gbk
4220 53.3 3303128 3306640 genome.dna 429326 432899 NC_002662.gbk
644 35.0 3312061 3311105 genome.dna 1908852 1907892 NC_002662.gbk
157 30.2 3325375 3325824 genome.dna 1666440 1665984 NC_002662.gbk
186 38.6 3332182 3332514 genome.dna 124676 125030 NC_002662.gbk
1598 43.6 3364676 3363084 genome.dna 74844 73206 NC_002662.gbk
1154 37.5 3368339 3370030 genome.dna 1732857 1731219 NC_002662.gbk
1731 60.9 3389494 3390708 genome.dna 162665 163880 NC_002662.gbk
1030 42.9 3395711 3396913 genome.dna 2091110 2089922 NC_002662.gbk
334 33.2 3399252 3400112 genome.dna 365260 365905 NC_002662.gbk
656 39.1 3409858 3408341 genome.dna 1573100 1571600 NC_002662.gbk
761 44.2 3413548 3412631 genome.dna 788766 789633 NC_002662.gbk
551 38.3 3414435 3413773 genome.dna 1816511 1815854 NC_002662.gbk
526 36.5 3415469 3414618 genome.dna 484225 484987 NC_002662.gbk
402 32.6 3416479 3415469 genome.dna 1667527 1666450 NC_002662.gbk
210 34.8 3427528 3426443 genome.dna 1811383 1810216 NC_002662.gbk
591 31.4 3477877 3476636 genome.dna 56583 57759 NC_002662.gbk
721 32.0 3494931 3493498 genome.dna 1293264 1291764 NC_002662.gbk
298 45.2 3500331 3500732 genome.dna 1578856 1578454 NC_002662.gbk
863 48.5 3516455 3517318 genome.dna 876829 877714 NC_002662.gbk
1139 42.6 3519048 3517663 genome.dna 1919600 1918253 NC_002662.gbk
247 33.3 3520193 3520687 genome.dna 914116 914707 NC_002662.gbk
567 57.2 3521609 3522118 genome.dna 1553223 1552737 NC_002662.gbk
974 57.5 3527868 3527053 genome.dna 1771890 1771128 NC_002662.gbk
256 33.1 3537011 3536586 genome.dna 583935 584349 NC_002662.gbk
266 38.6 3537641 3537204 genome.dna 583835 583403 NC_002662.gbk
767 33.8 3540580 3539417 genome.dna 2061698 2060498 NC_002662.gbk
766 33.6 3548305 3549609 genome.dna 1740353 1741712 NC_002662.gbk
619 35.3 3549622 3550470 genome.dna 1741715 1742573 NC_002662.gbk
251 32.9 3571239 3571790 genome.dna 797949 797385 NC_002662.gbk
624 31.4 3573115 3574479 genome.dna 2070068 2068775 NC_002662.gbk
589 40.5 3577570 3576767 genome.dna 1295050 1294246 NC_002662.gbk
1858 53.5 3590632 3589055 genome.dna 1517761 1516219 NC_002662.gbk
1785 56.1 3592205 3590739 genome.dna 221284 222766 NC_002662.gbk
857 38.6 3592378 3593766 genome.dna 877880 879134 NC_002662.gbk
469 37.8 3599984 3598497 genome.dna 761402 762713 NC_002662.gbk
1181 44.7 3603229 3601955 genome.dna 2043689 2042396 NC_002662.gbk
702 34.4 3607701 3606505 genome.dna 184179 185277 NC_002662.gbk
801 37.1 3621177 3619963 genome.dna 1927777 1928905 NC_002662.gbk
1551 55.9 3635387 3634134 genome.dna 590942 592190 NC_002662.gbk
361 52.2 3640872 3640534 genome.dna 1635729 1635387 NC_002662.gbk
413 40.9 3651787 3651263 genome.dna 727160 727628 NC_002662.gbk
979 52.9 3653449 3652523 genome.dna 1144590 1145484 NC_002662.gbk
231 38.1 3680225 3679845 genome.dna 861386 861746 NC_002662.gbk
788 38.7 3682691 3681786 genome.dna 355046 355958 NC_002662.gbk
437 38.3 3683368 3682688 genome.dna 809460 810156 NC_002662.gbk
2374 56.6 3686442 3684643 genome.dna 1117367 1119191 NC_002662.gbk
589 43.6 3694571 3695257 genome.dna 232718 233378 NC_002662.gbk
408 38.0 3698228 3696813 genome.dna 2141646 2140194 NC_002662.gbk
595 40.2 3711890 3712588 genome.dna 1950095 1949414 NC_002662.gbk
555 46.5 3738313 3737777 genome.dna 1561235 1560692 NC_002662.gbk
217 33.1 3745052 3745459 genome.dna 1005361 1004938 NC_002662.gbk
2258 49.9 3745456 3747603 genome.dna 1004803 1002634 NC_002662.gbk
1054 49.5 3747628 3748590 genome.dna 1002285 1001307 NC_002662.gbk
2982 53.9 3762599 3760023 genome.dna 1569261 1566657 NC_002662.gbk
656 40.7 3764478 3763501 genome.dna 1026078 1026984 NC_002662.gbk
691 37.3 3769824 3768751 genome.dna 119091 120129 NC_002662.gbk
435 57.7 3773009 3772662 genome.dna 897637 898015 NC_002662.gbk
745 44.9 3773827 3773072 genome.dna 1607122 1606378 NC_002662.gbk
238 49.4 3774681 3774433 genome.dna 1610595 1610322 NC_002662.gbk
1432 49.3 3776200 3774839 genome.dna 1658632 1657075 NC_002662.gbk
349 35.0 3777786 3777271 genome.dna 265497 265020 NC_002662.gbk
1865 42.7 3784972 3782345 genome.dna 1780987 1778368 NC_002662.gbk
1290 62.5 3786717 3785644 genome.dna 358812 359976 NC_002662.gbk
1156 43.6 3882715 3881462 genome.dna 1651859 1650617 NC_002662.gbk
734 38.6 3889382 3888324 genome.dna 2105688 2104596 NC_002662.gbk
565 32.8 3918901 3920391 genome.dna 165634 167095 NC_002662.gbk
1240 49.0 3921930 3923132 genome.dna 1475673 1474446 NC_002662.gbk
539 40.9 3953386 3954039 genome.dna 322408 323104 NC_002662.gbk
562 35.8 3954101 3954916 genome.dna 318482 319343 NC_002662.gbk
849 41.7 3956293 3958011 genome.dna 2197979 2196128 NC_002662.gbk
989 61.5 3966155 3966877 genome.dna 1819051 1819795 NC_002662.gbk
1594 56.5 4001743 4000448 genome.dna 633125 634427 NC_002662.gbk
1818 49.8 4003479 4001842 genome.dna 488242 489850 NC_002662.gbk
1582 36.6 4007080 4004843 genome.dna 107211 109434 NC_002662.gbk
1241 49.6 4012636 4011491 genome.dna 879521 880679 NC_002662.gbk
593 34.9 4013697 4012813 genome.dna 2299049 2298167 NC_002662.gbk
1517 42.6 4027241 4025196 genome.dna 424520 426485 NC_002662.gbk
600 39.2 4036522 4035704 genome.dna 2276050 2275195 NC_002662.gbk
261 32.4 4037132 4037767 genome.dna 1006396 1005754 NC_002662.gbk
198 31.3 4059979 4059527 genome.dna 753055 753508 NC_002662.gbk
235 51.4 4060248 4060021 genome.dna 2274007 2273761 NC_002662.gbk
517 37.3 4068636 4067902 genome.dna 1942199 1941470 NC_002662.gbk
1300 34.0 4071195 4068739 genome.dna 967018 969472 NC_002662.gbk
511 46.0 4079441 4080034 genome.dna 1312344 1311738 NC_002662.gbk
346 38.2 4086876 4086421 genome.dna 1010170 1010620 NC_002662.gbk
234 40.5 4097901 4098245 genome.dna 419286 419637 NC_002662.gbk
1165 42.4 4114440 4115846 genome.dna 753513 754881 NC_002662.gbk
3528 56.5 4139901 4137067 genome.dna 1888446 1885623 NC_002662.gbk
246 30.6 4140147 4140710 genome.dna 2274681 2274180 NC_002662.gbk
387 32.3 4199525 4198710 genome.dna 983588 984290 NC_002662.gbk
1096 39.7 4231793 4230366 genome.dna 60389 58970 NC_002662.gbk
877 31.0 4233904 4232027 genome.dna 62181 60582 NC_002662.gbk
564 32.6 4250428 4249388 genome.dna 1158456 1159446 NC_002662.gbk
228 31.0 4250722 4251348 genome.dna 659912 660572 NC_002662.gbk
1689 46.1 4255592 4252890 genome.dna 116365 118963 NC_002662.gbk
1133 48.7 4258960 4257809 genome.dna 1938927 1937673 NC_002662.gbk
624 31.1 4260285 4259029 genome.dna 1940328 1938957 NC_002662.gbk
577 35.3 4262088 4261168 genome.dna 340725 341775 NC_002662.gbk
553 31.9 4264711 4263620 genome.dna 1633335 1632261 NC_002662.gbk
647 31.4 4267226 4265910 genome.dna 1634897 1633544 NC_002662.gbk
409 35.9 4268312 4267230 genome.dna 891697 892687 NC_002662.gbk
750 41.9 4274186 4273242 genome.dna 887853 888807 NC_002662.gbk
313 35.8 4277861 4277370 genome.dna 1249213 1249690 NC_002662.gbk
1493 44.1 4279582 4277864 genome.dna 1247598 1249221 NC_002662.gbk
759 47.0 4283764 4284855 genome.dna 1241355 1242318 NC_002662.gbk
1657 55.1 4284858 4286258 genome.dna 1242878 1244261 NC_002662.gbk
651 50.0 4286272 4286874 genome.dna 1244280 1244856 NC_002662.gbk
512 33.8 4319027 4319845 genome.dna 689447 690332 NC_002662.gbk
290 31.5 4323873 4323391 genome.dna 1163133 1163640 NC_002662.gbk
2827 49.3 4330684 4327460 genome.dna 1401481 1398286 NC_002662.gbk
673 42.8 4331847 4330699 genome.dna 1645190 1644116 NC_002662.gbk
264 37.0 4335368 4334856 genome.dna 1025565 1026018 NC_002662.gbk
2461 41.4 4338181 4335368 genome.dna 1934007 1931208 NC_002662.gbk
455 32.9 4339154 4338213 genome.dna 1141406 1142309 NC_002662.gbk
181 44.6 4339580 4339843 genome.dna 1796736 1796970 NC_002662.gbk
867 47.7 4343498 4342359 genome.dna 2308370 2307230 NC_002662.gbk
1901 55.4 4345514 4343607 genome.dna 978462 980286 NC_002662.gbk
262 31.2 4353827 4352538 genome.dna 2173770 2172279 NC_002662.gbk
1067 35.6 4365488 4367155 genome.dna 1073503 1075411 NC_002662.gbk
822 43.4 4370220 4371221 genome.dna 724079 723092 NC_002662.gbk
352 30.1 4372650 4371418 genome.dna 594173 595370 NC_002662.gbk
494 38.4 4373604 4372945 genome.dna 2317610 2316935 NC_002662.gbk
706 43.3 4379941 4378778 genome.dna 242795 243992 NC_002662.gbk
1175 62.8 4388480 4389631 genome.dna 1971177 1969977 NC_002662.gbk
203 30.7 4393907 4394326 genome.dna 141834 142194 NC_002662.gbk
1387 48.7 4398393 4397095 genome.dna 2030040 2028747 NC_002662.gbk
828 37.7 4402445 4401165 genome.dna 224763 226008 NC_002662.gbk
301 31.4 4403893 4402952 genome.dna 614998 615883 NC_002662.gbk
765 30.7 4405841 4403886 genome.dna 2292343 2290255 NC_002662.gbk
1691 52.2 4413004 4411424 genome.dna 336013 337543 NC_002662.gbk
772 57.2 4413698 4413135 genome.dna 335383 335947 NC_002662.gbk
246 39.8 4431722 4431399 genome.dna 1750126 1750429 NC_002662.gbk
982 46.3 4471827 4470898 genome.dna 1997656 1996690 NC_002662.gbk
245 36.8 4479596 4478769 genome.dna 1815687 1814826 NC_002662.gbk
658 37.4 4482986 4483933 genome.dna 1961993 1961033 NC_002662.gbk
299 43.5 4486815 4487225 genome.dna 2170585 2170954 NC_002662.gbk
215 47.6 4488068 4487676 genome.dna 2152068 2151687 NC_002662.gbk
757 40.1 4489098 4488109 genome.dna 2153025 2152086 NC_002662.gbk
565 47.4 4489744 4489124 genome.dna 283757 284369 NC_002662.gbk
545 61.1 4490164 4489775 genome.dna 2153456 2153072 NC_002662.gbk
442 54.3 4490537 4490181 genome.dna 2153842 2153476 NC_002662.gbk
192 68.4 4490800 4490684 genome.dna 2153976 2153859 NC_002662.gbk
1000 38.1 4492165 4490834 genome.dna 2159386 2158066 NC_002662.gbk
410 48.6 4492607 4492173 genome.dna 2159907 2159463 NC_002662.gbk
178 49.1 4492790 4492611 genome.dna 2160361 2160181 NC_002662.gbk
580 54.1 4493297 4492797 genome.dna 2160878 2160371 NC_002662.gbk
280 47.5 4493665 4493312 genome.dna 2161244 2160896 NC_002662.gbk
485 44.6 4494208 4493675 genome.dna 2161996 2161459 NC_002662.gbk
429 49.6 4494614 4494222 genome.dna 2162611 2162212 NC_002662.gbk
232 42.6 4494953 4494648 genome.dna 910420 910690 NC_002662.gbk
768 61.0 4495506 4494967 genome.dna 2164308 2163765 NC_002662.gbk
261 45.0 4495835 4495521 genome.dna 2164633 2164327 NC_002662.gbk
501 61.0 4496217 4495846 genome.dna 2165135 2164766 NC_002662.gbk
269 50.6 4496635 4496381 genome.dna 2165418 2165157 NC_002662.gbk
465 53.0 4497236 4496826 genome.dna 2166061 2165647 NC_002662.gbk
791 56.2 4497950 4497249 genome.dna 2166718 2166064 NC_002662.gbk
335 56.0 4498300 4497968 genome.dna 2167078 2166730 NC_002662.gbk
456 70.7 4498593 4498315 genome.dna 2167372 2167093 NC_002662.gbk
995 54.9 4499431 4498610 genome.dna 2168362 2167531 NC_002662.gbk
185 39.1 4499751 4499449 genome.dna 2168671 2168377 NC_002662.gbk
489 39.9 4500353 4499748 genome.dna 2169297 2168670 NC_002662.gbk
608 52.2 4500993 4500364 genome.dna 2169946 2169322 NC_002662.gbk
423 57.8 4501337 4501026 genome.dna 2170273 2169964 NC_002662.gbk
2216 58.2 4505956 4503842 genome.dna 2354299 2352169 NC_002662.gbk
572 51.9 4506523 4506053 genome.dna 2355031 2354563 NC_002662.gbk
522 69.3 4506994 4506620 genome.dna 2355463 2355049 NC_002662.gbk
404 34.4 4514856 4514044 genome.dna 1937670 1936992 NC_002662.gbk
325 44.6 4518446 4518081 genome.dna 333566 333914 NC_002662.gbk
842 37.9 4531124 4529898 genome.dna 806277 807411 NC_002662.gbk
541 46.7 4531820 4531245 genome.dna 1349045 1348463 NC_002662.gbk
560 32.7 4557783 4556779 genome.dna 68289 67263 NC_002662.gbk
609 45.5 4559154 4558477 genome.dna 2003838 2003187 NC_002662.gbk
716 37.3 4562421 4561336 genome.dna 1814830 1813759 NC_002662.gbk
246 31.9 4562994 4562473 genome.dna 1801490 1801001 NC_002662.gbk
1330 44.3 4597892 4600225 genome.dna 284495 286634 NC_002662.gbk
2195 44.2 4632742 4630295 genome.dna 699900 702303 NC_002662.gbk
927 35.5 4634257 4632818 genome.dna 698360 699812 NC_002662.gbk
677 39.2 4635563 4634286 genome.dna 696012 697155 NC_002662.gbk
703 30.7 4656105 4657454 genome.dna 548431 549733 NC_002662.gbk
1494 41.5 4664050 4662224 genome.dna 1873621 1875400 NC_002662.gbk
1000 42.7 4686472 4685315 genome.dna 982327 983467 NC_002662.gbk
799 53.3 4687311 4686550 genome.dna 964275 965028 NC_002662.gbk
754 32.4 4690836 4689472 genome.dna 1689734 1688438 NC_002662.gbk
734 44.9 4702353 4701286 genome.dna 199238 200288 NC_002662.gbk
555 45.8 4704862 4703738 genome.dna 1299653 1298564 NC_002662.gbk
326 49.0 4709479 4709153 genome.dna 1691635 1691320 NC_002662.gbk
1456 40.2 4714432 4712411 genome.dna 1133792 1136069 NC_002662.gbk
540 37.9 4729969 4728119 genome.dna 1245770 1247483 NC_002662.gbk
330 30.2 4730969 4730043 genome.dna 1322816 1321793 NC_002662.gbk
504 33.1 4756712 4755816 genome.dna 1282607 1281755 NC_002662.gbk
1056 44.7 4766891 4765731 genome.dna 790536 791679 NC_002662.gbk
1298 34.9 4770998 4773196 genome.dna 1965726 1963386 NC_002662.gbk
271 37.6 4780345 4781184 genome.dna 1270044 1269306 NC_002662.gbk
1911 56.2 4781238 4782749 genome.dna 1273457 1271960 NC_002662.gbk
626 42.1 4786326 4787093 genome.dna 1148514 1149273 NC_002662.gbk
1104 45.0 4788410 4787304 genome.dna 1754080 1752979 NC_002662.gbk
1069 55.1 4825789 4824827 genome.dna 1372937 1371914 NC_002662.gbk
627 45.0 4829201 4829899 genome.dna 403690 402988 NC_002662.gbk
388 43.9 4834867 4834403 genome.dna 1162735 1162225 NC_002662.gbk
644 42.3 4867996 4867325 genome.dna 999585 1000278 NC_002662.gbk
979 38.1 4869411 4868002 genome.dna 824100 825480 NC_002662.gbk
340 33.3 4869761 4870336 genome.dna 2239616 2239049 NC_002662.gbk
722 30.6 4932696 4934039 genome.dna 923402 924680 NC_002662.gbk
1478 49.8 4946843 4945446 genome.dna 1521293 1519865 NC_002662.gbk
1478 49.8 4946843 4945446 genome.dna 1521293 1519865 NC_002662.gbk
646 30.8 4948191 4946869 genome.dna 420904 422074 NC_002662.gbk
275 49.0 4948499 4948188 genome.dna 418875 419202 NC_002662.gbk
738 44.2 4969043 4968228 genome.dna 1087304 1086488 NC_002662.gbk
2098 63.0 4974416 4972974 genome.dna 422155 423592 NC_002662.gbk
2098 63.0 4974416 4972974 genome.dna 422155 423592 NC_002662.gbk
2098 63.0 4974416 4972974 genome.dna 422155 423592 NC_002662.gbk
191 65.9 4985770 4985910 genome.dna 133787 133922 NC_002662.gbk
840 35.0 4988276 4989640 genome.dna 2327748 2329116 NC_002662.gbk
482 34.1 4992272 4991421 genome.dna 2247273 2246427 NC_002662.gbk
774 33.5 4994663 4993335 genome.dna 898812 900141 NC_002662.gbk
774 33.5 4994663 4993335 genome.dna 898812 900141 NC_002662.gbk
557 39.1 5010680 5009268 genome.dna 1789658 1788236 NC_002662.gbk
875 37.2 5026700 5027902 genome.dna 1897968 1896786 NC_002662.gbk
1328 37.0 5049054 5047222 genome.dna 1033814 1035632 NC_002662.gbk
1095 42.6 5050610 5049240 genome.dna 1952464 1951087 NC_002662.gbk
1937 64.7 5055348 5053966 genome.dna 1824621 1823211 NC_002662.gbk
632 36.2 5056259 5055396 genome.dna 1825623 1824753 NC_002662.gbk
1132 52.4 5057853 5056312 genome.dna 1827141 1825638 NC_002662.gbk
222 30.2 5058884 5058414 genome.dna 1828363 1827856 NC_002662.gbk
329 31.1 5061686 5061066 genome.dna 1380746 1381463 NC_002662.gbk
1996 47.2 5063659 5061770 genome.dna 1916295 1914417 NC_002662.gbk
