1074 33.4 5629 7497 genome.dna 3941719 3939907 NC_003552.gbk
824 40.4 36667 35258 genome.dna 5138707 5140051 NC_003552.gbk
324 30.5 81805 82428 genome.dna 2288221 2287585 NC_003552.gbk
650 40.2 93925 92960 genome.dna 1601146 1602106 NC_003552.gbk
364 35.7 96727 96284 genome.dna 4412357 4412780 NC_003552.gbk
470 34.5 97589 98332 genome.dna 2010239 2009420 NC_003552.gbk
451 36.3 110262 109636 genome.dna 1866339 1865709 NC_003552.gbk
844 45.4 156579 155680 genome.dna 1050570 1049733 NC_003552.gbk
914 45.5 157508 156588 genome.dna 5174023 5174971 NC_003552.gbk
511 34.5 166824 165547 genome.dna 1534045 1532749 NC_003552.gbk
501 37.1 166978 167643 genome.dna 2447422 2448112 NC_003552.gbk
685 38.9 217784 218788 genome.dna 4410107 4409096 NC_003552.gbk
885 34.5 219661 221034 genome.dna 1582653 1581177 NC_003552.gbk
789 30.6 224355 225995 genome.dna 2294629 2296309 NC_003552.gbk
981 47.7 228573 229595 genome.dna 681829 682804 NC_003552.gbk
554 31.2 230345 231841 genome.dna 294857 293588 NC_003552.gbk
1189 40.5 238222 239673 genome.dna 1754437 1755868 NC_003552.gbk
450 30.4 247002 247961 genome.dna 792604 793582 NC_003552.gbk
304 38.3 252872 253300 genome.dna 5195215 5195701 NC_003552.gbk
316 33.8 253304 254008 genome.dna 5195932 5196574 NC_003552.gbk
539 34.5 274385 275167 genome.dna 1710256 1709398 NC_003552.gbk
717 33.9 280242 278956 genome.dna 4082461 4083787 NC_003552.gbk
690 44.6 281849 280260 genome.dna 4924727 4923110 NC_003552.gbk
664 39.6 301263 300298 genome.dna 45743 44771 NC_003552.gbk
1614 53.6 306633 305290 genome.dna 791005 792487 NC_003552.gbk
353 38.4 315964 316557 genome.dna 867685 868279 NC_003552.gbk
141 30.2 352201 352629 genome.dna 701689 702121 NC_003552.gbk
231 34.4 352645 353037 genome.dna 702134 702539 NC_003552.gbk
506 36.8 355354 354581 genome.dna 496127 496898 NC_003552.gbk
1066 37.6 357036 355618 genome.dna 4670514 4671924 NC_003552.gbk
780 48.0 374918 375703 genome.dna 565790 565013 NC_003552.gbk
341 39.3 432443 431979 genome.dna 5544258 5543787 NC_003552.gbk
904 47.9 433394 432459 genome.dna 5545181 5544254 NC_003552.gbk
570 37.3 435364 434357 genome.dna 4083893 4084802 NC_003552.gbk
222 32.7 692962 692627 genome.dna 3040374 3040680 NC_003552.gbk
170 37.6 697176 697469 genome.dna 741873 742203 NC_003552.gbk
1829 54.9 697515 699164 genome.dna 742328 743939 NC_003552.gbk
128 38.6 747822 747553 genome.dna 59483 59735 NC_003552.gbk
379 30.5 757677 758612 genome.dna 953983 953059 NC_003552.gbk
143 32.1 767354 767061 genome.dna 230903 231164 NC_003552.gbk
633 32.8 771082 772419 genome.dna 3758136 3759450 NC_003552.gbk
1104 34.5 809514 811193 genome.dna 2422434 2420682 NC_003552.gbk
915 39.6 812414 811260 genome.dna 3259519 3260722 NC_003552.gbk
749 36.1 821973 823061 genome.dna 339068 340115 NC_003552.gbk
1305 44.4 844582 846099 genome.dna 885883 887419 NC_003552.gbk
1435 52.4 909308 910588 genome.dna 3385675 3384349 NC_003552.gbk
487 45.8 918246 918758 genome.dna 2203148 2203646 NC_003552.gbk
475 32.7 932060 931182 genome.dna 4128171 4127343 NC_003552.gbk
176 30.3 970483 970908 genome.dna 5717716 5718250 NC_003552.gbk
1194 61.9 997695 996727 genome.dna 3390236 3391163 NC_003552.gbk
633 30.7 1125945 1124593 genome.dna 1420630 1419325 NC_003552.gbk
659 36.5 1129588 1128602 genome.dna 981635 982619 NC_003552.gbk
1580 41.1 1180703 1178139 genome.dna 611318 608615 NC_003552.gbk
590 37.9 1202667 1201900 genome.dna 4819298 4818533 NC_003552.gbk
341 36.4 1262844 1263782 genome.dna 1064491 1065445 NC_003552.gbk
341 31.6 1270601 1269999 genome.dna 5027110 5026450 NC_003552.gbk
460 31.5 1281190 1282170 genome.dna 80603 79586 NC_003552.gbk
2104 44.2 1303620 1306001 genome.dna 2298853 2296459 NC_003552.gbk
1165 47.5 1316909 1318201 genome.dna 4815555 4816764 NC_003552.gbk
627 45.4 1335658 1336302 genome.dna 1299258 1299906 NC_003552.gbk
539 38.1 1358126 1357212 genome.dna 1095992 1095194 NC_003552.gbk
1624 51.0 1363499 1366138 genome.dna 1881991 1879201 NC_003552.gbk
326 30.3 1391405 1390635 genome.dna 1585332 1584522 NC_003552.gbk
322 30.0 1399081 1400775 genome.dna 1356454 1358245 NC_003552.gbk
194 33.3 1400772 1401275 genome.dna 1352796 1353282 NC_003552.gbk
868 41.5 1402802 1401792 genome.dna 1344711 1343664 NC_003552.gbk
895 41.8 1403920 1402802 genome.dna 1347165 1346046 NC_003552.gbk
217 40.5 1404198 1403920 genome.dna 1347445 1347166 NC_003552.gbk
144 31.1 1405419 1405066 genome.dna 1346054 1345652 NC_003552.gbk
693 30.0 1413714 1412101 genome.dna 5388872 5390423 NC_003552.gbk
556 32.5 1416808 1415858 genome.dna 5387251 5388193 NC_003552.gbk
1111 35.4 1418834 1416819 genome.dna 5385308 5387255 NC_003552.gbk
314 33.3 1420000 1420545 genome.dna 4050332 4050848 NC_003552.gbk
791 37.7 1422749 1425052 genome.dna 5078582 5080907 NC_003552.gbk
548 45.2 1426894 1426256 genome.dna 4357871 4357220 NC_003552.gbk
728 39.8 1427931 1426894 genome.dna 157013 155972 NC_003552.gbk
358 38.4 1433876 1433409 genome.dna 4987895 4987412 NC_003552.gbk
827 44.7 1434853 1435731 genome.dna 5521604 5522480 NC_003552.gbk
652 43.5 1436929 1437642 genome.dna 4981883 4981094 NC_003552.gbk
628 31.7 1443228 1441783 genome.dna 4057575 4056219 NC_003552.gbk
218 32.5 1468782 1468399 genome.dna 4831441 4831837 NC_003552.gbk
194 32.3 1506798 1506349 genome.dna 1199624 1200038 NC_003552.gbk
609 34.5 1527781 1528740 genome.dna 5027437 5028418 NC_003552.gbk
568 33.0 1536355 1535069 genome.dna 299268 298200 NC_003552.gbk
827 35.5 1547669 1549237 genome.dna 1200258 1201575 NC_003552.gbk
458 31.0 1549251 1550390 genome.dna 1201577 1202621 NC_003552.gbk
602 35.9 1558773 1559834 genome.dna 1143763 1144678 NC_003552.gbk
525 34.5 1561588 1560626 genome.dna 1320775 1321651 NC_003552.gbk
190 31.8 1563766 1563014 genome.dna 2972823 2972076 NC_003552.gbk
444 33.5 1576123 1576893 genome.dna 1472118 1471287 NC_003552.gbk
573 43.0 1576893 1577582 genome.dna 4797305 4797974 NC_003552.gbk
1036 31.6 1598005 1595975 genome.dna 4964489 4962350 NC_003552.gbk
597 39.2 1631952 1633361 genome.dna 4665244 4663861 NC_003552.gbk
554 38.8 1635671 1634820 genome.dna 4662291 4661481 NC_003552.gbk
584 49.1 1636204 1635668 genome.dna 4663852 4663300 NC_003552.gbk
704 44.8 1637078 1636206 genome.dna 2691686 2690960 NC_003552.gbk
203 33.3 1651130 1650843 genome.dna 386200 385915 NC_003552.gbk
790 35.3 1768623 1769945 genome.dna 3695053 3696511 NC_003552.gbk
820 49.2 1778827 1779630 genome.dna 72823 72016 NC_003552.gbk
471 34.6 1942291 1943163 genome.dna 3803910 3803097 NC_003552.gbk
724 36.9 1943163 1944215 genome.dna 3808842 3807792 NC_003552.gbk
239 34.2 1944254 1944643 genome.dna 3809224 3808861 NC_003552.gbk
1209 41.0 1993342 1994814 genome.dna 3575555 3574043 NC_003552.gbk
134 36.5 2010635 2010913 genome.dna 4156787 4156508 NC_003552.gbk
291 33.6 2048443 2049102 genome.dna 5477042 5477663 NC_003552.gbk
722 49.1 2071740 2072447 genome.dna 2002735 2003419 NC_003552.gbk
654 32.0 2083361 2081520 genome.dna 4169890 4171552 NC_003552.gbk
2664 51.0 2102354 2104732 genome.dna 3302507 3304922 NC_003552.gbk
326 34.0 2114428 2115174 genome.dna 5439874 5440618 NC_003552.gbk
885 40.1 2116495 2117718 genome.dna 284033 282851 NC_003552.gbk
1116 41.9 2121733 2120321 genome.dna 4783545 4785015 NC_003552.gbk
566 34.8 2158261 2157266 genome.dna 905556 904626 NC_003552.gbk
2766 62.6 2163569 2165743 genome.dna 1160899 1163110 NC_003552.gbk
1429 54.4 2198282 2200954 genome.dna 302505 299682 NC_003552.gbk
833 37.5 2336995 2338260 genome.dna 3574042 3572608 NC_003552.gbk
731 34.6 2477692 2478756 genome.dna 427930 426808 NC_003552.gbk
404 32.8 2489732 2488785 genome.dna 1385185 1384333 NC_003552.gbk
713 34.1 2491599 2492855 genome.dna 680299 681682 NC_003552.gbk
365 42.7 2507977 2507444 genome.dna 5322896 5322425 NC_003552.gbk
264 31.1 2511822 2511298 genome.dna 3000978 3001503 NC_003552.gbk
612 37.4 2534552 2533659 genome.dna 499830 500814 NC_003552.gbk
601 30.8 2556170 2554698 genome.dna 1988710 1990219 NC_003552.gbk
1597 53.4 2563367 2561970 genome.dna 1194691 1193194 NC_003552.gbk
574 46.2 2580340 2580921 genome.dna 779760 780360 NC_003552.gbk
499 39.2 2585266 2585973 genome.dna 779126 779768 NC_003552.gbk
336 35.3 2595969 2596559 genome.dna 2583070 2583649 NC_003552.gbk
705 34.2 2602958 2604520 genome.dna 3724905 3723222 NC_003552.gbk
744 39.3 2605113 2606180 genome.dna 3726717 3725604 NC_003552.gbk
1411 55.8 2607572 2608762 genome.dna 3728774 3727562 NC_003552.gbk
596 38.0 2608762 2609568 genome.dna 3727561 3726742 NC_003552.gbk
957 43.8 2628084 2627089 genome.dna 1049737 1048795 NC_003552.gbk
734 41.5 2639766 2638855 genome.dna 5508763 5507806 NC_003552.gbk
270 32.5 2645457 2646263 genome.dna 2572414 2573197 NC_003552.gbk
454 52.1 2654386 2653967 genome.dna 528683 529127 NC_003552.gbk
451 34.9 2701066 2701629 genome.dna 4624682 4624121 NC_003552.gbk
486 30.1 2706704 2707561 genome.dna 33065 33890 NC_003552.gbk
536 39.1 2712101 2712862 genome.dna 134850 134082 NC_003552.gbk
311 31.9 2724246 2725070 genome.dna 4361698 4360927 NC_003552.gbk
905 31.7 2726216 2727934 genome.dna 3067795 3069598 NC_003552.gbk
390 40.0 2788070 2787564 genome.dna 192494 191990 NC_003552.gbk
716 37.0 2862696 2863901 genome.dna 3149405 3150620 NC_003552.gbk
266 31.1 2869134 2868487 genome.dna 5698280 5698922 NC_003552.gbk
120 39.0 2884347 2884165 genome.dna 4047685 4047502 NC_003552.gbk
429 30.9 2916384 2917283 genome.dna 262973 263843 NC_003552.gbk
1143 43.3 2917289 2918617 genome.dna 3963200 3961898 NC_003552.gbk
501 41.7 2920770 2921360 genome.dna 1091614 1092223 NC_003552.gbk
484 34.6 2921367 2922104 genome.dna 263959 264697 NC_003552.gbk
416 40.1 2922086 2922862 genome.dna 632430 631608 NC_003552.gbk
780 36.0 2928002 2926713 genome.dna 5593230 5594523 NC_003552.gbk
855 48.7 2975613 2974318 genome.dna 4966171 4967437 NC_003552.gbk
181 32.4 3002657 3002334 genome.dna 4183080 4182759 NC_003552.gbk
556 33.2 3015344 3014433 genome.dna 1630205 1629299 NC_003552.gbk
606 30.2 3083683 3082493 genome.dna 2290571 2291822 NC_003552.gbk
424 35.4 3110358 3111017 genome.dna 919640 920282 NC_003552.gbk
572 36.7 3148240 3147401 genome.dna 4259885 4260764 NC_003552.gbk
352 42.2 3155863 3155369 genome.dna 1385758 1385281 NC_003552.gbk
262 33.6 3156400 3155882 genome.dna 221635 222184 NC_003552.gbk
459 31.9 3157424 3156435 genome.dna 132203 131198 NC_003552.gbk
2211 53.2 3161386 3159374 genome.dna 4097218 4095205 NC_003552.gbk
466 37.6 3169188 3169883 genome.dna 4026325 4025608 NC_003552.gbk
622 42.9 3180042 3180794 genome.dna 309317 310061 NC_003552.gbk
566 32.8 3230474 3228642 genome.dna 4098877 4097326 NC_003552.gbk
704 36.2 3289547 3288372 genome.dna 4126935 4125717 NC_003552.gbk
1009 34.4 3295088 3293715 genome.dna 4793974 4795525 NC_003552.gbk
995 38.1 3300189 3298621 genome.dna 4792468 4793839 NC_003552.gbk
1198 64.6 3302638 3301757 genome.dna 4789280 4790102 NC_003552.gbk
852 44.9 3312061 3311105 genome.dna 4272266 4273208 NC_003552.gbk
249 41.1 3332182 3332514 genome.dna 1617037 1616707 NC_003552.gbk
255 34.2 3364794 3365690 genome.dna 4368340 4369192 NC_003552.gbk
873 32.5 3372145 3370688 genome.dna 1775693 1777163 NC_003552.gbk
971 35.4 3373687 3372152 genome.dna 1774202 1775690 NC_003552.gbk
247 39.8 3375937 3375635 genome.dna 1771882 1772191 NC_003552.gbk
656 39.3 3378041 3377067 genome.dna 1769896 1770943 NC_003552.gbk
249 38.5 3385876 3385436 genome.dna 1767341 1767716 NC_003552.gbk
1063 45.3 3395711 3396913 genome.dna 4447948 4446721 NC_003552.gbk
592 49.5 3408161 3407589 genome.dna 830638 830086 NC_003552.gbk
657 40.7 3409858 3408341 genome.dna 3955821 3954366 NC_003552.gbk
251 32.7 3415469 3414618 genome.dna 252509 253319 NC_003552.gbk
1190 51.8 3427528 3426443 genome.dna 639294 640392 NC_003552.gbk
987 43.9 3455799 3454780 genome.dna 1468138 1467106 NC_003552.gbk
1110 41.4 3477877 3476636 genome.dna 2052880 2054050 NC_003552.gbk
326 44.0 3500331 3500732 genome.dna 497068 497494 NC_003552.gbk
599 33.1 3511745 3510762 genome.dna 1410810 1409865 NC_003552.gbk
826 45.4 3516455 3517318 genome.dna 4355345 4354472 NC_003552.gbk
1037 40.2 3519048 3517663 genome.dna 868434 869856 NC_003552.gbk
1026 60.0 3527868 3527053 genome.dna 1067343 1068120 NC_003552.gbk
1348 36.9 3531913 3533985 genome.dna 97658 99749 NC_003552.gbk
469 35.7 3578361 3577567 genome.dna 3394718 3393932 NC_003552.gbk
827 40.2 3594004 3595047 genome.dna 3145300 3146443 NC_003552.gbk
661 32.2 3603229 3601955 genome.dna 1121826 1123068 NC_003552.gbk
385 42.0 3608433 3608005 genome.dna 1802159 1802615 NC_003552.gbk
443 54.0 3619938 3619552 genome.dna 3387480 3387093 NC_003552.gbk
1158 47.3 3621177 3619963 genome.dna 4026981 4028328 NC_003552.gbk
359 33.6 3622920 3623723 genome.dna 4128976 4128172 NC_003552.gbk
1154 48.8 3625021 3626103 genome.dna 2660050 2661118 NC_003552.gbk
567 35.7 3626100 3626900 genome.dna 2661111 2661912 NC_003552.gbk
816 34.4 3630615 3629488 genome.dna 2658875 2660045 NC_003552.gbk
1612 57.4 3635387 3634134 genome.dna 4356600 4355361 NC_003552.gbk
384 52.7 3640872 3640534 genome.dna 5132377 5132716 NC_003552.gbk
228 30.7 3651787 3651263 genome.dna 2880968 2880398 NC_003552.gbk
267 37.3 3714535 3714188 genome.dna 1080876 1080558 NC_003552.gbk
1383 49.0 3714803 3716083 genome.dna 685081 686356 NC_003552.gbk
589 39.9 3722136 3721339 genome.dna 3460650 3461418 NC_003552.gbk
579 34.3 3736813 3735875 genome.dna 5130046 5129044 NC_003552.gbk
988 38.4 3776200 3774839 genome.dna 5648959 5650282 NC_003552.gbk
239 31.6 3780004 3779576 genome.dna 4393495 4393033 NC_003552.gbk
996 41.1 3882715 3881462 genome.dna 5021762 5023106 NC_003552.gbk
752 37.7 3883829 3882726 genome.dna 5023244 5024402 NC_003552.gbk
449 38.2 3886800 3888260 genome.dna 3287537 3286016 NC_003552.gbk
481 32.8 3889382 3888324 genome.dna 4941113 4942214 NC_003552.gbk
624 42.2 3898447 3899475 genome.dna 88155 89202 NC_003552.gbk
128 37.7 3899801 3899535 genome.dna 2563060 2563345 NC_003552.gbk
607 32.8 3918901 3920391 genome.dna 5569474 5570905 NC_003552.gbk
1384 53.1 3921930 3923132 genome.dna 2654920 2656396 NC_003552.gbk
505 43.1 3961248 3960622 genome.dna 634320 633603 NC_003552.gbk
614 33.7 3997815 3996793 genome.dna 1455057 1456155 NC_003552.gbk
1283 50.2 4001743 4000448 genome.dna 2005900 2007190 NC_003552.gbk
1606 49.4 4003479 4001842 genome.dna 4046149 4044544 NC_003552.gbk
496 31.3 4013697 4012813 genome.dna 720950 720047 NC_003552.gbk
377 43.4 4039680 4040210 genome.dna 3319831 3320338 NC_003552.gbk
1160 35.3 4054763 4056430 genome.dna 700535 698882 NC_003552.gbk
179 30.2 4064375 4065496 genome.dna 322987 324490 NC_003552.gbk
443 31.5 4077711 4078532 genome.dna 5024675 5025488 NC_003552.gbk
212 35.4 4079441 4080034 genome.dna 4585799 4586354 NC_003552.gbk
208 31.7 4086876 4086421 genome.dna 3030965 3030455 NC_003552.gbk
76 30.6 4126090 4125836 genome.dna 4469779 4469539 NC_003552.gbk
219 34.7 4137049 4136630 genome.dna 3953867 3954266 NC_003552.gbk
3503 56.9 4139901 4137067 genome.dna 4102003 4099021 NC_003552.gbk
503 37.9 4244964 4245854 genome.dna 1137348 1136514 NC_003552.gbk
469 48.1 4277861 4277370 genome.dna 4676998 4676512 NC_003552.gbk
827 35.6 4282166 4283764 genome.dna 4680433 4678981 NC_003552.gbk
497 35.8 4283764 4284855 genome.dna 4624056 4623060 NC_003552.gbk
529 37.4 4284858 4286258 genome.dna 3829729 3828454 NC_003552.gbk
327 35.3 4319027 4319845 genome.dna 1711877 1711067 NC_003552.gbk
3578 50.5 4330684 4327460 genome.dna 2653130 2649917 NC_003552.gbk
387 43.9 4331847 4330699 genome.dna 2654236 2653129 NC_003552.gbk
613 44.6 4333114 4332293 genome.dna 5522476 5523268 NC_003552.gbk
1356 33.5 4338181 4335368 genome.dna 3019578 3016401 NC_003552.gbk
1159 46.5 4343498 4342359 genome.dna 1747982 1749131 NC_003552.gbk
1939 54.5 4345514 4343607 genome.dna 1746018 1747872 NC_003552.gbk
764 63.0 4345979 4346554 genome.dna 4917466 4918072 NC_003552.gbk
356 33.0 4358335 4357649 genome.dna 799960 799192 NC_003552.gbk
443 38.0 4373604 4372945 genome.dna 2020448 2019743 NC_003552.gbk
475 31.8 4379941 4378778 genome.dna 3307312 3308551 NC_003552.gbk
1158 46.1 4398393 4397095 genome.dna 5037655 5036380 NC_003552.gbk
859 32.1 4405841 4403886 genome.dna 608416 606445 NC_003552.gbk
531 33.5 4409618 4408062 genome.dna 1387983 1386480 NC_003552.gbk
1040 46.1 4422828 4421779 genome.dna 485207 486335 NC_003552.gbk
497 34.6 4435653 4436702 genome.dna 4250719 4251829 NC_003552.gbk
386 38.1 4477982 4478530 genome.dna 1342816 1342270 NC_003552.gbk
401 34.7 4479596 4478769 genome.dna 5669790 5670633 NC_003552.gbk
816 34.6 4485347 4486723 genome.dna 1753035 1754382 NC_003552.gbk
206 42.0 4490164 4489775 genome.dna 1313200 1313581 NC_003552.gbk
176 30.8 4494614 4494222 genome.dna 1293589 1293982 NC_003552.gbk
291 35.8 4495506 4494967 genome.dna 1292928 1293426 NC_003552.gbk
224 41.1 4496217 4495846 genome.dna 1291443 1291842 NC_003552.gbk
416 33.8 4499431 4498610 genome.dna 1288021 1288738 NC_003552.gbk
214 35.0 4501337 4501026 genome.dna 1495909 1495600 NC_003552.gbk
464 31.9 4505956 4503842 genome.dna 1499736 1497543 NC_003552.gbk
78 30.0 4507413 4507126 genome.dna 4826642 4826942 NC_003552.gbk
658 30.1 4522627 4520816 genome.dna 4885035 4887024 NC_003552.gbk
908 39.7 4531124 4529898 genome.dna 144741 143523 NC_003552.gbk
436 39.2 4531820 4531245 genome.dna 3723019 3722416 NC_003552.gbk
330 39.9 4539402 4538833 genome.dna 1995904 1996348 NC_003552.gbk
274 32.1 4562994 4562473 genome.dna 3999235 3998707 NC_003552.gbk
260 30.3 4609268 4607523 genome.dna 5366466 5364708 NC_003552.gbk
1157 35.0 4637576 4635600 genome.dna 2479162 2476903 NC_003552.gbk
638 40.8 4680620 4681561 genome.dna 686419 687373 NC_003552.gbk
1002 37.9 4690836 4689472 genome.dna 4869998 4871354 NC_003552.gbk
489 44.0 4702353 4701286 genome.dna 4663220 4662263 NC_003552.gbk
308 30.1 4710897 4712393 genome.dna 100216 101848 NC_003552.gbk
1610 50.1 4719117 4720601 genome.dna 3804 5349 NC_003552.gbk
685 43.4 4730969 4730043 genome.dna 5355021 5355906 NC_003552.gbk
1748 48.0 4732978 4731332 genome.dna 4678692 4676997 NC_003552.gbk
843 38.2 4766891 4765731 genome.dna 3149150 3147929 NC_003552.gbk
450 40.0 4782875 4783885 genome.dna 1364135 1365224 NC_003552.gbk
616 33.6 4869411 4868002 genome.dna 5032260 5031006 NC_003552.gbk
1013 45.4 4926494 4925484 genome.dna 1048803 1047777 NC_003552.gbk
325 30.4 5017538 5016804 genome.dna 1068126 1068777 NC_003552.gbk
459 35.5 5019301 5018414 genome.dna 1066369 1067293 NC_003552.gbk
503 31.8 5020260 5019301 genome.dna 3842261 3843317 NC_003552.gbk
818 37.1 5026700 5027902 genome.dna 2237253 2238396 NC_003552.gbk
1559 46.3 5049054 5047222 genome.dna 3756180 3758037 NC_003552.gbk
1509 48.4 5055348 5053966 genome.dna 3029254 3027799 NC_003552.gbk
985 47.2 5057853 5056312 genome.dna 3024744 3023142 NC_003552.gbk
