1035 35.2 25826 28615 genome.dna 701953 699340 NC_005043.gbk
1066 38.8 30749 32122 genome.dna 1014158 1012781 NC_005043.gbk
534 45.9 110262 109636 genome.dna 70429 71053 NC_005043.gbk
403 49.3 165569 165111 genome.dna 72111 72549 NC_005043.gbk
163 37.9 167881 168117 genome.dna 370358 370628 NC_005043.gbk
145 49.1 168129 168296 genome.dna 283471 283312 NC_005043.gbk
726 38.2 192775 193791 genome.dna 971318 970313 NC_005043.gbk
388 30.9 222967 223722 genome.dna 593792 594506 NC_005043.gbk
1013 48.9 228573 229595 genome.dna 838690 837691 NC_005043.gbk
1854 68.4 250357 251541 genome.dna 87267 88452 NC_005043.gbk
416 38.5 252164 252709 genome.dna 88851 89400 NC_005043.gbk
490 55.4 252872 253300 genome.dna 89506 89932 NC_005043.gbk
754 46.8 253304 254008 genome.dna 89958 90657 NC_005043.gbk
283 43.8 254890 255255 genome.dna 91228 91618 NC_005043.gbk
2284 46.7 255584 259612 genome.dna 91754 95513 NC_005043.gbk
4281 49.9 259736 263959 genome.dna 95536 99718 NC_005043.gbk
599 31.3 301263 300298 genome.dna 861480 862488 NC_005043.gbk
1519 49.4 306633 305290 genome.dna 218102 216737 NC_005043.gbk
261 32.1 307112 306645 genome.dna 218602 218098 NC_005043.gbk
1208 57.4 313270 314313 genome.dna 962615 963716 NC_005043.gbk
311 31.6 315964 316557 genome.dna 34981 34390 NC_005043.gbk
885 35.5 316547 318016 genome.dna 1093693 1092145 NC_005043.gbk
685 43.9 338215 337490 genome.dna 806290 807013 NC_005043.gbk
544 34.8 340994 339921 genome.dna 606018 605028 NC_005043.gbk
652 36.9 345980 347242 genome.dna 659444 658067 NC_005043.gbk
477 48.6 352201 352629 genome.dna 280829 280379 NC_005043.gbk
364 47.2 352645 353037 genome.dna 280366 279961 NC_005043.gbk
229 30.7 389811 389332 genome.dna 72526 73027 NC_005043.gbk
1067 38.5 460910 458055 genome.dna 110646 113469 NC_005043.gbk
856 34.1 463248 461737 genome.dna 431518 430018 NC_005043.gbk
1219 41.6 530287 528905 genome.dna 66840 65478 NC_005043.gbk
235 39.8 692962 692627 genome.dna 1038103 1037764 NC_005043.gbk
260 40.6 697176 697469 genome.dna 166943 166634 NC_005043.gbk
2125 62.0 697515 699164 genome.dna 166593 164958 NC_005043.gbk
1062 41.3 753122 751287 genome.dna 850282 852001 NC_005043.gbk
161 40.7 755400 755185 genome.dna 44709 44886 NC_005043.gbk
699 36.3 755628 756641 genome.dna 230616 231651 NC_005043.gbk
254 40.8 757206 756736 genome.dna 230533 230089 NC_005043.gbk
258 39.6 761608 761919 genome.dna 628554 628230 NC_005043.gbk
286 55.3 761939 762196 genome.dna 628206 627951 NC_005043.gbk
850 41.2 763509 764681 genome.dna 627851 626843 NC_005043.gbk
1303 47.1 771082 772419 genome.dna 1105861 1107238 NC_005043.gbk
148 30.6 772670 773002 genome.dna 1216838 1217195 NC_005043.gbk
721 30.4 777751 779280 genome.dna 356233 357538 NC_005043.gbk
1581 34.6 779306 782008 genome.dna 357476 360167 NC_005043.gbk
180 33.0 782083 782481 genome.dna 360180 360543 NC_005043.gbk
250 46.1 783547 783816 genome.dna 1148859 1148589 NC_005043.gbk
1946 45.4 784066 786186 genome.dna 1148549 1146464 NC_005043.gbk
278 36.0 814149 814541 genome.dna 474777 474426 NC_005043.gbk
597 39.6 839867 840766 genome.dna 1172933 1172033 NC_005043.gbk
847 38.6 844582 846099 genome.dna 1061487 1063071 NC_005043.gbk
325 39.3 927840 927358 genome.dna 379483 378985 NC_005043.gbk
943 49.2 956604 955654 genome.dna 99826 100810 NC_005043.gbk
556 30.6 1087061 1085955 genome.dna 446494 445384 NC_005043.gbk
637 42.1 1154052 1153258 genome.dna 1154770 1153885 NC_005043.gbk
639 42.7 1154397 1155122 genome.dna 779090 779924 NC_005043.gbk
261 32.4 1155257 1156108 genome.dna 779923 780772 NC_005043.gbk
530 38.9 1156279 1157004 genome.dna 780779 781526 NC_005043.gbk
431 36.5 1157130 1157687 genome.dna 781503 782046 NC_005043.gbk
540 35.7 1157925 1159121 genome.dna 385987 384847 NC_005043.gbk
586 40.1 1159320 1160081 genome.dna 653462 654215 NC_005043.gbk
655 34.3 1165447 1166469 genome.dna 338200 339283 NC_005043.gbk
383 43.0 1166572 1167027 genome.dna 731297 730835 NC_005043.gbk
630 41.9 1167032 1167820 genome.dna 730823 729983 NC_005043.gbk
513 42.2 1168997 1169593 genome.dna 148017 148662 NC_005043.gbk
1257 37.0 1169670 1173152 genome.dna 743709 747432 NC_005043.gbk
936 44.1 1173165 1174124 genome.dna 457643 456668 NC_005043.gbk
1246 37.7 1180703 1178139 genome.dna 1072851 1070364 NC_005043.gbk
925 40.2 1264025 1265131 genome.dna 174830 173705 NC_005043.gbk
589 46.1 1270601 1269999 genome.dna 874826 875417 NC_005043.gbk
549 35.1 1272920 1274065 genome.dna 256770 257889 NC_005043.gbk
413 45.8 1278470 1278919 genome.dna 612251 612710 NC_005043.gbk
771 40.3 1278982 1280091 genome.dna 986094 987225 NC_005043.gbk
1489 39.1 1284598 1282733 genome.dna 1213362 1211427 NC_005043.gbk
743 56.2 1301367 1301990 genome.dna 957318 956706 NC_005043.gbk
1300 57.1 1302154 1303428 genome.dna 956697 955431 NC_005043.gbk
1882 40.5 1303620 1306001 genome.dna 42233 39773 NC_005043.gbk
102 39.1 1322427 1322284 genome.dna 1066685 1066823 NC_005043.gbk
393 34.9 1332732 1333337 genome.dna 334229 334832 NC_005043.gbk
419 35.2 1335658 1336302 genome.dna 278331 278973 NC_005043.gbk
1467 44.9 1363499 1366138 genome.dna 305767 303262 NC_005043.gbk
587 32.4 1387613 1386405 genome.dna 1109161 1110352 NC_005043.gbk
825 43.8 1470427 1469462 genome.dna 937070 936146 NC_005043.gbk
557 31.1 1475506 1474394 genome.dna 1032585 1033743 NC_005043.gbk
1333 40.0 1483266 1480684 genome.dna 192927 195390 NC_005043.gbk
492 36.3 1530248 1530991 genome.dna 169749 168993 NC_005043.gbk
1933 38.3 1540513 1543320 genome.dna 423668 420941 NC_005043.gbk
946 44.1 1543336 1544562 genome.dna 420938 419843 NC_005043.gbk
1031 43.2 1544898 1546064 genome.dna 1112070 1113231 NC_005043.gbk
1231 64.1 1546064 1546936 genome.dna 1113244 1114126 NC_005043.gbk
717 30.0 1547669 1549237 genome.dna 127617 128964 NC_005043.gbk
376 36.1 1563766 1563014 genome.dna 978837 978150 NC_005043.gbk
522 41.7 1599518 1600159 genome.dna 822974 822305 NC_005043.gbk
1487 47.8 1638449 1639855 genome.dna 402858 401418 NC_005043.gbk
475 37.6 1986118 1986840 genome.dna 405325 404551 NC_005043.gbk
498 31.9 2029109 2030257 genome.dna 821250 822225 NC_005043.gbk
101 36.8 2040877 2041047 genome.dna 1094467 1094650 NC_005043.gbk
439 30.0 2041077 2042123 genome.dna 1094665 1095628 NC_005043.gbk
590 44.7 2042130 2043083 genome.dna 334135 333127 NC_005043.gbk
576 36.0 2043101 2044030 genome.dna 333111 332184 NC_005043.gbk
689 45.9 2044045 2044779 genome.dna 332179 331432 NC_005043.gbk
237 52.0 2044934 2045170 genome.dna 331277 331037 NC_005043.gbk
1166 44.6 2045253 2046494 genome.dna 1044186 1045437 NC_005043.gbk
373 37.4 2048443 2049102 genome.dna 303258 302637 NC_005043.gbk
512 35.8 2050132 2050929 genome.dna 882940 883726 NC_005043.gbk
268 37.6 2055442 2055792 genome.dna 567417 567084 NC_005043.gbk
1770 33.2 2070405 2066956 genome.dna 1018396 1015138 NC_005043.gbk
564 43.7 2071740 2072447 genome.dna 281741 281060 NC_005043.gbk
1566 51.6 2112831 2114330 genome.dna 772234 770779 NC_005043.gbk
666 42.8 2114428 2115174 genome.dna 770774 770003 NC_005043.gbk
1075 41.4 2116495 2117718 genome.dna 768726 767505 NC_005043.gbk
977 40.3 2121733 2120321 genome.dna 122049 123504 NC_005043.gbk
541 47.8 2181519 2182154 genome.dna 611996 611393 NC_005043.gbk
982 40.8 2192856 2194133 genome.dna 404147 402878 NC_005043.gbk
354 30.6 2239913 2239125 genome.dna 449468 450368 NC_005043.gbk
566 34.7 2298807 2297113 genome.dna 1161129 1159431 NC_005043.gbk
1261 46.2 2371991 2370621 genome.dna 792351 791022 NC_005043.gbk
1162 37.0 2375035 2372933 genome.dna 364744 366877 NC_005043.gbk
1202 50.7 2487322 2486231 genome.dna 363272 362177 NC_005043.gbk
338 38.1 2488039 2487452 genome.dna 1083837 1084380 NC_005043.gbk
1139 51.9 2492889 2493971 genome.dna 142829 143903 NC_005043.gbk
703 43.5 2496092 2496946 genome.dna 804989 805799 NC_005043.gbk
1601 54.0 2563367 2561970 genome.dna 1157947 1159330 NC_005043.gbk
448 34.1 2585266 2585973 genome.dna 472181 472823 NC_005043.gbk
370 35.4 2585970 2586605 genome.dna 945094 944464 NC_005043.gbk
876 35.4 2593132 2590532 genome.dna 865055 862439 NC_005043.gbk
752 39.2 2627092 2626058 genome.dna 763269 764244 NC_005043.gbk
568 34.7 2629004 2628096 genome.dna 239423 240278 NC_005043.gbk
696 35.4 2629936 2629016 genome.dna 238448 239393 NC_005043.gbk
1330 59.3 2654735 2655739 genome.dna 715337 714329 NC_005043.gbk
628 43.4 2732234 2731251 genome.dna 1136715 1137735 NC_005043.gbk
338 44.4 2732903 2732547 genome.dna 1136335 1136701 NC_005043.gbk
172 45.6 2733144 2732947 genome.dna 1136122 1136317 NC_005043.gbk
1628 41.0 2735713 2733785 genome.dna 911093 909185 NC_005043.gbk
1153 48.7 2757088 2758194 genome.dna 482917 481831 NC_005043.gbk
1038 40.3 2794931 2793456 genome.dna 271716 273255 NC_005043.gbk
1088 51.9 2809298 2808294 genome.dna 436644 435630 NC_005043.gbk
364 36.6 2809923 2809306 genome.dna 711461 710837 NC_005043.gbk
386 41.0 2810663 2810151 genome.dna 711969 711462 NC_005043.gbk
623 42.2 2811487 2810744 genome.dna 662726 662009 NC_005043.gbk
1683 45.0 2813755 2811956 genome.dna 740245 738490 NC_005043.gbk
724 39.1 2835515 2837245 genome.dna 656428 658114 NC_005043.gbk
513 40.2 2884168 2883416 genome.dna 268829 269594 NC_005043.gbk
406 30.4 2885460 2884459 genome.dna 609581 608483 NC_005043.gbk
189 34.1 2923933 2923649 genome.dna 459356 459053 NC_005043.gbk
1524 45.1 2925698 2924025 genome.dna 354390 356133 NC_005043.gbk
442 38.4 2926492 2925815 genome.dna 655138 655789 NC_005043.gbk
1034 41.6 2975613 2974318 genome.dna 986051 984767 NC_005043.gbk
920 48.1 2982496 2983455 genome.dna 353699 352763 NC_005043.gbk
261 55.7 2988043 2988261 genome.dna 86849 87071 NC_005043.gbk
377 31.5 3003564 3004295 genome.dna 559013 558278 NC_005043.gbk
938 36.8 3042056 3043384 genome.dna 283473 284976 NC_005043.gbk
740 43.1 3065575 3066420 genome.dna 819404 820286 NC_005043.gbk
369 32.1 3084419 3083724 genome.dna 978992 979700 NC_005043.gbk
414 31.1 3110358 3111017 genome.dna 230041 229387 NC_005043.gbk
371 33.6 3154559 3153852 genome.dna 1110402 1111119 NC_005043.gbk
2157 50.9 3161386 3159374 genome.dna 906019 904045 NC_005043.gbk
598 31.9 3165022 3163865 genome.dna 1193417 1192268 NC_005043.gbk
991 46.7 3166099 3165062 genome.dna 1194391 1193395 NC_005043.gbk
638 32.0 3230474 3228642 genome.dna 1070362 1068550 NC_005043.gbk
550 31.7 3290769 3289561 genome.dna 441853 440737 NC_005043.gbk
870 41.2 3310237 3309242 genome.dna 762305 763280 NC_005043.gbk
448 33.0 3353699 3354838 genome.dna 128974 130009 NC_005043.gbk
1389 42.3 3364676 3363084 genome.dna 36614 35009 NC_005043.gbk
445 40.4 3408161 3407589 genome.dna 295144 294565 NC_005043.gbk
843 47.3 3413548 3412631 genome.dna 71134 72061 NC_005043.gbk
482 34.4 3415469 3414618 genome.dna 667314 668118 NC_005043.gbk
810 45.7 3427528 3426443 genome.dna 1187899 1186819 NC_005043.gbk
1248 43.6 3468186 3466690 genome.dna 922937 924428 NC_005043.gbk
620 41.7 3516455 3517318 genome.dna 377230 378091 NC_005043.gbk
1008 40.1 3519048 3517663 genome.dna 1064492 1063067 NC_005043.gbk
894 44.4 3590632 3589055 genome.dna 209842 208552 NC_005043.gbk
512 33.5 3599984 3598497 genome.dna 954053 952589 NC_005043.gbk
885 37.3 3603229 3601955 genome.dna 741512 740219 NC_005043.gbk
509 55.9 3608433 3608005 genome.dna 710766 710331 NC_005043.gbk
996 41.6 3642369 3641032 genome.dna 673323 674508 NC_005043.gbk
356 39.9 3651787 3651263 genome.dna 1149127 1149574 NC_005043.gbk
245 38.2 3680225 3679845 genome.dna 352403 352772 NC_005043.gbk
358 33.6 3683368 3682688 genome.dna 67519 66805 NC_005043.gbk
2111 51.3 3686442 3684643 genome.dna 399511 401320 NC_005043.gbk
722 50.7 3694571 3695257 genome.dna 869809 870520 NC_005043.gbk
659 32.4 3698228 3696813 genome.dna 642934 641416 NC_005043.gbk
943 37.3 3709959 3708493 genome.dna 1119695 1121147 NC_005043.gbk
1014 39.9 3714803 3716083 genome.dna 171514 170191 NC_005043.gbk
436 35.5 3730782 3732230 genome.dna 1105345 1104094 NC_005043.gbk
2643 49.5 3762599 3760023 genome.dna 175448 178058 NC_005043.gbk
591 40.4 3764478 3763501 genome.dna 803222 804200 NC_005043.gbk
333 42.0 3773009 3772662 genome.dna 147596 147962 NC_005043.gbk
1110 39.2 3776200 3774839 genome.dna 144773 146120 NC_005043.gbk
2147 40.4 3784972 3782345 genome.dna 1020984 1018365 NC_005043.gbk
1210 56.6 3786717 3785644 genome.dna 856919 855857 NC_005043.gbk
600 31.2 3918901 3920391 genome.dna 894 2373 NC_005043.gbk
673 35.0 3952362 3953393 genome.dna 311986 310960 NC_005043.gbk
458 36.1 3953386 3954039 genome.dna 310951 310285 NC_005043.gbk
374 33.8 3954101 3954916 genome.dna 310289 309470 NC_005043.gbk
1419 40.8 3956293 3958011 genome.dna 577980 579687 NC_005043.gbk
1073 56.3 4001743 4000448 genome.dna 903854 902567 NC_005043.gbk
1410 50.1 4003479 4001842 genome.dna 269569 271183 NC_005043.gbk
1390 40.1 4027241 4025196 genome.dna 183209 185198 NC_005043.gbk
238 52.9 4060248 4060021 genome.dna 1084827 1085076 NC_005043.gbk
348 35.7 4079441 4080034 genome.dna 871353 870732 NC_005043.gbk
611 33.8 4080027 4081166 genome.dna 424233 425379 NC_005043.gbk
746 38.4 4114440 4115846 genome.dna 706055 707462 NC_005043.gbk
929 38.0 4119655 4120848 genome.dna 833354 832166 NC_005043.gbk
1014 36.3 4231793 4230366 genome.dna 938452 937066 NC_005043.gbk
784 38.4 4255592 4252890 genome.dna 949053 951966 NC_005043.gbk
529 36.0 4257707 4256787 genome.dna 732157 731308 NC_005043.gbk
319 30.9 4267226 4265910 genome.dna 1030609 1031863 NC_005043.gbk
697 41.0 4268312 4267230 genome.dna 1029557 1030607 NC_005043.gbk
819 35.7 4271151 4269664 genome.dna 461901 460449 NC_005043.gbk
435 34.1 4274186 4273242 genome.dna 465499 464605 NC_005043.gbk
433 34.3 4319027 4319845 genome.dna 1210551 1211385 NC_005043.gbk
894 48.2 4334402 4333452 genome.dna 1164708 1165641 NC_005043.gbk
224 30.6 4335368 4334856 genome.dna 613144 613621 NC_005043.gbk
508 33.2 4339154 4338213 genome.dna 361279 362200 NC_005043.gbk
871 44.6 4343498 4342359 genome.dna 44921 46100 NC_005043.gbk
2250 57.4 4345514 4343607 genome.dna 581555 583538 NC_005043.gbk
372 37.2 4373604 4372945 genome.dna 173297 172601 NC_005043.gbk
378 38.3 4379941 4378778 genome.dna 760252 759043 NC_005043.gbk
1830 44.1 4383337 4381343 genome.dna 1021162 1023214 NC_005043.gbk
852 38.7 4402445 4401165 genome.dna 554946 553527 NC_005043.gbk
492 30.9 4403893 4402952 genome.dna 1039301 1040330 NC_005043.gbk
546 32.6 4442783 4444579 genome.dna 884760 886641 NC_005043.gbk
402 30.2 4444572 4445309 genome.dna 886654 887428 NC_005043.gbk
552 45.7 4448185 4447619 genome.dna 1024310 1024883 NC_005043.gbk
728 35.1 4451372 4449723 genome.dna 1173004 1174585 NC_005043.gbk
597 33.9 4451863 4453239 genome.dna 1198294 1199617 NC_005043.gbk
695 38.6 4482986 4483933 genome.dna 729994 729028 NC_005043.gbk
223 44.3 4488068 4487676 genome.dna 715807 715378 NC_005043.gbk
242 37.8 4489098 4488109 genome.dna 716938 715813 NC_005043.gbk
465 38.6 4489744 4489124 genome.dna 821034 820404 NC_005043.gbk
459 53.4 4490164 4489775 genome.dna 717360 716958 NC_005043.gbk
367 51.3 4490537 4490181 genome.dna 717750 717381 NC_005043.gbk
789 39.5 4492165 4490834 genome.dna 719179 717805 NC_005043.gbk
295 43.0 4492607 4492173 genome.dna 719638 719203 NC_005043.gbk
486 44.8 4493297 4492797 genome.dna 720128 719630 NC_005043.gbk
233 38.8 4493665 4493312 genome.dna 720517 720145 NC_005043.gbk
476 42.6 4494208 4493675 genome.dna 721079 720527 NC_005043.gbk
308 37.9 4494614 4494222 genome.dna 721507 721105 NC_005043.gbk
314 47.5 4494953 4494648 genome.dna 1066845 1067151 NC_005043.gbk
617 52.5 4495506 4494967 genome.dna 722067 721524 NC_005043.gbk
153 36.7 4495835 4495521 genome.dna 722404 722068 NC_005043.gbk
490 56.1 4496217 4495846 genome.dna 722786 722417 NC_005043.gbk
194 47.9 4496635 4496381 genome.dna 723069 722808 NC_005043.gbk
495 54.5 4497236 4496826 genome.dna 723699 723282 NC_005043.gbk
777 53.2 4497950 4497249 genome.dna 724399 723727 NC_005043.gbk
244 41.2 4498300 4497968 genome.dna 724750 724414 NC_005043.gbk
353 60.2 4498593 4498315 genome.dna 725035 724768 NC_005043.gbk
986 54.4 4499431 4498610 genome.dna 725895 725040 NC_005043.gbk
134 33.3 4499751 4499449 genome.dna 726252 725916 NC_005043.gbk
271 33.3 4500353 4499748 genome.dna 726943 726268 NC_005043.gbk
581 45.1 4500993 4500364 genome.dna 727683 726975 NC_005043.gbk
443 67.7 4501337 4501026 genome.dna 630912 630573 NC_005043.gbk
2528 56.9 4505956 4503842 genome.dna 632983 630898 NC_005043.gbk
547 54.8 4506523 4506053 genome.dna 633490 633016 NC_005043.gbk
615 72.4 4506994 4506620 genome.dna 633909 633537 NC_005043.gbk
817 41.7 4514011 4512740 genome.dna 601119 599559 NC_005043.gbk
530 30.4 4557783 4556779 genome.dna 907062 906027 NC_005043.gbk
471 36.6 4559154 4558477 genome.dna 219858 219168 NC_005043.gbk
478 30.5 4562421 4561336 genome.dna 1186823 1185680 NC_005043.gbk
2630 48.9 4632742 4630295 genome.dna 346400 343925 NC_005043.gbk
455 30.7 4634257 4632818 genome.dna 1082824 1081393 NC_005043.gbk
597 30.8 4635563 4634286 genome.dna 696217 694891 NC_005043.gbk
1183 38.5 4637576 4635600 genome.dna 432828 434823 NC_005043.gbk
1990 43.0 4639754 4637577 genome.dna 551165 549002 NC_005043.gbk
401 30.9 4645142 4645735 genome.dna 1155375 1154766 NC_005043.gbk
1030 40.9 4656105 4657454 genome.dna 742322 743690 NC_005043.gbk
130 31.1 4675687 4674863 genome.dna 599008 598222 NC_005043.gbk
1644 60.3 4708658 4707399 genome.dna 698742 697347 NC_005043.gbk
275 45.9 4709479 4709153 genome.dna 736854 737163 NC_005043.gbk
1324 40.0 4714432 4712411 genome.dna 869707 867787 NC_005043.gbk
1253 36.7 4770998 4773196 genome.dna 1054624 1052374 NC_005043.gbk
612 42.1 4786326 4787093 genome.dna 1215654 1216419 NC_005043.gbk
344 41.0 4834867 4834403 genome.dna 737649 737178 NC_005043.gbk
272 31.4 4869761 4870336 genome.dna 694029 693468 NC_005043.gbk
967 30.7 4872230 4874593 genome.dna 983966 981989 NC_005043.gbk
847 34.0 4886675 4885383 genome.dna 608484 607239 NC_005043.gbk
1506 44.4 4939318 4937906 genome.dna 244614 246027 NC_005043.gbk
1756 47.9 4981440 4979023 genome.dna 308200 305782 NC_005043.gbk
565 30.5 4983694 4982594 genome.dna 379691 380792 NC_005043.gbk
920 36.5 4985096 4983699 genome.dna 467112 468465 NC_005043.gbk
172 64.3 4985770 4985910 genome.dna 1066441 1066303 NC_005043.gbk
696 38.2 4988276 4989640 genome.dna 946429 945100 NC_005043.gbk
1445 41.0 5049054 5047222 genome.dna 1107244 1109074 NC_005043.gbk
1735 49.7 5063659 5061770 genome.dna 707805 709641 NC_005043.gbk
