711 40.4 1179 2171 genome.dna 414151 413161 NC_002162.gbk
414 39.9 50956 50333 genome.dna 256117 256693 NC_002162.gbk
560 31.3 118825 120366 genome.dna 15754 14146 NC_002162.gbk
141 40.0 167881 168117 genome.dna 254258 254453 NC_002162.gbk
93 31.4 168129 168296 genome.dna 662293 662131 NC_002162.gbk
465 33.6 168516 169325 genome.dna 477076 476248 NC_002162.gbk
1908 71.1 250357 251541 genome.dna 648425 647240 NC_002162.gbk
371 45.3 252872 253300 genome.dna 670703 670250 NC_002162.gbk
610 39.7 253304 254008 genome.dna 670248 669558 NC_002162.gbk
315 45.8 254890 255255 genome.dna 8478 8844 NC_002162.gbk
1510 36.4 255584 259612 genome.dna 225604 229909 NC_002162.gbk
760 34.4 259736 263959 genome.dna 229930 233848 NC_002162.gbk
432 45.8 352201 352629 genome.dna 722129 721682 NC_002162.gbk
434 54.8 352645 353037 genome.dna 721663 721261 NC_002162.gbk
426 31.2 372605 373492 genome.dna 237721 238561 NC_002162.gbk
508 34.0 386934 386071 genome.dna 745001 744128 NC_002162.gbk
865 32.0 460910 458055 genome.dna 301652 304277 NC_002162.gbk
581 36.1 755628 756641 genome.dna 473929 474892 NC_002162.gbk
305 41.2 761608 761919 genome.dna 255800 255497 NC_002162.gbk
920 40.7 763509 764681 genome.dna 526056 524748 NC_002162.gbk
1328 39.5 768185 770122 genome.dna 132855 135021 NC_002162.gbk
269 47.7 783547 783816 genome.dna 249632 249362 NC_002162.gbk
783 33.5 795852 797180 genome.dna 418751 420053 NC_002162.gbk
560 41.7 798538 799257 genome.dna 316586 317306 NC_002162.gbk
1239 42.6 844582 846099 genome.dna 77526 79008 NC_002162.gbk
309 37.6 927840 927358 genome.dna 72607 73033 NC_002162.gbk
985 32.9 955638 953644 genome.dna 735558 733596 NC_002162.gbk
274 35.1 957261 956803 genome.dna 4430 4895 NC_002162.gbk
190 36.1 996273 996016 genome.dna 735851 735587 NC_002162.gbk
721 32.9 1136591 1135386 genome.dna 515769 514560 NC_002162.gbk
498 33.2 1154052 1153258 genome.dna 287733 288483 NC_002162.gbk
360 40.5 1155257 1156108 genome.dna 636500 635624 NC_002162.gbk
533 37.3 1156279 1157004 genome.dna 635541 634833 NC_002162.gbk
413 41.4 1157130 1157687 genome.dna 634816 634264 NC_002162.gbk
919 31.1 1169670 1173152 genome.dna 480900 477990 NC_002162.gbk
638 40.5 1202667 1201900 genome.dna 85347 84471 NC_002162.gbk
1780 40.8 1303620 1306001 genome.dna 395022 397398 NC_002162.gbk
650 35.7 1316909 1318201 genome.dna 262344 263910 NC_002162.gbk
462 41.9 1329655 1330212 genome.dna 585080 584558 NC_002162.gbk
122 30.2 1332403 1332732 genome.dna 107560 107860 NC_002162.gbk
353 31.0 1332732 1333337 genome.dna 107868 108474 NC_002162.gbk
407 32.1 1335658 1336302 genome.dna 287067 287709 NC_002162.gbk
1594 48.1 1363499 1366138 genome.dna 99068 101591 NC_002162.gbk
632 47.8 1428285 1428911 genome.dna 152345 151721 NC_002162.gbk
1489 35.1 1483266 1480684 genome.dna 423255 425676 NC_002162.gbk
468 39.3 1599518 1600159 genome.dna 378714 378090 NC_002162.gbk
130 43.9 2040877 2041047 genome.dna 378899 379073 NC_002162.gbk
467 33.0 2041077 2042123 genome.dna 251438 250442 NC_002162.gbk
316 34.7 2079241 2079792 genome.dna 327160 326671 NC_002162.gbk
986 40.8 2192856 2194133 genome.dna 153837 152589 NC_002162.gbk
1234 51.2 2487322 2486231 genome.dna 744118 743011 NC_002162.gbk
353 36.8 2488039 2487452 genome.dna 95366 94805 NC_002162.gbk
791 41.3 2489732 2488785 genome.dna 236179 237172 NC_002162.gbk
998 43.9 2492889 2493971 genome.dna 1934 3014 NC_002162.gbk
428 33.7 2732234 2731251 genome.dna 523504 522502 NC_002162.gbk
369 50.0 2732903 2732547 genome.dna 275233 275596 NC_002162.gbk
161 46.9 2733144 2732947 genome.dna 274984 275179 NC_002162.gbk
311 32.0 2733782 2733240 genome.dna 274433 274970 NC_002162.gbk
1401 36.9 2735713 2733785 genome.dna 664096 662353 NC_002162.gbk
965 48.1 2757088 2758194 genome.dna 463432 462274 NC_002162.gbk
613 35.8 2809298 2808294 genome.dna 509688 508749 NC_002162.gbk
449 34.2 2811487 2810744 genome.dna 338651 339362 NC_002162.gbk
1418 39.0 2813755 2811956 genome.dna 322934 324671 NC_002162.gbk
997 45.0 2864092 2865492 genome.dna 416130 414765 NC_002162.gbk
377 31.2 2926492 2925815 genome.dna 389444 390119 NC_002162.gbk
1268 47.1 2975613 2974318 genome.dna 135131 136388 NC_002162.gbk
328 31.6 2977060 2975717 genome.dna 238562 239789 NC_002162.gbk
254 51.4 2988043 2988261 genome.dna 288510 288735 NC_002162.gbk
582 43.0 3019705 3020373 genome.dna 733585 732937 NC_002162.gbk
2028 49.2 3161386 3159374 genome.dna 157410 159411 NC_002162.gbk
885 34.6 3519048 3517663 genome.dna 162461 163772 NC_002162.gbk
564 34.2 3599984 3598497 genome.dna 441849 440520 NC_002162.gbk
812 34.8 3603229 3601955 genome.dna 321666 322929 NC_002162.gbk
577 33.0 3682691 3681786 genome.dna 588881 589796 NC_002162.gbk
271 31.5 3683368 3682688 genome.dna 250453 249742 NC_002162.gbk
2261 53.6 3686442 3684643 genome.dna 371635 369835 NC_002162.gbk
592 44.7 3694571 3695257 genome.dna 682679 682040 NC_002162.gbk
417 32.7 3698228 3696813 genome.dna 748210 746761 NC_002162.gbk
394 32.6 3738313 3737777 genome.dna 132230 132851 NC_002162.gbk
2187 47.2 3762599 3760023 genome.dna 451523 453638 NC_002162.gbk
332 46.8 3773009 3772662 genome.dna 707897 707525 NC_002162.gbk
542 38.1 3773827 3773072 genome.dna 708593 707906 NC_002162.gbk
1079 39.8 3776200 3774839 genome.dna 111213 112560 NC_002162.gbk
1164 33.8 3784972 3782345 genome.dna 420083 422804 NC_002162.gbk
880 39.6 3786717 3785644 genome.dna 102207 103212 NC_002162.gbk
282 38.1 3787319 3786825 genome.dna 101698 102169 NC_002162.gbk
930 47.3 4001743 4000448 genome.dna 221789 223112 NC_002162.gbk
1072 37.5 4003479 4001842 genome.dna 320034 321663 NC_002162.gbk
1375 36.3 4027241 4025196 genome.dna 159494 161516 NC_002162.gbk
157 30.2 4037132 4037767 genome.dna 466307 465533 NC_002162.gbk
336 39.9 4039680 4040210 genome.dna 359160 358614 NC_002162.gbk
239 34.2 4059979 4059527 genome.dna 686330 685892 NC_002162.gbk
223 46.9 4060248 4060021 genome.dna 686653 686413 NC_002162.gbk
3038 49.1 4139901 4137067 genome.dna 127703 130535 NC_002162.gbk
755 40.2 4255592 4252890 genome.dna 154894 157408 NC_002162.gbk
708 39.0 4274186 4273242 genome.dna 443584 444511 NC_002162.gbk
1506 36.2 4338181 4335368 genome.dna 471223 473926 NC_002162.gbk
162 41.6 4339580 4339843 genome.dna 355347 355092 NC_002162.gbk
755 36.0 4343498 4342359 genome.dna 469594 468466 NC_002162.gbk
1585 47.1 4345514 4343607 genome.dna 385803 387615 NC_002162.gbk
482 33.2 4379941 4378778 genome.dna 314149 315418 NC_002162.gbk
808 43.5 4388480 4389631 genome.dna 474915 476046 NC_002162.gbk
110 32.2 4393907 4394326 genome.dna 422796 423240 NC_002162.gbk
276 46.2 4488068 4487676 genome.dna 290729 291089 NC_002162.gbk
264 36.6 4489098 4488109 genome.dna 289718 290702 NC_002162.gbk
464 40.4 4489744 4489124 genome.dna 613440 612831 NC_002162.gbk
459 52.1 4490164 4489775 genome.dna 289316 289682 NC_002162.gbk
459 57.3 4490537 4490181 genome.dna 288896 289295 NC_002162.gbk
199 78.9 4490800 4490684 genome.dna 288758 288872 NC_002162.gbk
675 33.1 4492165 4490834 genome.dna 285643 287059 NC_002162.gbk
298 38.6 4492607 4492173 genome.dna 285144 285591 NC_002162.gbk
277 43.6 4493665 4493312 genome.dna 284133 284499 NC_002162.gbk
421 41.4 4494208 4493675 genome.dna 283566 284115 NC_002162.gbk
376 47.7 4494614 4494222 genome.dna 283159 283558 NC_002162.gbk
714 55.9 4495506 4494967 genome.dna 282405 282960 NC_002162.gbk
215 40.8 4495835 4495521 genome.dna 282056 282389 NC_002162.gbk
469 57.7 4496217 4495846 genome.dna 281673 282042 NC_002162.gbk
264 46.8 4496635 4496381 genome.dna 281399 281654 NC_002162.gbk
449 53.0 4497236 4496826 genome.dna 280756 281173 NC_002162.gbk
611 42.1 4497950 4497249 genome.dna 279968 280742 NC_002162.gbk
366 59.1 4498593 4498315 genome.dna 278725 278992 NC_002162.gbk
944 52.9 4499431 4498610 genome.dna 277865 278705 NC_002162.gbk
325 34.6 4500353 4499748 genome.dna 276856 277492 NC_002162.gbk
487 41.0 4500993 4500364 genome.dna 276144 276846 NC_002162.gbk
367 54.0 4501337 4501026 genome.dna 275814 276120 NC_002162.gbk
2344 58.2 4505956 4503842 genome.dna 650628 648561 NC_002162.gbk
555 52.7 4506523 4506053 genome.dna 651122 650654 NC_002162.gbk
495 62.5 4506994 4506620 genome.dna 651575 651149 NC_002162.gbk
820 43.1 4557783 4556779 genome.dna 215982 214980 NC_002162.gbk
1125 33.8 4597892 4600225 genome.dna 31886 29765 NC_002162.gbk
1068 32.4 4672431 4670269 genome.dna 619481 617249 NC_002162.gbk
160 33.3 4834867 4834403 genome.dna 304281 304800 NC_002162.gbk
211 73.3 4985770 4985910 genome.dna 751549 751402 NC_002162.gbk
592 30.5 4988276 4989640 genome.dna 19670 18353 NC_002162.gbk
1996 67.9 5055348 5053966 genome.dna 171331 169936 NC_002162.gbk
427 31.6 5056259 5055396 genome.dna 172218 171357 NC_002162.gbk
1448 43.6 5063659 5061770 genome.dna 41796 43641 NC_002162.gbk
