1067 36.9 10948 12453 genome.dna 435554 437051 NC_000868.gbk
218 30.1 23264 22674 genome.dna 820319 819743 NC_000868.gbk
805 41.3 36667 35258 genome.dna 1578480 1577160 NC_000868.gbk
595 30.1 44746 43358 genome.dna 745571 744287 NC_000868.gbk
607 32.8 62838 64181 genome.dna 542064 543327 NC_000868.gbk
753 46.4 93925 92960 genome.dna 1401263 1402271 NC_000868.gbk
621 38.5 153705 152758 genome.dna 220128 221046 NC_000868.gbk
369 30.5 154586 153765 genome.dna 551950 551101 NC_000868.gbk
710 44.8 155671 154589 genome.dna 73992 75078 NC_000868.gbk
622 33.7 166824 165547 genome.dna 672062 670856 NC_000868.gbk
376 30.0 186544 185612 genome.dna 315017 314093 NC_000868.gbk
966 41.0 186786 187982 genome.dna 1659223 1658026 NC_000868.gbk
1014 42.5 187993 189078 genome.dna 1341742 1340695 NC_000868.gbk
530 37.7 217784 218788 genome.dna 424420 425413 NC_000868.gbk
655 35.1 250357 251541 genome.dna 636919 638206 NC_000868.gbk
288 36.6 252872 253300 genome.dna 619 124 NC_000868.gbk
322 34.1 253304 254008 genome.dna 61 1764519 NC_000868.gbk
460 37.1 270806 270027 genome.dna 58131 57438 NC_000868.gbk
309 34.6 271449 270808 genome.dna 1046642 1046018 NC_000868.gbk
748 33.7 280242 278956 genome.dna 1606728 1605411 NC_000868.gbk
203 33.3 307112 306645 genome.dna 854179 853741 NC_000868.gbk
374 42.8 315964 316557 genome.dna 1691610 1692174 NC_000868.gbk
730 30.2 321945 323390 genome.dna 237190 238549 NC_000868.gbk
312 31.0 341977 341009 genome.dna 1519090 1520035 NC_000868.gbk
187 35.4 352645 353037 genome.dna 507265 507673 NC_000868.gbk
902 36.8 357036 355618 genome.dna 912468 911043 NC_000868.gbk
386 35.6 417112 416177 genome.dna 656670 657588 NC_000868.gbk
393 49.2 431880 431494 genome.dna 1208889 1209273 NC_000868.gbk
427 43.3 432443 431979 genome.dna 1282246 1281787 NC_000868.gbk
1006 51.8 433394 432459 genome.dna 1283173 1282246 NC_000868.gbk
659 41.1 435364 434357 genome.dna 1279548 1278594 NC_000868.gbk
280 32.9 452937 452395 genome.dna 159651 159099 NC_000868.gbk
417 33.5 572685 573470 genome.dna 528583 527833 NC_000868.gbk
229 35.4 692962 692627 genome.dna 949564 949258 NC_000868.gbk
466 37.8 755628 756641 genome.dna 1750561 1751536 NC_000868.gbk
484 34.9 761351 760380 genome.dna 880514 879473 NC_000868.gbk
653 33.7 771082 772419 genome.dna 1016596 1015240 NC_000868.gbk
341 32.8 812975 814090 genome.dna 1052577 1051380 NC_000868.gbk
365 48.8 814149 814541 genome.dna 788334 788769 NC_000868.gbk
403 31.0 987143 988024 genome.dna 365969 366824 NC_000868.gbk
585 42.8 1159320 1160081 genome.dna 544493 545288 NC_000868.gbk
502 34.3 1202667 1201900 genome.dna 969906 970680 NC_000868.gbk
335 30.9 1270601 1269999 genome.dna 1000590 999939 NC_000868.gbk
178 30.1 1310544 1309849 genome.dna 82001 81281 NC_000868.gbk
488 35.9 1335658 1336302 genome.dna 1065074 1065737 NC_000868.gbk
704 40.4 1358126 1357212 genome.dna 1522021 1521121 NC_000868.gbk
197 30.3 1400772 1401275 genome.dna 1327993 1328443 NC_000868.gbk
773 38.0 1402802 1401792 genome.dna 1271473 1272484 NC_000868.gbk
875 37.6 1403920 1402802 genome.dna 1199353 1198249 NC_000868.gbk
161 34.6 1404198 1403920 genome.dna 1199581 1199353 NC_000868.gbk
255 35.6 1408623 1408141 genome.dna 819320 819764 NC_000868.gbk
382 39.0 1410370 1409819 genome.dna 1434374 1433816 NC_000868.gbk
1601 43.2 1412114 1410378 genome.dna 1436141 1434374 NC_000868.gbk
1008 37.6 1415842 1414382 genome.dna 1440441 1438980 NC_000868.gbk
498 33.2 1416808 1415858 genome.dna 1437044 1436144 NC_000868.gbk
1327 33.8 1420602 1422752 genome.dna 1443021 1440960 NC_000868.gbk
1125 35.6 1422749 1425052 genome.dna 1198158 1195836 NC_000868.gbk
604 38.0 1427931 1426894 genome.dna 1629552 1630557 NC_000868.gbk
392 31.8 1428285 1428911 genome.dna 744281 743582 NC_000868.gbk
670 45.6 1436929 1437642 genome.dna 227209 226504 NC_000868.gbk
487 36.5 1467907 1467197 genome.dna 402344 401645 NC_000868.gbk
268 36.7 1468782 1468399 genome.dna 623278 622906 NC_000868.gbk
746 31.8 1504627 1506285 genome.dna 464159 465875 NC_000868.gbk
438 52.5 1514785 1514357 genome.dna 954695 955109 NC_000868.gbk
475 35.7 1530248 1530991 genome.dna 1378307 1377554 NC_000868.gbk
588 41.8 1531148 1531804 genome.dna 952743 952065 NC_000868.gbk
552 35.4 1531798 1532742 genome.dna 952075 951079 NC_000868.gbk
600 45.8 1533499 1534146 genome.dna 1404320 1403717 NC_000868.gbk
566 36.9 1558773 1559834 genome.dna 9583 8656 NC_000868.gbk
779 32.2 1598005 1595975 genome.dna 947037 949206 NC_000868.gbk
1245 43.6 1631952 1633361 genome.dna 1188302 1189700 NC_000868.gbk
522 32.9 1635671 1634820 genome.dna 1137419 1138271 NC_000868.gbk
653 57.6 1636204 1635668 genome.dna 1135722 1136280 NC_000868.gbk
1313 39.7 1754157 1752061 genome.dna 750409 752407 NC_000868.gbk
898 37.1 1768623 1769945 genome.dna 802097 800819 NC_000868.gbk
495 30.5 1775956 1776978 genome.dna 813901 812812 NC_000868.gbk
790 42.9 1779652 1780665 genome.dna 56890 55897 NC_000868.gbk
541 37.9 1780662 1781378 genome.dna 1329786 1330473 NC_000868.gbk
335 38.0 1939436 1939933 genome.dna 1517472 1517910 NC_000868.gbk
410 34.7 1942291 1943163 genome.dna 1516032 1515180 NC_000868.gbk
957 43.3 1943163 1944215 genome.dna 1514823 1513716 NC_000868.gbk
245 33.9 1944254 1944643 genome.dna 1515196 1514833 NC_000868.gbk
610 33.1 1980555 1981667 genome.dna 1114428 1115529 NC_000868.gbk
335 43.6 2009604 2010017 genome.dna 1075039 1074592 NC_000868.gbk
245 49.5 2010635 2010913 genome.dna 1643827 1643551 NC_000868.gbk
112 31.1 2015203 2015631 genome.dna 1672871 1673321 NC_000868.gbk
485 39.6 2044045 2044779 genome.dna 1633405 1634128 NC_000868.gbk
344 34.1 2048443 2049102 genome.dna 459540 460158 NC_000868.gbk
532 39.9 2074702 2075532 genome.dna 1161202 1161955 NC_000868.gbk
1015 38.5 2102354 2104732 genome.dna 86139 88599 NC_000868.gbk
678 44.0 2114428 2115174 genome.dna 720190 719446 NC_000868.gbk
915 38.3 2116495 2117718 genome.dna 241145 242351 NC_000868.gbk
1024 39.1 2121733 2120321 genome.dna 1365769 1364332 NC_000868.gbk
501 34.0 2210106 2211050 genome.dna 429291 430245 NC_000868.gbk
174 35.2 2217316 2217645 genome.dna 332331 332031 NC_000868.gbk
622 31.5 2221311 2219248 genome.dna 1206027 1204248 NC_000868.gbk
877 36.8 2336995 2338260 genome.dna 626973 625677 NC_000868.gbk
935 43.1 2463282 2462086 genome.dna 1280646 1281798 NC_000868.gbk
462 31.0 2489732 2488785 genome.dna 1679539 1680388 NC_000868.gbk
799 33.9 2542867 2544249 genome.dna 136004 137405 NC_000868.gbk
441 33.2 2585970 2586605 genome.dna 627485 628154 NC_000868.gbk
363 33.5 2595969 2596559 genome.dna 73018 72490 NC_000868.gbk
691 38.5 2605113 2606180 genome.dna 446592 445617 NC_000868.gbk
1560 59.1 2607572 2608762 genome.dna 443150 441983 NC_000868.gbk
515 34.6 2608762 2609568 genome.dna 441991 441244 NC_000868.gbk
981 45.4 2627092 2626058 genome.dna 695312 694331 NC_000868.gbk
982 48.1 2628084 2627089 genome.dna 1725024 1724064 NC_000868.gbk
729 44.8 2639766 2638855 genome.dna 1111965 1112841 NC_000868.gbk
604 35.7 2651794 2652813 genome.dna 66661 65638 NC_000868.gbk
199 36.5 2652833 2653480 genome.dna 943845 943302 NC_000868.gbk
487 37.5 2657649 2656798 genome.dna 32428 31588 NC_000868.gbk
543 47.0 2677723 2677067 genome.dna 1353048 1352370 NC_000868.gbk
328 32.7 2679167 2679979 genome.dna 1391205 1391943 NC_000868.gbk
1044 46.1 2716618 2717745 genome.dna 184562 185678 NC_000868.gbk
318 31.7 2741372 2740491 genome.dna 1093824 1094694 NC_000868.gbk
1058 47.1 2791280 2792458 genome.dna 1610194 1608904 NC_000868.gbk
335 30.0 2801685 2802443 genome.dna 1231313 1230596 NC_000868.gbk
490 34.4 2864092 2865492 genome.dna 230327 229022 NC_000868.gbk
516 32.4 2928002 2926713 genome.dna 438966 440199 NC_000868.gbk
856 37.0 2975613 2974318 genome.dna 1290538 1291906 NC_000868.gbk
299 34.4 2981911 2981417 genome.dna 605570 605114 NC_000868.gbk
196 32.0 3002657 3002334 genome.dna 470882 471236 NC_000868.gbk
179 30.9 3135924 3135382 genome.dna 367290 366738 NC_000868.gbk
319 41.4 3155124 3154672 genome.dna 168295 168742 NC_000868.gbk
120 33.3 3155372 3155127 genome.dna 1374864 1374579 NC_000868.gbk
354 47.1 3155863 3155369 genome.dna 362170 361690 NC_000868.gbk
245 36.1 3156400 3155882 genome.dna 1484593 1484083 NC_000868.gbk
481 32.9 3157424 3156435 genome.dna 109779 108858 NC_000868.gbk
479 40.0 3169188 3169883 genome.dna 353226 353901 NC_000868.gbk
922 48.2 3174746 3173826 genome.dna 144070 145003 NC_000868.gbk
679 35.6 3178804 3180039 genome.dna 1376059 1374850 NC_000868.gbk
585 31.9 3289547 3288372 genome.dna 419655 420741 NC_000868.gbk
939 38.4 3389494 3390708 genome.dna 786049 784852 NC_000868.gbk
484 44.6 3408161 3407589 genome.dna 929614 930160 NC_000868.gbk
553 41.0 3409858 3408341 genome.dna 227267 228611 NC_000868.gbk
206 32.4 3415469 3414618 genome.dna 965254 964462 NC_000868.gbk
961 46.0 3427528 3426443 genome.dna 440188 441259 NC_000868.gbk
708 39.6 3455799 3454780 genome.dna 1232301 1231305 NC_000868.gbk
1244 49.1 3519048 3517663 genome.dna 1359728 1361162 NC_000868.gbk
495 48.8 3521609 3522118 genome.dna 1608383 1608908 NC_000868.gbk
858 50.0 3527868 3527053 genome.dna 1006610 1007453 NC_000868.gbk
502 38.1 3578361 3577567 genome.dna 1047438 1046631 NC_000868.gbk
345 30.5 3583245 3582508 genome.dna 1486683 1487445 NC_000868.gbk
945 47.7 3592205 3590739 genome.dna 1642862 1641404 NC_000868.gbk
433 49.3 3608433 3608005 genome.dna 1299515 1299026 NC_000868.gbk
210 32.0 3622920 3623723 genome.dna 284189 284954 NC_000868.gbk
811 37.7 3625021 3626103 genome.dna 968878 969910 NC_000868.gbk
805 36.3 3635387 3634134 genome.dna 493629 492345 NC_000868.gbk
375 34.6 3689812 3691413 genome.dna 12212 10817 NC_000868.gbk
886 44.9 3703917 3702925 genome.dna 753998 754988 NC_000868.gbk
647 42.7 3732844 3733638 genome.dna 806612 807461 NC_000868.gbk
581 33.8 3736813 3735875 genome.dna 734932 734014 NC_000868.gbk
575 34.2 3742499 3743362 genome.dna 201386 200546 NC_000868.gbk
972 37.1 3776200 3774839 genome.dna 460196 461528 NC_000868.gbk
435 36.4 3817622 3816588 genome.dna 372603 373464 NC_000868.gbk
435 36.4 3824552 3823518 genome.dna 372603 373464 NC_000868.gbk
727 44.8 3898447 3899475 genome.dna 1294690 1295761 NC_000868.gbk
460 38.5 3961248 3960622 genome.dna 1714662 1714002 NC_000868.gbk
399 39.0 3967961 3967344 genome.dna 1129675 1130200 NC_000868.gbk
1483 57.5 4001743 4000448 genome.dna 1692209 1693502 NC_000868.gbk
1590 52.6 4003479 4001842 genome.dna 346123 347737 NC_000868.gbk
446 41.1 4039680 4040210 genome.dna 1668720 1669257 NC_000868.gbk
137 36.4 4079133 4079423 genome.dna 481178 480899 NC_000868.gbk
213 34.8 4079441 4080034 genome.dna 1675624 1675072 NC_000868.gbk
471 35.3 4244964 4245854 genome.dna 7851 7011 NC_000868.gbk
1508 40.9 4279582 4277864 genome.dna 1302721 1304410 NC_000868.gbk
1431 47.2 4282166 4283764 genome.dna 1305440 1306901 NC_000868.gbk
762 39.5 4283764 4284855 genome.dna 1308700 1309765 NC_000868.gbk
457 35.8 4284858 4286258 genome.dna 1306941 1308213 NC_000868.gbk
747 39.9 4296705 4297769 genome.dna 756033 754974 NC_000868.gbk
391 35.0 4354760 4353831 genome.dna 997568 996683 NC_000868.gbk
523 41.3 4373604 4372945 genome.dna 725420 726110 NC_000868.gbk
319 34.6 4379941 4378778 genome.dna 994458 993225 NC_000868.gbk
370 32.3 4398393 4397095 genome.dna 1555882 1554862 NC_000868.gbk
392 30.3 4409618 4408062 genome.dna 1716984 1718439 NC_000868.gbk
457 39.9 4477982 4478530 genome.dna 543975 544497 NC_000868.gbk
356 35.4 4479596 4478769 genome.dna 432655 433450 NC_000868.gbk
216 42.1 4490164 4489775 genome.dna 505059 505473 NC_000868.gbk
144 30.8 4490537 4490181 genome.dna 504054 504501 NC_000868.gbk
228 32.7 4494208 4493675 genome.dna 328726 328171 NC_000868.gbk
208 33.8 4494614 4494222 genome.dna 329129 328736 NC_000868.gbk
242 42.2 4496217 4495846 genome.dna 331422 330996 NC_000868.gbk
95 31.2 4496826 4496635 genome.dna 332547 332340 NC_000868.gbk
298 31.6 4497950 4497249 genome.dna 333166 332533 NC_000868.gbk
471 35.5 4499431 4498610 genome.dna 334777 334057 NC_000868.gbk
221 37.0 4501337 4501026 genome.dna 638242 638551 NC_000868.gbk
655 35.1 4503772 4502588 genome.dna 636919 638206 NC_000868.gbk
397 30.2 4518864 4519643 genome.dna 269869 269077 NC_000868.gbk
305 37.1 4528763 4528356 genome.dna 648631 648190 NC_000868.gbk
692 37.4 4531124 4529898 genome.dna 426161 427256 NC_000868.gbk
462 40.4 4531820 4531245 genome.dna 444335 443762 NC_000868.gbk
899 51.1 4542308 4541385 genome.dna 145004 145868 NC_000868.gbk
601 38.8 4562421 4561336 genome.dna 430998 432015 NC_000868.gbk
331 32.3 4645142 4645735 genome.dna 1265092 1265698 NC_000868.gbk
1074 39.7 4690836 4689472 genome.dna 1212049 1213402 NC_000868.gbk
532 50.4 4702353 4701286 genome.dna 1133626 1134628 NC_000868.gbk
887 39.5 4703612 4702350 genome.dna 518381 519638 NC_000868.gbk
462 37.1 4704862 4703738 genome.dna 519634 520780 NC_000868.gbk
1073 35.1 4719117 4720601 genome.dna 28197 29676 NC_000868.gbk
958 44.6 4729969 4728119 genome.dna 1311312 1312968 NC_000868.gbk
458 34.1 4759858 4759052 genome.dna 22828 21994 NC_000868.gbk
734 36.8 4766891 4765731 genome.dna 868807 869989 NC_000868.gbk
1823 54.6 4781238 4782749 genome.dna 274306 275791 NC_000868.gbk
353 33.3 4789295 4788411 genome.dna 1355443 1354654 NC_000868.gbk
1034 44.7 4838481 4837408 genome.dna 21989 20894 NC_000868.gbk
344 31.5 4846439 4847095 genome.dna 173885 174470 NC_000868.gbk
974 40.0 4859267 4858077 genome.dna 197247 196014 NC_000868.gbk
1302 34.3 4872230 4874593 genome.dna 895534 897604 NC_000868.gbk
1000 47.4 4927471 4926491 genome.dna 696312 695322 NC_000868.gbk
756 36.2 4929420 4928401 genome.dna 698468 697469 NC_000868.gbk
756 36.2 4929420 4928401 genome.dna 698468 697469 NC_000868.gbk
1214 42.6 5010680 5009268 genome.dna 1029005 1027691 NC_000868.gbk
532 35.2 5019301 5018414 genome.dna 1005861 1006695 NC_000868.gbk
632 34.7 5020260 5019301 genome.dna 1004960 1005875 NC_000868.gbk
584 36.4 5021463 5020423 genome.dna 1000764 1001916 NC_000868.gbk
730 38.1 5026700 5027902 genome.dna 729674 730844 NC_000868.gbk
716 40.6 5028745 5027972 genome.dna 953517 952749 NC_000868.gbk
934 45.2 5049054 5047222 genome.dna 235392 233595 NC_000868.gbk
