530 39.3 9676 9014 genome.dna 5875297 5875966 NC_003888.gbk
224 42.4 10521 10940 genome.dna 2995910 2996300 NC_003888.gbk
1501 46.5 10948 12453 genome.dna 859686 858168 NC_003888.gbk
612 39.5 14538 15464 genome.dna 2994993 2995914 NC_003888.gbk
1236 37.4 25826 28615 genome.dna 2144382 2141658 NC_003888.gbk
1612 52.7 36667 35258 genome.dna 2364904 2366314 NC_003888.gbk
917 46.9 37037 38860 genome.dna 5554540 5556448 NC_003888.gbk
320 39.7 39698 40135 genome.dna 4592436 4592010 NC_003888.gbk
620 31.1 44746 43358 genome.dna 6828294 6829683 NC_003888.gbk
1083 40.2 49985 47886 genome.dna 1619150 1616606 NC_003888.gbk
519 44.9 50956 50333 genome.dna 1581474 1580880 NC_003888.gbk
1722 59.9 62838 64181 genome.dna 5112013 5113399 NC_003888.gbk
529 45.8 97287 96724 genome.dna 5590066 5590651 NC_003888.gbk
449 37.1 110262 109636 genome.dna 2860088 2860730 NC_003888.gbk
449 37.0 110262 109636 genome.dna 1055401 1054753 NC_003888.gbk
341 34.2 111355 110522 genome.dna 7258586 7257737 NC_003888.gbk
2304 66.4 111626 113161 genome.dna 1237011 1238535 NC_003888.gbk
541 33.5 115831 114374 genome.dna 1231647 1233093 NC_003888.gbk
602 34.8 117691 118689 genome.dna 6589574 6590690 NC_003888.gbk
1445 44.1 118825 120366 genome.dna 2576927 2578505 NC_003888.gbk
891 39.4 120344 121525 genome.dna 2578501 2579746 NC_003888.gbk
1965 64.0 124086 125432 genome.dna 7824770 7826216 NC_003888.gbk
513 32.0 129082 130098 genome.dna 6444586 6445594 NC_003888.gbk
1170 39.1 138613 140052 genome.dna 3850387 3851866 NC_003888.gbk
469 39.5 140268 141428 genome.dna 806965 808135 NC_003888.gbk
480 33.8 154586 153765 genome.dna 7178602 7179436 NC_003888.gbk
562 31.1 159068 157527 genome.dna 8386078 8387629 NC_003888.gbk
945 64.6 162282 162998 genome.dna 3157238 3156500 NC_003888.gbk
343 40.0 165569 165111 genome.dna 6423997 6424549 NC_003888.gbk
947 42.9 166824 165547 genome.dna 1580458 1579174 NC_003888.gbk
226 46.4 167881 168117 genome.dna 3791190 3791412 NC_003888.gbk
164 46.3 168129 168296 genome.dna 3791103 3790938 NC_003888.gbk
483 35.1 168516 169325 genome.dna 6070913 6071774 NC_003888.gbk
479 46.5 170854 170375 genome.dna 6067240 6067720 NC_003888.gbk
1587 64.6 186786 187982 genome.dna 7560697 7561891 NC_003888.gbk
1445 59.9 187993 189078 genome.dna 7559629 7560658 NC_003888.gbk
813 43.0 192775 193791 genome.dna 6057282 6058293 NC_003888.gbk
2019 49.6 199780 202044 genome.dna 1038242 1040561 NC_003888.gbk
965 36.0 212248 209609 genome.dna 3429867 3427131 NC_003888.gbk
575 40.2 217784 218788 genome.dna 1691461 1690432 NC_003888.gbk
1109 42.6 219661 221034 genome.dna 1681859 1680431 NC_003888.gbk
490 44.7 222967 223722 genome.dna 4974766 4975462 NC_003888.gbk
118 31.2 226078 226338 genome.dna 1749288 1749000 NC_003888.gbk
948 47.0 228573 229595 genome.dna 3663042 3662049 NC_003888.gbk
1281 40.4 230345 231841 genome.dna 4909613 4911071 NC_003888.gbk
983 40.8 233849 232686 genome.dna 6616514 6615296 NC_003888.gbk
1089 31.1 236050 233861 genome.dna 7485380 7487561 NC_003888.gbk
388 36.5 237567 238178 genome.dna 1379752 1379125 NC_003888.gbk
317 32.1 245968 247005 genome.dna 5067000 5068152 NC_003888.gbk
1127 53.3 248939 247989 genome.dna 5152157 5151167 NC_003888.gbk
2026 73.9 250357 251541 genome.dna 5092129 5093323 NC_003888.gbk
588 64.7 252872 253300 genome.dna 5072850 5073285 NC_003888.gbk
782 53.3 253304 254008 genome.dna 5073368 5074094 NC_003888.gbk
230 31.7 254326 254823 genome.dna 5076439 5076970 NC_003888.gbk
351 50.0 254890 255255 genome.dna 5077087 5077471 NC_003888.gbk
2023 46.3 255584 259612 genome.dna 5078060 5081546 NC_003888.gbk
2451 43.9 259736 263959 genome.dna 5081643 5085543 NC_003888.gbk
1095 40.1 264271 265668 genome.dna 1064857 1066294 NC_003888.gbk
774 50.0 269828 269043 genome.dna 2266232 2267027 NC_003888.gbk
158 33.3 270030 269830 genome.dna 2266029 2266230 NC_003888.gbk
246 34.9 271449 270808 genome.dna 2262726 2262054 NC_003888.gbk
2244 63.2 273440 271446 genome.dna 4321755 4323594 NC_003888.gbk
852 41.7 275283 276347 genome.dna 6620000 6621068 NC_003888.gbk
704 46.2 280242 278956 genome.dna 4459641 4460892 NC_003888.gbk
922 44.8 281849 280260 genome.dna 5241974 5243546 NC_003888.gbk
507 34.7 295276 296334 genome.dna 353800 354805 NC_003888.gbk
566 32.9 301263 300298 genome.dna 2691696 2690475 NC_003888.gbk
438 50.7 307589 307137 genome.dna 2099622 2099148 NC_003888.gbk
1258 58.5 313270 314313 genome.dna 2835939 2834907 NC_003888.gbk
249 31.0 315964 316557 genome.dna 5358501 5357880 NC_003888.gbk
688 40.2 334964 334107 genome.dna 2087673 2086656 NC_003888.gbk
632 33.7 345980 347242 genome.dna 3204871 3206218 NC_003888.gbk
548 32.7 348448 347351 genome.dna 2334635 2335724 NC_003888.gbk
562 54.2 352201 352629 genome.dna 5147450 5147894 NC_003888.gbk
731 49.4 355354 354581 genome.dna 245985 246783 NC_003888.gbk
856 36.1 357036 355618 genome.dna 2171847 2170383 NC_003888.gbk
2369 44.1 361542 357046 genome.dna 2176384 2171839 NC_003888.gbk
618 40.7 372605 373492 genome.dna 3454701 3453840 NC_003888.gbk
556 38.3 374918 375703 genome.dna 3512904 3512142 NC_003888.gbk
430 35.7 387875 387024 genome.dna 6408121 6408970 NC_003888.gbk
1313 36.3 392535 394805 genome.dna 6388880 6386423 NC_003888.gbk
274 31.5 397546 398283 genome.dna 7741956 7741170 NC_003888.gbk
937 51.5 399153 398326 genome.dna 7248767 7247933 NC_003888.gbk
360 32.7 417112 416177 genome.dna 2092927 2093836 NC_003888.gbk
267 37.5 431880 431494 genome.dna 8574302 8573918 NC_003888.gbk
487 35.9 433394 432459 genome.dna 1591387 1590406 NC_003888.gbk
1378 63.9 435364 434357 genome.dna 6550398 6551406 NC_003888.gbk
540 45.2 452937 452395 genome.dna 4353010 4352461 NC_003888.gbk
1231 43.4 460910 458055 genome.dna 2841581 2838956 NC_003888.gbk
843 34.4 463248 461737 genome.dna 2342473 2344027 NC_003888.gbk
216 37.4 503049 502735 genome.dna 854775 854454 NC_003888.gbk
1210 44.5 506771 505281 genome.dna 863277 864732 NC_003888.gbk
333 50.0 509102 508848 genome.dna 2406201 2406456 NC_003888.gbk
233 48.1 509350 509099 genome.dna 2405941 2406205 NC_003888.gbk
931 42.9 518034 519071 genome.dna 2569982 2568887 NC_003888.gbk
695 33.9 525365 524040 genome.dna 1430469 1429056 NC_003888.gbk
1195 41.4 530287 528905 genome.dna 3710687 3712097 NC_003888.gbk
71 34.0 536233 536394 genome.dna 5971341 5971509 NC_003888.gbk
248 31.9 539365 540081 genome.dna 7414295 7414976 NC_003888.gbk
1174 44.3 544947 546572 genome.dna 8506122 8504460 NC_003888.gbk
418 33.4 564264 565418 genome.dna 7589635 7588531 NC_003888.gbk
800 36.3 661026 659713 genome.dna 7163264 7161920 NC_003888.gbk
468 33.2 688832 689677 genome.dna 2465058 2464221 NC_003888.gbk
204 33.3 696469 696939 genome.dna 1518445 1517860 NC_003888.gbk
257 44.7 697176 697469 genome.dna 5172736 5173045 NC_003888.gbk
1985 59.9 697515 699164 genome.dna 4711114 4712740 NC_003888.gbk
260 34.9 704061 704669 genome.dna 6346368 6345663 NC_003888.gbk
833 41.7 708773 707778 genome.dna 825286 826312 NC_003888.gbk
781 38.2 726542 725589 genome.dna 938240 937289 NC_003888.gbk
949 44.1 727975 729114 genome.dna 1097281 1098505 NC_003888.gbk
2364 62.6 731182 729131 genome.dna 7855136 7857152 NC_003888.gbk
470 48.7 750702 751205 genome.dna 1326801 1327284 NC_003888.gbk
879 47.5 755628 756641 genome.dna 5163959 5165084 NC_003888.gbk
521 33.5 761351 760380 genome.dna 5004916 5005927 NC_003888.gbk
267 38.1 761608 761919 genome.dna 2812947 2812626 NC_003888.gbk
342 66.3 761939 762196 genome.dna 2812612 2812357 NC_003888.gbk
958 41.8 763509 764681 genome.dna 2812247 2810810 NC_003888.gbk
248 33.1 766454 766933 genome.dna 5400524 5400026 NC_003888.gbk
1913 47.2 768185 770122 genome.dna 3770099 3768092 NC_003888.gbk
643 40.5 770241 771074 genome.dna 3764142 3765009 NC_003888.gbk
1075 42.5 771082 772419 genome.dna 5148673 5150032 NC_003888.gbk
329 53.9 783547 783816 genome.dna 6259202 6259490 NC_003888.gbk
1237 45.4 784066 786186 genome.dna 6259772 6261992 NC_003888.gbk
876 42.3 795852 797180 genome.dna 5324125 5325409 NC_003888.gbk
1047 51.5 805628 804636 genome.dna 5376764 5377757 NC_003888.gbk
477 33.7 808581 807679 genome.dna 75855 76893 NC_003888.gbk
750 38.6 812975 814090 genome.dna 5958846 5957727 NC_003888.gbk
456 54.0 814149 814541 genome.dna 5957601 5957223 NC_003888.gbk
3576 56.5 814656 817529 genome.dna 1457665 1454779 NC_003888.gbk
558 41.4 818265 819005 genome.dna 2668561 2667817 NC_003888.gbk
553 32.4 820003 820902 genome.dna 2610760 2609896 NC_003888.gbk
299 31.9 830229 830876 genome.dna 5416001 5415296 NC_003888.gbk
1153 46.6 866383 867786 genome.dna 5445895 5447233 NC_003888.gbk
968 42.5 894744 893086 genome.dna 6376353 6377946 NC_003888.gbk
476 35.0 912721 911924 genome.dna 4186627 4185832 NC_003888.gbk
377 40.0 927840 927358 genome.dna 3227529 3227049 NC_003888.gbk
405 31.7 931102 929441 genome.dna 1906158 1904439 NC_003888.gbk
269 30.6 932209 932796 genome.dna 4050840 4050162 NC_003888.gbk
139 33.3 934700 934497 genome.dna 5111656 5111866 NC_003888.gbk
989 58.1 946629 945835 genome.dna 5717521 5716759 NC_003888.gbk
804 41.8 947612 946671 genome.dna 5718468 5717517 NC_003888.gbk
951 37.6 951342 949915 genome.dna 3054669 3056109 NC_003888.gbk
363 42.6 957261 956803 genome.dna 620879 620366 NC_003888.gbk
2068 68.1 957805 959187 genome.dna 624036 622668 NC_003888.gbk
1548 60.8 959189 960961 genome.dna 622672 620890 NC_003888.gbk
845 55.5 960958 961737 genome.dna 620367 619587 NC_003888.gbk
1012 56.9 961754 962581 genome.dna 619588 618787 NC_003888.gbk
1147 59.9 962609 963466 genome.dna 618788 617912 NC_003888.gbk
246 33.6 970483 970908 genome.dna 1321314 1321740 NC_003888.gbk
562 36.5 983011 983910 genome.dna 7996510 7997461 NC_003888.gbk
694 40.7 987143 988024 genome.dna 3162697 3161746 NC_003888.gbk
298 36.8 994093 993584 genome.dna 1474290 1474740 NC_003888.gbk
466 34.9 995970 994243 genome.dna 1474826 1476497 NC_003888.gbk
157 32.1 996273 996016 genome.dna 6394326 6394044 NC_003888.gbk
2358 64.3 1010351 1008708 genome.dna 5485418 5483741 NC_003888.gbk
295 35.6 1014421 1015077 genome.dna 1097206 1096555 NC_003888.gbk
966 58.1 1023335 1024570 genome.dna 8455892 8457134 NC_003888.gbk
1063 40.2 1044637 1043321 genome.dna 615151 613750 NC_003888.gbk
1365 48.0 1051521 1050175 genome.dna 2740222 2738851 NC_003888.gbk
489 34.4 1063174 1062410 genome.dna 2675869 2675086 NC_003888.gbk
419 46.8 1066357 1065851 genome.dna 7563446 7563992 NC_003888.gbk
193 30.5 1067553 1068080 genome.dna 3511594 3512110 NC_003888.gbk
498 38.9 1079040 1078381 genome.dna 6498231 6497454 NC_003888.gbk
683 45.3 1087227 1087946 genome.dna 4511700 4510884 NC_003888.gbk
784 40.9 1116476 1115454 genome.dna 365551 364558 NC_003888.gbk
661 34.0 1116801 1117997 genome.dna 3844608 3843522 NC_003888.gbk
629 32.7 1125945 1124593 genome.dna 5315651 5316884 NC_003888.gbk
647 37.6 1129588 1128602 genome.dna 6231227 6230270 NC_003888.gbk
762 46.3 1154052 1153258 genome.dna 2434907 2435765 NC_003888.gbk
311 37.9 1155257 1156108 genome.dna 6124520 6125357 NC_003888.gbk
677 46.4 1156279 1157004 genome.dna 6125562 6126324 NC_003888.gbk
508 43.5 1157130 1157687 genome.dna 6126502 6127060 NC_003888.gbk
607 41.2 1157925 1159121 genome.dna 6203921 6205178 NC_003888.gbk
647 43.7 1159320 1160081 genome.dna 2708164 2707330 NC_003888.gbk
2181 36.4 1169670 1173152 genome.dna 2215176 2211636 NC_003888.gbk
253 30.0 1260493 1259267 genome.dna 1378742 1377578 NC_003888.gbk
618 44.4 1260789 1261478 genome.dna 4113418 4112647 NC_003888.gbk
430 40.6 1270601 1269999 genome.dna 5468429 5467874 NC_003888.gbk
429 44.3 1278470 1278919 genome.dna 6347026 6347575 NC_003888.gbk
599 38.6 1278982 1280091 genome.dna 2931847 2932993 NC_003888.gbk
348 39.9 1280201 1280677 genome.dna 1536574 1536088 NC_003888.gbk
226 32.1 1280702 1281121 genome.dna 1593516 1593087 NC_003888.gbk
477 33.7 1281190 1282170 genome.dna 6060198 6061167 NC_003888.gbk
1486 39.0 1284598 1282733 genome.dna 6594925 6596854 NC_003888.gbk
119 30.7 1285773 1285525 genome.dna 5494679 5494412 NC_003888.gbk
400 41.6 1289161 1289652 genome.dna 5038276 5037787 NC_003888.gbk
486 31.9 1292157 1291267 genome.dna 2066411 2065388 NC_003888.gbk
396 34.9 1293119 1292505 genome.dna 2314243 2313622 NC_003888.gbk
704 50.7 1301367 1301990 genome.dna 2844986 2844275 NC_003888.gbk
1673 62.1 1302154 1303428 genome.dna 2844084 2842797 NC_003888.gbk
943 42.6 1303620 1306001 genome.dna 5756806 5759230 NC_003888.gbk
1457 60.8 1311761 1310685 genome.dna 1086983 1085858 NC_003888.gbk
1077 43.0 1316909 1318201 genome.dna 6086030 6087377 NC_003888.gbk
846 47.0 1319182 1318319 genome.dna 3025492 3024619 NC_003888.gbk
130 58.5 1322427 1322284 genome.dna 612106 611983 NC_003888.gbk
254 48.1 1322693 1322445 genome.dna 3790932 3790677 NC_003888.gbk
574 58.0 1329655 1330212 genome.dna 1619831 1619333 NC_003888.gbk
238 37.8 1332403 1332732 genome.dna 3997973 3997625 NC_003888.gbk
574 44.8 1332732 1333337 genome.dna 3997527 3996927 NC_003888.gbk
1792 46.4 1333507 1335396 genome.dna 8329971 8331888 NC_003888.gbk
607 45.9 1335658 1336302 genome.dna 5138967 5139621 NC_003888.gbk
497 50.0 1352428 1351949 genome.dna 2206500 2207010 NC_003888.gbk
1284 38.0 1356196 1353473 genome.dna 1101283 1103545 NC_003888.gbk
191 32.6 1356312 1356722 genome.dna 5911409 5911808 NC_003888.gbk
164 31.2 1357212 1356757 genome.dna 8031544 8031985 NC_003888.gbk
749 42.4 1358126 1357212 genome.dna 1926053 1925093 NC_003888.gbk
1485 46.2 1363499 1366138 genome.dna 4263314 4260740 NC_003888.gbk
658 33.2 1373667 1372498 genome.dna 1544765 1545977 NC_003888.gbk
648 43.7 1374601 1375371 genome.dna 8637358 8638123 NC_003888.gbk
742 48.2 1376426 1377313 genome.dna 5110845 5111655 NC_003888.gbk
393 30.9 1381835 1382692 genome.dna 5363796 5364597 NC_003888.gbk
1451 37.4 1420602 1422752 genome.dna 7263376 7261447 NC_003888.gbk
461 43.9 1426894 1426256 genome.dna 5241330 5241978 NC_003888.gbk
1049 48.1 1427931 1426894 genome.dna 4480932 4482000 NC_003888.gbk
588 44.7 1428285 1428911 genome.dna 4435468 4436113 NC_003888.gbk
554 34.2 1429248 1430537 genome.dna 1546563 1548000 NC_003888.gbk
226 35.5 1431761 1431390 genome.dna 2371455 2371857 NC_003888.gbk
503 51.1 1433876 1433409 genome.dna 3154676 3155144 NC_003888.gbk
557 36.9 1434853 1435731 genome.dna 6266752 6267652 NC_003888.gbk
1026 44.8 1458435 1457257 genome.dna 5870612 5871818 NC_003888.gbk
716 51.0 1459094 1458447 genome.dna 7455008 7454354 NC_003888.gbk
346 34.0 1459750 1459094 genome.dna 7455790 7455007 NC_003888.gbk
273 64.5 1468125 1468334 genome.dna 4710583 4710787 NC_003888.gbk
191 36.1 1468782 1468399 genome.dna 7836729 7837104 NC_003888.gbk
801 40.8 1470427 1469462 genome.dna 2361906 2362860 NC_003888.gbk
667 33.2 1475506 1474394 genome.dna 2830656 2829459 NC_003888.gbk
293 34.5 1479078 1478437 genome.dna 2786662 2785945 NC_003888.gbk
392 36.9 1483266 1480684 genome.dna 2778436 2775535 NC_003888.gbk
980 61.4 1484840 1484115 genome.dna 6315348 6314571 NC_003888.gbk
186 32.3 1490971 1490492 genome.dna 2731523 2732021 NC_003888.gbk
939 48.7 1492026 1490968 genome.dna 2730431 2731511 NC_003888.gbk
1059 38.7 1493774 1492350 genome.dna 6324452 6325970 NC_003888.gbk
623 41.4 1502595 1501795 genome.dna 5698076 5697290 NC_003888.gbk
243 35.4 1506798 1506349 genome.dna 2706800 2707220 NC_003888.gbk
2259 62.5 1512651 1514294 genome.dna 8256652 8258293 NC_003888.gbk
707 47.7 1515559 1514879 genome.dna 6428861 6429545 NC_003888.gbk
1025 33.0 1518297 1515565 genome.dna 6426318 6428865 NC_003888.gbk
250 40.4 1519100 1518525 genome.dna 4091944 4091266 NC_003888.gbk
2514 62.4 1521264 1519120 genome.dna 4094073 4091949 NC_003888.gbk
1592 48.8 1522968 1521280 genome.dna 4095734 4094069 NC_003888.gbk
704 34.9 1528762 1530255 genome.dna 890834 892211 NC_003888.gbk
615 39.3 1531798 1532742 genome.dna 462853 463711 NC_003888.gbk
692 50.5 1533499 1534146 genome.dna 459345 458694 NC_003888.gbk
351 31.0 1534199 1534990 genome.dna 6296174 6295343 NC_003888.gbk
1478 51.7 1536355 1535069 genome.dna 2984058 2982768 NC_003888.gbk
1824 47.7 1537737 1539503 genome.dna 5286966 5285211 NC_003888.gbk
698 42.6 1539520 1540236 genome.dna 5285212 5284438 NC_003888.gbk
868 41.3 1544898 1546064 genome.dna 5234992 5236177 NC_003888.gbk
1011 54.9 1546064 1546936 genome.dna 5236205 5237090 NC_003888.gbk
641 35.3 1549251 1550390 genome.dna 4342457 4343462 NC_003888.gbk
660 37.7 1561588 1560626 genome.dna 7508116 7507177 NC_003888.gbk
848 52.0 1563766 1563014 genome.dna 4618019 4618781 NC_003888.gbk
684 36.4 1571894 1570848 genome.dna 2579861 2580962 NC_003888.gbk
725 44.4 1573036 1572017 genome.dna 3438627 3437661 NC_003888.gbk
507 30.8 1583143 1582073 genome.dna 7274580 7275579 NC_003888.gbk
306 30.1 1586578 1585757 genome.dna 4350980 4350062 NC_003888.gbk
719 37.1 1598229 1599338 genome.dna 5600209 5599075 NC_003888.gbk
425 44.0 1600255 1600836 genome.dna 4061654 4061078 NC_003888.gbk
614 32.2 1611941 1613374 genome.dna 395938 397414 NC_003888.gbk
525 32.4 1614552 1615325 genome.dna 414493 415303 NC_003888.gbk
996 36.9 1633374 1634744 genome.dna 3312184 3310819 NC_003888.gbk
431 39.9 1636204 1635668 genome.dna 421711 422263 NC_003888.gbk
1622 52.6 1638449 1639855 genome.dna 1027392 1028832 NC_003888.gbk
1016 38.7 1647128 1648552 genome.dna 8380678 8382118 NC_003888.gbk
1818 56.8 1652381 1653892 genome.dna 2974646 2973143 NC_003888.gbk
1247 46.3 1654089 1656020 genome.dna 7743884 7742009 NC_003888.gbk
675 35.8 1656775 1657761 genome.dna 7752603 7751526 NC_003888.gbk
654 37.8 1661611 1662744 genome.dna 7756784 7755620 NC_003888.gbk
410 34.8 1665648 1666472 genome.dna 7744777 7743880 NC_003888.gbk
1774 31.0 1704739 1683593 genome.dna 3543334 3565726 NC_003888.gbk
1599 34.8 1732656 1729534 genome.dna 3843382 3840394 NC_003888.gbk
665 37.2 1734028 1732952 genome.dna 8225903 8226962 NC_003888.gbk
768 37.8 1735237 1734179 genome.dna 6147130 6148177 NC_003888.gbk
797 46.8 1751217 1749904 genome.dna 1831797 1830345 NC_003888.gbk
630 46.2 1763515 1764231 genome.dna 3412299 3411510 NC_003888.gbk
465 35.3 1766696 1765863 genome.dna 4615969 4615153 NC_003888.gbk
506 33.9 1778057 1778830 genome.dna 8366984 8367788 NC_003888.gbk
850 51.6 1778827 1779630 genome.dna 8367784 8368597 NC_003888.gbk
1633 51.9 1794345 1795769 genome.dna 6156129 6157569 NC_003888.gbk
1627 51.6 1800077 1801579 genome.dna 2506905 2508294 NC_003888.gbk
1727 50.4 1805059 1803281 genome.dna 7380511 7382317 NC_003888.gbk
1412 46.1 1806608 1805097 genome.dna 7378996 7380508 NC_003888.gbk
1041 43.9 1807866 1806619 genome.dna 7382318 7383629 NC_003888.gbk
742 32.2 1830416 1829217 genome.dna 2454993 2453706 NC_003888.gbk
770 35.2 1839441 1837903 genome.dna 172169 173984 NC_003888.gbk
2389 51.1 1847037 1842241 genome.dna 6301265 6296192 NC_003888.gbk
610 42.5 1849141 1848239 genome.dna 3780467 3781268 NC_003888.gbk
274 30.8 1849384 1850334 genome.dna 7402845 7403751 NC_003888.gbk
272 30.0 1862075 1860786 genome.dna 8180842 8179501 NC_003888.gbk
558 42.4 1986118 1986840 genome.dna 6121042 6121885 NC_003888.gbk
308 31.7 1994834 1996513 genome.dna 5260320 5261853 NC_003888.gbk
280 37.6 2005949 2005503 genome.dna 5034843 5035260 NC_003888.gbk
364 44.8 2009604 2010017 genome.dna 1380723 1381131 NC_003888.gbk
204 44.6 2010635 2010913 genome.dna 6073649 6073931 NC_003888.gbk
461 39.4 2021483 2019963 genome.dna 910926 909468 NC_003888.gbk
1085 46.6 2028974 2027880 genome.dna 1165915 1166995 NC_003888.gbk
370 34.6 2030910 2030332 genome.dna 6029031 6028473 NC_003888.gbk
767 42.0 2042130 2043083 genome.dna 3599009 3598016 NC_003888.gbk
724 49.2 2044045 2044779 genome.dna 1945215 1944510 NC_003888.gbk
174 42.6 2044934 2045170 genome.dna 2561442 2561691 NC_003888.gbk
1028 40.0 2045253 2046494 genome.dna 6443976 6442752 NC_003888.gbk
442 35.6 2050132 2050929 genome.dna 3453206 3452315 NC_003888.gbk
1135 45.4 2051245 2052678 genome.dna 3159228 3160479 NC_003888.gbk
1123 40.7 2053746 2055224 genome.dna 3507907 3506389 NC_003888.gbk
243 35.2 2055442 2055792 genome.dna 2747308 2746954 NC_003888.gbk
1011 42.8 2063309 2062113 genome.dna 67911 66687 NC_003888.gbk
1185 49.6 2064554 2063346 genome.dna 6415998 6414816 NC_003888.gbk
2013 36.0 2070405 2066956 genome.dna 3408313 3404758 NC_003888.gbk
375 34.2 2074702 2075532 genome.dna 7153332 7152606 NC_003888.gbk
408 46.3 2079241 2079792 genome.dna 4866505 4865923 NC_003888.gbk
460 42.0 2085741 2085214 genome.dna 1798560 1799088 NC_003888.gbk
1131 41.5 2086038 2087372 genome.dna 1799182 1800580 NC_003888.gbk
585 43.6 2090762 2089965 genome.dna 2443460 2444303 NC_003888.gbk
825 42.3 2091759 2090755 genome.dna 2442372 2443464 NC_003888.gbk
872 32.6 2099496 2097796 genome.dna 4155681 4157352 NC_003888.gbk
1125 40.1 2112831 2114330 genome.dna 2058377 2056955 NC_003888.gbk
806 53.1 2114428 2115174 genome.dna 2055389 2054624 NC_003888.gbk
1276 45.7 2116495 2117718 genome.dna 2054628 2053371 NC_003888.gbk
1145 40.6 2121733 2120321 genome.dna 2157773 2156336 NC_003888.gbk
595 39.6 2158261 2157266 genome.dna 5886532 5887552 NC_003888.gbk
492 35.0 2159158 2158370 genome.dna 5177201 5176427 NC_003888.gbk
538 36.8 2161860 2161087 genome.dna 272891 273656 NC_003888.gbk
2862 58.0 2163569 2165743 genome.dna 603355 601132 NC_003888.gbk
1108 39.2 2177036 2175615 genome.dna 865559 867038 NC_003888.gbk
564 39.3 2177765 2177046 genome.dna 864810 865563 NC_003888.gbk
992 33.9 2179364 2177811 genome.dna 3313892 3312275 NC_003888.gbk
409 38.3 2181519 2182154 genome.dna 1539125 1538522 NC_003888.gbk
809 40.4 2190305 2191417 genome.dna 8422261 8421085 NC_003888.gbk
729 47.2 2191939 2192622 genome.dna 4804183 4803478 NC_003888.gbk
1242 44.7 2192856 2194133 genome.dna 1948452 1949721 NC_003888.gbk
1566 59.0 2198282 2200954 genome.dna 6575304 6578019 NC_003888.gbk
1039 51.3 2222606 2221689 genome.dna 8482076 8483009 NC_003888.gbk
1781 45.3 2227418 2225106 genome.dna 8342695 8344990 NC_003888.gbk
481 35.2 2239913 2239125 genome.dna 1944505 1943737 NC_003888.gbk
555 38.8 2246565 2247398 genome.dna 5538269 5539100 NC_003888.gbk
852 44.5 2267632 2266640 genome.dna 2279554 2278558 NC_003888.gbk
306 36.1 2275290 2274685 genome.dna 36815 37478 NC_003888.gbk
1776 61.6 2275609 2279496 genome.dna 4490622 4486638 NC_003888.gbk
656 34.4 2300071 2298971 genome.dna 2100813 2099712 NC_003888.gbk
516 39.6 2306210 2305560 genome.dna 1929643 1929010 NC_003888.gbk
511 39.6 2308348 2309736 genome.dna 3217779 3216420 NC_003888.gbk
2417 46.2 2310451 2314227 genome.dna 5381147 5384831 NC_003888.gbk
1968 58.9 2314227 2315807 genome.dna 210182 211751 NC_003888.gbk
442 32.7 2316519 2317223 genome.dna 7224462 7223739 NC_003888.gbk
785 45.2 2318196 2317324 genome.dna 2879334 2878371 NC_003888.gbk
422 46.5 2318259 2318798 genome.dna 2879446 2879965 NC_003888.gbk
1098 54.7 2322430 2321456 genome.dna 871397 870419 NC_003888.gbk
221 41.2 2324296 2324544 genome.dna 5037413 5037680 NC_003888.gbk
569 34.9 2325750 2324722 genome.dna 415950 416976 NC_003888.gbk
1091 40.7 2336995 2338260 genome.dna 6177891 6176556 NC_003888.gbk
1516 50.0 2338271 2339743 genome.dna 7823273 7824713 NC_003888.gbk
970 40.5 2359305 2358133 genome.dna 2421804 2420562 NC_003888.gbk
509 32.2 2362568 2361327 genome.dna 723180 724545 NC_003888.gbk
330 32.1 2446059 2446862 genome.dna 4189715 4189064 NC_003888.gbk
295 35.8 2461266 2461811 genome.dna 1144295 1143785 NC_003888.gbk
506 34.8 2472640 2473437 genome.dna 5668887 5668086 NC_003888.gbk
684 35.4 2477692 2478756 genome.dna 7534101 7535214 NC_003888.gbk
1165 50.5 2487322 2486231 genome.dna 5500593 5501682 NC_003888.gbk
420 39.0 2488039 2487452 genome.dna 3425877 3426480 NC_003888.gbk
856 43.7 2489732 2488785 genome.dna 3423988 3424963 NC_003888.gbk
813 48.3 2492889 2493971 genome.dna 5830352 5831429 NC_003888.gbk
400 33.0 2493971 2494816 genome.dna 5831497 5832343 NC_003888.gbk
1917 58.2 2502156 2503685 genome.dna 8450224 8448649 NC_003888.gbk
1923 64.3 2503696 2505084 genome.dna 8448644 8447192 NC_003888.gbk
397 45.6 2507977 2507444 genome.dna 7151006 7151501 NC_003888.gbk
533 33.1 2513105 2511876 genome.dna 3386249 3384932 NC_003888.gbk
310 39.2 2524682 2525110 genome.dna 7223285 7223711 NC_003888.gbk
474 42.7 2525893 2526447 genome.dna 4882589 4882031 NC_003888.gbk
1141 47.9 2526583 2527779 genome.dna 4882714 4883962 NC_003888.gbk
689 38.4 2530749 2531648 genome.dna 8115087 8114184 NC_003888.gbk
836 40.1 2540511 2541806 genome.dna 1700806 1699561 NC_003888.gbk
743 39.3 2544268 2545785 genome.dna 3035640 3037083 NC_003888.gbk
582 39.8 2552084 2552833 genome.dna 3646538 3647321 NC_003888.gbk
985 39.5 2559536 2560804 genome.dna 5330840 5329529 NC_003888.gbk
1350 47.9 2563367 2561970 genome.dna 5482009 5480623 NC_003888.gbk
862 40.1 2563607 2564779 genome.dna 3309132 3307980 NC_003888.gbk
561 32.6 2567649 2568662 genome.dna 6162715 6161551 NC_003888.gbk
941 48.4 2570445 2569453 genome.dna 7254531 7255569 NC_003888.gbk
851 43.0 2571743 2570592 genome.dna 3106289 3107372 NC_003888.gbk
464 39.3 2585970 2586605 genome.dna 3949602 3948849 NC_003888.gbk
314 41.6 2595969 2596559 genome.dna 1984021 1984621 NC_003888.gbk
645 45.7 2598308 2597688 genome.dna 8173721 8173118 NC_003888.gbk
413 33.2 2599344 2598460 genome.dna 5608308 5609166 NC_003888.gbk
909 39.2 2602958 2604520 genome.dna 2193732 2192223 NC_003888.gbk
712 42.6 2605113 2606180 genome.dna 3522680 3521672 NC_003888.gbk
1492 58.5 2607572 2608762 genome.dna 2189306 2188022 NC_003888.gbk
425 31.9 2608762 2609568 genome.dna 2188026 2187210 NC_003888.gbk
1091 51.1 2628084 2627089 genome.dna 5567384 5568368 NC_003888.gbk
391 37.4 2637907 2637311 genome.dna 6399581 6400232 NC_003888.gbk
784 43.8 2639766 2638855 genome.dna 3487461 3486549 NC_003888.gbk
220 40.2 2642181 2642648 genome.dna 1797320 1797695 NC_003888.gbk
683 40.1 2642732 2643580 genome.dna 4821747 4822641 NC_003888.gbk
342 34.8 2645012 2644386 genome.dna 5968741 5969401 NC_003888.gbk
421 32.1 2645457 2646263 genome.dna 3479314 3478489 NC_003888.gbk
276 35.0 2652833 2653480 genome.dna 3168247 3168835 NC_003888.gbk
389 43.8 2654386 2653967 genome.dna 6653636 6654044 NC_003888.gbk
1111 51.4 2654735 2655739 genome.dna 2081153 2080142 NC_003888.gbk
744 34.6 2683421 2681736 genome.dna 7734508 7736044 NC_003888.gbk
583 33.6 2687417 2685498 genome.dna 6343580 6345575 NC_003888.gbk
1601 53.3 2691006 2692370 genome.dna 5955845 5954477 NC_003888.gbk
391 39.9 2693565 2694197 genome.dna 1020594 1019970 NC_003888.gbk
552 34.2 2706704 2707561 genome.dna 497359 496507 NC_003888.gbk
321 31.3 2709729 2710394 genome.dna 1772695 1771993 NC_003888.gbk
702 46.9 2712101 2712862 genome.dna 3837971 3837215 NC_003888.gbk
839 41.1 2714816 2715706 genome.dna 1647893 1646906 NC_003888.gbk
733 38.3 2715699 2716604 genome.dna 1646910 1645998 NC_003888.gbk
834 52.0 2724246 2725070 genome.dna 542268 543099 NC_003888.gbk
1149 36.6 2726216 2727934 genome.dna 2651102 2653031 NC_003888.gbk
958 36.1 2731236 2728849 genome.dna 1706806 1704283 NC_003888.gbk
659 41.9 2732234 2731251 genome.dna 1707927 1706805 NC_003888.gbk
435 59.8 2732903 2732547 genome.dna 1710714 1710330 NC_003888.gbk
137 42.6 2733144 2732947 genome.dna 1711006 1710811 NC_003888.gbk
1336 37.2 2735713 2733785 genome.dna 1638942 1636965 NC_003888.gbk
448 31.5 2738767 2737976 genome.dna 2619420 2618646 NC_003888.gbk
618 35.5 2757088 2758194 genome.dna 5973923 5975054 NC_003888.gbk
564 34.4 2767679 2768455 genome.dna 6169817 6170618 NC_003888.gbk
365 39.5 2770193 2769657 genome.dna 6752733 6753294 NC_003888.gbk
491 30.4 2771476 2770376 genome.dna 8163794 8162597 NC_003888.gbk
262 60.3 2786395 2786183 genome.dna 5113747 5113951 NC_003888.gbk
751 54.4 2793288 2792647 genome.dna 2467436 2468096 NC_003888.gbk
1186 43.1 2794931 2793456 genome.dna 7399386 7397607 NC_003888.gbk
445 33.1 2795320 2796189 genome.dna 8425072 8426008 NC_003888.gbk
1169 43.7 2796565 2798007 genome.dna 5894405 5892974 NC_003888.gbk
1211 54.3 2809298 2808294 genome.dna 1624709 1623635 NC_003888.gbk
271 34.5 2809923 2809306 genome.dna 1625361 1624755 NC_003888.gbk
745 47.0 2811487 2810744 genome.dna 1626785 1626032 NC_003888.gbk
1533 42.0 2813755 2811956 genome.dna 4174510 4172746 NC_003888.gbk
464 37.4 2833872 2833114 genome.dna 6722505 6723300 NC_003888.gbk
1370 41.2 2835515 2837245 genome.dna 3654174 3655935 NC_003888.gbk
464 36.8 2839971 2839006 genome.dna 1415177 1414271 NC_003888.gbk
868 42.6 2859653 2858643 genome.dna 1584007 1582900 NC_003888.gbk
290 35.0 2869134 2868487 genome.dna 1614147 1613439 NC_003888.gbk
302 31.6 2879411 2878626 genome.dna 2333832 2334534 NC_003888.gbk
178 60.0 2884347 2884165 genome.dna 3310568 3310397 NC_003888.gbk
265 31.3 2903705 2902830 genome.dna 2184329 2185154 NC_003888.gbk
511 34.8 2906057 2905173 genome.dna 3109952 3109094 NC_003888.gbk
404 33.9 2909647 2910348 genome.dna 1194742 1193950 NC_003888.gbk
296 30.8 2916384 2917283 genome.dna 1535733 1534875 NC_003888.gbk
867 37.1 2917289 2918617 genome.dna 2202560 2201234 NC_003888.gbk
429 32.5 2918614 2919687 genome.dna 2201238 2200128 NC_003888.gbk
290 37.2 2920770 2921360 genome.dna 2199374 2198705 NC_003888.gbk
701 45.1 2922086 2922862 genome.dna 2197548 2196792 NC_003888.gbk
1014 38.4 2925698 2924025 genome.dna 2134629 2133120 NC_003888.gbk
439 35.9 2926492 2925815 genome.dna 1881727 1881031 NC_003888.gbk
960 40.5 2928002 2926713 genome.dna 7582254 7580931 NC_003888.gbk
914 38.6 2975613 2974318 genome.dna 4361825 4360547 NC_003888.gbk
1094 41.8 2977060 2975717 genome.dna 1611240 1609884 NC_003888.gbk
336 39.2 2981911 2981417 genome.dna 3720577 3720124 NC_003888.gbk
917 47.0 2982496 2983455 genome.dna 4281551 4280582 NC_003888.gbk
316 64.4 2988043 2988261 genome.dna 5140750 5140972 NC_003888.gbk
334 37.8 2990339 2989860 genome.dna 5267634 5267124 NC_003888.gbk
1057 39.5 2992855 2990582 genome.dna 3738956 3736430 NC_003888.gbk
280 59.1 2993630 2993851 genome.dna 559015 558811 NC_003888.gbk
671 34.8 2999998 3001434 genome.dna 888804 890367 NC_003888.gbk
148 31.8 3002657 3002334 genome.dna 3778547 3778868 NC_003888.gbk
573 35.8 3010809 3009844 genome.dna 6168887 6169817 NC_003888.gbk
955 43.1 3011957 3010824 genome.dna 6167694 6168888 NC_003888.gbk
714 39.0 3033456 3032047 genome.dna 7904521 7903129 NC_003888.gbk
956 43.4 3034517 3033456 genome.dna 7905621 7904520 NC_003888.gbk
332 31.0 3036023 3035178 genome.dna 632179 633049 NC_003888.gbk
1041 44.7 3038226 3036349 genome.dna 2276702 2278607 NC_003888.gbk
137 33.1 3040751 3040365 genome.dna 6727275 6726882 NC_003888.gbk
372 37.5 3046334 3045672 genome.dna 3767961 3767355 NC_003888.gbk
802 36.5 3050037 3051158 genome.dna 1825614 1824516 NC_003888.gbk
382 34.1 3064304 3063432 genome.dna 1729404 1728426 NC_003888.gbk
452 32.6 3065575 3066420 genome.dna 2269373 2270258 NC_003888.gbk
1033 43.5 3068393 3066702 genome.dna 3504346 3502246 NC_003888.gbk
473 34.2 3069350 3068412 genome.dna 4699275 4698342 NC_003888.gbk
307 35.4 3102771 3102235 genome.dna 661706 662291 NC_003888.gbk
700 42.5 3106945 3107832 genome.dna 4788576 4789464 NC_003888.gbk
285 34.8 3108684 3109187 genome.dna 637260 637824 NC_003888.gbk
817 33.5 3132141 3129835 genome.dna 478668 480957 NC_003888.gbk
739 44.5 3137830 3136895 genome.dna 6739466 6738551 NC_003888.gbk
904 37.0 3147123 3145672 genome.dna 4105818 4107405 NC_003888.gbk
965 54.7 3148240 3147401 genome.dna 528752 527888 NC_003888.gbk
747 38.3 3149284 3148253 genome.dna 1910798 1909670 NC_003888.gbk
819 42.9 3150266 3149277 genome.dna 1911841 1910794 NC_003888.gbk
240 34.8 3155124 3154672 genome.dna 5658832 5659291 NC_003888.gbk
481 54.7 3155863 3155369 genome.dna 3485117 3484604 NC_003888.gbk
522 35.4 3157424 3156435 genome.dna 1952245 1951219 NC_003888.gbk
277 31.7 3157972 3158883 genome.dna 2086649 2085557 NC_003888.gbk
2332 55.2 3161386 3159374 genome.dna 2107199 2105060 NC_003888.gbk
241 32.2 3163130 3162450 genome.dna 1318792 1319509 NC_003888.gbk
885 54.3 3166195 3167499 genome.dna 1317504 1318791 NC_003888.gbk
767 40.8 3174746 3173826 genome.dna 8387625 8388618 NC_003888.gbk
442 34.6 3178804 3180039 genome.dna 3486478 3485203 NC_003888.gbk
808 35.9 3185328 3186677 genome.dna 7451755 7450390 NC_003888.gbk
231 33.5 3230474 3228642 genome.dna 2089856 2087669 NC_003888.gbk
426 34.8 3231123 3230467 genome.dna 6322366 6323026 NC_003888.gbk
381 30.8 3257866 3256754 genome.dna 3906041 3904868 NC_003888.gbk
83 31.2 3260765 3260547 genome.dna 3604107 3603906 NC_003888.gbk
966 42.4 3271834 3270545 genome.dna 2561800 2563090 NC_003888.gbk
446 33.1 3278435 3279220 genome.dna 7340813 7339982 NC_003888.gbk
662 45.6 3279845 3280585 genome.dna 5950744 5951407 NC_003888.gbk
791 37.8 3290769 3289561 genome.dna 5971927 5973097 NC_003888.gbk
312 33.8 3295986 3295378 genome.dna 5699057 5699702 NC_003888.gbk
1597 51.1 3306810 3308309 genome.dna 3619891 3621391 NC_003888.gbk
442 33.6 3320342 3321007 genome.dna 3089371 3090022 NC_003888.gbk
291 50.0 3332182 3332514 genome.dna 2052436 2052115 NC_003888.gbk
295 45.9 3333853 3334194 genome.dna 1165774 1165402 NC_003888.gbk
863 35.4 3352107 3353684 genome.dna 4340931 4342437 NC_003888.gbk
304 41.7 3355116 3355481 genome.dna 1807504 1807897 NC_003888.gbk
260 30.7 3359337 3358615 genome.dna 643178 643880 NC_003888.gbk
898 34.2 3364676 3363084 genome.dna 1969392 1967793 NC_003888.gbk
840 36.0 3368339 3370030 genome.dna 7788084 7786479 NC_003888.gbk
642 34.2 3372145 3370688 genome.dna 4994786 4996445 NC_003888.gbk
952 35.7 3373687 3372152 genome.dna 4993218 4994790 NC_003888.gbk
1188 37.8 3375638 3373788 genome.dna 4991248 4993213 NC_003888.gbk
255 39.4 3375937 3375635 genome.dna 4990934 4991234 NC_003888.gbk
238 32.0 3376497 3375934 genome.dna 5027625 5028219 NC_003888.gbk
707 36.8 3378041 3377067 genome.dna 5026067 5027036 NC_003888.gbk
1318 47.8 3382301 3380952 genome.dna 4984136 4985486 NC_003888.gbk
457 32.8 3387504 3386554 genome.dna 7254379 7253500 NC_003888.gbk
457 32.8 3388991 3388041 genome.dna 7254379 7253500 NC_003888.gbk
1806 63.4 3389494 3390708 genome.dna 6844380 6843171 NC_003888.gbk
471 36.5 3394163 3393489 genome.dna 2516663 2515997 NC_003888.gbk
1088 48.9 3395711 3396913 genome.dna 5895703 5894479 NC_003888.gbk
1375 38.5 3396993 3399131 genome.dna 5897793 5895699 NC_003888.gbk
675 37.2 3402984 3403889 genome.dna 2356469 2357579 NC_003888.gbk
320 38.6 3408161 3407589 genome.dna 4912028 4912679 NC_003888.gbk
637 38.6 3409858 3408341 genome.dna 4479260 4480853 NC_003888.gbk
367 30.5 3412525 3411257 genome.dna 2838482 2837147 NC_003888.gbk
467 36.5 3415469 3414618 genome.dna 5144189 5145044 NC_003888.gbk
327 32.4 3416479 3415469 genome.dna 3994418 3993329 NC_003888.gbk
193 36.5 3427528 3426443 genome.dna 1599274 1598089 NC_003888.gbk
1009 41.9 3439860 3438547 genome.dna 4921334 4922621 NC_003888.gbk
586 39.6 3448586 3447795 genome.dna 8158389 8157612 NC_003888.gbk
626 36.8 3474824 3473256 genome.dna 2014193 2012858 NC_003888.gbk
616 37.1 3511745 3510762 genome.dna 5087652 5088690 NC_003888.gbk
833 47.2 3516455 3517318 genome.dna 5253980 5254835 NC_003888.gbk
159 31.8 3519771 3519349 genome.dna 2520563 2521025 NC_003888.gbk
231 35.9 3520193 3520687 genome.dna 8325307 8324809 NC_003888.gbk
527 53.2 3521609 3522118 genome.dna 3352767 3352224 NC_003888.gbk
468 32.1 3522115 3523185 genome.dna 3353999 3352763 NC_003888.gbk
1304 36.0 3531913 3533985 genome.dna 4562289 4559964 NC_003888.gbk
463 56.3 3537011 3536586 genome.dna 3256977 3256563 NC_003888.gbk
405 48.9 3537641 3537204 genome.dna 3257115 3257622 NC_003888.gbk
849 39.9 3540580 3539417 genome.dna 3437626 3436462 NC_003888.gbk
410 32.3 3541630 3540590 genome.dna 3439685 3438623 NC_003888.gbk
549 31.8 3549622 3550470 genome.dna 2397855 2396943 NC_003888.gbk
1331 36.3 3551956 3554016 genome.dna 8222349 8220303 NC_003888.gbk
953 49.0 3557435 3556470 genome.dna 4508514 4509459 NC_003888.gbk
751 52.8 3570531 3571184 genome.dna 288840 288186 NC_003888.gbk
450 40.1 3571239 3571790 genome.dna 3130104 3130731 NC_003888.gbk
650 44.5 3577570 3576767 genome.dna 6061163 6061973 NC_003888.gbk
1659 50.9 3590632 3589055 genome.dna 5205165 5206746 NC_003888.gbk
1617 51.3 3592205 3590739 genome.dna 5181346 5182852 NC_003888.gbk
623 31.5 3592378 3593766 genome.dna 5495897 5494688 NC_003888.gbk
1139 49.9 3594004 3595047 genome.dna 2727563 2728634 NC_003888.gbk
604 40.7 3596586 3597341 genome.dna 6942543 6941745 NC_003888.gbk
453 33.9 3599984 3598497 genome.dna 1880298 1878819 NC_003888.gbk
1029 40.2 3603229 3601955 genome.dna 1613443 1612165 NC_003888.gbk
1030 46.7 3604488 3603367 genome.dna 7524432 7525587 NC_003888.gbk
732 36.4 3607701 3606505 genome.dna 6143018 6144125 NC_003888.gbk
361 42.7 3608433 3608005 genome.dna 2836660 2836246 NC_003888.gbk
880 31.8 3608793 3610373 genome.dna 454545 456195 NC_003888.gbk
451 33.3 3611852 3612721 genome.dna 6410063 6410915 NC_003888.gbk
512 38.1 3622920 3623723 genome.dna 6417371 6418190 NC_003888.gbk
1471 54.4 3635387 3634134 genome.dna 5957209 5955946 NC_003888.gbk
831 37.3 3635748 3636938 genome.dna 7885962 7884750 NC_003888.gbk
419 33.8 3639338 3640444 genome.dna 2012792 2011646 NC_003888.gbk
425 50.9 3640872 3640534 genome.dna 6087373 6087712 NC_003888.gbk
437 51.0 3651787 3651263 genome.dna 4434139 4433707 NC_003888.gbk
1003 55.8 3653449 3652523 genome.dna 4721247 4720311 NC_003888.gbk
220 36.8 3680225 3679845 genome.dna 5158372 5158000 NC_003888.gbk
435 35.4 3682691 3681786 genome.dna 2736596 2737559 NC_003888.gbk
496 40.5 3683368 3682688 genome.dna 6069986 6070805 NC_003888.gbk
2152 53.9 3686442 3684643 genome.dna 2766456 2764587 NC_003888.gbk
1208 41.9 3689812 3691413 genome.dna 3746566 3744823 NC_003888.gbk
778 54.1 3694571 3695257 genome.dna 1419678 1418994 NC_003888.gbk
462 36.6 3698228 3696813 genome.dna 6046262 6047747 NC_003888.gbk
1359 55.3 3700216 3699110 genome.dna 4712990 4714121 NC_003888.gbk
666 36.6 3700404 3701453 genome.dna 3191137 3192148 NC_003888.gbk
434 43.5 3701538 3702119 genome.dna 94872 94305 NC_003888.gbk
309 45.6 3714535 3714188 genome.dna 2324724 2324367 NC_003888.gbk
1349 50.1 3714803 3716083 genome.dna 4886989 4888306 NC_003888.gbk
754 36.8 3720403 3718385 genome.dna 8212285 8210200 NC_003888.gbk
688 44.3 3732844 3733638 genome.dna 2423297 2424173 NC_003888.gbk
381 50.0 3734665 3735045 genome.dna 1030806 1030386 NC_003888.gbk
519 33.3 3736813 3735875 genome.dna 4469743 4468762 NC_003888.gbk
264 30.5 3737076 3737717 genome.dna 6648371 6647789 NC_003888.gbk
608 53.2 3738313 3737777 genome.dna 3770892 3770328 NC_003888.gbk
3016 55.8 3762599 3760023 genome.dna 4043047 4040449 NC_003888.gbk
398 37.8 3763458 3762733 genome.dna 2234424 2233695 NC_003888.gbk
531 35.9 3764478 3763501 genome.dna 2225155 2224210 NC_003888.gbk
326 33.5 3770090 3770806 genome.dna 1292117 1291355 NC_003888.gbk
398 50.4 3773009 3772662 genome.dna 6099499 6099850 NC_003888.gbk
451 40.8 3773827 3773072 genome.dna 6098529 6099363 NC_003888.gbk
1434 48.9 3776200 3774839 genome.dna 6090280 6091933 NC_003888.gbk
973 42.0 3784972 3782345 genome.dna 1605763 1603090 NC_003888.gbk
1463 66.3 3786717 3785644 genome.dna 6306653 6307778 NC_003888.gbk
313 39.0 3787319 3786825 genome.dna 6292410 6292956 NC_003888.gbk
1325 51.2 3882715 3881462 genome.dna 2791648 2790361 NC_003888.gbk
793 38.9 3883829 3882726 genome.dna 2793510 2792385 NC_003888.gbk
496 35.9 3890258 3889458 genome.dna 303083 303971 NC_003888.gbk
699 47.3 3898447 3899475 genome.dna 3290726 3289583 NC_003888.gbk
960 40.8 3908071 3909228 genome.dna 4036688 4037879 NC_003888.gbk
609 32.8 3911288 3910026 genome.dna 3365832 3364614 NC_003888.gbk
754 34.8 3918901 3920391 genome.dna 3085267 3086671 NC_003888.gbk
1053 46.7 3921930 3923132 genome.dna 1735961 1734866 NC_003888.gbk
959 49.6 3926541 3925651 genome.dna 482455 483325 NC_003888.gbk
631 33.2 3928680 3929900 genome.dna 4401542 4400249 NC_003888.gbk
1086 41.9 3945541 3944261 genome.dna 7440206 7438925 NC_003888.gbk
934 50.3 3952362 3953393 genome.dna 1671790 1670683 NC_003888.gbk
637 46.5 3953386 3954039 genome.dna 1670672 1669949 NC_003888.gbk
575 39.9 3954101 3954916 genome.dna 1669883 1669055 NC_003888.gbk
1402 41.7 3956293 3958011 genome.dna 6209639 6211343 NC_003888.gbk
307 35.9 3963052 3962555 genome.dna 4638343 4638856 NC_003888.gbk
264 33.5 3963804 3963091 genome.dna 4637541 4638354 NC_003888.gbk
409 39.1 3967961 3967344 genome.dna 6699895 6699358 NC_003888.gbk
1195 47.7 3969453 3967963 genome.dna 6698421 6697065 NC_003888.gbk
884 47.3 3970373 3969465 genome.dna 6699362 6698423 NC_003888.gbk
394 34.9 3972869 3972135 genome.dna 6700715 6700004 NC_003888.gbk
364 30.1 3988169 3987237 genome.dna 8252588 8253524 NC_003888.gbk
702 47.3 3989266 3990012 genome.dna 1412625 1411884 NC_003888.gbk
400 34.6 3994388 3993498 genome.dna 4315294 4314388 NC_003888.gbk
1588 59.7 4001743 4000448 genome.dna 3391821 3390540 NC_003888.gbk
1869 54.1 4003479 4001842 genome.dna 1898320 1896670 NC_003888.gbk
968 44.5 4012636 4011491 genome.dna 2305900 2307199 NC_003888.gbk
811 43.6 4013697 4012813 genome.dna 6821421 6820530 NC_003888.gbk
670 38.2 4015967 4014627 genome.dna 2741582 2740286 NC_003888.gbk
1324 41.4 4027241 4025196 genome.dna 5978784 5980992 NC_003888.gbk
582 36.5 4028828 4027398 genome.dna 6792477 6793869 NC_003888.gbk
461 36.6 4036522 4035704 genome.dna 7837143 7837980 NC_003888.gbk
168 31.7 4037027 4036671 genome.dna 3765813 3766173 NC_003888.gbk
458 44.7 4039680 4040210 genome.dna 3775144 3775636 NC_003888.gbk
628 33.6 4051288 4053240 genome.dna 2157989 2159798 NC_003888.gbk
291 37.1 4059399 4059037 genome.dna 8446199 8446559 NC_003888.gbk
308 38.6 4059979 4059527 genome.dna 4304512 4304959 NC_003888.gbk
196 41.5 4060248 4060021 genome.dna 4304257 4304494 NC_003888.gbk
184 32.2 4064375 4065496 genome.dna 3648548 3647354 NC_003888.gbk
268 37.4 4071662 4071237 genome.dna 8241834 8242281 NC_003888.gbk
495 34.9 4077711 4078532 genome.dna 3694917 3694062 NC_003888.gbk
590 51.0 4079441 4080034 genome.dna 3155892 3155289 NC_003888.gbk
518 33.2 4080027 4081166 genome.dna 2759789 2758481 NC_003888.gbk
175 34.3 4086876 4086421 genome.dna 2224208 2223725 NC_003888.gbk
1798 66.4 4102382 4101120 genome.dna 7121124 7122447 NC_003888.gbk
553 34.3 4114259 4113273 genome.dna 5515242 5516232 NC_003888.gbk
1112 38.7 4114440 4115846 genome.dna 4306856 4308332 NC_003888.gbk
467 37.4 4115888 4116970 genome.dna 5158507 5159683 NC_003888.gbk
3658 58.0 4139901 4137067 genome.dna 2097318 2094273 NC_003888.gbk
451 32.3 4203411 4204295 genome.dna 2048175 2049129 NC_003888.gbk
743 46.5 4216300 4217559 genome.dna 130184 128633 NC_003888.gbk
907 36.5 4231793 4230366 genome.dna 2344271 2345732 NC_003888.gbk
2837 48.5 4236582 4233919 genome.dna 7917424 7914736 NC_003888.gbk
729 42.1 4244964 4245854 genome.dna 3744818 3743828 NC_003888.gbk
444 41.9 4250722 4251348 genome.dna 2131993 2131390 NC_003888.gbk
1802 48.4 4255592 4252890 genome.dna 3279720 3276876 NC_003888.gbk
1116 49.9 4258960 4257809 genome.dna 2235620 2234420 NC_003888.gbk
731 39.7 4263557 4262097 genome.dna 6652234 6653623 NC_003888.gbk
580 35.1 4264711 4263620 genome.dna 2237823 2236728 NC_003888.gbk
306 33.8 4267226 4265910 genome.dna 2240693 2239277 NC_003888.gbk
622 41.0 4268312 4267230 genome.dna 2241793 2240701 NC_003888.gbk
756 37.5 4269667 4268306 genome.dna 2243208 2241792 NC_003888.gbk
894 37.9 4271151 4269664 genome.dna 2244789 2243268 NC_003888.gbk
372 30.7 4272901 4271138 genome.dna 2246961 2244996 NC_003888.gbk
702 42.2 4274186 4273242 genome.dna 2248617 2247684 NC_003888.gbk
393 40.9 4277861 4277370 genome.dna 6004979 6005504 NC_003888.gbk
1616 44.4 4279582 4277864 genome.dna 6003116 6004958 NC_003888.gbk
1119 34.4 4281750 4279945 genome.dna 2764346 2762402 NC_003888.gbk
735 40.3 4283764 4284855 genome.dna 6015258 6016302 NC_003888.gbk
1898 60.3 4284858 4286258 genome.dna 6052012 6053443 NC_003888.gbk
613 50.0 4286272 4286874 genome.dna 6053448 6054042 NC_003888.gbk
463 34.4 4289018 4288182 genome.dna 6301455 6302322 NC_003888.gbk
480 36.0 4319027 4319845 genome.dna 3450821 3449960 NC_003888.gbk
3383 54.8 4330684 4327460 genome.dna 1587412 1584103 NC_003888.gbk
663 45.8 4331847 4330699 genome.dna 1588547 1587404 NC_003888.gbk
1116 52.2 4334402 4333452 genome.dna 5497984 5499001 NC_003888.gbk
570 33.0 4339154 4338213 genome.dna 6225980 6226937 NC_003888.gbk
196 41.4 4339580 4339843 genome.dna 2766693 2766960 NC_003888.gbk
1029 43.1 4343498 4342359 genome.dna 2755006 2753869 NC_003888.gbk
1824 52.6 4345514 4343607 genome.dna 4052693 4050836 NC_003888.gbk
320 30.1 4354760 4353831 genome.dna 5824854 5825784 NC_003888.gbk
281 34.5 4362071 4361421 genome.dna 2783615 2782943 NC_003888.gbk
2045 58.6 4365488 4367155 genome.dna 2918391 2916747 NC_003888.gbk
415 41.1 4376373 4375759 genome.dna 8115164 8115779 NC_003888.gbk
772 40.5 4378640 4377564 genome.dna 4028773 4027741 NC_003888.gbk
346 40.2 4379941 4378778 genome.dna 2080008 2078796 NC_003888.gbk
1176 46.2 4383337 4381343 genome.dna 7402688 7400591 NC_003888.gbk
1127 59.5 4388480 4389631 genome.dna 1578935 1577726 NC_003888.gbk
320 30.4 4391555 4392289 genome.dna 2752690 2751940 NC_003888.gbk
1382 50.0 4398393 4397095 genome.dna 4008183 4006899 NC_003888.gbk
909 40.4 4402445 4401165 genome.dna 6334501 6335995 NC_003888.gbk
594 37.7 4403893 4402952 genome.dna 6327655 6328594 NC_003888.gbk
191 31.3 4408042 4407560 genome.dna 5161170 5161617 NC_003888.gbk
493 35.5 4409618 4408062 genome.dna 5157288 5155830 NC_003888.gbk
1253 56.9 4422828 4421779 genome.dna 5378898 5379939 NC_003888.gbk
791 46.7 4431770 4432609 genome.dna 557881 558715 NC_003888.gbk
495 46.9 4435345 4434803 genome.dna 3048672 3049275 NC_003888.gbk
488 32.5 4435653 4436702 genome.dna 6750130 6751231 NC_003888.gbk
470 39.7 4448185 4447619 genome.dna 1594085 1593518 NC_003888.gbk
1918 53.6 4451372 4449723 genome.dna 2076968 2075312 NC_003888.gbk
1539 31.8 4464530 4460847 genome.dna 1776333 1772820 NC_003888.gbk
505 35.6 4464724 4465554 genome.dna 6869469 6868656 NC_003888.gbk
1759 63.1 4468982 4467675 genome.dna 1033826 1035107 NC_003888.gbk
1667 48.8 4470612 4469014 genome.dna 6867358 6865735 NC_003888.gbk
366 37.1 4477982 4478530 genome.dna 1391366 1391903 NC_003888.gbk
327 36.1 4482450 4482959 genome.dna 4978495 4977868 NC_003888.gbk
620 36.8 4482986 4483933 genome.dna 1574419 1573486 NC_003888.gbk
422 31.5 4484001 4485290 genome.dna 1573398 1571970 NC_003888.gbk
210 36.8 4486815 4487225 genome.dna 3496669 3497140 NC_003888.gbk
796 42.9 4489098 4488109 genome.dna 5142326 5143349 NC_003888.gbk
397 37.0 4489744 4489124 genome.dna 1609590 1608975 NC_003888.gbk
523 57.9 4490164 4489775 genome.dna 5141790 5142195 NC_003888.gbk
434 57.3 4490537 4490181 genome.dna 5141342 5141723 NC_003888.gbk
167 57.9 4490800 4490684 genome.dna 5141040 5141154 NC_003888.gbk
1140 44.7 4492165 4490834 genome.dna 5137654 5138968 NC_003888.gbk
258 38.8 4492607 4492173 genome.dna 5136942 5137398 NC_003888.gbk
161 49.1 4492790 4492611 genome.dna 5136757 5136940 NC_003888.gbk
278 47.5 4493665 4493312 genome.dna 5135722 5136106 NC_003888.gbk
490 40.9 4494208 4493675 genome.dna 5135179 5135719 NC_003888.gbk
423 49.6 4494614 4494222 genome.dna 5134756 5135155 NC_003888.gbk
293 43.6 4494953 4494648 genome.dna 3791411 3791717 NC_003888.gbk
757 60.5 4495506 4494967 genome.dna 5133796 5134354 NC_003888.gbk
264 48.1 4495835 4495521 genome.dna 5133473 5133797 NC_003888.gbk
546 69.1 4496217 4495846 genome.dna 5133102 5133471 NC_003888.gbk
293 59.7 4496635 4496381 genome.dna 5132707 5132995 NC_003888.gbk
481 50.7 4497236 4496826 genome.dna 5132064 5132484 NC_003888.gbk
779 50.2 4497950 4497249 genome.dna 5131225 5132059 NC_003888.gbk
335 52.3 4498300 4497968 genome.dna 5130848 5131226 NC_003888.gbk
436 65.2 4498593 4498315 genome.dna 5130554 5130836 NC_003888.gbk
1059 56.0 4499431 4498610 genome.dna 5129705 5130542 NC_003888.gbk
673 51.5 4500993 4500364 genome.dna 5127933 5128578 NC_003888.gbk
440 61.8 4501337 4501026 genome.dna 5127608 5127917 NC_003888.gbk
429 46.7 4502117 4501644 genome.dna 2271143 2271647 NC_003888.gbk
2685 59.4 4505956 4503842 genome.dna 5089829 5091956 NC_003888.gbk
580 53.8 4506523 4506053 genome.dna 5089319 5089790 NC_003888.gbk
612 73.2 4506994 4506620 genome.dna 5088945 5089317 NC_003888.gbk
423 36.5 4514856 4514044 genome.dna 2233689 2232969 NC_003888.gbk
640 34.5 4514960 4516456 genome.dna 5267681 5269070 NC_003888.gbk
285 43.3 4518446 4518081 genome.dna 2671941 2671551 NC_003888.gbk
170 36.0 4518538 4518864 genome.dna 132326 132647 NC_003888.gbk
852 55.7 4518864 4519643 genome.dna 131522 132296 NC_003888.gbk
952 39.6 4531124 4529898 genome.dna 1688371 1687162 NC_003888.gbk
632 52.4 4531820 4531245 genome.dna 3523299 3522696 NC_003888.gbk
1159 54.1 4557783 4556779 genome.dna 5271518 5272538 NC_003888.gbk
608 45.1 4559154 4558477 genome.dna 1562157 1561470 NC_003888.gbk
671 36.0 4562421 4561336 genome.dna 1597581 1596489 NC_003888.gbk
332 38.6 4562994 4562473 genome.dna 1598093 1597577 NC_003888.gbk
2913 59.7 4597892 4600225 genome.dna 7501850 7499507 NC_003888.gbk
1041 33.6 4616966 4614891 genome.dna 2882590 2880454 NC_003888.gbk
645 33.7 4622349 4623851 genome.dna 1780272 1781889 NC_003888.gbk
984 38.7 4635563 4634286 genome.dna 1015229 1014029 NC_003888.gbk
1911 46.6 4637576 4635600 genome.dna 8151575 8153723 NC_003888.gbk
2336 50.0 4639754 4637577 genome.dna 8145319 8143093 NC_003888.gbk
559 31.3 4648692 4650488 genome.dna 6961810 6959962 NC_003888.gbk
307 34.1 4651246 4650551 genome.dna 2557982 2557325 NC_003888.gbk
265 32.1 4657530 4658615 genome.dna 1676026 1674847 NC_003888.gbk
1513 45.0 4664050 4662224 genome.dna 4997396 4999427 NC_003888.gbk
769 41.1 4665855 4666784 genome.dna 5015214 5014125 NC_003888.gbk
290 33.7 4675687 4674863 genome.dna 6329271 6330141 NC_003888.gbk
672 40.2 4680620 4681561 genome.dna 8157545 8156603 NC_003888.gbk
1417 46.4 4694568 4693180 genome.dna 3165274 3163846 NC_003888.gbk
473 43.6 4702353 4701286 genome.dna 791535 790560 NC_003888.gbk
605 33.2 4703612 4702350 genome.dna 5489639 5490971 NC_003888.gbk
372 54.0 4709479 4709153 genome.dna 4280544 4280211 NC_003888.gbk
509 45.2 4721633 4722259 genome.dna 1018838 1018178 NC_003888.gbk
2678 66.1 4729969 4728119 genome.dna 3704612 3702758 NC_003888.gbk
440 35.1 4730969 4730043 genome.dna 6016566 6017655 NC_003888.gbk
432 37.8 4733613 4735139 genome.dna 6104867 6106493 NC_003888.gbk
317 32.0 4752703 4752062 genome.dna 5971214 5970587 NC_003888.gbk
703 42.9 4755209 4754301 genome.dna 5468566 5469505 NC_003888.gbk
635 38.7 4756712 4755816 genome.dna 2261916 2260992 NC_003888.gbk
455 32.0 4759858 4759052 genome.dna 3814873 3814030 NC_003888.gbk
1054 46.1 4766891 4765731 genome.dna 5393840 5395001 NC_003888.gbk
695 39.6 4768410 4769372 genome.dna 8022129 8023167 NC_003888.gbk
253 50.0 4770684 4770469 genome.dna 5830019 5830244 NC_003888.gbk
709 35.8 4773468 4774511 genome.dna 2990407 2991451 NC_003888.gbk
566 43.4 4780345 4781184 genome.dna 4450345 4449454 NC_003888.gbk
1688 50.1 4781238 4782749 genome.dna 1778725 1780264 NC_003888.gbk
775 47.7 4782875 4783885 genome.dna 5488108 5487076 NC_003888.gbk
588 42.5 4786326 4787093 genome.dna 2078791 2078014 NC_003888.gbk
657 37.3 4788410 4787304 genome.dna 6021710 6022730 NC_003888.gbk
522 37.9 4789295 4788411 genome.dna 7081656 7082499 NC_003888.gbk
2574 48.6 4819888 4822662 genome.dna 1645023 1642554 NC_003888.gbk
681 41.2 4825789 4824827 genome.dna 5897943 5898969 NC_003888.gbk
1053 48.7 4838481 4837408 genome.dna 4646311 4645174 NC_003888.gbk
543 32.5 4839358 4838507 genome.dna 8379708 8380632 NC_003888.gbk
281 32.1 4846439 4847095 genome.dna 1973717 1972994 NC_003888.gbk
1083 43.3 4848093 4849451 genome.dna 5429457 5430936 NC_003888.gbk
941 41.1 4859267 4858077 genome.dna 3658543 3657328 NC_003888.gbk
785 53.2 4859998 4859297 genome.dna 2154330 2155047 NC_003888.gbk
791 48.0 4860774 4860004 genome.dna 2153404 2154334 NC_003888.gbk
706 42.8 4862968 4862042 genome.dna 2150634 2151567 NC_003888.gbk
626 48.4 4867996 4867325 genome.dna 3230482 3229792 NC_003888.gbk
366 38.4 4869761 4870336 genome.dna 6066626 6067214 NC_003888.gbk
1067 36.7 4872230 4874593 genome.dna 7147459 7149376 NC_003888.gbk
360 30.7 4881331 4882347 genome.dna 5277573 5278539 NC_003888.gbk
1252 46.4 4886675 4885383 genome.dna 5909845 5911246 NC_003888.gbk
445 34.1 4911222 4909444 genome.dna 7071943 7073755 NC_003888.gbk
417 38.5 4917573 4916662 genome.dna 3003509 3002573 NC_003888.gbk
1072 51.9 4926494 4925484 genome.dna 5568360 5569431 NC_003888.gbk
773 43.7 4928387 4927485 genome.dna 8388623 8389529 NC_003888.gbk
1121 43.7 4956187 4955039 genome.dna 3837003 3835869 NC_003888.gbk
1121 43.7 4956187 4955039 genome.dna 3837003 3835869 NC_003888.gbk
1121 43.7 4956187 4955039 genome.dna 3837003 3835869 NC_003888.gbk
431 36.9 4958376 4957678 genome.dna 1241561 1242302 NC_003888.gbk
1453 44.1 4960608 4958773 genome.dna 6715769 6714011 NC_003888.gbk
566 35.2 4964420 4963467 genome.dna 4154590 4155571 NC_003888.gbk
182 61.9 4985770 4985910 genome.dna 4273126 4273264 NC_003888.gbk
851 49.8 4992272 4991421 genome.dna 5016214 5015359 NC_003888.gbk
1190 41.0 5001994 5003496 genome.dna 1872921 1871316 NC_003888.gbk
602 38.9 5010680 5009268 genome.dna 4748999 4750457 NC_003888.gbk
379 30.5 5014534 5013698 genome.dna 6314446 6313609 NC_003888.gbk
287 30.1 5015940 5016497 genome.dna 7562871 7563450 NC_003888.gbk
933 55.3 5018328 5017552 genome.dna 4554413 4553636 NC_003888.gbk
594 37.1 5019301 5018414 genome.dna 4555531 4554466 NC_003888.gbk
670 38.8 5020260 5019301 genome.dna 4556538 4555527 NC_003888.gbk
468 30.9 5021463 5020423 genome.dna 4557819 4556706 NC_003888.gbk
981 38.5 5026700 5027902 genome.dna 5070975 5069748 NC_003888.gbk
666 43.0 5028745 5027972 genome.dna 461349 462102 NC_003888.gbk
115 31.0 5044387 5044136 genome.dna 6444218 6443972 NC_003888.gbk
1631 44.7 5049054 5047222 genome.dna 5153333 5155181 NC_003888.gbk
1024 38.3 5050610 5049240 genome.dna 3422408 3423857 NC_003888.gbk
1864 61.9 5055348 5053966 genome.dna 5842698 5844135 NC_003888.gbk
553 36.6 5056259 5055396 genome.dna 5841781 5842699 NC_003888.gbk
1150 51.5 5057853 5056312 genome.dna 5840170 5841760 NC_003888.gbk
247 31.0 5058884 5058414 genome.dna 5838601 5839156 NC_003888.gbk
824 36.4 1169670 1173152 genome.dna 227991 224349 NC_003903.gbk
560 34.4 1621487 1622377 genome.dna 56593 55711 NC_003903.gbk
560 34.4 1621487 1622377 genome.dna 299430 300312 NC_003903.gbk
1152 52.7 1622382 1623413 genome.dna 55715 54698 NC_003903.gbk
1152 52.7 1622382 1623413 genome.dna 300308 301325 NC_003903.gbk
469 40.6 2042130 2043083 genome.dna 238241 239240 NC_003903.gbk
98 35.3 2044934 2045170 genome.dna 239303 239552 NC_003903.gbk
159 30.3 2064690 2065280 genome.dna 247006 246361 NC_003903.gbk
416 34.6 2246565 2247398 genome.dna 40934 41750 NC_003903.gbk
416 34.6 2246565 2247398 genome.dna 315089 314273 NC_003903.gbk
366 37.6 2693565 2694197 genome.dna 233950 234604 NC_003903.gbk
334 30.2 2903705 2902830 genome.dna 301321 302185 NC_003903.gbk
334 30.2 2903705 2902830 genome.dna 54702 53838 NC_003903.gbk
250 41.0 3333853 3334194 genome.dna 242697 243033 NC_003903.gbk
437 51.5 3700216 3699110 genome.dna 234673 235837 NC_003903.gbk
461 34.2 3890258 3889458 genome.dna 232922 233864 NC_003903.gbk
226 36.0 3921260 3920868 genome.dna 160291 159898 NC_003903.gbk
834 32.5 5001994 5003496 genome.dna 312560 310922 NC_003903.gbk
834 32.5 5001994 5003496 genome.dna 43463 45101 NC_003903.gbk
