449 31.4 24825 25448 genome.dna 440142 440778 NC_004545.gbk
645 49.7 29669 29034 genome.dna 442834 442123 NC_004545.gbk
2749 66.6 37037 38860 genome.dna 442991 444842 NC_004545.gbk
866 62.8 50956 50333 genome.dna 445510 444886 NC_004545.gbk
1459 42.1 59530 61035 genome.dna 597803 596303 NC_004545.gbk
449 45.7 62108 62545 genome.dna 596131 595702 NC_004545.gbk
1189 57.7 98527 99441 genome.dna 141176 140273 NC_004545.gbk
1708 37.3 99451 101520 genome.dna 140228 138134 NC_004545.gbk
2249 53.3 102940 104847 genome.dna 580688 578765 NC_004545.gbk
1033 45.3 104909 106057 genome.dna 578653 577480 NC_004545.gbk
867 59.1 110262 109636 genome.dna 201678 202305 NC_004545.gbk
636 45.1 163345 163986 genome.dna 566907 567528 NC_004545.gbk
637 62.0 165569 165111 genome.dna 568008 567549 NC_004545.gbk
340 67.2 167881 168117 genome.dna 86573 86348 NC_004545.gbk
257 69.1 168129 168296 genome.dna 86307 86139 NC_004545.gbk
738 47.6 193935 194756 genome.dna 57357 58122 NC_004545.gbk
3356 63.1 199780 202044 genome.dna 32185 34456 NC_004545.gbk
1786 58.1 219661 221034 genome.dna 55106 56483 NC_004545.gbk
1048 46.2 245968 247005 genome.dna 52399 51394 NC_004545.gbk
2330 85.2 250357 251541 genome.dna 531246 530061 NC_004545.gbk
280 34.6 251779 252162 genome.dna 50256 49872 NC_004545.gbk
1013 77.8 252164 252709 genome.dna 49868 49322 NC_004545.gbk
670 65.5 252872 253300 genome.dna 49108 48667 NC_004545.gbk
896 55.2 253304 254008 genome.dna 48671 47969 NC_004545.gbk
478 44.6 254326 254823 genome.dna 47688 47181 NC_004545.gbk
491 67.2 254890 255255 genome.dna 47108 46739 NC_004545.gbk
7125 78.7 255584 259612 genome.dna 46512 42480 NC_004545.gbk
7584 81.7 259736 263959 genome.dna 42392 38177 NC_004545.gbk
357 60.0 277924 278196 genome.dna 37771 37492 NC_004545.gbk
1476 41.7 281849 280260 genome.dna 37420 35809 NC_004545.gbk
592 57.5 307589 307137 genome.dna 418869 419334 NC_004545.gbk
1914 59.8 321945 323390 genome.dna 418524 417072 NC_004545.gbk
1378 47.0 331816 333156 genome.dna 90539 91886 NC_004545.gbk
218 39.7 345645 345899 genome.dna 407140 407380 NC_004545.gbk
1566 56.5 345980 347242 genome.dna 407400 408651 NC_004545.gbk
672 64.8 352201 352629 genome.dna 411785 411350 NC_004545.gbk
631 72.9 352645 353037 genome.dna 411338 410945 NC_004545.gbk
854 47.0 372605 373492 genome.dna 93240 92361 NC_004545.gbk
356 43.3 431880 431494 genome.dna 389812 390193 NC_004545.gbk
1310 55.8 435364 434357 genome.dna 387893 388913 NC_004545.gbk
3442 52.3 460910 458055 genome.dna 385837 382966 NC_004545.gbk
1802 51.6 463248 461737 genome.dna 387417 385911 NC_004545.gbk
534 41.4 526894 527520 genome.dna 427797 427209 NC_004545.gbk
2015 55.7 533382 534971 genome.dna 546459 544860 NC_004545.gbk
507 82.3 697176 697469 genome.dna 19864 20158 NC_004545.gbk
2917 83.0 697515 699164 genome.dna 20208 21861 NC_004545.gbk
807 39.0 726542 725589 genome.dna 175945 176911 NC_004545.gbk
3001 76.0 753122 751287 genome.dna 60142 58312 NC_004545.gbk
1760 43.5 755031 753277 genome.dna 62116 60379 NC_004545.gbk
404 83.1 755400 755185 genome.dna 62438 62222 NC_004545.gbk
1223 53.7 755628 756641 genome.dna 62605 63622 NC_004545.gbk
396 55.4 761608 761919 genome.dna 408887 409226 NC_004545.gbk
422 70.6 761939 762196 genome.dna 409215 409473 NC_004545.gbk
1278 54.7 763509 764681 genome.dna 409711 410728 NC_004545.gbk
698 64.7 766454 766933 genome.dna 406657 406177 NC_004545.gbk
737 52.6 767499 768128 genome.dna 406043 405410 NC_004545.gbk
3276 80.9 768185 770122 genome.dna 405352 403519 NC_004545.gbk
1443 47.7 771082 772419 genome.dna 403125 401763 NC_004545.gbk
2227 67.8 777751 779280 genome.dna 400898 399404 NC_004545.gbk
2638 50.2 779306 782008 genome.dna 399390 396759 NC_004545.gbk
277 36.4 782083 782481 genome.dna 396723 396348 NC_004545.gbk
952 47.7 782481 783425 genome.dna 396316 395407 NC_004545.gbk
351 59.6 783547 783816 genome.dna 395276 395006 NC_004545.gbk
3196 70.2 784066 786186 genome.dna 394766 392684 NC_004545.gbk
2177 64.1 787369 789282 genome.dna 392154 390345 NC_004545.gbk
1566 56.1 797270 798493 genome.dna 544703 543476 NC_004545.gbk
894 51.5 798538 799257 genome.dna 543440 542723 NC_004545.gbk
652 33.4 803587 804633 genome.dna 357058 358039 NC_004545.gbk
725 36.1 832101 831100 genome.dna 451744 452701 NC_004545.gbk
1915 57.4 844582 846099 genome.dna 450346 448843 NC_004545.gbk
444 41.7 927840 927358 genome.dna 272835 273312 NC_004545.gbk
179 34.1 928432 928713 genome.dna 272685 272424 NC_004545.gbk
1235 62.7 932060 931182 genome.dna 199003 199882 NC_004545.gbk
357 34.2 932209 932796 genome.dna 271814 272411 NC_004545.gbk
1189 57.7 956604 955654 genome.dna 95373 96324 NC_004545.gbk
602 61.1 994093 993584 genome.dna 67411 66904 NC_004545.gbk
2404 63.8 995970 994243 genome.dna 69150 67419 NC_004545.gbk
346 63.5 996273 996016 genome.dna 69582 69324 NC_004545.gbk
950 64.4 1002298 1002951 genome.dna 64369 63733 NC_004545.gbk
285 51.3 1085958 1085686 genome.dna 563709 563973 NC_004545.gbk
1131 42.9 1087061 1085955 genome.dna 562661 563717 NC_004545.gbk
645 41.3 1087227 1087946 genome.dna 562502 561773 NC_004545.gbk
568 40.6 1095844 1095149 genome.dna 18847 19510 NC_004545.gbk
1110 53.7 1099537 1100406 genome.dna 447304 446452 NC_004545.gbk
1250 62.1 1100443 1101237 genome.dna 446432 445637 NC_004545.gbk
1458 32.4 1109886 1113512 genome.dna 470603 474146 NC_004545.gbk
1138 31.8 1113509 1115371 genome.dna 474167 476024 NC_004545.gbk
1191 62.8 1150402 1149575 genome.dna 248347 247522 NC_004545.gbk
1076 56.8 1154052 1153258 genome.dna 249225 248424 NC_004545.gbk
1200 80.5 1154397 1155122 genome.dna 249578 250265 NC_004545.gbk
753 42.2 1155257 1156108 genome.dna 250351 251152 NC_004545.gbk
951 56.7 1156279 1157004 genome.dna 251298 252027 NC_004545.gbk
534 45.0 1157130 1157687 genome.dna 252163 252715 NC_004545.gbk
866 52.7 1159320 1160081 genome.dna 253984 254740 NC_004545.gbk
413 42.3 1166572 1167027 genome.dna 255145 255598 NC_004545.gbk
3860 54.1 1169670 1173152 genome.dna 255886 259120 NC_004545.gbk
957 35.3 1174650 1175972 genome.dna 116622 115305 NC_004545.gbk
2519 48.6 1180703 1178139 genome.dna 439887 437484 NC_004545.gbk
850 56.8 1270601 1269999 genome.dna 197315 196715 NC_004545.gbk
347 45.5 1274175 1274507 genome.dna 137602 137950 NC_004545.gbk
1243 47.7 1278982 1280091 genome.dna 476990 478109 NC_004545.gbk
523 48.1 1280201 1280677 genome.dna 476421 476901 NC_004545.gbk
555 60.7 1280702 1281121 genome.dna 478272 478707 NC_004545.gbk
902 38.5 1291078 1289714 genome.dna 482749 481564 NC_004545.gbk
735 40.1 1292157 1291267 genome.dna 484107 483240 NC_004545.gbk
680 49.5 1293119 1292505 genome.dna 485007 484422 NC_004545.gbk
3156 66.8 1295100 1293109 genome.dna 487027 485047 NC_004545.gbk
964 48.9 1296067 1295105 genome.dna 487977 487098 NC_004545.gbk
179 30.3 1298919 1299233 genome.dna 488307 488625 NC_004545.gbk
975 73.3 1301367 1301990 genome.dna 489271 489889 NC_004545.gbk
1813 64.5 1302154 1303428 genome.dna 489972 491259 NC_004545.gbk
3957 75.2 1303620 1306001 genome.dna 491445 493788 NC_004545.gbk
2015 51.0 1312639 1314408 genome.dna 495884 497624 NC_004545.gbk
1829 47.2 1314401 1316176 genome.dna 497652 499389 NC_004545.gbk
424 52.7 1332403 1332732 genome.dna 501045 501378 NC_004545.gbk
2489 56.4 1333507 1335396 genome.dna 501506 503387 NC_004545.gbk
488 36.6 1335658 1336302 genome.dna 503440 504088 NC_004545.gbk
1958 72.9 1359784 1358654 genome.dna 190009 188878 NC_004545.gbk
3935 75.4 1362181 1359896 genome.dna 192359 190073 NC_004545.gbk
3551 63.4 1363499 1366138 genome.dna 195177 192633 NC_004545.gbk
1237 62.9 1434853 1435731 genome.dna 101043 100158 NC_004545.gbk
1446 54.8 1466359 1465232 genome.dna 98588 99722 NC_004545.gbk
413 93.9 1468125 1468334 genome.dna 507598 507388 NC_004545.gbk
1252 57.5 1470427 1469462 genome.dna 287937 288882 NC_004545.gbk
641 51.6 1471338 1470655 genome.dna 287194 287806 NC_004545.gbk
366 61.6 1471750 1471487 genome.dna 507001 507268 NC_004545.gbk
3116 51.0 1483266 1480684 genome.dna 456712 459298 NC_004545.gbk
1150 62.4 1490240 1489362 genome.dna 454912 455761 NC_004545.gbk
401 40.7 1490971 1490492 genome.dna 454363 454828 NC_004545.gbk
1883 62.0 1493774 1492350 genome.dna 452827 454165 NC_004545.gbk
2285 57.7 1504627 1506285 genome.dna 429616 431269 NC_004545.gbk
738 55.3 1507655 1507128 genome.dna 321781 321256 NC_004545.gbk
1405 41.5 1528762 1530255 genome.dna 322293 323730 NC_004545.gbk
889 48.8 1530248 1530991 genome.dna 323765 324509 NC_004545.gbk
2904 48.3 1540513 1543320 genome.dna 324851 327602 NC_004545.gbk
1451 52.1 1543336 1544562 genome.dna 327612 328845 NC_004545.gbk
403 37.8 1555196 1555705 genome.dna 329469 328947 NC_004545.gbk
957 56.5 1563766 1563014 genome.dna 330197 330896 NC_004545.gbk
837 37.0 1587226 1588224 genome.dna 316006 315010 NC_004545.gbk
2147 54.9 1598005 1595975 genome.dna 113618 115256 NC_004545.gbk
736 56.5 1600255 1600836 genome.dna 112935 113517 NC_004545.gbk
1354 44.0 1606018 1604432 genome.dna 352487 354047 NC_004545.gbk
1992 62.9 1638449 1639855 genome.dna 111224 112631 NC_004545.gbk
880 35.9 1945543 1946694 genome.dna 261393 262542 NC_004545.gbk
2545 55.9 1946687 1948771 genome.dna 262534 264643 NC_004545.gbk
264 34.6 1950974 1951390 genome.dna 361918 362329 NC_004545.gbk
414 47.1 1951419 1951823 genome.dna 362332 362743 NC_004545.gbk
1160 63.8 1954611 1955393 genome.dna 364254 365037 NC_004545.gbk
551 43.2 1955568 1956287 genome.dna 365106 365841 NC_004545.gbk
1043 46.2 1956304 1957413 genome.dna 365945 367073 NC_004545.gbk
691 42.6 1962314 1961529 genome.dna 84973 85747 NC_004545.gbk
307 57.5 1962586 1962317 genome.dna 84701 84974 NC_004545.gbk
278 43.8 1964215 1963802 genome.dna 83069 83474 NC_004545.gbk
1620 53.6 1968985 1967612 genome.dna 79026 80391 NC_004545.gbk
1022 34.8 1972410 1970686 genome.dna 75687 77355 NC_004545.gbk
188 34.6 1972671 1972985 genome.dna 75492 75189 NC_004545.gbk
326 52.3 2011254 2010925 genome.dna 482900 483185 NC_004545.gbk
1067 49.5 2029109 2030257 genome.dna 382886 381947 NC_004545.gbk
927 43.9 2038594 2039550 genome.dna 370166 371114 NC_004545.gbk
265 70.4 2040877 2041047 genome.dna 371348 371513 NC_004545.gbk
661 33.3 2043101 2044030 genome.dna 371795 372731 NC_004545.gbk
817 50.4 2044045 2044779 genome.dna 372740 373478 NC_004545.gbk
270 54.1 2044934 2045170 genome.dna 373582 373819 NC_004545.gbk
612 44.1 2048443 2049102 genome.dna 373999 374653 NC_004545.gbk
858 47.5 2050132 2050929 genome.dna 375692 376490 NC_004545.gbk
2326 70.2 2051245 2052678 genome.dna 376637 378077 NC_004545.gbk
384 48.2 2055442 2055792 genome.dna 378194 378533 NC_004545.gbk
1642 69.8 2101027 2099981 genome.dna 129440 130487 NC_004545.gbk
821 39.4 2106065 2105019 genome.dna 245494 244468 NC_004545.gbk
1540 61.9 2107755 2106565 genome.dna 127798 128905 NC_004545.gbk
260 39.3 2112446 2112817 genome.dna 127317 126930 NC_004545.gbk
1239 39.5 2181270 2179897 genome.dna 118216 116860 NC_004545.gbk
580 46.2 2181519 2182154 genome.dna 118529 119168 NC_004545.gbk
536 71.9 2186467 2186817 genome.dna 200434 200761 NC_004545.gbk
877 60.7 2187600 2186929 genome.dna 201479 200825 NC_004545.gbk
1680 58.2 2192856 2194133 genome.dna 125589 126864 NC_004545.gbk
897 65.7 2203467 2202874 genome.dna 289912 290512 NC_004545.gbk
695 44.7 2216576 2217319 genome.dna 289664 288953 NC_004545.gbk
2214 51.2 2224700 2222766 genome.dna 284190 286131 NC_004545.gbk
1024 57.3 2239913 2239125 genome.dna 283258 284083 NC_004545.gbk
1102 48.1 2487322 2486231 genome.dna 203068 204160 NC_004545.gbk
563 49.4 2488039 2487452 genome.dna 202400 203024 NC_004545.gbk
1742 83.7 2489732 2488785 genome.dna 179929 178981 NC_004545.gbk
1476 58.3 2492889 2493971 genome.dna 181701 182790 NC_004545.gbk
807 47.1 2493971 2494816 genome.dna 182786 183620 NC_004545.gbk
1050 57.4 2495226 2496035 genome.dna 183794 184604 NC_004545.gbk
1422 52.5 2559536 2560804 genome.dna 599250 598038 NC_004545.gbk
763 57.4 2580340 2580921 genome.dna 119466 120051 NC_004545.gbk
476 42.0 2580921 2581499 genome.dna 120062 120572 NC_004545.gbk
934 41.9 2583574 2584629 genome.dna 122274 123339 NC_004545.gbk
538 38.7 2584640 2585269 genome.dna 123322 123973 NC_004545.gbk
755 55.3 2585266 2585973 genome.dna 123965 124691 NC_004545.gbk
713 49.0 2585970 2586605 genome.dna 124653 125301 NC_004545.gbk
973 45.4 2594839 2593787 genome.dna 301539 302589 NC_004545.gbk
802 47.2 2597527 2596643 genome.dna 300607 301351 NC_004545.gbk
2051 59.3 2602958 2604520 genome.dna 591179 589610 NC_004545.gbk
915 67.2 2604520 2605098 genome.dna 589611 589032 NC_004545.gbk
1002 44.7 2605113 2606180 genome.dna 299126 298130 NC_004545.gbk
1541 51.9 2606188 2607555 genome.dna 298116 296706 NC_004545.gbk
1889 70.3 2607572 2608762 genome.dna 296707 295522 NC_004545.gbk
892 49.2 2608762 2609568 genome.dna 295518 294708 NC_004545.gbk
506 36.4 2611821 2612573 genome.dna 294572 293819 NC_004545.gbk
513 41.8 2619430 2619996 genome.dna 293796 293259 NC_004545.gbk
644 72.1 2620019 2620441 genome.dna 293204 292796 NC_004545.gbk
1991 58.3 2624113 2625573 genome.dna 292584 291111 NC_004545.gbk
1572 70.9 2654735 2655739 genome.dna 320109 321111 NC_004545.gbk
636 45.7 2678460 2679146 genome.dna 356680 355975 NC_004545.gbk
1331 75.0 2679167 2679979 genome.dna 355951 355138 NC_004545.gbk
397 71.1 2679983 2680252 genome.dna 355135 354883 NC_004545.gbk
412 30.5 2685383 2684682 genome.dna 354197 354863 NC_004545.gbk
1872 38.0 2731236 2728849 genome.dna 134982 137391 NC_004545.gbk
1257 55.8 2732234 2731251 genome.dna 133981 134968 NC_004545.gbk
572 70.1 2732903 2732547 genome.dna 133428 133809 NC_004545.gbk
269 68.8 2733144 2732947 genome.dna 133188 133386 NC_004545.gbk
866 71.3 2733782 2733240 genome.dna 132597 133143 NC_004545.gbk
2395 51.1 2735713 2733785 genome.dna 130662 132594 NC_004545.gbk
1294 67.1 2741372 2740491 genome.dna 350971 351847 NC_004545.gbk
1405 56.9 2757088 2758194 genome.dna 279217 280330 NC_004545.gbk
508 42.4 2758197 2758835 genome.dna 280402 281032 NC_004545.gbk
1790 56.9 2759027 2760397 genome.dna 281073 282456 NC_004545.gbk
1866 55.2 2794931 2793456 genome.dna 349166 350639 NC_004545.gbk
2065 66.4 2796565 2798007 genome.dna 348718 347278 NC_004545.gbk
976 59.7 2801685 2802443 genome.dna 345894 345177 NC_004545.gbk
815 45.3 2802440 2803225 genome.dna 345142 344356 NC_004545.gbk
1979 49.9 2813755 2811956 genome.dna 342534 344265 NC_004545.gbk
1842 47.7 2835515 2837245 genome.dna 266550 264813 NC_004545.gbk
1568 46.3 2838878 2837343 genome.dna 360243 358701 NC_004545.gbk
1866 54.4 2864092 2865492 genome.dna 380844 379443 NC_004545.gbk
1312 42.3 2895155 2896582 genome.dna 566337 564891 NC_004545.gbk
1446 73.9 2916384 2917283 genome.dna 103995 104895 NC_004545.gbk
1479 50.1 2917289 2918617 genome.dna 104900 106208 NC_004545.gbk
1222 50.7 2918614 2919687 genome.dna 106209 107292 NC_004545.gbk
1382 56.0 2919703 2920770 genome.dna 107293 108367 NC_004545.gbk
649 51.0 2920770 2921360 genome.dna 108367 108958 NC_004545.gbk
772 45.6 2921367 2922104 genome.dna 108961 109687 NC_004545.gbk
1222 67.1 2922086 2922862 genome.dna 109680 110457 NC_004545.gbk
703 54.4 2922856 2923488 genome.dna 110450 111071 NC_004545.gbk
2622 70.3 2925698 2924025 genome.dna 335735 334004 NC_004545.gbk
599 42.4 2926492 2925815 genome.dna 336508 335815 NC_004545.gbk
1654 58.5 2928002 2926713 genome.dna 337948 336664 NC_004545.gbk
1364 52.9 2929170 2928085 genome.dna 339143 338021 NC_004545.gbk
1682 58.6 2975613 2974318 genome.dna 340554 339255 NC_004545.gbk
1286 62.9 2982496 2983455 genome.dna 341205 342186 NC_004545.gbk
413 86.1 2988043 2988261 genome.dna 342240 342459 NC_004545.gbk
1103 56.3 3065575 3066420 genome.dna 141477 142314 NC_004545.gbk
245 44.2 3086967 3087251 genome.dna 142439 142733 NC_004545.gbk
625 41.4 3163130 3162450 genome.dna 310717 310033 NC_004545.gbk
650 39.8 3163884 3163123 genome.dna 311457 310713 NC_004545.gbk
1217 47.4 3165022 3163865 genome.dna 312601 311446 NC_004545.gbk
1517 62.4 3166099 3165062 genome.dna 313632 312597 NC_004545.gbk
1690 54.3 3166195 3167499 genome.dna 313713 315003 NC_004545.gbk
1282 42.7 3372145 3370688 genome.dna 174370 175855 NC_004545.gbk
1630 45.1 3373687 3372152 genome.dna 172822 174349 NC_004545.gbk
1914 47.1 3375638 3373788 genome.dna 170846 172712 NC_004545.gbk
435 68.0 3375937 3375635 genome.dna 170547 170850 NC_004545.gbk
371 41.6 3376497 3375934 genome.dna 169995 170490 NC_004545.gbk
782 60.0 3377049 3376507 genome.dna 169442 169985 NC_004545.gbk
1509 64.6 3378041 3377067 genome.dna 168451 169420 NC_004545.gbk
2843 46.4 3380764 3378038 genome.dna 165731 168455 NC_004545.gbk
2006 68.5 3382301 3380952 genome.dna 164268 165603 NC_004545.gbk
536 49.7 3382843 3382298 genome.dna 163756 164272 NC_004545.gbk
3011 73.1 3384645 3382846 genome.dna 161976 163770 NC_004545.gbk
1113 70.8 3385418 3384744 genome.dna 161203 161872 NC_004545.gbk
480 55.3 3385876 3385436 genome.dna 160779 161178 NC_004545.gbk
1280 46.9 3395711 3396913 genome.dna 185120 186323 NC_004545.gbk
1697 40.0 3396993 3399131 genome.dna 186376 188524 NC_004545.gbk
310 32.3 3410380 3409880 genome.dna 178314 178800 NC_004545.gbk
1120 46.0 3412525 3411257 genome.dna 176993 178274 NC_004545.gbk
893 50.2 3415469 3414618 genome.dna 210480 211275 NC_004545.gbk
1717 63.3 3421622 3420405 genome.dna 93526 94750 NC_004545.gbk
1751 70.1 3427528 3426443 genome.dna 102593 101525 NC_004545.gbk
424 38.2 3428721 3429263 genome.dna 102975 103506 NC_004545.gbk
1162 59.1 3516455 3517318 genome.dna 504308 505172 NC_004545.gbk
1600 51.0 3519048 3517663 genome.dna 506599 505189 NC_004545.gbk
915 38.9 3599984 3598497 genome.dna 615364 613975 NC_004545.gbk
1469 49.2 3603229 3601955 genome.dna 307257 308535 NC_004545.gbk
1326 55.9 3607701 3606505 genome.dna 304750 305872 NC_004545.gbk
461 57.0 3616630 3616295 genome.dna 613585 613909 NC_004545.gbk
1391 42.7 3618482 3616632 genome.dna 611932 613468 NC_004545.gbk
693 84.7 3619938 3619552 genome.dna 610824 611205 NC_004545.gbk
1986 71.5 3621177 3619963 genome.dna 609578 610793 NC_004545.gbk
738 39.5 3622920 3623723 genome.dna 304365 303564 NC_004545.gbk
1958 68.5 3635387 3634134 genome.dna 308660 309914 NC_004545.gbk
462 53.3 3651787 3651263 genome.dna 273379 273868 NC_004545.gbk
359 44.9 3680225 3679845 genome.dna 274319 273932 NC_004545.gbk
626 37.1 3682691 3681786 genome.dna 275179 274315 NC_004545.gbk
1062 72.6 3683368 3682688 genome.dna 275856 275175 NC_004545.gbk
893 39.9 3684626 3683661 genome.dna 276889 275956 NC_004545.gbk
2670 63.6 3686442 3684643 genome.dna 278712 276924 NC_004545.gbk
800 55.7 3694571 3695257 genome.dna 197550 198225 NC_004545.gbk
1558 50.3 3698228 3696813 genome.dna 73494 74913 NC_004545.gbk
1406 52.8 3709959 3708493 genome.dna 245994 247392 NC_004545.gbk
564 37.7 3711890 3712588 genome.dna 225491 224732 NC_004545.gbk
453 53.0 3714535 3714188 genome.dna 225877 225529 NC_004545.gbk
2642 52.8 3724928 3722451 genome.dna 211523 213749 NC_004545.gbk
713 66.2 3729128 3729583 genome.dna 210112 209656 NC_004545.gbk
736 45.8 3749695 3748958 genome.dna 270063 270801 NC_004545.gbk
620 55.6 3749751 3750215 genome.dna 270014 269552 NC_004545.gbk
761 42.2 3750989 3751744 genome.dna 269499 268749 NC_004545.gbk
967 46.8 3764478 3763501 genome.dna 420424 419470 NC_004545.gbk
878 38.8 3766362 3767522 genome.dna 412134 413250 NC_004545.gbk
492 60.2 3773009 3772662 genome.dna 416572 416929 NC_004545.gbk
952 54.2 3773827 3773072 genome.dna 415788 416541 NC_004545.gbk
433 35.1 3774414 3773866 genome.dna 415220 415763 NC_004545.gbk
260 49.4 3774681 3774433 genome.dna 414936 415200 NC_004545.gbk
1662 53.1 3776200 3774839 genome.dna 413492 414845 NC_004545.gbk
1606 46.7 3779493 3777940 genome.dna 424267 425833 NC_004545.gbk
320 83.1 3782025 3781840 genome.dna 423583 423766 NC_004545.gbk
2758 46.3 3784972 3782345 genome.dna 420762 423405 NC_004545.gbk
259 32.7 3788942 3789616 genome.dna 286403 287051 NC_004545.gbk
747 69.8 3886357 3885899 genome.dna 271228 271690 NC_004545.gbk
1875 47.0 3956293 3958011 genome.dna 260989 259264 NC_004545.gbk
1806 67.8 4001743 4000448 genome.dna 433282 434578 NC_004545.gbk
2405 63.9 4003479 4001842 genome.dna 431581 433216 NC_004545.gbk
1626 37.8 4027241 4025196 genome.dna 71141 73160 NC_004545.gbk
1155 44.8 4034399 4035643 genome.dna 64716 65976 NC_004545.gbk
640 39.0 4036522 4035704 genome.dna 66779 65972 NC_004545.gbk
752 59.3 4039680 4040210 genome.dna 90425 89897 NC_004545.gbk
421 43.3 4059979 4059527 genome.dna 569375 568910 NC_004545.gbk
427 85.3 4060248 4060021 genome.dna 569643 569415 NC_004545.gbk
483 55.3 4060971 4060579 genome.dna 570122 569762 NC_004545.gbk
582 40.1 4076900 4077613 genome.dna 559776 560448 NC_004545.gbk
1005 40.5 4080027 4081166 genome.dna 560558 561683 NC_004545.gbk
1695 59.8 4102382 4101120 genome.dna 448718 447461 NC_004545.gbk
2137 68.9 4114440 4115846 genome.dna 550627 552019 NC_004545.gbk
644 56.4 4140147 4140710 genome.dna 549620 549119 NC_004545.gbk
1784 52.2 4231793 4230366 genome.dna 223233 224661 NC_004545.gbk
4372 70.6 4236582 4233919 genome.dna 219161 221825 NC_004545.gbk
1731 73.9 4250428 4249388 genome.dna 217696 218752 NC_004545.gbk
3319 61.6 4255592 4252890 genome.dna 214225 216778 NC_004545.gbk
1717 70.6 4258960 4257809 genome.dna 227140 225982 NC_004545.gbk
1517 52.1 4260285 4259029 genome.dna 228438 227172 NC_004545.gbk
1049 49.5 4262088 4261168 genome.dna 229769 228839 NC_004545.gbk
1621 50.8 4263557 4262097 genome.dna 231231 229770 NC_004545.gbk
1086 46.8 4264711 4263620 genome.dna 232330 231268 NC_004545.gbk
1404 54.2 4265910 4264708 genome.dna 233469 232326 NC_004545.gbk
1372 44.9 4267226 4265910 genome.dna 234852 233523 NC_004545.gbk
1309 52.4 4268312 4267230 genome.dna 235871 234848 NC_004545.gbk
1249 44.4 4269667 4268306 genome.dna 237320 235937 NC_004545.gbk
1240 37.4 4271151 4269664 genome.dna 238833 237306 NC_004545.gbk
1803 48.6 4272901 4271138 genome.dna 240604 238873 NC_004545.gbk
1038 49.7 4274186 4273242 genome.dna 241878 240930 NC_004545.gbk
572 54.8 4277861 4277370 genome.dna 242451 241971 NC_004545.gbk
2770 69.3 4279582 4277864 genome.dna 244178 242447 NC_004545.gbk
1555 63.6 4283764 4284855 genome.dna 559328 558227 NC_004545.gbk
2126 66.5 4284858 4286258 genome.dna 558231 556815 NC_004545.gbk
786 56.3 4286272 4286874 genome.dna 556792 556186 NC_004545.gbk
777 43.2 4304965 4304195 genome.dna 143744 142970 NC_004545.gbk
741 45.9 4319027 4319845 genome.dna 144270 145053 NC_004545.gbk
962 50.4 4320238 4321083 genome.dna 145168 146005 NC_004545.gbk
456 42.0 4323873 4323391 genome.dna 146505 146010 NC_004545.gbk
4946 67.2 4330684 4327460 genome.dna 149820 146589 NC_004545.gbk
1430 56.5 4331847 4330699 genome.dna 151022 149828 NC_004545.gbk
785 44.5 4333114 4332293 genome.dna 151979 151160 NC_004545.gbk
3314 49.0 4338181 4335368 genome.dna 156305 153485 NC_004545.gbk
333 59.3 4339580 4339843 genome.dna 156974 157235 NC_004545.gbk
1874 68.5 4343498 4342359 genome.dna 158468 157316 NC_004545.gbk
3269 77.9 4345514 4343607 genome.dna 160506 158589 NC_004545.gbk
1796 63.8 4353827 4352538 genome.dna 205536 204243 NC_004545.gbk
1303 57.3 4354760 4353831 genome.dna 206469 205536 NC_004545.gbk
2762 50.6 4357222 4354763 genome.dna 208939 206488 NC_004545.gbk
883 58.1 4373604 4372945 genome.dna 428829 428172 NC_004545.gbk
1064 56.3 4377440 4376580 genome.dna 466365 467211 NC_004545.gbk
1558 61.0 4378640 4377564 genome.dna 465126 466206 NC_004545.gbk
1450 56.2 4379941 4378778 genome.dna 463906 465088 NC_004545.gbk
2866 61.3 4383337 4381343 genome.dna 96421 98422 NC_004545.gbk
948 60.6 4390561 4391259 genome.dna 426181 426919 NC_004545.gbk
1126 50.8 4392301 4393260 genome.dna 552391 553366 NC_004545.gbk
645 48.4 4393344 4393907 genome.dna 553463 554033 NC_004545.gbk
461 53.8 4393907 4394326 genome.dna 554044 554458 NC_004545.gbk
1600 53.6 4398393 4397095 genome.dna 572047 570757 NC_004545.gbk
883 39.5 4399815 4398820 genome.dna 573102 572121 NC_004545.gbk
883 37.3 4401072 4399819 genome.dna 574359 573105 NC_004545.gbk
974 48.6 4403893 4402952 genome.dna 575600 574628 NC_004545.gbk
646 59.9 4435345 4434803 genome.dna 583533 584016 NC_004545.gbk
957 45.5 4442310 4441333 genome.dna 593458 592489 NC_004545.gbk
517 38.8 4448185 4447619 genome.dna 23003 23573 NC_004545.gbk
1224 52.1 4448227 4449270 genome.dna 22966 21943 NC_004545.gbk
2130 57.1 4451372 4449723 genome.dna 582863 581204 NC_004545.gbk
753 43.4 4479596 4478769 genome.dna 512313 511464 NC_004545.gbk
561 53.8 4482450 4482959 genome.dna 513038 513521 NC_004545.gbk
924 45.3 4482986 4483933 genome.dna 513522 514494 NC_004545.gbk
544 64.3 4488068 4487676 genome.dna 516147 515757 NC_004545.gbk
1695 80.0 4489098 4488109 genome.dna 517194 516198 NC_004545.gbk
1046 74.3 4489744 4489124 genome.dna 517843 517222 NC_004545.gbk
724 79.8 4490164 4489775 genome.dna 518281 517891 NC_004545.gbk
540 70.3 4490537 4490181 genome.dna 518656 518299 NC_004545.gbk
224 84.2 4490800 4490684 genome.dna 518915 518798 NC_004545.gbk
1953 66.1 4492165 4490834 genome.dna 520269 518943 NC_004545.gbk
508 55.2 4492607 4492173 genome.dna 520725 520281 NC_004545.gbk
246 65.5 4492790 4492611 genome.dna 520912 520735 NC_004545.gbk
809 79.7 4493297 4492797 genome.dna 521466 520908 NC_004545.gbk
462 64.1 4493665 4493312 genome.dna 521800 521434 NC_004545.gbk
667 56.4 4494208 4493675 genome.dna 522341 521801 NC_004545.gbk
583 66.2 4494614 4494222 genome.dna 522748 522355 NC_004545.gbk
540 79.2 4494953 4494648 genome.dna 523090 522784 NC_004545.gbk
901 73.6 4495506 4494967 genome.dna 523654 523114 NC_004545.gbk
436 64.0 4495835 4495521 genome.dna 523984 523669 NC_004545.gbk
692 84.6 4496217 4495846 genome.dna 524365 523996 NC_004545.gbk
405 65.1 4496635 4496381 genome.dna 524778 524520 NC_004545.gbk
217 51.7 4496826 4496635 genome.dna 524968 524770 NC_004545.gbk
738 78.7 4497236 4496826 genome.dna 525378 524967 NC_004545.gbk
1225 78.3 4497950 4497249 genome.dna 526098 525390 NC_004545.gbk
533 74.3 4498300 4497968 genome.dna 526463 526103 NC_004545.gbk
510 77.2 4498593 4498315 genome.dna 526768 526489 NC_004545.gbk
1533 79.1 4499431 4498610 genome.dna 527609 526787 NC_004545.gbk
343 57.0 4499751 4499449 genome.dna 527952 527649 NC_004545.gbk
879 64.7 4500353 4499748 genome.dna 528572 527963 NC_004545.gbk
963 64.3 4500993 4500364 genome.dna 529218 528573 NC_004545.gbk
632 95.1 4501337 4501026 genome.dna 529568 529253 NC_004545.gbk
3538 73.8 4505956 4503842 genome.dna 533442 531309 NC_004545.gbk
808 78.8 4506523 4506053 genome.dna 534011 533540 NC_004545.gbk
719 86.2 4506994 4506620 genome.dna 534450 534078 NC_004545.gbk
262 42.1 4507413 4507126 genome.dna 534812 534524 NC_004545.gbk
387 45.4 4507791 4507432 genome.dna 535188 534828 NC_004545.gbk
364 46.6 4508190 4507801 genome.dna 535596 535203 NC_004545.gbk
762 46.2 4517475 4516657 genome.dna 536431 535675 NC_004545.gbk
1142 51.1 4557783 4556779 genome.dna 539177 538175 NC_004545.gbk
801 55.7 4559154 4558477 genome.dna 539994 539307 NC_004545.gbk
1230 49.2 4562421 4561336 genome.dna 541166 540098 NC_004545.gbk
772 65.9 4562994 4562473 genome.dna 541741 541216 NC_004545.gbk
775 41.6 4613436 4612669 genome.dna 548269 549067 NC_004545.gbk
629 51.8 4614245 4614820 genome.dna 548141 547565 NC_004545.gbk
1672 65.1 4644844 4643741 genome.dna 462499 461389 NC_004545.gbk
906 69.9 4645142 4645735 genome.dna 463055 463655 NC_004545.gbk
810 44.0 4659594 4658794 genome.dna 31188 31992 NC_004545.gbk
892 47.3 4675687 4674863 genome.dna 600271 599410 NC_004545.gbk
303 37.3 4676010 4676330 genome.dna 600491 600848 NC_004545.gbk
2566 95.0 4708658 4707399 genome.dna 602779 601519 NC_004545.gbk
469 63.9 4709479 4709153 genome.dna 603373 603043 NC_004545.gbk
2068 48.2 4714432 4712411 genome.dna 605534 603521 NC_004545.gbk
2077 62.6 4723858 4722380 genome.dna 607110 605634 NC_004545.gbk
2788 66.7 4729969 4728119 genome.dna 609023 607184 NC_004545.gbk
651 37.1 4748208 4747351 genome.dna 564043 564835 NC_004545.gbk
1138 55.0 4756712 4755816 genome.dna 52576 53464 NC_004545.gbk
305 56.1 4770684 4770469 genome.dna 585789 585579 NC_004545.gbk
813 71.4 4775884 4776414 genome.dna 586693 587224 NC_004545.gbk
2201 75.7 4776424 4777755 genome.dna 587236 588571 NC_004545.gbk
862 47.8 4784192 4784938 genome.dna 591688 592438 NC_004545.gbk
728 46.0 4786326 4787093 genome.dna 333717 332958 NC_004545.gbk
1699 77.2 4825789 4824827 genome.dna 331072 332035 NC_004545.gbk
1266 68.1 4866035 4865178 genome.dna 26668 27532 NC_004545.gbk
541 42.4 4869761 4870336 genome.dna 25185 24594 NC_004545.gbk
257 44.6 4875073 4874828 genome.dna 460932 461172 NC_004545.gbk
3333 60.3 4981440 4979023 genome.dna 11811 9396 NC_004545.gbk
820 35.7 4983694 4982594 genome.dna 13109 11993 NC_004545.gbk
1530 50.1 4985096 4983699 genome.dna 14487 13113 NC_004545.gbk
249 82.2 4985770 4985910 genome.dna 14902 15046 NC_004545.gbk
326 44.0 4985929 4986288 genome.dna 15066 15411 NC_004545.gbk
2008 52.6 4986512 4988146 genome.dna 15649 17260 NC_004545.gbk
1373 50.1 4988276 4989640 genome.dna 17418 18798 NC_004545.gbk
2242 54.2 5049054 5047222 genome.dna 29462 27629 NC_004545.gbk
1454 46.7 5050610 5049240 genome.dna 30894 29547 NC_004545.gbk
414 50.8 5053946 5053527 genome.dna 8825 9263 NC_004545.gbk
2435 79.8 5055348 5053966 genome.dna 7426 8824 NC_004545.gbk
939 50.0 5056259 5055396 genome.dna 6523 7399 NC_004545.gbk
2290 65.1 5057853 5056312 genome.dna 4941 6486 NC_004545.gbk
420 39.5 5058399 5057866 genome.dna 4391 4928 NC_004545.gbk
430 42.9 5058884 5058414 genome.dna 3908 4379 NC_004545.gbk
416 79.5 5059187 5058948 genome.dna 3544 3784 NC_004545.gbk
1064 57.2 5060037 5059237 genome.dna 2667 3492 NC_004545.gbk
2623 61.3 5063659 5061770 genome.dna 468 2349 NC_004545.gbk
