582 30.4 4114440 4115846 genome.dna 2153 3509 NC_002182.gbk
564 33.2 25826 28615 genome.dna 923601 921000 NC_002620.gbk
1091 38.4 30749 32122 genome.dna 148325 146951 NC_002620.gbk
447 40.3 50956 50333 genome.dna 355945 356563 NC_002620.gbk
545 44.6 110262 109636 genome.dna 678113 677489 NC_002620.gbk
355 43.2 165569 165111 genome.dna 676481 676013 NC_002620.gbk
178 34.1 167881 168117 genome.dna 420915 420645 NC_002620.gbk
147 50.9 168129 168296 genome.dna 493679 493838 NC_002620.gbk
735 38.4 192775 193791 genome.dna 106851 105846 NC_002620.gbk
983 46.3 228573 229595 genome.dna 265 1267 NC_002620.gbk
1863 68.9 250357 251541 genome.dna 713550 712350 NC_002620.gbk
429 39.7 252164 252709 genome.dna 711943 711394 NC_002620.gbk
488 54.7 252872 253300 genome.dna 711288 710862 NC_002620.gbk
768 48.3 253304 254008 genome.dna 710840 710141 NC_002620.gbk
289 42.6 254890 255255 genome.dna 709570 709177 NC_002620.gbk
2276 47.2 255584 259612 genome.dna 708833 705074 NC_002620.gbk
4202 49.8 259736 263959 genome.dna 705050 700859 NC_002620.gbk
421 31.2 275283 276347 genome.dna 149302 148297 NC_002620.gbk
432 36.6 292998 292333 genome.dna 465005 465650 NC_002620.gbk
1535 51.0 306633 305290 genome.dna 460636 462010 NC_002620.gbk
253 31.1 307112 306645 genome.dna 460141 460633 NC_002620.gbk
1202 56.8 313270 314313 genome.dna 98113 99214 NC_002620.gbk
346 33.0 315964 316557 genome.dna 752983 753574 NC_002620.gbk
902 36.0 316547 318016 genome.dna 227351 225812 NC_002620.gbk
241 34.8 335599 335126 genome.dna 676012 675514 NC_002620.gbk
695 45.6 338215 337490 genome.dna 31042 30322 NC_002620.gbk
548 35.9 340994 339921 genome.dna 812247 811260 NC_002620.gbk
652 35.2 345980 347242 genome.dna 883283 881954 NC_002620.gbk
478 52.1 352201 352629 genome.dna 462198 462651 NC_002620.gbk
379 46.7 352645 353037 genome.dna 462664 463066 NC_002620.gbk
1101 37.2 460910 458055 genome.dna 690232 687412 NC_002620.gbk
799 33.8 463248 461737 genome.dna 371716 373216 NC_002620.gbk
1186 41.1 530287 528905 genome.dna 681304 682789 NC_002620.gbk
247 39.6 697176 697469 genome.dna 449140 448831 NC_002620.gbk
2110 60.9 697515 699164 genome.dna 448793 447158 NC_002620.gbk
1055 42.0 753122 751287 genome.dna 1048826 1047110 NC_002620.gbk
664 36.3 755628 756641 genome.dna 570065 571088 NC_002620.gbk
256 42.4 761608 761919 genome.dna 842311 841987 NC_002620.gbk
286 52.9 761939 762196 genome.dna 841956 841704 NC_002620.gbk
892 43.4 763509 764681 genome.dna 841612 840604 NC_002620.gbk
1304 49.8 771082 772419 genome.dna 236273 237653 NC_002620.gbk
163 31.3 772670 773002 genome.dna 757737 757428 NC_002620.gbk
744 32.3 777751 779280 genome.dna 434931 433626 NC_002620.gbk
1628 34.7 779306 782008 genome.dna 433670 430979 NC_002620.gbk
256 47.2 783547 783816 genome.dna 274325 274055 NC_002620.gbk
1980 46.9 784066 786186 genome.dna 274028 271946 NC_002620.gbk
590 37.1 839867 840766 genome.dna 298452 297546 NC_002620.gbk
674 31.1 841615 843360 genome.dna 871746 869997 NC_002620.gbk
834 39.0 844582 846099 genome.dna 195738 197313 NC_002620.gbk
372 43.0 927840 927358 genome.dna 411658 412114 NC_002620.gbk
978 51.3 956604 955654 genome.dna 700749 699765 NC_002620.gbk
610 32.1 1087061 1085955 genome.dna 444321 445437 NC_002620.gbk
629 40.9 1154052 1153258 genome.dna 280246 279358 NC_002620.gbk
286 34.3 1155257 1156108 genome.dna 57428 56579 NC_002620.gbk
481 38.2 1156279 1157004 genome.dna 56564 55826 NC_002620.gbk
410 36.2 1157130 1157687 genome.dna 55830 55290 NC_002620.gbk
548 37.5 1157925 1159121 genome.dna 404922 406062 NC_002620.gbk
582 40.9 1159320 1160081 genome.dna 877236 877998 NC_002620.gbk
636 32.7 1165447 1166469 genome.dna 621233 622298 NC_002620.gbk
603 39.5 1167032 1167820 genome.dna 951873 951030 NC_002620.gbk
513 47.5 1168997 1169593 genome.dna 355301 355955 NC_002620.gbk
1279 36.6 1169670 1173152 genome.dna 964753 968467 NC_002620.gbk
932 45.4 1173165 1174124 genome.dna 647519 646544 NC_002620.gbk
1250 37.1 1180703 1178139 genome.dna 207585 205122 NC_002620.gbk
614 48.2 1270601 1269999 genome.dna 1035278 1034690 NC_002620.gbk
540 33.1 1272920 1274065 genome.dna 566399 565280 NC_002620.gbk
395 44.4 1278470 1278919 genome.dna 818796 819255 NC_002620.gbk
713 39.2 1278982 1280091 genome.dna 121758 122949 NC_002620.gbk
343 36.7 1280201 1280677 genome.dna 124309 124783 NC_002620.gbk
1423 39.1 1284598 1282733 genome.dna 726439 728338 NC_002620.gbk
106 30.9 1285773 1285525 genome.dna 725945 726164 NC_002620.gbk
747 56.2 1301367 1301990 genome.dna 92764 92152 NC_002620.gbk
1450 56.2 1302154 1303428 genome.dna 92143 90883 NC_002620.gbk
1447 40.4 1303620 1306001 genome.dna 746173 748633 NC_002620.gbk
102 39.1 1322427 1322284 genome.dna 201166 201304 NC_002620.gbk
161 32.6 1332403 1332732 genome.dna 736789 737080 NC_002620.gbk
377 32.3 1332732 1333337 genome.dna 617210 617822 NC_002620.gbk
229 32.4 1335658 1336302 genome.dna 464807 464045 NC_002620.gbk
1466 44.4 1363499 1366138 genome.dna 561235 558733 NC_002620.gbk
577 30.9 1387613 1386405 genome.dna 240981 242169 NC_002620.gbk
830 46.0 1470427 1469462 genome.dna 983539 984466 NC_002620.gbk
1344 39.4 1483266 1480684 genome.dna 586748 584288 NC_002620.gbk
421 37.7 1484840 1484115 genome.dna 465646 466342 NC_002620.gbk
520 37.5 1530248 1530991 genome.dna 445475 446231 NC_002620.gbk
2000 38.3 1540513 1543320 genome.dna 382014 384732 NC_002620.gbk
922 41.7 1543336 1544562 genome.dna 384735 385830 NC_002620.gbk
1021 45.3 1544898 1546064 genome.dna 243911 245072 NC_002620.gbk
1231 62.5 1546064 1546936 genome.dna 245086 245962 NC_002620.gbk
708 30.5 1547669 1549237 genome.dna 335778 337119 NC_002620.gbk
372 37.9 1563766 1563014 genome.dna 114314 113633 NC_002620.gbk
1507 48.3 1638449 1639855 genome.dna 394307 395747 NC_002620.gbk
776 33.3 1768623 1769945 genome.dna 814902 813672 NC_002620.gbk
387 34.2 1813209 1812400 genome.dna 550587 549894 NC_002620.gbk
459 35.6 1986118 1986840 genome.dna 392140 392902 NC_002620.gbk
109 32.7 2040877 2041047 genome.dna 228475 228655 NC_002620.gbk
399 31.3 2041077 2042123 genome.dna 228684 229644 NC_002620.gbk
611 46.2 2042130 2043083 genome.dna 617081 616097 NC_002620.gbk
597 37.4 2043101 2044030 genome.dna 616081 615154 NC_002620.gbk
725 47.9 2044045 2044779 genome.dna 615158 614411 NC_002620.gbk
238 50.7 2044934 2045170 genome.dna 614046 613812 NC_002620.gbk
1206 45.5 2045253 2046494 genome.dna 183496 184753 NC_002620.gbk
404 41.4 2048443 2049102 genome.dna 558732 558120 NC_002620.gbk
449 33.5 2050132 2050929 genome.dna 1027633 1026841 NC_002620.gbk
253 35.8 2055442 2055792 genome.dna 793274 792893 NC_002620.gbk
1760 35.7 2070405 2066956 genome.dna 152564 149321 NC_002620.gbk
617 46.9 2071740 2072447 genome.dna 495388 496123 NC_002620.gbk
1622 54.9 2112831 2114330 genome.dna 65060 66512 NC_002620.gbk
766 47.6 2114428 2115174 genome.dna 66514 67282 NC_002620.gbk
965 37.8 2116495 2117718 genome.dna 68469 69672 NC_002620.gbk
175 31.0 2117752 2118168 genome.dna 715440 715893 NC_002620.gbk
1005 41.6 2121733 2120321 genome.dna 728453 729899 NC_002620.gbk
449 39.1 2181519 2182154 genome.dna 818409 817812 NC_002620.gbk
992 41.1 2192856 2194133 genome.dna 393059 394298 NC_002620.gbk
645 35.1 2298807 2297113 genome.dna 286791 284973 NC_002620.gbk
543 31.0 2366723 2365644 genome.dna 427608 426525 NC_002620.gbk
1245 45.5 2371991 2370621 genome.dna 44842 46171 NC_002620.gbk
1521 36.6 2375035 2372933 genome.dna 426526 424399 NC_002620.gbk
1276 51.8 2487322 2486231 genome.dna 427874 428969 NC_002620.gbk
333 31.2 2488039 2487452 genome.dna 217324 217864 NC_002620.gbk
1187 54.2 2492889 2493971 genome.dna 350157 351237 NC_002620.gbk
325 30.7 2493971 2494816 genome.dna 351220 352093 NC_002620.gbk
680 44.0 2496092 2496946 genome.dna 32343 31533 NC_002620.gbk
1542 52.8 2563367 2561970 genome.dna 283501 284893 NC_002620.gbk
390 39.8 2580340 2580921 genome.dna 662289 663024 NC_002620.gbk
424 34.6 2585266 2585973 genome.dna 661644 662286 NC_002620.gbk
311 31.0 2585970 2586605 genome.dna 80282 79649 NC_002620.gbk
828 38.4 2593132 2590532 genome.dna 17360 19958 NC_002620.gbk
642 36.8 2627092 2626058 genome.dna 71513 70640 NC_002620.gbk
575 36.6 2629004 2628096 genome.dna 573671 574535 NC_002620.gbk
665 34.7 2629936 2629016 genome.dna 572721 573666 NC_002620.gbk
1308 58.8 2654735 2655739 genome.dna 936391 935383 NC_002620.gbk
594 38.0 2704954 2705844 genome.dna 401821 402601 NC_002620.gbk
630 44.3 2732234 2731251 genome.dna 262344 263370 NC_002620.gbk
359 45.3 2732903 2732547 genome.dna 261966 262338 NC_002620.gbk
162 40.4 2733144 2732947 genome.dna 261753 261948 NC_002620.gbk
538 48.3 2733782 2733240 genome.dna 261215 261776 NC_002620.gbk
1643 40.7 2735713 2733785 genome.dna 1007057 1008965 NC_002620.gbk
1188 50.8 2757088 2758194 genome.dna 671773 670651 NC_002620.gbk
1014 39.2 2794931 2793456 genome.dna 554919 556443 NC_002620.gbk
1092 51.9 2809298 2808294 genome.dna 365992 366985 NC_002620.gbk
354 32.7 2809923 2809306 genome.dna 933032 932429 NC_002620.gbk
349 39.7 2810663 2810151 genome.dna 933564 933051 NC_002620.gbk
606 40.8 2811487 2810744 genome.dna 887273 886556 NC_002620.gbk
1672 43.9 2813755 2811956 genome.dna 961697 959948 NC_002620.gbk
781 40.5 2835515 2837245 genome.dna 880229 881921 NC_002620.gbk
484 39.8 2884168 2883416 genome.dna 551951 552779 NC_002620.gbk
916 30.0 2887241 2885457 genome.dna 646579 644635 NC_002620.gbk
190 34.1 2923933 2923649 genome.dna 649253 648950 NC_002620.gbk
1513 45.4 2925698 2924025 genome.dna 436664 435053 NC_002620.gbk
452 37.7 2926492 2925815 genome.dna 878917 879568 NC_002620.gbk
586 30.8 2928002 2926713 genome.dna 771951 773277 NC_002620.gbk
1000 40.7 2975613 2974318 genome.dna 121792 120505 NC_002620.gbk
940 49.2 2982496 2983455 genome.dna 437103 438042 NC_002620.gbk
262 55.7 2988043 2988261 genome.dna 714117 713895 NC_002620.gbk
732 41.9 3065575 3066420 genome.dna 1065424 1066291 NC_002620.gbk
360 32.6 3154559 3153852 genome.dna 242208 242925 NC_002620.gbk
2126 51.5 3161386 3159374 genome.dna 1012725 1014756 NC_002620.gbk
676 33.4 3230474 3228642 genome.dna 205111 203305 NC_002620.gbk
622 31.4 3290769 3289561 genome.dna 640996 639871 NC_002620.gbk
864 43.2 3310237 3309242 genome.dna 72471 71505 NC_002620.gbk
1424 43.2 3364676 3363084 genome.dna 751364 752951 NC_002620.gbk
457 43.2 3408161 3407589 genome.dna 600057 600636 NC_002620.gbk
815 49.0 3413548 3412631 genome.dna 677416 676564 NC_002620.gbk
979 47.3 3427528 3426443 genome.dna 773765 774839 NC_002620.gbk
1273 44.2 3468186 3466690 genome.dna 995122 993619 NC_002620.gbk
595 42.6 3516455 3517318 genome.dna 413875 413011 NC_002620.gbk
1025 41.5 3519048 3517663 genome.dna 198743 197315 NC_002620.gbk
1781 52.7 3590632 3589055 genome.dna 541167 539628 NC_002620.gbk
975 39.5 3592205 3590739 genome.dna 542256 541182 NC_002620.gbk
537 33.7 3599984 3598497 genome.dna 89522 88049 NC_002620.gbk
920 39.2 3603229 3601955 genome.dna 962964 961677 NC_002620.gbk
507 55.9 3608433 3608005 genome.dna 932284 931858 NC_002620.gbk
974 39.3 3642369 3641032 genome.dna 895170 896334 NC_002620.gbk
368 39.5 3651787 3651263 genome.dna 274552 275026 NC_002620.gbk
207 34.1 3680225 3679845 genome.dna 438047 438425 NC_002620.gbk
351 34.1 3683368 3682688 genome.dna 680742 681441 NC_002620.gbk
2145 51.0 3686442 3684643 genome.dna 397623 395814 NC_002620.gbk
754 53.0 3694571 3695257 genome.dna 1040107 1039417 NC_002620.gbk
623 30.7 3698228 3696813 genome.dna 868729 867208 NC_002620.gbk
970 40.3 3709959 3708493 genome.dna 246104 247598 NC_002620.gbk
1004 38.9 3714803 3716083 genome.dna 586941 588210 NC_002620.gbk
433 35.3 3730782 3732230 genome.dna 821831 823109 NC_002620.gbk
2659 50.3 3762599 3760023 genome.dna 451432 454036 NC_002620.gbk
320 41.1 3773009 3772662 genome.dna 354873 355239 NC_002620.gbk
1180 43.3 3776200 3774839 genome.dna 352089 353436 NC_002620.gbk
1738 40.5 3784972 3782345 genome.dna 155167 152539 NC_002620.gbk
1242 58.5 3786717 3785644 genome.dna 25347 26412 NC_002620.gbk
541 31.2 3918901 3920391 genome.dna 324347 325823 NC_002620.gbk
1379 38.6 3956293 3958011 genome.dna 801882 803622 NC_002620.gbk
286 37.0 3963052 3962555 genome.dna 856183 856720 NC_002620.gbk
1009 53.5 4001743 4000448 genome.dna 1014913 1016188 NC_002620.gbk
1336 47.7 4003479 4001842 genome.dna 552754 554365 NC_002620.gbk
1309 40.4 4027241 4025196 genome.dna 484202 486185 NC_002620.gbk
218 30.9 4059979 4059527 genome.dna 218622 219126 NC_002620.gbk
240 52.9 4060248 4060021 genome.dna 218356 218602 NC_002620.gbk
345 38.7 4079441 4080034 genome.dna 1038590 1039220 NC_002620.gbk
568 30.3 4080027 4081166 genome.dna 381250 380119 NC_002620.gbk
758 38.3 4114440 4115846 genome.dna 927595 929014 NC_002620.gbk
923 36.8 4119655 4120848 genome.dna 5598 6801 NC_002620.gbk
1028 37.3 4231793 4230366 genome.dna 982145 983543 NC_002620.gbk
786 38.6 4255592 4252890 genome.dna 84448 87355 NC_002620.gbk
565 38.8 4257707 4256787 genome.dna 953218 952342 NC_002620.gbk
449 30.2 4264711 4263620 genome.dna 173449 174511 NC_002620.gbk
591 32.5 4265910 4264708 genome.dna 172317 173541 NC_002620.gbk
320 32.6 4267226 4265910 genome.dna 170340 171642 NC_002620.gbk
466 40.0 4268312 4267230 genome.dna 169372 170380 NC_002620.gbk
856 36.5 4271151 4269664 genome.dna 651640 650179 NC_002620.gbk
484 35.6 4274186 4273242 genome.dna 655072 654163 NC_002620.gbk
444 32.3 4319027 4319845 genome.dna 759524 758690 NC_002620.gbk
201 31.4 4323873 4323391 genome.dna 1045371 1044891 NC_002620.gbk
267 32.5 4333114 4332293 genome.dna 769863 769122 NC_002620.gbk
860 45.6 4334402 4333452 genome.dna 290703 291630 NC_002620.gbk
514 34.4 4339154 4338213 genome.dna 429874 428986 NC_002620.gbk
891 44.4 4343498 4342359 genome.dna 744833 743654 NC_002620.gbk
2302 58.9 4345514 4343607 genome.dna 805459 807436 NC_002620.gbk
408 39.4 4373604 4372945 genome.dna 589956 589236 NC_002620.gbk
403 39.4 4379941 4378778 genome.dna 74720 75932 NC_002620.gbk
1797 43.9 4383337 4381343 genome.dna 161044 163045 NC_002620.gbk
314 33.1 4393344 4393907 genome.dna 588774 588201 NC_002620.gbk
880 41.8 4402445 4401165 genome.dna 787484 786140 NC_002620.gbk
513 33.6 4403893 4402952 genome.dna 178892 179837 NC_002620.gbk
517 31.5 4442783 4444579 genome.dna 1025831 1023953 NC_002620.gbk
407 30.5 4444572 4445309 genome.dna 1023944 1023146 NC_002620.gbk
558 46.8 4448185 4447619 genome.dna 164119 164692 NC_002620.gbk
699 33.1 4451372 4449723 genome.dna 786034 784459 NC_002620.gbk
201 35.4 4482450 4482959 genome.dna 758440 757894 NC_002620.gbk
653 37.8 4482986 4483933 genome.dna 951044 950093 NC_002620.gbk
217 41.4 4488068 4487676 genome.dna 936860 936431 NC_002620.gbk
217 38.1 4489098 4488109 genome.dna 938053 936868 NC_002620.gbk
465 38.6 4489744 4489124 genome.dna 1067020 1066390 NC_002620.gbk
448 55.4 4490164 4489775 genome.dna 938421 938022 NC_002620.gbk
361 51.3 4490537 4490181 genome.dna 938811 938442 NC_002620.gbk
794 40.1 4492165 4490834 genome.dna 940240 938866 NC_002620.gbk
284 39.2 4492607 4492173 genome.dna 940697 940262 NC_002620.gbk
447 43.3 4493297 4492797 genome.dna 941187 940689 NC_002620.gbk
234 38.1 4493665 4493312 genome.dna 941573 941201 NC_002620.gbk
499 43.5 4494208 4493675 genome.dna 942146 941594 NC_002620.gbk
292 35.4 4494614 4494222 genome.dna 942575 942173 NC_002620.gbk
312 50.5 4494953 4494648 genome.dna 201327 201633 NC_002620.gbk
600 49.7 4495506 4494967 genome.dna 943135 942592 NC_002620.gbk
499 58.5 4496217 4495846 genome.dna 943853 943484 NC_002620.gbk
213 47.4 4496635 4496381 genome.dna 944121 943869 NC_002620.gbk
507 56.0 4497236 4496826 genome.dna 944750 944333 NC_002620.gbk
780 56.3 4497950 4497249 genome.dna 945457 944782 NC_002620.gbk
266 41.2 4498300 4497968 genome.dna 945803 945467 NC_002620.gbk
356 59.8 4498593 4498315 genome.dna 946088 945821 NC_002620.gbk
972 54.1 4499431 4498610 genome.dna 946948 946093 NC_002620.gbk
303 37.0 4500353 4499748 genome.dna 947991 947322 NC_002620.gbk
563 44.5 4500993 4500364 genome.dna 948665 947999 NC_002620.gbk
452 68.7 4501337 4501026 genome.dna 858102 857784 NC_002620.gbk
2571 57.4 4505956 4503842 genome.dna 860194 858109 NC_002620.gbk
575 56.8 4506523 4506053 genome.dna 860709 860235 NC_002620.gbk
607 71.5 4506994 4506620 genome.dna 861130 860758 NC_002620.gbk
840 40.4 4514011 4512740 genome.dna 855102 853608 NC_002620.gbk
553 31.7 4557783 4556779 genome.dna 1011688 1012729 NC_002620.gbk
519 41.8 4559154 4558477 genome.dna 458898 459585 NC_002620.gbk
553 33.1 4562421 4561336 genome.dna 774835 775957 NC_002620.gbk
2603 48.1 4632742 4630295 genome.dna 629489 627047 NC_002620.gbk
549 31.3 4634257 4632818 genome.dna 216198 214773 NC_002620.gbk
557 30.2 4635563 4634286 genome.dna 918551 917225 NC_002620.gbk
1128 37.3 4637576 4635600 genome.dna 369870 367869 NC_002620.gbk
1934 43.0 4639754 4637577 genome.dna 299701 301915 NC_002620.gbk
996 40.6 4656105 4657454 genome.dna 963369 964740 NC_002620.gbk
1662 61.3 4708658 4707399 genome.dna 920267 919007 NC_002620.gbk
285 41.8 4709479 4709153 genome.dna 958258 958567 NC_002620.gbk
1338 39.3 4714432 4712411 genome.dna 1040187 1042092 NC_002620.gbk
1125 32.4 4770998 4773196 genome.dna 194225 191963 NC_002620.gbk
584 42.2 4786326 4787093 genome.dna 723586 724399 NC_002620.gbk
335 39.3 4834867 4834403 genome.dna 959068 958612 NC_002620.gbk
309 32.2 4869761 4870336 genome.dna 916403 915842 NC_002620.gbk
1451 42.2 4939318 4937906 genome.dna 577203 578619 NC_002620.gbk
1750 47.3 4981440 4979023 genome.dna 563664 561249 NC_002620.gbk
566 30.4 4983694 4982594 genome.dna 411398 410297 NC_002620.gbk
917 37.6 4985096 4983699 genome.dna 656550 657918 NC_002620.gbk
173 66.7 4985770 4985910 genome.dna 200708 200570 NC_002620.gbk
698 37.1 4988276 4989640 genome.dna 81621 80286 NC_002620.gbk
1378 40.9 5049054 5047222 genome.dna 237664 239485 NC_002620.gbk
1727 48.9 5063659 5061770 genome.dna 929277 931110 NC_002620.gbk
