1073 37.9 10948 12453 genome.dna 1422061 1423603 NC_003212.gbk
658 33.8 15468 16463 genome.dna 2120433 2119422 NC_003212.gbk
1250 38.0 25826 28615 genome.dna 1608919 1606291 NC_003212.gbk
408 39.7 29669 29034 genome.dna 1599592 1599007 NC_003212.gbk
745 38.9 36667 35258 genome.dna 1334500 1335835 NC_003212.gbk
2136 51.5 37037 38860 genome.dna 1071977 1073816 NC_003212.gbk
396 43.4 39698 40135 genome.dna 1560587 1560134 NC_003212.gbk
679 33.9 44746 43358 genome.dna 2012578 2011270 NC_003212.gbk
1295 38.6 47188 45107 genome.dna 1941283 1939234 NC_003212.gbk
501 40.6 50956 50333 genome.dna 1957506 1956888 NC_003212.gbk
1668 57.5 62838 64181 genome.dna 599338 597961 NC_003212.gbk
2094 68.2 77642 78994 genome.dna 935943 937293 NC_003212.gbk
546 42.2 97287 96724 genome.dna 1692389 1691807 NC_003212.gbk
1239 59.9 98527 99441 genome.dna 1500058 1499167 NC_003212.gbk
1203 32.8 99451 101520 genome.dna 1499175 1497108 NC_003212.gbk
874 61.7 110262 109636 genome.dna 1481651 1481042 NC_003212.gbk
440 33.1 154586 153765 genome.dna 192262 193081 NC_003212.gbk
827 53.6 162282 162998 genome.dna 1215540 1216287 NC_003212.gbk
1047 44.6 166824 165547 genome.dna 1956532 1955332 NC_003212.gbk
456 34.0 166978 167643 genome.dna 1588388 1587713 NC_003212.gbk
121 42.9 168129 168296 genome.dna 1370613 1370763 NC_003212.gbk
636 39.9 168516 169325 genome.dna 1606268 1605446 NC_003212.gbk
487 45.8 170854 170375 genome.dna 2184526 2184040 NC_003212.gbk
562 31.6 187993 189078 genome.dna 527361 528408 NC_003212.gbk
873 39.5 192775 193791 genome.dna 2065477 2064460 NC_003212.gbk
1783 46.5 199780 202044 genome.dna 1789979 1787681 NC_003212.gbk
477 33.7 208739 209521 genome.dna 1928007 1927110 NC_003212.gbk
679 37.4 217784 218788 genome.dna 1643413 1642381 NC_003212.gbk
437 34.8 218826 219599 genome.dna 1641157 1640404 NC_003212.gbk
1431 49.0 219661 221034 genome.dna 2215352 2216723 NC_003212.gbk
586 39.7 222967 223722 genome.dna 2061045 2060331 NC_003212.gbk
441 30.7 226939 227694 genome.dna 394889 394145 NC_003212.gbk
949 45.8 228573 229595 genome.dna 1595924 1594949 NC_003212.gbk
392 38.0 237567 238178 genome.dna 2679372 2680008 NC_003212.gbk
902 44.6 248939 247989 genome.dna 953527 954448 NC_003212.gbk
2066 75.8 250357 251541 genome.dna 2818145 2816957 NC_003212.gbk
543 44.6 252164 252709 genome.dna 286916 287450 NC_003212.gbk
593 64.8 252872 253300 genome.dna 288101 288527 NC_003212.gbk
765 49.8 253304 254008 genome.dna 288566 289256 NC_003212.gbk
345 37.4 254326 254823 genome.dna 289503 290004 NC_003212.gbk
385 53.7 254890 255255 genome.dna 290082 290445 NC_003212.gbk
2124 45.6 255584 259612 genome.dna 291762 295317 NC_003212.gbk
2530 46.2 259736 263959 genome.dna 295486 299092 NC_003212.gbk
814 38.5 275283 276347 genome.dna 2348266 2347213 NC_003212.gbk
1201 45.9 280242 278956 genome.dna 1890982 1889719 NC_003212.gbk
1048 51.4 281849 280260 genome.dna 1892538 1891008 NC_003212.gbk
276 38.2 297836 298240 genome.dna 3008223 3007761 NC_003212.gbk
702 37.9 301263 300298 genome.dna 257474 258470 NC_003212.gbk
408 31.6 302355 301621 genome.dna 836161 836863 NC_003212.gbk
1616 52.8 306633 305290 genome.dna 1387992 1389357 NC_003212.gbk
336 39.2 307112 306645 genome.dna 1387508 1387979 NC_003212.gbk
941 45.4 310630 309653 genome.dna 790454 789464 NC_003212.gbk
1242 57.8 313270 314313 genome.dna 1587261 1586247 NC_003212.gbk
1482 48.2 329415 330869 genome.dna 942570 944037 NC_003212.gbk
698 39.6 334964 334107 genome.dna 2633839 2632963 NC_003212.gbk
685 30.2 337440 336007 genome.dna 2582433 2581089 NC_003212.gbk
1320 50.0 345980 347242 genome.dna 2689606 2688313 NC_003212.gbk
563 54.3 352201 352629 genome.dna 2776001 2775563 NC_003212.gbk
478 55.4 352645 353037 genome.dna 2775542 2775149 NC_003212.gbk
789 35.6 357036 355618 genome.dna 1854716 1853246 NC_003212.gbk
3020 42.8 361542 357046 genome.dna 1859323 1854730 NC_003212.gbk
747 37.4 362158 363087 genome.dna 1767481 1768447 NC_003212.gbk
641 45.4 372605 373492 genome.dna 201676 202558 NC_003212.gbk
1250 63.1 386934 386071 genome.dna 2263618 2262718 NC_003212.gbk
702 41.4 387875 387024 genome.dna 2264489 2263634 NC_003212.gbk
1287 51.8 388978 387887 genome.dna 2265598 2264506 NC_003212.gbk
370 56.7 389318 389004 genome.dna 2265926 2265614 NC_003212.gbk
450 48.3 389811 389332 genome.dna 2266412 2265938 NC_003212.gbk
563 30.0 391410 389860 genome.dna 2267881 2266423 NC_003212.gbk
824 43.8 399153 398326 genome.dna 2865708 2866551 NC_003212.gbk
1375 54.6 400586 399423 genome.dna 591306 592488 NC_003212.gbk
527 35.0 401330 400590 genome.dna 2237028 2236296 NC_003212.gbk
415 44.3 424707 424243 genome.dna 320605 321157 NC_003212.gbk
2568 52.9 426927 424789 genome.dna 318462 320613 NC_003212.gbk
372 48.8 431880 431494 genome.dna 871305 871683 NC_003212.gbk
411 31.0 433394 432459 genome.dna 1970488 1969576 NC_003212.gbk
642 37.7 435364 434357 genome.dna 1639252 1638301 NC_003212.gbk
1153 42.9 460910 458055 genome.dna 1593326 1590677 NC_003212.gbk
2454 49.5 500272 497561 genome.dna 2854882 2852311 NC_003212.gbk
405 50.5 503049 502735 genome.dna 3001748 3001433 NC_003212.gbk
950 53.4 504017 503193 genome.dna 3002582 3001760 NC_003212.gbk
1721 58.4 505284 504022 genome.dna 3003857 3002594 NC_003212.gbk
1225 42.3 506771 505281 genome.dna 3005321 3003869 NC_003212.gbk
1290 44.5 530287 528905 genome.dna 276271 277645 NC_003212.gbk
1508 46.0 533382 534971 genome.dna 1009465 1011034 NC_003212.gbk
75 30.0 536233 536394 genome.dna 2276487 2276664 NC_003212.gbk
255 45.7 697176 697469 genome.dna 2196655 2196370 NC_003212.gbk
2120 61.8 697515 699164 genome.dna 2196338 2194709 NC_003212.gbk
164 30.5 703585 703950 genome.dna 1503625 1503229 NC_003212.gbk
310 34.3 704061 704669 genome.dna 1338472 1337857 NC_003212.gbk
798 42.3 727813 726815 genome.dna 1843225 1842241 NC_003212.gbk
898 43.9 755628 756641 genome.dna 2202812 2201777 NC_003212.gbk
521 32.0 761351 760380 genome.dna 2060321 2059355 NC_003212.gbk
304 43.7 761608 761919 genome.dna 1581524 1581215 NC_003212.gbk
304 58.3 761939 762196 genome.dna 1580866 1580575 NC_003212.gbk
448 47.7 766454 766933 genome.dna 1532369 1531886 NC_003212.gbk
199 33.7 767354 767061 genome.dna 1525991 1525700 NC_003212.gbk
1952 49.3 768185 770122 genome.dna 249915 251988 NC_003212.gbk
673 44.0 770241 771074 genome.dna 255723 256539 NC_003212.gbk
1214 45.4 771082 772419 genome.dna 2243876 2242523 NC_003212.gbk
2056 44.8 779306 782008 genome.dna 1360470 1362819 NC_003212.gbk
317 45.6 782083 782481 genome.dna 1363109 1363454 NC_003212.gbk
533 35.7 782481 783425 genome.dna 1363550 1364465 NC_003212.gbk
332 57.3 783547 783816 genome.dna 1365616 1365886 NC_003212.gbk
2258 51.2 784066 786186 genome.dna 1366133 1368305 NC_003212.gbk
267 32.9 793333 793875 genome.dna 1860920 1860401 NC_003212.gbk
1069 42.2 795852 797180 genome.dna 2119292 2117990 NC_003212.gbk
956 43.9 797270 798493 genome.dna 2084055 2082870 NC_003212.gbk
868 56.9 798538 799257 genome.dna 1987424 1986722 NC_003212.gbk
328 40.6 803045 802602 genome.dna 2203252 2202796 NC_003212.gbk
710 42.4 808710 809492 genome.dna 2114751 2115471 NC_003212.gbk
1825 51.3 809514 811193 genome.dna 2131358 2129663 NC_003212.gbk
810 39.8 812975 814090 genome.dna 1379800 1380889 NC_003212.gbk
420 48.8 814149 814541 genome.dna 2542347 2541969 NC_003212.gbk
580 40.7 830229 830876 genome.dna 1992186 1992819 NC_003212.gbk
776 44.4 839867 840766 genome.dna 2084977 2084083 NC_003212.gbk
1626 49.9 844582 846099 genome.dna 258584 260081 NC_003212.gbk
1080 37.1 856625 858271 genome.dna 819720 821769 NC_003212.gbk
490 35.6 858630 859340 genome.dna 1409424 1410105 NC_003212.gbk
1465 54.0 909308 910588 genome.dna 636705 635427 NC_003212.gbk
414 41.2 918246 918758 genome.dna 2823406 2822926 NC_003212.gbk
466 48.3 927840 927358 genome.dna 2567659 2567194 NC_003212.gbk
937 31.0 931102 929441 genome.dna 1397569 1399261 NC_003212.gbk
335 30.9 932209 932796 genome.dna 1513771 1513195 NC_003212.gbk
851 38.6 933233 934465 genome.dna 1464724 1463377 NC_003212.gbk
120 36.2 934700 934497 genome.dna 2729317 2729503 NC_003212.gbk
662 36.7 939859 940740 genome.dna 1851459 1852353 NC_003212.gbk
459 46.0 957261 956803 genome.dna 378650 378203 NC_003212.gbk
543 32.5 963666 964628 genome.dna 579596 578648 NC_003212.gbk
428 41.9 994093 993584 genome.dna 1038500 1038992 NC_003212.gbk
1809 48.9 995970 994243 genome.dna 1024786 1026505 NC_003212.gbk
192 33.3 996273 996016 genome.dna 1024520 1024787 NC_003212.gbk
943 55.6 997695 996727 genome.dna 253899 254826 NC_003212.gbk
591 31.5 1013309 1014424 genome.dna 73143 74196 NC_003212.gbk
1583 59.0 1040649 1039456 genome.dna 2898649 2897440 NC_003212.gbk
240 30.1 1045784 1045371 genome.dna 423540 423966 NC_003212.gbk
673 34.0 1087061 1085955 genome.dna 1805551 1804453 NC_003212.gbk
276 30.4 1099537 1100406 genome.dna 2642526 2641692 NC_003212.gbk
814 51.6 1100443 1101237 genome.dna 2003268 2002323 NC_003212.gbk
755 34.6 1125945 1124593 genome.dna 2971096 2969905 NC_003212.gbk
340 40.5 1138546 1138941 genome.dna 700292 700670 NC_003212.gbk
621 34.5 1154052 1153258 genome.dna 1826519 1825760 NC_003212.gbk
836 51.5 1154397 1155122 genome.dna 1763963 1763213 NC_003212.gbk
462 45.8 1155257 1156108 genome.dna 1763134 1762249 NC_003212.gbk
746 47.7 1156279 1157004 genome.dna 1346365 1347094 NC_003212.gbk
566 45.1 1157130 1157687 genome.dna 1347093 1347651 NC_003212.gbk
619 40.7 1157925 1159121 genome.dna 1349455 1350598 NC_003212.gbk
675 46.5 1159320 1160081 genome.dna 1347880 1348639 NC_003212.gbk
407 31.9 1160091 1160948 genome.dna 1348652 1349441 NC_003212.gbk
474 51.1 1166572 1167027 genome.dna 2687134 2686699 NC_003212.gbk
1046 34.8 1169670 1173152 genome.dna 1621296 1617969 NC_003212.gbk
1098 53.2 1173165 1174124 genome.dna 1616880 1615923 NC_003212.gbk
2032 38.9 1180703 1178139 genome.dna 1437157 1439740 NC_003212.gbk
545 67.0 1211683 1212024 genome.dna 402296 402632 NC_003212.gbk
397 30.9 1254672 1255583 genome.dna 1373244 1374213 NC_003212.gbk
1433 56.0 1264025 1265131 genome.dna 871938 873042 NC_003212.gbk
473 40.4 1270601 1269999 genome.dna 1656545 1655999 NC_003212.gbk
973 46.0 1271755 1272822 genome.dna 1571861 1570832 NC_003212.gbk
1455 56.5 1272920 1274065 genome.dna 1570746 1569606 NC_003212.gbk
460 45.0 1278470 1278919 genome.dna 1604750 1604285 NC_003212.gbk
285 38.8 1280702 1281121 genome.dna 1389797 1390184 NC_003212.gbk
1815 45.6 1284598 1282733 genome.dna 1394165 1396064 NC_003212.gbk
681 47.1 1285528 1284617 genome.dna 1392720 1393602 NC_003212.gbk
160 38.0 1285773 1285525 genome.dna 1392490 1392718 NC_003212.gbk
652 41.1 1292157 1291267 genome.dna 2188100 2187194 NC_003212.gbk
549 43.0 1293119 1292505 genome.dna 19309 19921 NC_003212.gbk
2368 50.5 1295100 1293109 genome.dna 17342 19322 NC_003212.gbk
597 32.8 1296067 1295105 genome.dna 16218 17325 NC_003212.gbk
868 64.8 1301367 1301990 genome.dna 2627694 2628291 NC_003212.gbk
1642 61.4 1302154 1303428 genome.dna 1301260 1302520 NC_003212.gbk
316 52.3 1306200 1306472 genome.dna 2062964 2062688 NC_003212.gbk
1775 45.7 1312639 1314408 genome.dna 1709921 1708151 NC_003212.gbk
1308 36.6 1314401 1316176 genome.dna 1708168 1706362 NC_003212.gbk
1142 46.3 1316909 1318201 genome.dna 1553156 1554362 NC_003212.gbk
233 37.1 1320316 1319996 genome.dna 607516 607219 NC_003212.gbk
274 50.6 1322693 1322445 genome.dna 2709323 2709077 NC_003212.gbk
544 50.3 1329655 1330212 genome.dna 1563546 1563024 NC_003212.gbk
226 35.0 1332403 1332732 genome.dna 2867876 2867558 NC_003212.gbk
575 45.5 1332732 1333337 genome.dna 2867449 2866852 NC_003212.gbk
641 45.2 1335658 1336302 genome.dna 2786361 2785713 NC_003212.gbk
356 41.7 1352428 1351949 genome.dna 810035 809558 NC_003212.gbk
1569 37.9 1356196 1353473 genome.dna 1985408 1983194 NC_003212.gbk
1718 50.1 1363499 1366138 genome.dna 8065 10594 NC_003212.gbk
650 44.4 1376426 1377313 genome.dna 2967834 2968566 NC_003212.gbk
513 31.2 1379359 1381041 genome.dna 1780990 1779247 NC_003212.gbk
1196 65.9 1381835 1382692 genome.dna 1778422 1777603 NC_003212.gbk
413 36.4 1426894 1426256 genome.dna 1893110 1892543 NC_003212.gbk
1097 49.7 1427931 1426894 genome.dna 1894153 1893106 NC_003212.gbk
778 55.7 1428285 1428911 genome.dna 2699756 2699126 NC_003212.gbk
1191 44.5 1429248 1430537 genome.dna 1971853 1970566 NC_003212.gbk
711 40.6 1434853 1435731 genome.dna 1476268 1475386 NC_003212.gbk
602 40.1 1436929 1437642 genome.dna 1899453 1898739 NC_003212.gbk
297 31.4 1437843 1438295 genome.dna 1611986 1611524 NC_003212.gbk
1191 49.4 1458435 1457257 genome.dna 1453090 1451920 NC_003212.gbk
176 31.2 1468782 1468399 genome.dna 2206998 2206608 NC_003212.gbk
87 40.0 1469182 1469379 genome.dna 395065 394885 NC_003212.gbk
570 30.8 1475506 1474394 genome.dna 2851184 2850080 NC_003212.gbk
302 32.0 1479078 1478437 genome.dna 1525682 1525115 NC_003212.gbk
1872 43.1 1483266 1480684 genome.dna 1767078 1764666 NC_003212.gbk
954 49.1 1492026 1490968 genome.dna 1507236 1506276 NC_003212.gbk
695 33.8 1501778 1500630 genome.dna 2233207 2234350 NC_003212.gbk
280 32.9 1506798 1506349 genome.dna 2085581 2085122 NC_003212.gbk
636 43.2 1515559 1514879 genome.dna 2840172 2839476 NC_003212.gbk
1758 36.5 1518297 1515565 genome.dna 2842859 2840168 NC_003212.gbk
359 36.6 1519100 1518525 genome.dna 2843450 2842877 NC_003212.gbk
2841 65.0 1521264 1519120 genome.dna 2845510 2843464 NC_003212.gbk
1927 54.0 1522968 1521280 genome.dna 2847207 2845521 NC_003212.gbk
945 42.0 1528762 1530255 genome.dna 628079 629483 NC_003212.gbk
641 33.2 1536355 1535069 genome.dna 1611488 1610366 NC_003212.gbk
849 33.3 1543336 1544562 genome.dna 1404952 1406203 NC_003212.gbk
1017 39.0 1547669 1549237 genome.dna 2883852 2882445 NC_003212.gbk
627 36.8 1549251 1550390 genome.dna 2882459 2881445 NC_003212.gbk
904 45.2 1561588 1560626 genome.dna 2738669 2737757 NC_003212.gbk
974 61.1 1563766 1563014 genome.dna 2340411 2339721 NC_003212.gbk
888 42.6 1573036 1572017 genome.dna 2637786 2636799 NC_003212.gbk
385 30.6 1576123 1576893 genome.dna 1053040 1053814 NC_003212.gbk
410 34.3 1576893 1577582 genome.dna 1052933 1052261 NC_003212.gbk
384 30.8 1578878 1579741 genome.dna 2286089 2285348 NC_003212.gbk
595 32.2 1598229 1599338 genome.dna 2764837 2763808 NC_003212.gbk
649 45.9 1599518 1600159 genome.dna 1533192 1532562 NC_003212.gbk
226 31.4 1609114 1609548 genome.dna 2701678 2701270 NC_003212.gbk
478 30.3 1633374 1634744 genome.dna 2000829 1999317 NC_003212.gbk
2326 75.6 1638449 1639855 genome.dna 1407816 1409235 NC_003212.gbk
1551 47.6 1647128 1648552 genome.dna 2923434 2924889 NC_003212.gbk
1500 48.2 1652381 1653892 genome.dna 412637 414104 NC_003212.gbk
2091 49.4 1654089 1656020 genome.dna 415943 417860 NC_003212.gbk
767 49.8 1665648 1666472 genome.dna 414116 414938 NC_003212.gbk
384 31.6 1825190 1826161 genome.dna 723037 723946 NC_003212.gbk
1663 58.9 1862075 1860786 genome.dna 1335977 1337273 NC_003212.gbk
132 31.4 1924289 1923957 genome.dna 920573 920921 NC_003212.gbk
882 30.1 1937404 1939404 genome.dna 725699 727556 NC_003212.gbk
254 38.5 1944254 1944643 genome.dna 725320 725680 NC_003212.gbk
554 31.9 1945543 1946694 genome.dna 712547 713594 NC_003212.gbk
288 40.6 1951419 1951823 genome.dna 742271 742682 NC_003212.gbk
525 34.6 1963383 1962607 genome.dna 710715 711483 NC_003212.gbk
902 35.6 1968985 1967612 genome.dna 746500 747802 NC_003212.gbk
590 38.2 1975728 1976600 genome.dna 724182 725046 NC_003212.gbk
320 41.1 2009604 2010017 genome.dna 1317319 1317730 NC_003212.gbk
192 40.5 2010635 2010913 genome.dna 1413102 1412820 NC_003212.gbk
335 40.3 2016186 2015680 genome.dna 2452404 2451960 NC_003212.gbk
620 43.8 2028974 2027880 genome.dna 2630989 2629972 NC_003212.gbk
417 39.5 2030910 2030332 genome.dna 814951 814420 NC_003212.gbk
174 36.4 2034358 2034645 genome.dna 2740629 2740914 NC_003212.gbk
159 41.1 2040877 2041047 genome.dna 513037 513208 NC_003212.gbk
746 38.4 2041077 2042123 genome.dna 1938464 1937450 NC_003212.gbk
897 45.9 2042130 2043083 genome.dna 2337878 2336939 NC_003212.gbk
854 45.2 2043101 2044030 genome.dna 1937458 1936516 NC_003212.gbk
801 51.8 2044045 2044779 genome.dna 1936513 1935769 NC_003212.gbk
259 56.6 2044934 2045170 genome.dna 1935663 1935429 NC_003212.gbk
1445 48.7 2045253 2046494 genome.dna 2336737 2335495 NC_003212.gbk
427 34.2 2047434 2048453 genome.dna 1534989 1533918 NC_003212.gbk
419 34.0 2048443 2049102 genome.dna 2860068 2859441 NC_003212.gbk
632 39.5 2050132 2050929 genome.dna 221562 222336 NC_003212.gbk
877 32.8 2053746 2055224 genome.dna 2999979 3001392 NC_003212.gbk
2134 36.6 2070405 2066956 genome.dna 240859 244399 NC_003212.gbk
331 31.7 2074702 2075532 genome.dna 2897168 2896478 NC_003212.gbk
361 42.9 2079241 2079792 genome.dna 1006135 1006612 NC_003212.gbk
723 37.0 2091759 2090755 genome.dna 2547249 2546238 NC_003212.gbk
389 32.6 2097009 2097755 genome.dna 611714 612443 NC_003212.gbk
1786 45.2 2099496 2097796 genome.dna 219801 221463 NC_003212.gbk
311 44.6 2111138 2111554 genome.dna 2510620 2510248 NC_003212.gbk
1038 38.5 2112831 2114330 genome.dna 2530205 2528810 NC_003212.gbk
869 52.0 2114428 2115174 genome.dna 2534000 2533214 NC_003212.gbk
1370 49.1 2116495 2117718 genome.dna 2531894 2530667 NC_003212.gbk
1464 50.6 2121733 2120321 genome.dna 1614398 1612640 NC_003212.gbk
858 47.1 2122379 2123242 genome.dna 2552224 2551366 NC_003212.gbk
1626 46.0 2123556 2125457 genome.dna 27871 29773 NC_003212.gbk
1941 62.2 2125493 2126887 genome.dna 359426 358010 NC_003212.gbk
740 41.9 2158261 2157266 genome.dna 651988 652930 NC_003212.gbk
441 30.2 2160262 2161053 genome.dna 449151 449964 NC_003212.gbk
431 31.3 2161860 2161087 genome.dna 382546 383311 NC_003212.gbk
882 31.4 2181270 2179897 genome.dna 1976837 1978208 NC_003212.gbk
311 41.3 2188157 2187750 genome.dna 2290635 2291025 NC_003212.gbk
1382 48.8 2192856 2194133 genome.dna 1650721 1649461 NC_003212.gbk
1871 54.4 2198282 2200954 genome.dna 1695441 1692738 NC_003212.gbk
541 43.2 2216576 2217319 genome.dna 1962321 1961619 NC_003212.gbk
1483 73.4 2222606 2221689 genome.dna 671628 672546 NC_003212.gbk
766 38.2 2237016 2237987 genome.dna 2800304 2799221 NC_003212.gbk
727 44.9 2239913 2239125 genome.dna 993100 993889 NC_003212.gbk
471 45.5 2258625 2258122 genome.dna 1635657 1635159 NC_003212.gbk
400 37.3 2275290 2274685 genome.dna 801752 802388 NC_003212.gbk
565 38.9 2298807 2297113 genome.dna 926316 927951 NC_003212.gbk
410 33.7 2306210 2305560 genome.dna 1042652 1043291 NC_003212.gbk
951 39.4 2352527 2353639 genome.dna 2684001 2682876 NC_003212.gbk
728 31.9 2359305 2358133 genome.dna 905050 906217 NC_003212.gbk
354 32.7 2378840 2379481 genome.dna 2678989 2678302 NC_003212.gbk
1728 56.5 2460964 2459636 genome.dna 2456737 2455414 NC_003212.gbk
781 35.4 2463282 2462086 genome.dna 570027 571209 NC_003212.gbk
811 42.4 2463567 2464547 genome.dna 2457988 2456992 NC_003212.gbk
2050 60.4 2470978 2472408 genome.dna 20423 21857 NC_003212.gbk
333 44.1 2473501 2473887 genome.dna 439679 440060 NC_003212.gbk
1375 56.8 2487322 2486231 genome.dna 2941291 2940190 NC_003212.gbk
437 39.8 2488039 2487452 genome.dna 240181 240736 NC_003212.gbk
984 46.8 2489732 2488785 genome.dna 234564 235521 NC_003212.gbk
400 31.9 2490742 2489870 genome.dna 225917 226793 NC_003212.gbk
835 33.3 2491599 2492855 genome.dna 1598880 1597572 NC_003212.gbk
1182 50.1 2492889 2493971 genome.dna 2704926 2703849 NC_003212.gbk
405 31.3 2493971 2494816 genome.dna 2703863 2703011 NC_003212.gbk
247 33.8 2527929 2528417 genome.dna 660381 659949 NC_003212.gbk
1044 35.4 2556170 2554698 genome.dna 1004931 1003455 NC_003212.gbk
445 30.5 2559421 2558525 genome.dna 1859517 1860405 NC_003212.gbk
1632 55.4 2563367 2561970 genome.dna 2361867 2360499 NC_003212.gbk
591 31.5 2571743 2570592 genome.dna 389355 390372 NC_003212.gbk
534 45.3 2585970 2586605 genome.dna 2022574 2021914 NC_003212.gbk
877 38.6 2593132 2590532 genome.dna 1307375 1309454 NC_003212.gbk
496 39.3 2597527 2596643 genome.dna 2079183 2078448 NC_003212.gbk
757 38.8 2605113 2606180 genome.dna 1682565 1681545 NC_003212.gbk
1430 52.6 2607572 2608762 genome.dna 1680183 1678980 NC_003212.gbk
1023 50.0 2628084 2627089 genome.dna 2328236 2327159 NC_003212.gbk
737 37.9 2629004 2628096 genome.dna 2329288 2328253 NC_003212.gbk
741 35.9 2629936 2629016 genome.dna 2330217 2329287 NC_003212.gbk
816 30.3 2633417 2631819 genome.dna 190598 192248 NC_003212.gbk
2702 48.7 2634501 2637176 genome.dna 1685573 1688174 NC_003212.gbk
599 48.6 2637907 2637311 genome.dna 2705524 2704948 NC_003212.gbk
726 43.2 2639766 2638855 genome.dna 1096116 1095228 NC_003212.gbk
367 44.4 2654386 2653967 genome.dna 1989159 1988721 NC_003212.gbk
1098 50.6 2654735 2655739 genome.dna 2579568 2578557 NC_003212.gbk
768 45.6 2679167 2679979 genome.dna 1583895 1583094 NC_003212.gbk
798 40.3 2697304 2698272 genome.dna 138555 139521 NC_003212.gbk
1261 72.9 2698450 2699247 genome.dna 797371 796555 NC_003212.gbk
1408 72.8 2699262 2700104 genome.dna 796537 795658 NC_003212.gbk
328 38.0 2700179 2700637 genome.dna 795542 795074 NC_003212.gbk
287 68.8 2702947 2702738 genome.dna 2146591 2146390 NC_003212.gbk
675 34.9 2704043 2704957 genome.dna 1979154 1978221 NC_003212.gbk
717 39.4 2706704 2707561 genome.dna 1979993 1979150 NC_003212.gbk
746 39.4 2714816 2715706 genome.dna 211108 211987 NC_003212.gbk
1244 67.9 2724246 2725070 genome.dna 1103987 1104812 NC_003212.gbk
2088 56.8 2726216 2727934 genome.dna 860434 862072 NC_003212.gbk
1572 36.5 2731236 2728849 genome.dna 1192995 1195404 NC_003212.gbk
808 47.1 2732234 2731251 genome.dna 1191943 1192996 NC_003212.gbk
468 61.9 2732903 2732547 genome.dna 1913521 1913161 NC_003212.gbk
202 54.5 2733144 2732947 genome.dna 1913761 1913560 NC_003212.gbk
532 50.0 2733782 2733240 genome.dna 1914298 1913782 NC_003212.gbk
1816 42.3 2735713 2733785 genome.dna 1601620 1599697 NC_003212.gbk
369 31.3 2741372 2740491 genome.dna 987373 988288 NC_003212.gbk
1129 65.3 2755752 2754499 genome.dna 1610347 1609084 NC_003212.gbk
1322 54.1 2757088 2758194 genome.dna 1549509 1548393 NC_003212.gbk
1372 51.7 2765355 2764123 genome.dna 1911695 1910462 NC_003212.gbk
523 33.1 2766822 2767682 genome.dna 823630 824440 NC_003212.gbk
594 36.8 2767679 2768455 genome.dna 824436 825243 NC_003212.gbk
858 39.7 2768546 2769589 genome.dna 825239 826313 NC_003212.gbk
510 51.0 2777056 2776550 genome.dna 1648059 1648548 NC_003212.gbk
1211 39.1 2794931 2793456 genome.dna 2099691 2101167 NC_003212.gbk
1347 59.2 2809298 2808294 genome.dna 1572872 1571864 NC_003212.gbk
351 34.0 2809923 2809306 genome.dna 1573493 1572887 NC_003212.gbk
732 49.0 2811487 2810744 genome.dna 1575345 1574619 NC_003212.gbk
2024 52.1 2813755 2811956 genome.dna 1557082 1555306 NC_003212.gbk
562 36.1 2839971 2839006 genome.dna 1988638 1987732 NC_003212.gbk
761 37.0 2864092 2865492 genome.dna 2024741 2023448 NC_003212.gbk
426 37.0 2869134 2868487 genome.dna 2290504 2289886 NC_003212.gbk
476 32.4 2906057 2905173 genome.dna 2398609 2397760 NC_003212.gbk
1082 44.0 2917289 2918617 genome.dna 604440 603156 NC_003212.gbk
442 39.0 2920770 2921360 genome.dna 602571 601944 NC_003212.gbk
524 34.2 2921367 2922104 genome.dna 601966 601243 NC_003212.gbk
675 44.0 2922086 2922862 genome.dna 601254 600498 NC_003212.gbk
531 41.7 2926492 2925815 genome.dna 2069133 2068458 NC_003212.gbk
1130 50.7 2929170 2928085 genome.dna 2980312 2979220 NC_003212.gbk
413 35.0 2931779 2932639 genome.dna 941534 942347 NC_003212.gbk
3258 63.5 2932697 2934979 genome.dna 1442564 1444796 NC_003212.gbk
796 44.1 2966712 2967509 genome.dna 1444873 1445620 NC_003212.gbk
1593 48.1 2969171 2967603 genome.dna 497538 499089 NC_003212.gbk
1155 46.3 2970291 2969182 genome.dna 496445 497546 NC_003212.gbk
1424 52.4 2975613 2974318 genome.dna 2904275 2902991 NC_003212.gbk
917 38.2 2977060 2975717 genome.dna 1552340 1551056 NC_003212.gbk
702 37.9 2982496 2983455 genome.dna 2638858 2637898 NC_003212.gbk
945 30.6 2983684 2985450 genome.dna 2881446 2879721 NC_003212.gbk
325 70.0 2988043 2988261 genome.dna 2785326 2785107 NC_003212.gbk
361 50.5 3002657 3002334 genome.dna 236724 236391 NC_003212.gbk
628 42.2 3016080 3015361 genome.dna 965311 966052 NC_003212.gbk
690 54.1 3019705 3020373 genome.dna 2121184 2120512 NC_003212.gbk
608 43.9 3023325 3022666 genome.dna 2537027 2536352 NC_003212.gbk
978 47.4 3024334 3023318 genome.dna 2538046 2537023 NC_003212.gbk
400 37.6 3046334 3045672 genome.dna 2062463 2061893 NC_003212.gbk
755 37.2 3054591 3053503 genome.dna 1862029 1860922 NC_003212.gbk
2045 59.0 3063296 3061821 genome.dna 817180 815719 NC_003212.gbk
424 32.3 3064304 3063432 genome.dna 2274112 2273257 NC_003212.gbk
422 32.7 3064423 3065496 genome.dna 2274217 2275225 NC_003212.gbk
452 33.8 3065575 3066420 genome.dna 1489111 1488217 NC_003212.gbk
1342 45.2 3068393 3066702 genome.dna 391032 392427 NC_003212.gbk
479 38.4 3084419 3083724 genome.dna 2455343 2454641 NC_003212.gbk
834 41.3 3132141 3129835 genome.dna 1849726 1847554 NC_003212.gbk
980 53.2 3148240 3147401 genome.dna 2089078 2089903 NC_003212.gbk
814 38.1 3150266 3149277 genome.dna 2087870 2086844 NC_003212.gbk
489 52.5 3155863 3155369 genome.dna 1056259 1056742 NC_003212.gbk
356 37.6 3156400 3155882 genome.dna 1058293 1057804 NC_003212.gbk
651 33.1 3157424 3156435 genome.dna 1056770 1057772 NC_003212.gbk
500 34.4 3157972 3158883 genome.dna 2632962 2631993 NC_003212.gbk
2529 58.3 3161386 3159374 genome.dna 2651921 2649944 NC_003212.gbk
1448 41.3 3171157 3172854 genome.dna 2042568 2044212 NC_003212.gbk
602 30.2 3178804 3180039 genome.dna 1053908 1055132 NC_003212.gbk
871 64.8 3180901 3181500 genome.dna 2982918 2983518 NC_003212.gbk
312 35.1 3228583 3228035 genome.dna 1430176 1430755 NC_003212.gbk
754 37.8 3230474 3228642 genome.dna 1210804 1212616 NC_003212.gbk
1806 57.0 3233243 3234655 genome.dna 802581 803958 NC_003212.gbk
467 36.1 3278435 3279220 genome.dna 1632454 1631692 NC_003212.gbk
4683 58.4 3303128 3306640 genome.dna 851931 855582 NC_003212.gbk
209 35.6 3332182 3332514 genome.dna 881138 881459 NC_003212.gbk
1662 46.2 3364676 3363084 genome.dna 1469928 1471530 NC_003212.gbk
1627 53.1 3366849 3368273 genome.dna 1240227 1238742 NC_003212.gbk
1899 50.3 3368339 3370030 genome.dna 1238724 1237077 NC_003212.gbk
1048 43.7 3395711 3396913 genome.dna 1147510 1148704 NC_003212.gbk
805 47.2 3399252 3400112 genome.dna 1050968 1050164 NC_003212.gbk
603 32.3 3402984 3403889 genome.dna 1808377 1809280 NC_003212.gbk
731 40.9 3409858 3408341 genome.dna 1895599 1894171 NC_003212.gbk
773 45.4 3413548 3412631 genome.dna 1617754 1616869 NC_003212.gbk
760 49.5 3414435 3413773 genome.dna 39444 40104 NC_003212.gbk
474 33.8 3415469 3414618 genome.dna 2776942 2776195 NC_003212.gbk
497 32.2 3416479 3415469 genome.dna 1478549 1477505 NC_003212.gbk
232 38.5 3427528 3426443 genome.dna 2058689 2057522 NC_003212.gbk
1009 37.9 3477877 3476636 genome.dna 327488 328670 NC_003212.gbk
590 36.0 3479267 3480127 genome.dna 1670638 1669768 NC_003212.gbk
323 42.2 3500331 3500732 genome.dna 2892478 2892883 NC_003212.gbk
561 33.2 3511745 3510762 genome.dna 2712352 2711404 NC_003212.gbk
869 50.2 3516455 3517318 genome.dna 1390275 1391130 NC_003212.gbk
1110 43.8 3519048 3517663 genome.dna 282549 283965 NC_003212.gbk
228 38.5 3520193 3520687 genome.dna 2502428 2501843 NC_003212.gbk
607 57.6 3521609 3522118 genome.dna 1902450 1901961 NC_003212.gbk
539 32.6 3522115 3523185 genome.dna 1901969 1900844 NC_003212.gbk
1008 57.1 3527868 3527053 genome.dna 2655619 2654839 NC_003212.gbk
395 48.6 3537011 3536586 genome.dna 2334940 2334523 NC_003212.gbk
357 43.6 3537641 3537204 genome.dna 2335376 2334923 NC_003212.gbk
876 36.1 3546973 3548205 genome.dna 2253131 2251871 NC_003212.gbk
1424 47.1 3548305 3549609 genome.dna 2251784 2250476 NC_003212.gbk
903 46.0 3549622 3550470 genome.dna 2250476 2249624 NC_003212.gbk
325 34.9 3571239 3571790 genome.dna 2999825 2999282 NC_003212.gbk
625 33.5 3573115 3574479 genome.dna 985484 986711 NC_003212.gbk
479 32.1 3575248 3576147 genome.dna 1877844 1876911 NC_003212.gbk
427 53.5 3576568 3576161 genome.dna 860261 859847 NC_003212.gbk
666 41.2 3577570 3576767 genome.dna 356540 357344 NC_003212.gbk
568 40.3 3578361 3577567 genome.dna 355734 356544 NC_003212.gbk
533 30.5 3582463 3581411 genome.dna 1116483 1115460 NC_003212.gbk
1856 51.3 3590632 3589055 genome.dna 1105726 1107283 NC_003212.gbk
1711 54.1 3592205 3590739 genome.dna 2920430 2918963 NC_003212.gbk
1067 38.9 3592378 3593766 genome.dna 1391148 1392501 NC_003212.gbk
503 40.3 3599984 3598497 genome.dna 2066810 2065499 NC_003212.gbk
1114 40.5 3603229 3601955 genome.dna 1558361 1557083 NC_003212.gbk
699 33.7 3607701 3606505 genome.dna 509481 510585 NC_003212.gbk
433 47.1 3608433 3608005 genome.dna 2059336 2058892 NC_003212.gbk
1357 47.4 3610387 3611748 genome.dna 2472830 2471522 NC_003212.gbk
918 43.4 3621177 3619963 genome.dna 1550676 1549527 NC_003212.gbk
248 30.7 3621953 3621459 genome.dna 1552489 1552912 NC_003212.gbk
436 31.1 3622920 3623723 genome.dna 1071012 1071786 NC_003212.gbk
1553 57.9 3635387 3634134 genome.dna 2701135 2699893 NC_003212.gbk
283 39.3 3640872 3640534 genome.dna 1554375 1554741 NC_003212.gbk
410 43.0 3651787 3651263 genome.dna 2884706 2884241 NC_003212.gbk
225 36.0 3680225 3679845 genome.dna 918604 918961 NC_003212.gbk
771 40.7 3682691 3681786 genome.dna 1502813 1501907 NC_003212.gbk
454 36.6 3683368 3682688 genome.dna 1935232 1934542 NC_003212.gbk
2399 59.3 3686442 3684643 genome.dna 1518124 1516297 NC_003212.gbk
593 36.4 3689812 3691413 genome.dna 2154121 2155576 NC_003212.gbk
808 54.7 3694571 3695257 genome.dna 1203554 1204229 NC_003212.gbk
813 38.2 3698228 3696813 genome.dna 280054 281530 NC_003212.gbk
612 33.8 3700404 3701453 genome.dna 2129549 2128553 NC_003212.gbk
358 33.0 3711660 3710149 genome.dna 2822911 2821513 NC_003212.gbk
674 49.1 3711890 3712588 genome.dna 1531156 1530454 NC_003212.gbk
1576 54.2 3714803 3716083 genome.dna 1594937 1593647 NC_003212.gbk
360 40.7 3732230 3732727 genome.dna 256919 257399 NC_003212.gbk
702 44.7 3732844 3733638 genome.dna 2031553 2030719 NC_003212.gbk
620 36.4 3733793 3734647 genome.dna 2030716 2029858 NC_003212.gbk
336 45.2 3734665 3735045 genome.dna 2029855 2029471 NC_003212.gbk
1239 65.2 3735878 3735108 genome.dna 701711 702482 NC_003212.gbk
1422 73.9 3736813 3735875 genome.dna 700783 701719 NC_003212.gbk
658 30.0 3745456 3747603 genome.dna 2281268 2278976 NC_003212.gbk
3073 53.7 3762599 3760023 genome.dna 2343102 2340501 NC_003212.gbk
643 39.1 3764478 3763501 genome.dna 1974835 1973926 NC_003212.gbk
421 58.0 3773009 3772662 genome.dna 1916691 1916346 NC_003212.gbk
775 46.1 3773827 3773072 genome.dna 1919833 1919095 NC_003212.gbk
205 45.9 3774681 3774433 genome.dna 1922138 1921865 NC_003212.gbk
1570 53.3 3776200 3774839 genome.dna 1929501 1928148 NC_003212.gbk
376 42.4 3777786 3777271 genome.dna 1322406 1322874 NC_003212.gbk
2040 43.8 3784972 3782345 genome.dna 1539598 1536958 NC_003212.gbk
1372 61.7 3786717 3785644 genome.dna 1432338 1433385 NC_003212.gbk
1184 45.3 3882715 3881462 genome.dna 1243682 1242434 NC_003212.gbk
867 42.9 3889382 3888324 genome.dna 2097566 2096495 NC_003212.gbk
461 32.8 3909216 3909983 genome.dna 324504 323724 NC_003212.gbk
824 37.8 3911288 3910026 genome.dna 568790 570035 NC_003212.gbk
557 31.4 3918901 3920391 genome.dna 1880879 1879427 NC_003212.gbk
158 30.0 3921260 3920868 genome.dna 2381852 2381459 NC_003212.gbk
1184 48.1 3921930 3923132 genome.dna 1035435 1036629 NC_003212.gbk
1088 49.4 3952362 3953393 genome.dna 326270 325253 NC_003212.gbk
591 45.1 3953386 3954039 genome.dna 325257 324594 NC_003212.gbk
673 43.2 3954101 3954916 genome.dna 327106 326284 NC_003212.gbk
1860 50.0 3956293 3958011 genome.dna 1351913 1353620 NC_003212.gbk
609 59.0 3963052 3962555 genome.dna 279562 280036 NC_003212.gbk
391 36.0 3963804 3963091 genome.dna 278871 279570 NC_003212.gbk
1008 62.3 3966155 3966877 genome.dna 875844 876573 NC_003212.gbk
1736 64.8 4001743 4000448 genome.dna 2574763 2573470 NC_003212.gbk
1644 53.8 4003479 4001842 genome.dna 2725129 2723530 NC_003212.gbk
1873 41.2 4007080 4004843 genome.dna 1562819 1560602 NC_003212.gbk
971 42.6 4012636 4011491 genome.dna 2985799 2984677 NC_003212.gbk
682 38.2 4013697 4012813 genome.dna 1027664 1028525 NC_003212.gbk
1910 45.1 4027241 4025196 genome.dna 1884447 1882431 NC_003212.gbk
353 37.3 4037132 4037767 genome.dna 1317162 1316565 NC_003212.gbk
265 34.0 4059979 4059527 genome.dna 48922 49369 NC_003212.gbk
275 56.9 4060248 4060021 genome.dna 42620 42860 NC_003212.gbk
580 35.1 4061905 4061153 genome.dna 2395353 2394600 NC_003212.gbk
586 39.8 4068636 4067902 genome.dna 284378 285134 NC_003212.gbk
1715 38.0 4071195 4068739 genome.dna 2570056 2567674 NC_003212.gbk
509 33.2 4077711 4078532 genome.dna 424770 423969 NC_003212.gbk
532 44.0 4079441 4080034 genome.dna 1216290 1216902 NC_003212.gbk
665 30.7 4080027 4081166 genome.dna 1516154 1514996 NC_003212.gbk
1074 36.1 4097614 4096277 genome.dna 36797 38156 NC_003212.gbk
280 46.9 4097901 4098245 genome.dna 2849333 2849636 NC_003212.gbk
1241 44.4 4114440 4115846 genome.dna 49393 50746 NC_003212.gbk
566 32.2 4115888 4116970 genome.dna 918979 920086 NC_003212.gbk
3739 58.7 4139901 4137067 genome.dna 2649937 2647066 NC_003212.gbk
350 37.4 4140147 4140710 genome.dna 42037 42577 NC_003212.gbk
422 33.1 4199525 4198710 genome.dna 2493652 2492893 NC_003212.gbk
334 41.1 4215531 4215974 genome.dna 2949531 2949084 NC_003212.gbk
235 39.3 4215997 4216284 genome.dna 2814106 2813833 NC_003212.gbk
1046 39.2 4216300 4217559 genome.dna 2813807 2812508 NC_003212.gbk
493 36.2 4217612 4218277 genome.dna 2899776 2899131 NC_003212.gbk
1196 44.4 4231793 4230366 genome.dna 1065267 1066671 NC_003212.gbk
863 35.2 4233904 4232027 genome.dna 1063628 1065263 NC_003212.gbk
623 39.8 4244964 4245854 genome.dna 2155572 2156418 NC_003212.gbk
340 32.3 4250722 4251348 genome.dna 1605430 1604827 NC_003212.gbk
928 49.0 4255592 4252890 genome.dna 2674280 2671766 NC_003212.gbk
1137 47.2 4258960 4257809 genome.dna 2161947 2160768 NC_003212.gbk
686 32.5 4260285 4259029 genome.dna 2163288 2162013 NC_003212.gbk
404 31.4 4264711 4263620 genome.dna 2165579 2164487 NC_003212.gbk
583 32.9 4265910 4264708 genome.dna 2852311 2851180 NC_003212.gbk
603 31.1 4267226 4265910 genome.dna 2166943 2165575 NC_003212.gbk
464 41.4 4268312 4267230 genome.dna 2168056 2167081 NC_003212.gbk
692 32.3 4269667 4268306 genome.dna 882785 884159 NC_003212.gbk
990 35.7 4271151 4269664 genome.dna 2169578 2168102 NC_003212.gbk
832 43.3 4274186 4273242 genome.dna 2173322 2172383 NC_003212.gbk
306 36.9 4274647 4274189 genome.dna 2173766 2173334 NC_003212.gbk
419 41.1 4277861 4277370 genome.dna 2106980 2107472 NC_003212.gbk
1667 45.5 4279582 4277864 genome.dna 2105258 2106980 NC_003212.gbk
1401 45.0 4282166 4283764 genome.dna 2108722 2110261 NC_003212.gbk
1034 47.8 4283764 4284855 genome.dna 2110262 2111315 NC_003212.gbk
1138 54.6 4284858 4286258 genome.dna 2111316 2112705 NC_003212.gbk
583 47.2 4286272 4286874 genome.dna 2112691 2113273 NC_003212.gbk
466 32.5 4319027 4319845 genome.dna 224514 225402 NC_003212.gbk
320 33.1 4322282 4321758 genome.dna 1184292 1183824 NC_003212.gbk
386 39.4 4323873 4323391 genome.dna 2002308 2001825 NC_003212.gbk
2828 49.5 4330684 4327460 genome.dna 1967228 1964015 NC_003212.gbk
439 45.6 4331847 4330699 genome.dna 1968312 1967220 NC_003212.gbk
287 31.9 4335368 4334856 genome.dna 1975299 1974834 NC_003212.gbk
2668 43.0 4338181 4335368 genome.dna 2151453 2148687 NC_003212.gbk
581 36.7 4339154 4338213 genome.dna 1364535 1365480 NC_003212.gbk
206 47.0 4339580 4339843 genome.dna 1518368 1518623 NC_003212.gbk
1263 50.8 4343498 4342359 genome.dna 1511178 1510047 NC_003212.gbk
1990 55.7 4345514 4343607 genome.dna 1513162 1511320 NC_003212.gbk
1213 37.4 4365488 4367155 genome.dna 2005173 2003280 NC_003212.gbk
921 44.8 4370220 4371221 genome.dna 2737340 2736341 NC_003212.gbk
465 39.8 4373604 4372945 genome.dna 998560 999235 NC_003212.gbk
800 45.9 4379941 4378778 genome.dna 2578423 2577232 NC_003212.gbk
2076 48.0 4383337 4381343 genome.dna 2826193 2824177 NC_003212.gbk
1097 62.0 4388480 4389631 genome.dna 1772246 1771046 NC_003212.gbk
249 30.1 4391555 4392289 genome.dna 1509030 1508262 NC_003212.gbk
236 32.3 4393907 4394326 genome.dna 1536597 1536180 NC_003212.gbk
1350 47.4 4398393 4397095 genome.dna 51004 52297 NC_003212.gbk
811 38.7 4402445 4401165 genome.dna 1331417 1332641 NC_003212.gbk
586 35.1 4403893 4402952 genome.dna 1330037 1330955 NC_003212.gbk
250 33.3 4408042 4407560 genome.dna 2204399 2203937 NC_003212.gbk
467 32.5 4435653 4436702 genome.dna 1947879 1947003 NC_003212.gbk
476 41.8 4448185 4447619 genome.dna 1386791 1387349 NC_003212.gbk
487 36.2 4479596 4478769 genome.dna 1526812 1525990 NC_003212.gbk
784 41.6 4482986 4483933 genome.dna 1952921 1951982 NC_003212.gbk
635 31.0 4484001 4485290 genome.dna 1951982 1950641 NC_003212.gbk
454 55.6 4486815 4487225 genome.dna 2193425 2193812 NC_003212.gbk
177 44.7 4488068 4487676 genome.dna 2783024 2782616 NC_003212.gbk
851 46.2 4489098 4488109 genome.dna 2783985 2783040 NC_003212.gbk
594 46.2 4489744 4489124 genome.dna 1648759 1649362 NC_003212.gbk
578 62.8 4490164 4489775 genome.dna 2784484 2784094 NC_003212.gbk
444 54.3 4490537 4490181 genome.dna 2784872 2784506 NC_003212.gbk
167 60.5 4490800 4490684 genome.dna 2785004 2784890 NC_003212.gbk
1117 41.2 4492165 4490834 genome.dna 2787716 2786420 NC_003212.gbk
411 45.8 4492607 4492173 genome.dna 2788156 2787715 NC_003212.gbk
151 43.6 4492790 4492611 genome.dna 2788393 2788213 NC_003212.gbk
576 54.3 4493297 4492797 genome.dna 2788913 2788409 NC_003212.gbk
299 44.1 4493665 4493312 genome.dna 2789294 2788934 NC_003212.gbk
558 46.9 4494208 4493675 genome.dna 2789870 2789333 NC_003212.gbk
416 48.9 4494614 4494222 genome.dna 2790299 2789900 NC_003212.gbk
279 49.5 4494953 4494648 genome.dna 2009898 2009628 NC_003212.gbk
784 59.2 4495506 4494967 genome.dna 2791085 2790545 NC_003212.gbk
280 46.0 4495835 4495521 genome.dna 2791423 2791111 NC_003212.gbk
517 63.4 4496217 4495846 genome.dna 2791829 2791460 NC_003212.gbk
270 50.0 4496635 4496381 genome.dna 2792172 2791908 NC_003212.gbk
166 43.3 4496826 4496635 genome.dna 2792391 2792199 NC_003212.gbk
500 56.0 4497236 4496826 genome.dna 2792815 2792380 NC_003212.gbk
834 59.6 4497950 4497249 genome.dna 2793474 2792817 NC_003212.gbk
369 58.6 4498300 4497968 genome.dna 2793834 2793477 NC_003212.gbk
453 70.7 4498593 4498315 genome.dna 2794133 2793854 NC_003212.gbk
1106 58.7 4499431 4498610 genome.dna 2795054 2794220 NC_003212.gbk
542 42.9 4500353 4499748 genome.dna 2796002 2795378 NC_003212.gbk
619 47.3 4500993 4500364 genome.dna 2796657 2796027 NC_003212.gbk
452 64.7 4501337 4501026 genome.dna 2797000 2796691 NC_003212.gbk
2555 62.6 4505956 4503842 genome.dna 2820341 2818253 NC_003212.gbk
619 53.2 4506523 4506053 genome.dna 2820877 2820406 NC_003212.gbk
528 70.6 4506994 4506620 genome.dna 2821321 2820907 NC_003212.gbk
400 34.2 4514856 4514044 genome.dna 2160648 2159958 NC_003212.gbk
358 48.3 4518446 4518081 genome.dna 904923 904569 NC_003212.gbk
341 37.5 4523180 4522629 genome.dna 1915126 1914592 NC_003212.gbk
1059 34.3 4523306 4525213 genome.dna 2198764 2200717 NC_003212.gbk
210 38.9 4528763 4528356 genome.dna 1822847 1822466 NC_003212.gbk
899 40.5 4531124 4529898 genome.dna 1640408 1639253 NC_003212.gbk
616 47.6 4531820 4531245 genome.dna 1683142 1682536 NC_003212.gbk
1159 55.5 4557783 4556779 genome.dna 2333478 2334474 NC_003212.gbk
762 52.6 4559154 4558477 genome.dna 1947001 1946344 NC_003212.gbk
765 38.6 4562421 4561336 genome.dna 2057520 2056422 NC_003212.gbk
316 37.1 4562994 4562473 genome.dna 1873220 1873694 NC_003212.gbk
568 39.1 4579442 4578723 genome.dna 2078264 2077547 NC_003212.gbk
1899 44.7 4597892 4600225 genome.dna 928018 930196 NC_003212.gbk
465 32.1 4603858 4604907 genome.dna 2070111 2069148 NC_003212.gbk
617 31.5 4622349 4623851 genome.dna 1328236 1329913 NC_003212.gbk
1546 43.1 4664050 4662224 genome.dna 2918804 2917031 NC_003212.gbk
848 43.0 4665855 4666784 genome.dna 814311 813384 NC_003212.gbk
1730 40.5 4672431 4670269 genome.dna 1886666 1884470 NC_003212.gbk
870 48.7 4680620 4681561 genome.dna 1597569 1596639 NC_003212.gbk
865 53.5 4687311 4686550 genome.dna 2458764 2457984 NC_003212.gbk
547 38.5 4687992 4687321 genome.dna 2460198 2459481 NC_003212.gbk
433 38.2 4689462 4688920 genome.dna 2461582 2461045 NC_003212.gbk
784 33.7 4690836 4689472 genome.dna 1900826 1899533 NC_003212.gbk
371 31.1 4695646 4694897 genome.dna 2684737 2684002 NC_003212.gbk
710 49.9 4704862 4703738 genome.dna 2699009 2697869 NC_003212.gbk
1531 54.9 4708658 4707399 genome.dna 2713704 2712432 NC_003212.gbk
318 45.0 4709479 4709153 genome.dna 1210417 1210729 NC_003212.gbk
1064 45.4 4729969 4728119 genome.dna 2103545 2105240 NC_003212.gbk
389 30.4 4730969 4730043 genome.dna 1000692 1001712 NC_003212.gbk
1010 42.5 4766891 4765731 genome.dna 1786543 1785370 NC_003212.gbk
1346 33.1 4770998 4773196 genome.dna 1955328 1952934 NC_003212.gbk
605 52.9 4775884 4776414 genome.dna 1312029 1312569 NC_003212.gbk
930 47.5 4776424 4777755 genome.dna 1312582 1313992 NC_003212.gbk
295 38.2 4780345 4781184 genome.dna 1580209 1579390 NC_003212.gbk
2169 62.3 4781238 4782749 genome.dna 1579316 1577822 NC_003212.gbk
632 41.0 4786326 4787093 genome.dna 2577187 2576431 NC_003212.gbk
1068 53.0 4825789 4824827 genome.dna 1615639 1614679 NC_003212.gbk
622 42.3 4829201 4829899 genome.dna 328881 329595 NC_003212.gbk
1149 49.6 4838481 4837408 genome.dna 318172 317071 NC_003212.gbk
595 40.8 4867996 4867325 genome.dna 2669207 2668520 NC_003212.gbk
313 37.7 4869761 4870336 genome.dna 2185086 2184528 NC_003212.gbk
1879 56.8 4922174 4920702 genome.dna 299778 301239 NC_003212.gbk
1879 56.8 4922174 4920702 genome.dna 299778 301239 NC_003212.gbk
2115 62.2 4946843 4945446 genome.dna 610276 611671 NC_003212.gbk
2115 62.2 4946843 4945446 genome.dna 610276 611671 NC_003212.gbk
316 49.5 4948499 4948188 genome.dna 2847547 2847853 NC_003212.gbk
792 38.2 4962494 4961517 genome.dna 174261 175212 NC_003212.gbk
734 42.7 4969043 4968228 genome.dna 312682 311869 NC_003212.gbk
277 45.3 4974776 4974429 genome.dna 1835594 1835291 NC_003212.gbk
999 35.9 4976079 4974766 genome.dna 343370 342056 NC_003212.gbk
303 44.6 4976401 4976096 genome.dna 1835972 1835663 NC_003212.gbk
1190 43.5 4985096 4983699 genome.dna 318 1674 NC_003212.gbk
194 69.8 4985770 4985910 genome.dna 3010382 3010247 NC_003212.gbk
827 33.5 4988276 4989640 genome.dna 2964644 2963270 NC_003212.gbk
516 34.9 4992272 4991421 genome.dna 478838 479684 NC_003212.gbk
1227 43.3 5010680 5009268 genome.dna 609961 608665 NC_003212.gbk
412 35.4 5017538 5016804 genome.dna 2654827 2654167 NC_003212.gbk
476 33.0 5019301 5018414 genome.dna 2657361 2656476 NC_003212.gbk
943 37.3 5026700 5027902 genome.dna 2025936 2024754 NC_003212.gbk
1439 40.7 5049054 5047222 genome.dna 756014 757820 NC_003212.gbk
1084 40.0 5050610 5049240 genome.dna 233140 234514 NC_003212.gbk
273 34.4 5053946 5053527 genome.dna 2690536 2690131 NC_003212.gbk
1873 64.0 5055348 5053966 genome.dna 2691979 2690557 NC_003212.gbk
637 36.7 5056259 5055396 genome.dna 2692912 2692039 NC_003212.gbk
1215 54.5 5057853 5056312 genome.dna 2694464 2692949 NC_003212.gbk
197 45.7 5059187 5058948 genome.dna 2695845 2695626 NC_003212.gbk
2025 50.2 5063659 5061770 genome.dna 2963246 2961356 NC_003212.gbk
627 43.8 1515559 1514879 genome.dna 50276 50999 NC_003383.gbk
1321 34.3 1518297 1515565 genome.dna 47617 50284 NC_003383.gbk
224 38.0 1519100 1518525 genome.dna 55500 56139 NC_003383.gbk
2282 55.4 1521264 1519120 genome.dna 53041 55102 NC_003383.gbk
861 45.4 1522968 1521280 genome.dna 51306 53028 NC_003383.gbk
181 32.7 1862440 1862120 genome.dna 31219 31585 NC_003383.gbk
230 31.4 2822402 2821764 genome.dna 60070 60670 NC_003383.gbk
1489 35.3 4872230 4874593 genome.dna 61299 63417 NC_003383.gbk
