899 40.5 36667 35258 genome.dna 1354216 1352827 NC_000854.gbk
579 35.6 62838 64181 genome.dna 882893 884165 NC_000854.gbk
109 31.3 79385 79098 genome.dna 985213 985498 NC_000854.gbk
741 41.3 93925 92960 genome.dna 1155132 1156176 NC_000854.gbk
439 37.3 110262 109636 genome.dna 493787 493142 NC_000854.gbk
427 34.2 154586 153765 genome.dna 228848 229709 NC_000854.gbk
213 32.8 163345 163986 genome.dna 1499624 1500161 NC_000854.gbk
560 42.1 207819 208589 genome.dna 1328603 1329368 NC_000854.gbk
432 34.7 217784 218788 genome.dna 930400 929332 NC_000854.gbk
706 40.8 228573 229595 genome.dna 1473432 1472433 NC_000854.gbk
1003 34.6 230345 231841 genome.dna 994006 992596 NC_000854.gbk
221 30.1 253304 254008 genome.dna 1380062 1379423 NC_000854.gbk
488 38.8 270806 270027 genome.dna 1010653 1011457 NC_000854.gbk
473 36.4 292998 292333 genome.dna 1199733 1199070 NC_000854.gbk
762 32.0 329415 330869 genome.dna 1125447 1123989 NC_000854.gbk
202 35.7 352645 353037 genome.dna 1102924 1103398 NC_000854.gbk
327 42.4 431880 431494 genome.dna 952149 951777 NC_000854.gbk
282 41.1 432443 431979 genome.dna 1052016 1051527 NC_000854.gbk
798 43.3 433394 432459 genome.dna 1052951 1052012 NC_000854.gbk
675 39.9 435364 434357 genome.dna 1259437 1258228 NC_000854.gbk
698 32.7 463248 461737 genome.dna 1556022 1554447 NC_000854.gbk
255 40.0 692962 692627 genome.dna 1054112 1053791 NC_000854.gbk
451 31.6 755628 756641 genome.dna 708867 709917 NC_000854.gbk
592 32.7 771082 772419 genome.dna 232020 230610 NC_000854.gbk
557 30.8 812414 811260 genome.dna 1242435 1243635 NC_000854.gbk
473 32.5 812975 814090 genome.dna 1069050 1070100 NC_000854.gbk
389 47.5 814149 814541 genome.dna 623425 622981 NC_000854.gbk
457 33.5 912721 911924 genome.dna 1452277 1453141 NC_000854.gbk
177 34.4 937554 938135 genome.dna 940565 941132 NC_000854.gbk
319 30.2 939859 940740 genome.dna 1428067 1427236 NC_000854.gbk
543 39.4 1020383 1019685 genome.dna 1658303 1659056 NC_000854.gbk
193 30.5 1159320 1160081 genome.dna 882694 882034 NC_000854.gbk
190 31.5 1280201 1280677 genome.dna 869385 868911 NC_000854.gbk
498 36.7 1285528 1284617 genome.dna 1112675 1111661 NC_000854.gbk
750 32.1 1346334 1348487 genome.dna 1371865 1373680 NC_000854.gbk
1454 35.4 1356196 1353473 genome.dna 923074 925582 NC_000854.gbk
341 35.6 1433876 1433409 genome.dna 59909 60401 NC_000854.gbk
818 36.5 1458435 1457257 genome.dna 1331478 1330269 NC_000854.gbk
732 42.0 1470427 1469462 genome.dna 1498453 1497565 NC_000854.gbk
629 30.2 1504627 1506285 genome.dna 1484624 1482989 NC_000854.gbk
550 30.0 1536355 1535069 genome.dna 1079587 1080772 NC_000854.gbk
721 31.1 1543336 1544562 genome.dna 1056922 1055683 NC_000854.gbk
828 39.6 1544898 1546064 genome.dna 683528 684746 NC_000854.gbk
1048 53.8 1546064 1546936 genome.dna 684752 685646 NC_000854.gbk
850 30.4 1598005 1595975 genome.dna 706473 708192 NC_000854.gbk
194 32.2 1600255 1600836 genome.dna 239957 240503 NC_000854.gbk
814 35.9 1768623 1769945 genome.dna 1643937 1642671 NC_000854.gbk
548 30.3 1968985 1967612 genome.dna 280111 278710 NC_000854.gbk
220 50.0 2010635 2010913 genome.dna 1008886 1009201 NC_000854.gbk
409 33.6 2044045 2044779 genome.dna 1590423 1591155 NC_000854.gbk
1100 41.9 2102354 2104732 genome.dna 438846 436308 NC_000854.gbk
961 36.5 2112831 2114330 genome.dna 1073221 1074652 NC_000854.gbk
675 43.4 2114428 2115174 genome.dna 1072391 1073153 NC_000854.gbk
738 37.8 2116495 2117718 genome.dna 1277043 1275807 NC_000854.gbk
614 36.6 2121733 2120321 genome.dna 340771 342148 NC_000854.gbk
3168 54.0 2198282 2200954 genome.dna 1029520 1026907 NC_000854.gbk
462 30.2 2210106 2211050 genome.dna 392455 391486 NC_000854.gbk
3736 50.5 2310451 2314227 genome.dna 816916 820699 NC_000854.gbk
1370 51.7 2314227 2315807 genome.dna 820732 822133 NC_000854.gbk
996 42.6 2352527 2353639 genome.dna 476314 475117 NC_000854.gbk
780 34.8 2542867 2544249 genome.dna 317637 318996 NC_000854.gbk
942 36.9 2563367 2561970 genome.dna 1144138 1145494 NC_000854.gbk
910 35.0 2575279 2573756 genome.dna 1648776 1647279 NC_000854.gbk
717 39.2 2605113 2606180 genome.dna 1622980 1624018 NC_000854.gbk
339 32.8 2607572 2608762 genome.dna 1622065 1620781 NC_000854.gbk
344 31.5 2651794 2652813 genome.dna 1395937 1397221 NC_000854.gbk
426 32.2 2657649 2656798 genome.dna 1240727 1239908 NC_000854.gbk
1081 39.0 2683421 2681736 genome.dna 1457774 1459574 NC_000854.gbk
1221 49.3 2755752 2754499 genome.dna 461505 462813 NC_000854.gbk
902 42.6 2765687 2766838 genome.dna 1096529 1097606 NC_000854.gbk
418 31.6 2767679 2768455 genome.dna 615984 615180 NC_000854.gbk
363 34.6 2869134 2868487 genome.dna 799540 800170 NC_000854.gbk
427 34.1 2906057 2905173 genome.dna 32898 32016 NC_000854.gbk
515 31.3 2928002 2926713 genome.dna 387274 385990 NC_000854.gbk
641 32.5 2975613 2974318 genome.dna 1251299 1252691 NC_000854.gbk
330 30.4 3015344 3014433 genome.dna 930731 931592 NC_000854.gbk
419 31.4 3016080 3015361 genome.dna 673173 673923 NC_000854.gbk
495 34.4 3058890 3057901 genome.dna 1591861 1592842 NC_000854.gbk
640 43.0 3111014 3111736 genome.dna 1199034 1198317 NC_000854.gbk
941 46.6 3310237 3309242 genome.dna 999704 998729 NC_000854.gbk
137 32.2 3375937 3375635 genome.dna 904630 904321 NC_000854.gbk
431 30.5 3378041 3377067 genome.dna 906854 905702 NC_000854.gbk
298 30.6 3408161 3407589 genome.dna 1044514 1043920 NC_000854.gbk
958 45.8 3427528 3426443 genome.dna 386001 384858 NC_000854.gbk
523 37.1 3455799 3454780 genome.dna 677562 678489 NC_000854.gbk
1064 42.6 3519048 3517663 genome.dna 1009241 1010669 NC_000854.gbk
706 46.7 3527868 3527053 genome.dna 29906 30668 NC_000854.gbk
1100 42.9 3590632 3589055 genome.dna 1556180 1557719 NC_000854.gbk
416 45.7 3608433 3608005 genome.dna 1512835 1512409 NC_000854.gbk
238 30.3 3622920 3623723 genome.dna 1132364 1133171 NC_000854.gbk
668 34.1 3635387 3634134 genome.dna 1240799 1242128 NC_000854.gbk
253 30.7 3700404 3701453 genome.dna 1049588 1050596 NC_000854.gbk
1172 45.1 3714803 3716083 genome.dna 1472398 1471099 NC_000854.gbk
628 43.8 3732844 3733638 genome.dna 454639 453814 NC_000854.gbk
609 35.9 3736813 3735875 genome.dna 1640286 1639284 NC_000854.gbk
875 35.4 3776200 3774839 genome.dna 1099472 1098146 NC_000854.gbk
657 41.2 3898447 3899475 genome.dna 459142 460255 NC_000854.gbk
433 30.3 3917101 3918687 genome.dna 102379 103879 NC_000854.gbk
444 41.0 3961248 3960622 genome.dna 659077 659848 NC_000854.gbk
386 33.0 3969453 3967963 genome.dna 1165746 1164432 NC_000854.gbk
1220 46.2 4001743 4000448 genome.dna 1559753 1561052 NC_000854.gbk
1662 50.4 4003479 4001842 genome.dna 1018377 1016760 NC_000854.gbk
559 51.5 4039680 4040210 genome.dna 1066817 1067441 NC_000854.gbk
986 36.8 4231793 4230366 genome.dna 1055599 1054195 NC_000854.gbk
89 30.3 4274647 4274189 genome.dna 267394 267823 NC_000854.gbk
1199 32.1 4338181 4335368 genome.dna 266894 263699 NC_000854.gbk
208 31.4 4362122 4362661 genome.dna 520507 521128 NC_000854.gbk
325 38.5 4373604 4372945 genome.dna 444837 444123 NC_000854.gbk
515 32.6 4402445 4401165 genome.dna 1267678 1266559 NC_000854.gbk
348 30.3 4409618 4408062 genome.dna 1507957 1506424 NC_000854.gbk
1538 44.1 4442783 4444579 genome.dna 622861 621139 NC_000854.gbk
212 44.4 4490164 4489775 genome.dna 1100733 1101129 NC_000854.gbk
185 32.1 4494614 4494222 genome.dna 254982 254574 NC_000854.gbk
255 36.5 4496217 4495846 genome.dna 257398 256975 NC_000854.gbk
120 36.7 4496826 4496635 genome.dna 258253 258037 NC_000854.gbk
684 35.5 4531124 4529898 genome.dna 931615 932782 NC_000854.gbk
509 42.4 4531820 4531245 genome.dna 1625330 1625921 NC_000854.gbk
733 40.4 4542308 4541385 genome.dna 219513 218586 NC_000854.gbk
502 33.2 4562421 4561336 genome.dna 390673 389596 NC_000854.gbk
549 36.4 4680620 4681561 genome.dna 1471097 1470179 NC_000854.gbk
639 48.5 4702353 4701286 genome.dna 732619 731626 NC_000854.gbk
460 38.6 4729969 4728119 genome.dna 9924 11652 NC_000854.gbk
405 31.5 4759858 4759052 genome.dna 1037500 1038313 NC_000854.gbk
1024 44.1 4766891 4765731 genome.dna 774776 775931 NC_000854.gbk
1076 48.9 4838481 4837408 genome.dna 1038313 1039378 NC_000854.gbk
742 34.1 4859267 4858077 genome.dna 127303 126079 NC_000854.gbk
692 48.3 4859998 4859297 genome.dna 1603908 1604631 NC_000854.gbk
620 39.1 4860774 4860004 genome.dna 602219 602984 NC_000854.gbk
387 33.8 4862968 4862042 genome.dna 1601400 1602198 NC_000854.gbk
990 45.6 4926494 4925484 genome.dna 891394 892438 NC_000854.gbk
819 37.2 4929420 4928401 genome.dna 1433182 1434202 NC_000854.gbk
819 37.2 4929420 4928401 genome.dna 1433182 1434202 NC_000854.gbk
524 32.2 5019301 5018414 genome.dna 29052 29907 NC_000854.gbk
523 34.8 5021463 5020423 genome.dna 26993 28115 NC_000854.gbk
652 32.3 5026700 5027902 genome.dna 1425383 1424153 NC_000854.gbk
1255 38.1 5049054 5047222 genome.dna 754792 756670 NC_000854.gbk
