489 38.5 9676 9014 genome.dna 21125 20456 NC_005125.gbk
792 44.6 12461 13429 genome.dna 1835651 1836632 NC_005125.gbk
489 32.5 13455 14342 genome.dna 860763 861717 NC_005125.gbk
580 37.9 14538 15464 genome.dna 2480397 2479488 NC_005125.gbk
2038 41.4 25826 28615 genome.dna 684191 681374 NC_005125.gbk
1825 57.2 36667 35258 genome.dna 1125235 1126654 NC_005125.gbk
2050 52.6 37037 38860 genome.dna 1639965 1638156 NC_005125.gbk
1498 42.4 47188 45107 genome.dna 1360237 1357801 NC_005125.gbk
1641 41.0 49985 47886 genome.dna 2918791 2921068 NC_005125.gbk
443 41.2 50956 50333 genome.dna 1737132 1736514 NC_005125.gbk
686 36.1 62838 64181 genome.dna 1213612 1212235 NC_005125.gbk
679 31.1 77642 78994 genome.dna 4400546 4399193 NC_005125.gbk
1262 61.1 98527 99441 genome.dna 1548690 1549563 NC_005125.gbk
1219 35.3 99451 101520 genome.dna 1760301 1762476 NC_005125.gbk
2448 70.6 111626 113161 genome.dna 1619236 1617697 NC_005125.gbk
78 34.8 145197 144970 genome.dna 3750409 3750169 NC_005125.gbk
263 34.2 153705 152758 genome.dna 35537 36401 NC_005125.gbk
356 41.7 165569 165111 genome.dna 1575012 1575492 NC_005125.gbk
800 38.4 166824 165547 genome.dna 1668371 1669580 NC_005125.gbk
435 37.7 166978 167643 genome.dna 3675371 3674642 NC_005125.gbk
521 42.0 168516 169325 genome.dna 3608673 3607818 NC_005125.gbk
503 52.7 170854 170375 genome.dna 899441 899927 NC_005125.gbk
724 33.7 186786 187982 genome.dna 420098 418931 NC_005125.gbk
605 37.9 192775 193791 genome.dna 3872516 3873434 NC_005125.gbk
1016 56.6 207484 206657 genome.dna 3603165 3604044 NC_005125.gbk
918 35.7 212248 209609 genome.dna 435017 432197 NC_005125.gbk
571 39.7 217784 218788 genome.dna 4212679 4213732 NC_005125.gbk
439 34.1 218826 219599 genome.dna 4125417 4124505 NC_005125.gbk
1259 45.6 219661 221034 genome.dna 1125043 1123636 NC_005125.gbk
444 35.3 222967 223722 genome.dna 122966 122285 NC_005125.gbk
149 39.1 226078 226338 genome.dna 755121 754902 NC_005125.gbk
406 34.0 226939 227694 genome.dna 2032613 2031827 NC_005125.gbk
1029 50.3 228573 229595 genome.dna 4593662 4594646 NC_005125.gbk
1532 45.2 230345 231841 genome.dna 3208423 3206911 NC_005125.gbk
961 72.1 250357 251541 genome.dna 4122115 4123345 NC_005125.gbk
369 41.8 252164 252709 genome.dna 887197 887815 NC_005125.gbk
592 62.7 252872 253300 genome.dna 1716192 1716618 NC_005125.gbk
677 44.1 253304 254008 genome.dna 1716670 1717387 NC_005125.gbk
307 48.1 254890 255255 genome.dna 1718167 1718581 NC_005125.gbk
2256 45.7 255584 259612 genome.dna 2445179 2448518 NC_005125.gbk
813 53.1 269828 269043 genome.dna 1926785 1925960 NC_005125.gbk
915 42.1 275283 276347 genome.dna 4084253 4083209 NC_005125.gbk
261 44.9 277924 278196 genome.dna 3623079 3622788 NC_005125.gbk
1356 48.6 280242 278956 genome.dna 2959164 2960445 NC_005125.gbk
586 47.5 281849 280260 genome.dna 594477 595977 NC_005125.gbk
152 30.9 299036 298566 genome.dna 2893691 2894108 NC_005125.gbk
684 36.0 301263 300298 genome.dna 1122100 1121071 NC_005125.gbk
1659 55.5 306633 305290 genome.dna 2162840 2161490 NC_005125.gbk
371 41.4 307112 306645 genome.dna 1366870 1367344 NC_005125.gbk
515 57.1 307589 307137 genome.dna 2598253 2598736 NC_005125.gbk
1218 57.1 313270 314313 genome.dna 1575987 1577019 NC_005125.gbk
415 41.5 315964 316557 genome.dna 2873490 2874063 NC_005125.gbk
511 32.7 334964 334107 genome.dna 4361626 4362526 NC_005125.gbk
869 56.4 338215 337490 genome.dna 3467331 3468060 NC_005125.gbk
576 41.0 342391 343203 genome.dna 4310695 4311484 NC_005125.gbk
477 31.6 343211 343993 genome.dna 1929273 1930041 NC_005125.gbk
217 36.2 345645 345899 genome.dna 4645457 4645721 NC_005125.gbk
1373 54.0 345980 347242 genome.dna 3327940 3329320 NC_005125.gbk
611 34.5 348448 347351 genome.dna 1429330 1428010 NC_005125.gbk
514 52.5 352201 352629 genome.dna 4645805 4646264 NC_005125.gbk
389 45.9 352645 353037 genome.dna 4646260 4646662 NC_005125.gbk
2026 45.9 361542 357046 genome.dna 1623083 1627688 NC_005125.gbk
779 40.3 362158 363087 genome.dna 2393700 2394681 NC_005125.gbk
632 40.1 372605 373492 genome.dna 3219748 3218833 NC_005125.gbk
650 38.7 386934 386071 genome.dna 2687295 2688186 NC_005125.gbk
1279 35.7 392535 394805 genome.dna 3284829 3282306 NC_005125.gbk
1527 62.3 400586 399423 genome.dna 4031956 4033111 NC_005125.gbk
378 32.0 417112 416177 genome.dna 542936 541973 NC_005125.gbk
642 35.3 421130 419778 genome.dna 2833510 2832025 NC_005125.gbk
670 40.7 428068 427331 genome.dna 643585 642835 NC_005125.gbk
489 32.5 429839 428910 genome.dna 1587277 1586272 NC_005125.gbk
1664 53.0 431263 429833 genome.dna 2223117 2221662 NC_005125.gbk
335 43.5 431880 431494 genome.dna 4211116 4211494 NC_005125.gbk
413 30.9 433394 432459 genome.dna 3070533 3069543 NC_005125.gbk
653 39.3 435364 434357 genome.dna 3303298 3302356 NC_005125.gbk
1185 42.9 460910 458055 genome.dna 3111473 3114167 NC_005125.gbk
905 33.9 463248 461737 genome.dna 2765110 2766625 NC_005125.gbk
235 43.0 466558 466815 genome.dna 1943647 1943371 NC_005125.gbk
258 37.4 466819 467094 genome.dna 1943381 1943105 NC_005125.gbk
1335 47.5 485144 483705 genome.dna 1563060 1564470 NC_005125.gbk
401 30.1 525365 524040 genome.dna 90819 92208 NC_005125.gbk
1286 45.4 530287 528905 genome.dna 2564896 2566339 NC_005125.gbk
1627 48.9 533382 534971 genome.dna 3360701 3362297 NC_005125.gbk
594 31.3 574080 575378 genome.dna 4000928 3999494 NC_005125.gbk
792 34.7 582944 584155 genome.dna 1903010 1901789 NC_005125.gbk
538 31.4 584157 585260 genome.dna 2345835 2344650 NC_005125.gbk
72 31.2 588308 588090 genome.dna 2451803 2452037 NC_005125.gbk
368 38.6 603654 604091 genome.dna 585289 584860 NC_005125.gbk
483 32.7 679254 678109 genome.dna 2678797 2677693 NC_005125.gbk
224 36.7 692962 692627 genome.dna 4386291 4386633 NC_005125.gbk
255 46.2 697176 697469 genome.dna 3093515 3093827 NC_005125.gbk
2138 60.6 697515 699164 genome.dna 3093865 3095527 NC_005125.gbk
647 40.3 699974 700837 genome.dna 3629420 3630299 NC_005125.gbk
110 33.9 705108 705329 genome.dna 39754 39943 NC_005125.gbk
1087 48.3 708773 707778 genome.dna 3583787 3584753 NC_005125.gbk
990 50.6 726542 725589 genome.dna 4634917 4635931 NC_005125.gbk
270 42.9 734184 734549 genome.dna 910497 910167 NC_005125.gbk
879 45.6 755628 756641 genome.dna 1448796 1447767 NC_005125.gbk
634 35.7 761351 760380 genome.dna 803997 803019 NC_005125.gbk
238 37.6 761608 761919 genome.dna 884440 884074 NC_005125.gbk
364 69.5 761939 762196 genome.dna 884064 883776 NC_005125.gbk
635 37.4 762286 763248 genome.dna 2134147 2135071 NC_005125.gbk
1018 48.2 763509 764681 genome.dna 4607232 4608240 NC_005125.gbk
2039 52.3 768185 770122 genome.dna 2039414 2037578 NC_005125.gbk
543 36.2 770241 771074 genome.dna 575747 576554 NC_005125.gbk
1901 40.4 779306 782008 genome.dna 2807278 2810056 NC_005125.gbk
279 36.5 782083 782481 genome.dna 4232140 4232530 NC_005125.gbk
513 35.0 782481 783425 genome.dna 3899359 3898480 NC_005125.gbk
259 43.8 783547 783816 genome.dna 4225179 4224909 NC_005125.gbk
1401 47.3 784066 786186 genome.dna 3354817 3352675 NC_005125.gbk
318 38.6 793333 793875 genome.dna 2118731 2118221 NC_005125.gbk
1438 67.6 805628 804636 genome.dna 893749 892768 NC_005125.gbk
502 31.7 808710 809492 genome.dna 3020998 3020113 NC_005125.gbk
1168 36.7 809514 811193 genome.dna 2983218 2981580 NC_005125.gbk
883 43.4 812975 814090 genome.dna 3729582 3730686 NC_005125.gbk
355 45.2 814149 814541 genome.dna 3730723 3731113 NC_005125.gbk
3685 59.1 814656 817529 genome.dna 251655 254652 NC_005125.gbk
1543 48.2 844582 846099 genome.dna 3566870 3565376 NC_005125.gbk
1045 31.1 899255 901552 genome.dna 324255 321990 NC_005125.gbk
137 30.3 901717 902241 genome.dna 4265616 4265022 NC_005125.gbk
382 32.8 912721 911924 genome.dna 3141010 3141823 NC_005125.gbk
457 42.9 918246 918758 genome.dna 1842334 1842880 NC_005125.gbk
443 46.9 927840 927358 genome.dna 1607978 1607519 NC_005125.gbk
875 33.0 931102 929441 genome.dna 279418 277717 NC_005125.gbk
306 31.8 932209 932796 genome.dna 4390486 4389895 NC_005125.gbk
527 30.8 939859 940740 genome.dna 4497123 4496259 NC_005125.gbk
1008 46.7 941591 942676 genome.dna 1369501 1370590 NC_005125.gbk
391 41.4 957261 956803 genome.dna 1800440 1799975 NC_005125.gbk
1227 58.0 970301 969369 genome.dna 4083168 4082298 NC_005125.gbk
810 44.1 987143 988024 genome.dna 819340 818377 NC_005125.gbk
1061 58.9 997695 996727 genome.dna 850268 851231 NC_005125.gbk
501 38.0 1013085 1012423 genome.dna 2170717 2170096 NC_005125.gbk
445 34.8 1030959 1031849 genome.dna 3085888 3085033 NC_005125.gbk
302 34.1 1067553 1068080 genome.dna 2682220 2682859 NC_005125.gbk
232 44.7 1069781 1070074 genome.dna 3683449 3683737 NC_005125.gbk
825 39.2 1087061 1085955 genome.dna 913827 912699 NC_005125.gbk
819 54.1 1094877 1094161 genome.dna 2930760 2929962 NC_005125.gbk
235 30.7 1113509 1115371 genome.dna 671338 673576 NC_005125.gbk
918 41.9 1125945 1124593 genome.dna 2694711 2695932 NC_005125.gbk
242 39.2 1138546 1138941 genome.dna 4566920 4567298 NC_005125.gbk
895 53.2 1154052 1153258 genome.dna 2569534 2568760 NC_005125.gbk
778 49.6 1154397 1155122 genome.dna 1949257 1948432 NC_005125.gbk
311 33.6 1155257 1156108 genome.dna 1948415 1947755 NC_005125.gbk
733 47.8 1156279 1157004 genome.dna 2501702 2500994 NC_005125.gbk
552 50.9 1157130 1157687 genome.dna 298801 299350 NC_005125.gbk
708 44.8 1157925 1159121 genome.dna 2414531 2413352 NC_005125.gbk
740 47.2 1159320 1160081 genome.dna 106240 105490 NC_005125.gbk
321 32.5 1160091 1160948 genome.dna 1499813 1499009 NC_005125.gbk
763 35.2 1165447 1166469 genome.dna 2160368 2161490 NC_005125.gbk
400 46.4 1166572 1167027 genome.dna 1987982 1988411 NC_005125.gbk
716 43.8 1167032 1167820 genome.dna 1988451 1989309 NC_005125.gbk
512 51.9 1168997 1169593 genome.dna 1622345 1622942 NC_005125.gbk
2534 37.5 1169670 1173152 genome.dna 4127877 4131357 NC_005125.gbk
1042 51.0 1173165 1174124 genome.dna 3056096 3055115 NC_005125.gbk
200 38.2 1174256 1174645 genome.dna 4254811 4254415 NC_005125.gbk
1591 42.3 1180703 1178139 genome.dna 1110594 1107921 NC_005125.gbk
345 39.4 1250102 1250623 genome.dna 2870032 2870566 NC_005125.gbk
588 43.4 1260789 1261478 genome.dna 4324531 4325236 NC_005125.gbk
454 37.7 1270601 1269999 genome.dna 3360560 3360005 NC_005125.gbk
941 46.6 1271755 1272822 genome.dna 3777518 3778577 NC_005125.gbk
1147 46.5 1272920 1274065 genome.dna 853943 855080 NC_005125.gbk
542 35.8 1276393 1277361 genome.dna 4365643 4366570 NC_005125.gbk
421 42.6 1278470 1278919 genome.dna 136217 135698 NC_005125.gbk
729 40.9 1278982 1280091 genome.dna 1329284 1328183 NC_005125.gbk
401 42.0 1280201 1280677 genome.dna 1116222 1116765 NC_005125.gbk
482 33.2 1281190 1282170 genome.dna 3498647 3499634 NC_005125.gbk
1279 46.6 1284598 1282733 genome.dna 184617 182700 NC_005125.gbk
729 44.0 1285528 1284617 genome.dna 437958 437070 NC_005125.gbk
336 39.7 1288101 1287511 genome.dna 3963647 3963098 NC_005125.gbk
352 39.3 1289161 1289652 genome.dna 3594099 3594591 NC_005125.gbk
596 37.1 1292157 1291267 genome.dna 2315840 2316758 NC_005125.gbk
304 30.1 1293119 1292505 genome.dna 2311862 2311235 NC_005125.gbk
1375 39.7 1295100 1293109 genome.dna 791624 793289 NC_005125.gbk
1171 47.7 1297979 1296492 genome.dna 1782895 1781566 NC_005125.gbk
188 38.1 1298919 1299233 genome.dna 737888 737588 NC_005125.gbk
766 58.6 1301367 1301990 genome.dna 3974686 3974092 NC_005125.gbk
1398 59.9 1302154 1303428 genome.dna 4392090 4393404 NC_005125.gbk
261 42.2 1306200 1306472 genome.dna 3623079 3622788 NC_005125.gbk
614 47.7 1310544 1309849 genome.dna 3232848 3232143 NC_005125.gbk
1028 33.9 1312639 1314408 genome.dna 3877799 3876062 NC_005125.gbk
718 42.0 1316909 1318201 genome.dna 3253282 3254719 NC_005125.gbk
286 45.2 1320316 1319996 genome.dna 1566661 1567048 NC_005125.gbk
573 52.4 1329655 1330212 genome.dna 2918274 2918790 NC_005125.gbk
290 41.9 1332403 1332732 genome.dna 3707292 3707628 NC_005125.gbk
579 45.2 1332732 1333337 genome.dna 3707696 3708290 NC_005125.gbk
516 31.2 1333507 1335396 genome.dna 1933238 1935083 NC_005125.gbk
573 43.7 1335658 1336302 genome.dna 1495526 1494863 NC_005125.gbk
557 33.9 1336525 1337487 genome.dna 894829 893845 NC_005125.gbk
1932 43.6 1356196 1353473 genome.dna 4242551 4244795 NC_005125.gbk
729 39.0 1358126 1357212 genome.dna 2324511 2323554 NC_005125.gbk
1436 40.2 1363499 1366138 genome.dna 2201394 2198916 NC_005125.gbk
635 42.7 1375437 1376318 genome.dna 4402348 4401607 NC_005125.gbk
467 31.2 1387959 1389152 genome.dna 2596838 2598119 NC_005125.gbk
430 37.0 1426894 1426256 genome.dna 1501892 1502486 NC_005125.gbk
1261 56.2 1427931 1426894 genome.dna 765367 764353 NC_005125.gbk
435 36.6 1428285 1428911 genome.dna 66386 65717 NC_005125.gbk
447 43.2 1433876 1433409 genome.dna 2534911 2535391 NC_005125.gbk
771 44.0 1434853 1435731 genome.dna 1092756 1093638 NC_005125.gbk
550 39.0 1436929 1437642 genome.dna 2036774 2037518 NC_005125.gbk
659 32.5 1443228 1441783 genome.dna 1545756 1547121 NC_005125.gbk
236 40.6 1468782 1468399 genome.dna 2366121 2365743 NC_005125.gbk
961 50.4 1470427 1469462 genome.dna 1105877 1104980 NC_005125.gbk
591 37.2 1475506 1474394 genome.dna 1595149 1596406 NC_005125.gbk
965 35.1 1477420 1475516 genome.dna 3625010 3623162 NC_005125.gbk
299 34.4 1477924 1477454 genome.dna 1430464 1430008 NC_005125.gbk
286 33.2 1479078 1478437 genome.dna 4219002 4219623 NC_005125.gbk
2304 48.0 1483266 1480684 genome.dna 4279429 4276885 NC_005125.gbk
908 49.4 1492026 1490968 genome.dna 3808017 3807045 NC_005125.gbk
1028 39.3 1493774 1492350 genome.dna 4217673 4218999 NC_005125.gbk
569 35.3 1501778 1500630 genome.dna 991480 990286 NC_005125.gbk
246 34.4 1506798 1506349 genome.dna 3502931 3503393 NC_005125.gbk
572 46.7 1507655 1507128 genome.dna 324691 325204 NC_005125.gbk
439 46.4 1519100 1518525 genome.dna 614910 615477 NC_005125.gbk
2342 60.9 1521264 1519120 genome.dna 612811 614896 NC_005125.gbk
1012 42.3 1522968 1521280 genome.dna 611071 612799 NC_005125.gbk
1011 41.1 1528762 1530255 genome.dna 835958 837398 NC_005125.gbk
698 51.2 1533499 1534146 genome.dna 2567564 2568182 NC_005125.gbk
635 37.9 1536355 1535069 genome.dna 3209601 3210744 NC_005125.gbk
1554 43.9 1537737 1539503 genome.dna 3187498 3189232 NC_005125.gbk
764 34.2 1547669 1549237 genome.dna 1275461 1274006 NC_005125.gbk
228 31.0 1551348 1552034 genome.dna 1218558 1217895 NC_005125.gbk
831 42.4 1558773 1559834 genome.dna 181413 180453 NC_005125.gbk
571 34.2 1561588 1560626 genome.dna 4368033 4367121 NC_005125.gbk
1308 57.3 1561884 1562939 genome.dna 785899 787018 NC_005125.gbk
444 44.1 1563766 1563014 genome.dna 1994092 1993432 NC_005125.gbk
2054 33.1 1567041 1563904 genome.dna 3818892 3815622 NC_005125.gbk
758 41.0 1573036 1572017 genome.dna 2997832 2998837 NC_005125.gbk
426 36.0 1576123 1576893 genome.dna 4508553 4507785 NC_005125.gbk
603 43.9 1576893 1577582 genome.dna 4507767 4507101 NC_005125.gbk
395 35.0 1584709 1585674 genome.dna 1247033 1246049 NC_005125.gbk
909 42.4 1598229 1599338 genome.dna 1590574 1591660 NC_005125.gbk
224 32.1 1600255 1600836 genome.dna 3715690 3715078 NC_005125.gbk
167 31.5 1609114 1609548 genome.dna 3383981 3383492 NC_005125.gbk
1234 67.4 1614552 1615325 genome.dna 2363013 2362239 NC_005125.gbk
715 44.3 1635671 1634820 genome.dna 3441453 3442356 NC_005125.gbk
713 59.5 1636204 1635668 genome.dna 3910200 3909639 NC_005125.gbk
1261 63.3 1637078 1636206 genome.dna 502368 503244 NC_005125.gbk
1261 63.3 1637078 1636206 genome.dna 1898444 1897568 NC_005125.gbk
1781 58.8 1638449 1639855 genome.dna 1196762 1195310 NC_005125.gbk
559 37.0 1778057 1778830 genome.dna 164622 163770 NC_005125.gbk
817 48.6 1778827 1779630 genome.dna 165407 164618 NC_005125.gbk
237 65.0 1837906 1837757 genome.dna 3317658 3317517 NC_005125.gbk
880 62.9 1862527 1863225 genome.dna 2211 2898 NC_005125.gbk
210 37.6 1924289 1923957 genome.dna 95139 95475 NC_005125.gbk
137 31.6 1924540 1924289 genome.dna 94906 95146 NC_005125.gbk
493 31.2 1980555 1981667 genome.dna 1982237 1983386 NC_005125.gbk
187 42.5 2010635 2010913 genome.dna 4197162 4197444 NC_005125.gbk
136 31.1 2015203 2015631 genome.dna 2847852 2847360 NC_005125.gbk
1099 48.3 2028974 2027880 genome.dna 4033279 4034344 NC_005125.gbk
655 36.7 2041077 2042123 genome.dna 853277 852260 NC_005125.gbk
523 41.2 2042130 2043083 genome.dna 3900463 3901453 NC_005125.gbk
597 41.3 2043101 2044030 genome.dna 2297910 2297022 NC_005125.gbk
738 50.0 2044045 2044779 genome.dna 3711983 3712730 NC_005125.gbk
1401 51.5 2045253 2046494 genome.dna 4217563 4216315 NC_005125.gbk
508 33.7 2047434 2048453 genome.dna 1211181 1210143 NC_005125.gbk
406 39.1 2048443 2049102 genome.dna 723696 724335 NC_005125.gbk
514 36.6 2050132 2050929 genome.dna 2528380 2527588 NC_005125.gbk
403 52.7 2055442 2055792 genome.dna 985584 985239 NC_005125.gbk
2329 37.3 2070405 2066956 genome.dna 4045090 4041625 NC_005125.gbk
530 35.6 2077218 2077982 genome.dna 3853813 3854590 NC_005125.gbk
397 41.5 2079241 2079792 genome.dna 4240808 4241291 NC_005125.gbk
414 49.3 2085741 2085214 genome.dna 2997146 2996645 NC_005125.gbk
865 34.9 2088494 2089945 genome.dna 640393 638779 NC_005125.gbk
672 46.5 2090762 2089965 genome.dna 617188 616360 NC_005125.gbk
884 44.1 2091759 2090755 genome.dna 618255 617187 NC_005125.gbk
596 37.3 2092574 2091756 genome.dna 619142 618251 NC_005125.gbk
2638 54.2 2102354 2104732 genome.dna 2133741 2131299 NC_005125.gbk
555 30.9 2107755 2106565 genome.dna 2938915 2940022 NC_005125.gbk
1835 63.3 2112831 2114330 genome.dna 1465681 1467130 NC_005125.gbk
1064 65.2 2114428 2115174 genome.dna 1467145 1467904 NC_005125.gbk
810 38.5 2115176 2116495 genome.dna 1467896 1469231 NC_005125.gbk
1421 51.7 2116495 2117718 genome.dna 1469227 1470481 NC_005125.gbk
452 41.0 2153926 2154558 genome.dna 609547 608893 NC_005125.gbk
2150 58.6 2163569 2165743 genome.dna 2951400 2949192 NC_005125.gbk
481 37.9 2169627 2170376 genome.dna 1020335 1019618 NC_005125.gbk
738 53.2 2170388 2171023 genome.dna 1019606 1018946 NC_005125.gbk
4433 56.3 2171266 2174868 genome.dna 1018919 1015310 NC_005125.gbk
327 37.0 2181519 2182154 genome.dna 3799710 3800352 NC_005125.gbk
387 51.5 2186467 2186817 genome.dna 3544557 3544896 NC_005125.gbk
515 59.1 2188157 2187750 genome.dna 3754236 3753801 NC_005125.gbk
180 33.6 2188917 2189354 genome.dna 4067552 4068029 NC_005125.gbk
834 40.2 2190305 2191417 genome.dna 3957551 3958691 NC_005125.gbk
627 48.9 2216576 2217319 genome.dna 1773098 1772384 NC_005125.gbk
687 32.0 2227418 2225106 genome.dna 2001879 1999626 NC_005125.gbk
996 31.8 2231341 2233707 genome.dna 188937 186606 NC_005125.gbk
711 43.0 2239913 2239125 genome.dna 4385515 4386292 NC_005125.gbk
422 30.0 2250678 2251343 genome.dna 954758 955472 NC_005125.gbk
453 39.8 2306210 2305560 genome.dna 396980 396341 NC_005125.gbk
1148 55.1 2322430 2321456 genome.dna 4075534 4074538 NC_005125.gbk
158 32.9 2324296 2324544 genome.dna 104306 104567 NC_005125.gbk
740 37.8 2325750 2324722 genome.dna 2361003 2359914 NC_005125.gbk
388 30.4 2330060 2328861 genome.dna 4420246 4421491 NC_005125.gbk
820 37.6 2336995 2338260 genome.dna 4055903 4057223 NC_005125.gbk
384 35.2 2343795 2344529 genome.dna 3984544 3985282 NC_005125.gbk
1733 50.4 2440593 2442395 genome.dna 1020620 1022447 NC_005125.gbk
971 42.3 2463282 2462086 genome.dna 389549 390773 NC_005125.gbk
444 35.3 2472640 2473437 genome.dna 179008 179830 NC_005125.gbk
1275 55.5 2487322 2486231 genome.dna 3441296 3440201 NC_005125.gbk
443 41.5 2488039 2487452 genome.dna 575296 574699 NC_005125.gbk
1055 49.7 2489732 2488785 genome.dna 958313 957314 NC_005125.gbk
794 34.0 2491599 2492855 genome.dna 1295404 1296697 NC_005125.gbk
1068 45.3 2492889 2493971 genome.dna 4646997 4648092 NC_005125.gbk
422 34.1 2493971 2494816 genome.dna 1860763 1861624 NC_005125.gbk
1604 52.0 2542867 2544249 genome.dna 2380227 2378775 NC_005125.gbk
1246 41.7 2544268 2545785 genome.dna 2378852 2377253 NC_005125.gbk
465 30.9 2547155 2548117 genome.dna 1944950 1943939 NC_005125.gbk
389 30.6 2550693 2551877 genome.dna 2634728 2633495 NC_005125.gbk
562 42.1 2552084 2552833 genome.dna 2305908 2305167 NC_005125.gbk
936 35.9 2556170 2554698 genome.dna 274823 276527 NC_005125.gbk
684 41.3 2559421 2558525 genome.dna 3568952 3569858 NC_005125.gbk
1253 43.8 2575279 2573756 genome.dna 861722 863210 NC_005125.gbk
414 34.4 2585970 2586605 genome.dna 707551 706852 NC_005125.gbk
762 39.8 2593132 2590532 genome.dna 3402504 3404802 NC_005125.gbk
548 42.9 2595969 2596559 genome.dna 406191 406854 NC_005125.gbk
379 35.8 2597527 2596643 genome.dna 4624800 4625547 NC_005125.gbk
522 41.5 2598308 2597688 genome.dna 4136830 4136158 NC_005125.gbk
261 34.1 2599344 2598460 genome.dna 2197810 2197000 NC_005125.gbk
744 43.6 2605113 2606180 genome.dna 2974490 2973461 NC_005125.gbk
1516 58.7 2607572 2608762 genome.dna 2937547 2938792 NC_005125.gbk
603 39.6 2608762 2609568 genome.dna 2767609 2766778 NC_005125.gbk
1155 53.1 2627092 2626058 genome.dna 4319116 4318066 NC_005125.gbk
1056 50.0 2628084 2627089 genome.dna 4320083 4319099 NC_005125.gbk
1023 51.9 2629004 2628096 genome.dna 4321003 4320082 NC_005125.gbk
992 47.9 2629936 2629016 genome.dna 4321929 4321008 NC_005125.gbk
1203 35.9 2633417 2631819 genome.dna 4323584 4321943 NC_005125.gbk
674 38.6 2642732 2643580 genome.dna 4558791 4557888 NC_005125.gbk
299 36.1 2645457 2646263 genome.dna 134218 134995 NC_005125.gbk
657 32.2 2649493 2651343 genome.dna 4403578 4405477 NC_005125.gbk
453 50.0 2654386 2653967 genome.dna 4573667 4574069 NC_005125.gbk
1351 61.4 2654735 2655739 genome.dna 3528720 3527688 NC_005125.gbk
424 37.0 2677723 2677067 genome.dna 4029296 4028507 NC_005125.gbk
572 45.7 2679167 2679979 genome.dna 2141565 2142372 NC_005125.gbk
140 34.7 2679983 2680252 genome.dna 2142382 2142658 NC_005125.gbk
767 35.2 2683421 2681736 genome.dna 464611 466120 NC_005125.gbk
1025 34.7 2687417 2685498 genome.dna 657976 655816 NC_005125.gbk
847 36.5 2688488 2689942 genome.dna 808925 807566 NC_005125.gbk
1028 39.6 2691006 2692370 genome.dna 2518526 2519897 NC_005125.gbk
258 33.9 2693565 2694197 genome.dna 1012149 1012827 NC_005125.gbk
174 42.4 2702947 2702738 genome.dna 525055 525253 NC_005125.gbk
697 45.1 2704954 2705844 genome.dna 3511482 3512214 NC_005125.gbk
865 42.8 2706704 2707561 genome.dna 3512213 3513116 NC_005125.gbk
707 41.7 2707951 2708811 genome.dna 3383512 3382645 NC_005125.gbk
513 34.0 2712101 2712862 genome.dna 4579426 4578619 NC_005125.gbk
1178 35.1 2726216 2727934 genome.dna 2494940 2493188 NC_005125.gbk
1334 38.6 2731236 2728849 genome.dna 3123853 3121495 NC_005125.gbk
896 51.8 2732234 2731251 genome.dna 3331219 3332236 NC_005125.gbk
412 56.9 2732903 2732547 genome.dna 2963837 2963477 NC_005125.gbk
164 45.3 2733144 2732947 genome.dna 2964063 2963865 NC_005125.gbk
528 47.5 2733782 2733240 genome.dna 1862195 1861595 NC_005125.gbk
929 42.5 2735713 2733785 genome.dna 3076741 3078625 NC_005125.gbk
768 37.3 2757088 2758194 genome.dna 586410 585336 NC_005125.gbk
841 48.6 2766822 2767682 genome.dna 1504319 1503464 NC_005125.gbk
684 42.0 2767679 2768455 genome.dna 1503468 1502682 NC_005125.gbk
754 33.7 2768546 2769589 genome.dna 1452743 1453829 NC_005125.gbk
1942 43.2 2791079 2789028 genome.dna 123819 125856 NC_005125.gbk
1245 41.5 2794931 2793456 genome.dna 3386663 3388202 NC_005125.gbk
1153 54.1 2809298 2808294 genome.dna 3321516 3320385 NC_005125.gbk
318 34.9 2809923 2809306 genome.dna 3074871 3075492 NC_005125.gbk
268 33.6 2810663 2810151 genome.dna 3501448 3500926 NC_005125.gbk
618 39.3 2811487 2810744 genome.dna 2666143 2666899 NC_005125.gbk
1868 48.8 2813755 2811956 genome.dna 2052221 2050433 NC_005125.gbk
475 40.7 2841233 2840649 genome.dna 2389991 2390591 NC_005125.gbk
625 42.5 2859653 2858643 genome.dna 3281491 3280429 NC_005125.gbk
285 33.2 2879580 2880428 genome.dna 4257474 4256691 NC_005125.gbk
950 39.5 2917289 2918617 genome.dna 1417477 1416139 NC_005125.gbk
544 37.1 2918614 2919687 genome.dna 1416143 1415081 NC_005125.gbk
445 39.6 2920770 2921360 genome.dna 427909 428590 NC_005125.gbk
555 38.7 2921367 2922104 genome.dna 751220 751988 NC_005125.gbk
666 44.5 2922086 2922862 genome.dna 4547985 4547220 NC_005125.gbk
499 42.8 2922856 2923488 genome.dna 1288732 1289389 NC_005125.gbk
585 32.1 2928002 2926713 genome.dna 1114030 1112731 NC_005125.gbk
1321 50.8 2975613 2974318 genome.dna 758605 759895 NC_005125.gbk
229 32.5 2981911 2981417 genome.dna 2841885 2842359 NC_005125.gbk
605 35.1 2982496 2983455 genome.dna 763394 764348 NC_005125.gbk
337 68.1 2988043 2988261 genome.dna 431959 432181 NC_005125.gbk
1587 40.3 2992855 2990582 genome.dna 1662654 1664991 NC_005125.gbk
442 63.6 3002657 3002334 genome.dna 1122438 1122111 NC_005125.gbk
973 44.5 3011957 3010824 genome.dna 1505434 1504315 NC_005125.gbk
403 34.3 3019705 3020373 genome.dna 3737705 3737024 NC_005125.gbk
980 38.0 3042056 3043384 genome.dna 4550751 4549437 NC_005125.gbk
428 42.6 3046334 3045672 genome.dna 1699722 1699077 NC_005125.gbk
1695 63.4 3050037 3051158 genome.dna 4651778 4652888 NC_005125.gbk
962 50.7 3051198 3052058 genome.dna 4652889 4653738 NC_005125.gbk
622 40.6 3054591 3053503 genome.dna 1562909 1561832 NC_005125.gbk
449 33.7 3064304 3063432 genome.dna 1073592 1072647 NC_005125.gbk
178 35.2 3100258 3100503 genome.dna 3728290 3728533 NC_005125.gbk
212 34.1 3100493 3100777 genome.dna 865210 864922 NC_005125.gbk
562 46.1 3132533 3133219 genome.dna 3660118 3659464 NC_005125.gbk
315 39.4 3145018 3144548 genome.dna 1289947 1289482 NC_005125.gbk
339 35.3 3154559 3153852 genome.dna 134118 133434 NC_005125.gbk
252 37.4 3155124 3154672 genome.dna 4600897 4601347 NC_005125.gbk
143 35.7 3155372 3155127 genome.dna 4600647 4600893 NC_005125.gbk
538 58.7 3155863 3155369 genome.dna 3589187 3588662 NC_005125.gbk
580 34.1 3157424 3156435 genome.dna 3223105 3222127 NC_005125.gbk
951 57.3 3161386 3159374 genome.dna 1978711 1976668 NC_005125.gbk
1127 53.4 3166099 3165062 genome.dna 4562755 4563712 NC_005125.gbk
696 35.7 3178804 3180039 genome.dna 3950514 3951723 NC_005125.gbk
365 31.0 3182488 3181565 genome.dna 3723709 3722674 NC_005125.gbk
309 44.0 3195210 3194782 genome.dna 4081878 4082292 NC_005125.gbk
115 34.8 3195440 3195210 genome.dna 4081633 4081882 NC_005125.gbk
283 32.1 3228583 3228035 genome.dna 309385 309877 NC_005125.gbk
1306 36.8 3230474 3228642 genome.dna 3786799 3784912 NC_005125.gbk
318 31.8 3295986 3295378 genome.dna 1526326 1525717 NC_005125.gbk
549 36.3 3302638 3301757 genome.dna 2531351 2530523 NC_005125.gbk
301 45.6 3332182 3332514 genome.dna 4557321 4557657 NC_005125.gbk
937 53.3 3344476 3343682 genome.dna 1690800 1691598 NC_005125.gbk
787 45.7 3345329 3344487 genome.dna 2240368 2241205 NC_005125.gbk
212 31.2 3360862 3360233 genome.dna 3695482 3694795 NC_005125.gbk
1063 34.5 3364676 3363084 genome.dna 96172 97906 NC_005125.gbk
867 35.4 3372145 3370688 genome.dna 3321667 3323209 NC_005125.gbk
1093 40.5 3373687 3372152 genome.dna 2691118 2689621 NC_005125.gbk
1054 34.9 3375638 3373788 genome.dna 220047 222123 NC_005125.gbk
215 36.3 3375937 3375635 genome.dna 703689 703380 NC_005125.gbk
694 39.2 3378041 3377067 genome.dna 1702772 1701548 NC_005125.gbk
314 38.1 3385876 3385436 genome.dna 799053 799416 NC_005125.gbk
853 39.5 3395711 3396913 genome.dna 1071422 1072640 NC_005125.gbk
880 61.8 3401812 3402438 genome.dna 1811348 1810643 NC_005125.gbk
420 39.9 3408161 3407589 genome.dna 567595 566968 NC_005125.gbk
649 39.2 3409858 3408341 genome.dna 2266913 2268350 NC_005125.gbk
671 34.6 3412525 3411257 genome.dna 1150392 1151634 NC_005125.gbk
811 50.2 3413548 3412631 genome.dna 1721093 1722008 NC_005125.gbk
528 42.5 3414435 3413773 genome.dna 653916 654552 NC_005125.gbk
564 38.4 3415469 3414618 genome.dna 3763153 3762238 NC_005125.gbk
573 36.0 3416479 3415469 genome.dna 1091791 1092760 NC_005125.gbk
194 37.4 3427528 3426443 genome.dna 3598875 3600063 NC_005125.gbk
286 33.8 3459693 3458845 genome.dna 2589476 2590286 NC_005125.gbk
711 31.7 3466688 3465462 genome.dna 2827217 2825984 NC_005125.gbk
1056 40.2 3477877 3476636 genome.dna 4303582 4304761 NC_005125.gbk
519 31.1 3501629 3502645 genome.dna 1087560 1086492 NC_005125.gbk
717 35.1 3502786 3504363 genome.dna 1086486 1084854 NC_005125.gbk
745 43.7 3504366 3505406 genome.dna 1084858 1083802 NC_005125.gbk
495 32.6 3507836 3506166 genome.dna 3775521 3773814 NC_005125.gbk
550 33.5 3511745 3510762 genome.dna 747079 746098 NC_005125.gbk
855 46.6 3516455 3517318 genome.dna 2003719 2002846 NC_005125.gbk
132 37.1 3517351 3517563 genome.dna 229631 229415 NC_005125.gbk
1074 43.8 3519048 3517663 genome.dna 901980 903429 NC_005125.gbk
518 55.8 3521609 3522118 genome.dna 1329860 1329344 NC_005125.gbk
980 58.0 3527868 3527053 genome.dna 6959 7760 NC_005125.gbk
1305 36.7 3531913 3533985 genome.dna 1614906 1612815 NC_005125.gbk
466 31.5 3533985 3535520 genome.dna 549807 548142 NC_005125.gbk
164 31.8 3537641 3537204 genome.dna 2940545 2941001 NC_005125.gbk
3147 48.4 3560370 3563492 genome.dna 4226768 4229894 NC_005125.gbk
295 32.6 3571239 3571790 genome.dna 1919850 1920411 NC_005125.gbk
582 40.6 3577570 3576767 genome.dna 1629060 1629867 NC_005125.gbk
758 37.9 3578861 3579880 genome.dna 3214723 3213814 NC_005125.gbk
884 52.7 3586091 3587221 genome.dna 382809 381735 NC_005125.gbk
1768 49.8 3590632 3589055 genome.dna 2768892 2770548 NC_005125.gbk
622 38.4 3599984 3598497 genome.dna 3420229 3418861 NC_005125.gbk
506 33.4 3604488 3603367 genome.dna 3821877 3820686 NC_005125.gbk
570 40.9 3607701 3606505 genome.dna 2231625 2230578 NC_005125.gbk
424 46.3 3608433 3608005 genome.dna 754447 754897 NC_005125.gbk
230 53.1 3616273 3616073 genome.dna 2373344 2373551 NC_005125.gbk
300 45.3 3619470 3619147 genome.dna 4613216 4612841 NC_005125.gbk
208 31.9 3619938 3619552 genome.dna 1470480 1470927 NC_005125.gbk
1542 58.5 3621177 3619963 genome.dna 4614637 4613359 NC_005125.gbk
284 35.6 3621953 3621459 genome.dna 2040862 2041309 NC_005125.gbk
541 43.3 3622783 3622058 genome.dna 2291336 2292077 NC_005125.gbk
601 44.4 3622920 3623723 genome.dna 1414297 1415101 NC_005125.gbk
1570 58.5 3635387 3634134 genome.dna 4601876 4603157 NC_005125.gbk
487 67.0 3640872 3640534 genome.dna 263973 263634 NC_005125.gbk
399 44.4 3651787 3651263 genome.dna 1127171 1126718 NC_005125.gbk
863 50.3 3653449 3652523 genome.dna 4214524 4215445 NC_005125.gbk
239 38.8 3680225 3679845 genome.dna 4211703 4212102 NC_005125.gbk
847 57.5 3680956 3680225 genome.dna 103657 102937 NC_005125.gbk
628 37.1 3682691 3681786 genome.dna 4648088 4649003 NC_005125.gbk
269 35.5 3683368 3682688 genome.dna 2803337 2804066 NC_005125.gbk
188 30.0 3684626 3683661 genome.dna 2174272 2174848 NC_005125.gbk
2329 56.6 3686442 3684643 genome.dna 2941405 2943214 NC_005125.gbk
307 33.0 3689432 3688857 genome.dna 1844385 1843740 NC_005125.gbk
865 42.3 3689812 3691413 genome.dna 897844 899437 NC_005125.gbk
585 32.9 3698228 3696813 genome.dna 2537966 2536373 NC_005125.gbk
848 45.6 3700404 3701453 genome.dna 3670483 3669379 NC_005125.gbk
1086 52.6 3703917 3702925 genome.dna 2223685 2224720 NC_005125.gbk
1096 60.0 3704788 3703907 genome.dna 2226699 2227569 NC_005125.gbk
1056 58.7 3705613 3704801 genome.dna 2225826 2226681 NC_005125.gbk
1395 63.7 3706780 3705770 genome.dna 2224812 2225802 NC_005125.gbk
1693 58.0 3714803 3716083 genome.dna 71623 72922 NC_005125.gbk
504 37.5 3728155 3728859 genome.dna 1841187 1840476 NC_005125.gbk
669 44.4 3732844 3733638 genome.dna 816172 815383 NC_005125.gbk
318 43.0 3734665 3735045 genome.dna 4441743 4442121 NC_005125.gbk
542 34.7 3736813 3735875 genome.dna 2316777 2317785 NC_005125.gbk
434 42.5 3738313 3737777 genome.dna 2969973 2970507 NC_005125.gbk
657 44.8 3750989 3751744 genome.dna 3544500 3543741 NC_005125.gbk
344 32.0 3754037 3753249 genome.dna 4276297 4275460 NC_005125.gbk
3174 56.6 3762599 3760023 genome.dna 3770382 3767763 NC_005125.gbk
690 44.5 3764478 3763501 genome.dna 73502 74435 NC_005125.gbk
390 51.8 3773009 3772662 genome.dna 886422 886788 NC_005125.gbk
707 47.1 3773827 3773072 genome.dna 940971 941655 NC_005125.gbk
208 43.4 3774681 3774433 genome.dna 2794975 2794705 NC_005125.gbk
1399 49.8 3776200 3774839 genome.dna 2796527 2795033 NC_005125.gbk
2130 44.1 3784972 3782345 genome.dna 2510387 2507771 NC_005125.gbk
1344 57.7 3786717 3785644 genome.dna 3613779 3612669 NC_005125.gbk
1054 41.0 3882715 3881462 genome.dna 4118355 4117095 NC_005125.gbk
952 45.9 3883829 3882726 genome.dna 71170 70060 NC_005125.gbk
842 46.0 3898447 3899475 genome.dna 185792 184745 NC_005125.gbk
740 33.4 3908071 3909228 genome.dna 3318844 3317665 NC_005125.gbk
697 36.7 3918901 3920391 genome.dna 1649744 1648274 NC_005125.gbk
355 46.2 3921260 3920868 genome.dna 2295031 2294653 NC_005125.gbk
1171 58.9 3926541 3925651 genome.dna 1363242 1362336 NC_005125.gbk
293 36.4 3926632 3927213 genome.dna 1363388 1364024 NC_005125.gbk
280 34.2 3936890 3936426 genome.dna 2672321 2671826 NC_005125.gbk
1157 36.8 3939697 3942345 genome.dna 1151713 1154485 NC_005125.gbk
329 36.0 3952181 3951618 genome.dna 831173 830582 NC_005125.gbk
1478 42.5 3956293 3958011 genome.dna 2682148 2680378 NC_005125.gbk
597 46.3 3961248 3960622 genome.dna 1808023 1808728 NC_005125.gbk
501 49.4 3963052 3962555 genome.dna 3744520 3745012 NC_005125.gbk
304 32.5 3963804 3963091 genome.dna 2970494 2971196 NC_005125.gbk
447 40.8 3967961 3967344 genome.dna 550687 550162 NC_005125.gbk
377 34.1 3972869 3972135 genome.dna 1771132 1771858 NC_005125.gbk
1279 38.4 3974615 3972882 genome.dna 1967873 1969556 NC_005125.gbk
180 35.0 3986036 3985365 genome.dna 3232147 3231502 NC_005125.gbk
1517 57.0 4001743 4000448 genome.dna 2276423 2275145 NC_005125.gbk
1552 55.1 4003479 4001842 genome.dna 1641820 1643470 NC_005125.gbk
1579 44.7 4027241 4025196 genome.dna 775812 777819 NC_005125.gbk
431 30.7 4036522 4035704 genome.dna 3487684 3488557 NC_005125.gbk
171 30.6 4037027 4036671 genome.dna 1596411 1596765 NC_005125.gbk
370 36.5 4037132 4037767 genome.dna 714021 713403 NC_005125.gbk
355 37.6 4039680 4040210 genome.dna 4441204 4441720 NC_005125.gbk
823 59.0 4046883 4047521 genome.dna 2675637 2676303 NC_005125.gbk
842 32.9 4047693 4049018 genome.dna 398340 399660 NC_005125.gbk
749 49.0 4050959 4050219 genome.dna 3843720 3842895 NC_005125.gbk
876 32.1 4054763 4056430 genome.dna 2209323 2207670 NC_005125.gbk
284 37.3 4059979 4059527 genome.dna 2792358 2791896 NC_005125.gbk
938 44.7 4076878 4075862 genome.dna 2828395 2827237 NC_005125.gbk
442 39.2 4076900 4077613 genome.dna 748537 749236 NC_005125.gbk
439 34.2 4077711 4078532 genome.dna 749837 750629 NC_005125.gbk
467 48.5 4079441 4080034 genome.dna 569380 569968 NC_005125.gbk
685 33.9 4080027 4081166 genome.dna 3287596 3286369 NC_005125.gbk
180 38.8 4081395 4081658 genome.dna 2688398 2688674 NC_005125.gbk
353 32.5 4102382 4101120 genome.dna 108457 107122 NC_005125.gbk
483 33.1 4114259 4113273 genome.dna 3048441 3049443 NC_005125.gbk
575 34.2 4115888 4116970 genome.dna 4024368 4025514 NC_005125.gbk
280 40.6 4135448 4135032 genome.dna 4575380 4575791 NC_005125.gbk
418 45.7 4137049 4136630 genome.dna 670884 671304 NC_005125.gbk
2555 56.4 4139901 4137067 genome.dna 4451521 4454467 NC_005125.gbk
802 33.5 4141061 4142812 genome.dna 390874 392623 NC_005125.gbk
566 33.9 4197767 4198645 genome.dna 3510441 3511458 NC_005125.gbk
547 38.9 4200650 4199670 genome.dna 1030729 1031773 NC_005125.gbk
860 35.2 4231793 4230366 genome.dna 3226533 3227913 NC_005125.gbk
676 44.9 4244964 4245854 genome.dna 940943 940052 NC_005125.gbk
366 37.0 4250722 4251348 genome.dna 2285823 2286441 NC_005125.gbk
203 31.1 4252799 4252404 genome.dna 916263 916656 NC_005125.gbk
774 43.1 4255592 4252890 genome.dna 1956354 1953495 NC_005125.gbk
622 38.5 4257707 4256787 genome.dna 1987125 1987986 NC_005125.gbk
1103 49.1 4258960 4257809 genome.dna 307381 306121 NC_005125.gbk
699 43.6 4262088 4261168 genome.dna 306043 305134 NC_005125.gbk
728 39.3 4263557 4262097 genome.dna 2480660 2482043 NC_005125.gbk
561 35.6 4264711 4263620 genome.dna 1784745 1783671 NC_005125.gbk
672 35.7 4265910 4264708 genome.dna 3773750 3772454 NC_005125.gbk
589 32.7 4267226 4265910 genome.dna 3943626 3942300 NC_005125.gbk
403 39.2 4268312 4267230 genome.dna 3950461 3949408 NC_005125.gbk
578 38.7 4269667 4268306 genome.dna 2558607 2559960 NC_005125.gbk
1027 41.6 4271151 4269664 genome.dna 3703310 3701840 NC_005125.gbk
584 30.5 4272901 4271138 genome.dna 3125410 3127252 NC_005125.gbk
604 42.8 4274186 4273242 genome.dna 3124020 3124965 NC_005125.gbk
435 43.9 4277861 4277370 genome.dna 1216055 1215527 NC_005125.gbk
1808 48.4 4279582 4277864 genome.dna 3483871 3485662 NC_005125.gbk
898 47.7 4282166 4283764 genome.dna 2454593 2452976 NC_005125.gbk
1211 52.8 4283764 4284855 genome.dna 3747900 3746811 NC_005125.gbk
1673 55.3 4284858 4286258 genome.dna 3614035 3615457 NC_005125.gbk
379 35.0 4286272 4286874 genome.dna 3615453 3616074 NC_005125.gbk
500 37.7 4319027 4319845 genome.dna 2140734 2139915 NC_005125.gbk
306 41.7 4323873 4323391 genome.dna 2634902 2635412 NC_005125.gbk
4184 61.5 4330684 4327460 genome.dna 1879893 1876641 NC_005125.gbk
1181 51.2 4331847 4330699 genome.dna 3742898 3741743 NC_005125.gbk
319 36.8 4335368 4334856 genome.dna 72976 73498 NC_005125.gbk
802 41.2 4338181 4335368 genome.dna 3853571 3850619 NC_005125.gbk
649 41.4 4339154 4338213 genome.dna 219743 218834 NC_005125.gbk
150 31.8 4339580 4339843 genome.dna 154478 154169 NC_005125.gbk
755 41.6 4343498 4342359 genome.dna 4488174 4489326 NC_005125.gbk
2195 55.4 4345514 4343607 genome.dna 4484478 4486395 NC_005125.gbk
522 51.6 4348720 4348133 genome.dna 715778 716309 NC_005125.gbk
1141 57.5 4351229 4350276 genome.dna 1715026 1713856 NC_005125.gbk
447 33.0 4354760 4353831 genome.dna 1208810 1207910 NC_005125.gbk
1295 40.9 4365488 4367155 genome.dna 640325 642245 NC_005125.gbk
962 48.0 4370220 4371221 genome.dna 2423108 2422094 NC_005125.gbk
395 35.8 4373604 4372945 genome.dna 29906 29213 NC_005125.gbk
427 31.5 4377440 4376580 genome.dna 993409 992599 NC_005125.gbk
647 44.3 4379941 4378778 genome.dna 2476562 2477786 NC_005125.gbk
2211 51.7 4383337 4381343 genome.dna 2460302 2462315 NC_005125.gbk
1646 39.7 4387762 4385783 genome.dna 4264931 4262996 NC_005125.gbk
723 56.8 4388480 4389631 genome.dna 2730644 2729384 NC_005125.gbk
310 31.6 4391555 4392289 genome.dna 4612827 4612110 NC_005125.gbk
738 41.5 4392301 4393260 genome.dna 3890791 3889816 NC_005125.gbk
198 33.1 4393907 4394326 genome.dna 1212175 1211704 NC_005125.gbk
968 48.0 4395434 4394430 genome.dna 3332239 3333286 NC_005125.gbk
1336 49.2 4398393 4397095 genome.dna 3486280 3487603 NC_005125.gbk
656 38.9 4403893 4402952 genome.dna 3453621 3452712 NC_005125.gbk
259 36.4 4408042 4407560 genome.dna 3193422 3192963 NC_005125.gbk
506 35.5 4409618 4408062 genome.dna 2395210 2396737 NC_005125.gbk
716 40.1 4409761 4410900 genome.dna 1575011 1574051 NC_005125.gbk
637 34.7 4422828 4421779 genome.dna 4307821 4306801 NC_005125.gbk
134 31.8 4446212 4446796 genome.dna 1027486 1028101 NC_005125.gbk
488 41.5 4448185 4447619 genome.dna 1366298 1366862 NC_005125.gbk
2096 58.2 4451372 4449723 genome.dna 1804254 1802607 NC_005125.gbk
1417 32.0 4464530 4460847 genome.dna 514008 510417 NC_005125.gbk
301 34.9 4477982 4478530 genome.dna 2323546 2323030 NC_005125.gbk
342 30.4 4479596 4478769 genome.dna 3483772 3482914 NC_005125.gbk
559 35.7 4482321 4481200 genome.dna 1868682 1867599 NC_005125.gbk
800 45.2 4482986 4483933 genome.dna 1949428 1950361 NC_005125.gbk
309 46.6 4488068 4487676 genome.dna 3763503 3763152 NC_005125.gbk
676 39.1 4489098 4488109 genome.dna 3764450 3763505 NC_005125.gbk
630 48.8 4489744 4489124 genome.dna 3765088 3764467 NC_005125.gbk
526 60.3 4490164 4489775 genome.dna 3765512 3765119 NC_005125.gbk
419 56.4 4490537 4490181 genome.dna 3765918 3765534 NC_005125.gbk
173 63.2 4490800 4490684 genome.dna 3766069 3765955 NC_005125.gbk
952 41.5 4492165 4490834 genome.dna 1496827 1495525 NC_005125.gbk
334 43.0 4492607 4492173 genome.dna 4111294 4110838 NC_005125.gbk
356 53.4 4493665 4493312 genome.dna 4112351 4111988 NC_005125.gbk
342 43.3 4494208 4493675 genome.dna 4112950 4112374 NC_005125.gbk
428 49.2 4494614 4494222 genome.dna 4113361 4112959 NC_005125.gbk
774 59.9 4495506 4494967 genome.dna 4114130 4113581 NC_005125.gbk
238 42.6 4495835 4495521 genome.dna 4114491 4114140 NC_005125.gbk
379 56.0 4496217 4495846 genome.dna 4114892 4114490 NC_005125.gbk
250 50.7 4496635 4496381 genome.dna 4115140 4114888 NC_005125.gbk
152 35.5 4496826 4496635 genome.dna 4115356 4115143 NC_005125.gbk
560 60.0 4497236 4496826 genome.dna 4115789 4115342 NC_005125.gbk
800 51.5 4497950 4497249 genome.dna 4116551 4115807 NC_005125.gbk
251 48.5 4498300 4497968 genome.dna 4116904 4116553 NC_005125.gbk
376 58.7 4498593 4498315 genome.dna 959857 960136 NC_005125.gbk
962 52.7 4499431 4498610 genome.dna 959006 959849 NC_005125.gbk
189 35.6 4499751 4499449 genome.dna 87624 87927 NC_005125.gbk
455 44.1 4500353 4499748 genome.dna 86986 87628 NC_005125.gbk
700 53.9 4500993 4500364 genome.dna 86306 86954 NC_005125.gbk
440 59.8 4501337 4501026 genome.dna 4123409 4123724 NC_005125.gbk
2752 58.5 4505956 4503842 genome.dna 4119973 4122097 NC_005125.gbk
545 53.8 4506523 4506053 genome.dna 4119394 4119865 NC_005125.gbk
638 74.8 4506994 4506620 genome.dna 4118960 4119368 NC_005125.gbk
1155 45.2 4522627 4520816 genome.dna 1434691 1436596 NC_005125.gbk
1025 43.1 4531124 4529898 genome.dna 581850 583065 NC_005125.gbk
701 54.5 4531820 4531245 genome.dna 935008 935587 NC_005125.gbk
1008 47.9 4557783 4556779 genome.dna 3208535 3209546 NC_005125.gbk
268 31.2 4558484 4557780 genome.dna 262379 261710 NC_005125.gbk
693 51.5 4559154 4558477 genome.dna 3745721 3745019 NC_005125.gbk
303 35.6 4560090 4559278 genome.dna 2869065 2870001 NC_005125.gbk
894 43.4 4562421 4561336 genome.dna 2672545 2673631 NC_005125.gbk
683 30.6 4567199 4569754 genome.dna 155005 157126 NC_005125.gbk
605 43.5 4579442 4578723 genome.dna 2831235 2831973 NC_005125.gbk
2111 49.3 4597892 4600225 genome.dna 4344132 4346301 NC_005125.gbk
2798 43.5 4612485 4609363 genome.dna 4191021 4194174 NC_005125.gbk
2753 50.6 4632742 4630295 genome.dna 1068191 1070762 NC_005125.gbk
678 37.0 4634257 4632818 genome.dna 987872 989249 NC_005125.gbk
659 34.8 4635563 4634286 genome.dna 4482655 4481368 NC_005125.gbk
2539 52.3 4639754 4637577 genome.dna 1397515 1399717 NC_005125.gbk
827 54.1 4651246 4650551 genome.dna 1942000 1942699 NC_005125.gbk
1790 47.7 4664050 4662224 genome.dna 2789999 2787758 NC_005125.gbk
967 37.8 4672431 4670269 genome.dna 2554865 2557247 NC_005125.gbk
402 30.7 4674165 4673230 genome.dna 2606999 2607869 NC_005125.gbk
664 37.6 4675687 4674863 genome.dna 871878 871026 NC_005125.gbk
941 52.1 4680620 4681561 genome.dna 3421124 3422111 NC_005125.gbk
797 32.8 4690836 4689472 genome.dna 43041 44337 NC_005125.gbk
417 31.8 4695646 4694897 genome.dna 702657 701931 NC_005125.gbk
1310 54.7 4702353 4701286 genome.dna 501286 502369 NC_005125.gbk
639 51.9 4704862 4703738 genome.dna 747150 748320 NC_005125.gbk
373 50.5 4709479 4709153 genome.dna 931580 931247 NC_005125.gbk
680 38.4 4721531 4720644 genome.dna 2706359 2707310 NC_005125.gbk
559 39.3 4729969 4728119 genome.dna 3377265 3375582 NC_005125.gbk
625 35.9 4730969 4730043 genome.dna 1303340 1302380 NC_005125.gbk
1252 48.0 4733613 4735139 genome.dna 508788 510327 NC_005125.gbk
238 47.6 4770684 4770469 genome.dna 4646676 4646901 NC_005125.gbk
1300 35.8 4770998 4773196 genome.dna 26275 23845 NC_005125.gbk
255 35.8 4780345 4781184 genome.dna 976 1792 NC_005125.gbk
1472 51.1 4781238 4782749 genome.dna 1858574 1857080 NC_005125.gbk
568 40.7 4782875 4783885 genome.dna 3547619 3548660 NC_005125.gbk
422 40.5 4786326 4787093 genome.dna 1115708 1114985 NC_005125.gbk
609 37.3 4788410 4787304 genome.dna 1792897 1793947 NC_005125.gbk
1078 51.9 4789295 4788411 genome.dna 1793943 1794798 NC_005125.gbk
355 32.3 4816065 4815202 genome.dna 1935290 1936076 NC_005125.gbk
365 41.7 4834867 4834403 genome.dna 746124 745635 NC_005125.gbk
816 54.1 4859998 4859297 genome.dna 3095648 3096368 NC_005125.gbk
773 50.4 4860774 4860004 genome.dna 2442187 2442949 NC_005125.gbk
458 42.5 4862045 4860771 genome.dna 2850774 2851884 NC_005125.gbk
613 40.4 4862968 4862042 genome.dna 1316820 1317990 NC_005125.gbk
689 33.5 4864237 4863125 genome.dna 2515232 2516336 NC_005125.gbk
594 46.2 4867996 4867325 genome.dna 701932 701203 NC_005125.gbk
707 32.1 4911222 4909444 genome.dna 726639 724902 NC_005125.gbk
487 31.7 4914105 4915127 genome.dna 383158 384193 NC_005125.gbk
410 30.3 4949991 4951133 genome.dna 4479459 4478391 NC_005125.gbk
310 33.3 4956801 4956184 genome.dna 4493746 4493080 NC_005125.gbk
310 33.3 4956801 4956184 genome.dna 4493746 4493080 NC_005125.gbk
421 36.3 4969043 4968228 genome.dna 888618 889470 NC_005125.gbk
917 36.8 4985096 4983699 genome.dna 1585087 1583758 NC_005125.gbk
154 54.5 4985770 4985910 genome.dna 1585348 1585483 NC_005125.gbk
965 38.0 4988276 4989640 genome.dna 2607895 2609257 NC_005125.gbk
748 30.7 5001994 5003496 genome.dna 3004458 3002868 NC_005125.gbk
706 42.2 5019301 5018414 genome.dna 475369 476257 NC_005125.gbk
836 42.8 5020260 5019301 genome.dna 474385 475363 NC_005125.gbk
968 45.4 5021463 5020423 genome.dna 473306 474350 NC_005125.gbk
939 43.1 5026700 5027902 genome.dna 2756048 2757236 NC_005125.gbk
1601 45.7 5049054 5047222 genome.dna 2373207 2371377 NC_005125.gbk
1064 38.9 5050610 5049240 genome.dna 470885 472256 NC_005125.gbk
214 32.8 5053946 5053527 genome.dna 2719770 2719371 NC_005125.gbk
2078 68.5 5055348 5053966 genome.dna 2722612 2721175 NC_005125.gbk
280 37.3 5056259 5055396 genome.dna 4548061 4549006 NC_005125.gbk
1538 57.4 5057853 5056312 genome.dna 3102930 3101388 NC_005125.gbk
170 30.1 5058884 5058414 genome.dna 3104559 3104034 NC_005125.gbk
143 31.2 5059187 5058948 genome.dna 3104830 3104581 NC_005125.gbk
1868 48.5 5063659 5061770 genome.dna 933880 931909 NC_005125.gbk
