256 31.9 1026 565 genome.dna 602199 601755 NC_005085.gbk
2402 56.1 5629 7497 genome.dna 613574 611708 NC_005085.gbk
1176 44.7 9017 7668 genome.dna 919172 920519 NC_005085.gbk
982 66.1 9676 9014 genome.dna 918513 919176 NC_005085.gbk
400 46.8 10521 10940 genome.dna 3297110 3296711 NC_005085.gbk
1570 49.5 10948 12453 genome.dna 3296701 3295192 NC_005085.gbk
1058 55.0 12461 13429 genome.dna 3295196 3294257 NC_005085.gbk
917 51.6 13455 14342 genome.dna 3294198 3293262 NC_005085.gbk
588 41.1 14538 15464 genome.dna 3297997 3297106 NC_005085.gbk
574 33.8 15468 16463 genome.dna 3329074 3328087 NC_005085.gbk
431 41.8 22684 22163 genome.dna 2725312 2724817 NC_005085.gbk
498 43.7 23264 22674 genome.dna 1761116 1760519 NC_005085.gbk
1010 47.2 23805 24800 genome.dna 1045439 1046429 NC_005085.gbk
2958 52.6 25826 28615 genome.dna 802573 805360 NC_005085.gbk
576 48.2 29669 29034 genome.dna 4729261 4728640 NC_005085.gbk
1405 48.0 30749 32122 genome.dna 3945060 3946467 NC_005085.gbk
1845 60.7 33859 32447 genome.dna 3900167 3901580 NC_005085.gbk
900 45.0 34917 33868 genome.dna 3899081 3900140 NC_005085.gbk
2259 69.3 36667 35258 genome.dna 3896940 3898359 NC_005085.gbk
2516 62.0 37037 38860 genome.dna 2594931 2596749 NC_005085.gbk
387 45.2 39698 40135 genome.dna 1316510 1316963 NC_005085.gbk
2231 52.9 47188 45107 genome.dna 966585 968634 NC_005085.gbk
2264 49.7 49985 47886 genome.dna 4067965 4065808 NC_005085.gbk
668 51.7 50956 50333 genome.dna 4068908 4068275 NC_005085.gbk
704 32.2 57964 56357 genome.dna 127632 126090 NC_005085.gbk
1308 52.2 59253 58054 genome.dna 2696338 2695162 NC_005085.gbk
1120 53.5 59530 61035 genome.dna 970285 968830 NC_005085.gbk
643 49.2 68440 67694 genome.dna 477908 477131 NC_005085.gbk
2233 50.7 70479 68437 genome.dna 903383 905423 NC_005085.gbk
875 47.3 76671 77513 genome.dna 2530818 2529969 NC_005085.gbk
612 39.5 81584 80829 genome.dna 2845720 2846464 NC_005085.gbk
536 35.3 83347 82475 genome.dna 2091428 2092328 NC_005085.gbk
716 54.9 97287 96724 genome.dna 2118576 2118006 NC_005085.gbk
739 48.1 97589 98332 genome.dna 528598 529408 NC_005085.gbk
1506 74.6 98527 99441 genome.dna 1792431 1793352 NC_005085.gbk
2025 46.7 99451 101520 genome.dna 1793854 1795915 NC_005085.gbk
559 42.7 110262 109636 genome.dna 2696449 2697028 NC_005085.gbk
712 46.3 111355 110522 genome.dna 1759697 1760510 NC_005085.gbk
2416 68.6 111626 113161 genome.dna 408731 410237 NC_005085.gbk
1113 54.7 129082 130098 genome.dna 2631464 2632436 NC_005085.gbk
1025 46.9 130095 131123 genome.dna 2632432 2633443 NC_005085.gbk
1567 57.8 131919 133205 genome.dna 2634238 2635528 NC_005085.gbk
599 48.1 133202 133855 genome.dna 2635524 2636148 NC_005085.gbk
1093 46.9 134972 136117 genome.dna 2637229 2638303 NC_005085.gbk
963 50.8 150391 148811 genome.dna 139761 141261 NC_005085.gbk
760 43.8 151546 150683 genome.dna 4154773 4155640 NC_005085.gbk
900 50.2 153705 152758 genome.dna 4377986 4378922 NC_005085.gbk
1661 48.9 161014 159155 genome.dna 2156851 2158561 NC_005085.gbk
1019 67.4 162282 162998 genome.dna 4152776 4152059 NC_005085.gbk
881 61.0 163345 163986 genome.dna 4584953 4585598 NC_005085.gbk
695 68.2 165569 165111 genome.dna 3356810 3357263 NC_005085.gbk
1066 45.8 166824 165547 genome.dna 3355575 3356757 NC_005085.gbk
690 48.9 166978 167643 genome.dna 3355413 3354738 NC_005085.gbk
349 68.4 167881 168117 genome.dna 3752126 3751892 NC_005085.gbk
274 80.4 168129 168296 genome.dna 3751858 3751702 NC_005085.gbk
991 56.7 168516 169325 genome.dna 4392629 4393442 NC_005085.gbk
398 37.8 170854 170375 genome.dna 1149542 1150037 NC_005085.gbk
914 40.0 172168 170891 genome.dna 235426 234151 NC_005085.gbk
582 38.4 174074 173307 genome.dna 236890 237649 NC_005085.gbk
723 34.0 180546 179476 genome.dna 849790 848716 NC_005085.gbk
730 41.5 184524 183541 genome.dna 236382 235422 NC_005085.gbk
791 50.0 185588 184521 genome.dna 2279807 2278769 NC_005085.gbk
896 53.2 186544 185612 genome.dna 3317287 3316285 NC_005085.gbk
1702 63.9 186786 187982 genome.dna 1787070 1788270 NC_005085.gbk
1832 77.1 187993 189078 genome.dna 1788322 1789348 NC_005085.gbk
530 54.8 192299 192775 genome.dna 1181079 1181532 NC_005085.gbk
918 44.4 192775 193791 genome.dna 1181993 1182998 NC_005085.gbk
994 55.8 193935 194756 genome.dna 49236 50019 NC_005085.gbk
812 42.3 199675 198740 genome.dna 3910040 3909113 NC_005085.gbk
2775 56.7 199780 202044 genome.dna 3910139 3912422 NC_005085.gbk
1084 59.2 207484 206657 genome.dna 3486975 3487821 NC_005085.gbk
922 34.0 212248 209609 genome.dna 60977 63674 NC_005085.gbk
544 36.4 217581 216430 genome.dna 2561021 2562185 NC_005085.gbk
730 39.0 217784 218788 genome.dna 3995387 3994358 NC_005085.gbk
1363 47.7 219661 221034 genome.dna 129132 127752 NC_005085.gbk
1110 40.4 221269 222798 genome.dna 2661882 2660400 NC_005085.gbk
1011 62.6 222967 223722 genome.dna 1025758 1026547 NC_005085.gbk
1770 53.1 224355 225995 genome.dna 1027159 1028686 NC_005085.gbk
187 41.9 226078 226338 genome.dna 654865 655072 NC_005085.gbk
894 52.7 226939 227694 genome.dna 655608 656352 NC_005085.gbk
1476 66.5 228573 229595 genome.dna 1785638 1786646 NC_005085.gbk
2519 71.3 230345 231841 genome.dna 4445767 4447243 NC_005085.gbk
315 35.7 237567 238178 genome.dna 3206220 3205629 NC_005085.gbk
881 44.4 245968 247005 genome.dna 1716452 1715426 NC_005085.gbk
629 37.0 247002 247961 genome.dna 514978 515923 NC_005085.gbk
2148 81.1 250357 251541 genome.dna 4516736 4515545 NC_005085.gbk
2148 81.1 250357 251541 genome.dna 4533329 4532138 NC_005085.gbk
770 61.5 252164 252709 genome.dna 4531632 4531098 NC_005085.gbk
673 71.6 252872 253300 genome.dna 4530998 4530566 NC_005085.gbk
1038 67.5 253304 254008 genome.dna 4530565 4529869 NC_005085.gbk
462 47.0 254326 254823 genome.dna 4529529 4529034 NC_005085.gbk
451 65.0 254890 255255 genome.dna 4528998 4528626 NC_005085.gbk
2814 63.8 255584 259612 genome.dna 4528472 4524299 NC_005085.gbk
6210 67.8 259736 263959 genome.dna 4524242 4520051 NC_005085.gbk
702 49.4 269828 269043 genome.dna 4065554 4064759 NC_005085.gbk
846 54.4 270806 270027 genome.dna 4592139 4591377 NC_005085.gbk
228 37.4 271449 270808 genome.dna 165438 164814 NC_005085.gbk
2590 70.6 273440 271446 genome.dna 243271 245170 NC_005085.gbk
642 42.7 274385 275167 genome.dna 3182300 3183098 NC_005085.gbk
1421 65.0 275283 276347 genome.dna 1175574 1176570 NC_005085.gbk
1740 62.1 280242 278956 genome.dna 585720 586998 NC_005085.gbk
2009 61.0 281849 280260 genome.dna 584012 585590 NC_005085.gbk
992 67.1 292998 292333 genome.dna 3261163 3260482 NC_005085.gbk
1016 60.8 293855 293088 genome.dna 3261942 3261177 NC_005085.gbk
1229 59.0 301263 300298 genome.dna 582494 583553 NC_005085.gbk
901 46.0 303420 302533 genome.dna 1021678 1020781 NC_005085.gbk
2154 70.5 306633 305290 genome.dna 1023033 1021677 NC_005085.gbk
644 65.6 307112 306645 genome.dna 1023612 1023156 NC_005085.gbk
616 66.2 307589 307137 genome.dna 1024118 1023647 NC_005085.gbk
440 41.4 308443 307844 genome.dna 814144 814762 NC_005085.gbk
1103 54.8 309481 308480 genome.dna 813227 814145 NC_005085.gbk
1615 71.6 313270 314313 genome.dna 4697800 4698844 NC_005085.gbk
593 34.8 314487 315470 genome.dna 4698905 4699814 NC_005085.gbk
270 31.5 315467 315955 genome.dna 4699820 4700324 NC_005085.gbk
543 48.9 315964 316557 genome.dna 135923 136520 NC_005085.gbk
1684 50.6 316547 318016 genome.dna 136534 138031 NC_005085.gbk
1828 59.2 321945 323390 genome.dna 2288696 2290139 NC_005085.gbk
712 40.9 326310 327275 genome.dna 3102433 3103309 NC_005085.gbk
455 47.6 331519 330968 genome.dna 3482364 3482907 NC_005085.gbk
1415 53.0 331816 333156 genome.dna 3482245 3480937 NC_005085.gbk
378 48.1 333638 333228 genome.dna 2687282 2687687 NC_005085.gbk
207 38.6 334075 333803 genome.dna 840970 841240 NC_005085.gbk
811 46.7 334964 334107 genome.dna 3633419 3634262 NC_005085.gbk
324 36.1 335599 335126 genome.dna 3632028 3632490 NC_005085.gbk
280 40.0 335983 335696 genome.dna 3631573 3631906 NC_005085.gbk
1022 43.5 337440 336007 genome.dna 3630105 3631506 NC_005085.gbk
952 59.2 338215 337490 genome.dna 3629373 3630102 NC_005085.gbk
288 35.6 338791 338219 genome.dna 3628816 3629377 NC_005085.gbk
523 47.9 339901 339335 genome.dna 3627736 3628261 NC_005085.gbk
1078 52.6 340994 339921 genome.dna 3626754 3627690 NC_005085.gbk
1065 60.0 342391 343203 genome.dna 466645 465826 NC_005085.gbk
939 58.8 343211 343993 genome.dna 465822 465048 NC_005085.gbk
438 45.0 343998 344564 genome.dna 465037 464569 NC_005085.gbk
117 32.1 345220 345510 genome.dna 463863 463575 NC_005085.gbk
155 33.8 345645 345899 genome.dna 458857 459103 NC_005085.gbk
1682 63.7 345980 347242 genome.dna 459113 460367 NC_005085.gbk
779 35.8 349956 348586 genome.dna 2248801 2250214 NC_005085.gbk
916 43.3 350815 351966 genome.dna 3300211 3299047 NC_005085.gbk
656 67.6 352201 352629 genome.dna 3996355 3995926 NC_005085.gbk
557 63.1 352645 353037 genome.dna 3995911 3995518 NC_005085.gbk
600 46.0 353367 354008 genome.dna 4332342 4331739 NC_005085.gbk
327 41.6 354014 354517 genome.dna 4331730 4331301 NC_005085.gbk
452 34.1 355354 354581 genome.dna 722018 721235 NC_005085.gbk
1901 59.9 357036 355618 genome.dna 4364766 4363335 NC_005085.gbk
5658 58.1 361542 357046 genome.dna 4369266 4364817 NC_005085.gbk
1182 56.4 362158 363087 genome.dna 812222 813143 NC_005085.gbk
454 37.4 366712 367449 genome.dna 3895220 3894533 NC_005085.gbk
422 42.6 369528 368956 genome.dna 685182 685770 NC_005085.gbk
615 49.2 370130 369540 genome.dna 684590 685181 NC_005085.gbk
814 47.3 372605 373492 genome.dna 683073 682176 NC_005085.gbk
581 38.3 374918 375703 genome.dna 3858749 3859529 NC_005085.gbk
665 42.7 376932 375772 genome.dna 1634664 1635801 NC_005085.gbk
441 33.3 380920 381747 genome.dna 863567 864302 NC_005085.gbk
453 42.5 381747 382328 genome.dna 223304 223886 NC_005085.gbk
1537 51.6 382412 384307 genome.dna 1164621 1166589 NC_005085.gbk
792 43.9 384350 385246 genome.dna 726326 725450 NC_005085.gbk
307 55.7 389318 389004 genome.dna 2502475 2502769 NC_005085.gbk
398 32.0 397546 398283 genome.dna 593255 593990 NC_005085.gbk
591 37.5 399153 398326 genome.dna 727670 728474 NC_005085.gbk
981 55.7 401330 400590 genome.dna 3794114 3794855 NC_005085.gbk
690 38.1 406489 405197 genome.dna 950975 949646 NC_005085.gbk
788 39.1 411561 410542 genome.dna 3293064 3292104 NC_005085.gbk
462 45.8 424707 424243 genome.dna 2599767 2600271 NC_005085.gbk
2739 58.5 426927 424789 genome.dna 2597621 2599760 NC_005085.gbk
310 42.3 431880 431494 genome.dna 962303 962684 NC_005085.gbk
589 62.0 432443 431979 genome.dna 387045 387504 NC_005085.gbk
1333 65.2 433394 432459 genome.dna 386112 387021 NC_005085.gbk
1409 64.0 435364 434357 genome.dna 4077444 4076433 NC_005085.gbk
1068 37.3 442927 444705 genome.dna 3148160 3146471 NC_005085.gbk
587 50.0 452937 452395 genome.dna 2608598 2609228 NC_005085.gbk
2977 52.5 460910 458055 genome.dna 2886109 2883289 NC_005085.gbk
153 30.3 461372 460923 genome.dna 3192652 3192226 NC_005085.gbk
1967 55.3 463248 461737 genome.dna 3194204 3192638 NC_005085.gbk
660 31.1 464646 465722 genome.dna 3195518 3196595 NC_005085.gbk
1723 58.1 485144 483705 genome.dna 4453511 4452107 NC_005085.gbk
1064 47.8 493897 494994 genome.dna 1811672 1812956 NC_005085.gbk
3600 61.1 500272 497561 genome.dna 3384541 3387286 NC_005085.gbk
397 39.1 517457 517939 genome.dna 1001032 1001578 NC_005085.gbk
673 34.7 518034 519071 genome.dna 834045 833052 NC_005085.gbk
740 39.3 523994 522816 genome.dna 3409061 3407891 NC_005085.gbk
1277 45.6 525365 524040 genome.dna 3410362 3409066 NC_005085.gbk
335 35.3 526894 527520 genome.dna 526871 527483 NC_005085.gbk
1683 56.6 530287 528905 genome.dna 3252714 3251352 NC_005085.gbk
2248 62.3 533382 534971 genome.dna 2569429 2567818 NC_005085.gbk
588 41.2 536846 537643 genome.dna 659378 658589 NC_005085.gbk
560 37.5 537938 539215 genome.dna 2225615 2224313 NC_005085.gbk
505 39.4 539365 540081 genome.dna 2864376 2863662 NC_005085.gbk
1319 50.5 543754 544950 genome.dna 1584162 1582983 NC_005085.gbk
2231 62.6 544947 546572 genome.dna 1582987 1581379 NC_005085.gbk
1112 54.4 546583 547458 genome.dna 1581374 1580495 NC_005085.gbk
1052 63.2 550604 551389 genome.dna 1580493 1579728 NC_005085.gbk
279 36.8 566365 566808 genome.dna 2000960 2000525 NC_005085.gbk
293 31.2 566824 567396 genome.dna 2000524 1999951 NC_005085.gbk
1267 55.2 567396 568499 genome.dna 1999950 1998864 NC_005085.gbk
1407 72.8 568499 569425 genome.dna 1998872 1998029 NC_005085.gbk
1015 61.3 569422 570210 genome.dna 1998033 1997259 NC_005085.gbk
796 51.3 570232 570948 genome.dna 1997255 1996547 NC_005085.gbk
987 44.9 570938 572074 genome.dna 1996551 1995414 NC_005085.gbk
443 48.0 572077 572643 genome.dna 2002517 2003075 NC_005085.gbk
506 47.4 684912 685403 genome.dna 738387 738945 NC_005085.gbk
952 37.9 692651 690918 genome.dna 2541402 2539611 NC_005085.gbk
1180 43.6 694412 693111 genome.dna 3936536 3935225 NC_005085.gbk
244 35.2 696469 696939 genome.dna 4587705 4588146 NC_005085.gbk
367 59.4 697176 697469 genome.dna 4341937 4341649 NC_005085.gbk
2615 74.7 697515 699164 genome.dna 4341602 4339961 NC_005085.gbk
318 46.0 703585 703950 genome.dna 4608451 4608070 NC_005085.gbk
660 39.8 706802 707698 genome.dna 3930699 3929799 NC_005085.gbk
215 31.0 710564 710259 genome.dna 3762799 3763114 NC_005085.gbk
834 42.5 726542 725589 genome.dna 3396803 3395804 NC_005085.gbk
2441 65.5 731182 729131 genome.dna 177889 179911 NC_005085.gbk
2281 59.5 753122 751287 genome.dna 4061936 4060004 NC_005085.gbk
1431 41.9 755031 753277 genome.dna 4063810 4062013 NC_005085.gbk
296 64.8 755400 755185 genome.dna 4064597 4064384 NC_005085.gbk
1359 58.8 755628 756641 genome.dna 2992414 2993440 NC_005085.gbk
1158 57.1 761351 760380 genome.dna 879798 878868 NC_005085.gbk
360 47.1 761608 761919 genome.dna 880033 880345 NC_005085.gbk
395 71.1 761939 762196 genome.dna 880357 880633 NC_005085.gbk
1289 57.3 763509 764681 genome.dna 880762 881923 NC_005085.gbk
608 61.6 766454 766933 genome.dna 4098286 4097809 NC_005085.gbk
736 53.7 767499 768128 genome.dna 4096795 4096177 NC_005085.gbk
2598 61.2 768185 770122 genome.dna 4096096 4094176 NC_005085.gbk
847 50.9 770241 771074 genome.dna 4094076 4093239 NC_005085.gbk
1707 57.4 771082 772419 genome.dna 4093152 4091814 NC_005085.gbk
269 43.1 772670 773002 genome.dna 975235 975592 NC_005085.gbk
376 47.3 775618 775163 genome.dna 751097 750656 NC_005085.gbk
278 35.5 777307 777729 genome.dna 1548997 1549423 NC_005085.gbk
1464 50.3 777751 779280 genome.dna 1549475 1550954 NC_005085.gbk
2611 48.2 779306 782008 genome.dna 1550993 1553888 NC_005085.gbk
325 37.5 782083 782481 genome.dna 1554058 1554475 NC_005085.gbk
816 46.5 782481 783425 genome.dna 1554471 1555392 NC_005085.gbk
351 59.6 783547 783816 genome.dna 1555484 1555754 NC_005085.gbk
2809 61.1 784066 786186 genome.dna 1555924 1558093 NC_005085.gbk
731 38.9 791451 790573 genome.dna 4422353 4423277 NC_005085.gbk
1296 56.4 792458 791463 genome.dna 4421315 4422332 NC_005085.gbk
1091 66.0 794943 795722 genome.dna 4000978 4000210 NC_005085.gbk
1856 62.8 795852 797180 genome.dna 4000098 3998772 NC_005085.gbk
1917 70.1 797270 798493 genome.dna 3998757 3997539 NC_005085.gbk
977 62.0 798538 799257 genome.dna 3997445 3996734 NC_005085.gbk
307 36.1 803045 802602 genome.dna 3750275 3750719 NC_005085.gbk
1359 62.7 805628 804636 genome.dna 1196463 1197453 NC_005085.gbk
905 46.3 805742 806647 genome.dna 2930801 2929892 NC_005085.gbk
1034 42.7 812414 811260 genome.dna 2958419 2957285 NC_005085.gbk
1129 56.4 812975 814090 genome.dna 3728117 3727028 NC_005085.gbk
504 59.8 814149 814541 genome.dna 3726972 3726585 NC_005085.gbk
3977 61.9 814656 817529 genome.dna 3726493 3723640 NC_005085.gbk
475 70.9 818163 817798 genome.dna 2349345 2349021 NC_005085.gbk
1019 65.6 818265 819005 genome.dna 2349465 2350218 NC_005085.gbk
654 51.6 829810 829202 genome.dna 2692694 2692118 NC_005085.gbk
553 42.5 830229 830876 genome.dna 3641305 3640687 NC_005085.gbk
148 31.0 832337 832603 genome.dna 1115073 1115322 NC_005085.gbk
1086 60.0 839867 840766 genome.dna 3973031 3972143 NC_005085.gbk
1628 49.2 841615 843360 genome.dna 2664253 2662564 NC_005085.gbk
1978 59.2 844582 846099 genome.dna 1108422 1106913 NC_005085.gbk
379 30.8 852633 851563 genome.dna 1501562 1500563 NC_005085.gbk
1256 40.3 883680 885470 genome.dna 483712 485296 NC_005085.gbk
576 41.1 885470 886228 genome.dna 485292 486027 NC_005085.gbk
2506 70.0 894744 893086 genome.dna 3571314 3572994 NC_005085.gbk
1941 65.6 909308 910588 genome.dna 2105468 2104190 NC_005085.gbk
385 34.9 912721 911924 genome.dna 2287878 2288688 NC_005085.gbk
359 37.1 913279 912743 genome.dna 3327540 3328086 NC_005085.gbk
672 60.3 918246 918758 genome.dna 3440705 3441203 NC_005085.gbk
544 39.4 919428 918802 genome.dna 197696 197066 NC_005085.gbk
527 52.4 927840 927358 genome.dna 3758635 3759091 NC_005085.gbk
371 38.0 927996 928442 genome.dna 3758480 3757997 NC_005085.gbk
279 47.8 928432 928713 genome.dna 3758005 3757702 NC_005085.gbk
222 35.5 929286 928951 genome.dna 1952245 1951861 NC_005085.gbk
1409 42.1 931102 929441 genome.dna 2513429 2511758 NC_005085.gbk
748 40.8 932060 931182 genome.dna 2514324 2513448 NC_005085.gbk
397 42.5 932209 932796 genome.dna 1778603 1779170 NC_005085.gbk
854 39.4 933233 934465 genome.dna 616265 617570 NC_005085.gbk
665 56.0 937554 938135 genome.dna 1474834 1474237 NC_005085.gbk
588 34.4 939859 940740 genome.dna 270382 269512 NC_005085.gbk
3023 67.2 955638 953644 genome.dna 202507 200518 NC_005085.gbk
818 33.0 957805 959187 genome.dna 1280342 1281638 NC_005085.gbk
3877 76.2 964883 967162 genome.dna 949491 947205 NC_005085.gbk
564 59.7 969365 968913 genome.dna 1923222 1923666 NC_005085.gbk
1650 76.7 970301 969369 genome.dna 777543 776634 NC_005085.gbk
1111 59.3 987143 988024 genome.dna 3302721 3301830 NC_005085.gbk
2296 55.7 990019 988067 genome.dna 2928573 2926638 NC_005085.gbk
641 38.1 991219 990023 genome.dna 2929805 2928569 NC_005085.gbk
1042 56.9 997695 996727 genome.dna 3868571 3867638 NC_005085.gbk
216 38.5 1001658 1001365 genome.dna 4329202 4328914 NC_005085.gbk
746 59.3 1002298 1002951 genome.dna 4551281 4551914 NC_005085.gbk
624 30.1 1010351 1008708 genome.dna 3771331 3769804 NC_005085.gbk
808 46.7 1011678 1010800 genome.dna 2904421 2905294 NC_005085.gbk
498 48.6 1011943 1012413 genome.dna 2904332 2903882 NC_005085.gbk
596 34.0 1013309 1014424 genome.dna 405511 406570 NC_005085.gbk
795 56.3 1014421 1015077 genome.dna 3480941 3480293 NC_005085.gbk
1408 53.3 1034717 1033383 genome.dna 1850815 1852030 NC_005085.gbk
640 32.9 1037887 1035647 genome.dna 3467746 3470098 NC_005085.gbk
285 37.3 1045784 1045371 genome.dna 1494011 1494437 NC_005085.gbk
1029 30.6 1057300 1054808 genome.dna 1363195 1365751 NC_005085.gbk
753 45.4 1063174 1062410 genome.dna 2744325 2743560 NC_005085.gbk
393 45.6 1066357 1065851 genome.dna 3787349 3787877 NC_005085.gbk
323 35.5 1067553 1068080 genome.dna 389466 388941 NC_005085.gbk
1232 34.6 1076168 1078321 genome.dna 4371547 4373806 NC_005085.gbk
289 48.4 1085958 1085686 genome.dna 3652392 3652701 NC_005085.gbk
1145 45.8 1087061 1085955 genome.dna 4004541 4003497 NC_005085.gbk
846 55.3 1087227 1087946 genome.dna 4083147 4083828 NC_005085.gbk
641 55.6 1096541 1097074 genome.dna 1163982 1164507 NC_005085.gbk
958 49.3 1099537 1100406 genome.dna 1342745 1341893 NC_005085.gbk
1332 70.5 1100443 1101237 genome.dna 1072636 1073431 NC_005085.gbk
1084 35.4 1103446 1106844 genome.dna 4416709 4413511 NC_005085.gbk
1745 36.2 1109886 1113512 genome.dna 4413515 4409924 NC_005085.gbk
820 43.9 1113509 1115371 genome.dna 4407643 4405945 NC_005085.gbk
1412 49.4 1119387 1118062 genome.dna 3651022 3652330 NC_005085.gbk
1647 63.6 1119665 1120909 genome.dna 4120641 4121847 NC_005085.gbk
336 32.1 1124589 1123897 genome.dna 2954671 2954029 NC_005085.gbk
1142 47.6 1125945 1124593 genome.dna 2293013 2294192 NC_005085.gbk
826 48.4 1134065 1134883 genome.dna 4654043 4654820 NC_005085.gbk
703 40.9 1137533 1138456 genome.dna 55909 54988 NC_005085.gbk
949 54.1 1143476 1142628 genome.dna 4048203 4049043 NC_005085.gbk
833 51.5 1147729 1148514 genome.dna 2531580 2530830 NC_005085.gbk
1343 73.4 1150402 1149575 genome.dna 467828 467006 NC_005085.gbk
1899 38.9 1153145 1150431 genome.dna 3196596 3199167 NC_005085.gbk
985 55.1 1154052 1153258 genome.dna 2581014 2580216 NC_005085.gbk
894 56.0 1154397 1155122 genome.dna 2367433 2368165 NC_005085.gbk
808 50.2 1155257 1156108 genome.dna 2368238 2369105 NC_005085.gbk
875 54.5 1156279 1157004 genome.dna 2369196 2369916 NC_005085.gbk
719 58.6 1157130 1157687 genome.dna 2369991 2370549 NC_005085.gbk
1347 55.4 1157925 1159121 genome.dna 2372141 2373326 NC_005085.gbk
807 54.8 1159320 1160081 genome.dna 2370558 2371314 NC_005085.gbk
431 36.4 1160091 1160948 genome.dna 2371318 2372125 NC_005085.gbk
1109 41.6 1160970 1162325 genome.dna 2373319 2374663 NC_005085.gbk
1263 39.1 1162361 1164805 genome.dna 2374672 2376988 NC_005085.gbk
856 41.3 1165447 1166469 genome.dna 2377543 2378590 NC_005085.gbk
558 54.9 1166572 1167027 genome.dna 2378582 2379035 NC_005085.gbk
937 55.5 1167032 1167820 genome.dna 2379037 2379814 NC_005085.gbk
1097 45.3 1167824 1168975 genome.dna 2379830 2380991 NC_005085.gbk
717 61.3 1168997 1169593 genome.dna 2380981 2381578 NC_005085.gbk
2523 48.2 1169670 1173152 genome.dna 943525 940090 NC_005085.gbk
1378 66.2 1173165 1174124 genome.dna 3472609 3471643 NC_005085.gbk
475 54.3 1174256 1174645 genome.dna 2218731 2218332 NC_005085.gbk
765 36.3 1174650 1175972 genome.dna 3471642 3470334 NC_005085.gbk
602 53.0 1176745 1177299 genome.dna 395868 395331 NC_005085.gbk
2919 55.1 1180703 1178139 genome.dna 3960894 3963516 NC_005085.gbk
495 38.4 1196644 1195301 genome.dna 680436 679164 NC_005085.gbk
508 65.2 1211683 1212024 genome.dna 462678 462342 NC_005085.gbk
928 47.4 1212161 1213231 genome.dna 1736037 1737078 NC_005085.gbk
887 37.1 1227164 1225995 genome.dna 1879135 1880284 NC_005085.gbk
727 38.8 1254320 1253391 genome.dna 3855645 3856641 NC_005085.gbk
930 58.3 1260789 1261478 genome.dna 602619 603309 NC_005085.gbk
988 42.0 1261506 1262828 genome.dna 603308 604616 NC_005085.gbk
1748 53.6 1267070 1268446 genome.dna 1194022 1195414 NC_005085.gbk
919 67.5 1270601 1269999 genome.dna 4038403 4037788 NC_005085.gbk
1307 59.3 1271755 1272822 genome.dna 1024390 1025413 NC_005085.gbk
1602 62.1 1272920 1274065 genome.dna 1419948 1418832 NC_005085.gbk
285 42.6 1274175 1274507 genome.dna 1418694 1418367 NC_005085.gbk
1009 44.2 1274535 1276382 genome.dna 1418302 1416454 NC_005085.gbk
786 40.1 1276393 1277361 genome.dna 1416451 1415515 NC_005085.gbk
519 51.4 1278470 1278919 genome.dna 1354804 1355263 NC_005085.gbk
801 50.5 1278982 1280091 genome.dna 1356395 1357502 NC_005085.gbk
335 39.9 1280201 1280677 genome.dna 2572152 2572620 NC_005085.gbk
353 45.5 1280702 1281121 genome.dna 2572696 2573146 NC_005085.gbk
792 45.0 1281190 1282170 genome.dna 2573214 2574162 NC_005085.gbk
455 45.9 1282175 1282681 genome.dna 2574145 2574652 NC_005085.gbk
2631 62.6 1284598 1282733 genome.dna 2914161 2916012 NC_005085.gbk
768 44.6 1285528 1284617 genome.dna 2913196 2914093 NC_005085.gbk
176 38.8 1285773 1285525 genome.dna 2912973 2913207 NC_005085.gbk
459 44.6 1289161 1289652 genome.dna 2234883 2235384 NC_005085.gbk
1168 41.9 1291078 1289714 genome.dna 2059108 2057746 NC_005085.gbk
1345 71.0 1292157 1291267 genome.dna 4321021 4320112 NC_005085.gbk
341 51.9 1292504 1292172 genome.dna 4321353 4321032 NC_005085.gbk
910 67.2 1293119 1292505 genome.dna 4321964 4321352 NC_005085.gbk
3108 66.4 1295100 1293109 genome.dna 4324022 4321979 NC_005085.gbk
1148 56.9 1296067 1295105 genome.dna 4324970 4324028 NC_005085.gbk
1012 41.4 1297979 1296492 genome.dna 809761 808483 NC_005085.gbk
1138 41.7 1299536 1300840 genome.dna 2754974 2753666 NC_005085.gbk
948 73.0 1301367 1301990 genome.dna 2753645 2753012 NC_005085.gbk
1903 70.2 1302154 1303428 genome.dna 2752996 2751715 NC_005085.gbk
3520 69.2 1303620 1306001 genome.dna 2750364 2747949 NC_005085.gbk
380 66.3 1306200 1306472 genome.dna 2747776 2747506 NC_005085.gbk
387 45.8 1309374 1309772 genome.dna 4590329 4590743 NC_005085.gbk
603 45.1 1310544 1309849 genome.dna 3807117 3807822 NC_005085.gbk
1670 46.5 1312639 1314408 genome.dna 663693 661950 NC_005085.gbk
1377 41.0 1314401 1316176 genome.dna 661940 660200 NC_005085.gbk
1117 51.2 1316909 1318201 genome.dna 4329875 4331186 NC_005085.gbk
264 41.7 1320316 1319996 genome.dna 99992 100310 NC_005085.gbk
3725 54.8 1326027 1322899 genome.dna 2427308 2430437 NC_005085.gbk
1107 50.1 1327249 1326056 genome.dna 2426144 2427305 NC_005085.gbk
548 43.2 1329655 1330212 genome.dna 4070453 4071035 NC_005085.gbk
1463 43.1 1330287 1332362 genome.dna 1737174 1739094 NC_005085.gbk
446 58.9 1332403 1332732 genome.dna 1739090 1739438 NC_005085.gbk
653 48.2 1332732 1333337 genome.dna 1739565 1740162 NC_005085.gbk
2494 59.2 1333507 1335396 genome.dna 1387792 1389745 NC_005085.gbk
967 67.3 1335658 1336302 genome.dna 3642137 3641480 NC_005085.gbk
935 44.2 1336525 1337487 genome.dna 2670293 2671388 NC_005085.gbk
2138 57.9 1339959 1341608 genome.dna 1893490 1895137 NC_005085.gbk
642 38.3 1358126 1357212 genome.dna 3207066 3208008 NC_005085.gbk
876 57.3 1363250 1362525 genome.dna 1075734 1075035 NC_005085.gbk
3520 61.2 1363499 1366138 genome.dna 2485397 2487998 NC_005085.gbk
608 39.9 1376426 1377313 genome.dna 2930933 2931692 NC_005085.gbk
395 31.0 1381835 1382692 genome.dna 1666718 1667501 NC_005085.gbk
377 37.5 1385671 1386210 genome.dna 4644905 4645436 NC_005085.gbk
623 42.1 1391405 1390635 genome.dna 2912821 2911984 NC_005085.gbk
435 40.0 1392117 1391434 genome.dna 4033280 4033877 NC_005085.gbk
1489 34.8 1392768 1395197 genome.dna 4032587 4030091 NC_005085.gbk
1199 53.8 1425057 1426040 genome.dna 1690499 1689362 NC_005085.gbk
605 48.5 1426894 1426256 genome.dna 3921188 3921830 NC_005085.gbk
1386 60.0 1427931 1426894 genome.dna 3920021 3921059 NC_005085.gbk
977 67.3 1428285 1428911 genome.dna 3926261 3926894 NC_005085.gbk
958 38.7 1429248 1430537 genome.dna 3928131 3929373 NC_005085.gbk
421 33.2 1430628 1431344 genome.dna 3919782 3919107 NC_005085.gbk
396 55.3 1431761 1431390 genome.dna 792106 791755 NC_005085.gbk
578 31.0 1433239 1431776 genome.dna 555163 556606 NC_005085.gbk
313 36.5 1433876 1433409 genome.dna 3065904 3066360 NC_005085.gbk
967 52.9 1434853 1435731 genome.dna 3886731 3887607 NC_005085.gbk
327 39.8 1445214 1444792 genome.dna 415891 415480 NC_005085.gbk
552 41.4 1446005 1445229 genome.dna 416555 415877 NC_005085.gbk
1335 54.0 1458435 1457257 genome.dna 3024657 3025836 NC_005085.gbk
1561 60.9 1466359 1465232 genome.dna 1545405 1544271 NC_005085.gbk
260 38.9 1466738 1466361 genome.dna 1545716 1545401 NC_005085.gbk
291 63.9 1468125 1468334 genome.dna 3969258 3969054 NC_005085.gbk
419 50.8 1468782 1468399 genome.dna 2111835 2111454 NC_005085.gbk
1358 62.9 1470427 1469462 genome.dna 3381648 3382596 NC_005085.gbk
682 54.9 1471338 1470655 genome.dna 3381028 3381652 NC_005085.gbk
211 38.2 1471750 1471487 genome.dna 3380742 3381012 NC_005085.gbk
1113 48.8 1475506 1474394 genome.dna 4702322 4703354 NC_005085.gbk
1643 41.6 1477420 1475516 genome.dna 4700338 4702279 NC_005085.gbk
478 46.2 1477924 1477454 genome.dna 550518 550047 NC_005085.gbk
261 35.2 1478243 1477926 genome.dna 550950 550581 NC_005085.gbk
463 38.5 1479078 1478437 genome.dna 551666 551027 NC_005085.gbk
225 30.5 1480669 1480115 genome.dna 532862 533417 NC_005085.gbk
1681 57.8 1483266 1480684 genome.dna 530162 532781 NC_005085.gbk
1226 77.4 1484840 1484115 genome.dna 130957 130222 NC_005085.gbk
677 50.2 1485514 1484840 genome.dna 131631 130962 NC_005085.gbk
922 51.6 1486258 1485518 genome.dna 132368 131627 NC_005085.gbk
1182 63.2 1487375 1486479 genome.dna 133420 132511 NC_005085.gbk
924 38.8 1489354 1487825 genome.dna 4494046 4495597 NC_005085.gbk
837 48.3 1490240 1489362 genome.dna 4493190 4494042 NC_005085.gbk
453 50.3 1490971 1490492 genome.dna 4492680 4493187 NC_005085.gbk
1028 55.8 1492026 1490968 genome.dna 4491668 4492700 NC_005085.gbk
1813 62.4 1493774 1492350 genome.dna 4489368 4490703 NC_005085.gbk
1207 46.8 1494007 1495173 genome.dna 1186852 1185670 NC_005085.gbk
487 32.7 1501778 1500630 genome.dna 593986 595108 NC_005085.gbk
2240 58.0 1504627 1506285 genome.dna 1891710 1893393 NC_005085.gbk
508 55.0 1506798 1506349 genome.dna 1952342 1952774 NC_005085.gbk
909 60.4 1515559 1514879 genome.dna 1719309 1718574 NC_005085.gbk
2421 49.7 1518297 1515565 genome.dna 1722017 1719329 NC_005085.gbk
547 50.8 1519100 1518525 genome.dna 1722644 1722023 NC_005085.gbk
3250 74.3 1521264 1519120 genome.dna 1724789 1722671 NC_005085.gbk
1538 55.6 1522968 1521280 genome.dna 1726622 1724813 NC_005085.gbk
1005 42.7 1528762 1530255 genome.dna 3777866 3776450 NC_005085.gbk
832 52.8 1530248 1530991 genome.dna 4336079 4335332 NC_005085.gbk
809 58.0 1531148 1531804 genome.dna 3453789 3454452 NC_005085.gbk
874 57.4 1532732 1533469 genome.dna 3455367 3456105 NC_005085.gbk
792 56.3 1533499 1534146 genome.dna 3457803 3458436 NC_005085.gbk
1961 68.5 1536355 1535069 genome.dna 1115355 1116663 NC_005085.gbk
267 36.2 1537007 1537396 genome.dna 1111861 1112239 NC_005085.gbk
279 36.9 1537390 1537737 genome.dna 1112232 1112577 NC_005085.gbk
2246 56.6 1537737 1539503 genome.dna 1112576 1114352 NC_005085.gbk
1108 65.5 1539520 1540236 genome.dna 1114366 1115077 NC_005085.gbk
3229 51.7 1540513 1543320 genome.dna 1116794 1119623 NC_005085.gbk
1343 52.5 1543336 1544562 genome.dna 1119675 1120905 NC_005085.gbk
1609 64.2 1544898 1546064 genome.dna 1122760 1123933 NC_005085.gbk
1458 73.6 1546064 1546936 genome.dna 1123960 1124845 NC_005085.gbk
742 53.9 1551348 1552034 genome.dna 588717 589386 NC_005085.gbk
247 33.1 1552047 1552472 genome.dna 120253 120667 NC_005085.gbk
981 37.5 1553863 1555155 genome.dna 121585 122872 NC_005085.gbk
333 38.8 1555196 1555705 genome.dna 122885 123404 NC_005085.gbk
681 37.8 1558773 1559834 genome.dna 3979473 3980391 NC_005085.gbk
680 38.3 1561588 1560626 genome.dna 3979278 3978267 NC_005085.gbk
1604 67.3 1561884 1562939 genome.dna 184593 183534 NC_005085.gbk
730 38.9 1571894 1570848 genome.dna 1471123 1470115 NC_005085.gbk
918 47.9 1584709 1585674 genome.dna 160794 161808 NC_005085.gbk
752 50.7 1591734 1591099 genome.dna 4146193 4146811 NC_005085.gbk
1540 71.7 1592635 1591727 genome.dna 4145309 4146197 NC_005085.gbk
4777 64.8 1595695 1592648 genome.dna 4142240 4145297 NC_005085.gbk
1762 56.5 1598005 1595975 genome.dna 1269786 1271856 NC_005085.gbk
1104 52.3 1598229 1599338 genome.dna 1268047 1266958 NC_005085.gbk
659 47.5 1599518 1600159 genome.dna 1134427 1133812 NC_005085.gbk
1667 53.2 1606018 1604432 genome.dna 4733394 4734978 NC_005085.gbk
702 37.7 1613498 1614457 genome.dna 4082153 4081124 NC_005085.gbk
1266 68.0 1614552 1615325 genome.dna 4202776 4202005 NC_005085.gbk
1346 53.2 1615316 1616422 genome.dna 4202009 4200962 NC_005085.gbk
2022 66.9 1616422 1617735 genome.dna 4200946 4199632 NC_005085.gbk
1347 40.2 1618722 1620518 genome.dna 4198035 4196301 NC_005085.gbk
479 32.2 1623416 1624471 genome.dna 4192368 4191387 NC_005085.gbk
1374 44.7 1631952 1633361 genome.dna 3460395 3458952 NC_005085.gbk
462 35.4 1633374 1634744 genome.dna 2346567 2345190 NC_005085.gbk
669 41.4 1635671 1634820 genome.dna 4337471 4338404 NC_005085.gbk
714 56.7 1636204 1635668 genome.dna 4339324 4339867 NC_005085.gbk
1290 65.4 1637078 1636206 genome.dna 4338400 4339294 NC_005085.gbk
158 45.7 1640325 1640573 genome.dna 800103 799830 NC_005085.gbk
1428 46.1 1647128 1648552 genome.dna 1337972 1339409 NC_005085.gbk
2043 59.6 1652381 1653892 genome.dna 1520084 1521578 NC_005085.gbk
1027 38.4 1669675 1667978 genome.dna 2074087 2075692 NC_005085.gbk
760 40.1 1670708 1669659 genome.dna 2073023 2074016 NC_005085.gbk
153 33.0 1680319 1680597 genome.dna 4490782 4491070 NC_005085.gbk
918 45.3 1735237 1734179 genome.dna 1820790 1819782 NC_005085.gbk
578 32.3 1738556 1737522 genome.dna 2010931 2011954 NC_005085.gbk
588 50.9 1758941 1759468 genome.dna 819389 818846 NC_005085.gbk
269 31.6 1764218 1764715 genome.dna 4590772 4591258 NC_005085.gbk
1135 54.8 1767252 1768205 genome.dna 1986634 1985704 NC_005085.gbk
549 33.6 1777037 1778050 genome.dna 3116339 3115349 NC_005085.gbk
722 41.7 1778057 1778830 genome.dna 3114565 3113716 NC_005085.gbk
772 47.6 1778827 1779630 genome.dna 3115347 3114561 NC_005085.gbk
1316 43.0 1782838 1781498 genome.dna 3667239 3665910 NC_005085.gbk
699 31.8 1785077 1783707 genome.dna 4239764 4241099 NC_005085.gbk
641 43.9 1818024 1817266 genome.dna 4656439 4655677 NC_005085.gbk
343 35.3 1819842 1820456 genome.dna 737760 738363 NC_005085.gbk
1446 42.1 1822700 1821054 genome.dna 2741969 2740349 NC_005085.gbk
342 37.7 1823960 1823310 genome.dna 2743157 2742575 NC_005085.gbk
779 40.2 1825190 1826161 genome.dna 3743208 3744162 NC_005085.gbk
630 46.1 1827346 1826507 genome.dna 2981828 2981123 NC_005085.gbk
699 37.7 1828749 1827745 genome.dna 3534762 3533796 NC_005085.gbk
538 37.3 1831821 1830586 genome.dna 718850 717455 NC_005085.gbk
168 30.7 1831876 1832349 genome.dna 3027584 3027137 NC_005085.gbk
1412 43.5 1839441 1837903 genome.dna 3511056 3512751 NC_005085.gbk
168 38.8 1880427 1880218 genome.dna 2326786 2326579 NC_005085.gbk
132 32.7 1915161 1914763 genome.dna 1309778 1309469 NC_005085.gbk
615 42.7 1928122 1927325 genome.dna 3179883 3179052 NC_005085.gbk
1174 60.9 1935437 1936324 genome.dna 2208188 2209043 NC_005085.gbk
1607 48.6 1937404 1939404 genome.dna 3740631 3738384 NC_005085.gbk
627 65.8 1939436 1939933 genome.dna 3738368 3737867 NC_005085.gbk
855 48.7 1942291 1943163 genome.dna 3734192 3733295 NC_005085.gbk
1224 54.6 1943163 1944215 genome.dna 3733299 3732219 NC_005085.gbk
629 72.4 1944254 1944643 genome.dna 3745194 3745590 NC_005085.gbk
609 46.3 1944653 1945297 genome.dna 3745772 3746396 NC_005085.gbk
1092 47.2 1945543 1946694 genome.dna 1072497 1071330 NC_005085.gbk
2750 60.3 1946687 1948771 genome.dna 1071324 1069239 NC_005085.gbk
383 48.6 1950974 1951390 genome.dna 3164280 3163866 NC_005085.gbk
528 63.5 1951419 1951823 genome.dna 3163862 3163451 NC_005085.gbk
819 41.6 1952589 1953806 genome.dna 3162670 3161419 NC_005085.gbk
598 38.2 1953828 1954583 genome.dna 3161401 3160660 NC_005085.gbk
900 50.4 1954611 1955393 genome.dna 3160627 3159844 NC_005085.gbk
500 41.7 1955568 1956287 genome.dna 3159802 3159118 NC_005085.gbk
1289 55.2 1956304 1957413 genome.dna 3159096 3157998 NC_005085.gbk
628 38.3 1957413 1958375 genome.dna 3157934 3157004 NC_005085.gbk
720 31.8 1958502 1960208 genome.dna 3156959 3155171 NC_005085.gbk
648 38.8 1962314 1961529 genome.dna 3412080 3411321 NC_005085.gbk
331 51.7 1962586 1962317 genome.dna 3412349 3412079 NC_005085.gbk
979 63.1 1963383 1962607 genome.dna 3413598 3412845 NC_005085.gbk
206 33.8 1963802 1963380 genome.dna 3414020 3413597 NC_005085.gbk
480 55.1 1964215 1963802 genome.dna 3414520 3414076 NC_005085.gbk
1112 48.5 1965221 1964208 genome.dna 3415521 3414516 NC_005085.gbk
287 36.4 1965712 1965227 genome.dna 3415984 3415528 NC_005085.gbk
1614 63.6 1968985 1967612 genome.dna 3419004 3417603 NC_005085.gbk
1082 51.2 1970689 1969697 genome.dna 3420836 3419837 NC_005085.gbk
1194 43.8 1972410 1970686 genome.dna 3422568 3420828 NC_005085.gbk
251 42.1 1972671 1972985 genome.dna 3422945 3422621 NC_005085.gbk
285 42.6 1974025 1973615 genome.dna 3269721 3269328 NC_005085.gbk
598 36.8 1975728 1976600 genome.dna 2686263 2687121 NC_005085.gbk
686 49.1 1986118 1986840 genome.dna 1066915 1066168 NC_005085.gbk
1237 42.8 1993342 1994814 genome.dna 2201953 2200465 NC_005085.gbk
1178 38.9 1994834 1996513 genome.dna 1370800 1369147 NC_005085.gbk
489 39.9 2012054 2011395 genome.dna 2853038 2852348 NC_005085.gbk
164 32.5 2015203 2015631 genome.dna 2559605 2560055 NC_005085.gbk
419 43.2 2016186 2015680 genome.dna 4433422 4433923 NC_005085.gbk
557 32.9 2027618 2026698 genome.dna 994589 993722 NC_005085.gbk
324 34.2 2030910 2030332 genome.dna 3568934 3568355 NC_005085.gbk
330 32.2 2031491 2030937 genome.dna 3570097 3569554 NC_005085.gbk
1330 59.4 2034173 2033130 genome.dna 4672946 4671860 NC_005085.gbk
2383 44.7 2038000 2034716 genome.dna 1975804 1978750 NC_005085.gbk
1023 53.1 2038594 2039550 genome.dna 1975280 1974341 NC_005085.gbk
497 45.8 2040198 2039605 genome.dna 3712346 3712928 NC_005085.gbk
199 32.7 2040339 2040860 genome.dna 3712247 3711725 NC_005085.gbk
240 63.0 2040877 2041047 genome.dna 3711678 3711498 NC_005085.gbk
737 43.3 2041077 2042123 genome.dna 3711442 3710404 NC_005085.gbk
1121 55.2 2042130 2043083 genome.dna 3710399 3709439 NC_005085.gbk
1072 53.9 2043101 2044030 genome.dna 3709314 3708384 NC_005085.gbk
1021 66.8 2044045 2044779 genome.dna 3708293 3707555 NC_005085.gbk
344 75.3 2044934 2045170 genome.dna 3707481 3707205 NC_005085.gbk
1653 58.9 2045253 2046494 genome.dna 3707040 3705798 NC_005085.gbk
442 34.8 2046622 2047419 genome.dna 3704373 3703560 NC_005085.gbk
773 41.3 2047434 2048453 genome.dna 4023133 4022140 NC_005085.gbk
496 42.0 2048443 2049102 genome.dna 4022144 4021505 NC_005085.gbk
801 48.4 2050132 2050929 genome.dna 4020046 4019275 NC_005085.gbk
1925 61.2 2051245 2052678 genome.dna 1014804 1013037 NC_005085.gbk
328 42.9 2055442 2055792 genome.dna 654506 654830 NC_005085.gbk
984 47.3 2057749 2058777 genome.dna 2258208 2259282 NC_005085.gbk
1186 42.8 2059718 2061022 genome.dna 1028890 1030207 NC_005085.gbk
1197 49.2 2064554 2063346 genome.dna 1008230 1007030 NC_005085.gbk
637 32.3 2066727 2065357 genome.dna 2579011 2577745 NC_005085.gbk
3649 50.8 2070405 2066956 genome.dna 1204734 1201341 NC_005085.gbk
845 59.8 2071740 2072447 genome.dna 3243056 3242363 NC_005085.gbk
941 38.1 2072444 2073691 genome.dna 3244287 3243048 NC_005085.gbk
406 42.5 2079241 2079792 genome.dna 4084355 4083875 NC_005085.gbk
2484 61.8 2083361 2081520 genome.dna 158204 156371 NC_005085.gbk
762 39.3 2084214 2085209 genome.dna 3236080 3237100 NC_005085.gbk
506 46.4 2085741 2085214 genome.dna 3237227 3237785 NC_005085.gbk
1011 38.7 2088494 2089945 genome.dna 1875462 1874025 NC_005085.gbk
539 39.8 2090762 2089965 genome.dna 1950065 1949264 NC_005085.gbk
730 41.2 2091759 2090755 genome.dna 1951023 1950057 NC_005085.gbk
839 39.4 2093620 2092571 genome.dna 4206570 4207605 NC_005085.gbk
800 45.6 2102053 2101232 genome.dna 4013101 4013923 NC_005085.gbk
3554 66.5 2102354 2104732 genome.dna 4012818 4010430 NC_005085.gbk
788 35.3 2107755 2106565 genome.dna 2539548 2538453 NC_005085.gbk
904 34.5 2121733 2120321 genome.dna 255941 254534 NC_005085.gbk
453 35.1 2158261 2157266 genome.dna 2228538 2229537 NC_005085.gbk
530 38.5 2161860 2161087 genome.dna 1632874 1632160 NC_005085.gbk
167 31.7 2166174 2166587 genome.dna 576677 577142 NC_005085.gbk
1187 41.4 2177036 2175615 genome.dna 3308896 3307438 NC_005085.gbk
505 35.7 2177765 2177046 genome.dna 3310331 3309587 NC_005085.gbk
591 32.3 2179364 2177811 genome.dna 3304499 3302864 NC_005085.gbk
1076 37.6 2181270 2179897 genome.dna 1717846 1716448 NC_005085.gbk
920 67.8 2181519 2182154 genome.dna 2569661 2570279 NC_005085.gbk
1835 69.1 2183367 2182216 genome.dna 1011816 1012971 NC_005085.gbk
382 52.0 2186467 2186817 genome.dna 3925781 3926093 NC_005085.gbk
555 64.8 2188157 2187750 genome.dna 1798048 1798438 NC_005085.gbk
239 37.7 2188917 2189354 genome.dna 1969223 1968770 NC_005085.gbk
318 36.4 2189954 2189487 genome.dna 1969803 1969341 NC_005085.gbk
1017 46.3 2190305 2191417 genome.dna 2666809 2667892 NC_005085.gbk
557 42.2 2191939 2192622 genome.dna 67849 67207 NC_005085.gbk
1846 64.0 2192856 2194133 genome.dna 3349452 3350727 NC_005085.gbk
556 46.0 2195725 2195117 genome.dna 293489 294101 NC_005085.gbk
2956 52.3 2198282 2200954 genome.dna 1172713 1175386 NC_005085.gbk
829 63.5 2203467 2202874 genome.dna 2186304 2186922 NC_005085.gbk
891 59.9 2216576 2217319 genome.dna 3320979 3320235 NC_005085.gbk
245 39.8 2217316 2217645 genome.dna 4014296 4013939 NC_005085.gbk
230 57.6 2218041 2217826 genome.dna 3490981 3491203 NC_005085.gbk
3201 66.8 2221311 2219248 genome.dna 781686 783753 NC_005085.gbk
2715 54.2 2227418 2225106 genome.dna 1759156 1756852 NC_005085.gbk
1022 60.5 2239913 2239125 genome.dna 1707975 1707186 NC_005085.gbk
733 41.7 2246458 2245529 genome.dna 1196366 1195460 NC_005085.gbk
709 66.0 2258625 2258122 genome.dna 897981 898479 NC_005085.gbk
1490 70.1 2263993 2263058 genome.dna 4472022 4471062 NC_005085.gbk
98 31.2 2266317 2266607 genome.dna 885968 885710 NC_005085.gbk
514 46.3 2275290 2274685 genome.dna 2197837 2198446 NC_005085.gbk
1611 46.0 2275609 2279496 genome.dna 1623488 1619552 NC_005085.gbk
546 38.4 2283504 2282647 genome.dna 4151195 4152005 NC_005085.gbk
1267 44.9 2286405 2285092 genome.dna 4148794 4150069 NC_005085.gbk
1004 63.7 2287139 2286402 genome.dna 4148074 4148788 NC_005085.gbk
278 39.3 2290600 2290133 genome.dna 2719074 2719524 NC_005085.gbk
653 39.6 2298807 2297113 genome.dna 1862287 1863955 NC_005085.gbk
747 36.2 2300071 2298971 genome.dna 2876772 2875692 NC_005085.gbk
451 31.2 2301204 2300401 genome.dna 2652175 2652976 NC_005085.gbk
546 44.7 2306210 2305560 genome.dna 2727345 2727993 NC_005085.gbk
1536 48.5 2308348 2309736 genome.dna 2738307 2736927 NC_005085.gbk
3813 67.4 2310451 2314227 genome.dna 2736644 2732942 NC_005085.gbk
2648 69.1 2314227 2315807 genome.dna 2732946 2731395 NC_005085.gbk
691 46.7 2316519 2317223 genome.dna 2730669 2729982 NC_005085.gbk
1191 62.3 2318196 2317324 genome.dna 1932862 1933741 NC_005085.gbk
659 63.7 2318259 2318798 genome.dna 1932749 1932236 NC_005085.gbk
592 55.5 2318802 2319278 genome.dna 1394688 1395156 NC_005085.gbk
1104 43.9 2336847 2335354 genome.dna 4431971 4433426 NC_005085.gbk
1788 62.5 2336995 2338260 genome.dna 4241279 4242545 NC_005085.gbk
2068 62.3 2338271 2339743 genome.dna 4242614 4244075 NC_005085.gbk
681 44.6 2353959 2354768 genome.dna 2484307 2485117 NC_005085.gbk
728 34.6 2359305 2358133 genome.dna 726424 727618 NC_005085.gbk
619 33.2 2366723 2365644 genome.dna 2818174 2819230 NC_005085.gbk
457 33.9 2367537 2366737 genome.dna 2831164 2830396 NC_005085.gbk
229 48.1 2367804 2367544 genome.dna 2817133 2817403 NC_005085.gbk
664 44.0 2368465 2367812 genome.dna 2816467 2817118 NC_005085.gbk
1332 51.4 2371991 2370621 genome.dna 2813260 2814595 NC_005085.gbk
1487 38.7 2375035 2372933 genome.dna 2838262 2836201 NC_005085.gbk
350 30.3 2383611 2384378 genome.dna 2788154 2788880 NC_005085.gbk
255 31.9 2454742 2453948 genome.dna 180702 179973 NC_005085.gbk
1697 70.8 2487322 2486231 genome.dna 4387104 4386012 NC_005085.gbk
712 56.3 2488039 2487452 genome.dna 4387754 4387172 NC_005085.gbk
1418 68.1 2489732 2488785 genome.dna 4389178 4388194 NC_005085.gbk
824 48.8 2490742 2489870 genome.dna 4390203 4389348 NC_005085.gbk
1169 46.6 2491599 2492855 genome.dna 92404 93658 NC_005085.gbk
1478 61.5 2492889 2493971 genome.dna 93657 94734 NC_005085.gbk
707 49.6 2493971 2494816 genome.dna 3892807 3892042 NC_005085.gbk
225 38.6 2494828 2495223 genome.dna 4416907 4417342 NC_005085.gbk
1379 75.2 2496092 2496946 genome.dna 2982399 2983248 NC_005085.gbk
1514 53.4 2503696 2505084 genome.dna 114821 113447 NC_005085.gbk
679 43.6 2507176 2506430 genome.dna 3944954 3944207 NC_005085.gbk
938 42.2 2513105 2511876 genome.dna 3508199 3509324 NC_005085.gbk
269 32.8 2513827 2513102 genome.dna 3507345 3508122 NC_005085.gbk
1144 45.2 2515088 2513820 genome.dna 3506095 3507349 NC_005085.gbk
263 30.6 2516286 2515807 genome.dna 3510629 3511064 NC_005085.gbk
723 42.0 2534552 2533659 genome.dna 3104723 3105671 NC_005085.gbk
891 41.0 2542867 2544249 genome.dna 3058357 3057076 NC_005085.gbk
461 31.1 2547155 2548117 genome.dna 1384191 1385124 NC_005085.gbk
372 32.9 2552084 2552833 genome.dna 2767265 2766542 NC_005085.gbk
724 30.7 2556170 2554698 genome.dna 54783 53262 NC_005085.gbk
451 35.0 2559421 2558525 genome.dna 3699236 3699959 NC_005085.gbk
1108 42.4 2559536 2560804 genome.dna 3698974 3697720 NC_005085.gbk
2093 68.6 2563367 2561970 genome.dna 1172565 1171179 NC_005085.gbk
707 35.8 2563607 2564779 genome.dna 2505301 2506492 NC_005085.gbk
1120 53.4 2570445 2569453 genome.dna 3427630 3428602 NC_005085.gbk
1292 57.1 2571743 2570592 genome.dna 3819906 3818862 NC_005085.gbk
1032 75.0 2585970 2586605 genome.dna 3583851 3584484 NC_005085.gbk
2093 64.3 2587267 2588739 genome.dna 4053908 4052420 NC_005085.gbk
1136 54.5 2589820 2588846 genome.dna 3882806 3883751 NC_005085.gbk
825 39.5 2593132 2590532 genome.dna 4602811 4605121 NC_005085.gbk
497 37.9 2595189 2595950 genome.dna 3254163 3253401 NC_005085.gbk
553 44.6 2595969 2596559 genome.dna 1670476 1669873 NC_005085.gbk
781 58.3 2598308 2597688 genome.dna 1832488 1833112 NC_005085.gbk
698 42.1 2599344 2598460 genome.dna 1831612 1832470 NC_005085.gbk
872 39.7 2602958 2604520 genome.dna 2352990 2351523 NC_005085.gbk
780 40.6 2605113 2606180 genome.dna 2347653 2346624 NC_005085.gbk
1417 58.3 2607572 2608762 genome.dna 2999133 2998002 NC_005085.gbk
555 37.8 2608762 2609568 genome.dna 2997991 2997202 NC_005085.gbk
386 37.0 2611473 2610838 genome.dna 4445665 4445017 NC_005085.gbk
491 37.9 2619430 2619996 genome.dna 3208068 3208602 NC_005085.gbk
301 42.7 2620019 2620441 genome.dna 2951388 2951010 NC_005085.gbk
407 60.2 2621565 2621861 genome.dna 3208601 3208904 NC_005085.gbk
1471 67.1 2627092 2626058 genome.dna 4666826 4665836 NC_005085.gbk
1365 62.2 2628084 2627089 genome.dna 4667820 4666818 NC_005085.gbk
1183 55.3 2629004 2628096 genome.dna 4668758 4667843 NC_005085.gbk
1172 55.2 2629936 2629016 genome.dna 4669691 4668770 NC_005085.gbk
1519 44.8 2633417 2631819 genome.dna 4671439 4669825 NC_005085.gbk
4526 77.7 2634501 2637176 genome.dna 1190989 1193653 NC_005085.gbk
541 44.1 2637907 2637311 genome.dna 2528913 2528358 NC_005085.gbk
916 53.1 2639766 2638855 genome.dna 4211632 4210759 NC_005085.gbk
321 43.8 2642181 2642648 genome.dna 3867074 3866666 NC_005085.gbk
712 39.7 2642732 2643580 genome.dna 2096120 2096990 NC_005085.gbk
936 67.8 2645012 2644386 genome.dna 2193253 2192638 NC_005085.gbk
323 37.7 2645457 2646263 genome.dna 905675 906449 NC_005085.gbk
799 43.3 2651794 2652813 genome.dna 1828488 1829484 NC_005085.gbk
471 41.1 2652833 2653480 genome.dna 1329124 1328491 NC_005085.gbk
459 53.0 2654386 2653967 genome.dna 3493460 3493850 NC_005085.gbk
1555 70.7 2654735 2655739 genome.dna 600689 601688 NC_005085.gbk
391 31.6 2655847 2656716 genome.dna 337025 336173 NC_005085.gbk
3373 77.1 2658991 2660925 genome.dna 1943746 1945675 NC_005085.gbk
1668 57.6 2660962 2662236 genome.dna 1945829 1947110 NC_005085.gbk
710 38.2 2662378 2663577 genome.dna 135648 134481 NC_005085.gbk
1778 62.2 2664862 2663609 genome.dna 2079279 2080587 NC_005085.gbk
2424 68.1 2670474 2672015 genome.dna 1947106 1948648 NC_005085.gbk
169 30.2 2674846 2675376 genome.dna 3477832 3477331 NC_005085.gbk
581 42.3 2677723 2677067 genome.dna 3022551 3021900 NC_005085.gbk
381 39.3 2678460 2679146 genome.dna 3670678 3671401 NC_005085.gbk
1335 74.1 2679167 2679979 genome.dna 3671421 3672234 NC_005085.gbk
266 47.0 2679983 2680252 genome.dna 3672237 3672495 NC_005085.gbk
2143 57.2 2683421 2681736 genome.dna 1548692 1547012 NC_005085.gbk
347 35.4 2685383 2684682 genome.dna 3749607 3750279 NC_005085.gbk
383 53.5 2687612 2687956 genome.dna 3687901 3687553 NC_005085.gbk
382 41.5 2689954 2690532 genome.dna 1709997 1710609 NC_005085.gbk
1974 63.2 2691006 2692370 genome.dna 1484482 1483081 NC_005085.gbk
740 42.6 2693453 2692521 genome.dna 3778810 3777862 NC_005085.gbk
586 35.0 2714816 2715706 genome.dna 3175536 3176406 NC_005085.gbk
439 71.7 2728844 2728548 genome.dna 1427103 1427406 NC_005085.gbk
2060 47.1 2731236 2728849 genome.dna 1424674 1427032 NC_005085.gbk
1277 57.8 2732234 2731251 genome.dna 1423669 1424656 NC_005085.gbk
613 79.7 2732903 2732547 genome.dna 1423170 1423530 NC_005085.gbk
222 56.9 2733144 2732947 genome.dna 1422959 1423157 NC_005085.gbk
730 68.8 2733782 2733240 genome.dna 1422344 1422806 NC_005085.gbk
2508 56.3 2735713 2733785 genome.dna 1420343 1422245 NC_005085.gbk
837 48.8 2741372 2740491 genome.dna 3397741 3396859 NC_005085.gbk
1191 46.5 2745227 2744004 genome.dna 1925281 1924057 NC_005085.gbk
966 58.4 2746160 2745411 genome.dna 1926134 1925387 NC_005085.gbk
1767 56.3 2747899 2746157 genome.dna 1927564 1926133 NC_005085.gbk
279 36.6 2756503 2756949 genome.dna 3695510 3695978 NC_005085.gbk
1382 56.3 2757088 2758194 genome.dna 3696512 3697667 NC_005085.gbk
1878 61.9 2759027 2760397 genome.dna 4132017 4133388 NC_005085.gbk
646 31.3 2762917 2764038 genome.dna 3890606 3889472 NC_005085.gbk
731 44.0 2766822 2767682 genome.dna 4443464 4442576 NC_005085.gbk
702 41.4 2767679 2768455 genome.dna 4442560 4441789 NC_005085.gbk
1326 55.6 2771476 2770376 genome.dna 822760 821560 NC_005085.gbk
414 45.6 2777056 2776550 genome.dna 2549851 2549311 NC_005085.gbk
712 57.0 2793288 2792647 genome.dna 156307 155680 NC_005085.gbk
1549 47.4 2794931 2793456 genome.dna 158462 159941 NC_005085.gbk
762 42.1 2795320 2796189 genome.dna 161800 162649 NC_005085.gbk
1615 72.9 2809298 2808294 genome.dna 4550914 4549876 NC_005085.gbk
536 45.9 2809923 2809306 genome.dna 4558073 4557479 NC_005085.gbk
461 46.3 2810663 2810151 genome.dna 4559970 4559439 NC_005085.gbk
893 54.1 2811487 2810744 genome.dna 3411221 3410495 NC_005085.gbk
385 50.4 2811954 2811511 genome.dna 3240404 3239954 NC_005085.gbk
2271 56.2 2813755 2811956 genome.dna 4040489 4038695 NC_005085.gbk
685 30.4 2814296 2815513 genome.dna 3748354 3749578 NC_005085.gbk
642 44.0 2833872 2833114 genome.dna 1491445 1492189 NC_005085.gbk
2144 56.1 2835515 2837245 genome.dna 2133824 2135543 NC_005085.gbk
2095 63.1 2838878 2837343 genome.dna 4045937 4047431 NC_005085.gbk
527 44.7 2840639 2840001 genome.dna 4644068 4644731 NC_005085.gbk
481 42.7 2841233 2840649 genome.dna 175454 176036 NC_005085.gbk
1972 49.8 2854450 2852540 genome.dna 2712668 2714582 NC_005085.gbk
1233 56.8 2859653 2858643 genome.dna 1970860 1969825 NC_005085.gbk
2929 51.7 2862472 2859857 genome.dna 1236300 1238919 NC_005085.gbk
1164 47.2 2862696 2863901 genome.dna 3713640 3714849 NC_005085.gbk
852 53.4 2869134 2868487 genome.dna 99342 99993 NC_005085.gbk
865 56.5 2884168 2883416 genome.dna 3642955 3642199 NC_005085.gbk
246 57.9 2884347 2884165 genome.dna 3643134 3642951 NC_005085.gbk
626 41.8 2885460 2884459 genome.dna 3644143 3643123 NC_005085.gbk
1675 43.7 2887241 2885457 genome.dna 852049 853804 NC_005085.gbk
414 31.6 2889516 2887243 genome.dna 491482 493597 NC_005085.gbk
1358 47.3 2895155 2896582 genome.dna 1400250 1398831 NC_005085.gbk
953 39.4 2917289 2918617 genome.dna 646475 647780 NC_005085.gbk
501 31.7 2918614 2919687 genome.dna 648903 649974 NC_005085.gbk
415 39.1 2920770 2921360 genome.dna 650989 651628 NC_005085.gbk
410 34.6 2921367 2922104 genome.dna 651712 652390 NC_005085.gbk
701 41.5 2922086 2922862 genome.dna 652462 653227 NC_005085.gbk
358 61.5 2923933 2923649 genome.dna 3323000 3322685 NC_005085.gbk
2421 67.1 2925698 2924025 genome.dna 3324699 3323007 NC_005085.gbk
695 52.3 2926492 2925815 genome.dna 3325463 3324794 NC_005085.gbk
1594 60.1 2928002 2926713 genome.dna 3325592 3326963 NC_005085.gbk
1287 53.2 2929170 2928085 genome.dna 2489032 2490121 NC_005085.gbk
331 32.1 2931779 2932639 genome.dna 1487088 1487871 NC_005085.gbk
3011 63.9 2932697 2934979 genome.dna 1488142 1490470 NC_005085.gbk
728 44.2 2966712 2967509 genome.dna 1490554 1491334 NC_005085.gbk
440 30.3 2971922 2972863 genome.dna 1518614 1517699 NC_005085.gbk
1698 60.7 2975613 2974318 genome.dna 1451054 1449770 NC_005085.gbk
1450 53.8 2977060 2975717 genome.dna 1452388 1451056 NC_005085.gbk
598 59.9 2981911 2981417 genome.dna 2079140 2078651 NC_005085.gbk
1439 68.8 2982496 2983455 genome.dna 3064188 3065178 NC_005085.gbk
733 51.0 2987214 2987927 genome.dna 1952770 1953472 NC_005085.gbk
313 71.9 2988043 2988261 genome.dna 4504848 4504653 NC_005085.gbk
368 37.7 2990339 2989860 genome.dna 1625970 1626435 NC_005085.gbk
3141 62.9 2992855 2990582 genome.dna 3969791 3972074 NC_005085.gbk
331 49.0 2993205 2992885 genome.dna 3969471 3969792 NC_005085.gbk
725 46.9 3002258 3001431 genome.dna 1379641 1380541 NC_005085.gbk
1015 55.0 3009847 3009002 genome.dna 2131193 2132033 NC_005085.gbk
1186 56.8 3010809 3009844 genome.dna 2130288 2131197 NC_005085.gbk
1350 55.3 3011957 3010824 genome.dna 1404554 1405730 NC_005085.gbk
1201 47.8 3013338 3012229 genome.dna 2128999 2130100 NC_005085.gbk
145 34.2 3016496 3016762 genome.dna 1180714 1180972 NC_005085.gbk
938 40.9 3022380 3021175 genome.dna 3379507 3380653 NC_005085.gbk
723 53.4 3023325 3022666 genome.dna 2483596 2484283 NC_005085.gbk
446 37.0 3025403 3026020 genome.dna 204873 204255 NC_005085.gbk
2077 68.2 3042056 3043384 genome.dna 1445750 1447067 NC_005085.gbk
375 31.7 3046334 3045672 genome.dna 2548083 2548782 NC_005085.gbk
730 43.8 3049052 3049924 genome.dna 69819 68919 NC_005085.gbk
2108 80.8 3050037 3051158 genome.dna 761941 760801 NC_005085.gbk
1119 57.9 3051198 3052058 genome.dna 760805 759965 NC_005085.gbk
828 41.1 3058890 3057901 genome.dna 4086129 4085178 NC_005085.gbk
719 34.0 3061480 3059363 genome.dna 1593884 1591784 NC_005085.gbk
2219 64.2 3063296 3061821 genome.dna 2960868 2959341 NC_005085.gbk
999 53.5 3064304 3063432 genome.dna 785143 786025 NC_005085.gbk
1122 55.0 3064423 3065496 genome.dna 785039 784013 NC_005085.gbk
1647 52.8 3068393 3066702 genome.dna 3332747 3334412 NC_005085.gbk
648 39.2 3069350 3068412 genome.dna 3331760 3332717 NC_005085.gbk
426 33.6 3073082 3074083 genome.dna 3346796 3345947 NC_005085.gbk
513 39.7 3084419 3083724 genome.dna 403816 404521 NC_005085.gbk
276 50.6 3086967 3087251 genome.dna 4388134 4387846 NC_005085.gbk
578 73.4 3102175 3101846 genome.dna 145906 146236 NC_005085.gbk
709 35.2 3105774 3104605 genome.dna 4028213 4029467 NC_005085.gbk
411 34.6 3106945 3107832 genome.dna 1867371 1868154 NC_005085.gbk
295 33.9 3108374 3107820 genome.dna 285856 286408 NC_005085.gbk
2352 56.8 3113644 3111776 genome.dna 332850 334725 NC_005085.gbk
1094 32.4 3127190 3125091 genome.dna 2171307 2169183 NC_005085.gbk
577 45.7 3132533 3133219 genome.dna 1135154 1134518 NC_005085.gbk
666 40.2 3134242 3133295 genome.dna 3438764 3439634 NC_005085.gbk
896 45.0 3140563 3139631 genome.dna 2519756 2520704 NC_005085.gbk
307 36.2 3145018 3144548 genome.dna 44001 44445 NC_005085.gbk
1846 65.1 3147123 3145672 genome.dna 396848 398267 NC_005085.gbk
912 51.8 3148240 3147401 genome.dna 2420459 2419622 NC_005085.gbk
663 34.7 3149284 3148253 genome.dna 2421499 2420455 NC_005085.gbk
748 40.4 3150266 3149277 genome.dna 2422512 2421495 NC_005085.gbk
507 54.8 3155124 3154672 genome.dna 195377 194900 NC_005085.gbk
232 48.1 3155372 3155127 genome.dna 195630 195378 NC_005085.gbk
545 54.8 3155863 3155369 genome.dna 4675760 4675286 NC_005085.gbk
709 38.2 3157424 3156435 genome.dna 3815139 3814164 NC_005085.gbk
2931 68.4 3161386 3159374 genome.dna 3438470 3436457 NC_005085.gbk
605 47.0 3163130 3162450 genome.dna 635756 636389 NC_005085.gbk
322 33.5 3163884 3163123 genome.dna 4719612 4718703 NC_005085.gbk
989 45.4 3165022 3163865 genome.dna 4725113 4723961 NC_005085.gbk
1270 60.3 3166099 3165062 genome.dna 4726205 4725221 NC_005085.gbk
940 37.3 3166195 3167499 genome.dna 4543393 4544740 NC_005085.gbk
454 33.0 3169188 3169883 genome.dna 1210578 1211244 NC_005085.gbk
666 38.2 3174746 3173826 genome.dna 2154822 2155761 NC_005085.gbk
954 42.7 3178804 3180039 genome.dna 2536834 2538049 NC_005085.gbk
1094 38.7 3182764 3184236 genome.dna 4574130 4575603 NC_005085.gbk
1048 38.1 3190713 3188704 genome.dna 923443 921514 NC_005085.gbk
587 39.8 3200462 3199575 genome.dna 1274848 1273966 NC_005085.gbk
544 50.3 3228583 3228035 genome.dna 1376751 1377333 NC_005085.gbk
1442 47.1 3230474 3228642 genome.dna 1374847 1376653 NC_005085.gbk
119 35.3 3241130 3241531 genome.dna 1434878 1435184 NC_005085.gbk
2805 42.0 3275000 3271911 genome.dna 4236678 4239768 NC_005085.gbk
695 37.2 3276106 3274997 genome.dna 4235600 4236668 NC_005085.gbk
497 31.7 3324257 3325147 genome.dna 747405 748272 NC_005085.gbk
448 60.9 3332182 3332514 genome.dna 2903879 2903546 NC_005085.gbk
2118 40.8 3339478 3336770 genome.dna 2404094 2406803 NC_005085.gbk
678 32.9 3352107 3353684 genome.dna 3958778 3957431 NC_005085.gbk
1682 65.4 3364676 3363084 genome.dna 3886559 3884927 NC_005085.gbk
481 42.3 3364794 3365690 genome.dna 2877334 2878168 NC_005085.gbk
282 33.1 3365704 3366279 genome.dna 1355308 1355869 NC_005085.gbk
1173 39.9 3366849 3368273 genome.dna 3593607 3592152 NC_005085.gbk
2001 53.3 3368339 3370030 genome.dna 3592160 3590510 NC_005085.gbk
772 33.0 3372145 3370688 genome.dna 988780 990235 NC_005085.gbk
862 36.2 3373687 3372152 genome.dna 987259 988759 NC_005085.gbk
845 37.1 3375638 3373788 genome.dna 985167 987219 NC_005085.gbk
252 35.6 3375937 3375635 genome.dna 984828 985134 NC_005085.gbk
278 33.9 3376497 3375934 genome.dna 984155 984800 NC_005085.gbk
764 42.2 3378041 3377067 genome.dna 982587 983637 NC_005085.gbk
1280 47.5 3382301 3380952 genome.dna 978963 980259 NC_005085.gbk
251 33.8 3382843 3382298 genome.dna 978463 978964 NC_005085.gbk
258 31.4 3385876 3385436 genome.dna 665223 664863 NC_005085.gbk
507 34.7 3387504 3386554 genome.dna 3580354 3581278 NC_005085.gbk
507 34.7 3388991 3388041 genome.dna 3580354 3581278 NC_005085.gbk
1877 66.6 3389494 3390708 genome.dna 1032616 1033921 NC_005085.gbk
1335 52.9 3395711 3396913 genome.dna 1639573 1638379 NC_005085.gbk
2087 55.2 3396993 3399131 genome.dna 1638366 1636284 NC_005085.gbk
917 63.5 3401812 3402438 genome.dna 2608564 2607862 NC_005085.gbk
1176 69.3 3404831 3404058 genome.dna 884821 885589 NC_005085.gbk
1076 65.8 3405564 3404848 genome.dna 884086 884800 NC_005085.gbk
945 63.3 3406246 3405557 genome.dna 883400 884090 NC_005085.gbk
943 54.4 3407174 3406395 genome.dna 882484 883264 NC_005085.gbk
370 40.7 3408161 3407589 genome.dna 3634314 3634920 NC_005085.gbk
1944 58.3 3409858 3408341 genome.dna 2709060 2707530 NC_005085.gbk
990 44.3 3412525 3411257 genome.dna 2711712 2710446 NC_005085.gbk
1136 58.7 3413548 3412631 genome.dna 2997125 2996255 NC_005085.gbk
984 68.8 3414435 3413773 genome.dna 1415441 1414796 NC_005085.gbk
753 47.6 3415469 3414618 genome.dna 3000635 2999846 NC_005085.gbk
599 35.3 3416479 3415469 genome.dna 3007466 3006455 NC_005085.gbk
929 47.1 3418053 3418931 genome.dna 3775543 3774646 NC_005085.gbk
1324 38.3 3421795 3423822 genome.dna 2114626 2112643 NC_005085.gbk
1665 66.7 3427528 3426443 genome.dna 1250639 1251740 NC_005085.gbk
910 47.8 3428548 3427616 genome.dna 2345102 2344199 NC_005085.gbk
257 34.8 3428721 3429263 genome.dna 3065197 3065833 NC_005085.gbk
413 31.6 3440778 3442064 genome.dna 3465150 3463812 NC_005085.gbk
363 32.3 3444907 3444146 genome.dna 463573 462754 NC_005085.gbk
384 34.9 3451704 3451132 genome.dna 393801 393210 NC_005085.gbk
1583 52.7 3453156 3451774 genome.dna 3109782 3111165 NC_005085.gbk
621 44.1 3459693 3458845 genome.dna 4124428 4123510 NC_005085.gbk
221 36.6 3464316 3463951 genome.dna 4108062 4107681 NC_005085.gbk
568 58.1 3465394 3464954 genome.dna 4109000 4108556 NC_005085.gbk
1070 45.0 3466688 3465462 genome.dna 4110296 4109084 NC_005085.gbk
1745 56.0 3468186 3466690 genome.dna 4111756 4110295 NC_005085.gbk
490 31.6 3470135 3468183 genome.dna 4113879 4111752 NC_005085.gbk
793 43.2 3504366 3505406 genome.dna 2075693 2076737 NC_005085.gbk
615 31.5 3507836 3506166 genome.dna 773511 771849 NC_005085.gbk
705 38.6 3508747 3507854 genome.dna 765781 764881 NC_005085.gbk
895 48.1 3511745 3510762 genome.dna 770165 769214 NC_005085.gbk
1043 43.8 3512886 3511738 genome.dna 4459506 4458291 NC_005085.gbk
1226 64.0 3516455 3517318 genome.dna 2095094 2095946 NC_005085.gbk
178 50.0 3517351 3517563 genome.dna 1831214 1831430 NC_005085.gbk
1844 58.9 3519048 3517663 genome.dna 1897276 1898656 NC_005085.gbk
167 32.5 3519771 3519349 genome.dna 1018316 1017923 NC_005085.gbk
678 63.0 3520193 3520687 genome.dna 3465989 3466481 NC_005085.gbk
547 44.4 3520698 3521420 genome.dna 3466550 3467264 NC_005085.gbk
588 60.0 3521609 3522118 genome.dna 171662 172151 NC_005085.gbk
423 33.2 3522115 3523185 genome.dna 172150 173281 NC_005085.gbk
1947 70.0 3523656 3524945 genome.dna 1485991 1484692 NC_005085.gbk
1325 36.8 3531913 3533985 genome.dna 3652771 3654850 NC_005085.gbk
1139 38.1 3533985 3535520 genome.dna 1325868 1327362 NC_005085.gbk
607 63.8 3537011 3536586 genome.dna 2683881 2684307 NC_005085.gbk
500 56.6 3537641 3537204 genome.dna 222578 222161 NC_005085.gbk
1467 48.4 3537873 3539351 genome.dna 3894311 3892871 NC_005085.gbk
1725 69.2 3557692 3558888 genome.dna 2101139 2099948 NC_005085.gbk
1148 49.5 3559135 3560370 genome.dna 2963444 2964683 NC_005085.gbk
4573 67.9 3560370 3563492 genome.dna 2964698 2967800 NC_005085.gbk
4237 65.1 3563489 3566569 genome.dna 2967796 2970901 NC_005085.gbk
1086 36.8 3566972 3568372 genome.dna 3831349 3829975 NC_005085.gbk
311 36.9 3570531 3571184 genome.dna 4350865 4350229 NC_005085.gbk
349 38.6 3571239 3571790 genome.dna 4375681 4376239 NC_005085.gbk
1718 59.5 3573115 3574479 genome.dna 2126898 2128248 NC_005085.gbk
435 34.9 3577570 3576767 genome.dna 166267 165421 NC_005085.gbk
2325 65.6 3590632 3589055 genome.dna 3759514 3761092 NC_005085.gbk
2051 62.8 3592205 3590739 genome.dna 1374277 1372813 NC_005085.gbk
1183 44.6 3592378 3593766 genome.dna 3870571 3871936 NC_005085.gbk
1017 48.4 3599984 3598497 genome.dna 3843349 3841939 NC_005085.gbk
305 31.2 3601941 3601321 genome.dna 3845133 3844503 NC_005085.gbk
1655 58.7 3603229 3601955 genome.dna 3846422 3845150 NC_005085.gbk
283 37.8 3604488 3603367 genome.dna 3847741 3846457 NC_005085.gbk
318 30.6 3606254 3605517 genome.dna 3849475 3848692 NC_005085.gbk
1423 60.4 3607701 3606505 genome.dna 3850536 3849441 NC_005085.gbk
631 68.1 3608433 3608005 genome.dna 3851028 3850602 NC_005085.gbk
456 33.3 3611852 3612721 genome.dna 4582599 4583436 NC_005085.gbk
239 53.1 3616273 3616073 genome.dna 1135487 1135292 NC_005085.gbk
544 67.9 3616630 3616295 genome.dna 1135959 1135617 NC_005085.gbk
2193 57.2 3618482 3616632 genome.dna 1137828 1135968 NC_005085.gbk
406 40.4 3619075 3618557 genome.dna 1138768 1138222 NC_005085.gbk
520 70.1 3619470 3619147 genome.dna 1139165 1138841 NC_005085.gbk
711 86.3 3619938 3619552 genome.dna 1139562 1139178 NC_005085.gbk
2072 75.7 3621177 3619963 genome.dna 1140836 1139618 NC_005085.gbk
534 54.7 3621953 3621459 genome.dna 1141362 1140867 NC_005085.gbk
570 41.9 3622783 3622058 genome.dna 3942522 3943257 NC_005085.gbk
812 47.6 3622920 3623723 genome.dna 3942350 3941558 NC_005085.gbk
1484 63.8 3625021 3626103 genome.dna 1590271 1589203 NC_005085.gbk
957 57.4 3626100 3626900 genome.dna 1589207 1588439 NC_005085.gbk
838 34.8 3630615 3629488 genome.dna 1591377 1590267 NC_005085.gbk
533 31.1 3633677 3632517 genome.dna 3021424 3020263 NC_005085.gbk
1821 64.3 3635387 3634134 genome.dna 1353414 1354662 NC_005085.gbk
1153 44.4 3635748 3636938 genome.dna 3782487 3781272 NC_005085.gbk
569 75.9 3640872 3640534 genome.dna 2233726 2234065 NC_005085.gbk
1632 55.7 3642369 3641032 genome.dna 4554606 4555947 NC_005085.gbk
3581 57.7 3649390 3645506 genome.dna 2233578 2229618 NC_005085.gbk
618 46.8 3653727 3654416 genome.dna 315885 316629 NC_005085.gbk
822 30.1 3654426 3656378 genome.dna 316648 318550 NC_005085.gbk
2015 43.9 3672395 3674611 genome.dna 314110 311941 NC_005085.gbk
1284 44.9 3674598 3675959 genome.dna 311940 310530 NC_005085.gbk
370 61.5 3679566 3679826 genome.dna 4534070 4533818 NC_005085.gbk
363 48.4 3680225 3679845 genome.dna 2257706 2258084 NC_005085.gbk
944 61.1 3680956 3680225 genome.dna 2256418 2257147 NC_005085.gbk
372 34.2 3681774 3681037 genome.dna 2255655 2256393 NC_005085.gbk
950 49.0 3682691 3681786 genome.dna 2254487 2255378 NC_005085.gbk
703 52.5 3683368 3682688 genome.dna 2253780 2254491 NC_005085.gbk
417 38.6 3684626 3683661 genome.dna 2252401 2253373 NC_005085.gbk
2829 69.7 3686442 3684643 genome.dna 2250607 2252401 NC_005085.gbk
727 55.5 3689432 3688857 genome.dna 2246493 2247093 NC_005085.gbk
2150 61.8 3689812 3691413 genome.dna 4250378 4251968 NC_005085.gbk
717 52.3 3694571 3695257 genome.dna 241794 241077 NC_005085.gbk
1631 54.1 3698228 3696813 genome.dna 2107937 2109323 NC_005085.gbk
399 39.4 3701538 3702119 genome.dna 399751 399181 NC_005085.gbk
1227 58.3 3703917 3702925 genome.dna 1987707 1986630 NC_005085.gbk
1117 58.9 3704788 3703907 genome.dna 1988587 1987708 NC_005085.gbk
1071 62.7 3705613 3704801 genome.dna 1989456 1988583 NC_005085.gbk
1439 66.1 3706780 3705770 genome.dna 1991028 1989990 NC_005085.gbk
338 31.7 3711660 3710149 genome.dna 3491309 3492659 NC_005085.gbk
527 34.1 3712592 3713431 genome.dna 525229 526105 NC_005085.gbk
523 66.4 3714535 3714188 genome.dna 3994205 3993851 NC_005085.gbk
1665 56.8 3714803 3716083 genome.dna 77849 76571 NC_005085.gbk
2048 63.7 3717621 3716161 genome.dna 2067078 2065596 NC_005085.gbk
607 45.2 3717757 3718347 genome.dna 2067223 2067844 NC_005085.gbk
276 32.0 3727604 3728134 genome.dna 193610 194135 NC_005085.gbk
359 44.7 3729128 3729583 genome.dna 185137 184726 NC_005085.gbk
832 47.4 3729711 3730679 genome.dna 3731048 3730151 NC_005085.gbk
785 42.5 3730782 3732230 genome.dna 1770251 1771604 NC_005085.gbk
429 45.5 3732230 3732727 genome.dna 1771600 1772113 NC_005085.gbk
933 52.3 3732844 3733638 genome.dna 1772794 1773583 NC_005085.gbk
837 50.9 3733793 3734647 genome.dna 1773602 1774436 NC_005085.gbk
455 55.6 3734665 3735045 genome.dna 1774460 1774841 NC_005085.gbk
568 36.4 3735878 3735108 genome.dna 458069 458825 NC_005085.gbk
745 41.4 3736813 3735875 genome.dna 457170 458073 NC_005085.gbk
741 50.2 3749695 3748958 genome.dna 1322169 1322889 NC_005085.gbk
607 63.0 3749751 3750215 genome.dna 1321673 1322117 NC_005085.gbk
690 45.5 3750989 3751744 genome.dna 1320900 1320117 NC_005085.gbk
3706 66.3 3762599 3760023 genome.dna 2115359 2117939 NC_005085.gbk
893 57.3 3763458 3762733 genome.dna 2364039 2363301 NC_005085.gbk
1004 51.0 3764478 3763501 genome.dna 2365120 2364028 NC_005085.gbk
641 41.0 3764613 3765347 genome.dna 2365118 2365913 NC_005085.gbk
874 54.6 3770090 3770806 genome.dna 1803785 1803062 NC_005085.gbk
475 64.3 3773009 3772662 genome.dna 3973923 3973554 NC_005085.gbk
928 62.1 3773827 3773072 genome.dna 3974613 3973926 NC_005085.gbk
444 40.0 3774414 3773866 genome.dna 3975203 3974693 NC_005085.gbk
362 62.2 3774681 3774433 genome.dna 3975489 3975237 NC_005085.gbk
2007 67.9 3776200 3774839 genome.dna 4130485 4131841 NC_005085.gbk
224 34.7 3780004 3779576 genome.dna 3122462 3123029 NC_005085.gbk
293 33.0 3780567 3780001 genome.dna 3203960 3204620 NC_005085.gbk
3545 60.9 3784972 3782345 genome.dna 1732790 1730156 NC_005085.gbk
198 30.1 3785598 3785110 genome.dna 1733775 1733316 NC_005085.gbk
1583 72.8 3786717 3785644 genome.dna 1734827 1733774 NC_005085.gbk
550 53.8 3787319 3786825 genome.dna 2555539 2556040 NC_005085.gbk
1090 48.8 3792868 3791666 genome.dna 1955338 1954183 NC_005085.gbk
1206 44.6 3854898 3852301 genome.dna 4289117 4286489 NC_005085.gbk
406 30.5 3859786 3858788 genome.dna 4290934 4289890 NC_005085.gbk
1262 39.6 3863434 3861956 genome.dna 4303156 4301677 NC_005085.gbk
967 39.2 3866442 3865039 genome.dna 2430433 2431813 NC_005085.gbk
1093 45.5 3880056 3878830 genome.dna 681856 680662 NC_005085.gbk
1205 45.2 3882715 3881462 genome.dna 4628417 4629677 NC_005085.gbk
958 42.9 3883829 3882726 genome.dna 4546400 4547519 NC_005085.gbk
1530 48.6 3886800 3888260 genome.dna 2918668 2917213 NC_005085.gbk
781 49.2 3890258 3889458 genome.dna 3019455 3020286 NC_005085.gbk
904 51.8 3893140 3892373 genome.dna 3222826 3223609 NC_005085.gbk
723 57.0 3893814 3893233 genome.dna 372955 373540 NC_005085.gbk
2776 52.6 3894156 3896603 genome.dna 2953955 2951501 NC_005085.gbk
624 33.8 3918901 3920391 genome.dna 4697077 4695625 NC_005085.gbk
187 32.5 3921260 3920868 genome.dna 650568 650985 NC_005085.gbk
629 33.1 3921930 3923132 genome.dna 1262273 1263365 NC_005085.gbk
425 44.7 3931316 3931831 genome.dna 791566 791065 NC_005085.gbk
1273 51.5 3932105 3933280 genome.dna 789544 788395 NC_005085.gbk
2290 66.9 3933298 3934833 genome.dna 788326 786850 NC_005085.gbk
1844 36.1 3939697 3942345 genome.dna 3978271 3975595 NC_005085.gbk
1511 51.5 3942520 3943878 genome.dna 1163796 1162455 NC_005085.gbk
320 35.3 3952181 3951618 genome.dna 1796026 1796566 NC_005085.gbk
792 50.2 3955431 3956147 genome.dna 688981 688282 NC_005085.gbk
2270 58.9 3956293 3958011 genome.dna 613876 615583 NC_005085.gbk
1061 53.8 3959109 3958117 genome.dna 3983110 3984061 NC_005085.gbk
516 41.0 3960197 3959163 genome.dna 3982052 3983057 NC_005085.gbk
565 44.9 3961248 3960622 genome.dna 3981234 3981903 NC_005085.gbk
581 58.1 3963052 3962555 genome.dna 1323597 1324074 NC_005085.gbk
540 44.1 3963804 3963091 genome.dna 1322902 1323580 NC_005085.gbk
219 41.8 3964143 3963808 genome.dna 3755492 3755795 NC_005085.gbk
1586 54.7 3969453 3967963 genome.dna 2497318 2498752 NC_005085.gbk
1554 75.5 3970373 3969465 genome.dna 2496392 2497319 NC_005085.gbk
1490 50.6 3971825 3970383 genome.dna 839064 840477 NC_005085.gbk
279 30.8 3972869 3972135 genome.dna 3882694 3881989 NC_005085.gbk
210 34.1 3986036 3985365 genome.dna 3808871 3809507 NC_005085.gbk
949 50.7 3988169 3987237 genome.dna 280281 279336 NC_005085.gbk
1173 59.0 3988268 3989257 genome.dna 280337 281360 NC_005085.gbk
816 51.2 3989266 3990012 genome.dna 3700696 3699955 NC_005085.gbk
1231 45.2 3994559 3995977 genome.dna 2682770 2681342 NC_005085.gbk
2420 65.7 4003479 4001842 genome.dna 3752407 3754048 NC_005085.gbk
1475 43.1 4007080 4004843 genome.dna 4003406 4001201 NC_005085.gbk
550 38.4 4008483 4007131 genome.dna 2102951 2101406 NC_005085.gbk
758 43.1 4013697 4012813 genome.dna 4175052 4174185 NC_005085.gbk
1064 44.1 4027241 4025196 genome.dna 4215613 4213147 NC_005085.gbk
1385 41.0 4031933 4029078 genome.dna 2283942 2281257 NC_005085.gbk
1377 54.2 4034399 4035643 genome.dna 2215336 2214112 NC_005085.gbk
667 44.7 4036522 4035704 genome.dna 1396891 1396078 NC_005085.gbk
306 38.5 4037027 4036671 genome.dna 3990336 3990696 NC_005085.gbk
402 43.4 4037132 4037767 genome.dna 3990165 3989631 NC_005085.gbk
724 61.0 4039680 4040210 genome.dna 3668229 3668757 NC_005085.gbk
1874 63.6 4047693 4049018 genome.dna 4580157 4578840 NC_005085.gbk
2075 49.8 4051288 4053240 genome.dna 295162 297067 NC_005085.gbk
369 38.7 4053431 4053985 genome.dna 3027652 3028237 NC_005085.gbk
198 31.0 4059399 4059037 genome.dna 2957119 2956735 NC_005085.gbk
544 58.0 4059979 4059527 genome.dna 3938104 3937654 NC_005085.gbk
358 68.0 4060248 4060021 genome.dna 3938353 3938125 NC_005085.gbk
159 31.3 4060573 4060253 genome.dna 3938658 3938358 NC_005085.gbk
512 60.8 4060971 4060579 genome.dna 3939051 3938676 NC_005085.gbk
210 31.6 4067878 4067480 genome.dna 1635804 1636200 NC_005085.gbk
868 55.8 4068636 4067902 genome.dna 1208346 1209093 NC_005085.gbk
1941 46.6 4071195 4068739 genome.dna 3828762 3825894 NC_005085.gbk
360 42.3 4071662 4071237 genome.dna 3781216 3780775 NC_005085.gbk
1016 48.8 4076878 4075862 genome.dna 188087 189125 NC_005085.gbk
744 51.7 4076900 4077613 genome.dna 187950 187254 NC_005085.gbk
592 41.7 4077711 4078532 genome.dna 187200 186396 NC_005085.gbk
337 33.7 4078582 4079136 genome.dna 186387 185805 NC_005085.gbk
621 49.2 4079441 4080034 genome.dna 960523 961117 NC_005085.gbk
1310 54.1 4080027 4081166 genome.dna 961113 962304 NC_005085.gbk
390 44.9 4086876 4086421 genome.dna 88911 89370 NC_005085.gbk
1962 70.0 4102382 4101120 genome.dna 4055370 4056600 NC_005085.gbk
1071 55.5 4102518 4103441 genome.dna 4055248 4054330 NC_005085.gbk
1021 51.2 4104376 4103468 genome.dna 3215572 3216478 NC_005085.gbk
811 43.1 4104484 4105365 genome.dna 3215430 3214569 NC_005085.gbk
600 41.9 4105353 4106009 genome.dna 3214564 3213880 NC_005085.gbk
1267 57.6 4109655 4110677 genome.dna 958235 959279 NC_005085.gbk
1045 51.4 4114259 4113273 genome.dna 223965 224940 NC_005085.gbk
1627 55.1 4114440 4115846 genome.dna 2695087 2693680 NC_005085.gbk
975 47.8 4115888 4116970 genome.dna 2080590 2081661 NC_005085.gbk
347 38.3 4118250 4118720 genome.dna 3462392 3462881 NC_005085.gbk
1793 67.0 4119655 4120848 genome.dna 349843 348649 NC_005085.gbk
807 69.6 4121033 4121530 genome.dna 394406 393908 NC_005085.gbk
1470 65.3 4126156 4127136 genome.dna 1911244 1910266 NC_005085.gbk
2863 44.8 4127133 4130429 genome.dna 1910270 1906958 NC_005085.gbk
431 41.5 4130795 4132126 genome.dna 1906743 1905333 NC_005085.gbk
381 38.2 4132123 4133055 genome.dna 1905344 1904345 NC_005085.gbk
706 59.4 4133069 4134082 genome.dna 1904349 1903314 NC_005085.gbk
336 43.9 4134092 4134646 genome.dna 1903315 1902727 NC_005085.gbk
4422 68.9 4139901 4137067 genome.dna 2059263 2062095 NC_005085.gbk
269 36.6 4140147 4140710 genome.dna 2056639 2056168 NC_005085.gbk
361 41.7 4143007 4143462 genome.dna 1098354 1097928 NC_005085.gbk
521 54.3 4144145 4143714 genome.dna 620351 619928 NC_005085.gbk
418 52.7 4144983 4144591 genome.dna 2338808 2339162 NC_005085.gbk
576 46.9 4147026 4146418 genome.dna 2336981 2337593 NC_005085.gbk
176 38.6 4147308 4147039 genome.dna 2335951 2336257 NC_005085.gbk
1259 56.0 4148747 4147596 genome.dna 2334753 2335950 NC_005085.gbk
577 36.4 4150526 4148757 genome.dna 2332954 2334742 NC_005085.gbk
171 33.0 4151759 4151454 genome.dna 2331633 2331936 NC_005085.gbk
231 37.8 4158475 4158786 genome.dna 2326203 2325894 NC_005085.gbk
652 58.3 4158788 4159333 genome.dna 2325895 2325325 NC_005085.gbk
2002 58.4 4159330 4160865 genome.dna 2325326 2323724 NC_005085.gbk
2113 62.1 4160865 4162358 genome.dna 2323728 2322261 NC_005085.gbk
1128 57.6 4162339 4163160 genome.dna 2322269 2321432 NC_005085.gbk
475 52.1 4163157 4163606 genome.dna 2321436 2320977 NC_005085.gbk
1287 54.6 4163802 4164911 genome.dna 2319916 2318776 NC_005085.gbk
1084 50.8 4164948 4165883 genome.dna 2318764 2317837 NC_005085.gbk
364 55.6 4165894 4166232 genome.dna 2317585 2317252 NC_005085.gbk
445 49.7 4166235 4166681 genome.dna 2317251 2316801 NC_005085.gbk
535 55.1 4166681 4167148 genome.dna 2316802 2316337 NC_005085.gbk
2381 76.1 4167359 4168786 genome.dna 2316031 2314600 NC_005085.gbk
889 73.6 4168786 4169310 genome.dna 2314598 2314073 NC_005085.gbk
201 39.3 4169658 4169960 genome.dna 1570671 1570938 NC_005085.gbk
1062 34.3 4170347 4172818 genome.dna 2311441 2308645 NC_005085.gbk
845 44.7 4172818 4173702 genome.dna 2308646 2307752 NC_005085.gbk
257 47.1 4173699 4173914 genome.dna 2307753 2307546 NC_005085.gbk
1072 46.9 4173902 4175047 genome.dna 2307559 2306386 NC_005085.gbk
666 52.3 4175044 4175637 genome.dna 2306390 2305781 NC_005085.gbk
347 48.8 4176578 4176925 genome.dna 441385 441778 NC_005085.gbk
1251 55.5 4176916 4178022 genome.dna 2305075 2303968 NC_005085.gbk
591 49.7 4178015 4178590 genome.dna 446053 446629 NC_005085.gbk
296 37.4 4180153 4180770 genome.dna 357749 357170 NC_005085.gbk
1459 50.4 4181249 4182667 genome.dna 1624985 1623554 NC_005085.gbk
1275 57.2 4186931 4185840 genome.dna 267127 266008 NC_005085.gbk
342 31.0 4192801 4193715 genome.dna 3173306 3174200 NC_005085.gbk
571 43.6 4196148 4196876 genome.dna 3345763 3345019 NC_005085.gbk
1027 57.9 4196873 4197727 genome.dna 3345020 3344144 NC_005085.gbk
519 43.6 4197767 4198645 genome.dna 3344126 3343223 NC_005085.gbk
457 35.8 4217612 4218277 genome.dna 2435631 2436306 NC_005085.gbk
4188 73.1 4221505 4218908 genome.dna 2658063 2655474 NC_005085.gbk
235 40.9 4222572 4222883 genome.dna 96725 96404 NC_005085.gbk
1343 56.6 4233904 4232027 genome.dna 559690 561355 NC_005085.gbk
3694 61.6 4236582 4233919 genome.dna 556906 559570 NC_005085.gbk
677 44.2 4237489 4236725 genome.dna 3315445 3316216 NC_005085.gbk
2075 68.6 4238161 4239519 genome.dna 4714289 4712918 NC_005085.gbk
664 55.7 4243540 4242965 genome.dna 607045 607591 NC_005085.gbk
901 53.3 4244964 4245854 genome.dna 1713524 1712684 NC_005085.gbk
227 37.3 4246180 4246626 genome.dna 4543119 4542651 NC_005085.gbk
506 44.3 4250722 4251348 genome.dna 4123526 4122911 NC_005085.gbk
452 33.7 4251341 4252093 genome.dna 4122875 4122116 NC_005085.gbk
219 51.9 4252166 4252360 genome.dna 4122111 4121919 NC_005085.gbk
3665 62.4 4255592 4252890 genome.dna 4618041 4615329 NC_005085.gbk
1128 53.9 4257707 4256787 genome.dna 4676895 4675980 NC_005085.gbk
1257 54.2 4258960 4257809 genome.dna 4678192 4677004 NC_005085.gbk
1349 48.4 4260285 4259029 genome.dna 4679512 4678297 NC_005085.gbk
1057 53.0 4262088 4261168 genome.dna 4681185 4680273 NC_005085.gbk
1658 53.7 4263557 4262097 genome.dna 4682629 4681234 NC_005085.gbk
903 43.8 4264711 4263620 genome.dna 4683749 4682666 NC_005085.gbk
989 39.8 4265910 4264708 genome.dna 4684912 4683754 NC_005085.gbk
956 43.1 4267226 4265910 genome.dna 4686270 4684908 NC_005085.gbk
1454 59.0 4268312 4267230 genome.dna 4687366 4686280 NC_005085.gbk
1112 46.0 4269667 4268306 genome.dna 4688729 4687367 NC_005085.gbk
1170 44.3 4271151 4269664 genome.dna 4690207 4688725 NC_005085.gbk
1511 40.6 4272901 4271138 genome.dna 4691963 4690211 NC_005085.gbk
1032 53.8 4274186 4273242 genome.dna 4693194 4692231 NC_005085.gbk
411 42.8 4274647 4274189 genome.dna 4693637 4693190 NC_005085.gbk
637 60.1 4277861 4277370 genome.dna 625452 625944 NC_005085.gbk
2256 58.0 4279582 4277864 genome.dna 623675 625442 NC_005085.gbk
994 35.6 4281750 4279945 genome.dna 4381410 4383174 NC_005085.gbk
1466 47.3 4282166 4283764 genome.dna 632716 634255 NC_005085.gbk
1213 53.8 4283764 4284855 genome.dna 3015447 3014382 NC_005085.gbk
1943 63.0 4284858 4286258 genome.dna 3019411 3017995 NC_005085.gbk
751 56.5 4286272 4286874 genome.dna 3017649 3017010 NC_005085.gbk
460 62.1 4287266 4286955 genome.dna 730227 730539 NC_005085.gbk
802 53.1 4287997 4287263 genome.dna 729517 730231 NC_005085.gbk
1061 57.1 4289018 4288182 genome.dna 728638 729412 NC_005085.gbk
1627 43.0 4292628 4294286 genome.dna 3611894 3613580 NC_005085.gbk
315 32.5 4296705 4297769 genome.dna 3448338 3447321 NC_005085.gbk
707 50.9 4312461 4313114 genome.dna 4049790 4049112 NC_005085.gbk
832 34.3 4316738 4318033 genome.dna 4564714 4566004 NC_005085.gbk
1237 60.9 4318033 4319034 genome.dna 4566003 4566990 NC_005085.gbk
859 51.7 4319027 4319845 genome.dna 134380 133591 NC_005085.gbk
332 41.9 4319858 4320235 genome.dna 2355426 2355807 NC_005085.gbk
820 46.4 4320238 4321083 genome.dna 4398796 4397962 NC_005085.gbk
283 35.1 4322282 4321758 genome.dna 287654 288173 NC_005085.gbk
451 49.6 4323873 4323391 genome.dna 1073427 1073925 NC_005085.gbk
433 52.5 4326494 4326126 genome.dna 2527941 2528310 NC_005085.gbk
904 59.3 4327281 4326592 genome.dna 2524711 2525401 NC_005085.gbk
4966 70.5 4330684 4327460 genome.dna 4101638 4098428 NC_005085.gbk
1695 68.9 4331847 4330699 genome.dna 4103507 4102379 NC_005085.gbk
1092 63.3 4333114 4332293 genome.dna 1951865 1951061 NC_005085.gbk
1241 61.6 4334402 4333452 genome.dna 3874389 3873453 NC_005085.gbk
375 44.2 4335368 4334856 genome.dna 3874981 3874480 NC_005085.gbk
3267 54.8 4338181 4335368 genome.dna 3877810 3875032 NC_005085.gbk
835 47.1 4339154 4338213 genome.dna 3878742 3877806 NC_005085.gbk
274 52.3 4339580 4339843 genome.dna 4045768 4045504 NC_005085.gbk
616 34.9 4340841 4339921 genome.dna 3397867 3398749 NC_005085.gbk
1624 61.4 4343498 4342359 genome.dna 1782455 1783583 NC_005085.gbk
2978 71.8 4345514 4343607 genome.dna 1779284 1781213 NC_005085.gbk
829 65.4 4345979 4346554 genome.dna 552547 553108 NC_005085.gbk
1834 63.9 4348005 4346668 genome.dna 3177751 3179065 NC_005085.gbk
954 75.1 4348720 4348133 genome.dna 3482906 3483485 NC_005085.gbk
979 56.4 4351702 4352475 genome.dna 1316400 1315626 NC_005085.gbk
588 31.7 4353827 4352538 genome.dna 1035672 1037082 NC_005085.gbk
481 52.3 4360338 4359856 genome.dna 4017576 4018038 NC_005085.gbk
295 31.3 4362071 4361421 genome.dna 3492679 3493321 NC_005085.gbk
2564 68.3 4365488 4367155 genome.dna 3655956 3657624 NC_005085.gbk
940 45.1 4370220 4371221 genome.dna 1769068 1768054 NC_005085.gbk
902 65.9 4373604 4372945 genome.dna 1324246 1324906 NC_005085.gbk
735 42.4 4373843 4374736 genome.dna 2771501 2772440 NC_005085.gbk
427 35.3 4376373 4375759 genome.dna 2768834 2768198 NC_005085.gbk
413 30.9 4377440 4376580 genome.dna 298338 299142 NC_005085.gbk
1528 61.4 4379941 4378778 genome.dna 199106 197930 NC_005085.gbk
1074 47.4 4381030 4380014 genome.dna 200424 199413 NC_005085.gbk
1792 45.5 4387762 4385783 genome.dna 3152653 3150772 NC_005085.gbk
1773 69.4 4388480 4389631 genome.dna 995558 996728 NC_005085.gbk
709 52.5 4390561 4391259 genome.dna 2166684 2167347 NC_005085.gbk
593 40.7 4391555 4392289 genome.dna 383558 384284 NC_005085.gbk
1026 49.4 4392301 4393260 genome.dna 4609472 4608527 NC_005085.gbk
569 44.4 4393344 4393907 genome.dna 4223709 4224288 NC_005085.gbk
341 42.4 4393907 4394326 genome.dna 4224298 4224712 NC_005085.gbk
901 45.2 4395434 4394430 genome.dna 2610941 2609933 NC_005085.gbk
1270 57.6 4395604 4396995 genome.dna 1805657 1807028 NC_005085.gbk
1801 60.9 4398393 4397095 genome.dna 3836975 3835679 NC_005085.gbk
452 35.6 4399815 4398820 genome.dna 3839149 3838264 NC_005085.gbk
599 35.7 4401072 4399819 genome.dna 3840372 3839145 NC_005085.gbk
1346 60.4 4402445 4401165 genome.dna 3841489 3840358 NC_005085.gbk
388 69.1 4402839 4402540 genome.dna 3841850 3841589 NC_005085.gbk
1030 54.7 4403893 4402952 genome.dna 3682718 3683696 NC_005085.gbk
1113 36.8 4405841 4403886 genome.dna 1414728 1412832 NC_005085.gbk
523 53.8 4408042 4407560 genome.dna 4120153 4120645 NC_005085.gbk
726 37.7 4409618 4408062 genome.dna 3634922 3636389 NC_005085.gbk
1325 55.6 4409761 4410900 genome.dna 4120155 4119078 NC_005085.gbk
769 62.4 4435345 4434803 genome.dna 2553279 2553825 NC_005085.gbk
554 37.1 4435653 4436702 genome.dna 2551642 2550778 NC_005085.gbk
952 55.1 4436846 4437871 genome.dna 628835 627992 NC_005085.gbk
2796 66.9 4442783 4444579 genome.dna 3665897 3664121 NC_005085.gbk
1026 58.9 4444572 4445309 genome.dna 3664125 3663378 NC_005085.gbk
273 32.5 4445320 4445718 genome.dna 3663382 3662983 NC_005085.gbk
309 43.5 4445733 4446089 genome.dna 3662987 3662624 NC_005085.gbk
582 48.2 4446212 4446796 genome.dna 3512759 3513296 NC_005085.gbk
370 33.5 4448185 4447619 genome.dna 1454693 1454129 NC_005085.gbk
2128 59.3 4451372 4449723 genome.dna 162660 164304 NC_005085.gbk
4543 63.6 4464530 4460847 genome.dna 214303 210589 NC_005085.gbk
2126 73.0 4468982 4467675 genome.dna 1778182 1776883 NC_005085.gbk
1734 53.8 4470612 4469014 genome.dna 3598024 3599620 NC_005085.gbk
637 52.3 4477982 4478530 genome.dna 903281 902735 NC_005085.gbk
748 45.4 4479596 4478769 genome.dna 3896044 3895222 NC_005085.gbk
270 36.4 4481228 4480755 genome.dna 4602202 4602661 NC_005085.gbk
717 42.8 4482321 4481200 genome.dna 4601093 4602173 NC_005085.gbk
694 60.8 4482450 4482959 genome.dna 4599933 4599429 NC_005085.gbk
987 52.1 4482986 4483933 genome.dna 4599355 4598431 NC_005085.gbk
1166 44.5 4484001 4485290 genome.dna 4597468 4596217 NC_005085.gbk
335 50.0 4486815 4487225 genome.dna 1432243 1431781 NC_005085.gbk
566 73.7 4488068 4487676 genome.dna 4501986 4501590 NC_005085.gbk
1388 62.9 4489098 4488109 genome.dna 4502994 4502010 NC_005085.gbk
1020 74.3 4489744 4489124 genome.dna 4503638 4503017 NC_005085.gbk
691 73.3 4490164 4489775 genome.dna 4504052 4503656 NC_005085.gbk
560 67.2 4490537 4490181 genome.dna 4504432 4504069 NC_005085.gbk
194 68.4 4490800 4490684 genome.dna 4504616 4504502 NC_005085.gbk
1880 67.5 4492165 4490834 genome.dna 4506215 4504895 NC_005085.gbk
563 62.9 4492607 4492173 genome.dna 4506658 4506226 NC_005085.gbk
206 56.1 4492790 4492611 genome.dna 4506847 4506661 NC_005085.gbk
675 58.9 4493297 4492797 genome.dna 4507358 4506839 NC_005085.gbk
406 54.7 4493665 4493312 genome.dna 4507725 4507371 NC_005085.gbk
740 65.5 4494208 4493675 genome.dna 4508272 4507738 NC_005085.gbk
619 69.5 4494614 4494222 genome.dna 4508677 4508281 NC_005085.gbk
381 59.4 4494953 4494648 genome.dna 4508998 4508692 NC_005085.gbk
901 70.8 4495506 4494967 genome.dna 4509542 4509002 NC_005085.gbk
392 62.4 4495835 4495521 genome.dna 4509866 4509551 NC_005085.gbk
629 78.9 4496217 4495846 genome.dna 4510246 4509877 NC_005085.gbk
325 60.5 4496635 4496381 genome.dna 4510719 4510455 NC_005085.gbk
215 57.4 4496826 4496635 genome.dna 4510909 4510720 NC_005085.gbk
690 77.9 4497236 4496826 genome.dna 4511325 4510908 NC_005085.gbk
1006 61.8 4497950 4497249 genome.dna 4512010 4511308 NC_005085.gbk
406 59.6 4498300 4497968 genome.dna 4512350 4512020 NC_005085.gbk
473 72.8 4498593 4498315 genome.dna 4512638 4512359 NC_005085.gbk
1327 70.6 4499431 4498610 genome.dna 4513478 4512644 NC_005085.gbk
352 59.6 4499751 4499449 genome.dna 4513798 4513489 NC_005085.gbk
655 53.9 4500353 4499748 genome.dna 4514415 4513794 NC_005085.gbk
869 64.3 4500993 4500364 genome.dna 4515059 4514414 NC_005085.gbk
492 73.5 4501337 4501026 genome.dna 4515528 4515216 NC_005085.gbk
725 67.7 4502117 4501644 genome.dna 3695122 3694645 NC_005085.gbk
3398 73.1 4505956 4503842 genome.dna 4518905 4516808 NC_005085.gbk
715 66.7 4506523 4506053 genome.dna 4519403 4518932 NC_005085.gbk
720 87.0 4506994 4506620 genome.dna 4519887 4519515 NC_005085.gbk
157 40.3 4517758 4517976 genome.dna 471817 471589 NC_005085.gbk
389 36.8 4520431 4519847 genome.dna 3890747 3891227 NC_005085.gbk
1041 34.0 4522627 4520816 genome.dna 3626601 3624630 NC_005085.gbk
369 39.9 4523180 4522629 genome.dna 294696 294159 NC_005085.gbk
2385 56.6 4523306 4525213 genome.dna 2993486 2995391 NC_005085.gbk
669 35.8 4526001 4527020 genome.dna 3483481 3484456 NC_005085.gbk
490 50.0 4528763 4528356 genome.dna 2992298 2991881 NC_005085.gbk
1680 61.0 4531124 4529898 genome.dna 1599754 1600930 NC_005085.gbk
897 66.3 4531820 4531245 genome.dna 2348621 2348051 NC_005085.gbk
634 54.5 4539402 4538833 genome.dna 3465396 3465954 NC_005085.gbk
407 34.8 4558484 4557780 genome.dna 2353788 2353119 NC_005085.gbk
1033 67.4 4559154 4558477 genome.dna 2355320 2354636 NC_005085.gbk
1240 55.0 4562421 4561336 genome.dna 855471 854391 NC_005085.gbk
549 51.5 4562994 4562473 genome.dna 856025 855470 NC_005085.gbk
1645 40.6 4567199 4569754 genome.dna 861088 863452 NC_005085.gbk
371 45.9 4573911 4574321 genome.dna 3021901 3021496 NC_005085.gbk
742 41.3 4574406 4575275 genome.dna 2179260 2180145 NC_005085.gbk
903 57.3 4579442 4578723 genome.dna 226115 226847 NC_005085.gbk
392 44.2 4592217 4591738 genome.dna 3679337 3678782 NC_005085.gbk
3162 63.4 4597892 4600225 genome.dna 1644075 1646388 NC_005085.gbk
486 32.3 4609268 4607523 genome.dna 1616777 1615403 NC_005085.gbk
478 37.0 4613436 4612669 genome.dna 4720328 4719608 NC_005085.gbk
251 31.5 4613483 4614184 genome.dna 4726344 4727013 NC_005085.gbk
841 51.6 4620311 4619553 genome.dna 125106 124335 NC_005085.gbk
1632 50.8 4622349 4623851 genome.dna 260673 262185 NC_005085.gbk
2616 72.4 4640126 4641844 genome.dna 1805551 1803778 NC_005085.gbk
1711 67.9 4644844 4643741 genome.dna 3008702 3007595 NC_005085.gbk
588 44.1 4645142 4645735 genome.dna 4007500 4008103 NC_005085.gbk
600 43.3 4651246 4650551 genome.dna 1349926 1350628 NC_005085.gbk
2452 76.9 4656105 4657454 genome.dna 259158 260502 NC_005085.gbk
718 44.1 4659594 4658794 genome.dna 1010879 1011677 NC_005085.gbk
1806 47.8 4664050 4662224 genome.dna 498616 500446 NC_005085.gbk
824 43.8 4665855 4666784 genome.dna 308948 309860 NC_005085.gbk
1843 50.5 4672431 4670269 genome.dna 215312 217454 NC_005085.gbk
817 45.7 4674165 4673230 genome.dna 2557698 2556798 NC_005085.gbk
1018 55.5 4675687 4674863 genome.dna 2720443 2721274 NC_005085.gbk
284 38.1 4676010 4676330 genome.dna 46394 46712 NC_005085.gbk
1102 58.6 4680620 4681561 genome.dna 60696 59808 NC_005085.gbk
410 39.0 4681558 4682298 genome.dna 59249 58517 NC_005085.gbk
1403 58.6 4702353 4701286 genome.dna 4336416 4337475 NC_005085.gbk
1244 58.9 4703612 4702350 genome.dna 4345870 4344628 NC_005085.gbk
1473 59.1 4704862 4703738 genome.dna 4347016 4345870 NC_005085.gbk
1992 69.9 4708658 4707399 genome.dna 1708628 1709885 NC_005085.gbk
524 68.5 4709479 4709153 genome.dna 1708176 1708503 NC_005085.gbk
2126 49.9 4714432 4712411 genome.dna 4398912 4400934 NC_005085.gbk
2173 57.0 4718921 4714953 genome.dna 1652788 1656382 NC_005085.gbk
746 41.2 4721531 4720644 genome.dna 1168135 1169020 NC_005085.gbk
1838 55.6 4728119 4726569 genome.dna 3379303 3377773 NC_005085.gbk
2974 72.4 4729969 4728119 genome.dna 1342942 1344799 NC_005085.gbk
924 44.4 4730969 4730043 genome.dna 2281146 2280222 NC_005085.gbk
1669 53.3 4733613 4735139 genome.dna 4328909 4327406 NC_005085.gbk
686 39.4 4755209 4754301 genome.dna 3672498 3673437 NC_005085.gbk
728 43.8 4756712 4755816 genome.dna 1000143 1000980 NC_005085.gbk
871 43.5 4763086 4761920 genome.dna 2012029 2013130 NC_005085.gbk
1045 46.3 4766891 4765731 genome.dna 3689102 3687959 NC_005085.gbk
572 40.7 4767603 4768400 genome.dna 1673274 1672491 NC_005085.gbk
963 46.0 4768410 4769372 genome.dna 1672489 1671526 NC_005085.gbk
859 45.0 4769378 4770382 genome.dna 1671506 1670507 NC_005085.gbk
288 58.5 4770684 4770469 genome.dna 1898764 1898980 NC_005085.gbk
1931 45.5 4770998 4773196 genome.dna 1177077 1179261 NC_005085.gbk
747 67.8 4775884 4776414 genome.dna 417391 417943 NC_005085.gbk
1875 67.0 4776424 4777755 genome.dna 417987 419334 NC_005085.gbk
435 41.8 4778952 4779437 genome.dna 1776754 1776274 NC_005085.gbk
254 31.8 4780345 4781184 genome.dna 258267 258963 NC_005085.gbk
2046 57.8 4781238 4782749 genome.dna 256683 258186 NC_005085.gbk
649 43.1 4784192 4784938 genome.dna 4377659 4376867 NC_005085.gbk
649 45.6 4786326 4787093 genome.dna 974487 975234 NC_005085.gbk
552 35.3 4788410 4787304 genome.dna 3544635 3543645 NC_005085.gbk
243 30.4 4789295 4788411 genome.dna 1393830 1394619 NC_005085.gbk
459 37.3 4816065 4815202 genome.dna 417379 416551 NC_005085.gbk
601 56.0 4834867 4834403 genome.dna 4727053 4727518 NC_005085.gbk
724 50.4 4837408 4836659 genome.dna 3951988 3951301 NC_005085.gbk
1402 60.6 4838481 4837408 genome.dna 3953129 3952016 NC_005085.gbk
1244 64.8 4839358 4838507 genome.dna 3953982 3953142 NC_005085.gbk
1242 63.2 4840266 4839379 genome.dna 3954863 3953981 NC_005085.gbk
1990 65.6 4841673 4840339 genome.dna 3956249 3954920 NC_005085.gbk
828 53.6 4859998 4859297 genome.dna 1609431 1610142 NC_005085.gbk
813 50.2 4860774 4860004 genome.dna 1608664 1609435 NC_005085.gbk
551 44.5 4862045 4860771 genome.dna 1607570 1608662 NC_005085.gbk
844 44.0 4862968 4862042 genome.dna 1606624 1607554 NC_005085.gbk
649 32.7 4864237 4863125 genome.dna 2671677 2672883 NC_005085.gbk
971 53.9 4866035 4865178 genome.dna 4537848 4538712 NC_005085.gbk
793 54.2 4867996 4867325 genome.dna 4536161 4536815 NC_005085.gbk
1162 51.4 4869411 4868002 genome.dna 4534973 4536101 NC_005085.gbk
457 44.6 4869761 4870336 genome.dna 4534734 4534179 NC_005085.gbk
1489 37.0 4872230 4874593 genome.dna 1212003 1214298 NC_005085.gbk
186 36.7 4875073 4874828 genome.dna 4673231 4672958 NC_005085.gbk
1089 75.6 4875290 4875967 genome.dna 3118409 3119075 NC_005085.gbk
793 35.3 4881213 4880005 genome.dna 2019816 2021013 NC_005085.gbk
1721 61.9 4886675 4885383 genome.dna 4008243 4009569 NC_005085.gbk
959 39.1 4890289 4888643 genome.dna 2890761 2892342 NC_005085.gbk
360 30.6 4892621 4893358 genome.dna 2903254 2902495 NC_005085.gbk
1620 36.1 4896128 4898422 genome.dna 2899908 2897691 NC_005085.gbk
1270 52.2 4898429 4899544 genome.dna 2897692 2896543 NC_005085.gbk
2106 70.4 4906610 4907971 genome.dna 1250454 1249032 NC_005085.gbk
1385 42.2 4911222 4909444 genome.dna 1492313 1493978 NC_005085.gbk
902 47.2 4917573 4916662 genome.dna 2068971 2069874 NC_005085.gbk
1308 60.9 4926494 4925484 genome.dna 1147920 1148892 NC_005085.gbk
1348 62.3 4927471 4926491 genome.dna 1146947 1147928 NC_005085.gbk
1221 60.9 4928387 4927485 genome.dna 1146016 1146937 NC_005085.gbk
1448 62.2 4929420 4928401 genome.dna 1144974 1146003 NC_005085.gbk
1448 62.2 4929420 4928401 genome.dna 1144974 1146003 NC_005085.gbk
2106 57.5 4931262 4929655 genome.dna 1142963 1144559 NC_005085.gbk
1480 51.8 4932696 4934039 genome.dna 2340922 2339599 NC_005085.gbk
803 30.1 4954563 4953274 genome.dna 3237830 3239138 NC_005085.gbk
3082 60.9 4981440 4979023 genome.dna 3005 5321 NC_005085.gbk
981 44.1 4983694 4982594 genome.dna 1690 2800 NC_005085.gbk
1671 54.2 4985096 4983699 genome.dna 244 1648 NC_005085.gbk
194 63.6 4985770 4985910 genome.dna 4750994 4750859 NC_005085.gbk
229 38.7 4985929 4986288 genome.dna 4750855 4750489 NC_005085.gbk
1184 38.0 4986512 4988146 genome.dna 4750285 4748647 NC_005085.gbk
1617 57.6 4988276 4989640 genome.dna 4748541 4747188 NC_005085.gbk
1593 53.3 4994663 4993335 genome.dna 3218337 3217101 NC_005085.gbk
1593 53.3 4994663 4993335 genome.dna 3218337 3217101 NC_005085.gbk
1754 43.9 4996675 4994660 genome.dna 4612763 4610849 NC_005085.gbk
699 31.9 5001994 5003496 genome.dna 747289 745903 NC_005085.gbk
1561 53.7 5010680 5009268 genome.dna 4069073 4070372 NC_005085.gbk
840 56.2 5012651 5011923 genome.dna 1340093 1339409 NC_005085.gbk
740 50.0 5013396 5012653 genome.dna 1340830 1340089 NC_005085.gbk
1112 61.0 5014534 5013698 genome.dna 1341758 1340906 NC_005085.gbk
991 39.5 5015861 5014662 genome.dna 145774 144568 NC_005085.gbk
670 48.4 5017538 5016804 genome.dna 1325022 1325727 NC_005085.gbk
1284 74.3 5018328 5017552 genome.dna 971305 970531 NC_005085.gbk
1147 59.4 5019301 5018414 genome.dna 972232 971308 NC_005085.gbk
1267 61.3 5020260 5019301 genome.dna 973196 972233 NC_005085.gbk
1299 56.4 5021463 5020423 genome.dna 974317 973279 NC_005085.gbk
143 31.6 5044387 5044136 genome.dna 1660303 1660573 NC_005085.gbk
2107 54.4 5049054 5047222 genome.dna 704053 705883 NC_005085.gbk
1593 52.9 5050610 5049240 genome.dna 701259 702627 NC_005085.gbk
430 50.8 5053946 5053527 genome.dna 700755 701178 NC_005085.gbk
2459 81.1 5055348 5053966 genome.dna 699346 700744 NC_005085.gbk
1003 55.3 5056259 5055396 genome.dna 698477 699305 NC_005085.gbk
2346 68.6 5057853 5056312 genome.dna 696853 698398 NC_005085.gbk
348 32.0 5058399 5057866 genome.dna 696308 696845 NC_005085.gbk
416 48.9 5058884 5058414 genome.dna 695893 696301 NC_005085.gbk
987 56.7 5060037 5059237 genome.dna 694607 695420 NC_005085.gbk
552 44.9 5061686 5061066 genome.dna 691863 692493 NC_005085.gbk
2653 65.3 5063659 5061770 genome.dna 690049 691867 NC_005085.gbk
