392 42.0 475 32 genome.dna 774 333 NC_004347.gbk
746 75.8 1026 565 genome.dna 3951641 3952103 NC_004347.gbk
607 30.8 9017 7668 genome.dna 2202307 2203738 NC_004347.gbk
606 43.1 9676 9014 genome.dna 2201568 2202228 NC_004347.gbk
260 37.7 9921 10316 genome.dna 4836405 4836795 NC_004347.gbk
866 48.0 14538 15464 genome.dna 822708 821796 NC_004347.gbk
546 31.6 15468 16463 genome.dna 3670144 3671161 NC_004347.gbk
516 43.5 23264 22674 genome.dna 4926413 4927007 NC_004347.gbk
1286 55.4 23805 24800 genome.dna 334520 335558 NC_004347.gbk
467 37.6 24825 25448 genome.dna 335684 336293 NC_004347.gbk
3814 63.5 25826 28615 genome.dna 4868588 4865819 NC_004347.gbk
776 60.2 29669 29034 genome.dna 4864110 4864770 NC_004347.gbk
231 36.1 29873 30427 genome.dna 4932784 4933336 NC_004347.gbk
1970 62.2 30749 32122 genome.dna 4934129 4935506 NC_004347.gbk
2176 70.1 33859 32447 genome.dna 4660675 4662091 NC_004347.gbk
1105 50.4 34917 33868 genome.dna 4659591 4660638 NC_004347.gbk
2497 77.6 36667 35258 genome.dna 4603653 4605063 NC_004347.gbk
3061 75.1 37037 38860 genome.dna 4602676 4600864 NC_004347.gbk
612 65.3 39698 40135 genome.dna 4591888 4591450 NC_004347.gbk
2915 64.1 47188 45107 genome.dna 4558250 4560317 NC_004347.gbk
3235 68.7 49985 47886 genome.dna 370360 368254 NC_004347.gbk
396 71.1 50279 50004 genome.dna 370682 370403 NC_004347.gbk
866 63.9 50956 50333 genome.dna 371364 370740 NC_004347.gbk
1543 59.1 59253 58054 genome.dna 59948 61139 NC_004347.gbk
1037 52.3 59530 61035 genome.dna 1089652 1091122 NC_004347.gbk
3053 65.2 70479 68437 genome.dna 4901865 4899825 NC_004347.gbk
1238 34.7 70800 73349 genome.dna 1656633 1658847 NC_004347.gbk
907 47.9 76671 77513 genome.dna 4858516 4859362 NC_004347.gbk
2161 70.5 77642 78994 genome.dna 4903727 4905083 NC_004347.gbk
469 34.1 83347 82475 genome.dna 2550395 2551304 NC_004347.gbk
721 55.9 97287 96724 genome.dna 18278 18854 NC_004347.gbk
648 42.2 97589 98332 genome.dna 1391446 1392214 NC_004347.gbk
1781 84.5 98527 99441 genome.dna 18161 17255 NC_004347.gbk
3079 68.5 99451 101520 genome.dna 17246 15179 NC_004347.gbk
354 48.7 106894 107256 genome.dna 2950226 2949869 NC_004347.gbk
550 41.7 110262 109636 genome.dna 3001470 3002055 NC_004347.gbk
772 49.4 111355 110522 genome.dna 117784 118621 NC_004347.gbk
2297 66.2 111626 113161 genome.dna 4669471 4670992 NC_004347.gbk
465 33.1 130095 131123 genome.dna 1825757 1826921 NC_004347.gbk
1165 59.9 151546 150683 genome.dna 4433259 4434123 NC_004347.gbk
932 50.5 153705 152758 genome.dna 2217884 2218865 NC_004347.gbk
1142 72.5 162282 162998 genome.dna 4433050 4432336 NC_004347.gbk
1147 81.2 163345 163986 genome.dna 4432163 4431515 NC_004347.gbk
783 62.6 164985 164389 genome.dna 4427792 4428386 NC_004347.gbk
732 68.7 165569 165111 genome.dna 4427302 4427761 NC_004347.gbk
1583 61.4 166824 165547 genome.dna 4426075 4427302 NC_004347.gbk
682 48.9 166978 167643 genome.dna 4425953 4425275 NC_004347.gbk
416 77.9 167881 168117 genome.dna 4425154 4424917 NC_004347.gbk
291 81.5 168129 168296 genome.dna 4424911 4424737 NC_004347.gbk
1007 56.1 168516 169325 genome.dna 4930398 4931214 NC_004347.gbk
679 65.8 170854 170375 genome.dna 4882670 4883162 NC_004347.gbk
1283 46.8 172168 170891 genome.dna 4874416 4875691 NC_004347.gbk
1921 72.3 186786 187982 genome.dna 4873183 4871989 NC_004347.gbk
1997 83.6 187993 189078 genome.dna 4871978 4870952 NC_004347.gbk
534 37.2 191434 190133 genome.dna 55490 54455 NC_004347.gbk
433 44.1 191679 192110 genome.dna 57408 57843 NC_004347.gbk
697 68.4 192299 192775 genome.dna 58104 58578 NC_004347.gbk
1580 72.9 192775 193791 genome.dna 58582 59599 NC_004347.gbk
811 47.3 199675 198740 genome.dna 831067 830161 NC_004347.gbk
2910 57.7 199780 202044 genome.dna 831266 833549 NC_004347.gbk
1232 72.9 207819 208589 genome.dna 4290566 4289807 NC_004347.gbk
3450 58.7 212248 209609 genome.dna 279825 277179 NC_004347.gbk
1068 52.3 217784 218788 genome.dna 280523 281504 NC_004347.gbk
759 48.0 218826 219599 genome.dna 281535 282318 NC_004347.gbk
1917 65.1 219661 221034 genome.dna 284610 285978 NC_004347.gbk
1455 48.7 221269 222798 genome.dna 2140036 2138422 NC_004347.gbk
1176 68.9 222967 223722 genome.dna 4366789 4367545 NC_004347.gbk
282 32.6 223735 224358 genome.dna 4367547 4368165 NC_004347.gbk
2093 57.7 224355 225995 genome.dna 4368161 4369811 NC_004347.gbk
242 44.8 226078 226338 genome.dna 4369870 4370137 NC_004347.gbk
1150 67.8 226939 227694 genome.dna 4370596 4371346 NC_004347.gbk
811 47.3 227773 228555 genome.dna 4371907 4372711 NC_004347.gbk
1732 75.4 228573 229595 genome.dna 4374590 4375601 NC_004347.gbk
339 35.3 230144 229656 genome.dna 3335237 3334736 NC_004347.gbk
2612 73.7 230345 231841 genome.dna 533939 532472 NC_004347.gbk
688 46.4 231891 232592 genome.dna 531548 530849 NC_004347.gbk
1884 72.3 233849 232686 genome.dna 24470 23306 NC_004347.gbk
2980 63.9 236050 233861 genome.dna 26643 24492 NC_004347.gbk
1584 51.5 236236 237567 genome.dna 27068 28388 NC_004347.gbk
511 41.6 237567 238178 genome.dna 28403 29018 NC_004347.gbk
2234 65.6 238222 239673 genome.dna 29095 30556 NC_004347.gbk
459 44.3 239695 240234 genome.dna 30557 31082 NC_004347.gbk
1060 49.4 245968 247005 genome.dna 223638 224664 NC_004347.gbk
889 42.1 247002 247961 genome.dna 224656 225616 NC_004347.gbk
1230 58.2 248939 247989 genome.dna 226569 225618 NC_004347.gbk
2353 88.3 250357 251541 genome.dna 244056 245241 NC_004347.gbk
436 52.8 251779 252162 genome.dna 228740 229112 NC_004347.gbk
950 75.4 252164 252709 genome.dna 229121 229673 NC_004347.gbk
720 76.6 252872 253300 genome.dna 229800 230229 NC_004347.gbk
1246 86.0 253304 254008 genome.dna 230233 230935 NC_004347.gbk
786 77.6 254326 254823 genome.dna 231200 231701 NC_004347.gbk
512 73.0 254890 255255 genome.dna 231755 232124 NC_004347.gbk
7154 79.3 255584 259612 genome.dna 232366 236404 NC_004347.gbk
7424 79.7 259736 263959 genome.dna 236487 240705 NC_004347.gbk
1311 52.5 269046 267925 genome.dna 2555095 2553967 NC_004347.gbk
1082 64.6 269828 269043 genome.dna 2555856 2555091 NC_004347.gbk
124 31.2 270030 269830 genome.dna 2556061 2555857 NC_004347.gbk
3230 74.3 273440 271446 genome.dna 2560702 2558536 NC_004347.gbk
278 32.9 274276 273815 genome.dna 459028 458542 NC_004347.gbk
1900 78.8 275283 276347 genome.dna 459486 460551 NC_004347.gbk
387 37.4 277129 277719 genome.dna 3604723 3605323 NC_004347.gbk
1973 69.6 280242 278956 genome.dna 469728 468429 NC_004347.gbk
1645 72.4 281849 280260 genome.dna 471422 469790 NC_004347.gbk
401 63.7 300274 299978 genome.dna 407203 406897 NC_004347.gbk
1430 64.1 301263 300298 genome.dna 408188 407219 NC_004347.gbk
1375 65.8 303420 302533 genome.dna 409245 408363 NC_004347.gbk
424 47.7 307112 306645 genome.dna 536475 536016 NC_004347.gbk
648 67.1 307589 307137 genome.dna 536953 536512 NC_004347.gbk
528 43.4 308443 307844 genome.dna 2141449 2142097 NC_004347.gbk
1311 60.6 309481 308480 genome.dna 2140299 2141334 NC_004347.gbk
2026 90.2 313270 314313 genome.dna 4257177 4256127 NC_004347.gbk
875 44.8 314487 315470 genome.dna 4256083 4255015 NC_004347.gbk
532 43.6 315467 315955 genome.dna 4255016 4254527 NC_004347.gbk
532 54.3 315964 316557 genome.dna 4254525 4253940 NC_004347.gbk
2367 72.2 316547 318016 genome.dna 4253765 4252298 NC_004347.gbk
2035 65.9 321945 323390 genome.dna 4247215 4245766 NC_004347.gbk
412 42.3 331519 330968 genome.dna 4233396 4233930 NC_004347.gbk
1696 60.5 331816 333156 genome.dna 4233235 4231891 NC_004347.gbk
378 46.0 333638 333228 genome.dna 2040911 2041319 NC_004347.gbk
210 46.5 334075 333803 genome.dna 4105177 4105453 NC_004347.gbk
1081 56.2 334964 334107 genome.dna 4104336 4105191 NC_004347.gbk
514 54.7 335599 335126 genome.dna 4103896 4104340 NC_004347.gbk
397 64.2 335983 335696 genome.dna 4103606 4103894 NC_004347.gbk
1792 60.4 337440 336007 genome.dna 4102102 4103578 NC_004347.gbk
1174 74.1 338215 337490 genome.dna 4101264 4101996 NC_004347.gbk
398 38.6 338791 338219 genome.dna 4100716 4101268 NC_004347.gbk
677 54.8 339901 339335 genome.dna 4099621 4100173 NC_004347.gbk
1280 59.2 340994 339921 genome.dna 4098644 4099622 NC_004347.gbk
673 43.4 341977 341009 genome.dna 362175 361224 NC_004347.gbk
1271 68.4 342391 343203 genome.dna 4098065 4097246 NC_004347.gbk
1233 72.9 343211 343993 genome.dna 4097250 4096464 NC_004347.gbk
528 53.5 343998 344564 genome.dna 4096408 4095934 NC_004347.gbk
511 36.6 344577 345206 genome.dna 4095923 4095269 NC_004347.gbk
150 37.3 345220 345510 genome.dna 4095264 4094979 NC_004347.gbk
327 56.1 345645 345899 genome.dna 4094963 4094711 NC_004347.gbk
1795 64.9 345980 347242 genome.dna 4094699 4093439 NC_004347.gbk
1730 59.2 349956 348586 genome.dna 4087109 4088462 NC_004347.gbk
1142 48.3 350815 351966 genome.dna 4086661 4085548 NC_004347.gbk
755 78.9 352201 352629 genome.dna 4085252 4084823 NC_004347.gbk
707 81.5 352645 353037 genome.dna 4084809 4084416 NC_004347.gbk
1023 71.8 353367 354008 genome.dna 636394 637024 NC_004347.gbk
485 51.4 354014 354517 genome.dna 637023 637461 NC_004347.gbk
2169 64.3 357036 355618 genome.dna 1378340 1376933 NC_004347.gbk
6612 66.1 361542 357046 genome.dna 1382795 1378346 NC_004347.gbk
1285 59.2 362158 363087 genome.dna 1383381 1384311 NC_004347.gbk
791 54.6 366062 366715 genome.dna 4868973 4869630 NC_004347.gbk
704 48.7 366712 367449 genome.dna 3879495 3878718 NC_004347.gbk
462 37.8 369528 368956 genome.dna 303610 303043 NC_004347.gbk
818 63.7 370130 369540 genome.dna 304200 303606 NC_004347.gbk
1114 62.0 372605 373492 genome.dna 306577 307423 NC_004347.gbk
457 33.1 374918 375703 genome.dna 2007405 2008215 NC_004347.gbk
1122 43.4 379289 377889 genome.dna 4051555 4052863 NC_004347.gbk
735 54.3 379620 380252 genome.dna 4051314 4050711 NC_004347.gbk
308 38.4 380254 380688 genome.dna 4050698 4050257 NC_004347.gbk
785 44.2 380920 381747 genome.dna 4050242 4049405 NC_004347.gbk
549 43.4 381747 382328 genome.dna 4049379 4048803 NC_004347.gbk
3226 75.1 382412 384307 genome.dna 4048747 4046860 NC_004347.gbk
883 45.8 384350 385246 genome.dna 2572754 2571872 NC_004347.gbk
3385 67.7 392535 394805 genome.dna 4045639 4043362 NC_004347.gbk
777 47.3 394956 395693 genome.dna 588369 589113 NC_004347.gbk
1479 58.3 400586 399423 genome.dna 4657482 4658640 NC_004347.gbk
541 34.7 403236 402577 genome.dna 1807302 1806648 NC_004347.gbk
1479 55.9 404861 403671 genome.dna 2303312 2302112 NC_004347.gbk
416 35.3 406489 405197 genome.dna 3264760 3266158 NC_004347.gbk
700 64.1 424707 424243 genome.dna 2950813 2950351 NC_004347.gbk
3847 79.5 426927 424789 genome.dna 2953046 2950928 NC_004347.gbk
337 43.7 431880 431494 genome.dna 1460282 1459895 NC_004347.gbk
706 39.4 433394 432459 genome.dna 1354340 1353320 NC_004347.gbk
626 38.5 435364 434357 genome.dna 282330 283236 NC_004347.gbk
467 53.9 435526 435951 genome.dna 589156 589561 NC_004347.gbk
4800 71.4 460910 458055 genome.dna 3563490 3566367 NC_004347.gbk
409 43.6 461372 460923 genome.dna 3563010 3563475 NC_004347.gbk
2563 74.5 463248 461737 genome.dna 1426847 1425338 NC_004347.gbk
885 38.1 463531 464646 genome.dna 1427102 1428215 NC_004347.gbk
1157 49.0 464646 465722 genome.dna 1428211 1429270 NC_004347.gbk
1101 43.6 479807 478617 genome.dna 4241933 4240796 NC_004347.gbk
708 34.0 480919 479801 genome.dna 4243242 4241934 NC_004347.gbk
1105 53.4 481917 480919 genome.dna 4244222 4243247 NC_004347.gbk
1248 45.1 483335 481914 genome.dna 4245633 4244211 NC_004347.gbk
781 73.9 517457 517939 genome.dna 4135153 4135642 NC_004347.gbk
1354 52.4 522787 521576 genome.dna 790274 791498 NC_004347.gbk
1148 47.8 523994 522816 genome.dna 789014 790238 NC_004347.gbk
262 41.2 526251 526580 genome.dna 788106 787803 NC_004347.gbk
708 52.0 526894 527520 genome.dna 787501 786826 NC_004347.gbk
2330 76.2 530287 528905 genome.dna 1274208 1275573 NC_004347.gbk
782 48.7 531282 530305 genome.dna 1269683 1270571 NC_004347.gbk
549 35.4 536846 537643 genome.dna 1259951 1260722 NC_004347.gbk
1711 58.9 537938 539215 genome.dna 3855322 3856591 NC_004347.gbk
377 37.2 621156 621848 genome.dna 2794981 2795551 NC_004347.gbk
439 57.3 653073 653486 genome.dna 1512460 1511986 NC_004347.gbk
908 41.8 692651 690918 genome.dna 716006 714173 NC_004347.gbk
247 36.5 692962 692627 genome.dna 716326 716002 NC_004347.gbk
359 41.5 696469 696939 genome.dna 716548 717112 NC_004347.gbk
507 83.2 697176 697469 genome.dna 720669 720960 NC_004347.gbk
2849 82.3 697515 699164 genome.dna 721018 722656 NC_004347.gbk
255 30.4 699428 699961 genome.dna 140640 140070 NC_004347.gbk
1051 56.4 699974 700837 genome.dna 493079 493940 NC_004347.gbk
2569 49.3 703455 700978 genome.dna 4799020 4796590 NC_004347.gbk
392 52.3 703585 703950 genome.dna 2317898 2317493 NC_004347.gbk
925 67.8 704061 704669 genome.dna 4799181 4799802 NC_004347.gbk
612 33.6 706802 707698 genome.dna 3472057 3471163 NC_004347.gbk
214 31.8 711145 710756 genome.dna 129239 129632 NC_004347.gbk
1751 66.4 725271 724024 genome.dna 3250655 3249428 NC_004347.gbk
801 45.9 726542 725589 genome.dna 1827620 1828598 NC_004347.gbk
956 42.5 727975 729114 genome.dna 1140267 1139133 NC_004347.gbk
2133 58.0 731182 729131 genome.dna 2528782 2526763 NC_004347.gbk
3134 78.8 753122 751287 genome.dna 1337421 1335570 NC_004347.gbk
1912 52.6 755031 753277 genome.dna 1339281 1337556 NC_004347.gbk
407 87.3 755400 755185 genome.dna 1340030 1339814 NC_004347.gbk
1641 72.8 755628 756641 genome.dna 1340244 1341261 NC_004347.gbk
706 73.0 757206 756736 genome.dna 783173 782702 NC_004347.gbk
1601 79.1 757677 758612 genome.dna 783464 784400 NC_004347.gbk
1399 64.9 761351 760380 genome.dna 3807923 3808895 NC_004347.gbk
514 71.8 761608 761919 genome.dna 3807651 3807339 NC_004347.gbk
496 89.3 761939 762196 genome.dna 3807325 3807070 NC_004347.gbk
557 33.0 762286 763248 genome.dna 4195575 4194525 NC_004347.gbk
1694 62.7 763509 764681 genome.dna 3806858 3805691 NC_004347.gbk
859 33.7 766185 764752 genome.dna 2497387 2498911 NC_004347.gbk
718 69.8 766454 766933 genome.dna 1234414 1234891 NC_004347.gbk
451 74.2 767354 767061 genome.dna 1239091 1238791 NC_004347.gbk
1035 72.2 767499 768128 genome.dna 1239181 1239811 NC_004347.gbk
3232 76.4 768185 770122 genome.dna 1239864 1241814 NC_004347.gbk
1139 60.9 770241 771074 genome.dna 1241973 1242807 NC_004347.gbk
1990 66.5 771082 772419 genome.dna 1242880 1244218 NC_004347.gbk
405 60.7 772670 773002 genome.dna 1245195 1245531 NC_004347.gbk
508 53.2 777307 777729 genome.dna 1245955 1246411 NC_004347.gbk
2315 69.3 777751 779280 genome.dna 1246440 1247940 NC_004347.gbk
3436 67.8 779306 782008 genome.dna 1247965 1250623 NC_004347.gbk
456 51.5 782083 782481 genome.dna 1250686 1251130 NC_004347.gbk
449 78.7 783547 783816 genome.dna 1252210 1252480 NC_004347.gbk
3315 72.1 784066 786186 genome.dna 1254811 1256920 NC_004347.gbk
732 43.8 786310 787194 genome.dna 1257166 1258015 NC_004347.gbk
1858 48.9 787369 789282 genome.dna 4189576 4191448 NC_004347.gbk
864 47.1 791451 790573 genome.dna 1299615 1298745 NC_004347.gbk
1365 61.6 792458 791463 genome.dna 1300650 1299648 NC_004347.gbk
413 44.4 792815 793339 genome.dna 1300788 1301319 NC_004347.gbk
1041 66.0 794943 795722 genome.dna 1263795 1264566 NC_004347.gbk
1963 66.8 795852 797180 genome.dna 1264750 1266082 NC_004347.gbk
1951 69.5 797270 798493 genome.dna 1266091 1267306 NC_004347.gbk
1147 69.7 798538 799257 genome.dna 1267397 1268108 NC_004347.gbk
341 41.8 803045 802602 genome.dna 1203720 1204209 NC_004347.gbk
629 35.5 803587 804633 genome.dna 847884 846822 NC_004347.gbk
1051 43.3 812414 811260 genome.dna 1556395 1555246 NC_004347.gbk
1584 64.2 812975 814090 genome.dna 791896 792991 NC_004347.gbk
658 75.2 814149 814541 genome.dna 793016 793406 NC_004347.gbk
4543 68.9 814656 817529 genome.dna 793528 796417 NC_004347.gbk
750 54.0 830229 830876 genome.dna 2562545 2563199 NC_004347.gbk
455 38.0 832101 831100 genome.dna 890140 889183 NC_004347.gbk
279 48.1 832337 832603 genome.dna 1396623 1396872 NC_004347.gbk
984 51.0 833305 834240 genome.dna 141415 142309 NC_004347.gbk
1144 61.2 839867 840766 genome.dna 986480 987383 NC_004347.gbk
732 50.0 840892 841608 genome.dna 987533 988259 NC_004347.gbk
2153 56.1 841615 843360 genome.dna 988351 990076 NC_004347.gbk
2058 62.6 844582 846099 genome.dna 1025576 1027079 NC_004347.gbk
892 41.4 853003 853935 genome.dna 3891550 3892477 NC_004347.gbk
2145 74.1 854876 856231 genome.dna 1286656 1288009 NC_004347.gbk
497 37.4 858630 859340 genome.dna 4619814 4619136 NC_004347.gbk
497 37.7 858630 859340 genome.dna 4584566 4585250 NC_004347.gbk
2424 85.2 909308 910588 genome.dna 1134405 1135698 NC_004347.gbk
1336 64.5 911748 910651 genome.dna 3895206 3896121 NC_004347.gbk
591 47.8 919428 918802 genome.dna 132325 131701 NC_004347.gbk
676 62.4 927840 927358 genome.dna 1539060 1538568 NC_004347.gbk
561 58.7 927996 928442 genome.dna 1539324 1539762 NC_004347.gbk
254 40.0 928432 928713 genome.dna 1539751 1540087 NC_004347.gbk
1954 54.8 931102 929441 genome.dna 3607977 3609636 NC_004347.gbk
1141 57.3 932060 931182 genome.dna 1600345 1599466 NC_004347.gbk
563 50.0 932209 932796 genome.dna 1600444 1601065 NC_004347.gbk
1466 54.8 967560 968834 genome.dna 4796586 4795341 NC_004347.gbk
627 62.6 969365 968913 genome.dna 3016904 3016448 NC_004347.gbk
1567 71.0 970301 969369 genome.dna 42151 43060 NC_004347.gbk
725 38.2 983011 983910 genome.dna 757399 756463 NC_004347.gbk
1307 61.1 984193 985221 genome.dna 3761059 3762067 NC_004347.gbk
1144 64.3 985221 986075 genome.dna 3762242 3763088 NC_004347.gbk
1163 63.8 986075 986968 genome.dna 3763097 3763967 NC_004347.gbk
1240 65.9 987143 988024 genome.dna 3760827 3759960 NC_004347.gbk
2675 63.1 990019 988067 genome.dna 836191 838162 NC_004347.gbk
1051 44.9 991219 990023 genome.dna 834971 836189 NC_004347.gbk
687 59.5 994093 993584 genome.dna 2353173 2352663 NC_004347.gbk
1220 36.3 995970 994243 genome.dna 2354948 2353244 NC_004347.gbk
306 59.5 996273 996016 genome.dna 2355235 2354977 NC_004347.gbk
1614 77.7 997695 996727 genome.dna 3030744 3031713 NC_004347.gbk
918 49.6 998685 997858 genome.dna 3024657 3025437 NC_004347.gbk
492 34.6 998911 999909 genome.dna 3020953 3019918 NC_004347.gbk
683 30.7 1000038 1001291 genome.dna 4762733 4761512 NC_004347.gbk
294 48.8 1001658 1001365 genome.dna 4522762 4523017 NC_004347.gbk
976 71.3 1002298 1002951 genome.dna 150856 150202 NC_004347.gbk
601 31.8 1010351 1008708 genome.dna 2337037 2338588 NC_004347.gbk
908 44.9 1019692 1018730 genome.dna 4764658 4763716 NC_004347.gbk
766 53.7 1020383 1019685 genome.dna 4215445 4214878 NC_004347.gbk
275 32.1 1045784 1045371 genome.dna 3980976 3981390 NC_004347.gbk
1667 38.0 1046527 1048740 genome.dna 3144234 3146337 NC_004347.gbk
223 50.7 1074890 1075132 genome.dna 2789205 2789430 NC_004347.gbk
3506 70.3 1076168 1078321 genome.dna 322388 320225 NC_004347.gbk
439 71.3 1085958 1085686 genome.dna 3511762 3512041 NC_004347.gbk
1497 56.3 1087061 1085955 genome.dna 3510655 3511753 NC_004347.gbk
1052 62.9 1087227 1087946 genome.dna 3510476 3509759 NC_004347.gbk
371 47.7 1087948 1088292 genome.dna 3509711 3509384 NC_004347.gbk
1303 57.6 1093574 1092513 genome.dna 928476 927435 NC_004347.gbk
216 46.4 1093990 1093781 genome.dna 998162 997931 NC_004347.gbk
941 63.8 1095844 1095149 genome.dna 1387881 1387209 NC_004347.gbk
882 75.5 1096541 1097074 genome.dna 1388571 1389096 NC_004347.gbk
2071 45.5 1097087 1099333 genome.dna 1389119 1391354 NC_004347.gbk
698 53.5 1099537 1100406 genome.dna 1392259 1393066 NC_004347.gbk
1510 78.0 1100443 1101237 genome.dna 1393065 1393860 NC_004347.gbk
1004 35.4 1103446 1106844 genome.dna 2263288 2259475 NC_004347.gbk
604 38.2 1109886 1113512 genome.dna 2259458 2255678 NC_004347.gbk
402 41.7 1113509 1115371 genome.dna 2255649 2253510 NC_004347.gbk
1961 65.3 1119387 1118062 genome.dna 4424433 4423095 NC_004347.gbk
814 36.8 1131750 1134008 genome.dna 1284754 1282264 NC_004347.gbk
1094 61.3 1134065 1134883 genome.dna 4041032 4040228 NC_004347.gbk
380 45.3 1135353 1134898 genome.dna 3941712 3942156 NC_004347.gbk
1370 69.2 1137533 1138456 genome.dna 1608404 1609316 NC_004347.gbk
323 42.9 1138546 1138941 genome.dna 1610063 1610456 NC_004347.gbk
1468 59.8 1138934 1140034 genome.dna 1610607 1611693 NC_004347.gbk
551 41.2 1140874 1140092 genome.dna 1624595 1623884 NC_004347.gbk
2024 65.7 1142316 1140952 genome.dna 1626040 1624684 NC_004347.gbk
1111 59.1 1143476 1142628 genome.dna 1693454 1692560 NC_004347.gbk
336 36.0 1143547 1144095 genome.dna 1693480 1694131 NC_004347.gbk
199 35.1 1147386 1147736 genome.dna 1702166 1702490 NC_004347.gbk
423 44.4 1148570 1149025 genome.dna 1703699 1704164 NC_004347.gbk
1409 77.3 1150402 1149575 genome.dna 1707620 1706795 NC_004347.gbk
2775 50.2 1153145 1150431 genome.dna 1710224 1707638 NC_004347.gbk
1019 56.7 1154052 1153258 genome.dna 1711104 1710306 NC_004347.gbk
1311 81.0 1154397 1155122 genome.dna 1711413 1712142 NC_004347.gbk
1209 70.2 1155257 1156108 genome.dna 1712261 1713113 NC_004347.gbk
1318 83.3 1156279 1157004 genome.dna 1713183 1713912 NC_004347.gbk
759 65.2 1157130 1157687 genome.dna 1713942 1714500 NC_004347.gbk
1476 56.8 1157925 1159121 genome.dna 1716292 1717483 NC_004347.gbk
952 59.4 1159320 1160081 genome.dna 1714582 1715410 NC_004347.gbk
657 43.9 1160091 1160948 genome.dna 1715523 1716288 NC_004347.gbk
1638 51.1 1160970 1162325 genome.dna 1717534 1718905 NC_004347.gbk
2716 49.9 1162361 1164805 genome.dna 1718936 1721417 NC_004347.gbk
397 36.4 1164946 1165443 genome.dna 1721473 1721980 NC_004347.gbk
1179 53.3 1165447 1166469 genome.dna 1721983 1723009 NC_004347.gbk
661 63.3 1166572 1167027 genome.dna 1723040 1723505 NC_004347.gbk
922 57.0 1167032 1167820 genome.dna 1723501 1724272 NC_004347.gbk
1456 57.6 1167824 1168975 genome.dna 1724403 1725561 NC_004347.gbk
774 63.8 1168997 1169593 genome.dna 1725560 1726190 NC_004347.gbk
5649 71.0 1169670 1173152 genome.dna 1726306 1729783 NC_004347.gbk
487 58.7 1174256 1174645 genome.dna 2269664 2269280 NC_004347.gbk
724 38.5 1174650 1175972 genome.dna 1729835 1731230 NC_004347.gbk
592 50.0 1176745 1177299 genome.dna 3236617 3236071 NC_004347.gbk
3730 67.0 1180703 1178139 genome.dna 3574604 3577175 NC_004347.gbk
695 38.3 1212161 1213231 genome.dna 1209586 1208521 NC_004347.gbk
202 38.0 1250762 1251046 genome.dna 4656327 4656639 NC_004347.gbk
982 51.0 1254320 1253391 genome.dna 1633038 1632123 NC_004347.gbk
1232 60.5 1254672 1255583 genome.dna 1743564 1744485 NC_004347.gbk
1153 71.9 1260789 1261478 genome.dna 1634453 1635173 NC_004347.gbk
1470 51.6 1261506 1262828 genome.dna 1635253 1636552 NC_004347.gbk
1088 50.8 1262844 1263782 genome.dna 1636777 1637749 NC_004347.gbk
949 40.7 1265611 1266930 genome.dna 985011 986400 NC_004347.gbk
1188 47.0 1269779 1268505 genome.dna 130526 131705 NC_004347.gbk
1566 68.3 1271755 1272822 genome.dna 3244040 3243002 NC_004347.gbk
2157 81.8 1272920 1274065 genome.dna 3242841 3241716 NC_004347.gbk
427 56.4 1274175 1274507 genome.dna 3241690 3241357 NC_004347.gbk
2340 58.7 1274535 1276382 genome.dna 3241340 3239489 NC_004347.gbk
1033 48.2 1276393 1277361 genome.dna 3239476 3238528 NC_004347.gbk
739 73.0 1278470 1278919 genome.dna 3615840 3615390 NC_004347.gbk
1219 52.0 1278982 1280091 genome.dna 3615317 3614171 NC_004347.gbk
660 63.3 1280201 1280677 genome.dna 3612197 3611720 NC_004347.gbk
579 67.4 1280702 1281121 genome.dna 3611706 3611301 NC_004347.gbk
1181 56.0 1281190 1282170 genome.dna 3611223 3610266 NC_004347.gbk
555 53.8 1282175 1282681 genome.dna 3610267 3609772 NC_004347.gbk
3001 70.2 1284598 1282733 genome.dna 1603051 1601182 NC_004347.gbk
948 52.9 1285528 1284617 genome.dna 1603954 1603072 NC_004347.gbk
2035 61.4 1286027 1287475 genome.dna 1606407 1607862 NC_004347.gbk
521 36.2 1288972 1288064 genome.dna 3968044 3969028 NC_004347.gbk
654 59.5 1289161 1289652 genome.dna 3967520 3967034 NC_004347.gbk
1211 41.0 1291078 1289714 genome.dna 4184612 4183244 NC_004347.gbk
609 37.0 1292157 1291267 genome.dna 4808056 4808959 NC_004347.gbk
496 36.6 1297979 1296492 genome.dna 3965542 3966928 NC_004347.gbk
350 53.1 1298919 1299233 genome.dna 1141355 1141649 NC_004347.gbk
1711 60.7 1299536 1300840 genome.dna 1880606 1881911 NC_004347.gbk
1045 77.7 1301367 1301990 genome.dna 1882000 1882609 NC_004347.gbk
2279 81.4 1302154 1303428 genome.dna 1882708 1883989 NC_004347.gbk
4155 81.4 1303620 1306001 genome.dna 1884121 1886479 NC_004347.gbk
432 74.4 1306200 1306472 genome.dna 1886738 1887011 NC_004347.gbk
1211 34.5 1306869 1308749 genome.dna 1887237 1889103 NC_004347.gbk
245 39.4 1308888 1309253 genome.dna 1903606 1903972 NC_004347.gbk
1084 68.9 1310544 1309849 genome.dna 2627961 2628678 NC_004347.gbk
506 32.2 1316909 1318201 genome.dna 776234 775007 NC_004347.gbk
1175 59.4 1319182 1318319 genome.dna 2010599 2011466 NC_004347.gbk
4556 66.6 1326027 1322899 genome.dna 4894610 4891475 NC_004347.gbk
1144 49.0 1327249 1326056 genome.dna 4895768 4894619 NC_004347.gbk
384 43.7 1329039 1329440 genome.dna 2108459 2108828 NC_004347.gbk
829 72.8 1329655 1330212 genome.dna 2109293 2109839 NC_004347.gbk
556 76.1 1332403 1332732 genome.dna 2113208 2113538 NC_004347.gbk
869 61.3 1332732 1333337 genome.dna 2113550 2114150 NC_004347.gbk
2779 66.2 1333507 1335396 genome.dna 2114423 2116337 NC_004347.gbk
1022 72.8 1335658 1336302 genome.dna 2117460 2118105 NC_004347.gbk
1268 58.2 1336525 1337487 genome.dna 2118184 2119231 NC_004347.gbk
1879 53.5 1339959 1341608 genome.dna 2099988 2101698 NC_004347.gbk
549 56.8 1352428 1351949 genome.dna 1167378 1166901 NC_004347.gbk
1504 49.7 1356196 1353473 genome.dna 1774518 1776780 NC_004347.gbk
302 38.1 1356312 1356722 genome.dna 1774092 1773702 NC_004347.gbk
648 34.7 1358126 1357212 genome.dna 4287973 4287037 NC_004347.gbk
1974 75.8 1359784 1358654 genome.dna 2523225 2524356 NC_004347.gbk
4192 81.5 1362181 1359896 genome.dna 2520876 2523165 NC_004347.gbk
1039 67.0 1363250 1362525 genome.dna 2519023 2519734 NC_004347.gbk
3608 71.4 1363499 1366138 genome.dna 2518638 2515878 NC_004347.gbk
476 38.4 1369791 1369147 genome.dna 4632673 4632034 NC_004347.gbk
494 36.7 1375437 1376318 genome.dna 2935232 2934467 NC_004347.gbk
703 36.8 1377747 1379069 genome.dna 4916549 4917908 NC_004347.gbk
849 40.9 1379359 1381041 genome.dna 4766989 4768711 NC_004347.gbk
501 36.8 1381068 1381829 genome.dna 4768710 4769511 NC_004347.gbk
638 47.9 1381835 1382692 genome.dna 4950013 4950916 NC_004347.gbk
782 35.4 1383651 1385081 genome.dna 4770744 4772139 NC_004347.gbk
1292 48.9 1387613 1386405 genome.dna 2163515 2162327 NC_004347.gbk
837 39.0 1387959 1389152 genome.dna 275263 276538 NC_004347.gbk
688 39.4 1390524 1389664 genome.dna 2116456 2117320 NC_004347.gbk
581 43.7 1392117 1391434 genome.dna 3060281 3060965 NC_004347.gbk
1331 36.0 1392768 1395197 genome.dna 3059548 3057040 NC_004347.gbk
955 43.3 1395770 1396903 genome.dna 2198005 2196868 NC_004347.gbk
1584 44.1 1399081 1400775 genome.dna 2196865 2195161 NC_004347.gbk
252 31.2 1400772 1401275 genome.dna 2194458 2193879 NC_004347.gbk
977 48.4 1402802 1401792 genome.dna 2187039 2186019 NC_004347.gbk
1178 44.4 1403920 1402802 genome.dna 2188171 2187031 NC_004347.gbk
150 34.2 1404198 1403920 genome.dna 2188479 2188233 NC_004347.gbk
677 46.8 1405064 1404189 genome.dna 2189273 2188478 NC_004347.gbk
174 31.7 1405419 1405066 genome.dna 2186020 2185663 NC_004347.gbk
381 36.5 1422749 1425052 genome.dna 2191926 2189499 NC_004347.gbk
774 55.5 1426894 1426256 genome.dna 2883816 2884461 NC_004347.gbk
1755 73.8 1427931 1426894 genome.dna 2882758 2883817 NC_004347.gbk
1169 85.1 1428285 1428911 genome.dna 2882452 2881825 NC_004347.gbk
1029 41.0 1429248 1430537 genome.dna 2999540 3000779 NC_004347.gbk
811 52.1 1430628 1431344 genome.dna 2998167 2997456 NC_004347.gbk
465 62.6 1431761 1431390 genome.dna 2993201 2993570 NC_004347.gbk
1189 42.9 1433239 1431776 genome.dna 2991617 2993087 NC_004347.gbk
634 63.3 1433876 1433409 genome.dna 1973912 1973441 NC_004347.gbk
373 37.8 1434480 1433929 genome.dna 1974467 1973915 NC_004347.gbk
985 52.6 1434853 1435731 genome.dna 1974638 1975523 NC_004347.gbk
1093 45.5 1458435 1457257 genome.dna 1763182 1764373 NC_004347.gbk
674 50.0 1459094 1458447 genome.dna 1988586 1987929 NC_004347.gbk
563 44.0 1459750 1459094 genome.dna 1989397 1988692 NC_004347.gbk
535 37.7 1465232 1464561 genome.dna 2594217 2594976 NC_004347.gbk
1606 64.0 1466359 1465232 genome.dna 2593057 2594212 NC_004347.gbk
336 44.4 1466738 1466361 genome.dna 2592716 2593061 NC_004347.gbk
318 68.2 1468125 1468334 genome.dna 1734644 1734434 NC_004347.gbk
265 39.2 1468782 1468399 genome.dna 2421850 2422225 NC_004347.gbk
1661 73.2 1470427 1469462 genome.dna 1205239 1204273 NC_004347.gbk
868 62.0 1471338 1470655 genome.dna 1205895 1205235 NC_004347.gbk
343 57.5 1471750 1471487 genome.dna 1206248 1205981 NC_004347.gbk
1417 55.1 1473099 1471888 genome.dna 1207542 1206369 NC_004347.gbk
1613 62.7 1475506 1474394 genome.dna 1210721 1209602 NC_004347.gbk
2141 50.7 1477420 1475516 genome.dna 1212559 1210702 NC_004347.gbk
844 74.4 1477924 1477454 genome.dna 1213093 1212622 NC_004347.gbk
436 53.8 1478243 1477926 genome.dna 1213422 1213092 NC_004347.gbk
486 37.4 1479078 1478437 genome.dna 1214168 1213529 NC_004347.gbk
761 39.1 1480118 1479093 genome.dna 1215212 1214180 NC_004347.gbk
433 41.0 1480669 1480115 genome.dna 1215759 1215264 NC_004347.gbk
4455 74.3 1483266 1480684 genome.dna 1218398 1215818 NC_004347.gbk
331 32.8 1483576 1484058 genome.dna 1218573 1219020 NC_004347.gbk
1411 45.3 1489354 1487825 genome.dna 1221137 1219580 NC_004347.gbk
1132 59.9 1490240 1489362 genome.dna 1222055 1221179 NC_004347.gbk
637 64.8 1490971 1490492 genome.dna 1222556 1222094 NC_004347.gbk
1581 72.4 1492026 1490968 genome.dna 1223613 1222545 NC_004347.gbk
2487 77.6 1493774 1492350 genome.dna 1225304 1223879 NC_004347.gbk
1305 52.5 1494007 1495173 genome.dna 1226115 1227330 NC_004347.gbk
2707 71.3 1499091 1497427 genome.dna 2889317 2890982 NC_004347.gbk
821 38.5 1501778 1500630 genome.dna 3657668 3656531 NC_004347.gbk
2757 72.6 1504627 1506285 genome.dna 1872352 1874023 NC_004347.gbk
738 72.5 1506798 1506349 genome.dna 2042393 2041961 NC_004347.gbk
891 71.1 1507655 1507128 genome.dna 2440296 2439768 NC_004347.gbk
361 60.0 1510604 1510323 genome.dna 2440624 2440351 NC_004347.gbk
737 45.5 1511664 1510897 genome.dna 2441801 2440958 NC_004347.gbk
384 39.9 1511938 1512474 genome.dna 2442031 2442583 NC_004347.gbk
2135 58.5 1512651 1514294 genome.dna 2442653 2444306 NC_004347.gbk
586 41.8 1515559 1514879 genome.dna 67095 66405 NC_004347.gbk
1106 51.6 1527781 1528740 genome.dna 3525596 3524642 NC_004347.gbk
1047 43.1 1528762 1530255 genome.dna 3523528 3521989 NC_004347.gbk
896 55.2 1530248 1530991 genome.dna 2758883 2758130 NC_004347.gbk
2217 77.3 1536355 1535069 genome.dna 2030461 2029174 NC_004347.gbk
509 61.4 1537007 1537396 genome.dna 2030877 2031273 NC_004347.gbk
445 51.8 1537390 1537737 genome.dna 2031260 2031614 NC_004347.gbk
3241 80.4 1537737 1539503 genome.dna 2031614 2033381 NC_004347.gbk
1345 78.9 1539520 1540236 genome.dna 2033395 2034103 NC_004347.gbk
4373 66.0 1540513 1543320 genome.dna 2034322 2037142 NC_004347.gbk
1528 68.5 1543336 1544562 genome.dna 2037190 2038378 NC_004347.gbk
1982 77.8 1544898 1546064 genome.dna 2038495 2039662 NC_004347.gbk
1682 87.1 1546064 1546936 genome.dna 2039661 2040534 NC_004347.gbk
2551 71.2 1547669 1549237 genome.dna 3427697 3426140 NC_004347.gbk
1766 65.2 1549251 1550390 genome.dna 3426125 3424985 NC_004347.gbk
390 45.7 1550947 1551351 genome.dna 2873078 2872676 NC_004347.gbk
905 61.1 1551348 1552034 genome.dna 2872687 2872000 NC_004347.gbk
337 38.8 1552047 1552472 genome.dna 2872001 2871566 NC_004347.gbk
403 35.2 1552537 1553724 genome.dna 2871566 2870528 NC_004347.gbk
1004 44.8 1553863 1555155 genome.dna 2870519 2869190 NC_004347.gbk
582 50.8 1555196 1555705 genome.dna 2869144 2868610 NC_004347.gbk
597 39.5 1555715 1556491 genome.dna 2868586 2867833 NC_004347.gbk
1766 76.4 1558773 1559834 genome.dna 2450282 2451356 NC_004347.gbk
1690 71.2 1561884 1562939 genome.dna 772997 771938 NC_004347.gbk
4164 58.8 1567041 1563904 genome.dna 4789788 4792926 NC_004347.gbk
755 39.4 1571894 1570848 genome.dna 710777 709745 NC_004347.gbk
1409 59.9 1573036 1572017 genome.dna 1752226 1751212 NC_004347.gbk
1017 40.6 1574710 1573235 genome.dna 741022 742435 NC_004347.gbk
637 42.0 1575561 1574770 genome.dna 4009827 4009047 NC_004347.gbk
851 54.7 1576123 1576893 genome.dna 4010050 4010815 NC_004347.gbk
1101 71.6 1576893 1577582 genome.dna 4010814 4011552 NC_004347.gbk
1270 55.5 1577582 1578640 genome.dna 4011545 4012631 NC_004347.gbk
668 42.0 1591734 1591099 genome.dna 112630 113272 NC_004347.gbk
1154 51.5 1592635 1591727 genome.dna 111719 112634 NC_004347.gbk
3083 59.7 1595695 1592648 genome.dna 108702 111717 NC_004347.gbk
3283 68.7 1598005 1595975 genome.dna 2754712 2756743 NC_004347.gbk
1208 52.5 1598229 1599338 genome.dna 2754552 2753436 NC_004347.gbk
983 69.7 1599518 1600159 genome.dna 2753425 2752786 NC_004347.gbk
995 77.2 1600255 1600836 genome.dna 2752757 2752175 NC_004347.gbk
242 36.5 1609114 1609548 genome.dna 2320083 2320599 NC_004347.gbk
562 40.3 1635671 1634820 genome.dna 1741410 1742397 NC_004347.gbk
624 53.8 1636204 1635668 genome.dna 3298086 3297546 NC_004347.gbk
1385 70.8 1637078 1636206 genome.dna 3325457 3324542 NC_004347.gbk
1018 45.7 1638449 1639855 genome.dna 2002045 2003572 NC_004347.gbk
165 45.1 1640325 1640573 genome.dna 3293250 3293493 NC_004347.gbk
379 38.2 1640649 1641326 genome.dna 3293642 3294353 NC_004347.gbk
956 43.6 1642115 1644247 genome.dna 3295148 3297527 NC_004347.gbk
1532 47.3 1652381 1653892 genome.dna 1764509 1766009 NC_004347.gbk
1015 45.1 1670708 1669659 genome.dna 763293 762285 NC_004347.gbk
352 34.1 1679728 1680303 genome.dna 4473890 4474442 NC_004347.gbk
841 32.5 1768623 1769945 genome.dna 165260 164021 NC_004347.gbk
1656 54.2 1782838 1781498 genome.dna 4609207 4610551 NC_004347.gbk
613 33.3 1825190 1826161 genome.dna 2091374 2092319 NC_004347.gbk
287 33.2 1833671 1834210 genome.dna 2501493 2500950 NC_004347.gbk
1302 40.9 1839441 1837903 genome.dna 4341811 4343377 NC_004347.gbk
303 43.0 1862440 1862120 genome.dna 553906 554251 NC_004347.gbk
767 43.6 1903087 1902248 genome.dna 4448225 4449041 NC_004347.gbk
767 43.6 1903087 1902248 genome.dna 2274305 2273489 NC_004347.gbk
767 43.6 1903087 1902248 genome.dna 999388 998572 NC_004347.gbk
401 31.2 1928122 1927325 genome.dna 3482606 3483431 NC_004347.gbk
1398 44.3 1937404 1939404 genome.dna 2225413 2227522 NC_004347.gbk
547 57.6 1939436 1939933 genome.dna 2227536 2228049 NC_004347.gbk
771 47.9 1942291 1943163 genome.dna 2230037 2230871 NC_004347.gbk
1140 50.6 1943163 1944215 genome.dna 2231475 2232531 NC_004347.gbk
599 70.4 1944254 1944643 genome.dna 3350107 3349723 NC_004347.gbk
419 35.8 1944653 1945297 genome.dna 3349710 3348972 NC_004347.gbk
987 41.8 1945543 1946694 genome.dna 3356742 3355611 NC_004347.gbk
2232 53.3 1946687 1948771 genome.dna 3355234 3353134 NC_004347.gbk
286 39.1 1950974 1951390 genome.dna 3388692 3388287 NC_004347.gbk
410 46.4 1951419 1951823 genome.dna 3388285 3387868 NC_004347.gbk
368 34.2 1952589 1953806 genome.dna 3386997 3385635 NC_004347.gbk
636 39.6 1953828 1954583 genome.dna 3385463 3384719 NC_004347.gbk
933 55.3 1954611 1955393 genome.dna 3384709 3383920 NC_004347.gbk
434 36.3 1955568 1956287 genome.dna 3383908 3383233 NC_004347.gbk
994 44.9 1956304 1957413 genome.dna 3383222 3382130 NC_004347.gbk
414 31.5 1957413 1958375 genome.dna 3382113 3380958 NC_004347.gbk
572 36.9 1962314 1961529 genome.dna 3357564 3356766 NC_004347.gbk
222 31.5 1962586 1962317 genome.dna 3357838 3357568 NC_004347.gbk
875 52.3 1963383 1962607 genome.dna 3358599 3357855 NC_004347.gbk
180 33.3 1963802 1963380 genome.dna 3359006 3358598 NC_004347.gbk
392 48.8 1964215 1963802 genome.dna 3359415 3359040 NC_004347.gbk
848 37.6 1965221 1964208 genome.dna 3360459 3359427 NC_004347.gbk
245 30.3 1967603 1967157 genome.dna 3363276 3362832 NC_004347.gbk
1640 63.1 1968985 1967612 genome.dna 3364625 3363287 NC_004347.gbk
938 45.1 1970689 1969697 genome.dna 3366577 3365530 NC_004347.gbk
167 32.4 1972671 1972985 genome.dna 3368642 3368303 NC_004347.gbk
327 42.3 1974025 1973615 genome.dna 3373496 3373085 NC_004347.gbk
532 44.8 1975728 1976600 genome.dna 3376599 3375780 NC_004347.gbk
779 40.2 1980555 1981667 genome.dna 3324546 3323469 NC_004347.gbk
486 34.3 1981773 1982474 genome.dna 3323470 3322747 NC_004347.gbk
647 48.7 1986118 1986840 genome.dna 3350868 3350154 NC_004347.gbk
1144 37.9 1993342 1994814 genome.dna 3647639 3646142 NC_004347.gbk
825 65.5 1997941 1997423 genome.dna 1948012 1947496 NC_004347.gbk
339 38.9 2005949 2005503 genome.dna 2082246 2081838 NC_004347.gbk
186 45.7 2010635 2010913 genome.dna 2366455 2366728 NC_004347.gbk
467 63.9 2011254 2010925 genome.dna 2482042 2482381 NC_004347.gbk
527 41.6 2012054 2011395 genome.dna 2480288 2480948 NC_004347.gbk
1277 40.0 2022455 2024023 genome.dna 1087670 1089464 NC_004347.gbk
1515 35.5 2024016 2026580 genome.dna 2205807 2207991 NC_004347.gbk
683 55.2 2030910 2030332 genome.dna 3512697 3512121 NC_004347.gbk
613 46.6 2031491 2030937 genome.dna 3513253 3512701 NC_004347.gbk
1301 58.1 2034173 2033130 genome.dna 3846009 3847041 NC_004347.gbk
163 35.2 2034358 2034645 genome.dna 414466 414181 NC_004347.gbk
2760 49.8 2038000 2034716 genome.dna 2906070 2909337 NC_004347.gbk
712 58.4 2040198 2039605 genome.dna 2902944 2903556 NC_004347.gbk
490 42.0 2040339 2040860 genome.dna 2902687 2902162 NC_004347.gbk
292 75.0 2040877 2041047 genome.dna 2902145 2901974 NC_004347.gbk
1121 49.7 2041077 2042123 genome.dna 2901959 2900930 NC_004347.gbk
1387 64.6 2042130 2043083 genome.dna 2900921 2899961 NC_004347.gbk
1413 69.5 2043101 2044030 genome.dna 2899857 2898930 NC_004347.gbk
1162 74.2 2044045 2044779 genome.dna 2898921 2898174 NC_004347.gbk
408 87.0 2044934 2045170 genome.dna 2898011 2897777 NC_004347.gbk
2086 72.9 2045253 2046494 genome.dna 2897568 2896329 NC_004347.gbk
578 43.0 2046622 2047419 genome.dna 2752170 2751360 NC_004347.gbk
869 43.9 2047434 2048453 genome.dna 2751364 2750353 NC_004347.gbk
742 55.4 2048443 2049102 genome.dna 2750357 2749727 NC_004347.gbk
878 52.7 2050132 2050929 genome.dna 2748118 2747329 NC_004347.gbk
1420 43.1 2051245 2052678 genome.dna 1704115 1705615 NC_004347.gbk
602 76.5 2055442 2055792 genome.dna 2840225 2839868 NC_004347.gbk
1024 49.7 2057749 2058777 genome.dna 2364233 2365262 NC_004347.gbk
811 65.0 2058806 2059348 genome.dna 2365343 2365883 NC_004347.gbk
1218 44.4 2059718 2061022 genome.dna 3672650 3671360 NC_004347.gbk
853 46.9 2066727 2065357 genome.dna 2300035 2301490 NC_004347.gbk
4313 58.1 2070405 2066956 genome.dna 2371341 2367846 NC_004347.gbk
921 42.6 2070545 2071747 genome.dna 2372142 2373375 NC_004347.gbk
837 57.8 2071740 2072447 genome.dna 2373473 2374166 NC_004347.gbk
1241 46.0 2072444 2073691 genome.dna 2374162 2375413 NC_004347.gbk
904 58.7 2074702 2075532 genome.dna 2042649 2043381 NC_004347.gbk
424 44.3 2079241 2079792 genome.dna 1642074 1641585 NC_004347.gbk
2682 65.5 2083361 2081520 genome.dna 2610392 2608565 NC_004347.gbk
1532 49.4 2088494 2089945 genome.dna 332720 334175 NC_004347.gbk
585 40.2 2090762 2089965 genome.dna 3828102 3828858 NC_004347.gbk
861 45.8 2091759 2090755 genome.dna 3827011 3828028 NC_004347.gbk
937 34.9 2099496 2097796 genome.dna 2324797 2326420 NC_004347.gbk
1468 63.0 2101027 2099981 genome.dna 2783353 2784418 NC_004347.gbk
1046 58.4 2102053 2101232 genome.dna 2782358 2783171 NC_004347.gbk
3969 73.5 2102354 2104732 genome.dna 2782233 2779863 NC_004347.gbk
928 43.0 2106065 2105019 genome.dna 1152198 1153242 NC_004347.gbk
4050 58.2 2108085 2111138 genome.dna 2779764 2776722 NC_004347.gbk
343 39.0 2111138 2111554 genome.dna 1108835 1109273 NC_004347.gbk
1232 45.6 2116495 2117718 genome.dna 3940290 3941661 NC_004347.gbk
147 34.8 2120007 2119771 genome.dna 1345489 1345222 NC_004347.gbk
2033 59.4 2131621 2133054 genome.dna 4117607 4116203 NC_004347.gbk
390 47.3 2137187 2137588 genome.dna 268212 268692 NC_004347.gbk
594 50.3 2138606 2139226 genome.dna 263319 262668 NC_004347.gbk
871 59.2 2139226 2139882 genome.dna 262657 261970 NC_004347.gbk
848 53.5 2139951 2140691 genome.dna 261969 261222 NC_004347.gbk
161 39.4 2140688 2140909 genome.dna 261223 261022 NC_004347.gbk
536 57.1 2140906 2141388 genome.dna 261026 260540 NC_004347.gbk
2236 50.3 2141385 2143340 genome.dna 265670 267650 NC_004347.gbk
603 49.7 2143337 2143894 genome.dna 267661 268216 NC_004347.gbk
1055 51.8 2147794 2146931 genome.dna 868201 867241 NC_004347.gbk
880 59.0 2148473 2147781 genome.dna 868977 868242 NC_004347.gbk
4231 71.9 2150965 2148479 genome.dna 871509 869028 NC_004347.gbk
175 35.7 2151231 2150962 genome.dna 871790 871505 NC_004347.gbk
569 48.1 2151764 2151228 genome.dna 1751136 1750650 NC_004347.gbk
1015 34.4 2152117 2153838 genome.dna 4117885 4119643 NC_004347.gbk
660 50.0 2153926 2154558 genome.dna 4119635 4120265 NC_004347.gbk
478 33.1 2158261 2157266 genome.dna 668165 669164 NC_004347.gbk
3777 73.3 2163569 2165743 genome.dna 4599376 4597189 NC_004347.gbk
1017 37.8 2177036 2175615 genome.dna 1593163 1591768 NC_004347.gbk
614 34.5 2179364 2177811 genome.dna 845806 844168 NC_004347.gbk
1530 51.8 2181270 2179897 genome.dna 2408777 2407397 NC_004347.gbk
678 55.0 2181519 2182154 genome.dna 2408810 2409431 NC_004347.gbk
599 74.1 2186467 2186817 genome.dna 3001244 3000911 NC_004347.gbk
1036 69.1 2187600 2186929 genome.dna 2877121 2877790 NC_004347.gbk
620 69.4 2188157 2187750 genome.dna 2142605 2142194 NC_004347.gbk
332 39.9 2188917 2189354 genome.dna 4205533 4205059 NC_004347.gbk
238 38.4 2189954 2189487 genome.dna 2759405 2758934 NC_004347.gbk
1100 48.1 2190305 2191417 genome.dna 1369655 1368545 NC_004347.gbk
1008 66.2 2191939 2192622 genome.dna 3017569 3016930 NC_004347.gbk
1364 44.0 2198282 2200954 genome.dna 350147 347543 NC_004347.gbk
818 61.9 2203467 2202874 genome.dna 2949607 2948995 NC_004347.gbk
1169 44.2 2215224 2216393 genome.dna 2504330 2503169 NC_004347.gbk
1002 65.9 2216576 2217319 genome.dna 2503127 2502431 NC_004347.gbk
423 62.4 2217316 2217645 genome.dna 3491366 3491696 NC_004347.gbk
1303 56.7 2241873 2240881 genome.dna 1892952 1891944 NC_004347.gbk
974 49.8 2242780 2241890 genome.dna 1893846 1892955 NC_004347.gbk
1196 57.9 2250452 2249463 genome.dna 1897650 1896558 NC_004347.gbk
818 56.9 2250678 2251343 genome.dna 1897827 1898511 NC_004347.gbk
207 45.2 2251445 2251669 genome.dna 1898528 1898768 NC_004347.gbk
248 34.1 2251669 2252034 genome.dna 1898754 1899141 NC_004347.gbk
1189 45.2 2252210 2253607 genome.dna 1899255 1900713 NC_004347.gbk
665 37.1 2253604 2254647 genome.dna 1900709 1901915 NC_004347.gbk
1603 47.6 2256486 2258054 genome.dna 1754956 1756495 NC_004347.gbk
716 35.4 2261346 2262329 genome.dna 4120908 4121874 NC_004347.gbk
1315 66.4 2263993 2263058 genome.dna 2462347 2461414 NC_004347.gbk
1414 62.3 2267632 2266640 genome.dna 1001290 1000300 NC_004347.gbk
737 57.3 2275290 2274685 genome.dna 4590853 4590256 NC_004347.gbk
4961 58.4 2275609 2279496 genome.dna 2345646 2349528 NC_004347.gbk
766 51.9 2291401 2290679 genome.dna 785080 785800 NC_004347.gbk
2161 58.1 2298807 2297113 genome.dna 3710410 3712177 NC_004347.gbk
973 44.0 2300071 2298971 genome.dna 1033838 1032740 NC_004347.gbk
570 32.7 2318196 2317324 genome.dna 4722940 4722085 NC_004347.gbk
370 37.1 2318259 2318798 genome.dna 1659718 1660258 NC_004347.gbk
308 37.6 2318802 2319278 genome.dna 3546819 3547257 NC_004347.gbk
1442 53.0 2336995 2338260 genome.dna 1325609 1326887 NC_004347.gbk
2075 63.5 2338271 2339743 genome.dna 1324097 1325546 NC_004347.gbk
477 44.0 2464656 2465162 genome.dna 1843413 1842897 NC_004347.gbk
1913 78.8 2487322 2486231 genome.dna 1228240 1229332 NC_004347.gbk
943 72.2 2488039 2487452 genome.dna 1227498 1228086 NC_004347.gbk
1735 82.5 2489732 2488785 genome.dna 3986623 3987571 NC_004347.gbk
962 51.4 2490742 2489870 genome.dna 3985656 3986511 NC_004347.gbk
1490 56.5 2491599 2492855 genome.dna 3984756 3983505 NC_004347.gbk
1707 69.3 2492889 2493971 genome.dna 3983491 3982399 NC_004347.gbk
838 50.9 2493971 2494816 genome.dna 3982397 3981536 NC_004347.gbk
1364 72.3 2496092 2496946 genome.dna 3978222 3977373 NC_004347.gbk
2319 71.5 2502156 2503685 genome.dna 3884973 3886500 NC_004347.gbk
2438 80.9 2503696 2505084 genome.dna 3886511 3887921 NC_004347.gbk
1137 52.9 2506239 2505289 genome.dna 2463393 2462460 NC_004347.gbk
1209 74.5 2507176 2506430 genome.dna 2464284 2463519 NC_004347.gbk
358 41.6 2507977 2507444 genome.dna 3254225 3253721 NC_004347.gbk
1331 49.8 2513105 2511876 genome.dna 3518662 3517405 NC_004347.gbk
556 42.9 2513827 2513102 genome.dna 3519455 3518663 NC_004347.gbk
1532 56.2 2515088 2513820 genome.dna 3520702 3519451 NC_004347.gbk
522 49.0 2515801 2515094 genome.dna 3521499 3520698 NC_004347.gbk
347 39.1 2516286 2515807 genome.dna 3521945 3521498 NC_004347.gbk
126 32.9 2542454 2542221 genome.dna 4838365 4838107 NC_004347.gbk
403 30.7 2559421 2558525 genome.dna 866391 865509 NC_004347.gbk
377 30.4 2559536 2560804 genome.dna 2017502 2018744 NC_004347.gbk
1310 58.9 2567649 2568662 genome.dna 4936571 4935575 NC_004347.gbk
931 71.9 2580340 2580921 genome.dna 2635622 2636201 NC_004347.gbk
821 57.1 2580921 2581499 genome.dna 2636201 2636783 NC_004347.gbk
1752 45.4 2581492 2583573 genome.dna 2636786 2639159 NC_004347.gbk
1265 53.9 2583574 2584629 genome.dna 2639224 2640274 NC_004347.gbk
591 46.6 2584640 2585269 genome.dna 2640328 2640967 NC_004347.gbk
930 65.4 2585266 2585973 genome.dna 2640959 2641658 NC_004347.gbk
1098 76.6 2585970 2586605 genome.dna 2641731 2642427 NC_004347.gbk
783 39.2 2587267 2588739 genome.dna 1328523 1326972 NC_004347.gbk
1569 71.6 2589820 2588846 genome.dna 2786940 2785965 NC_004347.gbk
4027 68.9 2593132 2590532 genome.dna 2825616 2822979 NC_004347.gbk
1153 52.4 2594839 2593787 genome.dna 3068963 3067934 NC_004347.gbk
796 52.0 2595189 2595950 genome.dna 3071807 3072545 NC_004347.gbk
825 60.2 2595969 2596559 genome.dna 1078725 1079349 NC_004347.gbk
941 68.0 2598308 2597688 genome.dna 3128629 3128008 NC_004347.gbk
928 51.8 2599344 2598460 genome.dna 3129486 3128625 NC_004347.gbk
1494 54.5 2602958 2604520 genome.dna 3129857 3131582 NC_004347.gbk
684 56.8 2604520 2605098 genome.dna 3131592 3132201 NC_004347.gbk
1115 53.2 2605113 2606180 genome.dna 3132200 3133244 NC_004347.gbk
1117 51.3 2606188 2607555 genome.dna 3133336 3134746 NC_004347.gbk
2131 81.4 2607572 2608762 genome.dna 3134865 3136056 NC_004347.gbk
1116 64.4 2608762 2609568 genome.dna 3136061 3136898 NC_004347.gbk
832 60.8 2611473 2610838 genome.dna 1759717 1760362 NC_004347.gbk
787 64.2 2619430 2619996 genome.dna 3147702 3148248 NC_004347.gbk
437 66.3 2621565 2621861 genome.dna 3148247 3148547 NC_004347.gbk
4486 78.9 2634501 2637176 genome.dna 2244827 2242226 NC_004347.gbk
907 68.4 2637907 2637311 genome.dna 3273601 3273022 NC_004347.gbk
286 36.8 2638299 2638706 genome.dna 3282738 3283131 NC_004347.gbk
1328 69.4 2639766 2638855 genome.dna 1753134 1752225 NC_004347.gbk
788 49.8 2642048 2641143 genome.dna 2955093 2954145 NC_004347.gbk
368 40.0 2642181 2642648 genome.dna 2622466 2622961 NC_004347.gbk
1259 68.1 2642732 2643580 genome.dna 1705769 1706585 NC_004347.gbk
665 48.2 2645012 2644386 genome.dna 3489808 3489166 NC_004347.gbk
1269 65.2 2645457 2646263 genome.dna 3148546 3149359 NC_004347.gbk
1799 54.8 2648577 2646652 genome.dna 3177848 3175739 NC_004347.gbk
547 44.8 2649224 2648673 genome.dna 2828475 2827926 NC_004347.gbk
1628 44.1 2649493 2651343 genome.dna 2528947 2530792 NC_004347.gbk
1549 69.9 2651794 2652813 genome.dna 2530902 2531916 NC_004347.gbk
282 50.0 2653836 2653564 genome.dna 2532268 2531986 NC_004347.gbk
481 32.8 2655847 2656716 genome.dna 2893073 2893922 NC_004347.gbk
3601 82.3 2658991 2660925 genome.dna 3002304 3004239 NC_004347.gbk
2020 68.9 2660962 2662236 genome.dna 3004304 3005573 NC_004347.gbk
984 42.3 2662378 2663577 genome.dna 4752283 4751074 NC_004347.gbk
2615 72.1 2670474 2672015 genome.dna 3005582 3007109 NC_004347.gbk
989 62.3 2672840 2672121 genome.dna 3008178 3007455 NC_004347.gbk
2225 64.5 2673071 2674651 genome.dna 3008480 3010082 NC_004347.gbk
513 42.8 2674846 2675376 genome.dna 3010179 3010707 NC_004347.gbk
528 49.6 2676960 2676514 genome.dna 2703908 2703467 NC_004347.gbk
292 35.2 2677723 2677067 genome.dna 1661673 1662300 NC_004347.gbk
303 51.9 2678353 2678066 genome.dna 2704581 2704302 NC_004347.gbk
517 39.0 2678460 2679146 genome.dna 2704704 2705370 NC_004347.gbk
1340 78.4 2679167 2679979 genome.dna 2705397 2706207 NC_004347.gbk
304 58.3 2679983 2680252 genome.dna 2706209 2706467 NC_004347.gbk
874 39.7 2681594 2680470 genome.dna 2707809 2706705 NC_004347.gbk
2526 67.7 2683421 2681736 genome.dna 2709559 2707885 NC_004347.gbk
679 48.7 2685383 2684682 genome.dna 2713440 2712729 NC_004347.gbk
1875 47.9 2687417 2685498 genome.dna 2176361 2178263 NC_004347.gbk
313 43.5 2687612 2687956 genome.dna 338931 339288 NC_004347.gbk
1495 55.4 2688488 2689942 genome.dna 2336915 2335511 NC_004347.gbk
409 38.4 2689954 2690532 genome.dna 2335484 2334896 NC_004347.gbk
1682 55.3 2691006 2692370 genome.dna 2363849 2362472 NC_004347.gbk
811 46.7 2702630 2701800 genome.dna 2911181 2910365 NC_004347.gbk
654 45.7 2709729 2710394 genome.dna 455358 454704 NC_004347.gbk
557 49.5 2724246 2725070 genome.dna 2120952 2121783 NC_004347.gbk
334 40.5 2728063 2728506 genome.dna 330509 330107 NC_004347.gbk
528 84.2 2728844 2728548 genome.dna 2184246 2184543 NC_004347.gbk
3487 65.2 2731236 2728849 genome.dna 2181855 2184243 NC_004347.gbk
1687 75.2 2732234 2731251 genome.dna 2180857 2181841 NC_004347.gbk
660 87.2 2732903 2732547 genome.dna 2413226 2413583 NC_004347.gbk
275 70.8 2733144 2732947 genome.dna 2413015 2413210 NC_004347.gbk
759 79.2 2733782 2733240 genome.dna 2412498 2412930 NC_004347.gbk
3515 78.2 2735713 2733785 genome.dna 2410455 2412384 NC_004347.gbk
1095 58.3 2741372 2740491 genome.dna 2845511 2844647 NC_004347.gbk
411 35.4 2751259 2751993 genome.dna 3113659 3114478 NC_004347.gbk
715 38.6 2753272 2754381 genome.dna 4595948 4597076 NC_004347.gbk
367 41.8 2756503 2756949 genome.dna 2767943 2768420 NC_004347.gbk
1792 73.3 2757088 2758194 genome.dna 2768716 2769835 NC_004347.gbk
517 42.9 2758197 2758835 genome.dna 2769838 2770456 NC_004347.gbk
2270 73.8 2759027 2760397 genome.dna 2770485 2771856 NC_004347.gbk
700 48.9 2760640 2761329 genome.dna 2049790 2049115 NC_004347.gbk
1140 45.5 2762917 2764038 genome.dna 2771982 2773125 NC_004347.gbk
2246 52.7 2775696 2773681 genome.dna 2738322 2736273 NC_004347.gbk
532 43.3 2776465 2775716 genome.dna 2738989 2738347 NC_004347.gbk
520 52.1 2777056 2776550 genome.dna 2739725 2739266 NC_004347.gbk
1565 33.8 2778643 2781285 genome.dna 2741512 2744122 NC_004347.gbk
1672 55.2 2781410 2782864 genome.dna 2745674 2747099 NC_004347.gbk
740 65.6 2788070 2787564 genome.dna 145711 146248 NC_004347.gbk
2215 47.8 2791079 2789028 genome.dna 151551 153654 NC_004347.gbk
1722 69.7 2791280 2792458 genome.dna 3774247 3775384 NC_004347.gbk
927 62.0 2793288 2792647 genome.dna 2608546 2607904 NC_004347.gbk
2207 66.3 2794931 2793456 genome.dna 2612585 2611112 NC_004347.gbk
1412 75.4 2795320 2796189 genome.dna 2612895 2613750 NC_004347.gbk
2121 71.5 2796565 2798007 genome.dna 2613935 2615375 NC_004347.gbk
607 32.4 2799095 2798118 genome.dna 2184639 2185578 NC_004347.gbk
880 35.0 2800594 2799272 genome.dna 2960402 2959097 NC_004347.gbk
1699 77.5 2809298 2808294 genome.dna 2539190 2538185 NC_004347.gbk
771 58.5 2809923 2809306 genome.dna 2539893 2539275 NC_004347.gbk
696 65.8 2810663 2810151 genome.dna 2540411 2539889 NC_004347.gbk
1198 73.7 2811487 2810744 genome.dna 2541346 2540599 NC_004347.gbk
2857 69.7 2813755 2811956 genome.dna 2543338 2541562 NC_004347.gbk
954 59.6 2828026 2828805 genome.dna 2546486 2547218 NC_004347.gbk
1437 62.3 2828802 2829785 genome.dna 2547214 2548207 NC_004347.gbk
434 41.2 2834895 2834311 genome.dna 2293970 2293367 NC_004347.gbk
2036 54.0 2835515 2837245 genome.dna 4282918 4284664 NC_004347.gbk
1447 42.5 2838878 2837343 genome.dna 3691223 3689663 NC_004347.gbk
733 56.2 2840639 2840001 genome.dna 1959692 1959023 NC_004347.gbk
1053 61.8 2845770 2845033 genome.dna 1740635 1741394 NC_004347.gbk
2383 56.2 2854450 2852540 genome.dna 1943240 1945163 NC_004347.gbk
2028 48.9 2856571 2854454 genome.dna 1940871 1943007 NC_004347.gbk
254 30.8 2858441 2857854 genome.dna 2719589 2719055 NC_004347.gbk
1411 62.8 2859653 2858643 genome.dna 2720809 2719789 NC_004347.gbk
2175 57.3 2862472 2859857 genome.dna 2736190 2733640 NC_004347.gbk
2564 79.2 2864092 2865492 genome.dna 2334342 2332941 NC_004347.gbk
1690 62.4 2867225 2868415 genome.dna 2457428 2458622 NC_004347.gbk
908 56.7 2869134 2868487 genome.dna 3167208 3166563 NC_004347.gbk
498 46.9 2869764 2869216 genome.dna 2209772 2210321 NC_004347.gbk
741 44.5 2879411 2878626 genome.dna 578834 578051 NC_004347.gbk
392 32.5 2879580 2880428 genome.dna 1744581 1745316 NC_004347.gbk
645 45.2 2884168 2883416 genome.dna 2599355 2600093 NC_004347.gbk
237 65.4 2884347 2884165 genome.dna 2922569 2922389 NC_004347.gbk
992 48.1 2885460 2884459 genome.dna 2923566 2922558 NC_004347.gbk
1985 52.3 2887241 2885457 genome.dna 2925372 2923566 NC_004347.gbk
441 30.2 2889516 2887243 genome.dna 2927714 2925404 NC_004347.gbk
1693 52.9 2895155 2896582 genome.dna 2912197 2913610 NC_004347.gbk
1979 65.6 2898013 2896643 genome.dna 4237825 4236493 NC_004347.gbk
606 39.7 2915911 2915069 genome.dna 2986056 2985204 NC_004347.gbk
1317 65.4 2916384 2917283 genome.dna 2171926 2170951 NC_004347.gbk
1460 55.6 2917289 2918617 genome.dna 2170948 2169631 NC_004347.gbk
1049 48.0 2918614 2919687 genome.dna 2169569 2168393 NC_004347.gbk
1554 63.1 2919703 2920770 genome.dna 2168311 2167219 NC_004347.gbk
314 50.7 2920770 2921360 genome.dna 2167075 2166409 NC_004347.gbk
1000 60.7 2921367 2922104 genome.dna 2166305 2165567 NC_004347.gbk
1297 74.6 2922086 2922862 genome.dna 2165586 2164812 NC_004347.gbk
806 61.9 2922856 2923488 genome.dna 2164730 2164094 NC_004347.gbk
484 80.2 2923933 2923649 genome.dna 2505017 2504729 NC_004347.gbk
2956 82.2 2925698 2924025 genome.dna 2506757 2505089 NC_004347.gbk
954 66.1 2926492 2925815 genome.dna 2507552 2506859 NC_004347.gbk
1848 66.3 2928002 2926713 genome.dna 2509016 2507735 NC_004347.gbk
1323 55.6 2929170 2928085 genome.dna 2515779 2514675 NC_004347.gbk
1763 45.4 2929563 2931326 genome.dna 807004 808783 NC_004347.gbk
4179 80.1 2932697 2934979 genome.dna 3042161 3044444 NC_004347.gbk
1222 71.0 2966712 2967509 genome.dna 3044507 3045248 NC_004347.gbk
562 32.8 2974003 2972849 genome.dna 478463 477299 NC_004347.gbk
2002 69.6 2975613 2974318 genome.dna 2422243 2423530 NC_004347.gbk
1917 65.8 2977060 2975717 genome.dna 2420520 2421858 NC_004347.gbk
464 38.2 2977679 2977068 genome.dna 2419897 2420518 NC_004347.gbk
2367 44.9 2981302 2977892 genome.dna 2417092 2419828 NC_004347.gbk
850 80.1 2981911 2981417 genome.dna 2416265 2416772 NC_004347.gbk
1682 79.6 2982496 2983455 genome.dna 2414718 2413764 NC_004347.gbk
1036 51.0 2983684 2985450 genome.dna 3933013 3931072 NC_004347.gbk
1701 45.5 2985450 2987189 genome.dna 3931076 3929324 NC_004347.gbk
822 51.6 2987214 2987927 genome.dna 2759459 2760170 NC_004347.gbk
435 91.7 2988043 2988261 genome.dna 2760958 2761177 NC_004347.gbk
3447 72.0 2992855 2990582 genome.dna 2763552 2761284 NC_004347.gbk
406 65.1 2993205 2992885 genome.dna 2763903 2763594 NC_004347.gbk
361 74.2 2993630 2993851 genome.dna 2764096 2764303 NC_004347.gbk
2380 62.9 2997034 2998686 genome.dna 1418191 1419856 NC_004347.gbk
1386 53.6 3008215 3007088 genome.dna 1009613 1010762 NC_004347.gbk
1134 66.5 3009847 3009002 genome.dna 1321702 1322518 NC_004347.gbk
1307 63.5 3010809 3009844 genome.dna 1320800 1321706 NC_004347.gbk
1469 63.0 3011957 3010824 genome.dna 1319667 1320804 NC_004347.gbk
1339 55.0 3013338 3012229 genome.dna 1318404 1319508 NC_004347.gbk
1285 66.4 3015344 3014433 genome.dna 2383893 2384793 NC_004347.gbk
464 76.8 3016496 3016762 genome.dna 2865897 2866158 NC_004347.gbk
2236 72.7 3042056 3043384 genome.dna 4226191 4227637 NC_004347.gbk
958 69.5 3046334 3045672 genome.dna 4430776 4431427 NC_004347.gbk
2156 83.6 3050037 3051158 genome.dna 2153859 2154999 NC_004347.gbk
1169 59.2 3051198 3052058 genome.dna 2155137 2155977 NC_004347.gbk
732 43.5 3058890 3057901 genome.dna 3790294 3789337 NC_004347.gbk
630 38.1 3064304 3063432 genome.dna 2691579 2690679 NC_004347.gbk
275 44.6 3072258 3072004 genome.dna 51727 51979 NC_004347.gbk
625 39.3 3073082 3074083 genome.dna 1575192 1576290 NC_004347.gbk
697 33.0 3083683 3082493 genome.dna 2393250 2392026 NC_004347.gbk
220 40.3 3084634 3084873 genome.dna 2942329 2942077 NC_004347.gbk
2068 52.4 3084876 3086636 genome.dna 2864064 2865837 NC_004347.gbk
1210 49.9 3087351 3088499 genome.dna 1201379 1202546 NC_004347.gbk
956 41.9 3089593 3088583 genome.dna 2288320 2289349 NC_004347.gbk
221 50.0 3089796 3090026 genome.dna 2288243 2288024 NC_004347.gbk
762 30.9 3090041 3091789 genome.dna 2287958 2286167 NC_004347.gbk
1442 52.1 3092131 3093381 genome.dna 1537873 1536625 NC_004347.gbk
107 33.7 3100493 3100777 genome.dna 4838120 4837814 NC_004347.gbk
390 33.2 3109585 3110331 genome.dna 1082967 1082232 NC_004347.gbk
459 35.1 3110358 3111017 genome.dna 1082227 1081546 NC_004347.gbk
1133 33.3 3127190 3125091 genome.dna 1909868 1907795 NC_004347.gbk
545 42.5 3132533 3133219 genome.dna 13791 13128 NC_004347.gbk
1241 67.4 3134242 3133295 genome.dna 1029977 1030943 NC_004347.gbk
532 47.4 3135924 3135382 genome.dna 3929297 3928712 NC_004347.gbk
1119 55.0 3140563 3139631 genome.dna 2105705 2104757 NC_004347.gbk
1663 57.6 3147123 3145672 genome.dna 3935463 3937071 NC_004347.gbk
595 58.6 3155124 3154672 genome.dna 4639268 4638800 NC_004347.gbk
244 50.6 3155372 3155127 genome.dna 4639521 4639269 NC_004347.gbk
793 80.6 3155863 3155369 genome.dna 4640020 4639540 NC_004347.gbk
1306 57.6 3157424 3156435 genome.dna 4641114 4640133 NC_004347.gbk
967 52.2 3157972 3158883 genome.dna 2459639 2458718 NC_004347.gbk
3291 75.4 3161386 3159374 genome.dna 2631736 2629714 NC_004347.gbk
593 44.7 3163130 3162450 genome.dna 2853281 2852585 NC_004347.gbk
314 30.2 3163884 3163123 genome.dna 2854163 2853335 NC_004347.gbk
969 47.6 3165022 3163865 genome.dna 2855489 2854283 NC_004347.gbk
1536 65.9 3166099 3165062 genome.dna 2856763 2855710 NC_004347.gbk
1643 57.2 3166195 3167499 genome.dna 2856885 2858271 NC_004347.gbk
432 33.6 3169188 3169883 genome.dna 1085612 1086347 NC_004347.gbk
754 41.4 3170057 3170947 genome.dna 2913783 2914674 NC_004347.gbk
2681 68.9 3171157 3172854 genome.dna 4000787 4002476 NC_004347.gbk
1398 52.6 3178804 3180039 genome.dna 145407 144153 NC_004347.gbk
1018 57.0 3180042 3180794 genome.dna 144142 143380 NC_004347.gbk
1657 51.0 3182764 3184236 genome.dna 4648045 4646587 NC_004347.gbk
1348 36.8 3190713 3188704 genome.dna 655860 657867 NC_004347.gbk
840 42.8 3193197 3192250 genome.dna 3620192 3619268 NC_004347.gbk
323 48.0 3197252 3196875 genome.dna 1511441 1511066 NC_004347.gbk
711 59.2 3228583 3228035 genome.dna 1954432 1954981 NC_004347.gbk
2294 56.2 3230474 3228642 genome.dna 1952555 1954385 NC_004347.gbk
943 66.4 3231123 3230467 genome.dna 1951804 1952449 NC_004347.gbk
403 34.3 3239092 3238280 genome.dna 2885664 2886480 NC_004347.gbk
328 32.0 3295986 3295378 genome.dna 3644703 3645336 NC_004347.gbk
213 36.1 3332182 3332514 genome.dna 2001493 2001808 NC_004347.gbk
458 30.2 3333801 3332713 genome.dna 2570627 2569538 NC_004347.gbk
473 42.8 3334880 3335344 genome.dna 3998716 3999181 NC_004347.gbk
621 33.3 3356794 3355865 genome.dna 113271 114180 NC_004347.gbk
352 35.9 3361359 3360859 genome.dna 3821501 3820940 NC_004347.gbk
2793 78.1 3364676 3363084 genome.dna 1777148 1778741 NC_004347.gbk
2008 60.4 3372145 3370688 genome.dna 1046744 1045280 NC_004347.gbk
2478 70.8 3373687 3372152 genome.dna 1048285 1046740 NC_004347.gbk
2971 73.4 3375638 3373788 genome.dna 1050231 1048383 NC_004347.gbk
490 75.8 3375937 3375635 genome.dna 1050536 1050227 NC_004347.gbk
688 62.7 3376497 3375934 genome.dna 1051084 1050532 NC_004347.gbk
1046 81.1 3377049 3376507 genome.dna 1051637 1051094 NC_004347.gbk
1676 73.4 3378041 3377067 genome.dna 1052614 1051645 NC_004347.gbk
3935 63.5 3380764 3378038 genome.dna 1055340 1052610 NC_004347.gbk
2398 78.7 3382301 3380952 genome.dna 1056767 1055381 NC_004347.gbk
808 71.4 3382843 3382298 genome.dna 1057306 1056763 NC_004347.gbk
3218 74.7 3384645 3382846 genome.dna 1059193 1057387 NC_004347.gbk
1259 78.1 3385418 3384744 genome.dna 1059871 1059196 NC_004347.gbk
598 64.9 3385876 3385436 genome.dna 1060305 1059900 NC_004347.gbk
1969 70.3 3389494 3390708 genome.dna 2604443 2605658 NC_004347.gbk
780 59.4 3390849 3391448 genome.dna 2605879 2606467 NC_004347.gbk
348 42.8 3395281 3394826 genome.dna 3045804 3045264 NC_004347.gbk
1661 63.2 3395711 3396913 genome.dna 3045848 3047048 NC_004347.gbk
3233 68.0 3396993 3399131 genome.dna 3047169 3049323 NC_004347.gbk
630 46.8 3401812 3402438 genome.dna 1654188 1653519 NC_004347.gbk
535 72.2 3402596 3402967 genome.dna 3052941 3053310 NC_004347.gbk
979 51.4 3402984 3403889 genome.dna 3053391 3054282 NC_004347.gbk
353 41.5 3408161 3407589 genome.dna 3959209 3958549 NC_004347.gbk
2434 73.0 3409858 3408341 genome.dna 3181726 3180211 NC_004347.gbk
721 62.1 3410380 3409880 genome.dna 3182397 3181908 NC_004347.gbk
289 38.1 3411267 3410557 genome.dna 3183352 3182506 NC_004347.gbk
1320 50.4 3412525 3411257 genome.dna 3184640 3183344 NC_004347.gbk
1031 46.9 3416479 3415469 genome.dna 3190124 3189107 NC_004347.gbk
1055 47.3 3417731 3416595 genome.dna 3191257 3190126 NC_004347.gbk
807 44.1 3418053 3418931 genome.dna 1130480 1129589 NC_004347.gbk
1895 71.0 3421622 3420405 genome.dna 3192615 3191403 NC_004347.gbk
879 35.5 3421795 3423822 genome.dna 3192921 3194853 NC_004347.gbk
197 37.6 3424173 3423889 genome.dna 3195941 3195659 NC_004347.gbk
915 58.8 3425582 3424782 genome.dna 2965975 2965204 NC_004347.gbk
1281 63.4 3428548 3427616 genome.dna 3200605 3199687 NC_004347.gbk
563 51.2 3428721 3429263 genome.dna 3200712 3201243 NC_004347.gbk
357 39.2 3429830 3429348 genome.dna 3201791 3201320 NC_004347.gbk
2667 57.2 3438550 3436355 genome.dna 3212814 3210690 NC_004347.gbk
2044 69.4 3439860 3438547 genome.dna 3214124 3212813 NC_004347.gbk
942 36.7 3440778 3442064 genome.dna 4409886 4408572 NC_004347.gbk
571 39.7 3444907 3444146 genome.dna 3339539 3338753 NC_004347.gbk
1592 54.0 3453156 3451774 genome.dna 924808 926185 NC_004347.gbk
498 36.9 3454011 3453277 genome.dna 4107870 4107096 NC_004347.gbk
697 44.1 3459693 3458845 genome.dna 429919 428992 NC_004347.gbk
299 31.6 3461047 3460553 genome.dna 181622 182099 NC_004347.gbk
746 39.0 3463304 3462318 genome.dna 179386 180385 NC_004347.gbk
289 35.8 3464316 3463951 genome.dna 178273 178642 NC_004347.gbk
725 74.1 3465394 3464954 genome.dna 177278 177713 NC_004347.gbk
1441 57.0 3466688 3465462 genome.dna 175980 177204 NC_004347.gbk
2060 64.6 3468186 3466690 genome.dna 174411 175977 NC_004347.gbk
1369 50.6 3470135 3468183 genome.dna 172300 174415 NC_004347.gbk
292 31.5 3471087 3470224 genome.dna 171349 172276 NC_004347.gbk
562 31.2 3487569 3486097 genome.dna 4442723 4441109 NC_004347.gbk
1770 67.8 3514279 3513113 genome.dna 4887234 4886070 NC_004347.gbk
1393 71.5 3516455 3517318 genome.dna 1879662 1878807 NC_004347.gbk
2277 70.5 3519048 3517663 genome.dna 1877252 1878632 NC_004347.gbk
204 33.8 3519771 3519349 genome.dna 3472219 3472663 NC_004347.gbk
747 66.9 3520193 3520687 genome.dna 1877112 1876617 NC_004347.gbk
735 49.2 3520698 3521420 genome.dna 1876608 1875888 NC_004347.gbk
699 68.1 3521609 3522118 genome.dna 3712439 3712931 NC_004347.gbk
1212 53.2 3522115 3523185 genome.dna 3712930 3714028 NC_004347.gbk
1538 54.4 3523656 3524945 genome.dna 949384 950677 NC_004347.gbk
1213 69.4 3527868 3527053 genome.dna 1812411 1813206 NC_004347.gbk
1814 50.7 3529530 3527884 genome.dna 1810695 1812354 NC_004347.gbk
1574 41.8 3531695 3529527 genome.dna 1808419 1810636 NC_004347.gbk
1174 41.5 3533985 3535520 genome.dna 2296472 2294915 NC_004347.gbk
385 48.9 3537011 3536586 genome.dna 1007556 1007130 NC_004347.gbk
976 34.0 3537873 3539351 genome.dna 4105649 4107014 NC_004347.gbk
1036 41.4 3540580 3539417 genome.dna 712063 710917 NC_004347.gbk
1956 33.2 3560370 3563492 genome.dna 1978319 1981415 NC_004347.gbk
1023 68.6 3570531 3571184 genome.dna 1842871 1842193 NC_004347.gbk
300 32.0 3571239 3571790 genome.dna 1926861 1927398 NC_004347.gbk
2231 72.2 3573115 3574479 genome.dna 1303045 1301677 NC_004347.gbk
1248 65.4 3588690 3587836 genome.dna 4111242 4110384 NC_004347.gbk
2979 83.2 3590632 3589055 genome.dna 3437252 3435674 NC_004347.gbk
2507 78.7 3592205 3590739 genome.dna 3438835 3437368 NC_004347.gbk
1475 50.1 3592378 3593766 genome.dna 3438957 3440295 NC_004347.gbk
811 38.8 3598404 3597445 genome.dna 2756941 2757898 NC_004347.gbk
1552 71.6 3599984 3598497 genome.dna 3460442 3458978 NC_004347.gbk
1085 39.7 3601310 3600129 genome.dna 3461709 3460521 NC_004347.gbk
1815 64.0 3603229 3601955 genome.dna 3463631 3462353 NC_004347.gbk
2027 84.5 3604488 3603367 genome.dna 3464905 3463789 NC_004347.gbk
474 35.1 3606254 3605517 genome.dna 3466857 3466068 NC_004347.gbk
1845 73.2 3607701 3606505 genome.dna 3468011 3466889 NC_004347.gbk
654 70.2 3608433 3608005 genome.dna 2386975 2387407 NC_004347.gbk
358 35.4 3611852 3612721 genome.dna 1310076 1310934 NC_004347.gbk
1207 46.6 3615811 3614501 genome.dna 905611 906904 NC_004347.gbk
207 43.8 3616273 3616073 genome.dna 2384863 2385061 NC_004347.gbk
603 74.5 3616630 3616295 genome.dna 2383402 2383738 NC_004347.gbk
2544 66.0 3618482 3616632 genome.dna 2381531 2383394 NC_004347.gbk
465 41.7 3619075 3618557 genome.dna 2380939 2381464 NC_004347.gbk
542 70.1 3619470 3619147 genome.dna 2380600 2380924 NC_004347.gbk
699 83.2 3619938 3619552 genome.dna 2380202 2380586 NC_004347.gbk
2168 78.0 3621177 3619963 genome.dna 2378950 2380165 NC_004347.gbk
692 72.2 3621953 3621459 genome.dna 2378410 2378872 NC_004347.gbk
978 65.0 3622783 3622058 genome.dna 2376463 2377189 NC_004347.gbk
1142 61.4 3622920 3623723 genome.dna 2376309 2375505 NC_004347.gbk
2338 81.2 3635387 3634134 genome.dna 3617284 3616030 NC_004347.gbk
609 80.4 3640872 3640534 genome.dna 3674473 3674134 NC_004347.gbk
6093 68.4 3649390 3645506 genome.dna 3432818 3428936 NC_004347.gbk
1315 44.6 3649670 3651115 genome.dna 3433161 3434535 NC_004347.gbk
673 56.5 3651787 3651263 genome.dna 3435579 3434994 NC_004347.gbk
576 42.8 3653727 3654416 genome.dna 4509181 4509889 NC_004347.gbk
626 36.0 3670963 3672315 genome.dna 4507145 4508561 NC_004347.gbk
1862 40.7 3672395 3674611 genome.dna 4503563 4505744 NC_004347.gbk
891 41.5 3674598 3675959 genome.dna 4505664 4507119 NC_004347.gbk
528 31.5 3677516 3676002 genome.dna 1093489 1094878 NC_004347.gbk
381 63.7 3679566 3679826 genome.dna 1301674 1301422 NC_004347.gbk
415 55.1 3680225 3679845 genome.dna 1408199 1408583 NC_004347.gbk
1132 73.3 3680956 3680225 genome.dna 1407462 1408200 NC_004347.gbk
473 41.4 3681774 3681037 genome.dna 1406676 1407378 NC_004347.gbk
1336 66.3 3682691 3681786 genome.dna 1405602 1406622 NC_004347.gbk
935 64.9 3683368 3682688 genome.dna 1404925 1405606 NC_004347.gbk
679 48.9 3684626 3683661 genome.dna 1404006 1404924 NC_004347.gbk
3176 79.4 3686442 3684643 genome.dna 1402037 1403828 NC_004347.gbk
257 36.8 3687191 3686739 genome.dna 1401396 1401870 NC_004347.gbk
374 34.3 3688797 3688150 genome.dna 1399816 1400440 NC_004347.gbk
924 71.7 3689432 3688857 genome.dna 1399195 1399774 NC_004347.gbk
2662 71.3 3689812 3691413 genome.dna 1399006 1397392 NC_004347.gbk
482 40.5 3692248 3691502 genome.dna 984400 983737 NC_004347.gbk
1468 54.2 3692383 3693708 genome.dna 983459 982196 NC_004347.gbk
959 60.2 3694571 3695257 genome.dna 3809627 3808970 NC_004347.gbk
1166 55.0 3703917 3702925 genome.dna 4850801 4851866 NC_004347.gbk
1047 53.1 3704788 3703907 genome.dna 4849922 4850774 NC_004347.gbk
1030 59.2 3705613 3704801 genome.dna 4849036 4849918 NC_004347.gbk
1385 62.7 3706780 3705770 genome.dna 4848017 4849031 NC_004347.gbk
607 44.1 3708260 3707103 genome.dna 1854961 1853737 NC_004347.gbk
677 48.7 3711890 3712588 genome.dna 1376666 1375955 NC_004347.gbk
531 32.8 3712592 3713431 genome.dna 3858025 3857260 NC_004347.gbk
598 76.9 3714535 3714188 genome.dna 1357180 1357507 NC_004347.gbk
2109 69.2 3714803 3716083 genome.dna 1353294 1352001 NC_004347.gbk
2065 43.8 3724928 3722451 genome.dna 660660 662967 NC_004347.gbk
2231 45.7 3727511 3725031 genome.dna 658075 660583 NC_004347.gbk
215 31.0 3727604 3728134 genome.dna 653296 652738 NC_004347.gbk
799 52.2 3728155 3728859 genome.dna 905443 904738 NC_004347.gbk
821 82.1 3729128 3729583 genome.dna 904575 904131 NC_004347.gbk
948 53.2 3729711 3730679 genome.dna 903998 903098 NC_004347.gbk
1667 55.4 3730782 3732230 genome.dna 902824 901507 NC_004347.gbk
483 54.0 3732230 3732727 genome.dna 901508 901019 NC_004347.gbk
1126 62.5 3732844 3733638 genome.dna 900963 900168 NC_004347.gbk
963 53.7 3733793 3734647 genome.dna 900092 899246 NC_004347.gbk
1172 65.2 3735878 3735108 genome.dna 3956833 3956062 NC_004347.gbk
1313 70.6 3736813 3735875 genome.dna 3957768 3956829 NC_004347.gbk
816 56.2 3737076 3737717 genome.dna 2596047 2596653 NC_004347.gbk
785 64.4 3738313 3737777 genome.dna 3958542 3958011 NC_004347.gbk
910 43.1 3739983 3738898 genome.dna 760521 759471 NC_004347.gbk
1248 40.9 3741673 3739988 genome.dna 762152 760517 NC_004347.gbk
885 57.0 3749695 3748958 genome.dna 2690104 2689375 NC_004347.gbk
759 68.6 3749751 3750215 genome.dna 2690174 2690651 NC_004347.gbk
538 39.2 3750945 3750235 genome.dna 2692337 2691602 NC_004347.gbk
496 40.6 3750989 3751744 genome.dna 2692497 2693301 NC_004347.gbk
869 35.7 3751815 3753179 genome.dna 2693551 2695099 NC_004347.gbk
4290 76.9 3762599 3760023 genome.dna 3745043 3742469 NC_004347.gbk
625 52.1 3763458 3762733 genome.dna 3745935 3745161 NC_004347.gbk
758 49.1 3764613 3765347 genome.dna 3746987 3747794 NC_004347.gbk
341 46.5 3765670 3766011 genome.dna 3561577 3561934 NC_004347.gbk
1452 57.7 3768744 3767623 genome.dna 1416835 1417975 NC_004347.gbk
1559 66.5 3769824 3768751 genome.dna 1415681 1416773 NC_004347.gbk
846 52.5 3770090 3770806 genome.dna 2944136 2944847 NC_004347.gbk
576 78.3 3773009 3772662 genome.dna 1415031 1415385 NC_004347.gbk
1377 80.4 3773827 3773072 genome.dna 1414250 1414997 NC_004347.gbk
603 44.1 3774414 3773866 genome.dna 1413701 1414235 NC_004347.gbk
433 78.0 3774681 3774433 genome.dna 1413435 1413684 NC_004347.gbk
2255 75.7 3776200 3774839 genome.dna 1411843 1413217 NC_004347.gbk
657 37.4 3776370 3777164 genome.dna 1411510 1410721 NC_004347.gbk
856 72.8 3777786 3777271 genome.dna 1143140 1143650 NC_004347.gbk
1562 49.9 3779493 3777940 genome.dna 3718686 3716991 NC_004347.gbk
376 45.5 3780004 3779576 genome.dna 3722295 3721869 NC_004347.gbk
341 93.3 3782025 3781840 genome.dna 3568366 3568168 NC_004347.gbk
3953 66.5 3784972 3782345 genome.dna 3572375 3569750 NC_004347.gbk
1959 86.3 3786717 3785644 genome.dna 3574224 3573150 NC_004347.gbk
307 36.4 3788942 3789616 genome.dna 2245142 2245775 NC_004347.gbk
503 40.1 3873467 3874063 genome.dna 939756 940350 NC_004347.gbk
1503 55.5 3882715 3881462 genome.dna 1165149 1166427 NC_004347.gbk
1477 63.2 3883829 3882726 genome.dna 1164018 1165137 NC_004347.gbk
1957 58.6 3886800 3888260 genome.dna 1159787 1158326 NC_004347.gbk
1312 61.2 3889382 3888324 genome.dna 1157157 1158231 NC_004347.gbk
1147 64.6 3893140 3892373 genome.dna 2663142 2662362 NC_004347.gbk
3518 64.9 3894156 3896603 genome.dna 2663386 2665834 NC_004347.gbk
476 62.9 3896702 3897052 genome.dna 1819076 1819439 NC_004347.gbk
613 40.7 3907276 3906587 genome.dna 95828 95147 NC_004347.gbk
346 35.3 3912529 3911285 genome.dna 4535519 4534382 NC_004347.gbk
828 31.9 3917101 3918687 genome.dna 759254 757616 NC_004347.gbk
974 33.3 3933298 3934833 genome.dna 548244 549864 NC_004347.gbk
476 46.3 3938346 3938765 genome.dna 479332 478909 NC_004347.gbk
636 44.2 3938912 3939664 genome.dna 2490508 2489752 NC_004347.gbk
2564 51.6 3939697 3942345 genome.dna 2221646 2218934 NC_004347.gbk
1252 46.8 3942520 3943878 genome.dna 2495184 2493870 NC_004347.gbk
760 60.1 3952181 3951618 genome.dna 2975648 2975084 NC_004347.gbk
730 47.9 3955431 3956147 genome.dna 3288249 3288984 NC_004347.gbk
2730 72.5 3956293 3958011 genome.dna 3289869 3291582 NC_004347.gbk
1467 75.5 3959109 3958117 genome.dna 3578238 3577257 NC_004347.gbk
724 44.1 3960197 3959163 genome.dna 3579216 3578319 NC_004347.gbk
814 60.5 3961248 3960622 genome.dna 3579909 3579273 NC_004347.gbk
841 43.8 3962437 3961391 genome.dna 3581764 3580651 NC_004347.gbk
715 69.4 3963052 3962555 genome.dna 3582272 3581792 NC_004347.gbk
759 52.1 3963804 3963091 genome.dna 3583074 3582324 NC_004347.gbk
313 50.0 3964143 3963808 genome.dna 3583384 3583084 NC_004347.gbk
963 60.0 3966155 3966877 genome.dna 1081554 1080828 NC_004347.gbk
761 66.1 3967961 3967344 genome.dna 3868665 3868047 NC_004347.gbk
1819 60.0 3969453 3967963 genome.dna 3870627 3869199 NC_004347.gbk
1607 76.8 3970373 3969465 genome.dna 3871723 3870814 NC_004347.gbk
1059 65.3 3972869 3972135 genome.dna 3880908 3880170 NC_004347.gbk
2258 57.3 3974615 3972882 genome.dna 3882658 3880960 NC_004347.gbk
1968 50.5 3976444 3974615 genome.dna 3884557 3882733 NC_004347.gbk
918 59.0 3986036 3985365 genome.dna 2627773 2627104 NC_004347.gbk
1272 44.5 3994559 3995977 genome.dna 3833350 3834775 NC_004347.gbk
2091 80.7 4001743 4000448 genome.dna 3584681 3583484 NC_004347.gbk
2878 78.9 4003479 4001842 genome.dna 3586634 3584993 NC_004347.gbk
451 54.2 4004518 4003706 genome.dna 3587545 3586750 NC_004347.gbk
2965 60.0 4007080 4004843 genome.dna 3600299 3598091 NC_004347.gbk
874 45.0 4008483 4007131 genome.dna 3601839 3600489 NC_004347.gbk
2119 43.8 4008599 4011400 genome.dna 3601959 3604749 NC_004347.gbk
1363 56.7 4012636 4011491 genome.dna 1850772 1849617 NC_004347.gbk
645 37.7 4013697 4012813 genome.dna 2894904 2894028 NC_004347.gbk
722 30.4 4022115 4023650 genome.dna 609334 610909 NC_004347.gbk
227 44.1 4025097 4024876 genome.dna 3476682 3476472 NC_004347.gbk
2664 61.1 4027241 4025196 genome.dna 3019820 3017750 NC_004347.gbk
1856 60.8 4028828 4027398 genome.dna 3891448 3890017 NC_004347.gbk
3037 51.2 4031933 4029078 genome.dna 3910321 3907348 NC_004347.gbk
266 32.0 4033670 4034290 genome.dna 3921477 3922026 NC_004347.gbk
701 40.4 4036522 4035704 genome.dna 4454011 4453207 NC_004347.gbk
350 46.5 4037027 4036671 genome.dna 1342212 1342563 NC_004347.gbk
846 62.4 4037132 4037767 genome.dna 1341951 1341339 NC_004347.gbk
593 32.3 4046550 4044691 genome.dna 2217713 2215856 NC_004347.gbk
1680 58.2 4047693 4049018 genome.dna 4545663 4544346 NC_004347.gbk
139 33.9 4049289 4049083 genome.dna 336741 336954 NC_004347.gbk
789 51.2 4050959 4050219 genome.dna 1742740 1743502 NC_004347.gbk
618 54.9 4051288 4053240 genome.dna 3727569 3729627 NC_004347.gbk
492 37.7 4056533 4057198 genome.dna 4480918 4481587 NC_004347.gbk
763 57.4 4057927 4057307 genome.dna 1180087 1180705 NC_004347.gbk
639 70.7 4059979 4059527 genome.dna 4075132 4074679 NC_004347.gbk
458 94.7 4060248 4060021 genome.dna 4075396 4075168 NC_004347.gbk
263 41.0 4060573 4060253 genome.dna 4075713 4075407 NC_004347.gbk
632 74.8 4060971 4060579 genome.dna 4076117 4075721 NC_004347.gbk
1067 65.8 4068636 4067902 genome.dna 4079521 4078780 NC_004347.gbk
3083 57.8 4071195 4068739 genome.dna 4081948 4079521 NC_004347.gbk
418 46.4 4071662 4071237 genome.dna 52003 52459 NC_004347.gbk
1065 50.1 4076878 4075862 genome.dna 3497028 3495990 NC_004347.gbk
870 57.7 4076900 4077613 genome.dna 3497063 3497777 NC_004347.gbk
895 50.5 4077711 4078532 genome.dna 3498001 3498820 NC_004347.gbk
614 49.2 4078582 4079136 genome.dna 3498896 3499445 NC_004347.gbk
430 67.4 4079133 4079423 genome.dna 3499444 3499735 NC_004347.gbk
720 56.1 4079441 4080034 genome.dna 3500354 3500972 NC_004347.gbk
1610 61.2 4080027 4081166 genome.dna 3500971 3502129 NC_004347.gbk
400 43.5 4086876 4086421 genome.dna 550002 550476 NC_004347.gbk
396 30.4 4102382 4101120 genome.dna 4487333 4486088 NC_004347.gbk
1041 52.1 4104484 4105365 genome.dna 3620390 3621290 NC_004347.gbk
664 48.4 4105353 4106009 genome.dna 3621401 3622067 NC_004347.gbk
1529 69.7 4109655 4110677 genome.dna 4057912 4056904 NC_004347.gbk
2346 75.6 4114440 4115846 genome.dna 4064844 4063437 NC_004347.gbk
1345 55.9 4115888 4116970 genome.dna 4063361 4062284 NC_004347.gbk
579 52.2 4121033 4121530 genome.dna 2957675 2958197 NC_004347.gbk
5086 79.2 4139901 4137067 genome.dna 4185006 4187859 NC_004347.gbk
454 33.8 4147026 4146418 genome.dna 674728 675355 NC_004347.gbk
1499 49.7 4159330 4160865 genome.dna 2801964 2803524 NC_004347.gbk
128 31.7 4163157 4163606 genome.dna 688257 688710 NC_004347.gbk
552 33.1 4192801 4193715 genome.dna 3659680 3658777 NC_004347.gbk
222 31.3 4207380 4207847 genome.dna 4358310 4358772 NC_004347.gbk
306 40.0 4218717 4218358 genome.dna 4120729 4120354 NC_004347.gbk
4712 80.3 4221505 4218908 genome.dna 455779 458377 NC_004347.gbk
278 42.6 4222572 4222883 genome.dna 3692099 3691802 NC_004347.gbk
2698 85.3 4231793 4230366 genome.dna 443261 444689 NC_004347.gbk
1448 57.2 4233904 4232027 genome.dna 441078 443112 NC_004347.gbk
4192 67.2 4236582 4233919 genome.dna 438399 441066 NC_004347.gbk
952 58.0 4237489 4236725 genome.dna 437565 438318 NC_004347.gbk
392 30.6 4242968 4242114 genome.dna 436276 437128 NC_004347.gbk
693 58.0 4243540 4242965 genome.dna 435461 436007 NC_004347.gbk
628 48.2 4250722 4251348 genome.dna 428839 428221 NC_004347.gbk
564 35.8 4251341 4252093 genome.dna 428229 427494 NC_004347.gbk
336 41.0 4252799 4252404 genome.dna 427137 426744 NC_004347.gbk
4132 70.7 4255592 4252890 genome.dna 4385802 4383075 NC_004347.gbk
237 32.9 4256247 4256774 genome.dna 4386789 4387236 NC_004347.gbk
1350 63.4 4257707 4256787 genome.dna 4388170 4387249 NC_004347.gbk
1699 72.0 4258960 4257809 genome.dna 4389537 4388349 NC_004347.gbk
1714 59.8 4260285 4259029 genome.dna 4390800 4389564 NC_004347.gbk
620 38.1 4261166 4260282 genome.dna 4391569 4390780 NC_004347.gbk
2158 66.9 4263557 4262097 genome.dna 4393147 4391680 NC_004347.gbk
1240 55.6 4264711 4263620 genome.dna 4394238 4393149 NC_004347.gbk
1465 56.8 4265910 4264708 genome.dna 4395449 4394237 NC_004347.gbk
1130 45.9 4267226 4265910 genome.dna 4396758 4395438 NC_004347.gbk
1839 75.0 4268312 4267230 genome.dna 4397847 4396764 NC_004347.gbk
1284 50.0 4269667 4268306 genome.dna 4399230 4397847 NC_004347.gbk
1390 46.1 4271151 4269664 genome.dna 4400705 4399229 NC_004347.gbk
1848 49.3 4272901 4271138 genome.dna 4402456 4400704 NC_004347.gbk
271 53.1 4273245 4272925 genome.dna 4402784 4402469 NC_004347.gbk
1368 65.6 4274186 4273242 genome.dna 4403737 4402795 NC_004347.gbk
559 52.0 4274647 4274189 genome.dna 4404226 4403767 NC_004347.gbk
757 71.8 4277861 4277370 genome.dna 2389858 2389363 NC_004347.gbk
2979 74.6 4279582 4277864 genome.dna 2391576 2389857 NC_004347.gbk
1871 52.4 4281750 4279945 genome.dna 87147 88854 NC_004347.gbk
2276 67.5 4282166 4283764 genome.dna 4415185 4413616 NC_004347.gbk
1662 70.2 4283764 4284855 genome.dna 4413565 4412470 NC_004347.gbk
2261 71.6 4284858 4286258 genome.dna 4412471 4411046 NC_004347.gbk
857 64.3 4286272 4286874 genome.dna 4411022 4410416 NC_004347.gbk
253 36.4 4287266 4286955 genome.dna 1840283 1839980 NC_004347.gbk
596 43.3 4287997 4287263 genome.dna 1840972 1840279 NC_004347.gbk
884 49.1 4289018 4288182 genome.dna 1842025 1841188 NC_004347.gbk
1899 42.4 4306807 4309173 genome.dna 1910053 1912480 NC_004347.gbk
3718 56.1 4309359 4312262 genome.dna 597186 594279 NC_004347.gbk
482 40.6 4314086 4313211 genome.dna 3791835 3791046 NC_004347.gbk
809 31.6 4314274 4316637 genome.dna 3793819 3796117 NC_004347.gbk
1229 40.9 4316738 4318033 genome.dna 3796337 3797642 NC_004347.gbk
1441 67.1 4318033 4319034 genome.dna 3797648 3798635 NC_004347.gbk
1072 58.7 4319027 4319845 genome.dna 3798649 3799456 NC_004347.gbk
410 47.9 4319858 4320235 genome.dna 3799508 3799889 NC_004347.gbk
883 46.4 4320238 4321083 genome.dna 3799910 3800735 NC_004347.gbk
521 56.0 4323873 4323391 genome.dna 3804410 3803927 NC_004347.gbk
489 47.7 4324442 4323972 genome.dna 3804906 3804432 NC_004347.gbk
751 48.8 4325254 4324433 genome.dna 3805664 3804902 NC_004347.gbk
415 35.7 4325410 4326024 genome.dna 552803 553415 NC_004347.gbk
490 40.8 4327281 4326592 genome.dna 1839227 1839920 NC_004347.gbk
5877 82.6 4330684 4327460 genome.dna 1182945 1186170 NC_004347.gbk
1908 74.3 4331847 4330699 genome.dna 1181757 1182918 NC_004347.gbk
1155 65.8 4333114 4332293 genome.dna 1180744 1181590 NC_004347.gbk
1447 69.3 4334402 4333452 genome.dna 3684865 3683908 NC_004347.gbk
415 47.0 4334856 4334383 genome.dna 3685286 3684866 NC_004347.gbk
597 52.9 4335368 4334856 genome.dna 3685798 3685285 NC_004347.gbk
4529 69.1 4338181 4335368 genome.dna 3688630 3685807 NC_004347.gbk
1184 59.1 4339154 4338213 genome.dna 3689598 3688662 NC_004347.gbk
379 68.6 4339580 4339843 genome.dna 3691475 3691742 NC_004347.gbk
1150 59.2 4340841 4339921 genome.dna 1395631 1396540 NC_004347.gbk
1349 55.0 4342070 4340889 genome.dna 1393978 1395148 NC_004347.gbk
1943 74.0 4343498 4342359 genome.dna 1170780 1171917 NC_004347.gbk
3216 77.3 4345514 4343607 genome.dna 1168750 1170670 NC_004347.gbk
809 64.9 4345979 4346554 genome.dna 3754108 3753538 NC_004347.gbk
533 54.0 4348720 4348133 genome.dna 71133 71667 NC_004347.gbk
1411 68.4 4351229 4350276 genome.dna 3703101 3704058 NC_004347.gbk
987 55.3 4351702 4352475 genome.dna 3694489 3693715 NC_004347.gbk
1560 57.1 4353827 4352538 genome.dna 3554199 3552915 NC_004347.gbk
1179 56.7 4354760 4353831 genome.dna 3555210 3554271 NC_004347.gbk
3081 58.5 4357222 4354763 genome.dna 3557675 3555206 NC_004347.gbk
1281 81.5 4359083 4359799 genome.dna 4126000 4126717 NC_004347.gbk
297 37.6 4360338 4359856 genome.dna 2301507 2302005 NC_004347.gbk
384 38.9 4362122 4362661 genome.dna 946104 945564 NC_004347.gbk
190 41.1 4363012 4362680 genome.dna 3559863 3559587 NC_004347.gbk
1122 31.5 4365019 4363085 genome.dna 2138355 2136429 NC_004347.gbk
3033 79.6 4365488 4367155 genome.dna 3617474 3619142 NC_004347.gbk
895 46.5 4370220 4371221 genome.dna 415476 414462 NC_004347.gbk
1832 67.8 4372650 4371418 genome.dna 891504 890274 NC_004347.gbk
1064 73.4 4373604 4372945 genome.dna 1194802 1194142 NC_004347.gbk
494 40.0 4373843 4374736 genome.dna 2988994 2989915 NC_004347.gbk
512 38.8 4375568 4374828 genome.dna 4225800 4225086 NC_004347.gbk
543 40.3 4376373 4375759 genome.dna 2988882 2988261 NC_004347.gbk
780 43.5 4377440 4376580 genome.dna 3487597 3488425 NC_004347.gbk
1843 74.3 4379941 4378778 genome.dna 962888 964064 NC_004347.gbk
1445 62.8 4381030 4380014 genome.dna 961738 962755 NC_004347.gbk
3296 71.6 4383337 4381343 genome.dna 959615 961610 NC_004347.gbk
2401 56.0 4387762 4385783 genome.dna 1961795 1963709 NC_004347.gbk
2176 84.6 4388480 4389631 genome.dna 959138 957986 NC_004347.gbk
916 58.4 4390561 4391259 genome.dna 852093 851316 NC_004347.gbk
1049 64.3 4391555 4392289 genome.dna 851308 850576 NC_004347.gbk
1474 69.4 4392301 4393260 genome.dna 850483 849535 NC_004347.gbk
603 47.1 4393344 4393907 genome.dna 3492031 3492595 NC_004347.gbk
616 66.9 4393907 4394326 genome.dna 3492622 3493048 NC_004347.gbk
786 44.4 4395434 4394430 genome.dna 4129618 4130596 NC_004347.gbk
1917 61.4 4395604 4396995 genome.dna 3960608 3959210 NC_004347.gbk
2253 77.5 4398393 4397095 genome.dna 4084048 4082752 NC_004347.gbk
178 48.1 4398693 4398493 genome.dna 4084303 4084114 NC_004347.gbk
565 50.6 4399815 4398820 genome.dna 632544 633438 NC_004347.gbk
1131 49.3 4401072 4399819 genome.dna 631395 632541 NC_004347.gbk
1761 63.6 4402445 4401165 genome.dna 630051 631359 NC_004347.gbk
1268 66.0 4403893 4402952 genome.dna 628737 629664 NC_004347.gbk
1584 47.4 4405841 4403886 genome.dna 626849 628745 NC_004347.gbk
864 39.6 4407563 4405893 genome.dna 625444 626836 NC_004347.gbk
584 55.4 4408042 4407560 genome.dna 624977 625436 NC_004347.gbk
1233 43.8 4409618 4408062 genome.dna 623397 624897 NC_004347.gbk
1727 66.1 4409761 4410900 genome.dna 4007846 4009028 NC_004347.gbk
2013 57.4 4413004 4411424 genome.dna 992798 991214 NC_004347.gbk
870 65.1 4413698 4413135 genome.dna 993602 993032 NC_004347.gbk
595 34.7 4419630 4418704 genome.dna 611929 610993 NC_004347.gbk
694 39.4 4424160 4425050 genome.dna 552704 551819 NC_004347.gbk
366 30.8 4429982 4429287 genome.dna 385041 385746 NC_004347.gbk
819 66.3 4435345 4434803 genome.dna 619423 619969 NC_004347.gbk
1295 56.0 4435653 4436702 genome.dna 619311 618246 NC_004347.gbk
1745 34.0 4437926 4441249 genome.dna 616323 613119 NC_004347.gbk
567 49.7 4446212 4446796 genome.dna 1779379 1778845 NC_004347.gbk
581 68.4 4447190 4446837 genome.dna 1430527 1430176 NC_004347.gbk
408 34.6 4448185 4447619 genome.dna 2438456 2437895 NC_004347.gbk
1958 54.2 4451372 4449723 genome.dna 3704078 3705716 NC_004347.gbk
1655 58.1 4451863 4453239 genome.dna 4124415 4123059 NC_004347.gbk
5364 65.9 4464530 4460847 genome.dna 1070537 1066802 NC_004347.gbk
2334 78.1 4468982 4467675 genome.dna 1551059 1552382 NC_004347.gbk
2416 67.4 4470612 4469014 genome.dna 1549275 1550925 NC_004347.gbk
1195 53.9 4471827 4470898 genome.dna 1761810 1762752 NC_004347.gbk
801 64.4 4477982 4478530 genome.dna 45521 44972 NC_004347.gbk
165 36.7 4478772 4478515 genome.dna 44605 44881 NC_004347.gbk
840 51.8 4479596 4478769 genome.dna 43716 44580 NC_004347.gbk
647 63.3 4481228 4480755 genome.dna 40262 40739 NC_004347.gbk
883 44.9 4482321 4481200 genome.dna 39243 40260 NC_004347.gbk
716 63.1 4482450 4482959 genome.dna 37898 37391 NC_004347.gbk
1297 63.0 4482986 4483933 genome.dna 37376 36419 NC_004347.gbk
1415 52.7 4484001 4485290 genome.dna 36417 35130 NC_004347.gbk
1592 69.7 4485347 4486723 genome.dna 35115 33705 NC_004347.gbk
592 60.3 4486815 4487225 genome.dna 545956 545545 NC_004347.gbk
684 82.4 4488068 4487676 genome.dna 258792 259188 NC_004347.gbk
1874 88.1 4489098 4488109 genome.dna 257762 258752 NC_004347.gbk
1174 85.9 4489744 4489124 genome.dna 257117 257738 NC_004347.gbk
739 84.6 4490164 4489775 genome.dna 256693 257086 NC_004347.gbk
637 81.4 4490537 4490181 genome.dna 256322 256679 NC_004347.gbk
227 89.5 4490800 4490684 genome.dna 256094 256208 NC_004347.gbk
2322 81.5 4492165 4490834 genome.dna 254732 256073 NC_004347.gbk
761 79.2 4492607 4492173 genome.dna 254290 254725 NC_004347.gbk
303 78.9 4492790 4492611 genome.dna 254104 254287 NC_004347.gbk
876 81.4 4493297 4492797 genome.dna 253594 254098 NC_004347.gbk
578 76.1 4493665 4493312 genome.dna 253231 253582 NC_004347.gbk
794 67.8 4494208 4493675 genome.dna 252687 253221 NC_004347.gbk
674 76.9 4494614 4494222 genome.dna 252284 252677 NC_004347.gbk
510 75.2 4494953 4494648 genome.dna 251954 252260 NC_004347.gbk
979 77.7 4495506 4494967 genome.dna 251404 251944 NC_004347.gbk
521 79.8 4495835 4495521 genome.dna 251077 251392 NC_004347.gbk
660 82.9 4496217 4495846 genome.dna 250697 251066 NC_004347.gbk
429 76.8 4496635 4496381 genome.dna 250271 250520 NC_004347.gbk
314 81.0 4496826 4496635 genome.dna 250080 250272 NC_004347.gbk
782 87.5 4497236 4496826 genome.dna 249670 250081 NC_004347.gbk
1206 77.6 4497950 4497249 genome.dna 248966 249659 NC_004347.gbk
546 78.2 4498300 4497968 genome.dna 248624 248957 NC_004347.gbk
580 90.2 4498593 4498315 genome.dna 248330 248609 NC_004347.gbk
1544 80.3 4499431 4498610 genome.dna 247491 248316 NC_004347.gbk
465 75.0 4499751 4499449 genome.dna 247169 247475 NC_004347.gbk
1114 87.6 4500353 4499748 genome.dna 246567 247173 NC_004347.gbk
1064 78.1 4500993 4500364 genome.dna 245911 246550 NC_004347.gbk
643 96.1 4501337 4501026 genome.dna 245572 245884 NC_004347.gbk
591 58.4 4502117 4501644 genome.dna 1153718 1154192 NC_004347.gbk
174 42.2 4502384 4502190 genome.dna 609090 608898 NC_004347.gbk
3354 71.6 4505956 4503842 genome.dna 241888 243985 NC_004347.gbk
861 81.4 4506523 4506053 genome.dna 241339 241810 NC_004347.gbk
740 87.9 4506994 4506620 genome.dna 240884 241259 NC_004347.gbk
135 32.3 4507413 4507126 genome.dna 2481767 2482049 NC_004347.gbk
283 39.5 4507791 4507432 genome.dna 2481411 2481768 NC_004347.gbk
407 47.3 4508190 4507801 genome.dna 2481004 2481397 NC_004347.gbk
545 40.0 4508912 4508190 genome.dna 1458556 1457875 NC_004347.gbk
1347 37.9 4509286 4510932 genome.dna 2147445 2149071 NC_004347.gbk
656 42.7 4517475 4516657 genome.dna 1104191 1104959 NC_004347.gbk
206 43.3 4517758 4517976 genome.dna 1103078 1102865 NC_004347.gbk
612 47.7 4520431 4519847 genome.dna 3558316 3558985 NC_004347.gbk
188 39.1 4520758 4520552 genome.dna 915613 915814 NC_004347.gbk
1418 40.2 4522627 4520816 genome.dna 1544159 1545929 NC_004347.gbk
2512 59.0 4523306 4525213 genome.dna 915337 913423 NC_004347.gbk
488 36.7 4525894 4525292 genome.dna 1804400 1803806 NC_004347.gbk
961 48.1 4526001 4527020 genome.dna 910186 909202 NC_004347.gbk
1413 69.9 4527383 4528252 genome.dna 908863 907975 NC_004347.gbk
1227 88.5 4529138 4529770 genome.dna 651380 650744 NC_004347.gbk
1767 63.0 4531124 4529898 genome.dna 643452 644670 NC_004347.gbk
846 66.1 4531820 4531245 genome.dna 637615 638191 NC_004347.gbk
1716 73.4 4557783 4556779 genome.dna 300002 301001 NC_004347.gbk
606 46.3 4558484 4557780 genome.dna 299282 299966 NC_004347.gbk
1246 82.1 4559154 4558477 genome.dna 298605 299283 NC_004347.gbk
1058 59.1 4560090 4559278 genome.dna 296920 297760 NC_004347.gbk
1404 60.3 4562421 4561336 genome.dna 294361 295441 NC_004347.gbk
873 79.4 4562994 4562473 genome.dna 293840 294356 NC_004347.gbk
2264 50.3 4567199 4569754 genome.dna 288572 286052 NC_004347.gbk
691 58.6 4570394 4569837 genome.dna 200293 200845 NC_004347.gbk
780 51.9 4573107 4573793 genome.dna 183597 182934 NC_004347.gbk
526 60.8 4573911 4574321 genome.dna 171098 170699 NC_004347.gbk
1104 55.9 4574406 4575275 genome.dna 170674 169813 NC_004347.gbk
1287 43.6 4575473 4577092 genome.dna 169612 168070 NC_004347.gbk
1156 42.1 4578723 4577365 genome.dna 4829524 4830841 NC_004347.gbk
1293 79.2 4579442 4578723 genome.dna 4828758 4829484 NC_004347.gbk
624 61.8 4592217 4591738 genome.dna 4828103 4827599 NC_004347.gbk
1935 48.9 4592392 4594107 genome.dna 1290450 1288590 NC_004347.gbk
3173 64.1 4597892 4600225 genome.dna 4827470 4825115 NC_004347.gbk
647 43.2 4613436 4612669 genome.dna 4821558 4822251 NC_004347.gbk
400 33.0 4613483 4614184 genome.dna 4821353 4820645 NC_004347.gbk
939 72.8 4614245 4614820 genome.dna 4814788 4814209 NC_004347.gbk
708 38.0 4621169 4620336 genome.dna 4870552 4869709 NC_004347.gbk
337 51.5 4621561 4621244 genome.dna 4870854 4870548 NC_004347.gbk
2445 46.4 4632742 4630295 genome.dna 1564762 1567276 NC_004347.gbk
250 30.2 4634257 4632818 genome.dna 1568710 1570315 NC_004347.gbk
1509 53.5 4635563 4634286 genome.dna 1567395 1568658 NC_004347.gbk
1441 45.9 4637576 4635600 genome.dna 1562507 1564760 NC_004347.gbk
2595 53.2 4639754 4637577 genome.dna 1560270 1562511 NC_004347.gbk
2209 60.1 4640126 4641844 genome.dna 2942457 2944140 NC_004347.gbk
843 64.9 4645142 4645735 genome.dna 136309 136903 NC_004347.gbk
706 36.1 4660732 4659695 genome.dna 4938679 4939669 NC_004347.gbk
2434 60.0 4664050 4662224 genome.dna 4420612 4418788 NC_004347.gbk
434 44.5 4665267 4665755 genome.dna 4420863 4421328 NC_004347.gbk
1127 55.6 4665855 4666784 genome.dna 4421544 4422429 NC_004347.gbk
869 43.3 4668986 4668036 genome.dna 2044481 2045429 NC_004347.gbk
3399 70.6 4672431 4670269 genome.dna 490776 492945 NC_004347.gbk
505 37.0 4673230 4672514 genome.dna 4483618 4482895 NC_004347.gbk
921 48.6 4674165 4673230 genome.dna 4484517 4483617 NC_004347.gbk
202 34.7 4674866 4674162 genome.dna 4485179 4484558 NC_004347.gbk
1302 67.9 4675687 4674863 genome.dna 4486018 4485190 NC_004347.gbk
328 46.1 4676010 4676330 genome.dna 4487643 4487967 NC_004347.gbk
968 31.4 4680162 4677604 genome.dna 4490422 4488007 NC_004347.gbk
1431 70.4 4680620 4681561 genome.dna 4490623 4491556 NC_004347.gbk
493 36.3 4681558 4682298 genome.dna 4491560 4492301 NC_004347.gbk
673 35.7 4682322 4683446 genome.dna 4492361 4493606 NC_004347.gbk
529 30.6 4700495 4699365 genome.dna 3409878 3408732 NC_004347.gbk
1494 64.7 4702353 4701286 genome.dna 3303693 3302661 NC_004347.gbk
556 30.4 4703612 4702350 genome.dna 3329431 3328150 NC_004347.gbk
2404 87.4 4708658 4707399 genome.dna 423039 421773 NC_004347.gbk
535 70.4 4709479 4709153 genome.dna 423578 423251 NC_004347.gbk
1910 64.9 4709598 4710890 genome.dna 423729 425049 NC_004347.gbk
2989 65.9 4714432 4712411 genome.dna 4517506 4515490 NC_004347.gbk
363 59.8 4714592 4714873 genome.dna 663044 663323 NC_004347.gbk
2388 72.8 4723858 4722380 genome.dna 4543220 4541741 NC_004347.gbk
1075 52.9 4724026 4724916 genome.dna 4543416 4544289 NC_004347.gbk
2037 58.9 4728119 4726569 genome.dna 4537293 4535655 NC_004347.gbk
3227 78.3 4729969 4728119 genome.dna 4539154 4537294 NC_004347.gbk
237 45.7 4731254 4730994 genome.dna 4539493 4539232 NC_004347.gbk
2427 64.3 4732978 4731332 genome.dna 4541148 4539489 NC_004347.gbk
1833 57.2 4733613 4735139 genome.dna 357229 355702 NC_004347.gbk
675 42.4 4735656 4736483 genome.dna 2316536 2317397 NC_004347.gbk
732 47.6 4748208 4747351 genome.dna 214725 215634 NC_004347.gbk
1453 60.6 4750499 4751602 genome.dna 214670 213569 NC_004347.gbk
860 68.0 4752703 4752062 genome.dna 208490 209105 NC_004347.gbk
532 33.2 4755209 4754301 genome.dna 1385078 1385993 NC_004347.gbk
1455 73.5 4756712 4755816 genome.dna 4208599 4207705 NC_004347.gbk
1072 42.0 4765728 4763293 genome.dna 4211229 4208835 NC_004347.gbk
1512 60.5 4766891 4765731 genome.dna 4212422 4211240 NC_004347.gbk
554 80.8 4767078 4767395 genome.dna 4212625 4212940 NC_004347.gbk
550 40.1 4767603 4768400 genome.dna 1072107 1072965 NC_004347.gbk
363 67.1 4770684 4770469 genome.dna 4279278 4279065 NC_004347.gbk
2418 50.7 4770998 4773196 genome.dna 4280593 4282807 NC_004347.gbk
901 80.2 4775884 4776414 genome.dna 4335330 4335855 NC_004347.gbk
2211 77.4 4776424 4777755 genome.dna 4335873 4337196 NC_004347.gbk
560 36.9 4777900 4778817 genome.dna 2009224 2008348 NC_004347.gbk
775 68.3 4778952 4779437 genome.dna 4364880 4365366 NC_004347.gbk
181 39.2 4779794 4779555 genome.dna 337172 336950 NC_004347.gbk
215 31.6 4780345 4781184 genome.dna 1359302 1358612 NC_004347.gbk
2472 72.1 4781238 4782749 genome.dna 4406936 4405451 NC_004347.gbk
667 42.4 4784192 4784938 genome.dna 765346 764596 NC_004347.gbk
787 46.7 4786326 4787093 genome.dna 1244411 1245194 NC_004347.gbk
1661 67.3 4788410 4787304 genome.dna 916045 917095 NC_004347.gbk
822 45.4 4826899 4825997 genome.dna 4664240 4663349 NC_004347.gbk
892 59.2 4829201 4829899 genome.dna 4665125 4665812 NC_004347.gbk
886 37.1 4829896 4831266 genome.dna 4665826 4667176 NC_004347.gbk
721 73.3 4834867 4834403 genome.dna 4724171 4724636 NC_004347.gbk
387 32.3 4843920 4843159 genome.dna 4954044 4953273 NC_004347.gbk
764 32.2 4848093 4849451 genome.dna 1852189 1850830 NC_004347.gbk
1266 68.5 4866035 4865178 genome.dna 4779089 4778231 NC_004347.gbk
698 35.3 4867335 4866367 genome.dna 4780285 4779319 NC_004347.gbk
948 64.3 4867996 4867325 genome.dna 4780983 4780281 NC_004347.gbk
1604 56.0 4869411 4868002 genome.dna 4782519 4780986 NC_004347.gbk
685 58.3 4869761 4870336 genome.dna 4782861 4783434 NC_004347.gbk
391 70.0 4875073 4874828 genome.dna 23060 22814 NC_004347.gbk
863 60.2 4875290 4875967 genome.dna 4918906 4919566 NC_004347.gbk
901 37.0 4886675 4885383 genome.dna 951909 953184 NC_004347.gbk
1683 48.8 4911222 4909444 genome.dna 2059560 2057820 NC_004347.gbk
807 38.3 4929420 4928401 genome.dna 1894864 1893832 NC_004347.gbk
807 38.3 4929420 4928401 genome.dna 1894864 1893832 NC_004347.gbk
1589 45.5 4931262 4929655 genome.dna 1896441 1894863 NC_004347.gbk
542 61.3 4942687 4942274 genome.dna 2388812 2389256 NC_004347.gbk
733 39.2 4963465 4962494 genome.dna 823685 822728 NC_004347.gbk
3852 70.4 4981440 4979023 genome.dna 10637 13055 NC_004347.gbk
1111 46.4 4982544 4981459 genome.dna 9538 10621 NC_004347.gbk
1346 57.9 4983694 4982594 genome.dna 8275 9376 NC_004347.gbk
2410 80.0 4985096 4983699 genome.dna 6872 8255 NC_004347.gbk
232 85.7 4985770 4985910 genome.dna 6418 6280 NC_004347.gbk
419 56.9 4985929 4986288 genome.dna 6264 5907 NC_004347.gbk
1998 54.2 4986512 4988146 genome.dna 5683 4057 NC_004347.gbk
2135 71.4 4988276 4989640 genome.dna 3962 2588 NC_004347.gbk
1631 53.3 5010680 5009268 genome.dna 1162552 1163842 NC_004347.gbk
1015 63.4 5017538 5016804 genome.dna 1813337 1814048 NC_004347.gbk
453 33.2 5019301 5018414 genome.dna 4470065 4469228 NC_004347.gbk
1835 66.1 5033818 5032592 genome.dna 4578025 4579288 NC_004347.gbk
1002 62.6 5034549 5033818 genome.dna 4577299 4578025 NC_004347.gbk
962 46.6 5036220 5035063 genome.dna 4575429 4576647 NC_004347.gbk
387 31.6 5039115 5036794 genome.dna 4570752 4573257 NC_004347.gbk
464 49.3 5040111 5039689 genome.dna 4569491 4569926 NC_004347.gbk
1279 47.7 5041826 5040111 genome.dna 4566148 4567933 NC_004347.gbk
259 42.7 5042206 5041817 genome.dna 4565741 4566116 NC_004347.gbk
688 33.9 5043548 5042193 genome.dna 4564384 4565749 NC_004347.gbk
457 43.2 5044123 5043545 genome.dna 4563839 4564388 NC_004347.gbk
290 52.4 5044387 5044136 genome.dna 4563591 4563840 NC_004347.gbk
351 64.2 5044671 5044405 genome.dna 4563327 4563582 NC_004347.gbk
533 38.3 5045479 5044691 genome.dna 4562492 4563344 NC_004347.gbk
2776 69.4 5049054 5047222 genome.dna 4953197 4951367 NC_004347.gbk
1920 63.3 5050610 5049240 genome.dna 4957990 4956625 NC_004347.gbk
536 60.1 5053946 5053527 genome.dna 4958589 4958160 NC_004347.gbk
2615 87.2 5055348 5053966 genome.dna 4960017 4958625 NC_004347.gbk
1385 71.8 5056259 5055396 genome.dna 4960913 4960052 NC_004347.gbk
2833 85.2 5057853 5056312 genome.dna 4962505 4960963 NC_004347.gbk
662 55.9 5058399 5057866 genome.dna 4963053 4962519 NC_004347.gbk
739 71.8 5058884 5058414 genome.dna 4963540 4963069 NC_004347.gbk
287 52.6 5059187 5058948 genome.dna 4963830 4963578 NC_004347.gbk
1091 62.1 5060037 5059237 genome.dna 4964695 4963900 NC_004347.gbk
187 33.3 5060442 5060059 genome.dna 4965091 4964707 NC_004347.gbk
790 57.9 5061686 5061066 genome.dna 4967689 4967068 NC_004347.gbk
3176 75.0 5063659 5061770 genome.dna 4969696 4967806 NC_004347.gbk
270 38.6 9921 10316 genome.dna 109107 109497 NC_004349.gbk
400 47.6 418295 418606 genome.dna 58279 57967 NC_004349.gbk
287 40.7 418603 419019 genome.dna 57968 57545 NC_004349.gbk
95 30.4 509350 509099 genome.dna 67294 67555 NC_004349.gbk
906 38.9 812414 811260 genome.dna 153757 152605 NC_004349.gbk
4183 58.4 1567041 1563904 genome.dna 143625 140487 NC_004349.gbk
121 31.0 1903356 1903090 genome.dna 21137 21428 NC_004349.gbk
121 31.0 1903356 1903090 genome.dna 45060 45351 NC_004349.gbk
121 31.0 1903356 1903090 genome.dna 52828 53119 NC_004349.gbk
121 31.0 1903356 1903090 genome.dna 29505 29214 NC_004349.gbk
121 31.0 1903356 1903090 genome.dna 69313 69604 NC_004349.gbk
121 31.0 1903356 1903090 genome.dna 20682 20391 NC_004349.gbk
121 31.0 1903356 1903090 genome.dna 134530 134239 NC_004349.gbk
164 32.7 1924289 1923957 genome.dna 31076 31394 NC_004349.gbk
432 31.8 2001616 2000516 genome.dna 99407 100436 NC_004349.gbk
669 51.0 2822402 2821764 genome.dna 60981 60345 NC_004349.gbk
2119 81.7 3050037 3051158 genome.dna 150115 148984 NC_004349.gbk
1164 59.8 3051198 3052058 genome.dna 148897 148057 NC_004349.gbk
646 36.6 4721531 4720644 genome.dna 154092 154962 NC_004349.gbk
601 42.0 4970379 4969669 genome.dna 57275 56570 NC_004349.gbk
