413 30.3 118825 120366 genome.dna 307995 309714 NC_000912.gbk
1866 69.2 250357 251541 genome.dna 789325 788140 NC_000912.gbk
349 42.7 252872 253300 genome.dna 272048 272462 NC_000912.gbk
643 45.5 253304 254008 genome.dna 272461 273142 NC_000912.gbk
274 41.9 254890 255255 genome.dna 660304 660673 NC_000912.gbk
1546 34.9 255584 259612 genome.dna 636461 632285 NC_000912.gbk
619 36.1 259736 263959 genome.dna 632282 628409 NC_000912.gbk
433 42.0 352201 352629 genome.dna 740268 739827 NC_000912.gbk
409 47.7 352645 353037 genome.dna 739822 739423 NC_000912.gbk
516 31.1 386934 386071 genome.dna 30243 31110 NC_000912.gbk
698 49.8 435364 434357 genome.dna 360643 361465 NC_000912.gbk
799 31.0 460910 458055 genome.dna 585919 583402 NC_000912.gbk
1214 43.4 697515 699164 genome.dna 697323 695691 NC_000912.gbk
615 34.2 755628 756641 genome.dna 75242 76202 NC_000912.gbk
220 36.7 761608 761919 genome.dna 385836 386139 NC_000912.gbk
332 40.8 766454 766933 genome.dna 483247 482764 NC_000912.gbk
735 36.2 795852 797180 genome.dna 80413 81679 NC_000912.gbk
587 43.7 798538 799257 genome.dna 79032 79749 NC_000912.gbk
1269 42.7 844582 846099 genome.dna 326855 328325 NC_000912.gbk
268 36.8 927840 927358 genome.dna 88341 87897 NC_000912.gbk
349 38.5 957261 956803 genome.dna 717435 716976 NC_000912.gbk
1459 43.3 995970 994243 genome.dna 754258 752539 NC_000912.gbk
168 37.3 996273 996016 genome.dna 66821 67088 NC_000912.gbk
734 51.2 1100443 1101237 genome.dna 380540 381527 NC_000912.gbk
568 31.1 1136591 1135386 genome.dna 590568 591795 NC_000912.gbk
292 41.5 1155257 1156108 genome.dna 757869 758766 NC_000912.gbk
521 33.9 1156279 1157004 genome.dna 758767 759475 NC_000912.gbk
326 32.7 1157130 1157687 genome.dna 762638 763193 NC_000912.gbk
1793 41.4 1303620 1306001 genome.dna 390327 392715 NC_000912.gbk
337 36.0 1329655 1330212 genome.dna 473516 472982 NC_000912.gbk
345 31.0 1335658 1336302 genome.dna 228949 229597 NC_000912.gbk
1450 43.9 1363499 1366138 genome.dna 4820 7340 NC_000912.gbk
542 40.8 1428285 1428911 genome.dna 36760 36139 NC_000912.gbk
1098 35.3 1483266 1480684 genome.dna 462762 460380 NC_000912.gbk
562 35.8 1573036 1572017 genome.dna 306964 307981 NC_000912.gbk
481 35.6 1599518 1600159 genome.dna 681846 682488 NC_000912.gbk
440 33.7 2038594 2039550 genome.dna 349804 348874 NC_000912.gbk
141 43.4 2040877 2041047 genome.dna 660679 660853 NC_000912.gbk
307 31.6 2048443 2049102 genome.dna 8578 9211 NC_000912.gbk
353 32.2 2050132 2050929 genome.dna 11274 12060 NC_000912.gbk
831 37.0 2192856 2194133 genome.dna 791472 792672 NC_000912.gbk
747 49.6 2218378 2219073 genome.dna 604896 605625 NC_000912.gbk
1020 45.8 2487322 2486231 genome.dna 31110 32199 NC_000912.gbk
340 32.5 2488039 2487452 genome.dna 273141 273708 NC_000912.gbk
848 42.5 2489732 2488785 genome.dna 88091 86924 NC_000912.gbk
896 39.4 2492889 2493971 genome.dna 430627 431707 NC_000912.gbk
555 30.8 2593132 2590532 genome.dna 312255 314391 NC_000912.gbk
546 35.0 2628084 2627089 genome.dna 268203 269475 NC_000912.gbk
272 34.1 2637907 2637311 genome.dna 53050 52474 NC_000912.gbk
659 41.8 2639766 2638855 genome.dna 790152 791028 NC_000912.gbk
997 46.9 2654735 2655739 genome.dna 518850 517836 NC_000912.gbk
275 32.6 2668329 2668766 genome.dna 601453 600973 NC_000912.gbk
875 30.4 2726216 2727934 genome.dna 21107 23012 NC_000912.gbk
451 32.4 2732234 2731251 genome.dna 135730 136756 NC_000912.gbk
392 52.2 2732903 2732547 genome.dna 151443 151827 NC_000912.gbk
162 50.9 2733144 2732947 genome.dna 151253 151433 NC_000912.gbk
283 31.3 2733782 2733240 genome.dna 150642 151248 NC_000912.gbk
712 38.9 2757088 2758194 genome.dna 509863 508750 NC_000912.gbk
643 31.2 2809298 2808294 genome.dna 657516 658440 NC_000912.gbk
731 38.4 2813755 2811956 genome.dna 54292 55966 NC_000912.gbk
870 42.0 2864092 2865492 genome.dna 303036 304404 NC_000912.gbk
442 35.2 2926492 2925815 genome.dna 581412 580758 NC_000912.gbk
740 41.9 2975613 2974318 genome.dna 7311 8574 NC_000912.gbk
617 37.2 2982496 2983455 genome.dna 292327 293275 NC_000912.gbk
214 49.3 2988043 2988261 genome.dna 230342 230579 NC_000912.gbk
338 32.3 3009847 3009002 genome.dna 72940 73801 NC_000912.gbk
544 42.9 3019705 3020373 genome.dna 79752 80427 NC_000912.gbk
420 30.0 3065575 3066420 genome.dna 386733 387594 NC_000912.gbk
1829 46.3 3161386 3159374 genome.dna 259640 261614 NC_000912.gbk
875 40.0 3395711 3396913 genome.dna 656153 654980 NC_000912.gbk
432 31.7 3516455 3517318 genome.dna 18989 18179 NC_000912.gbk
770 32.3 3519048 3517663 genome.dna 425554 424240 NC_000912.gbk
531 32.9 3599984 3598497 genome.dna 580757 579407 NC_000912.gbk
729 35.1 3603229 3601955 genome.dna 53076 54321 NC_000912.gbk
1313 52.2 3635387 3634134 genome.dna 699905 698684 NC_000912.gbk
1870 47.9 3686442 3684643 genome.dna 329483 331229 NC_000912.gbk
391 32.9 3694571 3695257 genome.dna 286467 287190 NC_000912.gbk
456 34.7 3698228 3696813 genome.dna 803447 801992 NC_000912.gbk
389 33.3 3738313 3737777 genome.dna 797139 796611 NC_000912.gbk
425 51.2 3745052 3745459 genome.dna 383039 383501 NC_000912.gbk
2694 56.1 3745456 3747603 genome.dna 383524 385690 NC_000912.gbk
1144 51.3 3747628 3748590 genome.dna 382017 383037 NC_000912.gbk
2241 48.8 3762599 3760023 genome.dna 653949 651801 NC_000912.gbk
325 46.4 3773009 3772662 genome.dna 783459 783099 NC_000912.gbk
532 40.8 3773827 3773072 genome.dna 784075 783442 NC_000912.gbk
1007 37.5 3776200 3774839 genome.dna 78977 77624 NC_000912.gbk
575 32.6 3784972 3782345 genome.dna 506423 503720 NC_000912.gbk
862 43.9 3786717 3785644 genome.dna 597826 596815 NC_000912.gbk
334 42.0 3787319 3786825 genome.dna 305065 305539 NC_000912.gbk
128 30.6 3963052 3962555 genome.dna 797648 797138 NC_000912.gbk
627 53.8 4001743 4000448 genome.dna 727544 726173 NC_000912.gbk
1163 36.8 4027241 4025196 genome.dna 427511 425534 NC_000912.gbk
186 32.9 4037132 4037767 genome.dna 418110 417390 NC_000912.gbk
291 38.7 4039680 4040210 genome.dna 649838 650393 NC_000912.gbk
183 31.1 4059979 4059527 genome.dna 281236 281686 NC_000912.gbk
585 30.6 4114440 4115846 genome.dna 281672 283094 NC_000912.gbk
3176 51.1 4139901 4137067 genome.dna 745199 742352 NC_000912.gbk
189 33.0 4215997 4216284 genome.dna 601742 601454 NC_000912.gbk
891 33.8 4231793 4230366 genome.dna 467846 466472 NC_000912.gbk
727 37.9 4255592 4252890 genome.dna 257239 259666 NC_000912.gbk
627 38.9 4274186 4273242 genome.dna 373828 374755 NC_000912.gbk
380 33.0 4319027 4319845 genome.dna 804225 803433 NC_000912.gbk
687 33.4 4338181 4335368 genome.dna 642717 640131 NC_000912.gbk
146 34.5 4339580 4339843 genome.dna 661126 660862 NC_000912.gbk
388 35.0 4343498 4342359 genome.dna 26159 27332 NC_000912.gbk
1655 50.1 4345514 4343607 genome.dna 523624 521836 NC_000912.gbk
678 39.3 4379941 4378778 genome.dna 517834 516604 NC_000912.gbk
647 33.7 4383337 4381343 genome.dna 101984 103931 NC_000912.gbk
800 41.8 4388480 4389631 genome.dna 76185 77337 NC_000912.gbk
216 35.7 4488068 4487676 genome.dna 232433 232808 NC_000912.gbk
217 31.7 4489098 4488109 genome.dna 231447 232431 NC_000912.gbk
473 38.3 4489744 4489124 genome.dna 543281 542663 NC_000912.gbk
421 48.7 4490164 4489775 genome.dna 231076 231442 NC_000912.gbk
432 55.2 4490537 4490181 genome.dna 230702 231077 NC_000912.gbk
185 68.4 4490800 4490684 genome.dna 230589 230703 NC_000912.gbk
842 35.1 4492165 4490834 genome.dna 227522 228956 NC_000912.gbk
350 42.6 4492607 4492173 genome.dna 227067 227523 NC_000912.gbk
215 37.1 4493665 4493312 genome.dna 226050 226401 NC_000912.gbk
456 41.0 4494208 4493675 genome.dna 225495 226050 NC_000912.gbk
383 47.3 4494614 4494222 genome.dna 225060 225489 NC_000912.gbk
726 57.0 4495506 4494967 genome.dna 224337 224880 NC_000912.gbk
189 35.5 4495835 4495521 genome.dna 223999 224335 NC_000912.gbk
458 56.1 4496217 4495846 genome.dna 223631 224000 NC_000912.gbk
173 39.7 4496635 4496381 genome.dna 223370 223628 NC_000912.gbk
406 48.0 4497236 4496826 genome.dna 222616 223036 NC_000912.gbk
594 42.1 4497950 4497249 genome.dna 221795 222617 NC_000912.gbk
362 57.5 4498593 4498315 genome.dna 221049 221313 NC_000912.gbk
843 52.0 4499431 4498610 genome.dna 220186 221050 NC_000912.gbk
328 32.3 4500353 4499748 genome.dna 218832 219471 NC_000912.gbk
280 40.6 4501337 4501026 genome.dna 217629 217956 NC_000912.gbk
2215 55.0 4505956 4503842 genome.dna 277659 279726 NC_000912.gbk
523 48.7 4506523 4506053 genome.dna 277169 277637 NC_000912.gbk
510 67.2 4506994 4506620 genome.dna 276696 277116 NC_000912.gbk
764 38.5 4557783 4556779 genome.dna 318087 317046 NC_000912.gbk
1676 47.6 4781238 4782749 genome.dna 63503 61976 NC_000912.gbk
493 36.7 4786326 4787093 genome.dna 756516 755781 NC_000912.gbk
737 38.1 4825789 4824827 genome.dna 355684 356671 NC_000912.gbk
322 36.6 4834867 4834403 genome.dna 642759 643260 NC_000912.gbk
187 64.4 4985770 4985910 genome.dna 805848 805701 NC_000912.gbk
2027 67.1 5055348 5053966 genome.dna 720975 719547 NC_000912.gbk
1062 47.7 5057853 5056312 genome.dna 723370 721813 NC_000912.gbk
1429 40.5 5063659 5061770 genome.dna 677331 679170 NC_000912.gbk
