203 31.2 1026 565 genome.dna 1180156 1179748 NC_002689.gbk
711 35.7 36667 35258 genome.dna 1573134 1571796 NC_002689.gbk
631 33.7 62838 64181 genome.dna 775819 774568 NC_002689.gbk
462 30.5 93925 92960 genome.dna 1258361 1257431 NC_002689.gbk
1175 38.6 138613 140052 genome.dna 1077605 1076123 NC_002689.gbk
352 33.0 153705 152758 genome.dna 421439 422264 NC_002689.gbk
962 40.7 186786 187982 genome.dna 389749 388567 NC_002689.gbk
827 41.2 228573 229595 genome.dna 1156029 1155063 NC_002689.gbk
1060 37.9 230345 231841 genome.dna 399175 397729 NC_002689.gbk
932 40.9 233849 232686 genome.dna 1369450 1370641 NC_002689.gbk
283 34.1 252872 253300 genome.dna 409535 409058 NC_002689.gbk
255 32.0 253304 254008 genome.dna 409044 408390 NC_002689.gbk
220 30.2 271449 270808 genome.dna 496809 496173 NC_002689.gbk
500 31.8 275283 276347 genome.dna 1356016 1357015 NC_002689.gbk
753 39.8 281849 280260 genome.dna 14000 15470 NC_002689.gbk
222 36.2 352645 353037 genome.dna 1187480 1187879 NC_002689.gbk
614 31.7 357036 355618 genome.dna 1210439 1211894 NC_002689.gbk
336 33.1 432443 431979 genome.dna 624441 624900 NC_002689.gbk
918 45.8 433394 432459 genome.dna 623522 624440 NC_002689.gbk
606 36.9 435364 434357 genome.dna 284192 283268 NC_002689.gbk
1209 43.1 485144 483705 genome.dna 1408055 1409429 NC_002689.gbk
387 30.7 550604 551389 genome.dna 75831 75045 NC_002689.gbk
394 31.0 757677 758612 genome.dna 1152678 1151700 NC_002689.gbk
573 33.1 761351 760380 genome.dna 1114838 1113857 NC_002689.gbk
360 35.8 767499 768128 genome.dna 303360 303954 NC_002689.gbk
636 30.2 771082 772419 genome.dna 611333 612677 NC_002689.gbk
721 34.7 812975 814090 genome.dna 59350 60439 NC_002689.gbk
358 45.5 814149 814541 genome.dna 302995 303364 NC_002689.gbk
475 30.1 819141 820013 genome.dna 1196201 1197131 NC_002689.gbk
819 34.6 839555 838230 genome.dna 832636 833926 NC_002689.gbk
424 30.9 912721 911924 genome.dna 1321650 1320837 NC_002689.gbk
960 39.3 1125945 1124593 genome.dna 757028 758219 NC_002689.gbk
540 38.0 1159320 1160081 genome.dna 592764 591987 NC_002689.gbk
104 32.2 1168997 1169593 genome.dna 143242 142582 NC_002689.gbk
491 33.5 1202667 1201900 genome.dna 1507411 1506667 NC_002689.gbk
587 30.6 1291078 1289714 genome.dna 147033 145845 NC_002689.gbk
465 37.8 1310544 1309849 genome.dna 1150732 1151458 NC_002689.gbk
1317 40.8 1363499 1366138 genome.dna 531166 533545 NC_002689.gbk
421 35.0 1375437 1376318 genome.dna 1416653 1417421 NC_002689.gbk
488 33.2 1416808 1415858 genome.dna 1528547 1529492 NC_002689.gbk
373 33.7 1426894 1426256 genome.dna 180992 180389 NC_002689.gbk
580 33.6 1427931 1426894 genome.dna 174518 175535 NC_002689.gbk
431 41.8 1433876 1433409 genome.dna 406475 406934 NC_002689.gbk
1382 45.5 1521264 1519120 genome.dna 487278 489285 NC_002689.gbk
1026 33.8 1522968 1521280 genome.dna 485524 487282 NC_002689.gbk
644 31.6 1536355 1535069 genome.dna 251795 252956 NC_002689.gbk
703 32.7 1543336 1544562 genome.dna 105141 103932 NC_002689.gbk
625 37.0 1544898 1546064 genome.dna 286144 285046 NC_002689.gbk
953 52.0 1546064 1546936 genome.dna 285046 284188 NC_002689.gbk
1011 32.6 1598005 1595975 genome.dna 1282980 1284612 NC_002689.gbk
355 31.2 1635671 1634820 genome.dna 948278 949121 NC_002689.gbk
467 46.6 1636204 1635668 genome.dna 949117 949657 NC_002689.gbk
1629 37.7 1754157 1752061 genome.dna 1432 3442 NC_002689.gbk
511 34.8 1778827 1779630 genome.dna 375940 376753 NC_002689.gbk
1060 36.7 1794345 1795769 genome.dna 387044 388541 NC_002689.gbk
1194 43.9 1862075 1860786 genome.dna 300628 299332 NC_002689.gbk
523 30.6 1968985 1967612 genome.dna 54254 55637 NC_002689.gbk
351 45.8 2009604 2010017 genome.dna 759484 759889 NC_002689.gbk
172 39.8 2010635 2010913 genome.dna 19774 19501 NC_002689.gbk
628 33.1 2091759 2090755 genome.dna 297936 296871 NC_002689.gbk
1041 41.0 2112831 2114330 genome.dna 1464819 1463373 NC_002689.gbk
765 48.2 2114428 2115174 genome.dna 1465560 1464819 NC_002689.gbk
677 33.7 2121733 2120321 genome.dna 1074482 1076108 NC_002689.gbk
3115 54.7 2198282 2200954 genome.dna 193468 196114 NC_002689.gbk
584 47.3 2203467 2202874 genome.dna 562456 563044 NC_002689.gbk
651 39.7 2209283 2210113 genome.dna 662853 662031 NC_002689.gbk
570 30.3 2210106 2211050 genome.dna 662035 661084 NC_002689.gbk
717 37.1 2352527 2353639 genome.dna 1419530 1418444 NC_002689.gbk
441 30.9 2489732 2488785 genome.dna 202775 201914 NC_002689.gbk
804 32.8 2542867 2544249 genome.dna 23908 25258 NC_002689.gbk
424 32.3 2585970 2586605 genome.dna 823874 824522 NC_002689.gbk
162 30.5 2595969 2596559 genome.dna 1247804 1247213 NC_002689.gbk
465 33.0 2605113 2606180 genome.dna 1081793 1080803 NC_002689.gbk
316 30.1 2607572 2608762 genome.dna 982484 983765 NC_002689.gbk
182 31.0 2645457 2646263 genome.dna 47463 48222 NC_002689.gbk
431 30.5 2651794 2652813 genome.dna 1169964 1168743 NC_002689.gbk
457 33.5 2657649 2656798 genome.dna 1207577 1206710 NC_002689.gbk
325 33.2 2724246 2725070 genome.dna 1072250 1071521 NC_002689.gbk
493 34.6 2735713 2733785 genome.dna 1347049 1345066 NC_002689.gbk
1395 53.6 2755752 2754499 genome.dna 200000 201218 NC_002689.gbk
451 34.7 2864092 2865492 genome.dna 1048761 1050051 NC_002689.gbk
277 32.6 2890358 2889900 genome.dna 878782 878377 NC_002689.gbk
406 30.1 2906057 2905173 genome.dna 1293496 1294303 NC_002689.gbk
766 34.5 2975613 2974318 genome.dna 1041084 1039758 NC_002689.gbk
160 30.1 3002657 3002334 genome.dna 668635 668266 NC_002689.gbk
210 31.1 3019705 3020373 genome.dna 184108 183358 NC_002689.gbk
331 39.2 3065575 3066420 genome.dna 1023365 1022522 NC_002689.gbk
289 35.1 3155124 3154672 genome.dna 85662 86076 NC_002689.gbk
398 30.4 3174746 3173826 genome.dna 1401364 1400272 NC_002689.gbk
446 34.0 3180042 3180794 genome.dna 994552 993766 NC_002689.gbk
603 33.4 3314908 3313691 genome.dna 1431895 1433041 NC_002689.gbk
204 38.3 3375937 3375635 genome.dna 1162329 1162017 NC_002689.gbk
350 34.8 3378041 3377067 genome.dna 1164254 1163213 NC_002689.gbk
488 32.7 3402984 3403889 genome.dna 492575 493451 NC_002689.gbk
453 43.2 3408161 3407589 genome.dna 449749 450298 NC_002689.gbk
614 39.6 3409858 3408341 genome.dna 350225 348800 NC_002689.gbk
535 30.7 3412525 3411257 genome.dna 770325 771612 NC_002689.gbk
905 42.0 3427528 3426443 genome.dna 744493 743398 NC_002689.gbk
566 32.9 3516455 3517318 genome.dna 1073301 1072455 NC_002689.gbk
1123 38.8 3519048 3517663 genome.dna 1309276 1307911 NC_002689.gbk
482 48.7 3521609 3522118 genome.dna 1360214 1359743 NC_002689.gbk
461 31.6 3522115 3523185 genome.dna 441621 442698 NC_002689.gbk
589 37.6 3577570 3576767 genome.dna 502172 501371 NC_002689.gbk
1406 46.3 3592205 3590739 genome.dna 1447296 1445838 NC_002689.gbk
396 41.9 3608433 3608005 genome.dna 437978 438422 NC_002689.gbk
390 34.3 3622783 3622058 genome.dna 566437 567190 NC_002689.gbk
651 33.8 3635387 3634134 genome.dna 49505 48224 NC_002689.gbk
607 35.2 3700404 3701453 genome.dna 138527 139547 NC_002689.gbk
1186 42.4 3714803 3716083 genome.dna 627886 626623 NC_002689.gbk
537 31.6 3736813 3735875 genome.dna 986775 987795 NC_002689.gbk
623 38.4 3742499 3743362 genome.dna 405222 404400 NC_002689.gbk
882 35.4 3776200 3774839 genome.dna 1044735 1046103 NC_002689.gbk
430 41.1 3893814 3893233 genome.dna 1007034 1006485 NC_002689.gbk
633 38.5 3898447 3899475 genome.dna 1315210 1316233 NC_002689.gbk
374 33.8 3917101 3918687 genome.dna 937736 939251 NC_002689.gbk
376 38.3 3952181 3951618 genome.dna 590214 590688 NC_002689.gbk
669 31.3 3969453 3967963 genome.dna 1108356 1107081 NC_002689.gbk
769 38.4 4001743 4000448 genome.dna 1032253 1033459 NC_002689.gbk
1350 46.9 4003479 4001842 genome.dna 35197 36820 NC_002689.gbk
457 43.1 4039680 4040210 genome.dna 1246974 1246464 NC_002689.gbk
268 37.2 4059399 4059037 genome.dna 1441064 1441436 NC_002689.gbk
920 40.6 4186931 4185840 genome.dna 212537 213590 NC_002689.gbk
469 34.4 4217612 4218277 genome.dna 661101 660429 NC_002689.gbk
641 33.0 4231793 4230366 genome.dna 1459776 1458423 NC_002689.gbk
1282 40.9 4330684 4327460 genome.dna 820728 823863 NC_002689.gbk
280 37.1 4331847 4330699 genome.dna 819698 820736 NC_002689.gbk
875 42.0 4343498 4342359 genome.dna 471445 470347 NC_002689.gbk
1741 49.2 4345514 4343607 genome.dna 473313 471465 NC_002689.gbk
423 38.3 4345979 4346554 genome.dna 1206088 1206700 NC_002689.gbk
246 31.1 4362071 4361421 genome.dna 869123 869690 NC_002689.gbk
423 38.0 4373604 4372945 genome.dna 723982 723256 NC_002689.gbk
493 31.2 4379941 4378778 genome.dna 520764 521991 NC_002689.gbk
1026 40.5 4398393 4397095 genome.dna 302822 301511 NC_002689.gbk
180 30.0 4409618 4408062 genome.dna 138433 137050 NC_002689.gbk
505 41.2 4413698 4413135 genome.dna 231426 230901 NC_002689.gbk
955 43.7 4442783 4444579 genome.dna 763497 761793 NC_002689.gbk
682 41.6 4444572 4445309 genome.dna 761784 761061 NC_002689.gbk
349 33.7 4477982 4478530 genome.dna 597352 596842 NC_002689.gbk
191 38.1 4490164 4489775 genome.dna 550686 551085 NC_002689.gbk
235 38.9 4496217 4495846 genome.dna 337545 337944 NC_002689.gbk
406 35.5 4499431 4498610 genome.dna 334249 334954 NC_002689.gbk
254 37.9 4501337 4501026 genome.dna 1107076 1106761 NC_002689.gbk
147 33.3 4506994 4506620 genome.dna 173860 173431 NC_002689.gbk
259 36.2 4528763 4528356 genome.dna 1507869 1507407 NC_002689.gbk
424 37.0 4531820 4531245 genome.dna 1079203 1078651 NC_002689.gbk
561 32.6 4542308 4541385 genome.dna 1400263 1399303 NC_002689.gbk
428 35.2 4559154 4558477 genome.dna 277702 278338 NC_002689.gbk
526 35.8 4560090 4559278 genome.dna 883979 884813 NC_002689.gbk
601 34.5 4562421 4561336 genome.dna 1383227 1384310 NC_002689.gbk
489 34.4 4680620 4681561 genome.dna 626624 625730 NC_002689.gbk
822 32.6 4690836 4689472 genome.dna 1051949 1053296 NC_002689.gbk
505 45.6 4702353 4701286 genome.dna 949653 950610 NC_002689.gbk
718 35.1 4766891 4765731 genome.dna 182183 183353 NC_002689.gbk
970 34.5 4781238 4782749 genome.dna 1193625 1192128 NC_002689.gbk
938 44.0 4838481 4837408 genome.dna 1198027 1199143 NC_002689.gbk
535 32.3 4839358 4838507 genome.dna 1197133 1198021 NC_002689.gbk
303 30.1 4846439 4847095 genome.dna 1526025 1526682 NC_002689.gbk
886 37.1 4859267 4858077 genome.dna 392326 393535 NC_002689.gbk
619 32.3 4956187 4955039 genome.dna 1251221 1250054 NC_002689.gbk
619 32.3 4956187 4955039 genome.dna 1251221 1250054 NC_002689.gbk
619 32.3 4956187 4955039 genome.dna 1251221 1250054 NC_002689.gbk
720 33.7 5026700 5027902 genome.dna 1058195 1059341 NC_002689.gbk
