1284 36.2 25826 28615 genome.dna 308369 305729 NC_002163.gbk
335 35.7 29669 29034 genome.dna 610209 610806 NC_002163.gbk
1191 43.4 30749 32122 genome.dna 924777 923421 NC_002163.gbk
932 39.2 33859 32447 genome.dna 956570 955268 NC_002163.gbk
1481 50.0 36667 35258 genome.dna 658331 656900 NC_002163.gbk
2193 54.1 37037 38860 genome.dna 59019 57210 NC_002163.gbk
1175 31.9 49985 47886 genome.dna 1206791 1204595 NC_002163.gbk
428 39.8 50956 50333 genome.dna 1104635 1104011 NC_002163.gbk
1217 65.4 98527 99441 genome.dna 661531 662395 NC_002163.gbk
986 32.7 99451 101520 genome.dna 1161807 1163802 NC_002163.gbk
339 31.9 110262 109636 genome.dna 166372 167035 NC_002163.gbk
264 31.6 123485 122910 genome.dna 840508 839938 NC_002163.gbk
1645 63.1 138613 140052 genome.dna 455717 456899 NC_002163.gbk
203 52.4 167881 168117 genome.dna 416845 416650 NC_002163.gbk
515 50.7 170854 170375 genome.dna 718877 718400 NC_002163.gbk
515 31.4 186544 185612 genome.dna 1084736 1083782 NC_002163.gbk
457 31.9 192775 193791 genome.dna 1125907 1125010 NC_002163.gbk
2112 44.8 199780 202044 genome.dna 1130027 1132292 NC_002163.gbk
576 38.6 217784 218788 genome.dna 209278 210307 NC_002163.gbk
381 31.0 218826 219599 genome.dna 210766 211612 NC_002163.gbk
1192 43.4 219661 221034 genome.dna 866168 864785 NC_002163.gbk
144 39.5 226078 226338 genome.dna 1104010 1103770 NC_002163.gbk
501 35.2 226939 227694 genome.dna 539735 538997 NC_002163.gbk
943 46.0 228573 229595 genome.dna 927152 926168 NC_002163.gbk
1987 73.4 250357 251541 genome.dna 434407 435607 NC_002163.gbk
511 40.5 252164 252709 genome.dna 436113 436647 NC_002163.gbk
572 62.7 252872 253300 genome.dna 436672 437098 NC_002163.gbk
780 50.2 253304 254008 genome.dna 437152 437854 NC_002163.gbk
218 30.6 254326 254823 genome.dna 438005 438485 NC_002163.gbk
425 57.6 254890 255255 genome.dna 438505 438883 NC_002163.gbk
2226 47.4 255584 259612 genome.dna 438991 443128 NC_002163.gbk
1490 46.2 259736 263959 genome.dna 443120 447674 NC_002163.gbk
764 36.6 269046 267925 genome.dna 978771 977625 NC_002163.gbk
717 48.6 269828 269043 genome.dna 979550 978773 NC_002163.gbk
192 33.0 271449 270808 genome.dna 1013384 1012751 NC_002163.gbk
1008 44.9 275283 276347 genome.dna 1170921 1171944 NC_002163.gbk
1016 39.4 280242 278956 genome.dna 1179786 1181037 NC_002163.gbk
819 43.5 281849 280260 genome.dna 894010 892477 NC_002163.gbk
914 59.8 288581 287820 genome.dna 858627 857898 NC_002163.gbk
535 38.3 301263 300298 genome.dna 126429 125502 NC_002163.gbk
1547 52.0 306633 305290 genome.dna 1223634 1222302 NC_002163.gbk
322 39.9 307112 306645 genome.dna 1224091 1223635 NC_002163.gbk
389 43.5 307589 307137 genome.dna 79736 79256 NC_002163.gbk
1060 53.7 309481 308480 genome.dna 347067 346173 NC_002163.gbk
1210 55.5 313270 314313 genome.dna 253048 254089 NC_002163.gbk
832 53.3 338215 337490 genome.dna 623409 624138 NC_002163.gbk
329 40.3 339901 339335 genome.dna 608775 609264 NC_002163.gbk
884 46.0 340994 339921 genome.dna 1383475 1382527 NC_002163.gbk
480 32.2 342391 343203 genome.dna 1572199 1572922 NC_002163.gbk
1224 47.7 345980 347242 genome.dna 805486 804229 NC_002163.gbk
921 40.0 349956 348586 genome.dna 1157679 1156260 NC_002163.gbk
493 53.1 352201 352629 genome.dna 1415814 1415388 NC_002163.gbk
393 49.6 352645 353037 genome.dna 1415386 1414996 NC_002163.gbk
789 33.5 357036 355618 genome.dna 14397 15843 NC_002163.gbk
3897 42.8 361542 357046 genome.dna 8143 12634 NC_002163.gbk
448 39.7 370130 369540 genome.dna 1359294 1358688 NC_002163.gbk
440 34.3 372605 373492 genome.dna 158136 157311 NC_002163.gbk
578 32.2 376932 375772 genome.dna 340017 341187 NC_002163.gbk
758 54.7 385868 385287 genome.dna 1477200 1476621 NC_002163.gbk
807 35.4 404861 403671 genome.dna 1327235 1328282 NC_002163.gbk
355 43.7 410005 410430 genome.dna 176790 177201 NC_002163.gbk
335 44.8 431880 431494 genome.dna 1325301 1325664 NC_002163.gbk
382 33.8 433394 432459 genome.dna 1032185 1033073 NC_002163.gbk
527 34.4 435364 434357 genome.dna 926172 925251 NC_002163.gbk
988 37.6 460910 458055 genome.dna 727326 724713 NC_002163.gbk
96 30.8 466558 466815 genome.dna 1153760 1154009 NC_002163.gbk
1787 56.0 485144 483705 genome.dna 96073 97480 NC_002163.gbk
373 41.8 515161 515775 genome.dna 19775 19250 NC_002163.gbk
1155 42.0 530287 528905 genome.dna 1135449 1134108 NC_002163.gbk
804 30.9 692651 690918 genome.dna 562220 560516 NC_002163.gbk
1268 56.3 694412 693111 genome.dna 97495 98833 NC_002163.gbk
114 36.5 697176 697469 genome.dna 1149193 1149454 NC_002163.gbk
2162 61.9 697515 699164 genome.dna 1149474 1151112 NC_002163.gbk
264 45.1 703585 703950 genome.dna 236133 236490 NC_002163.gbk
817 33.8 718492 719982 genome.dna 449861 451034 NC_002163.gbk
1332 51.3 725271 724024 genome.dna 1030952 1032176 NC_002163.gbk
1153 38.4 753122 751287 genome.dna 931190 933059 NC_002163.gbk
176 46.5 755400 755185 genome.dna 339070 339283 NC_002163.gbk
607 34.5 755628 756641 genome.dna 1277458 1276450 NC_002163.gbk
516 33.4 761351 760380 genome.dna 503036 503930 NC_002163.gbk
259 38.8 761608 761919 genome.dna 104117 104426 NC_002163.gbk
354 68.3 761939 762196 genome.dna 104436 104691 NC_002163.gbk
450 43.0 766454 766933 genome.dna 265419 264933 NC_002163.gbk
1612 43.8 768185 770122 genome.dna 1049760 1047822 NC_002163.gbk
1137 43.4 771082 772419 genome.dna 327142 328480 NC_002163.gbk
1929 38.8 779306 782008 genome.dna 136855 139471 NC_002163.gbk
294 55.7 783547 783816 genome.dna 820324 820597 NC_002163.gbk
1026 38.1 784066 786186 genome.dna 1183593 1185753 NC_002163.gbk
257 46.4 818163 817798 genome.dna 1489788 1490121 NC_002163.gbk
1527 48.1 844582 846099 genome.dna 365716 367222 NC_002163.gbk
865 34.5 854876 856231 genome.dna 1306185 1307505 NC_002163.gbk
1208 46.1 909308 910588 genome.dna 1637678 1636406 NC_002163.gbk
298 33.6 918246 918758 genome.dna 901628 902108 NC_002163.gbk
390 45.2 927840 927358 genome.dna 1039097 1039550 NC_002163.gbk
448 30.5 932060 931182 genome.dna 602325 603186 NC_002163.gbk
307 31.7 932209 932796 genome.dna 708630 709161 NC_002163.gbk
244 59.1 934700 934497 genome.dna 1186289 1186499 NC_002163.gbk
688 45.0 955638 953644 genome.dna 1569189 1571088 NC_002163.gbk
332 41.0 957261 956803 genome.dna 860286 860724 NC_002163.gbk
1879 48.5 990019 988067 genome.dna 565645 567571 NC_002163.gbk
885 40.3 991219 990023 genome.dna 564473 565646 NC_002163.gbk
478 36.4 991470 992150 genome.dna 1156185 1155510 NC_002163.gbk
684 46.5 997695 996727 genome.dna 849309 848409 NC_002163.gbk
1340 44.7 1026017 1027390 genome.dna 308532 309894 NC_002163.gbk
831 35.4 1040649 1039456 genome.dna 1188360 1187175 NC_002163.gbk
921 37.7 1051521 1050175 genome.dna 451045 452278 NC_002163.gbk
498 34.7 1087061 1085955 genome.dna 1548760 1547740 NC_002163.gbk
830 53.2 1094877 1094161 genome.dna 182787 182067 NC_002163.gbk
315 36.4 1096541 1097074 genome.dna 541370 541841 NC_002163.gbk
222 31.1 1099537 1100406 genome.dna 371703 372519 NC_002163.gbk
902 40.4 1125945 1124593 genome.dna 919731 918579 NC_002163.gbk
828 36.1 1131750 1134008 genome.dna 244437 241920 NC_002163.gbk
531 32.1 1154052 1153258 genome.dna 1576097 1575338 NC_002163.gbk
785 52.1 1154397 1155122 genome.dna 1109583 1108791 NC_002163.gbk
354 33.2 1155257 1156108 genome.dna 1108792 1107718 NC_002163.gbk
734 49.8 1156279 1157004 genome.dna 1207729 1207009 NC_002163.gbk
532 42.3 1157130 1157687 genome.dna 218038 217474 NC_002163.gbk
395 31.9 1157925 1159121 genome.dna 1279921 1278850 NC_002163.gbk
388 38.3 1159320 1160081 genome.dna 771963 772632 NC_002163.gbk
567 32.3 1165447 1166469 genome.dna 537022 537988 NC_002163.gbk
435 44.9 1166572 1167027 genome.dna 250589 251030 NC_002163.gbk
641 37.8 1167032 1167820 genome.dna 251029 251821 NC_002163.gbk
315 36.4 1168997 1169593 genome.dna 16419 15843 NC_002163.gbk
2090 40.8 1169670 1173152 genome.dna 671945 675548 NC_002163.gbk
956 49.5 1173165 1174124 genome.dna 411268 412207 NC_002163.gbk
1424 38.0 1246646 1248292 genome.dna 1519640 1518008 NC_002163.gbk
982 48.9 1248508 1249548 genome.dna 37666 38662 NC_002163.gbk
867 62.3 1270601 1269999 genome.dna 302382 302979 NC_002163.gbk
566 38.5 1271755 1272822 genome.dna 539005 537976 NC_002163.gbk
1016 41.8 1272920 1274065 genome.dna 941591 942713 NC_002163.gbk
641 33.6 1274535 1276382 genome.dna 1027816 1026235 NC_002163.gbk
755 39.3 1276393 1277361 genome.dna 1026236 1025264 NC_002163.gbk
502 50.0 1280201 1280677 genome.dna 349603 349138 NC_002163.gbk
251 35.7 1280702 1281121 genome.dna 349139 348740 NC_002163.gbk
248 34.0 1282175 1282681 genome.dna 1537915 1538416 NC_002163.gbk
1540 41.3 1284598 1282733 genome.dna 291997 293845 NC_002163.gbk
487 38.0 1285528 1284617 genome.dna 1568333 1569179 NC_002163.gbk
367 39.4 1289161 1289652 genome.dna 342114 342606 NC_002163.gbk
762 33.3 1291078 1289714 genome.dna 1312554 1313850 NC_002163.gbk
878 68.1 1301367 1301990 genome.dna 188119 187534 NC_002163.gbk
1406 54.9 1302154 1303428 genome.dna 251783 253037 NC_002163.gbk
1391 40.1 1303620 1306001 genome.dna 1008796 1006420 NC_002163.gbk
275 44.9 1306200 1306472 genome.dna 849732 849435 NC_002163.gbk
403 33.0 1310544 1309849 genome.dna 21158 21833 NC_002163.gbk
2731 41.8 1326027 1322899 genome.dna 335718 332595 NC_002163.gbk
583 31.1 1327249 1326056 genome.dna 336821 335717 NC_002163.gbk
498 43.7 1329655 1330212 genome.dna 861052 861601 NC_002163.gbk
190 36.7 1332403 1332732 genome.dna 1566934 1567246 NC_002163.gbk
270 32.1 1332732 1333337 genome.dna 1193690 1194263 NC_002163.gbk
1487 43.7 1333507 1335396 genome.dna 483002 484829 NC_002163.gbk
137 37.3 1348630 1348836 genome.dna 852378 852180 NC_002163.gbk
1904 47.2 1363499 1366138 genome.dna 960222 957630 NC_002163.gbk
927 41.3 1395770 1396903 genome.dna 1198353 1197213 NC_002163.gbk
1379 41.1 1399081 1400775 genome.dna 1197211 1195495 NC_002163.gbk
739 42.4 1402802 1401792 genome.dna 586189 587164 NC_002163.gbk
1143 43.3 1403920 1402802 genome.dna 585101 586193 NC_002163.gbk
154 33.7 1404198 1403920 genome.dna 584836 585118 NC_002163.gbk
708 43.6 1405064 1404189 genome.dna 584093 584837 NC_002163.gbk
1153 34.3 1422749 1425052 genome.dna 581826 584016 NC_002163.gbk
365 35.5 1426894 1426256 genome.dna 183425 182858 NC_002163.gbk
1073 53.0 1427931 1426894 genome.dna 1462493 1461503 NC_002163.gbk
617 42.9 1428285 1428911 genome.dna 1218760 1218133 NC_002163.gbk
416 40.7 1433876 1433409 genome.dna 248949 249405 NC_002163.gbk
731 43.1 1434853 1435731 genome.dna 758700 759597 NC_002163.gbk
641 43.6 1436929 1437642 genome.dna 479090 479801 NC_002163.gbk
780 36.8 1466359 1465232 genome.dna 981651 980553 NC_002163.gbk
194 33.0 1466738 1466361 genome.dna 671168 671498 NC_002163.gbk
754 50.0 1467907 1467197 genome.dna 94992 94296 NC_002163.gbk
230 36.7 1468782 1468399 genome.dna 482562 482931 NC_002163.gbk
686 35.2 1475506 1474394 genome.dna 1213902 1215003 NC_002163.gbk
1029 33.8 1477420 1475516 genome.dna 611297 613103 NC_002163.gbk
1929 43.7 1483266 1480684 genome.dna 1025255 1022825 NC_002163.gbk
861 53.8 1484840 1484115 genome.dna 433013 433775 NC_002163.gbk
951 36.4 1493774 1492350 genome.dna 423764 422462 NC_002163.gbk
336 41.4 1506798 1506349 genome.dna 365242 365716 NC_002163.gbk
415 40.7 1507655 1507128 genome.dna 1321343 1320851 NC_002163.gbk
2177 56.5 1521264 1519120 genome.dna 629019 631065 NC_002163.gbk
393 33.8 1531148 1531804 genome.dna 1474009 1474750 NC_002163.gbk
545 33.2 1531798 1532742 genome.dna 1474730 1475696 NC_002163.gbk
649 41.3 1532732 1533469 genome.dna 1473232 1474000 NC_002163.gbk
1415 50.9 1536355 1535069 genome.dna 1605251 1603982 NC_002163.gbk
1068 38.3 1537737 1539503 genome.dna 405332 407168 NC_002163.gbk
1183 46.5 1544898 1546064 genome.dna 497180 498344 NC_002163.gbk
1092 57.3 1546064 1546936 genome.dna 498353 499223 NC_002163.gbk
1352 44.4 1547669 1549237 genome.dna 91416 92979 NC_002163.gbk
230 32.0 1550947 1551351 genome.dna 904266 903891 NC_002163.gbk
279 33.7 1555196 1555705 genome.dna 118730 119228 NC_002163.gbk
592 36.0 1561588 1560626 genome.dna 1095028 1094077 NC_002163.gbk
746 38.0 1573036 1572017 genome.dna 1065881 1064894 NC_002163.gbk
385 32.8 1576893 1577582 genome.dna 275734 275059 NC_002163.gbk
825 38.6 1598229 1599338 genome.dna 1534651 1533544 NC_002163.gbk
341 37.8 1636204 1635668 genome.dna 1364671 1364125 NC_002163.gbk
727 34.8 1670708 1669659 genome.dna 172566 171561 NC_002163.gbk
1018 31.6 1756920 1758824 genome.dna 1580835 1582926 NC_002163.gbk
665 58.8 1758941 1759468 genome.dna 1582922 1583462 NC_002163.gbk
926 35.0 1761092 1762381 genome.dna 1584934 1586227 NC_002163.gbk
655 32.2 1762389 1763510 genome.dna 1586216 1587335 NC_002163.gbk
864 61.7 1763515 1764231 genome.dna 1587331 1587985 NC_002163.gbk
1265 68.0 1782838 1781498 genome.dna 625551 626976 NC_002163.gbk
774 33.4 1830416 1829217 genome.dna 53867 52664 NC_002163.gbk
802 33.0 1862075 1860786 genome.dna 1115242 1113955 NC_002163.gbk
1071 34.9 1937404 1939404 genome.dna 263213 260903 NC_002163.gbk
247 30.8 1939436 1939933 genome.dna 260899 260377 NC_002163.gbk
366 45.8 1944254 1944643 genome.dna 1051024 1050631 NC_002163.gbk
779 37.1 1945543 1946694 genome.dna 303097 304186 NC_002163.gbk
1056 38.7 1946687 1948771 genome.dna 819753 817578 NC_002163.gbk
176 33.1 1950974 1951390 genome.dna 490393 489961 NC_002163.gbk
165 35.7 1951419 1951823 genome.dna 489952 489457 NC_002163.gbk
864 49.8 1954611 1955393 genome.dna 656042 656834 NC_002163.gbk
684 38.1 1956304 1957413 genome.dna 1398467 1399514 NC_002163.gbk
401 30.7 1962314 1961529 genome.dna 1107084 1106316 NC_002163.gbk
277 44.3 1962586 1962317 genome.dna 1595773 1596043 NC_002163.gbk
763 48.7 1963383 1962607 genome.dna 768763 768028 NC_002163.gbk
1119 43.5 1968985 1967612 genome.dna 190167 191553 NC_002163.gbk
626 30.9 1970689 1969697 genome.dna 290138 291167 NC_002163.gbk
186 32.3 1974025 1973615 genome.dna 512491 512878 NC_002163.gbk
257 31.9 1986118 1986840 genome.dna 76126 75409 NC_002163.gbk
292 35.6 2012054 2011395 genome.dna 219218 218522 NC_002163.gbk
373 38.5 2030910 2030332 genome.dna 385194 385767 NC_002163.gbk
737 37.8 2034173 2033130 genome.dna 236721 237729 NC_002163.gbk
398 33.9 2038594 2039550 genome.dna 1213825 1212856 NC_002163.gbk
618 38.5 2041077 2042123 genome.dna 300836 299849 NC_002163.gbk
964 47.6 2042130 2043083 genome.dna 299857 298882 NC_002163.gbk
513 34.4 2043101 2044030 genome.dna 120762 121683 NC_002163.gbk
654 42.5 2044045 2044779 genome.dna 403834 404578 NC_002163.gbk
234 46.6 2044934 2045170 genome.dna 409792 410026 NC_002163.gbk
1384 52.2 2045253 2046494 genome.dna 410052 411267 NC_002163.gbk
357 30.5 2047434 2048453 genome.dna 491475 490473 NC_002163.gbk
484 32.1 2050132 2050929 genome.dna 606049 606865 NC_002163.gbk
284 36.4 2055442 2055792 genome.dna 839543 839909 NC_002163.gbk
1510 31.7 2070405 2066956 genome.dna 1018565 1015628 NC_002163.gbk
363 38.5 2080938 2081411 genome.dna 1577311 1576852 NC_002163.gbk
923 35.7 2121733 2120321 genome.dna 360192 358749 NC_002163.gbk
203 31.8 2146500 2145886 genome.dna 1290942 1290426 NC_002163.gbk
628 39.1 2147794 2146931 genome.dna 735707 736490 NC_002163.gbk
757 48.6 2148473 2147781 genome.dna 734970 735711 NC_002163.gbk
1313 51.1 2150965 2148479 genome.dna 732178 734953 NC_002163.gbk
1123 37.3 2177036 2175615 genome.dna 86175 84735 NC_002163.gbk
489 34.4 2177765 2177046 genome.dna 86912 86171 NC_002163.gbk
615 33.3 2179364 2177811 genome.dna 88718 87035 NC_002163.gbk
314 34.1 2181519 2182154 genome.dna 1146483 1145871 NC_002163.gbk
560 46.1 2203467 2202874 genome.dna 927209 927770 NC_002163.gbk
492 37.2 2216576 2217319 genome.dna 348744 347904 NC_002163.gbk
2614 58.4 2221311 2219248 genome.dna 854470 852358 NC_002163.gbk
785 46.3 2239913 2239125 genome.dna 1335470 1334645 NC_002163.gbk
418 46.8 2258625 2258122 genome.dna 731404 731932 NC_002163.gbk
730 37.3 2477692 2478756 genome.dna 711313 712336 NC_002163.gbk
1257 54.1 2487322 2486231 genome.dna 863660 864764 NC_002163.gbk
359 37.4 2488039 2487452 genome.dna 282633 283179 NC_002163.gbk
1190 58.1 2489732 2488785 genome.dna 855566 854636 NC_002163.gbk
553 31.8 2491599 2492855 genome.dna 503929 505228 NC_002163.gbk
1217 51.1 2492889 2493971 genome.dna 1538776 1539844 NC_002163.gbk
672 45.3 2496092 2496946 genome.dna 350415 349599 NC_002163.gbk
774 46.1 2552084 2552833 genome.dna 780844 780094 NC_002163.gbk
1891 61.1 2563367 2561970 genome.dna 1297635 1296243 NC_002163.gbk
473 39.8 2585970 2586605 genome.dna 553151 552524 NC_002163.gbk
1324 39.0 2593132 2590532 genome.dna 1609462 1607359 NC_002163.gbk
328 32.0 2597527 2596643 genome.dna 1621660 1620898 NC_002163.gbk
1320 52.2 2607572 2608762 genome.dna 318828 320007 NC_002163.gbk
360 44.8 2620019 2620441 genome.dna 851727 852141 NC_002163.gbk
632 41.6 2639766 2638855 genome.dna 1468327 1467502 NC_002163.gbk
961 52.0 2642732 2643580 genome.dna 740345 741170 NC_002163.gbk
663 47.2 2645012 2644386 genome.dna 551867 551234 NC_002163.gbk
283 33.8 2645457 2646263 genome.dna 234481 233722 NC_002163.gbk
325 41.7 2654386 2653967 genome.dna 1045593 1045233 NC_002163.gbk
1033 47.9 2654735 2655739 genome.dna 1338345 1337346 NC_002163.gbk
191 32.1 2687612 2687956 genome.dna 298535 298886 NC_002163.gbk
1296 45.8 2691006 2692370 genome.dna 1553119 1551754 NC_002163.gbk
426 37.4 2701066 2701629 genome.dna 165580 165016 NC_002163.gbk
381 30.9 2704954 2705844 genome.dna 145603 144748 NC_002163.gbk
692 32.1 2722186 2723580 genome.dna 33519 32133 NC_002163.gbk
866 51.5 2732234 2731251 genome.dna 839421 838428 NC_002163.gbk
457 60.7 2732903 2732547 genome.dna 226400 226754 NC_002163.gbk
130 44.8 2733144 2732947 genome.dna 226115 226307 NC_002163.gbk
453 43.3 2733782 2733240 genome.dna 204045 204564 NC_002163.gbk
1664 42.5 2735713 2733785 genome.dna 202240 204049 NC_002163.gbk
143 33.1 2757088 2758194 genome.dna 69548 68531 NC_002163.gbk
557 50.6 2788070 2787564 genome.dna 573044 572540 NC_002163.gbk
1125 51.5 2809298 2808294 genome.dna 1294159 1295167 NC_002163.gbk
293 30.4 2809923 2809306 genome.dna 749858 749306 NC_002163.gbk
274 36.9 2810663 2810151 genome.dna 1641386 1640903 NC_002163.gbk
469 34.9 2811487 2810744 genome.dna 1101391 1100683 NC_002163.gbk
1974 50.6 2813755 2811956 genome.dna 602235 600483 NC_002163.gbk
452 35.9 2828026 2828805 genome.dna 549824 550535 NC_002163.gbk
607 33.7 2828802 2829785 genome.dna 910710 911601 NC_002163.gbk
605 40.1 2859653 2858643 genome.dna 756402 757461 NC_002163.gbk
226 30.2 2869134 2868487 genome.dna 761330 760733 NC_002163.gbk
536 41.2 2884168 2883416 genome.dna 764479 765199 NC_002163.gbk
1055 30.1 2887241 2885457 genome.dna 754628 756371 NC_002163.gbk
810 43.0 2891958 2891200 genome.dna 1285903 1286659 NC_002163.gbk
764 36.4 2892962 2891955 genome.dna 1284968 1285907 NC_002163.gbk
935 41.9 2893911 2892949 genome.dna 1284007 1284976 NC_002163.gbk
637 35.4 2894873 2893923 genome.dna 1286671 1287664 NC_002163.gbk
1315 65.2 2916384 2917283 genome.dna 1525439 1526339 NC_002163.gbk
1579 58.3 2917289 2918617 genome.dna 1526346 1527633 NC_002163.gbk
1351 54.9 2919703 2920770 genome.dna 1527629 1528688 NC_002163.gbk
636 49.0 2920770 2921360 genome.dna 1528684 1529272 NC_002163.gbk
796 51.6 2921367 2922104 genome.dna 1529268 1530000 NC_002163.gbk
1077 63.8 2922086 2922862 genome.dna 1530941 1531709 NC_002163.gbk
837 61.5 2922856 2923488 genome.dna 1531710 1532334 NC_002163.gbk
1052 34.1 2925698 2924025 genome.dna 833873 832202 NC_002163.gbk
905 40.5 2929170 2928085 genome.dna 297462 298539 NC_002163.gbk
1147 47.2 2975613 2974318 genome.dna 354278 355514 NC_002163.gbk
354 33.0 2977060 2975717 genome.dna 194867 193685 NC_002163.gbk
669 38.2 2982496 2983455 genome.dna 151576 150637 NC_002163.gbk
442 35.4 2987214 2987927 genome.dna 1042553 1043201 NC_002163.gbk
316 65.3 2988043 2988261 genome.dna 1521956 1522175 NC_002163.gbk
1735 41.4 2992855 2990582 genome.dna 1040449 1042579 NC_002163.gbk
249 39.1 2993205 2992885 genome.dna 1040162 1040453 NC_002163.gbk
672 32.7 3042056 3043384 genome.dna 1392520 1391200 NC_002163.gbk
397 37.3 3046334 3045672 genome.dna 189595 190168 NC_002163.gbk
638 36.3 3058890 3057901 genome.dna 341189 342125 NC_002163.gbk
1407 38.4 3061480 3059363 genome.dna 705449 707540 NC_002163.gbk
579 32.4 3064423 3065496 genome.dna 930117 929019 NC_002163.gbk
381 41.8 3155863 3155369 genome.dna 231839 232313 NC_002163.gbk
599 38.1 3157424 3156435 genome.dna 162194 161231 NC_002163.gbk
2173 50.5 3161386 3159374 genome.dna 635562 633588 NC_002163.gbk
622 30.4 3178804 3180039 genome.dna 804233 803072 NC_002163.gbk
311 38.4 3228583 3228035 genome.dna 1002566 1003103 NC_002163.gbk
1061 44.0 3290769 3289561 genome.dna 224078 222896 NC_002163.gbk
452 34.3 3291639 3290800 genome.dna 222887 221915 NC_002163.gbk
4224 55.5 3303128 3306640 genome.dna 1413179 1409618 NC_002163.gbk
443 36.7 3319656 3320333 genome.dna 879613 878827 NC_002163.gbk
427 31.5 3320342 3321007 genome.dna 857096 856343 NC_002163.gbk
199 30.1 3332182 3332514 genome.dna 1101840 1102149 NC_002163.gbk
1440 42.4 3364676 3363084 genome.dna 388594 390172 NC_002163.gbk
505 31.3 3372145 3370688 genome.dna 1497810 1496421 NC_002163.gbk
756 30.0 3373687 3372152 genome.dna 1499287 1497799 NC_002163.gbk
229 36.8 3375937 3375635 genome.dna 1501377 1501080 NC_002163.gbk
256 36.2 3378041 3377067 genome.dna 1503538 1502539 NC_002163.gbk
248 30.3 3385876 3385436 genome.dna 1509796 1509406 NC_002163.gbk
1027 46.8 3395711 3396913 genome.dna 643408 644599 NC_002163.gbk
373 35.1 3408161 3407589 genome.dna 719480 718916 NC_002163.gbk
668 37.1 3409858 3408341 genome.dna 192893 191555 NC_002163.gbk
843 50.6 3413548 3412631 genome.dna 129069 128226 NC_002163.gbk
620 34.8 3416479 3415469 genome.dna 955269 954237 NC_002163.gbk
609 41.2 3425582 3424782 genome.dna 1403212 1403977 NC_002163.gbk
1028 46.3 3427528 3426443 genome.dna 1560811 1559722 NC_002163.gbk
584 33.7 3455799 3454780 genome.dna 1542910 1543897 NC_002163.gbk
1000 38.1 3468186 3466690 genome.dna 1406706 1405146 NC_002163.gbk
1454 53.3 3477877 3476636 genome.dna 154872 153669 NC_002163.gbk
1309 49.0 3514279 3513113 genome.dna 1380897 1379715 NC_002163.gbk
877 51.1 3516455 3517318 genome.dna 801344 802193 NC_002163.gbk
850 36.7 3519048 3517663 genome.dna 753247 754636 NC_002163.gbk
473 49.4 3521609 3522118 genome.dna 660479 660974 NC_002163.gbk
1346 49.5 3523656 3524945 genome.dna 1554384 1553133 NC_002163.gbk
849 52.5 3527868 3527053 genome.dna 576224 576965 NC_002163.gbk
1175 31.2 3531913 3533985 genome.dna 1291130 1293215 NC_002163.gbk
584 35.0 3573115 3574479 genome.dna 659225 660479 NC_002163.gbk
568 39.2 3577570 3576767 genome.dna 1014186 1013373 NC_002163.gbk
1466 51.4 3590632 3589055 genome.dna 1176465 1178001 NC_002163.gbk
1834 57.9 3592205 3590739 genome.dna 995305 993847 NC_002163.gbk
524 33.5 3599984 3598497 genome.dna 351445 352828 NC_002163.gbk
964 38.5 3603229 3601955 genome.dna 717835 716608 NC_002163.gbk
875 39.7 3604488 3603367 genome.dna 639997 641071 NC_002163.gbk
787 39.2 3607701 3606505 genome.dna 1625099 1626170 NC_002163.gbk
568 62.0 3608433 3608005 genome.dna 301779 301365 NC_002163.gbk
1564 55.0 3635387 3634134 genome.dna 367218 368463 NC_002163.gbk
250 43.5 3679566 3679826 genome.dna 324050 323804 NC_002163.gbk
448 42.9 3680956 3680225 genome.dna 1166593 1167367 NC_002163.gbk
507 33.1 3682691 3681786 genome.dna 619081 618205 NC_002163.gbk
459 37.4 3683368 3682688 genome.dna 1561485 1560810 NC_002163.gbk
316 36.0 3684626 3683661 genome.dna 802202 803051 NC_002163.gbk
2281 56.9 3686442 3684643 genome.dna 963352 961555 NC_002163.gbk
729 49.5 3694571 3695257 genome.dna 95803 95107 NC_002163.gbk
428 32.5 3695855 3696739 genome.dna 1313846 1314656 NC_002163.gbk
1271 43.2 3698228 3696813 genome.dna 1221385 1219993 NC_002163.gbk
804 41.8 3703917 3702925 genome.dna 686276 687266 NC_002163.gbk
420 31.9 3711890 3712588 genome.dna 121679 122369 NC_002163.gbk
1348 49.9 3714803 3716083 genome.dna 800921 799646 NC_002163.gbk
741 43.4 3732844 3733638 genome.dna 273101 272276 NC_002163.gbk
645 38.1 3733793 3734647 genome.dna 272266 271417 NC_002163.gbk
336 49.1 3734665 3735045 genome.dna 271421 271040 NC_002163.gbk
317 31.9 3737076 3737717 genome.dna 219377 220013 NC_002163.gbk
452 49.6 3749751 3750215 genome.dna 1561912 1561471 NC_002163.gbk
2607 47.3 3762599 3760023 genome.dna 477235 474661 NC_002163.gbk
351 49.6 3773009 3772662 genome.dna 668905 669262 NC_002163.gbk
572 36.0 3773827 3773072 genome.dna 668190 668895 NC_002163.gbk
252 47.3 3774681 3774433 genome.dna 667189 667417 NC_002163.gbk
1086 39.8 3776200 3774839 genome.dna 665787 667125 NC_002163.gbk
801 71.4 3777786 3777271 genome.dna 1127436 1127931 NC_002163.gbk
206 30.7 3780004 3779576 genome.dna 311297 310853 NC_002163.gbk
1730 46.4 3784972 3782345 genome.dna 469626 472155 NC_002163.gbk
1385 59.7 3786717 3785644 genome.dna 1594796 1593764 NC_002163.gbk
969 36.6 3882715 3881462 genome.dna 521471 520238 NC_002163.gbk
138 31.1 3886800 3888260 genome.dna 913029 914298 NC_002163.gbk
479 49.4 3893814 3893233 genome.dna 1082408 1081847 NC_002163.gbk
370 33.2 3913956 3913303 genome.dna 432355 433012 NC_002163.gbk
522 32.9 3918901 3920391 genome.dna 996676 995314 NC_002163.gbk
1393 51.7 3945541 3944261 genome.dna 1546495 1547755 NC_002163.gbk
281 42.5 3952181 3951618 genome.dna 1085297 1084736 NC_002163.gbk
667 43.4 3954101 3954916 genome.dna 722601 721827 NC_002163.gbk
1611 45.8 3956293 3958011 genome.dna 505211 506921 NC_002163.gbk
449 35.3 3961248 3960622 genome.dna 213451 212821 NC_002163.gbk
887 53.3 3966155 3966877 genome.dna 841498 842227 NC_002163.gbk
927 53.3 4001743 4000448 genome.dna 1593765 1592520 NC_002163.gbk
1908 54.6 4003479 4001842 genome.dna 34381 36013 NC_002163.gbk
1026 40.0 4027241 4025196 genome.dna 545331 547275 NC_002163.gbk
944 44.3 4028828 4027398 genome.dna 1083790 1082404 NC_002163.gbk
453 44.8 4036522 4035704 genome.dna 201306 202110 NC_002163.gbk
564 53.7 4039680 4040210 genome.dna 599899 599380 NC_002163.gbk
403 35.6 4050959 4050219 genome.dna 1603903 1603138 NC_002163.gbk
207 32.0 4059979 4059527 genome.dna 621379 620935 NC_002163.gbk
223 50.7 4060248 4060021 genome.dna 1006099 1006360 NC_002163.gbk
320 33.8 4076900 4077613 genome.dna 676192 675559 NC_002163.gbk
352 38.1 4079441 4080034 genome.dna 1312388 1311785 NC_002163.gbk
464 32.4 4080027 4081166 genome.dna 541269 540201 NC_002163.gbk
798 35.5 4114440 4115846 genome.dna 525116 526493 NC_002163.gbk
1956 50.9 4139901 4137067 genome.dna 314127 311301 NC_002163.gbk
317 34.9 4140147 4140710 genome.dna 1005537 1006089 NC_002163.gbk
2757 59.9 4221505 4218908 genome.dna 784675 782128 NC_002163.gbk
1839 50.2 4255592 4252890 genome.dna 883426 880837 NC_002163.gbk
814 41.8 4257707 4256787 genome.dna 134375 135260 NC_002163.gbk
955 42.3 4258960 4257809 genome.dna 653933 655046 NC_002163.gbk
484 33.1 4263557 4262097 genome.dna 990860 989561 NC_002163.gbk
998 42.2 4268312 4267230 genome.dna 402205 401143 NC_002163.gbk
443 33.1 4274186 4273242 genome.dna 650884 649945 NC_002163.gbk
345 39.7 4277861 4277370 genome.dna 536561 537026 NC_002163.gbk
1752 47.0 4279582 4277864 genome.dna 534864 536565 NC_002163.gbk
1996 59.8 4282166 4283764 genome.dna 1631928 1630392 NC_002163.gbk
1375 60.2 4283764 4284855 genome.dna 1630396 1629319 NC_002163.gbk
1855 57.8 4284858 4286258 genome.dna 1629333 1627920 NC_002163.gbk
676 50.8 4286272 4286874 genome.dna 1627919 1627316 NC_002163.gbk
257 32.7 4324442 4323972 genome.dna 1095931 1095436 NC_002163.gbk
3285 55.4 4330684 4327460 genome.dna 255088 258358 NC_002163.gbk
943 41.2 4331847 4330699 genome.dna 1429512 1428393 NC_002163.gbk
533 36.2 4333114 4332293 genome.dna 193623 192894 NC_002163.gbk
217 31.0 4335368 4334856 genome.dna 328472 328943 NC_002163.gbk
1950 41.7 4338181 4335368 genome.dna 999530 996776 NC_002163.gbk
159 33.7 4339580 4339843 genome.dna 1538494 1538758 NC_002163.gbk
1090 46.2 4342070 4340889 genome.dna 1579634 1578485 NC_002163.gbk
1001 40.8 4343498 4342359 genome.dna 1191631 1190509 NC_002163.gbk
2326 58.3 4345514 4343607 genome.dna 709182 711054 NC_002163.gbk
1214 43.0 4348005 4346668 genome.dna 231589 230278 NC_002163.gbk
511 50.3 4348720 4348133 genome.dna 680348 679805 NC_002163.gbk
524 30.7 4353827 4352538 genome.dna 763070 764483 NC_002163.gbk
1521 63.0 4378640 4377564 genome.dna 554052 555117 NC_002163.gbk
742 40.9 4379941 4378778 genome.dna 1337344 1336141 NC_002163.gbk
688 45.2 4383337 4381343 genome.dna 1569189 1571088 NC_002163.gbk
1091 35.5 4387762 4385783 genome.dna 716612 714776 NC_002163.gbk
744 40.8 4388480 4389631 genome.dna 1030812 1029615 NC_002163.gbk
271 32.3 4395434 4394430 genome.dna 789047 788204 NC_002163.gbk
1286 46.7 4398393 4397095 genome.dna 1432342 1431091 NC_002163.gbk
226 31.3 4403893 4402952 genome.dna 164161 165031 NC_002163.gbk
954 44.6 4422828 4421779 genome.dna 1479162 1478085 NC_002163.gbk
369 31.6 4436846 4437871 genome.dna 794425 795226 NC_002163.gbk
549 44.6 4448185 4447619 genome.dna 513565 514135 NC_002163.gbk
788 41.4 4471827 4470898 genome.dna 1636324 1635442 NC_002163.gbk
504 43.4 4477982 4478530 genome.dna 213539 214088 NC_002163.gbk
290 32.6 4479596 4478769 genome.dna 369851 370640 NC_002163.gbk
398 36.6 4482450 4482959 genome.dna 187499 186971 NC_002163.gbk
622 36.5 4482986 4483933 genome.dna 106783 107701 NC_002163.gbk
347 49.1 4488068 4487676 genome.dna 1524913 1525267 NC_002163.gbk
565 33.3 4489098 4488109 genome.dna 1523896 1524910 NC_002163.gbk
648 50.2 4489744 4489124 genome.dna 1523257 1523884 NC_002163.gbk
490 51.5 4490164 4489775 genome.dna 1522837 1523230 NC_002163.gbk
401 52.1 4490537 4490181 genome.dna 1522462 1522828 NC_002163.gbk
193 71.1 4490800 4490684 genome.dna 1522346 1522460 NC_002163.gbk
1130 41.1 4492165 4490834 genome.dna 1612221 1610955 NC_002163.gbk
469 49.6 4493297 4492797 genome.dna 1613061 1612617 NC_002163.gbk
168 31.9 4493665 4493312 genome.dna 1613429 1613072 NC_002163.gbk
543 49.7 4494208 4493675 genome.dna 1613975 1613438 NC_002163.gbk
329 41.9 4494614 4494222 genome.dna 1614449 1614053 NC_002163.gbk
625 48.6 4495506 4494967 genome.dna 1615191 1614645 NC_002163.gbk
534 69.1 4496217 4495846 genome.dna 1615796 1615427 NC_002163.gbk
221 47.4 4496635 4496381 genome.dna 1616047 1615795 NC_002163.gbk
98 32.7 4496826 4496635 genome.dna 1616242 1616056 NC_002163.gbk
604 67.9 4497236 4496826 genome.dna 1616654 1616228 NC_002163.gbk
876 56.6 4497950 4497249 genome.dna 1617358 1616656 NC_002163.gbk
390 57.8 4498593 4498315 genome.dna 1618075 1617793 NC_002163.gbk
998 54.5 4499431 4498610 genome.dna 1618907 1618076 NC_002163.gbk
360 34.7 4500353 4499748 genome.dna 1619807 1619192 NC_002163.gbk
297 34.7 4500993 4500364 genome.dna 1620379 1619803 NC_002163.gbk
409 57.7 4501337 4501026 genome.dna 1620700 1620388 NC_002163.gbk
3002 64.8 4505956 4503842 genome.dna 458165 460241 NC_002163.gbk
610 57.4 4506523 4506053 genome.dna 457682 458153 NC_002163.gbk
641 76.6 4506994 4506620 genome.dna 457226 457613 NC_002163.gbk
168 30.9 4508912 4508190 genome.dna 1325134 1324477 NC_002163.gbk
666 39.0 4509286 4510932 genome.dna 234598 236137 NC_002163.gbk
419 33.5 4510929 4511597 genome.dna 1153003 1152337 NC_002163.gbk
291 43.4 4518446 4518081 genome.dna 1477299 1477647 NC_002163.gbk
474 38.8 4520431 4519847 genome.dna 120193 120763 NC_002163.gbk
784 32.6 4522627 4520816 genome.dna 1159167 1160793 NC_002163.gbk
912 37.1 4531124 4529898 genome.dna 211615 212803 NC_002163.gbk
686 37.3 4557783 4556779 genome.dna 353308 354268 NC_002163.gbk
248 30.7 4558484 4557780 genome.dna 1413913 1413271 NC_002163.gbk
629 43.2 4559154 4558477 genome.dna 416984 417632 NC_002163.gbk
731 34.5 4562421 4561336 genome.dna 940116 939060 NC_002163.gbk
262 30.1 4562994 4562473 genome.dna 352814 353312 NC_002163.gbk
1965 57.8 4575473 4577092 genome.dna 867752 866177 NC_002163.gbk
455 33.0 4579442 4578723 genome.dna 1191787 1192459 NC_002163.gbk
1127 35.8 4672431 4670269 genome.dna 1035225 1037301 NC_002163.gbk
871 47.5 4680620 4681561 genome.dna 507303 508227 NC_002163.gbk
1221 42.3 4690836 4689472 genome.dna 1328291 1329659 NC_002163.gbk
1537 56.5 4708658 4707399 genome.dna 1088372 1089671 NC_002163.gbk
356 50.0 4709479 4709153 genome.dna 152024 151709 NC_002163.gbk
1700 53.7 4719117 4720601 genome.dna 1435549 1434061 NC_002163.gbk
1120 46.6 4729969 4728119 genome.dna 17562 19239 NC_002163.gbk
821 45.2 4730969 4730043 genome.dna 248570 247655 NC_002163.gbk
488 37.1 4733613 4735139 genome.dna 186975 185469 NC_002163.gbk
814 36.6 4750499 4751602 genome.dna 778368 777294 NC_002163.gbk
544 33.0 4756712 4755816 genome.dna 1132301 1133150 NC_002163.gbk
237 45.5 4770684 4770469 genome.dna 158339 158138 NC_002163.gbk
588 53.7 4775884 4776414 genome.dna 620936 620393 NC_002163.gbk
1356 47.6 4776424 4777755 genome.dna 620397 619077 NC_002163.gbk
298 35.8 4786326 4787093 genome.dna 1336145 1335473 NC_002163.gbk
624 36.0 4789295 4788411 genome.dna 888398 887525 NC_002163.gbk
523 33.7 4826899 4825997 genome.dna 889282 888394 NC_002163.gbk
377 44.7 4834867 4834403 genome.dna 844292 843824 NC_002163.gbk
713 48.3 4859998 4859297 genome.dna 948038 947342 NC_002163.gbk
714 43.2 4860774 4860004 genome.dna 948795 948024 NC_002163.gbk
536 41.1 4862968 4862042 genome.dna 950740 949843 NC_002163.gbk
464 39.2 4867996 4867325 genome.dna 1210429 1209763 NC_002163.gbk
1075 43.6 4886675 4885383 genome.dna 1119967 1121344 NC_002163.gbk
2069 47.0 4981440 4979023 genome.dna 2578 4888 NC_002163.gbk
854 32.5 4985096 4983699 genome.dna 0 1323 NC_002163.gbk
197 65.9 4985770 4985910 genome.dna 901498 901363 NC_002163.gbk
876 32.0 4986512 4988146 genome.dna 900706 899119 NC_002163.gbk
700 34.1 4988276 4989640 genome.dna 898305 896976 NC_002163.gbk
412 32.0 5014534 5013698 genome.dna 916407 915567 NC_002163.gbk
844 41.2 5026700 5027902 genome.dna 713966 712796 NC_002163.gbk
1066 39.9 5049054 5047222 genome.dna 1302615 1300818 NC_002163.gbk
476 36.7 5050610 5049240 genome.dna 768905 770195 NC_002163.gbk
2136 70.8 5055348 5053966 genome.dna 113911 115309 NC_002163.gbk
1232 56.9 5057853 5056312 genome.dna 111487 112993 NC_002163.gbk
256 33.1 5060037 5059237 genome.dna 1134040 1133359 NC_002163.gbk
1998 52.1 5063659 5061770 genome.dna 1117102 1115242 NC_002163.gbk
