910 33.0 25826 28615 genome.dna 1495169 1492475 NC_000921.gbk
215 32.2 29669 29034 genome.dna 1626181 1625554 NC_000921.gbk
1195 41.6 30749 32122 genome.dna 674768 676142 NC_000921.gbk
814 34.6 33859 32447 genome.dna 717726 718872 NC_000921.gbk
1490 48.2 36667 35258 genome.dna 502675 501229 NC_000921.gbk
2119 52.1 37037 38860 genome.dna 465573 467373 NC_000921.gbk
603 30.5 47188 45107 genome.dna 1554137 1552265 NC_000921.gbk
1066 32.2 49985 47886 genome.dna 792584 790253 NC_000921.gbk
427 44.6 50956 50333 genome.dna 333498 332877 NC_000921.gbk
1620 57.3 62838 64181 genome.dna 1110581 1111928 NC_000921.gbk
1017 31.5 67552 65657 genome.dna 108840 107094 NC_000921.gbk
1151 59.8 98527 99441 genome.dna 987950 987053 NC_000921.gbk
624 30.8 99451 101520 genome.dna 1002984 1000878 NC_000921.gbk
446 36.5 110262 109636 genome.dna 1102757 1103399 NC_000921.gbk
262 33.6 165569 165111 genome.dna 879291 878853 NC_000921.gbk
581 30.6 166824 165547 genome.dna 857196 858474 NC_000921.gbk
137 39.1 167881 168117 genome.dna 480963 480774 NC_000921.gbk
131 49.0 168129 168296 genome.dna 1258976 1258817 NC_000921.gbk
481 44.7 170854 170375 genome.dna 1500133 1499659 NC_000921.gbk
312 30.0 172168 170891 genome.dna 985507 984325 NC_000921.gbk
404 31.8 184524 183541 genome.dna 283790 284801 NC_000921.gbk
491 30.9 192775 193791 genome.dna 988902 987963 NC_000921.gbk
354 30.3 222967 223722 genome.dna 1508998 1508257 NC_000921.gbk
162 36.0 226078 226338 genome.dna 332806 332566 NC_000921.gbk
460 32.6 226939 227694 genome.dna 394106 393356 NC_000921.gbk
854 42.6 228573 229595 genome.dna 165664 164692 NC_000921.gbk
1952 72.1 250357 251541 genome.dna 1260222 1259022 NC_000921.gbk
502 39.9 252164 252709 genome.dna 1258365 1257834 NC_000921.gbk
531 56.3 252872 253300 genome.dna 1257817 1257391 NC_000921.gbk
765 51.1 253304 254008 genome.dna 1257347 1256642 NC_000921.gbk
427 56.0 254890 255255 genome.dna 1255997 1255619 NC_000921.gbk
504 35.7 270806 270027 genome.dna 829969 830737 NC_000921.gbk
242 30.6 271449 270808 genome.dna 859974 859320 NC_000921.gbk
986 46.2 275283 276347 genome.dna 600942 601962 NC_000921.gbk
648 48.6 292998 292333 genome.dna 969258 968544 NC_000921.gbk
602 40.7 293855 293088 genome.dna 970015 969241 NC_000921.gbk
517 33.7 301263 300298 genome.dna 745475 744488 NC_000921.gbk
568 37.5 302355 301621 genome.dna 1236740 1237484 NC_000921.gbk
1461 49.4 306633 305290 genome.dna 1122695 1124063 NC_000921.gbk
268 32.5 307112 306645 genome.dna 1122204 1122690 NC_000921.gbk
370 43.4 307589 307137 genome.dna 415489 416002 NC_000921.gbk
1194 52.3 313270 314313 genome.dna 1411145 1410101 NC_000921.gbk
856 55.4 338215 337490 genome.dna 732496 731773 NC_000921.gbk
718 36.4 340994 339921 genome.dna 1453241 1454231 NC_000921.gbk
1196 47.2 345980 347242 genome.dna 655797 657066 NC_000921.gbk
471 51.1 352201 352629 genome.dna 85782 85356 NC_000921.gbk
404 50.4 352645 353037 genome.dna 85360 84970 NC_000921.gbk
352 35.4 372605 373492 genome.dna 550541 551411 NC_000921.gbk
834 60.4 385868 385287 genome.dna 638785 638200 NC_000921.gbk
495 31.4 386934 386071 genome.dna 176163 177087 NC_000921.gbk
362 43.0 431880 431494 genome.dna 974246 973868 NC_000921.gbk
374 34.2 433394 432459 genome.dna 371834 372758 NC_000921.gbk
1059 39.8 460910 458055 genome.dna 1198252 1195633 NC_000921.gbk
753 33.5 463248 461737 genome.dna 567404 565913 NC_000921.gbk
418 34.3 479807 478617 genome.dna 1511152 1510021 NC_000921.gbk
1021 50.7 481917 480919 genome.dna 1513247 1512257 NC_000921.gbk
778 32.1 483335 481914 genome.dna 1514791 1513258 NC_000921.gbk
1709 54.9 485144 483705 genome.dna 657123 658530 NC_000921.gbk
338 39.9 517457 517939 genome.dna 191131 191665 NC_000921.gbk
1125 40.2 530287 528905 genome.dna 227793 229140 NC_000921.gbk
1244 54.0 537938 539215 genome.dna 1230125 1228868 NC_000921.gbk
1625 57.1 694412 693111 genome.dna 740161 738829 NC_000921.gbk
164 34.7 697176 697469 genome.dna 9779 9422 NC_000921.gbk
2135 61.3 697515 699164 genome.dna 9398 7757 NC_000921.gbk
275 41.2 703585 703950 genome.dna 714368 714755 NC_000921.gbk
1163 35.2 753122 751287 genome.dna 91173 89127 NC_000921.gbk
179 44.3 755400 755185 genome.dna 558656 558443 NC_000921.gbk
611 34.5 755628 756641 genome.dna 1637753 1638776 NC_000921.gbk
467 33.8 761351 760380 genome.dna 248473 247549 NC_000921.gbk
261 44.1 761608 761919 genome.dna 312282 312597 NC_000921.gbk
352 65.5 761939 762196 genome.dna 312610 312877 NC_000921.gbk
489 48.1 766454 766933 genome.dna 879775 879280 NC_000921.gbk
1531 42.4 768185 770122 genome.dna 388725 386826 NC_000921.gbk
1098 42.8 771082 772419 genome.dna 77636 76298 NC_000921.gbk
1823 36.1 779306 782008 genome.dna 403638 406488 NC_000921.gbk
278 50.0 783547 783816 genome.dna 413759 414032 NC_000921.gbk
1318 35.6 784066 786186 genome.dna 1268881 1266814 NC_000921.gbk
1577 57.0 797270 798493 genome.dna 1228857 1227615 NC_000921.gbk
822 50.7 798538 799257 genome.dna 1227619 1226917 NC_000921.gbk
343 30.9 841615 843360 genome.dna 349235 347684 NC_000921.gbk
1541 50.3 844582 846099 genome.dna 184745 186251 NC_000921.gbk
323 39.8 927840 927358 genome.dna 1467480 1467939 NC_000921.gbk
335 32.1 932209 932796 genome.dna 114979 114403 NC_000921.gbk
234 54.5 934700 934497 genome.dna 954319 954112 NC_000921.gbk
858 40.3 955638 953644 genome.dna 369691 367765 NC_000921.gbk
293 35.3 957261 956803 genome.dna 569483 569027 NC_000921.gbk
587 36.3 987143 988024 genome.dna 111561 110643 NC_000921.gbk
221 32.2 1039117 1038716 genome.dna 1376350 1376740 NC_000921.gbk
694 45.5 1094877 1094161 genome.dna 1380669 1379940 NC_000921.gbk
318 37.5 1096541 1097074 genome.dna 1281412 1281886 NC_000921.gbk
319 30.7 1099537 1100406 genome.dna 983571 982719 NC_000921.gbk
1646 35.9 1131750 1134008 genome.dna 1082756 1080365 NC_000921.gbk
567 36.5 1154052 1153258 genome.dna 1349081 1348319 NC_000921.gbk
762 49.8 1154397 1155122 genome.dna 1592118 1591323 NC_000921.gbk
357 35.8 1155257 1156108 genome.dna 1591324 1590256 NC_000921.gbk
736 51.1 1156279 1157004 genome.dna 793559 792836 NC_000921.gbk
470 38.3 1157130 1157687 genome.dna 1310470 1311028 NC_000921.gbk
427 33.8 1157925 1159121 genome.dna 221417 222524 NC_000921.gbk
639 43.8 1159320 1160081 genome.dna 1275365 1274660 NC_000921.gbk
292 31.1 1160091 1160948 genome.dna 220616 221417 NC_000921.gbk
506 30.1 1165447 1166469 genome.dna 198613 199624 NC_000921.gbk
445 45.5 1166572 1167027 genome.dna 1413852 1413372 NC_000921.gbk
639 41.7 1167032 1167820 genome.dna 1413370 1412557 NC_000921.gbk
389 36.9 1168997 1169593 genome.dna 1361673 1361043 NC_000921.gbk
1423 38.7 1169670 1173152 genome.dna 1484209 1480573 NC_000921.gbk
941 49.5 1173165 1174124 genome.dna 555832 554893 NC_000921.gbk
462 34.7 1202667 1201900 genome.dna 905946 905178 NC_000921.gbk
379 50.9 1211683 1212024 genome.dna 885153 885483 NC_000921.gbk
905 47.4 1248508 1249548 genome.dna 740290 741289 NC_000921.gbk
823 60.3 1270601 1269999 genome.dna 1621350 1621947 NC_000921.gbk
663 35.2 1271755 1272822 genome.dna 393356 392318 NC_000921.gbk
1113 45.5 1272920 1274065 genome.dna 287155 286039 NC_000921.gbk
646 35.9 1274535 1276382 genome.dna 1596888 1598469 NC_000921.gbk
700 35.7 1276393 1277361 genome.dna 1598477 1599449 NC_000921.gbk
472 48.4 1280201 1280677 genome.dna 939 468 NC_000921.gbk
224 31.7 1280702 1281121 genome.dna 467 50 NC_000921.gbk
257 41.3 1282175 1282681 genome.dna 754716 755193 NC_000921.gbk
1500 41.3 1284598 1282733 genome.dna 355338 357195 NC_000921.gbk
512 38.8 1285528 1284617 genome.dna 958155 959067 NC_000921.gbk
882 67.4 1301367 1301990 genome.dna 814078 813490 NC_000921.gbk
1143 51.1 1302154 1303428 genome.dna 1412556 1411197 NC_000921.gbk
823 39.6 1303620 1306001 genome.dna 1415530 1418026 NC_000921.gbk
532 37.8 1310544 1309849 genome.dna 647612 646934 NC_000921.gbk
514 49.7 1329655 1330212 genome.dna 568584 568044 NC_000921.gbk
234 32.4 1332732 1333337 genome.dna 954487 955069 NC_000921.gbk
1539 44.5 1333507 1335396 genome.dna 212558 214424 NC_000921.gbk
1275 33.8 1356196 1353473 genome.dna 385864 383626 NC_000921.gbk
1602 47.3 1363499 1366138 genome.dna 714770 717257 NC_000921.gbk
364 32.4 1391405 1390635 genome.dna 907734 906918 NC_000921.gbk
1397 41.9 1399081 1400775 genome.dna 640106 641843 NC_000921.gbk
241 31.8 1400772 1401275 genome.dna 642526 643063 NC_000921.gbk
813 40.4 1402802 1401792 genome.dna 46188 45189 NC_000921.gbk
1142 44.0 1403920 1402802 genome.dna 917510 916397 NC_000921.gbk
179 36.0 1404198 1403920 genome.dna 917761 917524 NC_000921.gbk
1164 32.0 1422749 1425052 genome.dna 48464 46190 NC_000921.gbk
784 41.4 1425057 1426040 genome.dna 379414 380410 NC_000921.gbk
373 37.5 1433876 1433409 genome.dna 140229 139770 NC_000921.gbk
689 40.1 1434853 1435731 genome.dna 437777 436874 NC_000921.gbk
1289 50.9 1458435 1457257 genome.dna 713083 711907 NC_000921.gbk
725 52.7 1459094 1458447 genome.dna 711202 710578 NC_000921.gbk
627 45.6 1459750 1459094 genome.dna 711897 711198 NC_000921.gbk
756 40.4 1466359 1465232 genome.dna 216987 215820 NC_000921.gbk
193 36.8 1468782 1468399 genome.dna 1279385 1279778 NC_000921.gbk
714 36.1 1475506 1474394 genome.dna 761219 760073 NC_000921.gbk
988 33.6 1477420 1475516 genome.dna 1625121 1623354 NC_000921.gbk
1877 42.8 1483266 1480684 genome.dna 1599806 1602227 NC_000921.gbk
826 50.8 1484840 1484115 genome.dna 1218844 1219591 NC_000921.gbk
864 36.7 1493774 1492350 genome.dna 275691 277005 NC_000921.gbk
281 31.6 1506798 1506349 genome.dna 424341 423888 NC_000921.gbk
486 45.1 1507655 1507128 genome.dna 1208209 1207714 NC_000921.gbk
936 43.4 1536355 1535069 genome.dna 27595 26314 NC_000921.gbk
577 35.7 1537737 1539503 genome.dna 196076 193931 NC_000921.gbk
226 33.6 1550947 1551351 genome.dna 485008 484606 NC_000921.gbk
2252 40.4 1567041 1563904 genome.dna 1366172 1369280 NC_000921.gbk
606 34.0 1573036 1572017 genome.dna 1132285 1131250 NC_000921.gbk
277 31.8 1576123 1576893 genome.dna 458096 458837 NC_000921.gbk
700 41.2 1584709 1585674 genome.dna 1141152 1142163 NC_000921.gbk
862 37.8 1598229 1599338 genome.dna 208603 209710 NC_000921.gbk
1096 38.7 1631952 1633361 genome.dna 40788 42201 NC_000921.gbk
653 40.1 1818024 1817266 genome.dna 884877 884142 NC_000921.gbk
395 34.7 1868891 1867875 genome.dna 517335 516342 NC_000921.gbk
1214 34.2 1937404 1939404 genome.dna 1098834 1101282 NC_000921.gbk
385 46.7 1944254 1944643 genome.dna 390098 389723 NC_000921.gbk
637 34.7 1945543 1946694 genome.dna 784574 785651 NC_000921.gbk
1095 39.1 1946687 1948771 genome.dna 413624 411422 NC_000921.gbk
213 33.9 1950974 1951390 genome.dna 1617503 1617080 NC_000921.gbk
139 32.7 1951419 1951823 genome.dna 1617068 1616582 NC_000921.gbk
865 51.7 1954611 1955393 genome.dna 1639653 1640442 NC_000921.gbk
481 35.6 1956304 1957413 genome.dna 252302 251273 NC_000921.gbk
292 50.0 1962586 1962317 genome.dna 1443134 1442867 NC_000921.gbk
749 48.6 1963383 1962607 genome.dna 694305 695052 NC_000921.gbk
1071 43.1 1968985 1967612 genome.dna 1444449 1443144 NC_000921.gbk
611 31.6 1970689 1969697 genome.dna 353547 354579 NC_000921.gbk
180 32.0 1974025 1973615 genome.dna 771199 771580 NC_000921.gbk
310 33.3 2012054 2011395 genome.dna 944466 943773 NC_000921.gbk
305 33.0 2030910 2030332 genome.dna 1340026 1340575 NC_000921.gbk
571 30.1 2034173 2033130 genome.dna 576755 575735 NC_000921.gbk
358 31.1 2038594 2039550 genome.dna 762587 763571 NC_000921.gbk
566 35.4 2041077 2042123 genome.dna 201947 202967 NC_000921.gbk
660 42.9 2042130 2043083 genome.dna 202990 203986 NC_000921.gbk
554 34.3 2043101 2044030 genome.dna 93031 92101 NC_000921.gbk
701 46.0 2044045 2044779 genome.dna 558405 557661 NC_000921.gbk
251 54.2 2044934 2045170 genome.dna 557431 557194 NC_000921.gbk
1338 49.8 2045253 2046494 genome.dna 557092 555853 NC_000921.gbk
509 34.0 2050132 2050929 genome.dna 1630710 1629945 NC_000921.gbk
244 34.3 2055442 2055792 genome.dna 1085131 1084816 NC_000921.gbk
1553 31.9 2070405 2066956 genome.dna 1606101 1609107 NC_000921.gbk
2004 50.6 2083361 2081520 genome.dna 1139129 1137302 NC_000921.gbk
1609 51.3 2102354 2104732 genome.dna 127690 125251 NC_000921.gbk
1151 39.0 2177036 2175615 genome.dna 142312 140866 NC_000921.gbk
517 37.2 2177765 2177046 genome.dna 143069 142340 NC_000921.gbk
599 35.1 2179364 2177811 genome.dna 143290 144940 NC_000921.gbk
259 30.5 2181519 2182154 genome.dna 1630784 1631405 NC_000921.gbk
699 38.1 2183367 2182216 genome.dna 1072957 1074127 NC_000921.gbk
533 46.2 2203467 2202874 genome.dna 819640 819061 NC_000921.gbk
421 34.4 2216576 2217319 genome.dna 2551 3235 NC_000921.gbk
2531 54.4 2221311 2219248 genome.dna 1217309 1215245 NC_000921.gbk
748 44.3 2239913 2239125 genome.dna 197776 198604 NC_000921.gbk
382 37.0 2258625 2258122 genome.dna 1102536 1102035 NC_000921.gbk
495 33.2 2263993 2263058 genome.dna 1231801 1232563 NC_000921.gbk
1251 55.4 2487322 2486231 genome.dna 565912 564811 NC_000921.gbk
340 36.9 2488039 2487452 genome.dna 1521778 1522339 NC_000921.gbk
1147 55.0 2489732 2488785 genome.dna 759066 760023 NC_000921.gbk
1181 51.6 2492889 2493971 genome.dna 78113 79172 NC_000921.gbk
388 32.4 2493971 2494816 genome.dna 1109684 1110515 NC_000921.gbk
417 43.0 2496092 2496946 genome.dna 1779 948 NC_000921.gbk
342 38.7 2507977 2507444 genome.dna 687381 686874 NC_000921.gbk
850 51.0 2552084 2552833 genome.dna 1134752 1135505 NC_000921.gbk
1931 61.9 2563367 2561970 genome.dna 1363355 1361963 NC_000921.gbk
430 36.1 2585970 2586605 genome.dna 579672 579027 NC_000921.gbk
1180 37.4 2593132 2590532 genome.dna 120640 122851 NC_000921.gbk
277 30.0 2597527 2596643 genome.dna 1480592 1479803 NC_000921.gbk
1338 46.0 2602958 2604520 genome.dna 1337812 1336309 NC_000921.gbk
522 39.5 2604520 2605098 genome.dna 1336313 1335728 NC_000921.gbk
817 42.2 2605113 2606180 genome.dna 1335732 1334724 NC_000921.gbk
1247 46.9 2606188 2607555 genome.dna 1334732 1333373 NC_000921.gbk
1772 67.0 2607572 2608762 genome.dna 1333372 1332190 NC_000921.gbk
765 46.2 2608762 2609568 genome.dna 1332194 1331405 NC_000921.gbk
712 44.6 2639766 2638855 genome.dna 654554 655376 NC_000921.gbk
692 44.5 2642732 2643580 genome.dna 1459452 1458570 NC_000921.gbk
861 39.3 2654735 2655739 genome.dna 1383863 1382870 NC_000921.gbk
867 50.0 2679167 2679979 genome.dna 342302 343109 NC_000921.gbk
1302 44.6 2691006 2692370 genome.dna 136352 134984 NC_000921.gbk
181 32.0 2724246 2725070 genome.dna 341037 340254 NC_000921.gbk
187 37.0 2728844 2728548 genome.dna 852228 852513 NC_000921.gbk
742 47.1 2732234 2731251 genome.dna 1085212 1086199 NC_000921.gbk
400 50.4 2732903 2732547 genome.dna 130762 131113 NC_000921.gbk
409 41.6 2733782 2733240 genome.dna 129881 130493 NC_000921.gbk
1659 42.3 2735713 2733785 genome.dna 128046 129885 NC_000921.gbk
1921 68.1 2755752 2754499 genome.dna 27795 29073 NC_000921.gbk
574 35.9 2757088 2758194 genome.dna 1373796 1372713 NC_000921.gbk
502 44.6 2788070 2787564 genome.dna 661717 661213 NC_000921.gbk
713 50.5 2793288 2792647 genome.dna 1137284 1136657 NC_000921.gbk
622 33.0 2794931 2793456 genome.dna 1139194 1140472 NC_000921.gbk
1126 50.5 2809298 2808294 genome.dna 395658 394647 NC_000921.gbk
282 31.7 2809923 2809306 genome.dna 894902 894350 NC_000921.gbk
285 34.9 2810663 2810151 genome.dna 891557 891083 NC_000921.gbk
1826 48.3 2813755 2811956 genome.dna 621871 623611 NC_000921.gbk
451 33.6 2828026 2828805 genome.dna 1103452 1104184 NC_000921.gbk
357 30.8 2838878 2837343 genome.dna 896943 898326 NC_000921.gbk
593 39.8 2859653 2858643 genome.dna 440174 439118 NC_000921.gbk
252 31.3 2869134 2868487 genome.dna 829351 829969 NC_000921.gbk
464 39.0 2884168 2883416 genome.dna 237918 237186 NC_000921.gbk
1019 31.0 2887241 2885457 genome.dna 374544 376200 NC_000921.gbk
1238 48.0 2975613 2974318 genome.dna 1507186 1505938 NC_000921.gbk
354 30.7 2977060 2975717 genome.dna 425676 424500 NC_000921.gbk
651 36.4 2982496 2983455 genome.dna 841673 842609 NC_000921.gbk
287 59.7 2988043 2988261 genome.dna 1348320 1348101 NC_000921.gbk
1785 39.4 2992855 2990582 genome.dna 32797 35026 NC_000921.gbk
878 44.3 3024334 3023318 genome.dna 1631696 1632680 NC_000921.gbk
646 31.1 3042056 3043384 genome.dna 752989 751669 NC_000921.gbk
352 30.8 3046334 3045672 genome.dna 957597 958140 NC_000921.gbk
643 39.0 3058890 3057901 genome.dna 96737 97682 NC_000921.gbk
1334 38.5 3076165 3077973 genome.dna 1307952 1306164 NC_000921.gbk
1223 56.3 3077983 3079080 genome.dna 1306168 1305121 NC_000921.gbk
1098 47.7 3079077 3080102 genome.dna 258277 257260 NC_000921.gbk
1257 41.5 3080104 3081720 genome.dna 257251 255700 NC_000921.gbk
1348 43.0 3139235 3137823 genome.dna 434740 433312 NC_000921.gbk
116 30.1 3155372 3155127 genome.dna 819013 818791 NC_000921.gbk
407 44.5 3155863 3155369 genome.dna 817802 817325 NC_000921.gbk
2213 52.1 3161386 3159374 genome.dna 1156060 1154083 NC_000921.gbk
474 32.7 3166195 3167499 genome.dna 1007389 1006069 NC_000921.gbk
626 34.0 3178804 3180039 genome.dna 173283 172110 NC_000921.gbk
270 33.9 3228583 3228035 genome.dna 435538 434935 NC_000921.gbk
671 30.5 3230474 3228642 genome.dna 837851 839636 NC_000921.gbk
1073 44.5 3290769 3289561 genome.dna 225125 226289 NC_000921.gbk
427 34.1 3291639 3290800 genome.dna 226310 227291 NC_000921.gbk
377 33.0 3320342 3321007 genome.dna 1217516 1218170 NC_000921.gbk
1474 43.0 3364676 3363084 genome.dna 870495 868893 NC_000921.gbk
856 32.4 3373687 3372152 genome.dna 1323891 1325430 NC_000921.gbk
1176 36.4 3375638 3373788 genome.dna 1322049 1323888 NC_000921.gbk
280 40.0 3375937 3375635 genome.dna 1321744 1322047 NC_000921.gbk
258 30.6 3377049 3376507 genome.dna 1320544 1321207 NC_000921.gbk
263 39.6 3378041 3377067 genome.dna 1319545 1320535 NC_000921.gbk
242 34.1 3385876 3385436 genome.dna 1312878 1313280 NC_000921.gbk
951 42.8 3395711 3396913 genome.dna 920251 919039 NC_000921.gbk
341 33.3 3408161 3407589 genome.dna 1500696 1500132 NC_000921.gbk
814 45.6 3413548 3412631 genome.dna 980092 979222 NC_000921.gbk
306 30.6 3416479 3415469 genome.dna 1240341 1239300 NC_000921.gbk
1008 44.0 3427528 3426443 genome.dna 673119 674217 NC_000921.gbk
696 38.1 3455799 3454780 genome.dna 906926 905945 NC_000921.gbk
860 46.0 3516455 3517318 genome.dna 571953 571080 NC_000921.gbk
1110 38.9 3519048 3517663 genome.dna 898326 899724 NC_000921.gbk
1142 46.0 3523656 3524945 genome.dna 137593 136351 NC_000921.gbk
1208 34.3 3531913 3533985 genome.dna 442240 440212 NC_000921.gbk
628 39.5 3573115 3574479 genome.dna 170155 168886 NC_000921.gbk
601 41.5 3577570 3576767 genome.dna 860776 859966 NC_000921.gbk
472 35.2 3578361 3577567 genome.dna 861552 860772 NC_000921.gbk
1370 50.4 3590632 3589055 genome.dna 1079695 1078168 NC_000921.gbk
1681 54.9 3592205 3590739 genome.dna 846830 845384 NC_000921.gbk
687 31.0 3592378 3593766 genome.dna 264978 266241 NC_000921.gbk
345 30.5 3599984 3598497 genome.dna 850699 852088 NC_000921.gbk
979 47.2 3604488 3603367 genome.dna 632533 633613 NC_000921.gbk
589 36.2 3607701 3606505 genome.dna 1454227 1455301 NC_000921.gbk
509 56.0 3608433 3608005 genome.dna 200913 201327 NC_000921.gbk
1453 53.6 3635387 3634134 genome.dna 186250 187501 NC_000921.gbk
280 45.9 3679566 3679826 genome.dna 282075 282330 NC_000921.gbk
189 35.6 3680956 3680225 genome.dna 1635690 1636479 NC_000921.gbk
635 38.8 3682691 3681786 genome.dna 507321 508227 NC_000921.gbk
466 36.2 3683368 3682688 genome.dna 672403 673123 NC_000921.gbk
2227 56.5 3686442 3684643 genome.dna 357191 359006 NC_000921.gbk
549 41.8 3694571 3695257 genome.dna 1384653 1383951 NC_000921.gbk
1156 42.5 3698228 3696813 genome.dna 461835 460443 NC_000921.gbk
400 31.4 3711890 3712588 genome.dna 92088 91395 NC_000921.gbk
1422 50.2 3714803 3716083 genome.dna 321304 322597 NC_000921.gbk
682 42.3 3732844 3733638 genome.dna 396471 395658 NC_000921.gbk
567 38.7 3733793 3734647 genome.dna 3234 4065 NC_000921.gbk
294 40.4 3734665 3735045 genome.dna 35015 35369 NC_000921.gbk
496 53.2 3749751 3750215 genome.dna 671960 672392 NC_000921.gbk
2631 47.0 3762599 3760023 genome.dna 269486 272057 NC_000921.gbk
347 50.4 3773009 3772662 genome.dna 1192332 1191975 NC_000921.gbk
485 34.9 3773827 3773072 genome.dna 1193043 1192353 NC_000921.gbk
258 48.7 3774681 3774433 genome.dna 1194199 1193968 NC_000921.gbk
1104 39.2 3776200 3774839 genome.dna 1195619 1194272 NC_000921.gbk
369 39.3 3777786 3777271 genome.dna 109439 108980 NC_000921.gbk
2108 44.8 3784972 3782345 genome.dna 1295599 1293055 NC_000921.gbk
1370 60.1 3786717 3785644 genome.dna 156401 157445 NC_000921.gbk
541 47.9 3893814 3893233 genome.dna 872276 871697 NC_000921.gbk
350 33.6 3913956 3913303 genome.dna 1218171 1218843 NC_000921.gbk
400 31.3 3915440 3914634 genome.dna 1219639 1220473 NC_000921.gbk
480 33.6 3918901 3920391 genome.dna 848201 846839 NC_000921.gbk
720 45.8 3945541 3944261 genome.dna 362516 361202 NC_000921.gbk
447 42.5 3952181 3951618 genome.dna 875180 874655 NC_000921.gbk
630 42.9 3953386 3954039 genome.dna 1632681 1633329 NC_000921.gbk
608 41.5 3954101 3954916 genome.dna 1622092 1622908 NC_000921.gbk
1301 39.7 3956293 3958011 genome.dna 246197 244466 NC_000921.gbk
481 42.9 3961248 3960622 genome.dna 1128838 1129468 NC_000921.gbk
1396 52.5 4001743 4000448 genome.dna 157456 158737 NC_000921.gbk
1802 49.8 4003479 4001842 genome.dna 350861 349244 NC_000921.gbk
434 30.4 4013697 4012813 genome.dna 649420 650278 NC_000921.gbk
1229 40.0 4027241 4025196 genome.dna 620825 618854 NC_000921.gbk
1062 41.6 4028828 4027398 genome.dna 873660 872268 NC_000921.gbk
242 31.9 4037132 4037767 genome.dna 1534661 1535324 NC_000921.gbk
509 48.8 4039680 4040210 genome.dna 626630 627152 NC_000921.gbk
211 40.8 4060248 4060021 genome.dna 1299560 1299302 NC_000921.gbk
192 30.1 4060971 4060579 genome.dna 1300571 1300142 NC_000921.gbk
374 34.8 4076900 4077613 genome.dna 1096409 1097078 NC_000921.gbk
727 32.1 4114440 4115846 genome.dna 1401099 1399638 NC_000921.gbk
280 32.5 4115888 4116970 genome.dna 971214 970080 NC_000921.gbk
1969 51.3 4139901 4137067 genome.dna 722370 719544 NC_000921.gbk
287 33.5 4140147 4140710 genome.dna 1300128 1299582 NC_000921.gbk
2811 61.2 4221505 4218908 genome.dna 794463 797022 NC_000921.gbk
610 39.0 4244964 4245854 genome.dna 1394613 1393791 NC_000921.gbk
527 32.8 4250428 4249388 genome.dna 870696 871674 NC_000921.gbk
332 37.1 4250722 4251348 genome.dna 848850 848259 NC_000921.gbk
919 48.8 4255592 4252890 genome.dna 802133 804731 NC_000921.gbk
827 44.0 4257707 4256787 genome.dna 401059 401947 NC_000921.gbk
794 37.3 4258960 4257809 genome.dna 1010606 1011764 NC_000921.gbk
412 32.2 4263557 4262097 genome.dna 631261 629911 NC_000921.gbk
996 44.5 4268312 4267230 genome.dna 482028 483090 NC_000921.gbk
536 36.6 4274186 4273242 genome.dna 723527 724454 NC_000921.gbk
225 31.5 4319027 4319845 genome.dna 1450313 1451129 NC_000921.gbk
3179 53.4 4330684 4327460 genome.dna 943674 940416 NC_000921.gbk
917 39.8 4331847 4330699 genome.dna 1289111 1290239 NC_000921.gbk
411 32.2 4333114 4332293 genome.dna 499127 499892 NC_000921.gbk
410 30.3 4334402 4333452 genome.dna 1089791 1090616 NC_000921.gbk
1823 39.4 4338181 4335368 genome.dna 1448143 1445380 NC_000921.gbk
299 33.4 4339154 4338213 genome.dna 370580 369737 NC_000921.gbk
150 33.7 4339580 4339843 genome.dna 77725 77995 NC_000921.gbk
707 40.7 4342070 4340889 genome.dna 1595230 1596547 NC_000921.gbk
889 40.1 4343498 4342359 genome.dna 1371417 1370307 NC_000921.gbk
2334 58.0 4345514 4343607 genome.dna 114374 112511 NC_000921.gbk
440 39.5 4348005 4346668 genome.dna 966484 965125 NC_000921.gbk
506 48.1 4348720 4348133 genome.dna 818341 817810 NC_000921.gbk
555 32.7 4377440 4376580 genome.dna 1014496 1013671 NC_000921.gbk
964 41.9 4379941 4378778 genome.dna 1382856 1381647 NC_000921.gbk
1004 32.9 4387762 4385783 genome.dna 1067389 1065541 NC_000921.gbk
1521 61.2 4388480 4389631 genome.dna 199689 200847 NC_000921.gbk
1134 44.6 4398393 4397095 genome.dna 261592 262828 NC_000921.gbk
387 31.1 4403893 4402952 genome.dna 1438410 1439244 NC_000921.gbk
896 42.9 4422828 4421779 genome.dna 1142332 1143385 NC_000921.gbk
435 30.5 4444572 4445309 genome.dna 193939 193201 NC_000921.gbk
502 41.8 4448185 4447619 genome.dna 177108 177672 NC_000921.gbk
1842 51.7 4451372 4449723 genome.dna 1211429 1213067 NC_000921.gbk
944 33.4 4455549 4457003 genome.dna 149103 147654 NC_000921.gbk
344 35.8 4479596 4478769 genome.dna 1304446 1303645 NC_000921.gbk
431 41.2 4482450 4482959 genome.dna 813486 812961 NC_000921.gbk
565 37.0 4482986 4483933 genome.dna 1183266 1182348 NC_000921.gbk
336 44.0 4488068 4487676 genome.dna 1345444 1345093 NC_000921.gbk
500 30.5 4489098 4488109 genome.dna 1346478 1345443 NC_000921.gbk
635 48.3 4489744 4489124 genome.dna 1347116 1346489 NC_000921.gbk
488 52.7 4490164 4489775 genome.dna 1347521 1347125 NC_000921.gbk
379 49.6 4490537 4490181 genome.dna 1347906 1347543 NC_000921.gbk
200 76.3 4490800 4490684 genome.dna 1348023 1347909 NC_000921.gbk
1128 40.2 4492165 4490834 genome.dna 1350343 1349080 NC_000921.gbk
299 41.2 4492607 4492173 genome.dna 1350779 1350377 NC_000921.gbk
509 49.7 4493297 4492797 genome.dna 1351258 1350796 NC_000921.gbk
185 34.5 4493665 4493312 genome.dna 1351611 1351254 NC_000921.gbk
472 43.4 4494208 4493675 genome.dna 1352161 1351624 NC_000921.gbk
315 37.2 4494614 4494222 genome.dna 1352568 1352172 NC_000921.gbk
585 46.9 4495506 4494967 genome.dna 1353318 1352772 NC_000921.gbk
525 65.9 4496217 4495846 genome.dna 1353921 1353552 NC_000921.gbk
241 50.0 4496635 4496381 genome.dna 1354184 1353923 NC_000921.gbk
128 40.0 4496826 4496635 genome.dna 1354398 1354197 NC_000921.gbk
564 62.4 4497236 4496826 genome.dna 1354810 1354384 NC_000921.gbk
881 56.6 4497950 4497249 genome.dna 1355517 1354812 NC_000921.gbk
208 40.4 4498300 4497968 genome.dna 1355889 1355520 NC_000921.gbk
393 61.1 4498593 4498315 genome.dna 1356180 1355898 NC_000921.gbk
937 51.6 4499431 4498610 genome.dna 1357022 1356191 NC_000921.gbk
146 30.9 4499751 4499449 genome.dna 1357319 1357037 NC_000921.gbk
318 35.1 4500993 4500364 genome.dna 1358580 1358004 NC_000921.gbk
421 57.1 4501337 4501026 genome.dna 1358931 1358616 NC_000921.gbk
3065 66.1 4505956 4503842 genome.dna 1245736 1243657 NC_000921.gbk
628 59.7 4506523 4506053 genome.dna 1246215 1245747 NC_000921.gbk
608 73.4 4506994 4506620 genome.dna 1246638 1246230 NC_000921.gbk
630 30.8 4509286 4510932 genome.dna 22921 21349 NC_000921.gbk
363 37.8 4520431 4519847 genome.dna 1169482 1168924 NC_000921.gbk
1049 47.7 4557783 4556779 genome.dna 1308933 1307952 NC_000921.gbk
564 42.9 4559154 4558477 genome.dna 1587156 1586502 NC_000921.gbk
726 36.6 4562421 4561336 genome.dna 288652 289684 NC_000921.gbk
253 35.1 4562994 4562473 genome.dna 159622 160111 NC_000921.gbk
477 34.5 4579442 4578723 genome.dna 167717 167039 NC_000921.gbk
663 33.6 4672431 4670269 genome.dna 1503404 1501358 NC_000921.gbk
811 46.6 4680620 4681561 genome.dna 244456 243535 NC_000921.gbk
721 33.1 4690836 4689472 genome.dna 1151604 1152927 NC_000921.gbk
1589 54.7 4708658 4707399 genome.dna 550050 548733 NC_000921.gbk
346 50.5 4709479 4709153 genome.dna 841347 841668 NC_000921.gbk
1593 49.6 4719117 4720601 genome.dna 54893 53402 NC_000921.gbk
388 31.0 4730969 4730043 genome.dna 1491565 1490542 NC_000921.gbk
742 37.7 4733613 4735139 genome.dna 812956 811435 NC_000921.gbk
979 41.6 4766891 4765731 genome.dna 110619 109476 NC_000921.gbk
190 41.8 4770684 4770469 genome.dna 550314 550518 NC_000921.gbk
553 54.4 4775884 4776414 genome.dna 505448 505991 NC_000921.gbk
1326 46.3 4776424 4777755 genome.dna 505990 507322 NC_000921.gbk
700 41.6 4789295 4788411 genome.dna 772681 773560 NC_000921.gbk
238 32.6 4814473 4814072 genome.dna 1173539 1173137 NC_000921.gbk
1342 52.5 4828130 4826943 genome.dna 1236469 1235293 NC_000921.gbk
1269 32.6 4872230 4874593 genome.dna 811411 809350 NC_000921.gbk
1675 46.8 4911222 4909444 genome.dna 1164036 1162332 NC_000921.gbk
1177 50.6 4929420 4928401 genome.dna 314646 315651 NC_000921.gbk
1177 50.6 4929420 4928401 genome.dna 314646 315651 NC_000921.gbk
1292 40.4 4931262 4929655 genome.dna 312995 314636 NC_000921.gbk
1899 44.5 4981440 4979023 genome.dna 490183 492505 NC_000921.gbk
806 34.6 4985096 4983699 genome.dna 1559162 1557788 NC_000921.gbk
188 63.6 4985770 4985910 genome.dna 1468877 1469012 NC_000921.gbk
714 33.6 4988276 4989640 genome.dna 1472204 1473590 NC_000921.gbk
1041 38.7 5010680 5009268 genome.dna 1224082 1222774 NC_000921.gbk
877 39.7 5026700 5027902 genome.dna 683595 684768 NC_000921.gbk
685 40.5 5049054 5047222 genome.dna 1560141 1561935 NC_000921.gbk
558 40.0 5050610 5049240 genome.dna 694209 692907 NC_000921.gbk
2040 67.3 5055348 5053966 genome.dna 1175962 1174552 NC_000921.gbk
559 34.0 5056259 5055396 genome.dna 1176892 1175986 NC_000921.gbk
1194 54.2 5057853 5056312 genome.dna 1178418 1176906 NC_000921.gbk
233 30.6 5060037 5059237 genome.dna 845263 844582 NC_000921.gbk
1916 47.2 5063659 5061770 genome.dna 218862 216996 NC_000921.gbk
