540 30.5 10948 12453 genome.dna 144971 146666 NC_000908.gbk
467 39.9 50956 50333 genome.dna 134767 135337 NC_000908.gbk
1849 69.0 250357 251541 genome.dna 555612 554427 NC_000908.gbk
345 42.0 252872 253300 genome.dna 109261 109675 NC_000908.gbk
631 43.8 253304 254008 genome.dna 109674 110355 NC_000908.gbk
273 41.7 254890 255255 genome.dna 460125 460494 NC_000908.gbk
1517 35.9 255584 259612 genome.dna 438640 434467 NC_000908.gbk
597 35.4 259736 263959 genome.dna 434458 430579 NC_000908.gbk
161 38.2 334075 333803 genome.dna 49376 49643 NC_000908.gbk
429 42.1 352201 352629 genome.dna 522314 521873 NC_000908.gbk
390 47.0 352645 353037 genome.dna 521868 521469 NC_000908.gbk
494 32.1 386934 386071 genome.dna 26477 27344 NC_000908.gbk
820 32.4 460910 458055 genome.dna 419480 416966 NC_000908.gbk
138 34.3 697176 697469 genome.dna 496960 496627 NC_000908.gbk
1228 43.3 697515 699164 genome.dna 496615 494983 NC_000908.gbk
587 33.9 755628 756641 genome.dna 54657 55605 NC_000908.gbk
218 35.7 761608 761919 genome.dna 278903 279206 NC_000908.gbk
887 41.4 763509 764681 genome.dna 483369 482067 NC_000908.gbk
328 38.6 766454 766933 genome.dna 344849 344363 NC_000908.gbk
213 43.2 783547 783816 genome.dna 531479 531218 NC_000908.gbk
754 37.1 795852 797180 genome.dna 59740 61006 NC_000908.gbk
1225 40.7 844582 846099 genome.dna 160961 162434 NC_000908.gbk
267 35.8 927840 927358 genome.dna 67644 67206 NC_000908.gbk
647 33.5 955638 953644 genome.dna 79089 81036 NC_000908.gbk
314 35.1 957261 956803 genome.dna 500719 500260 NC_000908.gbk
1384 40.3 995970 994243 genome.dna 536036 534317 NC_000908.gbk
676 50.2 1100443 1101237 genome.dna 273788 274652 NC_000908.gbk
275 39.0 1155257 1156108 genome.dna 539631 540528 NC_000908.gbk
481 37.0 1156279 1157004 genome.dna 540508 541240 NC_000908.gbk
317 33.9 1157130 1157687 genome.dna 541239 541791 NC_000908.gbk
1766 41.4 1303620 1306001 genome.dna 283394 285782 NC_000908.gbk
308 33.1 1329655 1330212 genome.dna 335397 334854 NC_000908.gbk
133 31.0 1332403 1332732 genome.dna 159796 160099 NC_000908.gbk
359 34.1 1335658 1336302 genome.dna 201032 201677 NC_000908.gbk
1447 43.6 1363499 1366138 genome.dna 4812 7323 NC_000908.gbk
528 39.3 1428285 1428911 genome.dna 32324 31703 NC_000908.gbk
1129 34.7 1483266 1480684 genome.dna 324809 322430 NC_000908.gbk
505 31.4 1573036 1572017 genome.dna 143934 144957 NC_000908.gbk
442 32.8 1599518 1600159 genome.dna 480690 481332 NC_000908.gbk
146 47.9 2040877 2041047 genome.dna 460496 460670 NC_000908.gbk
301 33.3 2048443 2049102 genome.dna 8551 9184 NC_000908.gbk
344 32.5 2050132 2050929 genome.dna 11251 12040 NC_000908.gbk
524 33.5 2192856 2194133 genome.dna 557723 558947 NC_000908.gbk
1134 49.3 2487322 2486231 genome.dna 27344 28448 NC_000908.gbk
308 32.8 2488039 2487452 genome.dna 110354 110924 NC_000908.gbk
799 43.2 2489732 2488785 genome.dna 67121 66227 NC_000908.gbk
940 42.2 2492889 2493971 genome.dna 307927 309007 NC_000908.gbk
609 31.2 2593132 2590532 genome.dna 149197 151327 NC_000908.gbk
545 35.5 2628084 2627089 genome.dna 105451 106660 NC_000908.gbk
643 41.7 2639766 2638855 genome.dna 556434 557313 NC_000908.gbk
976 46.6 2654735 2655739 genome.dna 371962 370948 NC_000908.gbk
291 30.0 2724246 2725070 genome.dna 482075 481328 NC_000908.gbk
457 34.2 2732234 2731251 genome.dna 232006 233032 NC_000908.gbk
361 49.1 2732903 2732547 genome.dna 236244 236619 NC_000908.gbk
162 51.9 2733144 2732947 genome.dna 236062 236242 NC_000908.gbk
276 30.2 2733782 2733240 genome.dna 235514 236060 NC_000908.gbk
719 37.4 2757088 2758194 genome.dna 364022 362918 NC_000908.gbk
653 31.9 2809298 2808294 genome.dna 457346 458270 NC_000908.gbk
649 34.8 2813755 2811956 genome.dna 41776 43429 NC_000908.gbk
869 40.0 2864092 2865492 genome.dna 140038 141409 NC_000908.gbk
439 34.8 2926492 2925815 genome.dna 414975 414321 NC_000908.gbk
762 41.3 2975613 2974318 genome.dna 7294 8548 NC_000908.gbk
659 38.5 2982496 2983455 genome.dna 129346 130294 NC_000908.gbk
190 44.1 2988043 2988261 genome.dna 202425 202638 NC_000908.gbk
542 42.5 3019705 3020373 genome.dna 59082 59754 NC_000908.gbk
1826 46.3 3161386 3159374 genome.dna 96932 98903 NC_000908.gbk
838 39.0 3395711 3396913 genome.dna 455947 454765 NC_000908.gbk
749 32.4 3519048 3517663 genome.dna 302839 301552 NC_000908.gbk
559 33.1 3599984 3598497 genome.dna 414318 412971 NC_000908.gbk
678 30.7 3603229 3601955 genome.dna 40542 41787 NC_000908.gbk
1356 53.4 3635387 3634134 genome.dna 498306 497085 NC_000908.gbk
1943 48.1 3686442 3684643 genome.dna 163589 165386 NC_000908.gbk
373 35.1 3694571 3695257 genome.dna 123578 124316 NC_000908.gbk
464 35.0 3698228 3696813 genome.dna 567638 566183 NC_000908.gbk
442 51.5 3745052 3745459 genome.dna 276165 276627 NC_000908.gbk
2626 55.2 3745456 3747603 genome.dna 276645 278811 NC_000908.gbk
1125 50.3 3747628 3748590 genome.dna 275139 276162 NC_000908.gbk
2251 48.0 3762599 3760023 genome.dna 453757 451612 NC_000908.gbk
339 48.2 3773009 3772662 genome.dna 549224 548864 NC_000908.gbk
531 39.6 3773827 3773072 genome.dna 549903 549207 NC_000908.gbk
1025 38.9 3776200 3774839 genome.dna 58310 56969 NC_000908.gbk
562 31.4 3784972 3782345 genome.dna 360592 357889 NC_000908.gbk
883 45.1 3786717 3785644 genome.dna 428115 427092 NC_000908.gbk
276 34.0 3787319 3786825 genome.dna 142079 142553 NC_000908.gbk
612 52.4 4001743 4000448 genome.dna 510836 509459 NC_000908.gbk
1057 34.4 4027241 4025196 genome.dna 304823 302843 NC_000908.gbk
166 30.3 4037132 4037767 genome.dna 295484 294764 NC_000908.gbk
301 38.0 4039680 4040210 genome.dna 449664 450219 NC_000908.gbk
184 31.6 4059979 4059527 genome.dna 118344 118797 NC_000908.gbk
626 31.1 4114440 4115846 genome.dna 118846 120187 NC_000908.gbk
3107 50.6 4139901 4137067 genome.dna 527014 524149 NC_000908.gbk
861 33.0 4231793 4230366 genome.dna 329826 328452 NC_000908.gbk
721 37.5 4255592 4252890 genome.dna 94534 96955 NC_000908.gbk
554 35.6 4274186 4273242 genome.dna 267079 268009 NC_000908.gbk
378 32.2 4319027 4319845 genome.dna 568404 567624 NC_000908.gbk
688 33.4 4338181 4335368 genome.dna 443878 441190 NC_000908.gbk
133 35.1 4339580 4339843 genome.dna 460951 460684 NC_000908.gbk
373 33.7 4343498 4342359 genome.dna 22387 23557 NC_000908.gbk
1654 50.5 4345514 4343607 genome.dna 376705 374917 NC_000908.gbk
696 39.0 4379941 4378778 genome.dna 370962 369711 NC_000908.gbk
647 33.5 4383337 4381343 genome.dna 79089 81036 NC_000908.gbk
740 42.7 4388480 4389631 genome.dna 55588 56740 NC_000908.gbk
239 36.6 4488068 4487676 genome.dna 204514 204886 NC_000908.gbk
241 31.9 4489098 4488109 genome.dna 203515 204502 NC_000908.gbk
474 37.9 4489744 4489124 genome.dna 387892 387274 NC_000908.gbk
377 47.8 4490164 4489775 genome.dna 203135 203531 NC_000908.gbk
413 50.9 4490537 4490181 genome.dna 202761 203136 NC_000908.gbk
179 65.8 4490800 4490684 genome.dna 202648 202762 NC_000908.gbk
830 35.4 4492165 4490834 genome.dna 199611 201039 NC_000908.gbk
300 37.4 4492607 4492173 genome.dna 199159 199612 NC_000908.gbk
188 33.3 4493665 4493312 genome.dna 198166 198514 NC_000908.gbk
421 39.9 4494208 4493675 genome.dna 197610 198165 NC_000908.gbk
370 45.0 4494614 4494222 genome.dna 197178 197604 NC_000908.gbk
693 54.7 4495506 4494967 genome.dna 196454 196997 NC_000908.gbk
177 37.4 4495835 4495521 genome.dna 196122 196449 NC_000908.gbk
452 55.3 4496217 4495846 genome.dna 195754 196123 NC_000908.gbk
194 42.3 4496635 4496381 genome.dna 195493 195751 NC_000908.gbk
401 46.5 4497236 4496826 genome.dna 194475 194892 NC_000908.gbk
586 41.2 4497950 4497249 genome.dna 193663 194470 NC_000908.gbk
365 57.5 4498593 4498315 genome.dna 192960 193224 NC_000908.gbk
841 48.6 4499431 4498610 genome.dna 192103 192961 NC_000908.gbk
319 32.6 4500353 4499748 genome.dna 191144 191780 NC_000908.gbk
509 40.0 4500993 4500364 genome.dna 190371 191145 NC_000908.gbk
274 39.6 4501337 4501026 genome.dna 190047 190368 NC_000908.gbk
2192 54.1 4505956 4503842 genome.dna 114807 116874 NC_000908.gbk
545 51.9 4506523 4506053 genome.dna 114330 114798 NC_000908.gbk
499 66.2 4506994 4506620 genome.dna 113894 114314 NC_000908.gbk
670 36.2 4557783 4556779 genome.dna 154962 153918 NC_000908.gbk
228 33.7 4709479 4709153 genome.dna 152766 153075 NC_000908.gbk
1698 48.0 4781238 4782749 genome.dna 46277 44750 NC_000908.gbk
473 37.3 4786326 4787093 genome.dna 538290 537555 NC_000908.gbk
700 36.1 4825789 4824827 genome.dna 254619 255591 NC_000908.gbk
330 38.2 4834867 4834403 genome.dna 443921 444422 NC_000908.gbk
190 64.4 4985770 4985910 genome.dna 570027 569880 NC_000908.gbk
2025 66.7 5055348 5053966 genome.dna 504258 502827 NC_000908.gbk
1047 48.0 5057853 5056312 genome.dna 506655 505098 NC_000908.gbk
1444 39.3 5063659 5061770 genome.dna 477167 479006 NC_000908.gbk
