560 45.5 1179 2171 genome.dna 175639 176620 NC_004432.gbk
560 31.7 10948 12453 genome.dna 745036 743137 NC_004432.gbk
932 31.1 49985 47886 genome.dna 671569 669427 NC_004432.gbk
383 36.7 50956 50333 genome.dna 719117 718526 NC_004432.gbk
429 34.4 97287 96724 genome.dna 421331 420776 NC_004432.gbk
229 33.1 165569 165111 genome.dna 127024 126532 NC_004432.gbk
140 37.1 167881 168117 genome.dna 528762 528513 NC_004432.gbk
438 32.0 168516 169325 genome.dna 253087 253921 NC_004432.gbk
236 31.2 170854 170375 genome.dna 1286308 1285855 NC_004432.gbk
1966 73.8 250357 251541 genome.dna 42292 43477 NC_004432.gbk
320 37.7 252872 253300 genome.dna 35627 36095 NC_004432.gbk
370 56.5 254890 255255 genome.dna 727892 727526 NC_004432.gbk
1712 36.7 255584 259612 genome.dna 88216 92344 NC_004432.gbk
797 36.8 259736 263959 genome.dna 92364 96231 NC_004432.gbk
780 31.3 329415 330869 genome.dna 607303 608740 NC_004432.gbk
406 42.8 352201 352629 genome.dna 96330 96771 NC_004432.gbk
396 48.5 352645 353037 genome.dna 96788 97181 NC_004432.gbk
470 31.3 386934 386071 genome.dna 1351834 1350943 NC_004432.gbk
689 39.9 399153 398326 genome.dna 1271890 1272748 NC_004432.gbk
613 32.8 400586 399423 genome.dna 887837 886676 NC_004432.gbk
403 42.0 424707 424243 genome.dna 634855 635365 NC_004432.gbk
506 30.5 426927 424789 genome.dna 632712 634854 NC_004432.gbk
417 33.2 433394 432459 genome.dna 1058458 1057555 NC_004432.gbk
1076 50.3 435364 434357 genome.dna 778068 779097 NC_004432.gbk
869 33.6 460910 458055 genome.dna 49184 51803 NC_004432.gbk
163 35.4 697176 697469 genome.dna 124533 124806 NC_004432.gbk
1922 55.1 697515 699164 genome.dna 124835 126473 NC_004432.gbk
110 37.8 755400 755185 genome.dna 1232378 1232573 NC_004432.gbk
595 33.8 755628 756641 genome.dna 1158950 1159916 NC_004432.gbk
253 37.3 761608 761919 genome.dna 579620 579923 NC_004432.gbk
276 53.6 761939 762196 genome.dna 580239 580527 NC_004432.gbk
987 43.2 763509 764681 genome.dna 240191 241481 NC_004432.gbk
345 42.0 766454 766933 genome.dna 478577 479063 NC_004432.gbk
257 44.3 783547 783816 genome.dna 508607 508898 NC_004432.gbk
755 32.2 795852 797180 genome.dna 130031 131333 NC_004432.gbk
508 38.4 798538 799257 genome.dna 129289 130030 NC_004432.gbk
538 32.1 805628 804636 genome.dna 654109 653077 NC_004432.gbk
1267 42.0 844582 846099 genome.dna 1124451 1122981 NC_004432.gbk
346 43.8 927840 927358 genome.dna 455951 456392 NC_004432.gbk
274 34.0 957261 956803 genome.dna 77057 77534 NC_004432.gbk
1534 44.9 995970 994243 genome.dna 690622 688882 NC_004432.gbk
198 42.3 996273 996016 genome.dna 367420 367156 NC_004432.gbk
645 45.9 1100443 1101237 genome.dna 884028 883158 NC_004432.gbk
486 31.2 1154052 1153258 genome.dna 1318059 1317318 NC_004432.gbk
382 42.8 1155257 1156108 genome.dna 1281012 1280133 NC_004432.gbk
381 36.1 1157130 1157687 genome.dna 1279098 1278546 NC_004432.gbk
445 32.3 1157925 1159121 genome.dna 174393 175527 NC_004432.gbk
470 34.6 1159320 1160081 genome.dna 1278545 1277867 NC_004432.gbk
341 35.7 1168997 1169593 genome.dna 1333993 1333336 NC_004432.gbk
1050 32.3 1284598 1282733 genome.dna 80779 82618 NC_004432.gbk
2013 41.4 1303620 1306001 genome.dna 890382 888036 NC_004432.gbk
459 48.4 1329655 1330212 genome.dna 1334565 1334046 NC_004432.gbk
424 35.9 1335658 1336302 genome.dna 1318709 1318061 NC_004432.gbk
1556 44.7 1363499 1366138 genome.dna 4969 7483 NC_004432.gbk
622 46.8 1428285 1428911 genome.dna 1347247 1347868 NC_004432.gbk
1492 34.4 1483266 1480684 genome.dna 508931 511331 NC_004432.gbk
994 37.0 1493774 1492350 genome.dna 1071849 1070373 NC_004432.gbk
472 33.3 1502595 1501795 genome.dna 221486 222215 NC_004432.gbk
385 36.0 1507655 1507128 genome.dna 1225574 1225076 NC_004432.gbk
1924 57.3 1647128 1648552 genome.dna 592077 593508 NC_004432.gbk
463 35.4 2028974 2027880 genome.dna 1208093 1207052 NC_004432.gbk
94 33.3 2040877 2041047 genome.dna 1233129 1232949 NC_004432.gbk
552 35.1 2041077 2042123 genome.dna 476232 477228 NC_004432.gbk
447 31.2 2050132 2050929 genome.dna 1089516 1088733 NC_004432.gbk
388 42.5 2079241 2079792 genome.dna 652171 652666 NC_004432.gbk
1031 38.8 2112831 2114330 genome.dna 976701 975303 NC_004432.gbk
659 41.2 2114428 2115174 genome.dna 979752 979005 NC_004432.gbk
972 40.3 2192856 2194133 genome.dna 1074052 1072816 NC_004432.gbk
508 35.9 2216576 2217319 genome.dna 1054459 1053763 NC_004432.gbk
768 51.5 2218378 2219073 genome.dna 941661 940929 NC_004432.gbk
276 37.3 2258625 2258122 genome.dna 519651 520161 NC_004432.gbk
573 30.3 2267632 2266640 genome.dna 340721 341705 NC_004432.gbk
1165 48.0 2487322 2486231 genome.dna 1350868 1349770 NC_004432.gbk
367 37.1 2488039 2487452 genome.dna 172946 173510 NC_004432.gbk
930 46.1 2489732 2488785 genome.dna 1267374 1266375 NC_004432.gbk
987 44.0 2492889 2493971 genome.dna 74530 75610 NC_004432.gbk
634 34.0 2593132 2590532 genome.dna 545802 547926 NC_004432.gbk
569 36.8 2628084 2627089 genome.dna 704088 702867 NC_004432.gbk
684 38.9 2639766 2638855 genome.dna 18804 19704 NC_004432.gbk
950 46.4 2654735 2655739 genome.dna 1096028 1095026 NC_004432.gbk
294 31.5 2724246 2725070 genome.dna 241493 242225 NC_004432.gbk
863 31.3 2726216 2727934 genome.dna 989504 987710 NC_004432.gbk
482 34.0 2732234 2731251 genome.dna 1245439 1244413 NC_004432.gbk
337 47.2 2732903 2732547 genome.dna 1226698 1226350 NC_004432.gbk
312 33.9 2733782 2733240 genome.dna 1227452 1226939 NC_004432.gbk
889 44.6 2757088 2758194 genome.dna 1105471 1104358 NC_004432.gbk
575 46.5 2770193 2769657 genome.dna 233601 234132 NC_004432.gbk
552 34.9 2809298 2808294 genome.dna 366380 365411 NC_004432.gbk
330 33.9 2811487 2810744 genome.dna 1079212 1078465 NC_004432.gbk
1521 40.8 2813755 2811956 genome.dna 375347 377090 NC_004432.gbk
857 43.7 2864092 2865492 genome.dna 528971 530333 NC_004432.gbk
1304 48.4 2975613 2974318 genome.dna 531023 532304 NC_004432.gbk
642 36.5 2982496 2983455 genome.dna 1250051 1249088 NC_004432.gbk
223 48.6 2988043 2988261 genome.dna 1317311 1317092 NC_004432.gbk
556 41.8 3019705 3020373 genome.dna 143507 144176 NC_004432.gbk
484 33.0 3065575 3066420 genome.dna 145139 146075 NC_004432.gbk
1964 47.7 3161386 3159374 genome.dna 1196921 1194932 NC_004432.gbk
835 30.0 3364676 3363084 genome.dna 460359 461895 NC_004432.gbk
837 37.8 3395711 3396913 genome.dna 723904 722713 NC_004432.gbk
1569 48.2 3487569 3486097 genome.dna 1101637 1100164 NC_004432.gbk
590 36.2 3516455 3517318 genome.dna 884863 884014 NC_004432.gbk
838 32.4 3519048 3517663 genome.dna 32758 34078 NC_004432.gbk
1565 47.5 3590632 3589055 genome.dna 148180 149716 NC_004432.gbk
1103 37.1 3592205 3590739 genome.dna 410393 411845 NC_004432.gbk
495 31.4 3599984 3598497 genome.dna 287065 288400 NC_004432.gbk
825 33.2 3603229 3601955 genome.dna 374052 375333 NC_004432.gbk
947 40.6 3604488 3603367 genome.dna 1261210 1262299 NC_004432.gbk
674 34.7 3607701 3606505 genome.dna 718527 717468 NC_004432.gbk
1345 50.7 3635387 3634134 genome.dna 361202 359870 NC_004432.gbk
2199 55.1 3686442 3684643 genome.dna 60932 62735 NC_004432.gbk
473 38.0 3694571 3695257 genome.dna 260582 261323 NC_004432.gbk
409 32.4 3698228 3696813 genome.dna 1355195 1353731 NC_004432.gbk
378 38.7 3738313 3737777 genome.dna 1341129 1340595 NC_004432.gbk
373 51.8 3745052 3745459 genome.dna 102710 102260 NC_004432.gbk
2596 54.8 3745456 3747603 genome.dna 102228 100050 NC_004432.gbk
1119 48.9 3747628 3748590 genome.dna 103732 102712 NC_004432.gbk
2185 46.4 3762599 3760023 genome.dna 490482 488364 NC_004432.gbk
421 32.5 3764478 3763501 genome.dna 157719 156822 NC_004432.gbk
621 42.0 3773827 3773072 genome.dna 127607 128288 NC_004432.gbk
1004 35.9 3776200 3774839 genome.dna 316008 317346 NC_004432.gbk
640 30.6 3784972 3782345 genome.dna 1150014 1147221 NC_004432.gbk
980 46.6 3786717 3785644 genome.dna 818034 817044 NC_004432.gbk
258 33.1 3963052 3962555 genome.dna 1341724 1341226 NC_004432.gbk
656 56.0 4001743 4000448 genome.dna 484413 485766 NC_004432.gbk
1524 43.9 4003479 4001842 genome.dna 62856 64464 NC_004432.gbk
410 31.0 4013697 4012813 genome.dna 412845 413712 NC_004432.gbk
1077 35.8 4027241 4025196 genome.dna 231462 233568 NC_004432.gbk
310 37.4 4039680 4040210 genome.dna 578289 577743 NC_004432.gbk
1056 33.3 4054763 4056430 genome.dna 886675 885037 NC_004432.gbk
343 32.2 4079441 4080034 genome.dna 666390 665787 NC_004432.gbk
283 32.2 4114440 4115846 genome.dna 257826 259260 NC_004432.gbk
3234 51.5 4139901 4137067 genome.dna 1223056 1220197 NC_004432.gbk
181 36.4 4215997 4216284 genome.dna 584303 584594 NC_004432.gbk
538 37.6 4216300 4217559 genome.dna 584629 586141 NC_004432.gbk
851 34.5 4231793 4230366 genome.dna 650594 651986 NC_004432.gbk
610 37.3 4274186 4273242 genome.dna 424742 425681 NC_004432.gbk
246 35.4 4323873 4323391 genome.dna 883159 882694 NC_004432.gbk
492 30.9 4334402 4333452 genome.dna 159343 158443 NC_004432.gbk
1022 35.5 4338181 4335368 genome.dna 1188520 1185817 NC_004432.gbk
128 36.1 4339580 4339843 genome.dna 59137 58900 NC_004432.gbk
543 39.4 4343498 4342359 genome.dna 1205716 1204549 NC_004432.gbk
1799 53.4 4345514 4343607 genome.dna 1271803 1269937 NC_004432.gbk
640 38.6 4379941 4378778 genome.dna 1095004 1093588 NC_004432.gbk
857 36.2 4383337 4381343 genome.dna 84319 86344 NC_004432.gbk
870 44.3 4388480 4389631 genome.dna 119065 120202 NC_004432.gbk
1127 41.2 4398393 4397095 genome.dna 737977 736657 NC_004432.gbk
904 44.7 4422828 4421779 genome.dna 664642 665731 NC_004432.gbk
591 32.6 4482986 4483933 genome.dna 59966 60923 NC_004432.gbk
258 42.3 4488068 4487676 genome.dna 1315160 1314800 NC_004432.gbk
239 34.8 4489098 4488109 genome.dna 1316166 1315170 NC_004432.gbk
444 40.1 4489744 4489124 genome.dna 992241 991632 NC_004432.gbk
455 54.1 4490164 4489775 genome.dna 1316552 1316180 NC_004432.gbk
492 62.1 4490537 4490181 genome.dna 1316942 1316567 NC_004432.gbk
737 32.5 4492165 4490834 genome.dna 1320142 1318720 NC_004432.gbk
350 40.1 4492607 4492173 genome.dna 1320609 1320165 NC_004432.gbk
263 37.0 4493665 4493312 genome.dna 1321698 1321338 NC_004432.gbk
487 44.8 4494208 4493675 genome.dna 1322265 1321713 NC_004432.gbk
381 47.2 4494614 4494222 genome.dna 1322671 1322275 NC_004432.gbk
702 58.5 4495506 4494967 genome.dna 1323438 1322874 NC_004432.gbk
206 39.2 4495835 4495521 genome.dna 1323770 1323446 NC_004432.gbk
476 59.3 4496217 4495846 genome.dna 1324151 1323782 NC_004432.gbk
285 55.8 4496635 4496381 genome.dna 1324457 1324181 NC_004432.gbk
436 48.5 4497236 4496826 genome.dna 1326875 1326452 NC_004432.gbk
921 51.8 4499431 4498610 genome.dna 1329071 1328231 NC_004432.gbk
328 30.3 4500353 4499748 genome.dna 1330163 1329521 NC_004432.gbk
2300 58.6 4505956 4503842 genome.dna 40084 42133 NC_004432.gbk
491 44.8 4506523 4506053 genome.dna 39598 40066 NC_004432.gbk
508 64.0 4506994 4506620 genome.dna 39161 39584 NC_004432.gbk
895 44.2 4557783 4556779 genome.dna 596908 595900 NC_004432.gbk
329 31.1 4559154 4558477 genome.dna 395882 395231 NC_004432.gbk
975 34.4 4672431 4670269 genome.dna 1200119 1197902 NC_004432.gbk
180 30.0 4709479 4709153 genome.dna 215370 215691 NC_004432.gbk
1870 52.8 4781238 4782749 genome.dna 814732 813208 NC_004432.gbk
517 37.1 4786326 4787093 genome.dna 482024 482777 NC_004432.gbk
745 35.7 4825789 4824827 genome.dna 750999 750030 NC_004432.gbk
298 33.8 4834867 4834403 genome.dna 13681 14167 NC_004432.gbk
172 55.6 4985770 4985910 genome.dna 1358463 1358319 NC_004432.gbk
637 30.2 4988276 4989640 genome.dna 1090861 1089526 NC_004432.gbk
919 55.6 5018328 5017552 genome.dna 1251688 1250821 NC_004432.gbk
1084 47.9 5057853 5056312 genome.dna 68886 70428 NC_004432.gbk
1547 42.2 5063659 5061770 genome.dna 210311 212162 NC_004432.gbk
