2026 49.4 5629 7497 genome.dna 3699987 3698082 NC_003919.gbk
586 41.4 9676 9014 genome.dna 4668603 4669269 NC_003919.gbk
440 39.9 14538 15464 genome.dna 978887 977936 NC_003919.gbk
669 36.7 15468 16463 genome.dna 5042063 5043116 NC_003919.gbk
177 30.3 23264 22674 genome.dna 2377917 2378487 NC_003919.gbk
2305 53.2 25826 28615 genome.dna 4817927 4815122 NC_003919.gbk
613 51.3 29669 29034 genome.dna 864485 865130 NC_003919.gbk
1554 52.0 33859 32447 genome.dna 255677 257105 NC_003919.gbk
577 36.4 34917 33868 genome.dna 254629 255685 NC_003919.gbk
2086 62.5 36667 35258 genome.dna 250875 252285 NC_003919.gbk
2761 68.3 37037 38860 genome.dna 1160044 1158214 NC_003919.gbk
499 55.8 39698 40135 genome.dna 4458598 4458157 NC_003919.gbk
1682 57.4 47188 45107 genome.dna 3999331 3997177 NC_003919.gbk
2187 48.1 49985 47886 genome.dna 4001983 3999811 NC_003919.gbk
220 43.5 50279 50004 genome.dna 4002411 4002111 NC_003919.gbk
709 53.2 50956 50333 genome.dna 4003283 4002671 NC_003919.gbk
1327 53.1 59253 58054 genome.dna 2791837 2793019 NC_003919.gbk
2223 49.1 70479 68437 genome.dna 4302666 4300641 NC_003919.gbk
304 37.3 76671 77513 genome.dna 3348477 3349386 NC_003919.gbk
1316 48.0 77642 78994 genome.dna 3222974 3221603 NC_003919.gbk
1044 42.3 87882 86185 genome.dna 1021285 1022728 NC_003919.gbk
772 43.2 93925 92960 genome.dna 3186514 3185440 NC_003919.gbk
282 33.9 97287 96724 genome.dna 3426509 3427082 NC_003919.gbk
1522 74.9 98527 99441 genome.dna 4962529 4961620 NC_003919.gbk
1418 39.6 99451 101520 genome.dna 4961419 4959181 NC_003919.gbk
785 55.8 110262 109636 genome.dna 2781369 2780757 NC_003919.gbk
681 45.2 111355 110522 genome.dna 2897757 2896911 NC_003919.gbk
2456 72.4 111626 113161 genome.dna 151963 153493 NC_003919.gbk
775 32.5 115831 114374 genome.dna 2042329 2043823 NC_003919.gbk
1589 52.1 117217 115898 genome.dna 4984468 4985827 NC_003919.gbk
691 38.1 129082 130098 genome.dna 3031575 3030576 NC_003919.gbk
414 31.8 130095 131123 genome.dna 286911 287922 NC_003919.gbk
510 35.7 131116 131922 genome.dna 3030577 3029728 NC_003919.gbk
2216 84.5 140268 141428 genome.dna 157185 156018 NC_003919.gbk
772 43.6 151546 150683 genome.dna 4004265 4003398 NC_003919.gbk
994 50.5 153705 152758 genome.dna 295086 296022 NC_003919.gbk
1018 65.3 162282 162998 genome.dna 4004368 4005094 NC_003919.gbk
697 53.0 163345 163986 genome.dna 4589497 4590157 NC_003919.gbk
641 58.8 165569 165111 genome.dna 4599513 4599045 NC_003919.gbk
664 51.4 166824 165547 genome.dna 4600784 4599509 NC_003919.gbk
651 46.6 166978 167643 genome.dna 4600880 4601558 NC_003919.gbk
345 67.5 167881 168117 genome.dna 4889014 4888777 NC_003919.gbk
262 67.3 168129 168296 genome.dna 4888764 4888596 NC_003919.gbk
932 51.5 168516 169325 genome.dna 5065449 5064633 NC_003919.gbk
602 58.0 170854 170375 genome.dna 2959745 2959238 NC_003919.gbk
1175 43.5 172168 170891 genome.dna 4090516 4089199 NC_003919.gbk
485 36.4 174074 173307 genome.dna 4465141 4465966 NC_003919.gbk
1622 61.6 186786 187982 genome.dna 1172733 1171524 NC_003919.gbk
1493 59.5 187993 189078 genome.dna 1179539 1178516 NC_003919.gbk
711 34.9 191434 190133 genome.dna 27117 25881 NC_003919.gbk
337 39.2 191679 192110 genome.dna 267683 268118 NC_003919.gbk
443 44.3 192299 192775 genome.dna 268227 268740 NC_003919.gbk
1032 48.3 192775 193791 genome.dna 268755 269781 NC_003919.gbk
662 37.4 199675 198740 genome.dna 399439 398524 NC_003919.gbk
1125 35.8 212248 209609 genome.dna 958492 961159 NC_003919.gbk
428 35.8 217784 218788 genome.dna 2742488 2741537 NC_003919.gbk
663 32.8 219661 221034 genome.dna 2741409 2740065 NC_003919.gbk
965 60.1 222967 223722 genome.dna 757966 758728 NC_003919.gbk
1508 46.0 224355 225995 genome.dna 289567 291241 NC_003919.gbk
189 40.0 226078 226338 genome.dna 4977488 4977260 NC_003919.gbk
261 31.4 226342 226935 genome.dna 4977245 4976618 NC_003919.gbk
772 51.3 226939 227694 genome.dna 4976622 4975884 NC_003919.gbk
834 47.7 227773 228555 genome.dna 374408 375221 NC_003919.gbk
1455 67.8 228573 229595 genome.dna 4733187 4732194 NC_003919.gbk
1414 50.3 236236 237567 genome.dna 4010532 4011858 NC_003919.gbk
367 35.1 237567 238178 genome.dna 1769598 1769004 NC_003919.gbk
739 39.3 245968 247005 genome.dna 2078786 2077733 NC_003919.gbk
648 38.2 247002 247961 genome.dna 4708869 4707903 NC_003919.gbk
2115 77.7 250357 251541 genome.dna 1133460 1134651 NC_003919.gbk
2115 77.7 250357 251541 genome.dna 1116062 1117253 NC_003919.gbk
226 38.8 251779 252162 genome.dna 1117484 1117892 NC_003919.gbk
525 66.3 252164 252709 genome.dna 1117905 1118463 NC_003919.gbk
672 70.2 252872 253300 genome.dna 1118660 1119089 NC_003919.gbk
925 62.8 253304 254008 genome.dna 1119092 1119791 NC_003919.gbk
495 49.4 254326 254823 genome.dna 1120334 1120868 NC_003919.gbk
470 65.6 254890 255255 genome.dna 1120922 1121288 NC_003919.gbk
2781 66.4 255584 259612 genome.dna 1121567 1125719 NC_003919.gbk
6591 70.9 259736 263959 genome.dna 1125869 1130084 NC_003919.gbk
745 51.4 269828 269043 genome.dna 3880130 3880925 NC_003919.gbk
126 30.3 270030 269830 genome.dna 3879880 3880081 NC_003919.gbk
269 37.9 271449 270808 genome.dna 4019675 4020314 NC_003919.gbk
2959 68.1 273440 271446 genome.dna 4064256 4062378 NC_003919.gbk
1412 60.2 275283 276347 genome.dna 3522753 3523818 NC_003919.gbk
1858 67.3 280242 278956 genome.dna 602216 600920 NC_003919.gbk
1998 59.0 281849 280260 genome.dna 604703 603119 NC_003919.gbk
1263 53.0 295276 296334 genome.dna 195645 196695 NC_003919.gbk
1170 54.1 301263 300298 genome.dna 974971 973972 NC_003919.gbk
794 44.0 303420 302533 genome.dna 616949 616028 NC_003919.gbk
2269 74.8 306633 305290 genome.dna 620808 619440 NC_003919.gbk
554 57.9 307112 306645 genome.dna 621747 621255 NC_003919.gbk
615 69.0 307589 307137 genome.dna 622291 621844 NC_003919.gbk
455 39.8 308443 307844 genome.dna 1898055 1897398 NC_003919.gbk
1038 51.8 309481 308480 genome.dna 1899200 1898180 NC_003919.gbk
1791 77.6 313270 314313 genome.dna 776859 777906 NC_003919.gbk
320 37.3 315467 315955 genome.dna 779427 779913 NC_003919.gbk
525 50.0 315964 316557 genome.dna 3248655 3248082 NC_003919.gbk
1424 55.2 316547 318016 genome.dna 3248086 3246583 NC_003919.gbk
1955 61.8 321945 323390 genome.dna 3241626 3240180 NC_003919.gbk
135 44.1 326099 326302 genome.dna 5089472 5089691 NC_003919.gbk
693 41.0 326310 327275 genome.dna 5089675 5090620 NC_003919.gbk
1355 47.2 331816 333156 genome.dna 3239282 3237914 NC_003919.gbk
375 43.6 333638 333228 genome.dna 1065334 1064917 NC_003919.gbk
198 35.6 334075 333803 genome.dna 3479265 3479535 NC_003919.gbk
851 47.9 334964 334107 genome.dna 3477527 3478376 NC_003919.gbk
238 41.1 335983 335696 genome.dna 3475762 3476080 NC_003919.gbk
1236 43.3 337440 336007 genome.dna 3474235 3475675 NC_003919.gbk
944 59.7 338215 337490 genome.dna 3473475 3474195 NC_003919.gbk
427 40.5 339901 339335 genome.dna 3471817 3472366 NC_003919.gbk
1145 56.5 340994 339921 genome.dna 3470767 3471769 NC_003919.gbk
794 47.2 342391 343203 genome.dna 5134467 5135262 NC_003919.gbk
742 48.7 343211 343993 genome.dna 5135261 5136011 NC_003919.gbk
342 36.5 343998 344564 genome.dna 5136028 5136568 NC_003919.gbk
165 37.3 345220 345510 genome.dna 5137216 5137507 NC_003919.gbk
1640 62.1 345980 347242 genome.dna 3470244 3468969 NC_003919.gbk
1223 48.0 349956 348586 genome.dna 4673408 4674845 NC_003919.gbk
886 40.6 350815 351966 genome.dna 334090 335176 NC_003919.gbk
716 73.9 352201 352629 genome.dna 576633 577062 NC_003919.gbk
603 69.2 352645 353037 genome.dna 577064 577457 NC_003919.gbk
682 48.1 353367 354008 genome.dna 2858489 2857853 NC_003919.gbk
381 45.8 354014 354517 genome.dna 2857775 2857334 NC_003919.gbk
409 31.7 355354 354581 genome.dna 2390759 2390000 NC_003919.gbk
1694 58.0 357036 355618 genome.dna 39003 37521 NC_003919.gbk
5192 53.7 361542 357046 genome.dna 43604 39131 NC_003919.gbk
747 48.9 366712 367449 genome.dna 3565720 3564979 NC_003919.gbk
874 51.7 372605 373492 genome.dna 911042 911864 NC_003919.gbk
572 36.7 374918 375703 genome.dna 4383352 4382533 NC_003919.gbk
1362 51.3 376932 375772 genome.dna 3515575 3514408 NC_003919.gbk
775 34.3 379289 377889 genome.dna 4087549 4088932 NC_003919.gbk
2792 64.6 382412 384307 genome.dna 1976733 1974843 NC_003919.gbk
3042 60.5 392535 394805 genome.dna 1664933 1662689 NC_003919.gbk
370 32.3 397546 398283 genome.dna 844987 845755 NC_003919.gbk
1274 43.4 406489 405197 genome.dna 201946 203230 NC_003919.gbk
595 33.4 408325 407348 genome.dna 200416 201415 NC_003919.gbk
613 37.1 417112 416177 genome.dna 1797886 1798945 NC_003919.gbk
391 36.9 423578 424231 genome.dna 514036 514717 NC_003919.gbk
362 44.1 431880 431494 genome.dna 3999732 3999351 NC_003919.gbk
451 32.2 433394 432459 genome.dna 3425181 3424233 NC_003919.gbk
1112 33.9 442927 444705 genome.dna 2089805 2091506 NC_003919.gbk
2955 52.1 460910 458055 genome.dna 4217538 4220373 NC_003919.gbk
226 34.7 461372 460923 genome.dna 4216986 4217412 NC_003919.gbk
1207 46.7 463248 461737 genome.dna 4215144 4216617 NC_003919.gbk
576 33.0 463531 464646 genome.dna 4215037 4213954 NC_003919.gbk
1335 55.7 493897 494994 genome.dna 695988 694896 NC_003919.gbk
730 43.3 511997 511131 genome.dna 1020197 1021082 NC_003919.gbk
801 43.3 512949 511990 genome.dna 1019223 1020201 NC_003919.gbk
1078 33.8 514540 512927 genome.dna 1017610 1019227 NC_003919.gbk
1239 55.0 518034 519071 genome.dna 341944 340915 NC_003919.gbk
753 35.8 523994 522816 genome.dna 1033685 1034894 NC_003919.gbk
1263 46.5 525365 524040 genome.dna 4013882 4012553 NC_003919.gbk
261 31.8 526058 525471 genome.dna 4014433 4013890 NC_003919.gbk
353 37.0 526894 527520 genome.dna 4015778 4016387 NC_003919.gbk
1751 57.6 530287 528905 genome.dna 1442156 1443548 NC_003919.gbk
2281 64.8 533382 534971 genome.dna 3559191 3560796 NC_003919.gbk
179 55.1 536233 536394 genome.dna 1562392 1562566 NC_003919.gbk
939 46.4 537938 539215 genome.dna 980276 978977 NC_003919.gbk
353 33.3 550604 551389 genome.dna 2485191 2485986 NC_003919.gbk
507 39.5 590844 591731 genome.dna 2589159 2590005 NC_003919.gbk
779 33.4 594162 595886 genome.dna 2590212 2591895 NC_003919.gbk
318 33.1 596187 596801 genome.dna 2591891 2592452 NC_003919.gbk
538 33.3 597237 598433 genome.dna 2592456 2593680 NC_003919.gbk
2054 45.9 599597 601615 genome.dna 2596002 2598039 NC_003919.gbk
384 39.3 616235 617362 genome.dna 2818641 2819589 NC_003919.gbk
561 38.8 623308 624021 genome.dna 2638330 2639095 NC_003919.gbk
422 40.1 624021 624608 genome.dna 2639079 2639691 NC_003919.gbk
626 40.6 628306 629061 genome.dna 2642429 2643179 NC_003919.gbk
227 37.3 631033 631392 genome.dna 2655713 2656127 NC_003919.gbk
1074 41.4 632961 634493 genome.dna 2657817 2659290 NC_003919.gbk
2322 50.3 635349 638210 genome.dna 2660067 2662761 NC_003919.gbk
232 36.7 639329 639733 genome.dna 2669257 2669647 NC_003919.gbk
776 48.6 639726 640700 genome.dna 2669643 2670576 NC_003919.gbk
695 41.5 640710 642134 genome.dna 2670744 2671989 NC_003919.gbk
1447 42.8 642505 644037 genome.dna 2559061 2560747 NC_003919.gbk
290 44.1 692962 692627 genome.dna 625757 625421 NC_003919.gbk
276 49.5 697176 697469 genome.dna 632270 632558 NC_003919.gbk
2690 77.9 697515 699164 genome.dna 632704 634345 NC_003919.gbk
1029 56.4 699974 700837 genome.dna 461744 460838 NC_003919.gbk
1590 37.4 703455 700978 genome.dna 5040673 5038015 NC_003919.gbk
321 46.8 703585 703950 genome.dna 998753 999122 NC_003919.gbk
507 43.3 704061 704669 genome.dna 1362325 1362931 NC_003919.gbk
237 51.6 705108 705329 genome.dna 4700371 4700161 NC_003919.gbk
547 36.2 706802 707698 genome.dna 2009333 2010278 NC_003919.gbk
1416 62.8 708773 707778 genome.dna 688054 689029 NC_003919.gbk
167 35.8 709289 708894 genome.dna 4383792 4383381 NC_003919.gbk
844 35.7 714970 713669 genome.dna 5023186 5021695 NC_003919.gbk
1237 58.9 726542 725589 genome.dna 5161596 5162553 NC_003919.gbk
2051 57.1 731182 729131 genome.dna 1166849 1164809 NC_003919.gbk
2061 60.8 753122 751287 genome.dna 4458049 4456171 NC_003919.gbk
1675 44.5 755031 753277 genome.dna 4558728 4560477 NC_003919.gbk
337 69.0 755400 755185 genome.dna 4556199 4556415 NC_003919.gbk
1504 67.0 755628 756641 genome.dna 4555923 4554864 NC_003919.gbk
1074 52.3 761351 760380 genome.dna 3412247 3413246 NC_003919.gbk
376 51.0 761608 761919 genome.dna 1425495 1425816 NC_003919.gbk
408 69.4 761939 762196 genome.dna 1425828 1426089 NC_003919.gbk
1154 59.8 763509 764681 genome.dna 1426340 1427408 NC_003919.gbk
634 61.3 766454 766933 genome.dna 2160877 2161354 NC_003919.gbk
321 51.0 767354 767061 genome.dna 1989558 1989252 NC_003919.gbk
776 55.9 767499 768128 genome.dna 1989623 1990256 NC_003919.gbk
2665 65.1 768185 770122 genome.dna 1990310 1992257 NC_003919.gbk
913 54.5 770241 771074 genome.dna 1992382 1993285 NC_003919.gbk
1566 54.3 771082 772419 genome.dna 3174968 3173618 NC_003919.gbk
270 42.3 775618 775163 genome.dna 1221329 1220879 NC_003919.gbk
1750 55.2 777751 779280 genome.dna 3149518 3148006 NC_003919.gbk
2740 51.1 779306 782008 genome.dna 3147911 3145196 NC_003919.gbk
292 41.1 782083 782481 genome.dna 3145056 3144663 NC_003919.gbk
752 43.5 782481 783425 genome.dna 3144584 3143657 NC_003919.gbk
358 64.4 783547 783816 genome.dna 3143501 3143240 NC_003919.gbk
2875 64.7 784066 786186 genome.dna 3143072 3140957 NC_003919.gbk
1682 52.3 787369 789282 genome.dna 3301855 3299956 NC_003919.gbk
264 38.2 793333 793875 genome.dna 1836963 1837470 NC_003919.gbk
167 32.5 794170 793859 genome.dna 3769302 3769611 NC_003919.gbk
337 37.9 803045 802602 genome.dna 4228463 4227980 NC_003919.gbk
1418 63.4 805628 804636 genome.dna 4385794 4386790 NC_003919.gbk
818 41.7 805742 806647 genome.dna 102006 102918 NC_003919.gbk
698 42.0 808581 807679 genome.dna 378412 377524 NC_003919.gbk
1371 59.8 812975 814090 genome.dna 3584473 3583363 NC_003919.gbk
457 50.0 814149 814541 genome.dna 3583220 3582824 NC_003919.gbk
2319 59.6 814656 817529 genome.dna 1392256 1389322 NC_003919.gbk
405 35.1 818265 819005 genome.dna 4923462 4924233 NC_003919.gbk
623 47.1 830229 830876 genome.dna 3560871 3561516 NC_003919.gbk
263 30.9 837669 837169 genome.dna 3077125 3076630 NC_003919.gbk
1599 56.6 839555 838230 genome.dna 2893847 2892518 NC_003919.gbk
1001 52.6 839867 840766 genome.dna 4211559 4210641 NC_003919.gbk
491 34.8 840892 841608 genome.dna 4210161 4209357 NC_003919.gbk
1767 50.3 841615 843360 genome.dna 2162287 2164024 NC_003919.gbk
1828 55.2 844582 846099 genome.dna 2176502 2178020 NC_003919.gbk
1371 41.9 856625 858271 genome.dna 4377823 4376068 NC_003919.gbk
1030 63.5 894744 893086 genome.dna 4911886 4910200 NC_003919.gbk
255 39.8 895052 894741 genome.dna 4912242 4911924 NC_003919.gbk
317 35.9 913279 912743 genome.dna 1943988 1943466 NC_003919.gbk
605 56.6 918246 918758 genome.dna 564085 564577 NC_003919.gbk
565 53.7 927840 927358 genome.dna 1749294 1748790 NC_003919.gbk
327 41.3 927996 928442 genome.dna 1749354 1749786 NC_003919.gbk
184 41.9 928432 928713 genome.dna 1749811 1750075 NC_003919.gbk
1182 38.7 931102 929441 genome.dna 1753307 1751642 NC_003919.gbk
364 39.9 932209 932796 genome.dna 1754576 1755095 NC_003919.gbk
861 41.3 933233 934465 genome.dna 2382057 2380722 NC_003919.gbk
673 57.5 937554 938135 genome.dna 3194578 3193957 NC_003919.gbk
2852 64.1 955638 953644 genome.dna 3975019 3973018 NC_003919.gbk
1083 40.7 957805 959187 genome.dna 5157776 5156405 NC_003919.gbk
2908 59.1 964883 967162 genome.dna 4100814 4098447 NC_003919.gbk
1365 63.0 970301 969369 genome.dna 4813367 4814267 NC_003919.gbk
1273 37.8 995970 994243 genome.dna 3479593 3481324 NC_003919.gbk
745 48.4 997695 996727 genome.dna 3936659 3937619 NC_003919.gbk
228 44.3 1001658 1001365 genome.dna 4622743 4623025 NC_003919.gbk
441 36.3 1013085 1012423 genome.dna 1410325 1410973 NC_003919.gbk
183 32.2 1014421 1015077 genome.dna 4238798 4238186 NC_003919.gbk
1903 66.7 1023335 1024570 genome.dna 4991458 4992718 NC_003919.gbk
1060 39.7 1027493 1028959 genome.dna 4997269 4998742 NC_003919.gbk
2109 45.0 1046527 1048740 genome.dna 3971523 3969336 NC_003919.gbk
779 45.2 1063174 1062410 genome.dna 5080426 5081206 NC_003919.gbk
627 51.6 1064089 1063490 genome.dna 2612433 2611821 NC_003919.gbk
702 53.9 1064207 1064794 genome.dna 2613026 2612429 NC_003919.gbk
491 45.6 1067553 1068080 genome.dna 2693611 2694151 NC_003919.gbk
308 53.4 1085958 1085686 genome.dna 3013543 3013819 NC_003919.gbk
1023 44.2 1087061 1085955 genome.dna 3012446 3013520 NC_003919.gbk
770 49.6 1087227 1087946 genome.dna 3881163 3881949 NC_003919.gbk
647 52.9 1096541 1097074 genome.dna 578004 578622 NC_003919.gbk
916 50.5 1099537 1100406 genome.dna 1001631 1002522 NC_003919.gbk
1312 68.9 1100443 1101237 genome.dna 1002518 1003313 NC_003919.gbk
1089 30.2 1103446 1106844 genome.dna 5133298 5129893 NC_003919.gbk
779 32.0 1109886 1113512 genome.dna 5129897 5126165 NC_003919.gbk
520 37.5 1113509 1115371 genome.dna 5125943 5123885 NC_003919.gbk
314 30.1 1124589 1123897 genome.dna 2358247 2357614 NC_003919.gbk
594 35.8 1125945 1124593 genome.dna 4527116 4525856 NC_003919.gbk
798 47.5 1134065 1134883 genome.dna 1694051 1694882 NC_003919.gbk
572 36.1 1137533 1138456 genome.dna 3715676 3716552 NC_003919.gbk
147 33.3 1138546 1138941 genome.dna 1409930 1410296 NC_003919.gbk
980 44.6 1138934 1140034 genome.dna 1051965 1050921 NC_003919.gbk
1630 54.4 1142316 1140952 genome.dna 3130267 3128920 NC_003919.gbk
835 53.6 1143476 1142628 genome.dna 4525698 4524882 NC_003919.gbk
578 39.7 1147729 1148514 genome.dna 292045 292780 NC_003919.gbk
1098 66.7 1150402 1149575 genome.dna 1648704 1649478 NC_003919.gbk
1871 38.2 1153145 1150431 genome.dna 1645647 1648257 NC_003919.gbk
1112 59.5 1154052 1153258 genome.dna 1644874 1645651 NC_003919.gbk
980 63.7 1154397 1155122 genome.dna 1638357 1637559 NC_003919.gbk
643 51.1 1155257 1156108 genome.dna 1637390 1636511 NC_003919.gbk
884 58.4 1156279 1157004 genome.dna 1634603 1633880 NC_003919.gbk
687 57.2 1157130 1157687 genome.dna 1633696 1633138 NC_003919.gbk
791 50.4 1157925 1159121 genome.dna 1631536 1630345 NC_003919.gbk
857 54.6 1159320 1160081 genome.dna 1633136 1632362 NC_003919.gbk
568 40.8 1160091 1160948 genome.dna 1632366 1631538 NC_003919.gbk
1111 42.0 1160970 1162325 genome.dna 1630319 1628972 NC_003919.gbk
1458 35.9 1162361 1164805 genome.dna 1628889 1626522 NC_003919.gbk
996 47.4 1165447 1166469 genome.dna 1626126 1625112 NC_003919.gbk
489 50.3 1166572 1167027 genome.dna 1625116 1624657 NC_003919.gbk
767 44.8 1167032 1167820 genome.dna 1624632 1623840 NC_003919.gbk
1225 49.1 1167824 1168975 genome.dna 1623811 1622524 NC_003919.gbk
3251 48.4 1169670 1173152 genome.dna 1621531 1617940 NC_003919.gbk
1393 67.5 1173165 1174124 genome.dna 1617781 1616821 NC_003919.gbk
498 59.8 1174256 1174645 genome.dna 1600424 1600034 NC_003919.gbk
912 41.5 1174650 1175972 genome.dna 3233014 3234337 NC_003919.gbk
548 44.8 1176745 1177299 genome.dna 2791292 2791841 NC_003919.gbk
2877 55.0 1180703 1178139 genome.dna 1494612 1491903 NC_003919.gbk
377 30.6 1189894 1191858 genome.dna 3408409 3406558 NC_003919.gbk
248 33.3 1191839 1192258 genome.dna 3406553 3406100 NC_003919.gbk
798 30.8 1207955 1205607 genome.dna 3735275 3737417 NC_003919.gbk
367 54.0 1211683 1212024 genome.dna 1568503 1568839 NC_003919.gbk
445 30.3 1212161 1213231 genome.dna 3800263 3798985 NC_003919.gbk
605 46.5 1213819 1214541 genome.dna 796125 795381 NC_003919.gbk
624 37.5 1215431 1214538 genome.dna 796212 797118 NC_003919.gbk
681 35.2 1224544 1225752 genome.dna 783449 784841 NC_003919.gbk
572 33.2 1254320 1253391 genome.dna 4982975 4982069 NC_003919.gbk
899 57.3 1260789 1261478 genome.dna 1204094 1203404 NC_003919.gbk
934 38.0 1261506 1262828 genome.dna 1203347 1202003 NC_003919.gbk
1170 52.9 1271755 1272822 genome.dna 2944546 2943475 NC_003919.gbk
1644 63.0 1272920 1274065 genome.dna 2943387 2942241 NC_003919.gbk
267 39.4 1274175 1274507 genome.dna 2942110 2941756 NC_003919.gbk
1625 43.6 1274535 1276382 genome.dna 2941566 2939721 NC_003919.gbk
689 38.9 1276393 1277361 genome.dna 2939632 2938663 NC_003919.gbk
542 53.4 1278470 1278919 genome.dna 885047 885572 NC_003919.gbk
899 54.1 1278982 1280091 genome.dna 886050 887160 NC_003919.gbk
386 43.9 1280201 1280677 genome.dna 890519 890984 NC_003919.gbk
419 47.8 1280702 1281121 genome.dna 890980 891460 NC_003919.gbk
856 46.5 1281190 1282170 genome.dna 891570 892545 NC_003919.gbk
2451 58.1 1284598 1282733 genome.dna 3023840 3025757 NC_003919.gbk
863 52.5 1285528 1284617 genome.dna 3234630 3235506 NC_003919.gbk
185 46.7 1285773 1285525 genome.dna 3234368 3234629 NC_003919.gbk
504 50.0 1289161 1289652 genome.dna 4349063 4349549 NC_003919.gbk
465 31.8 1292157 1291267 genome.dna 4564521 4563624 NC_003919.gbk
357 50.9 1292504 1292172 genome.dna 1439449 1439785 NC_003919.gbk
861 61.2 1293119 1292505 genome.dna 1438823 1439450 NC_003919.gbk
3349 71.0 1295100 1293109 genome.dna 1436820 1438821 NC_003919.gbk
1126 55.4 1296067 1295105 genome.dna 1435885 1436821 NC_003919.gbk
863 35.2 1299536 1300840 genome.dna 1231478 1232771 NC_003919.gbk
974 74.1 1301367 1301990 genome.dna 1232863 1233490 NC_003919.gbk
2045 74.1 1302154 1303428 genome.dna 1233614 1234901 NC_003919.gbk
2505 64.7 1303620 1306001 genome.dna 1235045 1237517 NC_003919.gbk
389 65.6 1306200 1306472 genome.dna 1237730 1238003 NC_003919.gbk
206 35.9 1309374 1309772 genome.dna 1422240 1421835 NC_003919.gbk
474 40.6 1310544 1309849 genome.dna 3689158 3689833 NC_003919.gbk
1425 61.9 1311761 1310685 genome.dna 4303987 4302865 NC_003919.gbk
348 41.6 1312030 1312560 genome.dna 215007 215490 NC_003919.gbk
1578 57.8 1316909 1318201 genome.dna 252889 254365 NC_003919.gbk
984 49.5 1319182 1318319 genome.dna 1420384 1419478 NC_003919.gbk
223 80.0 1322427 1322284 genome.dna 2690614 2690740 NC_003919.gbk
237 42.3 1322693 1322445 genome.dna 3996038 3995795 NC_003919.gbk
4436 65.1 1326027 1322899 genome.dna 3336006 3332862 NC_003919.gbk
1242 52.7 1327249 1326056 genome.dna 388560 389787 NC_003919.gbk
265 32.5 1329039 1329440 genome.dna 748338 748737 NC_003919.gbk
483 49.3 1329655 1330212 genome.dna 2786791 2786230 NC_003919.gbk
1437 39.7 1330287 1332362 genome.dna 1259808 1261878 NC_003919.gbk
429 56.6 1332403 1332732 genome.dna 1261884 1262205 NC_003919.gbk
723 57.0 1332732 1333337 genome.dna 1262302 1262896 NC_003919.gbk
2476 58.3 1333507 1335396 genome.dna 2960604 2962509 NC_003919.gbk
409 36.7 1335658 1336302 genome.dna 4048061 4047497 NC_003919.gbk
972 47.7 1336525 1337487 genome.dna 4978622 4979585 NC_003919.gbk
1984 57.7 1339291 1337606 genome.dna 3729844 3731542 NC_003919.gbk
290 38.3 1352428 1351949 genome.dna 1096141 1095667 NC_003919.gbk
157 32.5 1356312 1356722 genome.dna 380216 379808 NC_003919.gbk
830 51.1 1363250 1362525 genome.dna 2771302 2770582 NC_003919.gbk
3203 61.1 1363499 1366138 genome.dna 1878849 1881549 NC_003919.gbk
901 57.5 1376426 1377313 genome.dna 101881 101143 NC_003919.gbk
474 37.7 1381835 1382692 genome.dna 1831238 1830455 NC_003919.gbk
466 34.3 1390524 1389664 genome.dna 3263481 3264342 NC_003919.gbk
424 32.6 1391405 1390635 genome.dna 629108 629939 NC_003919.gbk
524 44.2 1392117 1391434 genome.dna 994586 995213 NC_003919.gbk
611 57.2 1392238 1392771 genome.dna 994441 993835 NC_003919.gbk
1348 33.4 1392768 1395197 genome.dna 993839 991355 NC_003919.gbk
614 49.2 1426894 1426256 genome.dna 3466186 3466855 NC_003919.gbk
1375 60.2 1427931 1426894 genome.dna 3464661 3465687 NC_003919.gbk
946 67.3 1428285 1428911 genome.dna 2953344 2953977 NC_003919.gbk
417 34.6 1430628 1431344 genome.dna 3462258 3461556 NC_003919.gbk
298 35.4 1433876 1433409 genome.dna 2016442 2015959 NC_003919.gbk
666 42.0 1434853 1435731 genome.dna 2017560 2018469 NC_003919.gbk
286 35.4 1445214 1444792 genome.dna 12547 12970 NC_003919.gbk
502 41.2 1446005 1445229 genome.dna 11739 12501 NC_003919.gbk
1054 45.5 1458435 1457257 genome.dna 1555728 1554552 NC_003919.gbk
693 51.2 1459094 1458447 genome.dna 4243328 4242695 NC_003919.gbk
562 42.8 1459750 1459094 genome.dna 4244056 4243324 NC_003919.gbk
1354 51.8 1466359 1465232 genome.dna 1650288 1651419 NC_003919.gbk
307 44.1 1466738 1466361 genome.dna 1649667 1650024 NC_003919.gbk
870 58.7 1467907 1467197 genome.dna 2076689 2075984 NC_003919.gbk
306 62.5 1468125 1468334 genome.dna 1542585 1542792 NC_003919.gbk
186 33.6 1468782 1468399 genome.dna 2353138 2353540 NC_003919.gbk
1362 60.5 1470427 1469462 genome.dna 791722 792736 NC_003919.gbk
742 55.8 1471338 1470655 genome.dna 791008 791707 NC_003919.gbk
76 30.2 1471750 1471487 genome.dna 790742 791021 NC_003919.gbk
1042 44.4 1475506 1474394 genome.dna 781973 783092 NC_003919.gbk
1453 38.3 1477420 1475516 genome.dna 779916 781977 NC_003919.gbk
548 49.7 1477924 1477454 genome.dna 3254524 3254053 NC_003919.gbk
1604 58.4 1483266 1480684 genome.dna 3262590 3259947 NC_003919.gbk
859 47.0 1490240 1489362 genome.dna 2870079 2870958 NC_003919.gbk
478 48.4 1490971 1490492 genome.dna 2868981 2869467 NC_003919.gbk
1218 58.8 1492026 1490968 genome.dna 2866867 2867854 NC_003919.gbk
1927 64.5 1493774 1492350 genome.dna 2865086 2866445 NC_003919.gbk
816 37.6 1494007 1495173 genome.dna 1034875 1036072 NC_003919.gbk
2225 59.2 1499091 1497427 genome.dna 1651712 1653407 NC_003919.gbk
903 42.2 1501778 1500630 genome.dna 849221 850376 NC_003919.gbk
1011 53.7 1504627 1506285 genome.dna 1056660 1054920 NC_003919.gbk
506 60.5 1506798 1506349 genome.dna 1750848 1751259 NC_003919.gbk
673 46.4 1515559 1514879 genome.dna 903903 904620 NC_003919.gbk
1236 37.8 1518297 1515565 genome.dna 901253 903914 NC_003919.gbk
454 47.3 1519100 1518525 genome.dna 900580 901201 NC_003919.gbk
1801 58.7 1521264 1519120 genome.dna 898479 900528 NC_003919.gbk
1003 38.9 1522968 1521280 genome.dna 896673 898467 NC_003919.gbk
840 35.9 1528762 1530255 genome.dna 1706057 1707512 NC_003919.gbk
1735 58.6 1536355 1535069 genome.dna 3995568 3994278 NC_003919.gbk
1958 51.0 1537737 1539503 genome.dna 2424362 2426153 NC_003919.gbk
955 55.7 1539520 1540236 genome.dna 2426382 2427165 NC_003919.gbk
3342 54.5 1540513 1543320 genome.dna 1776320 1773416 NC_003919.gbk
1321 51.6 1543336 1544562 genome.dna 1773374 1772162 NC_003919.gbk
1534 59.9 1544898 1546064 genome.dna 3812546 3811376 NC_003919.gbk
1452 74.5 1546064 1546936 genome.dna 3811352 3810476 NC_003919.gbk
1293 46.0 1549251 1550390 genome.dna 2732178 2733330 NC_003919.gbk
98 45.2 1550407 1550523 genome.dna 2733415 2733526 NC_003919.gbk
379 47.7 1550947 1551351 genome.dna 3696717 3696258 NC_003919.gbk
657 46.9 1551348 1552034 genome.dna 3696247 3695467 NC_003919.gbk
305 36.6 1552047 1552472 genome.dna 3695310 3694860 NC_003919.gbk
1173 42.8 1553863 1555155 genome.dna 3693645 3692325 NC_003919.gbk
368 36.9 1555196 1555705 genome.dna 3692295 3691749 NC_003919.gbk
315 31.9 1555715 1556491 genome.dna 3691743 3690924 NC_003919.gbk
792 40.8 1561588 1560626 genome.dna 1520548 1521514 NC_003919.gbk
1452 62.4 1561884 1562939 genome.dna 640400 641474 NC_003919.gbk
1038 61.4 1563766 1563014 genome.dna 3374457 3373707 NC_003919.gbk
1636 34.8 1567041 1563904 genome.dna 4892560 4889365 NC_003919.gbk
512 33.2 1571894 1570848 genome.dna 1475437 1476559 NC_003919.gbk
1240 55.8 1573036 1572017 genome.dna 4414819 4415989 NC_003919.gbk
713 48.6 1576123 1576893 genome.dna 3955459 3956236 NC_003919.gbk
904 60.0 1576893 1577582 genome.dna 3956246 3956939 NC_003919.gbk
730 40.5 1584709 1585674 genome.dna 2419345 2418337 NC_003919.gbk
2187 54.5 1598005 1595975 genome.dna 1594459 1592374 NC_003919.gbk
174 30.6 1600255 1600836 genome.dna 3203090 3202520 NC_003919.gbk
191 33.8 1609114 1609548 genome.dna 2438929 2439394 NC_003919.gbk
1651 54.5 1631952 1633361 genome.dna 4245584 4246988 NC_003919.gbk
1668 56.5 1633374 1634744 genome.dna 4244184 4245537 NC_003919.gbk
679 40.3 1635671 1634820 genome.dna 4249671 4248771 NC_003919.gbk
626 50.6 1636204 1635668 genome.dna 4250225 4249667 NC_003919.gbk
1207 61.3 1637078 1636206 genome.dna 4251142 4250221 NC_003919.gbk
1426 49.5 1645215 1646834 genome.dna 2989109 2990582 NC_003919.gbk
1583 49.3 1652381 1653892 genome.dna 1514464 1516099 NC_003919.gbk
735 38.8 1674049 1674948 genome.dna 3329047 3330001 NC_003919.gbk
1846 61.6 1751217 1749904 genome.dna 4118282 4119668 NC_003919.gbk
413 33.3 1765743 1764766 genome.dna 1054539 1053609 NC_003919.gbk
1275 68.0 1773723 1772857 genome.dna 988270 987385 NC_003919.gbk
1165 70.9 1774549 1773683 genome.dna 989100 988266 NC_003919.gbk
1032 47.7 1775629 1774607 genome.dna 990120 989103 NC_003919.gbk
1651 51.4 1800077 1801579 genome.dna 127199 128672 NC_003919.gbk
730 47.5 1813209 1812400 genome.dna 1007503 1006744 NC_003919.gbk
363 33.7 1819842 1820456 genome.dna 3337364 3337985 NC_003919.gbk
628 49.2 1824646 1823984 genome.dna 4671267 4671849 NC_003919.gbk
429 33.8 1825190 1826161 genome.dna 2319953 2319008 NC_003919.gbk
363 37.6 1833671 1834210 genome.dna 949323 949869 NC_003919.gbk
1312 40.9 1839441 1837903 genome.dna 1538406 1539984 NC_003919.gbk
771 32.2 1847037 1842241 genome.dna 2855919 2851476 NC_003919.gbk
372 30.3 1849141 1848239 genome.dna 445591 446560 NC_003919.gbk
512 56.3 1860773 1860348 genome.dna 4149456 4149033 NC_003919.gbk
679 38.1 1868891 1867875 genome.dna 3084385 3083344 NC_003919.gbk
751 32.3 1876889 1874142 genome.dna 3081580 3079126 NC_003919.gbk
797 43.9 1903087 1902248 genome.dna 4639086 4638258 NC_003919.gbk
797 43.9 1903087 1902248 genome.dna 3864626 3865454 NC_003919.gbk
797 43.9 1903087 1902248 genome.dna 2456756 2455928 NC_003919.gbk
797 43.9 1903087 1902248 genome.dna 4442187 4443015 NC_003919.gbk
797 43.9 1903087 1902248 genome.dna 3390331 3389503 NC_003919.gbk
352 54.5 1903356 1903090 genome.dna 2765189 2764922 NC_003919.gbk
498 36.3 1928122 1927325 genome.dna 4709544 4710300 NC_003919.gbk
899 44.4 1935437 1936324 genome.dna 4369129 4369984 NC_003919.gbk
541 39.4 1936321 1937376 genome.dna 4369994 4371137 NC_003919.gbk
1799 46.4 1937404 1939404 genome.dna 2228405 2226398 NC_003919.gbk
316 30.6 1939436 1939933 genome.dna 3365078 3365594 NC_003919.gbk
844 50.4 1942291 1943163 genome.dna 2197579 2196718 NC_003919.gbk
766 55.7 1943163 1944215 genome.dna 2196123 2195046 NC_003919.gbk
565 67.2 1944254 1944643 genome.dna 2258131 2257750 NC_003919.gbk
124 30.2 1944653 1945297 genome.dna 2257751 2257124 NC_003919.gbk
943 41.5 1945543 1946694 genome.dna 2265386 2264255 NC_003919.gbk
2260 50.0 1946687 1948771 genome.dna 2264259 2262165 NC_003919.gbk
277 35.0 1950974 1951390 genome.dna 2318689 2318287 NC_003919.gbk
402 51.1 1951419 1951823 genome.dna 2318284 2317876 NC_003919.gbk
404 33.3 1951839 1952513 genome.dna 2317839 2317173 NC_003919.gbk
886 38.4 1952589 1953806 genome.dna 2317142 2315918 NC_003919.gbk
633 41.6 1953828 1954583 genome.dna 2315776 2315020 NC_003919.gbk
1025 60.7 1954611 1955393 genome.dna 2314248 2313462 NC_003919.gbk
436 34.5 1955568 1956287 genome.dna 2313424 2312731 NC_003919.gbk
1147 49.9 1956304 1957413 genome.dna 2312721 2311602 NC_003919.gbk
379 32.9 1957413 1958375 genome.dna 2311499 2310422 NC_003919.gbk
874 31.8 1958502 1960208 genome.dna 2310411 2308536 NC_003919.gbk
460 33.5 1962314 1961529 genome.dna 2275118 2274344 NC_003919.gbk
187 33.7 1962586 1962317 genome.dna 2275419 2275149 NC_003919.gbk
758 53.5 1963383 1962607 genome.dna 2277045 2276256 NC_003919.gbk
208 32.8 1963802 1963380 genome.dna 2277511 2277103 NC_003919.gbk
366 43.7 1964215 1963802 genome.dna 2277978 2277507 NC_003919.gbk
908 44.2 1965221 1964208 genome.dna 2278856 2277842 NC_003919.gbk
211 31.0 1965712 1965227 genome.dna 2279394 2278866 NC_003919.gbk
1460 57.5 1968985 1967612 genome.dna 2282705 2281328 NC_003919.gbk
1036 48.8 1970689 1969697 genome.dna 2284329 2283318 NC_003919.gbk
746 35.3 1972410 1970686 genome.dna 2286043 2284318 NC_003919.gbk
194 33.3 1972671 1972985 genome.dna 2286374 2286056 NC_003919.gbk
319 44.1 1974025 1973615 genome.dna 2304068 2303654 NC_003919.gbk
616 42.1 1975728 1976600 genome.dna 2307013 2305813 NC_003919.gbk
1521 61.4 1980555 1981667 genome.dna 2298477 2297367 NC_003919.gbk
662 47.7 1986118 1986840 genome.dna 2258933 2258165 NC_003919.gbk
691 48.3 1990078 1989440 genome.dna 209088 209745 NC_003919.gbk
2014 45.6 1992328 1990295 genome.dna 860822 858842 NC_003919.gbk
2249 69.0 1993342 1994814 genome.dna 858802 857329 NC_003919.gbk
3117 81.3 1994834 1996513 genome.dna 857208 855537 NC_003919.gbk
756 59.8 1997941 1997423 genome.dna 4297843 4298359 NC_003919.gbk
1553 37.7 2005482 2003347 genome.dna 600404 598190 NC_003919.gbk
1137 38.3 2022455 2024023 genome.dna 5062906 5061304 NC_003919.gbk
707 35.7 2027618 2026698 genome.dna 4090808 4091729 NC_003919.gbk
1538 62.5 2028974 2027880 genome.dna 382488 383586 NC_003919.gbk
318 31.2 2031491 2030937 genome.dna 3549785 3550349 NC_003919.gbk
2353 42.4 2038000 2034716 genome.dna 2468318 2464652 NC_003919.gbk
885 48.7 2038594 2039550 genome.dna 2468718 2469705 NC_003919.gbk
460 41.8 2040198 2039605 genome.dna 1273434 1272861 NC_003919.gbk
254 31.4 2040339 2040860 genome.dna 1273548 1274058 NC_003919.gbk
260 69.1 2040877 2041047 genome.dna 1274155 1274350 NC_003919.gbk
1173 56.4 2042130 2043083 genome.dna 1274440 1275418 NC_003919.gbk
1048 50.8 2043101 2044030 genome.dna 1276382 1277327 NC_003919.gbk
1004 67.4 2044045 2044779 genome.dna 1277409 1278153 NC_003919.gbk
397 82.9 2044934 2045170 genome.dna 1278357 1278597 NC_003919.gbk
1726 60.5 2045253 2046494 genome.dna 1278738 1279974 NC_003919.gbk
784 39.6 2047434 2048453 genome.dna 1281556 1282630 NC_003919.gbk
250 37.3 2048443 2049102 genome.dna 4705175 4705859 NC_003919.gbk
397 48.6 2055442 2055792 genome.dna 1263000 1263351 NC_003919.gbk
813 41.2 2057749 2058777 genome.dna 1540101 1541106 NC_003919.gbk
543 32.6 2059718 2061022 genome.dna 4495974 4497267 NC_003919.gbk
646 31.6 2063309 2062113 genome.dna 360677 361877 NC_003919.gbk
344 31.0 2066727 2065357 genome.dna 1566379 1565002 NC_003919.gbk
3761 50.6 2070405 2066956 genome.dna 3350751 3354216 NC_003919.gbk
789 55.2 2071740 2072447 genome.dna 2429235 2429919 NC_003919.gbk
865 34.8 2072444 2073691 genome.dna 2427950 2429192 NC_003919.gbk
230 30.0 2074702 2075532 genome.dna 381424 382408 NC_003919.gbk
619 51.1 2079241 2079792 genome.dna 5139800 5139248 NC_003919.gbk
2167 53.2 2083361 2081520 genome.dna 2417533 2415616 NC_003919.gbk
385 40.5 2085741 2085214 genome.dna 4942162 4942690 NC_003919.gbk
902 45.0 2088494 2089945 genome.dna 2788442 2786885 NC_003919.gbk
882 35.9 2099496 2097796 genome.dna 3070365 3068748 NC_003919.gbk
776 44.9 2102053 2101232 genome.dna 2387560 2388382 NC_003919.gbk
3434 64.7 2102354 2104732 genome.dna 2387418 2385039 NC_003919.gbk
605 34.3 2106065 2105019 genome.dna 3451564 3452485 NC_003919.gbk
469 52.6 2111138 2111554 genome.dna 241931 242360 NC_003919.gbk
1833 63.4 2112831 2114330 genome.dna 3439231 3440689 NC_003919.gbk
1024 61.8 2114428 2115174 genome.dna 3440849 3441614 NC_003919.gbk
681 34.5 2115176 2116495 genome.dna 3441613 3442876 NC_003919.gbk
1254 44.8 2116495 2117718 genome.dna 3442872 3444117 NC_003919.gbk
338 42.2 2117752 2118168 genome.dna 2750992 2751430 NC_003919.gbk
485 42.6 2138606 2139226 genome.dna 2717722 2718367 NC_003919.gbk
614 43.5 2139226 2139882 genome.dna 2718363 2719059 NC_003919.gbk
742 47.3 2139951 2140691 genome.dna 1937749 1936990 NC_003919.gbk
380 41.9 2140906 2141388 genome.dna 1936791 1936320 NC_003919.gbk
2218 52.9 2141385 2143340 genome.dna 2720711 2722649 NC_003919.gbk
495 43.3 2143337 2143894 genome.dna 2722641 2723244 NC_003919.gbk
360 41.9 2143891 2144349 genome.dna 1933661 1933229 NC_003919.gbk
439 32.7 2158261 2157266 genome.dna 941865 942843 NC_003919.gbk
991 61.6 2163569 2165743 genome.dna 1490575 1488304 NC_003919.gbk
964 37.0 2181270 2179897 genome.dna 4487666 4486289 NC_003919.gbk
400 36.2 2181519 2182154 genome.dna 888444 889047 NC_003919.gbk
578 34.4 2184700 2183675 genome.dna 3888388 3889441 NC_003919.gbk
410 49.5 2186467 2186817 genome.dna 3135921 3135600 NC_003919.gbk
631 49.5 2187600 2186929 genome.dna 1817804 1817162 NC_003919.gbk
132 34.0 2188157 2187750 genome.dna 4307646 4308171 NC_003919.gbk
1098 48.3 2190305 2191417 genome.dna 4585507 4586632 NC_003919.gbk
466 39.6 2191939 2192622 genome.dna 3520367 3519767 NC_003919.gbk
337 31.0 2192856 2194133 genome.dna 4583529 4582317 NC_003919.gbk
400 30.8 2194218 2195078 genome.dna 1758908 1759817 NC_003919.gbk
481 41.9 2195725 2195117 genome.dna 2613725 2613095 NC_003919.gbk
1606 58.1 2198282 2200954 genome.dna 2187969 2185200 NC_003919.gbk
910 38.0 2215224 2216393 genome.dna 2687112 2685933 NC_003919.gbk
436 38.3 2216576 2217319 genome.dna 5052412 5051680 NC_003919.gbk
2868 61.8 2221311 2219248 genome.dna 3380000 3382073 NC_003919.gbk
2798 56.4 2227418 2225106 genome.dna 2896915 2894566 NC_003919.gbk
1113 59.6 2263993 2263058 genome.dna 4983957 4983039 NC_003919.gbk
467 41.9 2275290 2274685 genome.dna 4449371 4450022 NC_003919.gbk
1251 41.0 2275609 2279496 genome.dna 3675876 3671820 NC_003919.gbk
442 43.9 2280350 2279511 genome.dna 129653 130445 NC_003919.gbk
1022 32.3 2282174 2280396 genome.dna 2068612 2066755 NC_003919.gbk
249 35.5 2290600 2290133 genome.dna 4681452 4680936 NC_003919.gbk
455 35.9 2306210 2305560 genome.dna 1407685 1408330 NC_003919.gbk
702 41.4 2322430 2321456 genome.dna 450881 451841 NC_003919.gbk
176 40.8 2324296 2324544 genome.dna 4903647 4903899 NC_003919.gbk
1338 51.6 2359305 2358133 genome.dna 1570817 1571999 NC_003919.gbk
160 33.3 2367804 2367544 genome.dna 473209 472948 NC_003919.gbk
537 40.9 2368465 2367812 genome.dna 473858 473213 NC_003919.gbk
1312 48.3 2371991 2370621 genome.dna 481703 483032 NC_003919.gbk
249 31.0 2376550 2377092 genome.dna 4850277 4850805 NC_003919.gbk
434 36.1 2383611 2384378 genome.dna 479629 480391 NC_003919.gbk
2034 54.1 2440593 2442395 genome.dna 5116634 5114834 NC_003919.gbk
5365 66.1 2442388 2446002 genome.dna 5114751 5111103 NC_003919.gbk
1205 44.5 2460964 2459636 genome.dna 3766705 3765376 NC_003919.gbk
840 38.2 2477692 2478756 genome.dna 299707 298651 NC_003919.gbk
1659 67.2 2487322 2486231 genome.dna 1114472 1115564 NC_003919.gbk
641 50.8 2488039 2487452 genome.dna 1113813 1114395 NC_003919.gbk
1275 62.1 2489732 2488785 genome.dna 1112082 1113018 NC_003919.gbk
852 51.4 2490742 2489870 genome.dna 1110925 1111813 NC_003919.gbk
1127 47.0 2491599 2492855 genome.dna 1108540 1107259 NC_003919.gbk
1402 59.1 2492889 2493971 genome.dna 1107263 1106177 NC_003919.gbk
860 52.9 2493971 2494816 genome.dna 1069473 1070334 NC_003919.gbk
852 46.7 2496092 2496946 genome.dna 1979465 1980296 NC_003919.gbk
557 40.1 2498626 2499375 genome.dna 559128 558330 NC_003919.gbk
1149 40.4 2503696 2505084 genome.dna 1085565 1087023 NC_003919.gbk
406 32.8 2507176 2506430 genome.dna 2121463 2120701 NC_003919.gbk
398 41.6 2507977 2507444 genome.dna 3308360 3308906 NC_003919.gbk
300 35.6 2511822 2511298 genome.dna 258281 258779 NC_003919.gbk
1139 45.9 2513105 2511876 genome.dna 1584337 1582984 NC_003919.gbk
486 41.2 2513827 2513102 genome.dna 1585089 1584276 NC_003919.gbk
1163 44.5 2515088 2513820 genome.dna 1586411 1585160 NC_003919.gbk
440 49.3 2524682 2525110 genome.dna 3423936 3423501 NC_003919.gbk
815 42.4 2530749 2531648 genome.dna 3686344 3687247 NC_003919.gbk
645 45.7 2537412 2536813 genome.dna 2524093 2523502 NC_003919.gbk
141 38.5 2542454 2542221 genome.dna 99460 99718 NC_003919.gbk
738 37.1 2547155 2548117 genome.dna 4760795 4761806 NC_003919.gbk
574 31.0 2550693 2551877 genome.dna 4031226 4030023 NC_003919.gbk
876 55.9 2552084 2552833 genome.dna 4604975 4605731 NC_003919.gbk
1060 40.1 2559536 2560804 genome.dna 378427 379789 NC_003919.gbk
1305 45.9 2563367 2561970 genome.dna 1783863 1785267 NC_003919.gbk
391 42.9 2569222 2568764 genome.dna 3951349 3951862 NC_003919.gbk
391 42.9 2569222 2568764 genome.dna 1061286 1061802 NC_003919.gbk
1179 55.4 2570445 2569453 genome.dna 4560621 4561623 NC_003919.gbk
1164 50.5 2571743 2570592 genome.dna 807971 806915 NC_003919.gbk
980 72.6 2585970 2586605 genome.dna 1830026 1829360 NC_003919.gbk
696 39.5 2589820 2588846 genome.dna 3935276 3934292 NC_003919.gbk
331 31.2 2595189 2595950 genome.dna 3135595 3134860 NC_003919.gbk
652 52.0 2595969 2596559 genome.dna 3754784 3754172 NC_003919.gbk
681 39.0 2605113 2606180 genome.dna 570521 571559 NC_003919.gbk
1375 53.5 2607572 2608762 genome.dna 3178611 3177393 NC_003919.gbk
501 34.6 2608762 2609568 genome.dna 3176925 3176118 NC_003919.gbk
442 36.9 2611473 2610838 genome.dna 3952127 3952769 NC_003919.gbk
241 34.3 2620019 2620441 genome.dna 3228397 3227905 NC_003919.gbk
426 64.3 2621565 2621861 genome.dna 2709490 2709190 NC_003919.gbk
775 61.2 2637907 2637311 genome.dna 5058831 5059461 NC_003919.gbk
823 47.1 2639766 2638855 genome.dna 2683045 2682151 NC_003919.gbk
313 42.3 2642181 2642648 genome.dna 5080316 5079929 NC_003919.gbk
732 41.9 2642732 2643580 genome.dna 385336 386188 NC_003919.gbk
349 32.1 2645012 2644386 genome.dna 4497319 4497934 NC_003919.gbk
373 31.7 2645457 2646263 genome.dna 4589378 4588577 NC_003919.gbk
300 30.9 2649224 2648673 genome.dna 1074613 1074037 NC_003919.gbk
1287 38.3 2649493 2651343 genome.dna 4486205 4484303 NC_003919.gbk
1578 73.0 2654735 2655739 genome.dna 3950900 3949898 NC_003919.gbk
923 48.4 2657649 2656798 genome.dna 1387453 1386598 NC_003919.gbk
1788 62.0 2664862 2663609 genome.dna 4366437 4365147 NC_003919.gbk
201 30.5 2674846 2675376 genome.dna 1149746 1150265 NC_003919.gbk
170 31.2 2678353 2678066 genome.dna 4790156 4789895 NC_003919.gbk
375 36.4 2678460 2679146 genome.dna 1405651 1404901 NC_003919.gbk
1245 69.6 2679167 2679979 genome.dna 1404866 1404056 NC_003919.gbk
239 50.6 2679983 2680252 genome.dna 1404054 1403796 NC_003919.gbk
531 33.0 2681594 2680470 genome.dna 2813481 2814573 NC_003919.gbk
2116 58.3 2683421 2681736 genome.dna 2184268 2182585 NC_003919.gbk
311 32.2 2684415 2683819 genome.dna 1263970 1263469 NC_003919.gbk
526 43.1 2685383 2684682 genome.dna 3649607 3648887 NC_003919.gbk
841 43.3 2687417 2685498 genome.dna 3651645 3649620 NC_003919.gbk
284 41.1 2687612 2687956 genome.dna 1580070 1580418 NC_003919.gbk
714 33.5 2688488 2689942 genome.dna 1280140 1281496 NC_003919.gbk
640 51.6 2701066 2701629 genome.dna 4930497 4931082 NC_003919.gbk
833 44.4 2711183 2712019 genome.dna 207037 207892 NC_003919.gbk
1121 66.0 2712101 2712862 genome.dna 208079 208835 NC_003919.gbk
668 37.6 2714816 2715706 genome.dna 2701312 2700427 NC_003919.gbk
1089 54.2 2720363 2721325 genome.dna 199391 198359 NC_003919.gbk
933 45.6 2725214 2726101 genome.dna 2611820 2610899 NC_003919.gbk
469 77.2 2728844 2728548 genome.dna 3048682 3048382 NC_003919.gbk
2109 44.2 2731236 2728849 genome.dna 3051082 3048703 NC_003919.gbk
1380 61.2 2732234 2731251 genome.dna 3052203 3051207 NC_003919.gbk
532 72.0 2732903 2732547 genome.dna 3052813 3052453 NC_003919.gbk
227 60.9 2733144 2732947 genome.dna 3053021 3052823 NC_003919.gbk
658 59.0 2733782 2733240 genome.dna 3053747 3053267 NC_003919.gbk
2726 60.8 2735713 2733785 genome.dna 3055763 3053858 NC_003919.gbk
1075 56.6 2741372 2740491 genome.dna 2796287 2795408 NC_003919.gbk
438 32.3 2742385 2741537 genome.dna 1306387 1307209 NC_003919.gbk
614 50.6 2755854 2756510 genome.dna 344221 344800 NC_003919.gbk
345 42.6 2756503 2756949 genome.dna 2334870 2334411 NC_003919.gbk
1288 54.7 2757088 2758194 genome.dna 2334415 2333278 NC_003919.gbk
333 31.3 2758197 2758835 genome.dna 2333279 2332664 NC_003919.gbk
1751 58.9 2759027 2760397 genome.dna 1781101 1779733 NC_003919.gbk
620 42.7 2760640 2761329 genome.dna 4715587 4714903 NC_003919.gbk
630 46.2 2771944 2772576 genome.dna 247004 247616 NC_003919.gbk
908 40.6 2775696 2773681 genome.dna 793113 795297 NC_003919.gbk
497 50.7 2777056 2776550 genome.dna 4291046 4291535 NC_003919.gbk
2123 48.0 2791079 2789028 genome.dna 745903 747976 NC_003919.gbk
1588 61.9 2791280 2792458 genome.dna 1413588 1414791 NC_003919.gbk
601 41.5 2793288 2792647 genome.dna 2415564 2414904 NC_003919.gbk
1164 40.3 2794931 2793456 genome.dna 2420772 2419341 NC_003919.gbk
1521 51.2 2796565 2798007 genome.dna 3942490 3940984 NC_003919.gbk
597 31.4 2800594 2799272 genome.dna 4583699 4585118 NC_003919.gbk
1513 69.2 2809298 2808294 genome.dna 3697810 3696769 NC_003919.gbk
494 45.4 2809923 2809306 genome.dna 3700768 3700183 NC_003919.gbk
460 51.8 2810663 2810151 genome.dna 3701411 3700886 NC_003919.gbk
858 56.0 2811487 2810744 genome.dna 3702269 3701540 NC_003919.gbk
2125 55.0 2813755 2811956 genome.dna 3705793 3704026 NC_003919.gbk
519 40.6 2833872 2833114 genome.dna 3630380 3629582 NC_003919.gbk
1267 42.9 2838878 2837343 genome.dna 1427885 1429478 NC_003919.gbk
380 41.7 2840639 2840001 genome.dna 5053701 5054370 NC_003919.gbk
2058 50.1 2854450 2852540 genome.dna 2784652 2782762 NC_003919.gbk
996 44.5 2856571 2854454 genome.dna 1839433 1841569 NC_003919.gbk
1072 51.8 2859653 2858643 genome.dna 2079838 2078782 NC_003919.gbk
1139 46.4 2862696 2863901 genome.dna 4164742 4163563 NC_003919.gbk
2147 66.5 2864092 2865492 genome.dna 1864416 1863021 NC_003919.gbk
1311 50.6 2867225 2868415 genome.dna 148358 147155 NC_003919.gbk
741 49.0 2884168 2883416 genome.dna 2438153 2438933 NC_003919.gbk
534 43.8 2885460 2884459 genome.dna 2436823 2437861 NC_003919.gbk
1584 41.7 2887241 2885457 genome.dna 2435057 2436827 NC_003919.gbk
1372 46.3 2895155 2896582 genome.dna 1847064 1845618 NC_003919.gbk
760 33.3 2898013 2896643 genome.dna 3494766 3496149 NC_003919.gbk
448 42.5 2900715 2899810 genome.dna 665896 666766 NC_003919.gbk
535 36.2 2906057 2905173 genome.dna 4924364 4925222 NC_003919.gbk
788 43.6 2916384 2917283 genome.dna 2123558 2124473 NC_003919.gbk
1481 54.0 2917289 2918617 genome.dna 2124469 2125765 NC_003919.gbk
876 42.1 2918614 2919687 genome.dna 2125761 2126853 NC_003919.gbk
877 51.1 2919703 2920770 genome.dna 2126849 2127977 NC_003919.gbk
539 43.6 2920770 2921360 genome.dna 2127973 2128576 NC_003919.gbk
744 46.3 2921367 2922104 genome.dna 2128572 2129307 NC_003919.gbk
1073 63.3 2922086 2922862 genome.dna 2129300 2130077 NC_003919.gbk
712 57.5 2922856 2923488 genome.dna 2130066 2130687 NC_003919.gbk
414 68.1 2923933 2923649 genome.dna 2687802 2687490 NC_003919.gbk
2498 69.2 2925698 2924025 genome.dna 2689576 2687890 NC_003919.gbk
708 53.0 2926492 2925815 genome.dna 2690442 2689758 NC_003919.gbk
553 31.2 2928002 2926713 genome.dna 1901824 1903147 NC_003919.gbk
1230 51.9 2929170 2928085 genome.dna 1899325 1900411 NC_003919.gbk
711 44.6 2947011 2946115 genome.dna 3114977 3115868 NC_003919.gbk
161 30.6 2948579 2947941 genome.dna 3113749 3114196 NC_003919.gbk
274 35.4 2949024 2948572 genome.dna 3113342 3113762 NC_003919.gbk
224 31.3 2950143 2949601 genome.dna 1853963 1854509 NC_003919.gbk
144 30.0 2950467 2950159 genome.dna 1223686 1223413 NC_003919.gbk
179 42.6 2950670 2950470 genome.dna 3111381 3111591 NC_003919.gbk
308 32.5 2951167 2950670 genome.dna 3110914 3111382 NC_003919.gbk
893 43.4 2953264 2952215 genome.dna 3109079 3110093 NC_003919.gbk
486 37.1 2954122 2953289 genome.dna 3108190 3109033 NC_003919.gbk
1329 45.6 2954281 2956002 genome.dna 3108069 3106284 NC_003919.gbk
1001 45.4 2956004 2957050 genome.dna 3106285 3105262 NC_003919.gbk
639 41.9 2962075 2961047 genome.dna 2671985 2672948 NC_003919.gbk
1740 61.5 2975613 2974318 genome.dna 1904871 1906152 NC_003919.gbk
1396 52.2 2977060 2975717 genome.dna 2351670 2352960 NC_003919.gbk
615 61.8 2981911 2981417 genome.dna 4366585 4367065 NC_003919.gbk
1442 67.7 2982496 2983455 genome.dna 2341604 2340635 NC_003919.gbk
1128 38.1 2983684 2985450 genome.dna 2730364 2728651 NC_003919.gbk
1074 37.9 2985450 2987189 genome.dna 2728655 2726969 NC_003919.gbk
650 45.1 2987214 2987927 genome.dna 2339197 2338447 NC_003919.gbk
351 69.4 2988043 2988261 genome.dna 2338367 2338148 NC_003919.gbk
3122 63.9 2992855 2990582 genome.dna 2335583 2337866 NC_003919.gbk
383 50.0 2993205 2992885 genome.dna 2335120 2335441 NC_003919.gbk
1068 60.2 3009847 3009002 genome.dna 2875829 2874980 NC_003919.gbk
1175 58.9 3010809 3009844 genome.dna 2876692 2875825 NC_003919.gbk
1396 58.2 3011957 3010824 genome.dna 2877867 2876733 NC_003919.gbk
1334 54.9 3013338 3012229 genome.dna 2883625 2882509 NC_003919.gbk
895 53.7 3015344 3014433 genome.dna 3833845 3833098 NC_003919.gbk
1053 44.7 3022380 3021175 genome.dna 788089 789295 NC_003919.gbk
712 51.7 3025403 3026020 genome.dna 4494481 4493857 NC_003919.gbk
829 39.1 3027219 3026053 genome.dna 4550691 4551870 NC_003919.gbk
2018 66.4 3042056 3043384 genome.dna 3200123 3198749 NC_003919.gbk
376 31.6 3045534 3044359 genome.dna 3225476 3224228 NC_003919.gbk
367 33.7 3046334 3045672 genome.dna 5088813 5088198 NC_003919.gbk
2016 77.8 3050037 3051158 genome.dna 874138 875248 NC_003919.gbk
1175 60.7 3051198 3052058 genome.dna 875950 876781 NC_003919.gbk
746 50.7 3052224 3052868 genome.dna 2790359 2789660 NC_003919.gbk
1668 50.3 3068393 3066702 genome.dna 2927994 2929737 NC_003919.gbk
565 40.1 3069350 3068412 genome.dna 2926885 2927842 NC_003919.gbk
342 53.6 3072258 3072004 genome.dna 414728 414989 NC_003919.gbk
530 42.0 3072423 3072995 genome.dna 2146281 2145714 NC_003919.gbk
468 40.4 3084419 3083724 genome.dna 4356311 4355597 NC_003919.gbk
624 33.3 3092131 3093381 genome.dna 1919214 1918023 NC_003919.gbk
554 30.0 3105774 3104605 genome.dna 2618139 2616954 NC_003919.gbk
680 44.6 3106945 3107832 genome.dna 2610024 2610762 NC_003919.gbk
957 32.4 3127190 3125091 genome.dna 4723239 4721103 NC_003919.gbk
1108 43.3 3132141 3129835 genome.dna 4554182 4552010 NC_003919.gbk
478 42.6 3132533 3133219 genome.dna 1057089 1057713 NC_003919.gbk
1286 66.4 3137830 3136895 genome.dna 1602170 1603136 NC_003919.gbk
2312 72.4 3139235 3137823 genome.dna 1600776 1602174 NC_003919.gbk
1189 74.9 3140808 3141479 genome.dna 398525 397868 NC_003919.gbk
1512 53.8 3147123 3145672 genome.dna 4282078 4283461 NC_003919.gbk
121 31.0 3155372 3155127 genome.dna 1251710 1251956 NC_003919.gbk
404 48.1 3155863 3155369 genome.dna 1251216 1251714 NC_003919.gbk
603 55.7 3156400 3155882 genome.dna 1104124 1103605 NC_003919.gbk
593 36.2 3157424 3156435 genome.dna 1249812 1250817 NC_003919.gbk
3021 68.8 3161386 3159374 genome.dna 3093096 3091074 NC_003919.gbk
604 49.0 3163130 3162450 genome.dna 4290693 4290018 NC_003919.gbk
375 33.1 3163884 3163123 genome.dna 455159 454274 NC_003919.gbk
892 41.8 3165022 3163865 genome.dna 458687 457481 NC_003919.gbk
1360 60.7 3166099 3165062 genome.dna 459813 458778 NC_003919.gbk
999 42.6 3166195 3167499 genome.dna 3588667 3590086 NC_003919.gbk
866 38.5 3178804 3180039 genome.dna 2365417 2366638 NC_003919.gbk
1071 40.9 3185328 3186677 genome.dna 439510 440863 NC_003919.gbk
729 39.5 3193197 3192250 genome.dna 4383898 4384795 NC_003919.gbk
562 51.3 3228583 3228035 genome.dna 2442688 2443321 NC_003919.gbk
1908 49.2 3230474 3228642 genome.dna 2440832 2442692 NC_003919.gbk
565 41.5 3231123 3230467 genome.dna 2463556 2464204 NC_003919.gbk
2325 73.6 3233243 3234655 genome.dna 703660 705043 NC_003919.gbk
5382 78.8 3275000 3271911 genome.dna 522064 525163 NC_003919.gbk
1396 66.9 3276106 3274997 genome.dna 520918 522016 NC_003919.gbk
755 56.8 3276797 3276183 genome.dna 520224 520842 NC_003919.gbk
2004 65.6 3276884 3278356 genome.dna 520138 518626 NC_003919.gbk
412 32.8 3278435 3279220 genome.dna 3167002 3167803 NC_003919.gbk
1272 43.7 3306810 3308309 genome.dna 726141 727629 NC_003919.gbk
228 41.2 3332182 3332514 genome.dna 575288 575603 NC_003919.gbk
534 49.7 3334880 3335344 genome.dna 352836 352362 NC_003919.gbk
2122 59.6 3352107 3353684 genome.dna 2730539 2732162 NC_003919.gbk
1018 35.3 3358506 3357067 genome.dna 878722 877321 NC_003919.gbk
555 40.5 3359337 3358615 genome.dna 4973943 4974696 NC_003919.gbk
658 39.6 3364794 3365690 genome.dna 3420541 3421420 NC_003919.gbk
804 31.5 3372145 3370688 genome.dna 3152046 3150585 NC_003919.gbk
237 36.6 3375937 3375635 genome.dna 3156060 3155754 NC_003919.gbk
650 39.4 3378041 3377067 genome.dna 3158199 3157215 NC_003919.gbk
1110 43.0 3382301 3380952 genome.dna 3161869 3160534 NC_003919.gbk
319 36.1 3382843 3382298 genome.dna 3162400 3161872 NC_003919.gbk
526 43.6 3385418 3384744 genome.dna 3165065 3164489 NC_003919.gbk
269 32.5 3385876 3385436 genome.dna 3165391 3165034 NC_003919.gbk
1118 43.6 3389494 3390708 genome.dna 4131665 4132937 NC_003919.gbk
828 60.1 3401812 3402438 genome.dna 4740424 4739734 NC_003919.gbk
838 46.5 3402984 3403889 genome.dna 4667572 4668460 NC_003919.gbk
1971 60.7 3409858 3408341 genome.dna 1189901 1191368 NC_003919.gbk
828 46.8 3412525 3411257 genome.dna 1186465 1187764 NC_003919.gbk
1233 61.8 3413548 3412631 genome.dna 3175852 3174964 NC_003919.gbk
903 53.2 3415469 3414618 genome.dna 3181260 3180486 NC_003919.gbk
794 42.0 3416479 3415469 genome.dna 3185357 3184331 NC_003919.gbk
1594 61.8 3421622 3420405 genome.dna 4298358 4299567 NC_003919.gbk
1589 64.4 3427528 3426443 genome.dna 3187610 3186506 NC_003919.gbk
954 51.7 3428548 3427616 genome.dna 3188547 3187620 NC_003919.gbk
241 34.7 3428721 3429263 genome.dna 1985754 1985214 NC_003919.gbk
149 30.9 3429830 3429348 genome.dna 238500 238977 NC_003919.gbk
240 31.6 3430851 3431399 genome.dna 1644557 1644032 NC_003919.gbk
315 34.7 3432149 3432922 genome.dna 1644024 1643253 NC_003919.gbk
1310 32.5 3432966 3435347 genome.dna 1643303 1640885 NC_003919.gbk
1214 37.0 3438550 3436355 genome.dna 1523826 1521744 NC_003919.gbk
1065 41.9 3439860 3438547 genome.dna 260717 262013 NC_003919.gbk
1426 49.9 3453156 3451774 genome.dna 2784753 2786130 NC_003919.gbk
676 39.9 3459693 3458845 genome.dna 3821669 3822533 NC_003919.gbk
605 34.9 3463304 3462318 genome.dna 831364 832354 NC_003919.gbk
477 53.7 3465394 3464954 genome.dna 829424 829889 NC_003919.gbk
966 42.5 3466688 3465462 genome.dna 828187 829396 NC_003919.gbk
1494 49.9 3468186 3466690 genome.dna 826719 828207 NC_003919.gbk
575 32.2 3470135 3468183 genome.dna 824636 826715 NC_003919.gbk
938 30.2 3482655 3480208 genome.dna 491229 493722 NC_003919.gbk
1505 69.3 3491089 3492066 genome.dna 400358 401342 NC_003919.gbk
1990 85.4 3492094 3493125 genome.dna 401370 402399 NC_003919.gbk
1208 58.6 3500028 3499135 genome.dna 359406 360360 NC_003919.gbk
618 69.3 3500331 3500732 genome.dna 3330508 3330115 NC_003919.gbk
511 32.2 3511745 3510762 genome.dna 3564953 3563930 NC_003919.gbk
1804 69.3 3514279 3513113 genome.dna 4248432 4247265 NC_003919.gbk
1090 58.0 3516455 3517318 genome.dna 2679672 2678760 NC_003919.gbk
166 44.6 3517351 3517563 genome.dna 3303233 3303476 NC_003919.gbk
1156 46.2 3519048 3517663 genome.dna 2749399 2750830 NC_003919.gbk
740 45.5 3520698 3521420 genome.dna 1195715 1194971 NC_003919.gbk
681 64.1 3521609 3522118 genome.dna 3138407 3137903 NC_003919.gbk
572 36.7 3522115 3523185 genome.dna 3137907 3136761 NC_003919.gbk
1596 52.1 3525014 3526381 genome.dna 3551441 3552824 NC_003919.gbk
1311 37.2 3531913 3533985 genome.dna 1201891 1199788 NC_003919.gbk
1152 39.5 3533985 3535520 genome.dna 1199617 1198090 NC_003919.gbk
678 71.9 3537011 3536586 genome.dna 336109 336538 NC_003919.gbk
626 69.1 3537641 3537204 genome.dna 335548 336010 NC_003919.gbk
1083 37.7 3537873 3539351 genome.dna 3481736 3483098 NC_003919.gbk
695 36.1 3550506 3551726 genome.dna 1509669 1508457 NC_003919.gbk
1271 64.9 3557435 3556470 genome.dna 343045 342073 NC_003919.gbk
817 39.3 3559135 3560370 genome.dna 4527422 4528667 NC_003919.gbk
2642 44.1 3563489 3566569 genome.dna 4532168 4535309 NC_003919.gbk
1501 52.4 3566972 3568372 genome.dna 3535225 3536659 NC_003919.gbk
1209 43.7 3568380 3569747 genome.dna 388400 387020 NC_003919.gbk
814 56.8 3569781 3570509 genome.dna 387024 386340 NC_003919.gbk
242 35.7 3571239 3571790 genome.dna 5056572 5056017 NC_003919.gbk
854 45.7 3575248 3576147 genome.dna 564811 565741 NC_003919.gbk
587 42.2 3577570 3576767 genome.dna 2013475 2012650 NC_003919.gbk
945 52.3 3588690 3587836 genome.dna 444460 445321 NC_003919.gbk
2542 69.3 3590632 3589055 genome.dna 2677008 2675442 NC_003919.gbk
1970 61.0 3592205 3590739 genome.dna 2678580 2677122 NC_003919.gbk
1202 44.2 3592378 3593766 genome.dna 2807985 2809323 NC_003919.gbk
1158 53.4 3594004 3595047 genome.dna 120058 118987 NC_003919.gbk
84 32.4 3595044 3595388 genome.dna 118991 118679 NC_003919.gbk
1062 48.1 3599984 3598497 genome.dna 2363707 2365105 NC_003919.gbk
801 33.1 3601310 3600129 genome.dna 2362479 2363697 NC_003919.gbk
283 31.3 3601941 3601321 genome.dna 2361841 2362480 NC_003919.gbk
266 35.2 3604488 3603367 genome.dna 2072385 2073651 NC_003919.gbk
282 30.4 3606254 3605517 genome.dna 2360134 2360914 NC_003919.gbk
1227 51.5 3607701 3606505 genome.dna 2358897 2360115 NC_003919.gbk
620 63.1 3608433 3608005 genome.dna 2358465 2358891 NC_003919.gbk
482 30.5 3610387 3611748 genome.dna 3614459 3615884 NC_003919.gbk
488 32.7 3611852 3612721 genome.dna 1833029 1833902 NC_003919.gbk
360 48.6 3619470 3619147 genome.dna 1864620 1864959 NC_003919.gbk
599 45.6 3622783 3622058 genome.dna 2779456 2778691 NC_003919.gbk
782 44.5 3622920 3623723 genome.dna 2779573 2780407 NC_003919.gbk
1963 67.3 3635387 3634134 genome.dna 883692 884946 NC_003919.gbk
530 72.3 3640872 3640534 genome.dna 4622553 4622214 NC_003919.gbk
958 37.7 3642369 3641032 genome.dna 3814655 3816110 NC_003919.gbk
1693 51.5 3649390 3645506 genome.dna 4208818 4204771 NC_003919.gbk
532 55.5 3651787 3651263 genome.dna 2382669 2383179 NC_003919.gbk
294 50.6 3679566 3679826 genome.dna 2958463 2958178 NC_003919.gbk
270 35.0 3680956 3680225 genome.dna 14416 13648 NC_003919.gbk
382 33.6 3681774 3681037 genome.dna 1532353 1533076 NC_003919.gbk
983 51.7 3682691 3681786 genome.dna 1531218 1532118 NC_003919.gbk
690 50.2 3683368 3682688 genome.dna 1530541 1531222 NC_003919.gbk
431 39.1 3684626 3683661 genome.dna 1529343 1530144 NC_003919.gbk
2747 68.5 3686442 3684643 genome.dna 1527434 1529240 NC_003919.gbk
734 54.7 3689432 3688857 genome.dna 1524061 1524682 NC_003919.gbk
888 63.5 3694571 3695257 genome.dna 4499812 4499086 NC_003919.gbk
335 31.8 3695855 3696739 genome.dna 4292916 4291953 NC_003919.gbk
1651 53.4 3698228 3696813 genome.dna 3340222 3338818 NC_003919.gbk
854 44.3 3700404 3701453 genome.dna 4110439 4111510 NC_003919.gbk
1020 56.4 3703917 3702925 genome.dna 1175736 1176774 NC_003919.gbk
637 57.6 3704788 3703907 genome.dna 1174781 1175735 NC_003919.gbk
994 58.8 3705613 3704801 genome.dna 1173924 1174785 NC_003919.gbk
1279 58.7 3706780 3705770 genome.dna 1172904 1173921 NC_003919.gbk
1350 56.3 3708260 3707103 genome.dna 5154980 5153768 NC_003919.gbk
477 62.6 3714535 3714188 genome.dna 586396 586783 NC_003919.gbk
1808 61.2 3714803 3716083 genome.dna 4024627 4025917 NC_003919.gbk
1496 35.9 3724928 3722451 genome.dna 3654900 3652455 NC_003919.gbk
1930 41.9 3727511 3725031 genome.dna 351300 348798 NC_003919.gbk
371 45.8 3729128 3729583 genome.dna 2753375 2752886 NC_003919.gbk
759 42.9 3729711 3730679 genome.dna 2796384 2797284 NC_003919.gbk
1328 49.7 3730782 3732230 genome.dna 2052440 2053808 NC_003919.gbk
441 46.5 3732230 3732727 genome.dna 2053811 2054297 NC_003919.gbk
925 54.0 3732844 3733638 genome.dna 2054332 2055148 NC_003919.gbk
791 47.0 3733793 3734647 genome.dna 2055144 2055987 NC_003919.gbk
366 43.9 3734665 3735045 genome.dna 2056153 2056534 NC_003919.gbk
1016 56.6 3735878 3735108 genome.dna 4763762 4764554 NC_003919.gbk
1060 57.1 3736813 3735875 genome.dna 4762749 4763745 NC_003919.gbk
789 48.8 3737076 3737717 genome.dna 1853817 1853154 NC_003919.gbk
537 34.2 3742499 3743362 genome.dna 4615480 4616338 NC_003919.gbk
1143 65.3 3743408 3744202 genome.dna 574357 575152 NC_003919.gbk
690 46.0 3749695 3748958 genome.dna 1244348 1245083 NC_003919.gbk
637 64.5 3749751 3750215 genome.dna 1243887 1244340 NC_003919.gbk
725 43.1 3750989 3751744 genome.dna 1243191 1242423 NC_003919.gbk
3995 70.2 3762599 3760023 genome.dna 3761211 3758595 NC_003919.gbk
564 46.8 3763458 3762733 genome.dna 3790568 3789761 NC_003919.gbk
1106 52.8 3764478 3763501 genome.dna 3791571 3790575 NC_003919.gbk
395 33.1 3770090 3770806 genome.dna 736178 736916 NC_003919.gbk
424 59.8 3773009 3772662 genome.dna 1483598 1484006 NC_003919.gbk
902 56.7 3773827 3773072 genome.dna 1482695 1483454 NC_003919.gbk
411 40.9 3774414 3773866 genome.dna 1482119 1482632 NC_003919.gbk
337 56.1 3774681 3774433 genome.dna 1481818 1482076 NC_003919.gbk
1929 65.9 3776200 3774839 genome.dna 1477749 1479126 NC_003919.gbk
363 30.5 3776370 3777164 genome.dna 1477508 1476716 NC_003919.gbk
294 42.2 3780004 3779576 genome.dna 2490259 2490682 NC_003919.gbk
3445 59.1 3784972 3782345 genome.dna 2001826 2004475 NC_003919.gbk
1500 67.0 3786717 3785644 genome.dna 1999889 2000924 NC_003919.gbk
518 51.0 3787319 3786825 genome.dna 1996378 1996879 NC_003919.gbk
581 34.4 3793865 3792984 genome.dna 3327428 3328343 NC_003919.gbk
1086 41.7 3854898 3852301 genome.dna 4868311 4865530 NC_003919.gbk
1239 43.5 3857041 3855704 genome.dna 4840121 4838786 NC_003919.gbk
296 30.5 3861516 3859750 genome.dna 4871254 4869370 NC_003919.gbk
1208 40.0 3863434 3861956 genome.dna 4874838 4873344 NC_003919.gbk
1190 43.6 3866442 3865039 genome.dna 3332861 3331349 NC_003919.gbk
591 36.0 3878830 3877589 genome.dna 4643435 4642097 NC_003919.gbk
639 32.6 3880056 3878830 genome.dna 2675160 2673933 NC_003919.gbk
1149 45.6 3882715 3881462 genome.dna 2738507 2737262 NC_003919.gbk
912 42.5 3883829 3882726 genome.dna 2739729 2738637 NC_003919.gbk
842 43.6 3889382 3888324 genome.dna 4297497 4296417 NC_003919.gbk
2926 53.3 3894156 3896603 genome.dna 3574313 3576788 NC_003919.gbk
783 44.3 3898447 3899475 genome.dna 1877575 1878640 NC_003919.gbk
705 52.8 3906590 3906045 genome.dna 2135397 2134830 NC_003919.gbk
722 50.7 3907276 3906587 genome.dna 2134828 2134129 NC_003919.gbk
557 47.1 3907890 3907273 genome.dna 2136086 2135432 NC_003919.gbk
1344 54.8 3908071 3909228 genome.dna 2717496 2716347 NC_003919.gbk
738 44.6 3909216 3909983 genome.dna 2716206 2715402 NC_003919.gbk
1215 49.2 3911288 3910026 genome.dna 359033 357761 NC_003919.gbk
1617 59.5 3912529 3911285 genome.dna 357772 356515 NC_003919.gbk
1784 53.0 3917101 3918687 genome.dna 364456 362875 NC_003919.gbk
727 44.1 3918901 3920391 genome.dna 365868 364455 NC_003919.gbk
390 48.8 3920435 3920821 genome.dna 355632 355236 NC_003919.gbk
336 43.8 3921260 3920868 genome.dna 2148695 2148290 NC_003919.gbk
1424 56.4 3928680 3929900 genome.dna 596807 597998 NC_003919.gbk
294 32.9 3931316 3931831 genome.dna 1679786 1680287 NC_003919.gbk
1086 43.6 3932105 3933280 genome.dna 1667933 1669127 NC_003919.gbk
1731 51.0 3933298 3934833 genome.dna 1669133 1670714 NC_003919.gbk
407 41.7 3938346 3938765 genome.dna 1463374 1462927 NC_003919.gbk
1936 38.0 3939697 3942345 genome.dna 4777364 4774655 NC_003919.gbk
1028 40.4 3945541 3944261 genome.dna 5095765 5094403 NC_003919.gbk
1012 48.9 3952362 3953393 genome.dna 4347819 4346811 NC_003919.gbk
636 45.4 3953386 3954039 genome.dna 4346815 4346119 NC_003919.gbk
641 43.0 3954101 3954916 genome.dna 4345974 4345164 NC_003919.gbk
2043 56.2 3956293 3958011 genome.dna 4230527 4232279 NC_003919.gbk
508 35.1 3960197 3959163 genome.dna 1987936 1988716 NC_003919.gbk
619 51.2 3961248 3960622 genome.dna 1986629 1987307 NC_003919.gbk
516 38.8 3962437 3961391 genome.dna 1983852 1984962 NC_003919.gbk
551 53.6 3963052 3962555 genome.dna 1983239 1983740 NC_003919.gbk
541 46.3 3963804 3963091 genome.dna 1982435 1983236 NC_003919.gbk
290 43.9 3964143 3963808 genome.dna 1982073 1982439 NC_003919.gbk
1366 67.7 3970373 3969465 genome.dna 3922726 3921817 NC_003919.gbk
1022 64.3 3972869 3972135 genome.dna 3926565 3927291 NC_003919.gbk
1842 49.9 3974615 3972882 genome.dna 3924862 3926569 NC_003919.gbk
1107 42.2 3976444 3974615 genome.dna 3922906 3924754 NC_003919.gbk
579 67.8 3984884 3985300 genome.dna 4289013 4289376 NC_003919.gbk
738 39.8 3986238 3987221 genome.dna 866395 865372 NC_003919.gbk
996 38.4 3994559 3995977 genome.dna 5004566 5003120 NC_003919.gbk
1035 68.8 3996022 3996702 genome.dna 4128871 4128190 NC_003919.gbk
1709 62.3 4001743 4000448 genome.dna 1980777 1982070 NC_003919.gbk
2302 64.5 4003479 4001842 genome.dna 1977449 1979114 NC_003919.gbk
1533 42.1 4007080 4004843 genome.dna 3661509 3659325 NC_003919.gbk
1013 38.4 4008483 4007131 genome.dna 1534334 1535690 NC_003919.gbk
1572 62.2 4012636 4011491 genome.dna 5156380 5155210 NC_003919.gbk
601 36.5 4013697 4012813 genome.dna 1519441 1520329 NC_003919.gbk
328 34.4 4014558 4013788 genome.dna 3734498 3735275 NC_003919.gbk
1811 45.3 4027241 4025196 genome.dna 1873129 1875631 NC_003919.gbk
960 39.6 4031933 4029078 genome.dna 649022 651848 NC_003919.gbk
1427 55.1 4034399 4035643 genome.dna 855382 854149 NC_003919.gbk
283 36.3 4036522 4035704 genome.dna 250656 249858 NC_003919.gbk
401 55.3 4037027 4036671 genome.dna 4554766 4554409 NC_003919.gbk
732 61.0 4039680 4040210 genome.dna 4053486 4054023 NC_003919.gbk
905 31.1 4046550 4044691 genome.dna 4952516 4950734 NC_003919.gbk
781 55.9 4046883 4047521 genome.dna 1061897 1062548 NC_003919.gbk
740 50.0 4050959 4050219 genome.dna 3588066 3587280 NC_003919.gbk
694 57.2 4053431 4053985 genome.dna 4385079 4385655 NC_003919.gbk
525 57.3 4059979 4059527 genome.dna 1866182 1866632 NC_003919.gbk
392 73.0 4060248 4060021 genome.dna 1865764 1865995 NC_003919.gbk
500 59.0 4060971 4060579 genome.dna 1865321 1865753 NC_003919.gbk
165 31.1 4064375 4065496 genome.dna 4660961 4662185 NC_003919.gbk
316 38.9 4067878 4067480 genome.dna 3516566 3516161 NC_003919.gbk
763 49.4 4068636 4067902 genome.dna 1812937 1813687 NC_003919.gbk
2121 46.7 4071195 4068739 genome.dna 1809726 1811871 NC_003919.gbk
201 31.8 4071662 4071237 genome.dna 3438757 3439216 NC_003919.gbk
1045 50.3 4076878 4075862 genome.dna 3431978 3430940 NC_003919.gbk
704 51.1 4076900 4077613 genome.dna 3432389 3433082 NC_003919.gbk
622 40.8 4077711 4078532 genome.dna 3433125 3433980 NC_003919.gbk
714 55.7 4079441 4080034 genome.dna 4005455 4006079 NC_003919.gbk
1358 54.0 4080027 4081166 genome.dna 4006094 4007252 NC_003919.gbk
119 33.8 4081395 4081658 genome.dna 1291802 1292063 NC_003919.gbk
113 42.9 4086196 4086327 genome.dna 4700959 4700806 NC_003919.gbk
374 42.2 4086876 4086421 genome.dna 755029 754528 NC_003919.gbk
210 30.9 4093480 4093013 genome.dna 885577 886054 NC_003919.gbk
561 33.3 4100167 4101123 genome.dna 879636 880548 NC_003919.gbk
1148 52.3 4109655 4110677 genome.dna 4717304 4716299 NC_003919.gbk
1550 53.0 4114440 4115846 genome.dna 1704557 1705988 NC_003919.gbk
993 46.3 4115888 4116970 genome.dna 4365148 4364047 NC_003919.gbk
674 58.0 4121033 4121530 genome.dna 1561987 1561486 NC_003919.gbk
4555 71.4 4139901 4137067 genome.dna 1425203 1422239 NC_003919.gbk
571 51.1 4140147 4140710 genome.dna 3411974 3411431 NC_003919.gbk
4209 72.8 4221505 4218908 genome.dna 2188823 2191415 NC_003919.gbk
2268 51.0 4225257 4223014 genome.dna 4295219 4292975 NC_003919.gbk
1299 48.0 4233904 4232027 genome.dna 4340539 4338760 NC_003919.gbk
3467 57.0 4236582 4233919 genome.dna 678351 681039 NC_003919.gbk
1001 35.3 4239710 4241143 genome.dna 4941948 4940565 NC_003919.gbk
751 45.0 4244964 4245854 genome.dna 3138755 3139619 NC_003919.gbk
230 37.6 4246180 4246626 genome.dna 3820050 3819609 NC_003919.gbk
1148 40.9 4246629 4248101 genome.dna 3818981 3817244 NC_003919.gbk
545 47.4 4250722 4251348 genome.dna 3822546 3823155 NC_003919.gbk
3457 60.0 4255592 4252890 genome.dna 934115 936854 NC_003919.gbk
1204 57.5 4257707 4256787 genome.dna 931452 932385 NC_003919.gbk
1398 58.8 4258960 4257809 genome.dna 930025 931237 NC_003919.gbk
1296 46.2 4260285 4259029 genome.dna 928472 929708 NC_003919.gbk
967 53.5 4262088 4261168 genome.dna 926576 927533 NC_003919.gbk
1622 53.7 4263557 4262097 genome.dna 925146 926580 NC_003919.gbk
1077 48.3 4264711 4263620 genome.dna 923869 925150 NC_003919.gbk
968 43.0 4265910 4264708 genome.dna 922496 923873 NC_003919.gbk
477 30.3 4267226 4265910 genome.dna 3415976 3414569 NC_003919.gbk
1499 61.0 4268312 4267230 genome.dna 921411 922497 NC_003919.gbk
894 42.1 4269667 4268306 genome.dna 919910 921422 NC_003919.gbk
1183 44.7 4271151 4269664 genome.dna 918426 919914 NC_003919.gbk
1528 43.6 4272901 4271138 genome.dna 916561 918430 NC_003919.gbk
973 52.6 4274186 4273242 genome.dna 915220 916249 NC_003919.gbk
279 32.4 4274647 4274189 genome.dna 914729 915176 NC_003919.gbk
1342 43.7 4282166 4283764 genome.dna 4076379 4077942 NC_003919.gbk
1198 52.8 4283764 4284855 genome.dna 4079373 4078299 NC_003919.gbk
1977 63.1 4284858 4286258 genome.dna 4081625 4080185 NC_003919.gbk
823 61.0 4286272 4286874 genome.dna 4080114 4079466 NC_003919.gbk
2118 57.6 4301676 4300054 genome.dna 203482 205009 NC_003919.gbk
960 38.4 4316738 4318033 genome.dna 1027586 1026194 NC_003919.gbk
1030 51.7 4318033 4319034 genome.dna 1026175 1025203 NC_003919.gbk
815 48.8 4319027 4319845 genome.dna 1025086 1024297 NC_003919.gbk
400 46.7 4319858 4320235 genome.dna 1024261 1023877 NC_003919.gbk
723 44.5 4320238 4321083 genome.dna 1023849 1022904 NC_003919.gbk
389 41.5 4323873 4323391 genome.dna 1003650 1004145 NC_003919.gbk
698 50.0 4327281 4326592 genome.dna 1486142 1486838 NC_003919.gbk
4897 70.1 4330684 4327460 genome.dna 2157608 2160881 NC_003919.gbk
952 63.4 4331847 4330699 genome.dna 2156011 2157187 NC_003919.gbk
352 38.3 4333114 4332293 genome.dna 2155055 2155772 NC_003919.gbk
1309 62.1 4334402 4333452 genome.dna 1434422 1435373 NC_003919.gbk
431 43.9 4335368 4334856 genome.dna 1433837 1434356 NC_003919.gbk
2111 54.0 4338181 4335368 genome.dna 1430691 1433523 NC_003919.gbk
757 42.2 4339154 4338213 genome.dna 1429662 1430685 NC_003919.gbk
297 56.3 4339580 4339843 genome.dna 1427769 1427499 NC_003919.gbk
1620 60.8 4343498 4342359 genome.dna 1757322 1758450 NC_003919.gbk
2992 72.2 4345514 4343607 genome.dna 1755236 1757162 NC_003919.gbk
1744 60.2 4348005 4346668 genome.dna 2075790 2074506 NC_003919.gbk
1011 51.1 4351229 4350276 genome.dna 1064864 1063895 NC_003919.gbk
878 39.6 4353827 4352538 genome.dna 2118231 2119542 NC_003919.gbk
495 34.3 4354760 4353831 genome.dna 2116766 2117687 NC_003919.gbk
1918 41.5 4357222 4354763 genome.dna 2114169 2116677 NC_003919.gbk
246 30.2 4362071 4361421 genome.dna 1185552 1186197 NC_003919.gbk
2606 69.1 4365488 4367155 genome.dna 882773 881111 NC_003919.gbk
598 34.3 4370100 4369195 genome.dna 1710397 1709362 NC_003919.gbk
952 46.2 4370220 4371221 genome.dna 1168078 1167055 NC_003919.gbk
1590 60.3 4372650 4371418 genome.dna 2141289 2140047 NC_003919.gbk
819 62.9 4373604 4372945 genome.dna 4016911 4017604 NC_003919.gbk
443 39.9 4376373 4375759 genome.dna 3686243 3685616 NC_003919.gbk
602 35.4 4377440 4376580 genome.dna 2385022 2384047 NC_003919.gbk
1533 60.9 4379941 4378778 genome.dna 3944526 3943350 NC_003919.gbk
1957 47.6 4387762 4385783 genome.dna 4615299 4613361 NC_003919.gbk
1857 70.1 4388480 4389631 genome.dna 971779 970567 NC_003919.gbk
609 42.7 4391555 4392289 genome.dna 3590076 3590811 NC_003919.gbk
1081 54.6 4392301 4393260 genome.dna 3646077 3647028 NC_003919.gbk
555 42.2 4393344 4393907 genome.dna 3426221 3425654 NC_003919.gbk
325 38.7 4393907 4394326 genome.dna 3425662 3425194 NC_003919.gbk
853 44.4 4395434 4394430 genome.dna 146892 145881 NC_003919.gbk
1504 52.3 4395604 4396995 genome.dna 4047129 4045770 NC_003919.gbk
1790 60.9 4398393 4397095 genome.dna 1318708 1320001 NC_003919.gbk
401 35.6 4399815 4398820 genome.dna 1316097 1316961 NC_003919.gbk
706 35.9 4401072 4399819 genome.dna 1314970 1316098 NC_003919.gbk
1440 55.9 4402445 4401165 genome.dna 1994635 1995955 NC_003919.gbk
422 72.9 4402839 4402540 genome.dna 1994345 1994624 NC_003919.gbk
951 50.2 4403893 4402952 genome.dna 1993284 1994268 NC_003919.gbk
1174 40.8 4405841 4403886 genome.dna 2802846 2800968 NC_003919.gbk
406 46.3 4408042 4407560 genome.dna 2805265 2804764 NC_003919.gbk
1178 44.0 4409618 4408062 genome.dna 2806749 2805261 NC_003919.gbk
1319 54.0 4409761 4410900 genome.dna 2806773 2807841 NC_003919.gbk
2199 62.5 4413004 4411424 genome.dna 1068523 1066930 NC_003919.gbk
800 60.4 4413698 4413135 genome.dna 1069272 1068708 NC_003919.gbk
1613 68.7 4422828 4421779 genome.dna 35928 36987 NC_003919.gbk
663 57.7 4435345 4434803 genome.dna 2383250 2383835 NC_003919.gbk
768 45.4 4436846 4437871 genome.dna 3189274 3190117 NC_003919.gbk
818 44.5 4442310 4441333 genome.dna 1875627 1876590 NC_003919.gbk
344 41.2 4446212 4446796 genome.dna 4652190 4652748 NC_003919.gbk
344 53.3 4447190 4446837 genome.dna 987306 986952 NC_003919.gbk
785 59.6 4448185 4447619 genome.dna 2774235 2773668 NC_003919.gbk
991 49.2 4448227 4449270 genome.dna 2774337 2775366 NC_003919.gbk
841 37.4 4451372 4449723 genome.dna 2056530 2058045 NC_003919.gbk
1189 36.3 4467628 4465850 genome.dna 4508826 4507086 NC_003919.gbk
1938 68.1 4468982 4467675 genome.dna 306511 307807 NC_003919.gbk
1717 51.8 4470612 4469014 genome.dna 304726 306343 NC_003919.gbk
598 50.3 4477982 4478530 genome.dna 415592 415046 NC_003919.gbk
659 45.2 4479596 4478769 genome.dna 4724954 4724102 NC_003919.gbk
440 45.0 4481228 4480755 genome.dna 4475048 4475522 NC_003919.gbk
697 39.2 4482321 4481200 genome.dna 4473860 4475006 NC_003919.gbk
614 55.4 4482450 4482959 genome.dna 4472521 4472008 NC_003919.gbk
998 54.1 4482986 4483933 genome.dna 4471608 4470684 NC_003919.gbk
994 40.7 4484001 4485290 genome.dna 4470685 4469374 NC_003919.gbk
476 55.1 4486815 4487225 genome.dna 3886062 3886494 NC_003919.gbk
632 76.4 4488068 4487676 genome.dna 1148963 1149347 NC_003919.gbk
1375 63.9 4489098 4488109 genome.dna 1147784 1148783 NC_003919.gbk
918 66.3 4489744 4489124 genome.dna 1147104 1147731 NC_003919.gbk
669 72.3 4490164 4489775 genome.dna 1146696 1147089 NC_003919.gbk
533 64.4 4490537 4490181 genome.dna 1146329 1146686 NC_003919.gbk
1751 59.7 4492165 4490834 genome.dna 1144632 1145997 NC_003919.gbk
499 52.4 4492607 4492173 genome.dna 1144181 1144625 NC_003919.gbk
137 40.8 4492790 4492611 genome.dna 1144015 1144177 NC_003919.gbk
741 72.5 4493297 4492797 genome.dna 1143450 1143993 NC_003919.gbk
413 53.8 4493665 4493312 genome.dna 1142932 1143292 NC_003919.gbk
564 51.7 4494208 4493675 genome.dna 1142316 1142844 NC_003919.gbk
525 59.8 4494614 4494222 genome.dna 1141902 1142301 NC_003919.gbk
386 56.4 4494953 4494648 genome.dna 1141392 1141698 NC_003919.gbk
816 65.9 4495506 4494967 genome.dna 1140831 1141374 NC_003919.gbk
343 49.0 4495835 4495521 genome.dna 1140502 1140820 NC_003919.gbk
651 80.5 4496217 4495846 genome.dna 1140118 1140487 NC_003919.gbk
319 56.4 4496635 4496381 genome.dna 1139834 1140104 NC_003919.gbk
192 54.4 4496826 4496635 genome.dna 1139637 1139823 NC_003919.gbk
682 73.5 4497236 4496826 genome.dna 1139224 1139638 NC_003919.gbk
1055 69.3 4497950 4497249 genome.dna 1138484 1139219 NC_003919.gbk
416 64.5 4498300 4497968 genome.dna 1138125 1138467 NC_003919.gbk
428 65.9 4498593 4498315 genome.dna 1137849 1138119 NC_003919.gbk
1361 71.1 4499431 4498610 genome.dna 1137015 1137843 NC_003919.gbk
306 48.5 4499751 4499449 genome.dna 1136705 1137005 NC_003919.gbk
686 56.4 4500353 4499748 genome.dna 1136103 1136709 NC_003919.gbk
860 60.5 4500993 4500364 genome.dna 1135440 1136091 NC_003919.gbk
545 79.4 4501337 4501026 genome.dna 1135117 1135429 NC_003919.gbk
664 64.9 4502117 4501644 genome.dna 579234 579705 NC_003919.gbk
3317 71.0 4505956 4503842 genome.dna 1131294 1133412 NC_003919.gbk
634 60.3 4506523 4506053 genome.dna 1130689 1131157 NC_003919.gbk
655 78.2 4506994 4506620 genome.dna 1130302 1130677 NC_003919.gbk
1221 35.6 4509286 4510932 genome.dna 1398248 1396580 NC_003919.gbk
147 34.7 4517758 4517976 genome.dna 1793159 1793396 NC_003919.gbk
1496 42.7 4522627 4520816 genome.dna 4780371 4782204 NC_003919.gbk
1013 44.7 4523306 4525213 genome.dna 3719175 3717255 NC_003919.gbk
673 46.3 4529138 4529770 genome.dna 574220 573527 NC_003919.gbk
1317 51.3 4531124 4529898 genome.dna 4038491 4037264 NC_003919.gbk
822 60.7 4531820 4531245 genome.dna 569043 569622 NC_003919.gbk
813 43.0 4534304 4535428 genome.dna 3491689 3490627 NC_003919.gbk
865 39.1 4549962 4551341 genome.dna 3935371 3936643 NC_003919.gbk
407 36.2 4558484 4557780 genome.dna 4296320 4295624 NC_003919.gbk
1089 70.9 4559154 4558477 genome.dna 563417 564089 NC_003919.gbk
972 48.0 4562421 4561336 genome.dna 3521074 3522187 NC_003919.gbk
455 41.3 4562994 4562473 genome.dna 3520535 3521078 NC_003919.gbk
1050 41.7 4567199 4569754 genome.dna 3990479 3993002 NC_003919.gbk
565 47.6 4570394 4569837 genome.dna 3588635 3588077 NC_003919.gbk
304 41.7 4573911 4574321 genome.dna 1487773 1488181 NC_003919.gbk
604 36.2 4574406 4575275 genome.dna 3565794 3566685 NC_003919.gbk
641 45.3 4579442 4578723 genome.dna 871367 870647 NC_003919.gbk
510 50.3 4592217 4591738 genome.dna 3197921 3198428 NC_003919.gbk
2905 60.1 4597892 4600225 genome.dna 2396349 2398710 NC_003919.gbk
1464 68.3 4601730 4602686 genome.dna 403562 402605 NC_003919.gbk
287 31.5 4609268 4607523 genome.dna 3230959 3232666 NC_003919.gbk
549 39.3 4613436 4612669 genome.dna 456815 456053 NC_003919.gbk
156 35.8 4613483 4614184 genome.dna 459856 460588 NC_003919.gbk
527 40.6 4614245 4614820 genome.dna 2473790 2474390 NC_003919.gbk
629 31.5 4616966 4614891 genome.dna 507024 508974 NC_003919.gbk
865 52.8 4620311 4619553 genome.dna 431959 431188 NC_003919.gbk
1692 52.8 4622349 4623851 genome.dna 430956 429450 NC_003919.gbk
1009 37.6 4634257 4632818 genome.dna 501615 503040 NC_003919.gbk
2048 49.0 4637576 4635600 genome.dna 3834338 3836471 NC_003919.gbk
2720 55.4 4639754 4637577 genome.dna 192604 194779 NC_003919.gbk
133 31.9 4643495 4643175 genome.dna 1725474 1725804 NC_003919.gbk
687 54.1 4645142 4645735 genome.dna 3134864 3134264 NC_003919.gbk
743 47.6 4651246 4650551 genome.dna 2009199 2008497 NC_003919.gbk
492 30.7 4657530 4658615 genome.dna 5164962 5163855 NC_003919.gbk
1846 47.6 4664050 4662224 genome.dna 3677075 3678872 NC_003919.gbk
2775 58.6 4672431 4670269 genome.dna 4880603 4878410 NC_003919.gbk
432 36.4 4673230 4672514 genome.dna 4677986 4678724 NC_003919.gbk
932 48.8 4674165 4673230 genome.dna 750734 751652 NC_003919.gbk
763 45.5 4675687 4674863 genome.dna 749073 749886 NC_003919.gbk
1051 57.0 4680620 4681561 genome.dna 736946 737861 NC_003919.gbk
431 32.0 4691085 4692392 genome.dna 968819 969998 NC_003919.gbk
834 35.9 4699363 4698113 genome.dna 1948481 1949735 NC_003919.gbk
1366 59.2 4702353 4701286 genome.dna 4252228 4251172 NC_003919.gbk
546 32.3 4703612 4702350 genome.dna 2459066 2460359 NC_003919.gbk
412 35.4 4704862 4703738 genome.dna 53952 55071 NC_003919.gbk
1980 71.1 4708658 4707399 genome.dna 4505457 4506738 NC_003919.gbk
447 57.4 4709479 4709153 genome.dna 4504282 4504624 NC_003919.gbk
1766 43.2 4714432 4712411 genome.dna 5058626 5056649 NC_003919.gbk
2917 71.6 4729969 4728119 genome.dna 412928 411089 NC_003919.gbk
402 31.0 4730969 4730043 genome.dna 1088636 1089722 NC_003919.gbk
2243 60.3 4732978 4731332 genome.dna 4073226 4074948 NC_003919.gbk
869 32.8 4750000 4748153 genome.dna 3758114 3756233 NC_003919.gbk
442 45.2 4752703 4752062 genome.dna 4657474 4658122 NC_003919.gbk
883 47.1 4755209 4754301 genome.dna 1066839 1065897 NC_003919.gbk
723 39.7 4756712 4755816 genome.dna 939752 938924 NC_003919.gbk
1467 58.4 4766891 4765731 genome.dna 3556802 3555584 NC_003919.gbk
2138 47.6 4770998 4773196 genome.dna 4491393 4493616 NC_003919.gbk
714 66.9 4775884 4776414 genome.dna 751848 752400 NC_003919.gbk
1833 65.8 4776424 4777755 genome.dna 752510 753878 NC_003919.gbk
467 42.9 4778952 4779437 genome.dna 3292181 3291680 NC_003919.gbk
646 44.1 4780345 4781184 genome.dna 429276 428454 NC_003919.gbk
2155 62.4 4781238 4782749 genome.dna 428332 426814 NC_003919.gbk
484 33.3 4784192 4784938 genome.dna 1684502 1683722 NC_003919.gbk
870 52.8 4786326 4787093 genome.dna 3166890 3166134 NC_003919.gbk
195 31.6 4788410 4787304 genome.dna 2691564 2692599 NC_003919.gbk
685 40.0 4789295 4788411 genome.dna 2692723 2693608 NC_003919.gbk
547 51.3 4834867 4834403 genome.dna 279549 279072 NC_003919.gbk
1155 49.4 4838481 4837408 genome.dna 2421192 2422281 NC_003919.gbk
873 39.0 4859267 4858077 genome.dna 2152650 2153934 NC_003919.gbk
1052 58.2 4866035 4865178 genome.dna 4498888 4498012 NC_003919.gbk
560 33.8 4867335 4866367 genome.dna 4501610 4500659 NC_003919.gbk
746 51.9 4867996 4867325 genome.dna 4502293 4501606 NC_003919.gbk
1068 44.0 4869411 4868002 genome.dna 3010435 3012100 NC_003919.gbk
570 49.5 4869761 4870336 genome.dna 2960365 2959741 NC_003919.gbk
272 42.3 4871324 4871004 genome.dna 22772 23093 NC_003919.gbk
194 31.7 4875290 4875967 genome.dna 652501 651949 NC_003919.gbk
1107 58.2 4886675 4885383 genome.dna 4102327 4100953 NC_003919.gbk
1271 35.4 4896128 4898422 genome.dna 4160322 4157799 NC_003919.gbk
1145 49.2 4898429 4899544 genome.dna 4157776 4156621 NC_003919.gbk
2317 78.2 4906610 4907971 genome.dna 2757529 2758894 NC_003919.gbk
1277 39.8 4911222 4909444 genome.dna 2958182 2956403 NC_003919.gbk
1234 57.8 4948910 4949932 genome.dna 3764221 3763195 NC_003919.gbk
1661 66.1 4949991 4951133 genome.dna 1010539 1009375 NC_003919.gbk
1221 70.0 4951144 4951938 genome.dna 3763077 3762282 NC_003919.gbk
994 58.7 4951935 4952735 genome.dna 3762334 3761458 NC_003919.gbk
2033 74.3 4956187 4955039 genome.dna 2022470 2021321 NC_003919.gbk
2033 74.3 4956187 4955039 genome.dna 2022470 2021321 NC_003919.gbk
2033 74.3 4956187 4955039 genome.dna 2022470 2021321 NC_003919.gbk
757 56.6 4956801 4956184 genome.dna 2023099 2022466 NC_003919.gbk
757 56.6 4956801 4956184 genome.dna 2023099 2022466 NC_003919.gbk
534 34.3 4957681 4956785 genome.dna 2020420 2019541 NC_003919.gbk
532 33.7 4964420 4963467 genome.dna 3997048 3996109 NC_003919.gbk
3181 60.1 4981440 4979023 genome.dna 5019 7464 NC_003919.gbk
639 34.3 4982544 4981459 genome.dna 3798 4905 NC_003919.gbk
1210 50.4 4983694 4982594 genome.dna 1646 2747 NC_003919.gbk
1443 55.4 4985096 4983699 genome.dna 41 1370 NC_003919.gbk
226 81.0 4985770 4985910 genome.dna 5175353 5175212 NC_003919.gbk
1184 37.6 4986512 4988146 genome.dna 5174711 5172986 NC_003919.gbk
1259 50.8 4988276 4989640 genome.dna 5170047 5168700 NC_003919.gbk
1017 56.8 4992272 4991421 genome.dna 406877 405998 NC_003919.gbk
293 38.1 4992373 4992792 genome.dna 407013 407445 NC_003919.gbk
1626 53.1 4994663 4993335 genome.dna 2085231 2083977 NC_003919.gbk
1626 53.1 4994663 4993335 genome.dna 2085231 2083977 NC_003919.gbk
736 43.0 4996675 4994660 genome.dna 2087133 2085234 NC_003919.gbk
712 37.9 4999353 5000237 genome.dna 4645520 4644638 NC_003919.gbk
1367 49.1 5010680 5009268 genome.dna 370656 369342 NC_003919.gbk
1305 49.1 5015861 5014662 genome.dna 5071592 5072774 NC_003919.gbk
448 32.6 5017538 5016804 genome.dna 1819291 1818580 NC_003919.gbk
1142 66.1 5018328 5017552 genome.dna 1820223 1819419 NC_003919.gbk
943 52.8 5019301 5018414 genome.dna 1821142 1820272 NC_003919.gbk
1067 51.0 5020260 5019301 genome.dna 1822116 1821141 NC_003919.gbk
1216 55.1 5021463 5020423 genome.dna 1824690 1823670 NC_003919.gbk
617 42.1 5034549 5033818 genome.dna 4796142 4795410 NC_003919.gbk
729 43.0 5036220 5035063 genome.dna 4790375 4791575 NC_003919.gbk
2145 54.6 5049054 5047222 genome.dna 4315530 4313700 NC_003919.gbk
1504 50.5 5050610 5049240 genome.dna 4325240 4323866 NC_003919.gbk
381 43.4 5053946 5053527 genome.dna 4327508 4327085 NC_003919.gbk
2422 80.5 5055348 5053966 genome.dna 4329058 4327651 NC_003919.gbk
1123 57.6 5056259 5055396 genome.dna 4330066 4329202 NC_003919.gbk
2451 73.8 5057853 5056312 genome.dna 4331727 4330179 NC_003919.gbk
380 39.9 5058399 5057866 genome.dna 4332302 4331774 NC_003919.gbk
484 48.1 5058884 5058414 genome.dna 4332776 4332305 NC_003919.gbk
669 44.6 5060037 5059237 genome.dna 4334065 4333264 NC_003919.gbk
2687 65.1 5063659 5061770 genome.dna 449683 447778 NC_003919.gbk
