467 46.3 1179 2171 genome.dna 2177788 2178772 NC_003995.gbk
415 50.4 10521 10940 genome.dna 1194179 1194575 NC_003995.gbk
1591 49.5 10948 12453 genome.dna 1194593 1196078 NC_003995.gbk
1050 55.4 12461 13429 genome.dna 1196080 1197016 NC_003995.gbk
996 56.6 13455 14342 genome.dna 1197030 1197957 NC_003995.gbk
660 39.3 14538 15464 genome.dna 1193286 1194183 NC_003995.gbk
1334 37.8 25826 28615 genome.dna 4838802 4836168 NC_003995.gbk
384 34.9 29669 29034 genome.dna 4722438 4721841 NC_003995.gbk
454 46.9 39698 40135 genome.dna 4657293 4656852 NC_003995.gbk
630 32.5 44746 43358 genome.dna 1986805 1988128 NC_003995.gbk
1309 39.6 47188 45107 genome.dna 4124776 4122727 NC_003995.gbk
464 42.3 50956 50333 genome.dna 4141043 4140443 NC_003995.gbk
379 30.1 59253 58054 genome.dna 4948450 4949722 NC_003995.gbk
468 30.2 62838 64181 genome.dna 1918874 1920161 NC_003995.gbk
951 47.5 93925 92960 genome.dna 6923 7916 NC_003995.gbk
645 46.4 110262 109636 genome.dna 526406 527033 NC_003995.gbk
769 36.7 129082 130098 genome.dna 3457737 3456747 NC_003995.gbk
679 35.8 130095 131123 genome.dna 3455599 3454612 NC_003995.gbk
601 35.7 131116 131922 genome.dna 3454616 3453764 NC_003995.gbk
480 31.6 151546 150683 genome.dna 4142281 4141405 NC_003995.gbk
1003 50.4 156579 155680 genome.dna 4748417 4749317 NC_003995.gbk
840 55.2 162282 162998 genome.dna 4734423 4733685 NC_003995.gbk
294 40.5 165569 165111 genome.dna 4230805 4230358 NC_003995.gbk
1066 44.1 166824 165547 genome.dna 4140056 4138850 NC_003995.gbk
510 38.5 166978 167643 genome.dna 4705666 4704988 NC_003995.gbk
112 36.7 168129 168296 genome.dna 4599206 4599056 NC_003995.gbk
615 38.3 168516 169325 genome.dna 4836156 4835325 NC_003995.gbk
496 45.9 170854 170375 genome.dna 4245341 4244849 NC_003995.gbk
932 39.0 186786 187982 genome.dna 1144074 1145265 NC_003995.gbk
911 42.1 192775 193791 genome.dna 1930892 1931915 NC_003995.gbk
1866 47.1 199780 202044 genome.dna 4309115 4311404 NC_003995.gbk
605 35.6 217784 218788 genome.dna 4426574 4425536 NC_003995.gbk
468 39.4 218826 219599 genome.dna 4424290 4423522 NC_003995.gbk
1474 49.3 219661 221034 genome.dna 4878724 4877335 NC_003995.gbk
518 36.1 222967 223722 genome.dna 1937507 1938221 NC_003995.gbk
1009 47.7 228573 229595 genome.dna 4716617 4715627 NC_003995.gbk
1079 47.2 233849 232686 genome.dna 98073 96900 NC_003995.gbk
541 44.6 252164 252709 genome.dna 655993 656527 NC_003995.gbk
311 40.7 254326 254823 genome.dna 657021 657441 NC_003995.gbk
2122 45.8 255584 259612 genome.dna 658724 662258 NC_003995.gbk
2532 47.2 259736 263959 genome.dna 662295 665907 NC_003995.gbk
719 47.0 269828 269043 genome.dna 1259325 1260096 NC_003995.gbk
2364 65.2 273440 271446 genome.dna 294476 292715 NC_003995.gbk
801 39.9 275283 276347 genome.dna 1547569 1548556 NC_003995.gbk
342 58.9 277924 278196 genome.dna 2696504 2696231 NC_003995.gbk
342 58.9 277924 278196 genome.dna 1935550 1935823 NC_003995.gbk
1461 52.7 280242 278956 genome.dna 824141 825413 NC_003995.gbk
1104 53.4 281849 280260 genome.dna 822484 824020 NC_003995.gbk
763 52.3 292998 292333 genome.dna 1363441 1364140 NC_003995.gbk
779 47.0 293855 293088 genome.dna 1362657 1363455 NC_003995.gbk
877 41.2 295276 296334 genome.dna 5043610 5042599 NC_003995.gbk
713 37.0 301263 300298 genome.dna 636148 637147 NC_003995.gbk
427 30.2 303420 302533 genome.dna 4572005 4571066 NC_003995.gbk
1498 46.2 304889 303438 genome.dna 3780537 3779097 NC_003995.gbk
1667 53.7 306633 305290 genome.dna 4471396 4470043 NC_003995.gbk
316 35.4 307112 306645 genome.dna 4471907 4471412 NC_003995.gbk
430 46.4 307589 307137 genome.dna 4481373 4480932 NC_003995.gbk
805 39.4 310630 309653 genome.dna 1301953 1302952 NC_003995.gbk
1261 57.7 313270 314313 genome.dna 4704830 4703810 NC_003995.gbk
482 46.9 315964 316557 genome.dna 4706288 4705712 NC_003995.gbk
544 35.1 316547 318016 genome.dna 4699035 4697904 NC_003995.gbk
1713 53.1 329415 330869 genome.dna 851982 853434 NC_003995.gbk
758 41.2 334964 334107 genome.dna 217370 216488 NC_003995.gbk
816 32.0 337440 336007 genome.dna 208770 207462 NC_003995.gbk
1346 52.1 345980 347242 genome.dna 362048 360743 NC_003995.gbk
609 36.3 348448 347351 genome.dna 541275 540099 NC_003995.gbk
571 59.3 352201 352629 genome.dna 685012 685450 NC_003995.gbk
483 56.2 352645 353037 genome.dna 685471 685864 NC_003995.gbk
449 33.5 355354 354581 genome.dna 4336883 4337660 NC_003995.gbk
581 37.0 374918 375703 genome.dna 2228559 2227797 NC_003995.gbk
302 37.2 385868 385287 genome.dna 1344336 1344885 NC_003995.gbk
613 37.5 386934 386071 genome.dna 405402 404544 NC_003995.gbk
595 35.8 387875 387024 genome.dna 2816343 2817189 NC_003995.gbk
943 50.4 399153 398326 genome.dna 4394349 4393521 NC_003995.gbk
1046 39.9 413001 411592 genome.dna 1278417 1277025 NC_003995.gbk
1784 59.9 414371 413001 genome.dna 1279811 1278434 NC_003995.gbk
533 34.1 417112 416177 genome.dna 1276906 1275964 NC_003995.gbk
361 33.2 423578 424231 genome.dna 2394965 2395625 NC_003995.gbk
1056 32.9 426927 424789 genome.dna 3834143 3832325 NC_003995.gbk
418 50.0 431880 431494 genome.dna 607125 607500 NC_003995.gbk
459 34.4 433394 432459 genome.dna 4161411 4160496 NC_003995.gbk
615 37.3 435364 434357 genome.dna 4422353 4421402 NC_003995.gbk
762 43.2 460910 458055 genome.dna 4711677 4709031 NC_003995.gbk
972 37.4 463248 461737 genome.dna 25325 23840 NC_003995.gbk
1497 51.1 485144 483705 genome.dna 1133734 1135168 NC_003995.gbk
619 31.1 525365 524040 genome.dna 2269062 2270346 NC_003995.gbk
1362 46.9 530287 528905 genome.dna 643947 645324 NC_003995.gbk
1046 48.2 537938 539215 genome.dna 303914 305126 NC_003995.gbk
1010 40.6 543754 544950 genome.dna 2682231 2683431 NC_003995.gbk
1676 47.7 544947 546572 genome.dna 2683443 2685060 NC_003995.gbk
938 47.4 546583 547458 genome.dna 2685091 2685979 NC_003995.gbk
792 51.2 550604 551389 genome.dna 2681428 2682205 NC_003995.gbk
923 31.9 599597 601615 genome.dna 2275478 2277623 NC_003995.gbk
1335 48.4 694412 693111 genome.dna 913895 912581 NC_003995.gbk
263 44.1 697176 697469 genome.dna 792140 792425 NC_003995.gbk
219 38.8 704061 704669 genome.dna 3913021 3913642 NC_003995.gbk
174 32.3 757206 756736 genome.dna 4462331 4461881 NC_003995.gbk
361 30.5 757677 758612 genome.dna 4843870 4842931 NC_003995.gbk
570 31.4 761351 760380 genome.dna 1938252 1939215 NC_003995.gbk
316 43.7 761608 761919 genome.dna 4697450 4697141 NC_003995.gbk
273 54.3 761939 762196 genome.dna 4696782 4696491 NC_003995.gbk
408 44.2 766454 766933 genome.dna 4631736 4631259 NC_003995.gbk
201 36.5 767354 767061 genome.dna 4591568 4591274 NC_003995.gbk
1980 50.4 768185 770122 genome.dna 626358 628260 NC_003995.gbk
663 43.4 770241 771074 genome.dna 634261 635095 NC_003995.gbk
1254 46.8 771082 772419 genome.dna 695668 697015 NC_003995.gbk
272 35.7 777307 777729 genome.dna 4083130 4082659 NC_003995.gbk
312 44.0 782083 782481 genome.dna 4078581 4078224 NC_003995.gbk
336 57.3 783547 783816 genome.dna 4076099 4075829 NC_003995.gbk
2200 50.7 784066 786186 genome.dna 4075669 4073530 NC_003995.gbk
263 34.0 793333 793875 genome.dna 3715929 3715404 NC_003995.gbk
1112 44.9 795852 797180 genome.dna 4385320 4384015 NC_003995.gbk
975 46.8 797270 798493 genome.dna 4387346 4386161 NC_003995.gbk
926 57.8 798538 799257 genome.dna 1894316 1893608 NC_003995.gbk
261 35.1 803045 802602 genome.dna 786091 786535 NC_003995.gbk
606 37.5 805628 804636 genome.dna 2367898 2368780 NC_003995.gbk
440 30.0 808581 807679 genome.dna 3475608 3476541 NC_003995.gbk
754 45.4 808710 809492 genome.dna 1373402 1374161 NC_003995.gbk
758 37.1 812975 814090 genome.dna 4500437 4499336 NC_003995.gbk
410 45.7 814149 814541 genome.dna 85191 84807 NC_003995.gbk
655 44.6 830229 830876 genome.dna 2574801 2574144 NC_003995.gbk
829 44.8 839867 840766 genome.dna 4389529 4388638 NC_003995.gbk
1733 53.4 844582 846099 genome.dna 637306 638806 NC_003995.gbk
1596 46.4 894744 893086 genome.dna 2035667 2037218 NC_003995.gbk
1227 44.2 909308 910588 genome.dna 481464 480165 NC_003995.gbk
441 45.1 927840 927358 genome.dna 177003 176535 NC_003995.gbk
518 30.7 931102 929441 genome.dna 4461500 4459868 NC_003995.gbk
383 33.2 932209 932796 genome.dna 4575782 4575215 NC_003995.gbk
1365 50.9 933233 934465 genome.dna 2248742 2247446 NC_003995.gbk
122 37.5 934700 934497 genome.dna 454623 454809 NC_003995.gbk
579 31.5 949769 948918 genome.dna 4356816 4355967 NC_003995.gbk
2096 49.8 955638 953644 genome.dna 3904901 3902963 NC_003995.gbk
871 32.9 959189 960961 genome.dna 1467246 1468998 NC_003995.gbk
486 46.4 994093 993584 genome.dna 391043 390545 NC_003995.gbk
1864 52.2 995970 994243 genome.dna 4353170 4351457 NC_003995.gbk
218 41.6 996273 996016 genome.dna 214468 214219 NC_003995.gbk
787 47.1 997695 996727 genome.dna 2201930 2202848 NC_003995.gbk
68 34.0 999107 999280 genome.dna 1477437 1477272 NC_003995.gbk
501 31.9 1024600 1025622 genome.dna 1203450 1204503 NC_003995.gbk
1239 46.5 1040649 1039456 genome.dna 2226536 2227745 NC_003995.gbk
450 43.4 1066357 1065851 genome.dna 3096097 3095593 NC_003995.gbk
639 35.1 1087061 1085955 genome.dna 1031132 1032230 NC_003995.gbk
832 51.3 1100443 1101237 genome.dna 2568724 2569681 NC_003995.gbk
531 34.9 1134065 1134883 genome.dna 4652727 4651959 NC_003995.gbk
259 36.6 1138546 1138941 genome.dna 468432 468063 NC_003995.gbk
715 44.7 1154052 1153258 genome.dna 678120 678867 NC_003995.gbk
828 52.4 1154397 1155122 genome.dna 4096849 4096147 NC_003995.gbk
770 50.0 1156279 1157004 genome.dna 4095091 4094368 NC_003995.gbk
584 48.6 1157130 1157687 genome.dna 4094366 4093808 NC_003995.gbk
636 41.1 1157925 1159121 genome.dna 4092114 4090971 NC_003995.gbk
685 45.6 1159320 1160081 genome.dna 4093720 4092946 NC_003995.gbk
316 30.9 1160970 1162325 genome.dna 4090955 4089698 NC_003995.gbk
473 49.6 1166572 1167027 genome.dna 336300 335865 NC_003995.gbk
1022 36.8 1169670 1173152 genome.dna 4860297 4856970 NC_003995.gbk
1151 56.1 1173165 1174124 genome.dna 4853927 4852952 NC_003995.gbk
1949 41.0 1180703 1178139 genome.dna 4034200 4031521 NC_003995.gbk
541 67.9 1211683 1212024 genome.dna 46709 46367 NC_003995.gbk
316 34.6 1250102 1250623 genome.dna 4505306 4504808 NC_003995.gbk
611 43.2 1260789 1261478 genome.dna 546805 546097 NC_003995.gbk
1098 40.3 1265611 1266930 genome.dna 3355832 3354479 NC_003995.gbk
1690 53.0 1267070 1268446 genome.dna 1223053 1221661 NC_003995.gbk
1031 48.6 1271755 1272822 genome.dna 4671998 4670945 NC_003995.gbk
1413 54.6 1272920 1274065 genome.dna 4670933 4669793 NC_003995.gbk
454 49.3 1278470 1278919 genome.dna 4832232 4831770 NC_003995.gbk
854 40.8 1278982 1280091 genome.dna 4404017 4405130 NC_003995.gbk
523 53.6 1280201 1280677 genome.dna 4406980 4407442 NC_003995.gbk
250 35.2 1280702 1281121 genome.dna 4469282 4468889 NC_003995.gbk
1814 45.8 1284598 1282733 genome.dna 4465209 4463316 NC_003995.gbk
689 43.7 1285528 1284617 genome.dna 4466401 4465510 NC_003995.gbk
182 33.3 1285773 1285525 genome.dna 4466631 4466400 NC_003995.gbk
554 35.1 1292157 1291267 genome.dna 4258103 4257179 NC_003995.gbk
604 46.8 1293119 1292505 genome.dna 4254142 4253518 NC_003995.gbk
2369 52.5 1295100 1293109 genome.dna 1231105 1229170 NC_003995.gbk
630 37.5 1296067 1295105 genome.dna 1232014 1231138 NC_003995.gbk
676 33.9 1299536 1300840 genome.dna 4729527 4728249 NC_003995.gbk
897 67.4 1301367 1301990 genome.dna 213314 213896 NC_003995.gbk
1677 61.6 1302154 1303428 genome.dna 4727985 4726725 NC_003995.gbk
2709 53.3 1303620 1306001 genome.dna 4724765 4722434 NC_003995.gbk
342 57.3 1306200 1306472 genome.dna 1935550 1935823 NC_003995.gbk
785 53.0 1310544 1309849 genome.dna 1790971 1791634 NC_003995.gbk
312 34.9 1312030 1312560 genome.dna 1339251 1339746 NC_003995.gbk
1785 45.3 1312639 1314408 genome.dna 3902301 3900549 NC_003995.gbk
1388 39.4 1314401 1316176 genome.dna 3900550 3898786 NC_003995.gbk
268 48.1 1322693 1322445 genome.dna 399754 399508 NC_003995.gbk
533 52.6 1329655 1330212 genome.dna 4660217 4659704 NC_003995.gbk
249 35.9 1332403 1332732 genome.dna 589885 590215 NC_003995.gbk
576 45.4 1332732 1333337 genome.dna 590229 590826 NC_003995.gbk
636 46.8 1335658 1336302 genome.dna 677470 678121 NC_003995.gbk
780 40.8 1348853 1349839 genome.dna 2384420 2385371 NC_003995.gbk
390 42.9 1352428 1351949 genome.dna 3571920 3571443 NC_003995.gbk
1789 38.6 1356196 1353473 genome.dna 3987670 3985252 NC_003995.gbk
735 40.6 1358126 1357212 genome.dna 2427125 2428091 NC_003995.gbk
1713 52.2 1363499 1366138 genome.dna 574418 576890 NC_003995.gbk
412 30.6 1379359 1381041 genome.dna 5076340 5074585 NC_003995.gbk
1280 68.5 1381835 1382692 genome.dna 5073707 5072888 NC_003995.gbk
825 41.7 1402802 1401792 genome.dna 3517220 3516191 NC_003995.gbk
444 36.1 1426894 1426256 genome.dna 821872 822460 NC_003995.gbk
1166 54.2 1427931 1426894 genome.dna 820835 821876 NC_003995.gbk
716 48.8 1428285 1428911 genome.dna 386919 386289 NC_003995.gbk
1326 45.8 1429248 1430537 genome.dna 4162843 4161559 NC_003995.gbk
663 43.2 1436929 1437642 genome.dna 815479 816199 NC_003995.gbk
333 39.2 1437843 1438295 genome.dna 4847340 4846878 NC_003995.gbk
1159 47.0 1458435 1457257 genome.dna 414499 413317 NC_003995.gbk
655 43.9 1459094 1458447 genome.dna 2623333 2623996 NC_003995.gbk
703 47.9 1459750 1459094 genome.dna 2622650 2623349 NC_003995.gbk
899 57.0 1467907 1467197 genome.dna 2557880 2558588 NC_003995.gbk
303 69.8 1468125 1468334 genome.dna 253736 253532 NC_003995.gbk
204 32.8 1468782 1468399 genome.dna 165661 166066 NC_003995.gbk
1003 51.5 1470427 1469462 genome.dna 67897 67000 NC_003995.gbk
290 30.2 1477924 1477454 genome.dna 539801 539321 NC_003995.gbk
272 39.0 1478243 1477926 genome.dna 4590018 4589661 NC_003995.gbk
330 35.0 1479078 1478437 genome.dna 4591143 4590573 NC_003995.gbk
1855 42.8 1483266 1480684 genome.dna 4974592 4972183 NC_003995.gbk
974 60.2 1484840 1484115 genome.dna 1167183 1167915 NC_003995.gbk
248 30.7 1490971 1490492 genome.dna 4562775 4562304 NC_003995.gbk
891 47.3 1492026 1490968 genome.dna 4566068 4565108 NC_003995.gbk
1188 42.3 1493774 1492350 genome.dna 4037014 4035484 NC_003995.gbk
449 34.4 1502595 1501795 genome.dna 4359308 4358519 NC_003995.gbk
280 36.0 1506798 1506349 genome.dna 4390325 4389869 NC_003995.gbk
625 63.1 1514785 1514357 genome.dna 954229 953800 NC_003995.gbk
407 42.0 1519100 1518525 genome.dna 1267389 1267971 NC_003995.gbk
2160 57.7 1521264 1519120 genome.dna 1265282 1267373 NC_003995.gbk
1567 45.1 1522968 1521280 genome.dna 1263601 1265269 NC_003995.gbk
1072 34.1 1525473 1523818 genome.dna 2117747 2119418 NC_003995.gbk
771 41.5 1526654 1525674 genome.dna 2116709 2117735 NC_003995.gbk
568 32.1 1527781 1528740 genome.dna 2844799 2845768 NC_003995.gbk
934 34.0 1528762 1530255 genome.dna 3393239 3391808 NC_003995.gbk
531 40.8 1531148 1531804 genome.dna 3317799 3317085 NC_003995.gbk
769 47.2 1532732 1533469 genome.dna 3316088 3315326 NC_003995.gbk
841 54.0 1533499 1534146 genome.dna 3313268 3312620 NC_003995.gbk
645 32.2 1536355 1535069 genome.dna 2662264 2663383 NC_003995.gbk
1811 39.5 1540513 1543320 genome.dna 1719951 1717083 NC_003995.gbk
1066 46.9 1543336 1544562 genome.dna 1716948 1715691 NC_003995.gbk
1423 56.0 1544898 1546064 genome.dna 4106667 4105506 NC_003995.gbk
1282 64.2 1546064 1546936 genome.dna 4105486 4104583 NC_003995.gbk
718 37.0 1549251 1550390 genome.dna 2313033 2314050 NC_003995.gbk
230 32.2 1559893 1560618 genome.dna 738614 739265 NC_003995.gbk
824 44.6 1561588 1560626 genome.dna 2133962 2134862 NC_003995.gbk
996 61.2 1563766 1563014 genome.dna 2792506 2793244 NC_003995.gbk
1212 51.0 1573036 1572017 genome.dna 530746 529729 NC_003995.gbk
522 40.2 1576893 1577582 genome.dna 741142 740470 NC_003995.gbk
617 34.0 1598229 1599338 genome.dna 687379 688444 NC_003995.gbk
718 51.2 1599518 1600159 genome.dna 4632653 4632014 NC_003995.gbk
202 31.9 1609114 1609548 genome.dna 390298 389857 NC_003995.gbk
690 40.9 1635671 1634820 genome.dna 1683382 1684237 NC_003995.gbk
546 44.4 1636204 1635668 genome.dna 1681840 1682386 NC_003995.gbk
644 43.3 1637078 1636206 genome.dna 1681094 1681832 NC_003995.gbk
2107 67.8 1638449 1639855 genome.dna 704872 706282 NC_003995.gbk
1628 51.7 1652381 1653892 genome.dna 2811643 2813107 NC_003995.gbk
2667 60.9 1654089 1656020 genome.dna 2813262 2815197 NC_003995.gbk
461 30.4 1738556 1737522 genome.dna 329737 328702 NC_003995.gbk
312 32.2 1745705 1744989 genome.dna 4987131 4987806 NC_003995.gbk
301 31.7 1764218 1764715 genome.dna 1905361 1905883 NC_003995.gbk
1768 64.4 1768623 1769945 genome.dna 1865337 1866609 NC_003995.gbk
1066 51.1 1779652 1780665 genome.dna 3446811 3445815 NC_003995.gbk
728 40.1 1813209 1812400 genome.dna 3166073 3165317 NC_003995.gbk
412 30.4 1862075 1860786 genome.dna 291255 292614 NC_003995.gbk
137 32.0 1924289 1923957 genome.dna 780908 781259 NC_003995.gbk
738 41.5 1932575 1933540 genome.dna 947402 948353 NC_003995.gbk
647 34.3 1945543 1946694 genome.dna 2100374 2101421 NC_003995.gbk
849 32.0 1946687 1948771 genome.dna 2101444 2103511 NC_003995.gbk
302 35.8 1951419 1951823 genome.dna 2070210 2070624 NC_003995.gbk
491 33.5 1963383 1962607 genome.dna 2098519 2099278 NC_003995.gbk
887 35.9 1968985 1967612 genome.dna 2074220 2075525 NC_003995.gbk
667 40.3 1975728 1976600 genome.dna 2095489 2094625 NC_003995.gbk
1365 43.2 1993342 1994814 genome.dna 3781092 3782577 NC_003995.gbk
343 47.2 2009604 2010017 genome.dna 3829657 3829243 NC_003995.gbk
223 33.1 2013548 2013970 genome.dna 4883858 4884293 NC_003995.gbk
305 34.6 2013994 2014578 genome.dna 3205121 3204590 NC_003995.gbk
174 30.8 2015203 2015631 genome.dna 4875367 4875826 NC_003995.gbk
396 43.7 2016186 2015680 genome.dna 39196 39658 NC_003995.gbk
577 42.7 2028974 2027880 genome.dna 2396692 2395654 NC_003995.gbk
97 33.3 2040877 2041047 genome.dna 4195745 4195571 NC_003995.gbk
737 38.8 2041077 2042123 genome.dna 4122049 4121056 NC_003995.gbk
811 40.1 2042130 2043083 genome.dna 2196271 2195287 NC_003995.gbk
824 45.5 2043101 2044030 genome.dna 4121042 4120097 NC_003995.gbk
823 53.1 2044045 2044779 genome.dna 4120098 4119357 NC_003995.gbk
281 60.5 2044934 2045170 genome.dna 4119288 4119054 NC_003995.gbk
1386 50.9 2045253 2046494 genome.dna 1642635 1643874 NC_003995.gbk
333 32.9 2048443 2049102 genome.dna 593106 593733 NC_003995.gbk
616 37.6 2050132 2050929 genome.dna 600875 601643 NC_003995.gbk
1134 43.9 2051245 2052678 genome.dna 1010365 1011859 NC_003995.gbk
2066 37.2 2070405 2066956 genome.dna 611651 615182 NC_003995.gbk
417 41.5 2079241 2079792 genome.dna 2458422 2458905 NC_003995.gbk
1084 38.9 2086038 2087372 genome.dna 5060630 5059304 NC_003995.gbk
1090 36.8 2088494 2089945 genome.dna 3735826 3737293 NC_003995.gbk
806 40.1 2091759 2090755 genome.dna 4620402 4619373 NC_003995.gbk
336 42.7 2111138 2111554 genome.dna 17716 17332 NC_003995.gbk
1099 40.0 2112831 2114330 genome.dna 75204 73806 NC_003995.gbk
860 50.8 2114428 2115174 genome.dna 78987 78201 NC_003995.gbk
1309 48.2 2116495 2117718 genome.dna 76894 75673 NC_003995.gbk
1477 50.8 2121733 2120321 genome.dna 4851811 4850053 NC_003995.gbk
487 38.6 2153926 2154558 genome.dna 2591001 2591631 NC_003995.gbk
1135 50.6 2158261 2157266 genome.dna 3734649 3735648 NC_003995.gbk
510 35.7 2175615 2174920 genome.dna 1757744 1758455 NC_003995.gbk
1911 58.2 2177036 2175615 genome.dna 1756323 1757745 NC_003995.gbk
825 50.2 2177765 2177046 genome.dna 1755587 1756307 NC_003995.gbk
959 35.0 2181270 2179897 genome.dna 1821789 1820427 NC_003995.gbk
349 32.3 2181519 2182154 genome.dna 4405111 4405756 NC_003995.gbk
699 35.5 2183367 2182216 genome.dna 3648139 3646966 NC_003995.gbk
674 34.9 2184700 2183675 genome.dna 2806710 2807712 NC_003995.gbk
176 31.0 2188157 2187750 genome.dna 3421403 3421796 NC_003995.gbk
568 34.5 2190305 2191417 genome.dna 2769753 2770902 NC_003995.gbk
1441 51.3 2192856 2194133 genome.dna 4905998 4904741 NC_003995.gbk
2700 56.3 2198282 2200954 genome.dna 3844695 3841971 NC_003995.gbk
930 33.0 2201168 2202799 genome.dna 728963 730574 NC_003995.gbk
599 43.0 2216576 2217319 genome.dna 4153243 4152526 NC_003995.gbk
3000 62.2 2221311 2219248 genome.dna 492357 490281 NC_003995.gbk
789 47.8 2239913 2239125 genome.dna 1684345 1685116 NC_003995.gbk
493 48.8 2258625 2258122 genome.dna 4887495 4886994 NC_003995.gbk
361 33.2 2275290 2274685 genome.dna 2280399 2281092 NC_003995.gbk
489 31.2 2298807 2297113 genome.dna 1385720 1387199 NC_003995.gbk
460 34.1 2306210 2305560 genome.dna 486254 485606 NC_003995.gbk
1822 52.1 2310451 2314227 genome.dna 2465119 2468803 NC_003995.gbk
2165 59.1 2314227 2315807 genome.dna 2468792 2470268 NC_003995.gbk
503 37.8 2316519 2317223 genome.dna 2470835 2471525 NC_003995.gbk
1266 46.0 2336995 2338260 genome.dna 849145 850510 NC_003995.gbk
1119 48.7 2352527 2353639 genome.dna 5071236 5070129 NC_003995.gbk
779 33.2 2359305 2358133 genome.dna 3637136 3635921 NC_003995.gbk
193 33.6 2361239 2360796 genome.dna 1816935 1817382 NC_003995.gbk
490 35.3 2451703 2452401 genome.dna 2304702 2305404 NC_003995.gbk
826 40.6 2463282 2462086 genome.dna 1233392 1234568 NC_003995.gbk
759 40.7 2463567 2464547 genome.dna 2380721 2379719 NC_003995.gbk
324 43.3 2473501 2473887 genome.dna 3589968 3589587 NC_003995.gbk
1260 54.6 2487322 2486231 genome.dna 556530 555489 NC_003995.gbk
434 37.9 2488039 2487452 genome.dna 610627 611251 NC_003995.gbk
941 53.4 2489732 2488785 genome.dna 609666 610485 NC_003995.gbk
458 36.4 2490742 2489870 genome.dna 605230 606100 NC_003995.gbk
884 36.2 2491599 2492855 genome.dna 4720522 4719187 NC_003995.gbk
1099 53.7 2492889 2493971 genome.dna 398435 397505 NC_003995.gbk
1072 43.3 2526583 2527779 genome.dna 3592374 3591180 NC_003995.gbk
364 36.8 2536745 2535825 genome.dna 3026253 3027117 NC_003995.gbk
1096 36.9 2556170 2554698 genome.dna 4950006 4951443 NC_003995.gbk
1798 58.8 2563367 2561970 genome.dna 2143153 2144542 NC_003995.gbk
973 44.1 2571743 2570592 genome.dna 3824309 3823277 NC_003995.gbk
566 43.5 2585970 2586605 genome.dna 1968074 1968719 NC_003995.gbk
900 39.5 2593132 2590532 genome.dna 4103482 4101403 NC_003995.gbk
503 40.0 2597527 2596643 genome.dna 1904538 1905267 NC_003995.gbk
622 33.1 2605113 2606180 genome.dna 1697539 1698565 NC_003995.gbk
1402 54.0 2607572 2608762 genome.dna 1699935 1701129 NC_003995.gbk
453 35.8 2608762 2609568 genome.dna 1701132 1701909 NC_003995.gbk
826 32.4 2624113 2625573 genome.dna 1659731 1661276 NC_003995.gbk
1064 53.6 2628084 2627089 genome.dna 1651724 1652768 NC_003995.gbk
708 39.6 2629004 2628096 genome.dna 1423616 1424468 NC_003995.gbk
874 40.6 2629936 2629016 genome.dna 725274 726192 NC_003995.gbk
847 32.8 2631627 2629990 genome.dna 3812705 3810998 NC_003995.gbk
834 30.4 2633417 2631819 genome.dna 736397 734756 NC_003995.gbk
2398 50.7 2634501 2637176 genome.dna 4624082 4621865 NC_003995.gbk
238 30.0 2637907 2637311 genome.dna 399400 398815 NC_003995.gbk
825 46.0 2639766 2638855 genome.dna 21176 20288 NC_003995.gbk
405 35.2 2645012 2644386 genome.dna 497619 498252 NC_003995.gbk
584 33.3 2651794 2652813 genome.dna 3350878 3349873 NC_003995.gbk
1211 55.0 2654735 2655739 genome.dna 206018 205013 NC_003995.gbk
925 32.7 2658991 2660925 genome.dna 1059449 1061345 NC_003995.gbk
626 32.6 2670474 2672015 genome.dna 1288602 1290021 NC_003995.gbk
586 47.8 2679167 2679979 genome.dna 4701633 4700835 NC_003995.gbk
1365 42.2 2683421 2681736 genome.dna 4776647 4774961 NC_003995.gbk
470 38.7 2694345 2695058 genome.dna 3380263 3380908 NC_003995.gbk
289 69.4 2702947 2702738 genome.dna 5079938 5079737 NC_003995.gbk
721 35.1 2704043 2704957 genome.dna 3403940 3402992 NC_003995.gbk
909 53.1 2724246 2725070 genome.dna 2363666 2362847 NC_003995.gbk
2472 63.4 2726216 2727934 genome.dna 242863 241147 NC_003995.gbk
1290 39.4 2731236 2728849 genome.dna 4813068 4810647 NC_003995.gbk
871 51.2 2732234 2731251 genome.dna 4814121 4813086 NC_003995.gbk
458 58.8 2732903 2732547 genome.dna 4824687 4824330 NC_003995.gbk
212 61.8 2733144 2732947 genome.dna 4824925 4824724 NC_003995.gbk
607 53.6 2733782 2733240 genome.dna 4825450 4824946 NC_003995.gbk
1756 42.4 2735713 2733785 genome.dna 4827781 4825843 NC_003995.gbk
520 36.0 2746160 2745411 genome.dna 519718 518977 NC_003995.gbk
981 33.9 2747899 2746157 genome.dna 521465 519695 NC_003995.gbk
1181 34.7 2750215 2748047 genome.dna 419936 422144 NC_003995.gbk
1184 65.8 2755752 2754499 genome.dna 4845182 4843889 NC_003995.gbk
1366 54.6 2757088 2758194 genome.dna 4647793 4646677 NC_003995.gbk
1353 50.5 2765355 2764123 genome.dna 3998501 3997268 NC_003995.gbk
978 46.2 2765687 2766838 genome.dna 1737062 1738046 NC_003995.gbk
857 45.3 2766822 2767682 genome.dna 1738042 1738891 NC_003995.gbk
766 35.3 2768546 2769589 genome.dna 1739736 1740774 NC_003995.gbk
1049 42.1 2771476 2770376 genome.dna 2200708 2201920 NC_003995.gbk
493 50.3 2777056 2776550 genome.dna 4901311 4901791 NC_003995.gbk
404 34.1 2788070 2787564 genome.dna 140588 141095 NC_003995.gbk
993 37.2 2794931 2793456 genome.dna 3622200 3620715 NC_003995.gbk
443 33.3 2795320 2796189 genome.dna 1332957 1333821 NC_003995.gbk
376 30.4 2802440 2803225 genome.dna 4544435 4543733 NC_003995.gbk
1390 60.7 2809298 2808294 genome.dna 4673216 4672214 NC_003995.gbk
396 35.0 2809923 2809306 genome.dna 4673839 4673221 NC_003995.gbk
548 36.0 2811487 2810744 genome.dna 1050441 1051161 NC_003995.gbk
2014 50.9 2813755 2811956 genome.dna 4654852 4653076 NC_003995.gbk
712 32.8 2835515 2837245 genome.dna 2506579 2508268 NC_003995.gbk
985 46.7 2839971 2839006 genome.dna 4915906 4916833 NC_003995.gbk
1778 57.3 2864092 2865492 genome.dna 4810149 4808757 NC_003995.gbk
413 31.8 2869134 2868487 genome.dna 4525775 4525148 NC_003995.gbk
918 57.2 2891958 2891200 genome.dna 171591 170838 NC_003995.gbk
404 34.1 2909647 2910348 genome.dna 1433268 1433946 NC_003995.gbk
967 38.8 2917289 2918617 genome.dna 1842454 1843744 NC_003995.gbk
458 37.2 2920770 2921360 genome.dna 1844328 1844958 NC_003995.gbk
487 32.8 2921367 2922104 genome.dna 1844930 1845650 NC_003995.gbk
695 44.7 2922086 2922862 genome.dna 1845643 1846402 NC_003995.gbk
588 44.3 2926492 2925815 genome.dna 1923970 1924648 NC_003995.gbk
482 30.3 2928002 2926713 genome.dna 3194751 3193461 NC_003995.gbk
1034 44.7 2929170 2928085 genome.dna 3524833 3523747 NC_003995.gbk
3328 63.8 2932697 2934979 genome.dna 1019750 1022000 NC_003995.gbk
858 48.5 2966712 2967509 genome.dna 1022069 1022801 NC_003995.gbk
1436 53.4 2975613 2974318 genome.dna 583000 584275 NC_003995.gbk
957 39.0 2977060 2975717 genome.dna 4649699 4650986 NC_003995.gbk
721 36.7 2982496 2983455 genome.dna 220003 219046 NC_003995.gbk
880 30.0 2983684 2985450 genome.dna 2314049 2315765 NC_003995.gbk
399 60.0 3002657 3002334 genome.dna 1493348 1493660 NC_003995.gbk
481 38.5 3005969 3006700 genome.dna 896391 895596 NC_003995.gbk
686 44.7 3009847 3009002 genome.dna 1738897 1739698 NC_003995.gbk
495 34.2 3016080 3015361 genome.dna 2046774 2047509 NC_003995.gbk
663 34.7 3022380 3021175 genome.dna 4377025 4375834 NC_003995.gbk
648 47.1 3023325 3022666 genome.dna 838755 839421 NC_003995.gbk
483 35.8 3040207 3039428 genome.dna 3056461 3057307 NC_003995.gbk
374 37.2 3046334 3045672 genome.dna 1935943 1936513 NC_003995.gbk
552 32.8 3049052 3049924 genome.dna 744492 743625 NC_003995.gbk
2132 64.4 3063296 3061821 genome.dna 3302083 3303550 NC_003995.gbk
514 32.3 3064423 3065496 genome.dna 236885 235862 NC_003995.gbk
450 32.0 3065575 3066420 genome.dna 4547644 4546765 NC_003995.gbk
462 30.3 3069350 3068412 genome.dna 3976283 3975371 NC_003995.gbk
877 33.8 3083683 3082493 genome.dna 722626 723877 NC_003995.gbk
499 38.1 3084419 3083724 genome.dna 4946502 4945773 NC_003995.gbk
302 32.2 3108374 3107820 genome.dna 3069098 3068579 NC_003995.gbk
509 39.1 3110358 3111017 genome.dna 895502 894809 NC_003995.gbk
1670 51.0 3139235 3137823 genome.dna 3236362 3237802 NC_003995.gbk
1100 59.8 3148240 3147401 genome.dna 1142277 1143099 NC_003995.gbk
1017 45.7 3149284 3148253 genome.dna 1141206 1142265 NC_003995.gbk
1008 48.2 3150266 3149277 genome.dna 1140247 1141210 NC_003995.gbk
619 35.6 3151270 3150263 genome.dna 1139902 1139068 NC_003995.gbk
150 30.9 3155372 3155127 genome.dna 2478984 2479218 NC_003995.gbk
476 52.9 3155863 3155369 genome.dna 4958874 4959360 NC_003995.gbk
389 43.7 3156400 3155882 genome.dna 4995288 4994778 NC_003995.gbk
611 34.9 3157424 3156435 genome.dna 2475096 2476110 NC_003995.gbk
2523 58.6 3161386 3159374 genome.dna 230777 228800 NC_003995.gbk
270 31.7 3163130 3162450 genome.dna 4412458 4411729 NC_003995.gbk
840 35.1 3166195 3167499 genome.dna 4413846 4412457 NC_003995.gbk
234 30.8 3168781 3169188 genome.dna 182107 181738 NC_003995.gbk
463 34.7 3169188 3169883 genome.dna 181742 181049 NC_003995.gbk
1750 48.4 3171157 3172854 genome.dna 2170994 2172707 NC_003995.gbk
1025 49.5 3174746 3173826 genome.dna 4749332 4750253 NC_003995.gbk
875 31.5 3176400 3174856 genome.dna 4748148 4746582 NC_003995.gbk
492 30.7 3178804 3180039 genome.dna 3791419 3790111 NC_003995.gbk
770 53.8 3180901 3181500 genome.dna 2320937 2321537 NC_003995.gbk
300 35.9 3228583 3228035 genome.dna 4047882 4047303 NC_003995.gbk
753 37.2 3230474 3228642 genome.dna 4770940 4769155 NC_003995.gbk
441 33.3 3278435 3279220 genome.dna 4427808 4427013 NC_003995.gbk
1281 41.2 3306810 3308309 genome.dna 1180169 1181621 NC_003995.gbk
1364 53.3 3314908 3313691 genome.dna 3418717 3417511 NC_003995.gbk
242 37.1 3332182 3332514 genome.dna 3549846 3549483 NC_003995.gbk
281 44.8 3333853 3334194 genome.dna 2367791 2367482 NC_003995.gbk
284 34.3 3334880 3335344 genome.dna 862954 863473 NC_003995.gbk
946 38.6 3352107 3353684 genome.dna 5019558 5020908 NC_003995.gbk
1640 46.4 3364676 3363084 genome.dna 3186429 3184848 NC_003995.gbk
392 31.9 3364794 3365690 genome.dna 3655163 3654263 NC_003995.gbk
1082 41.1 3366849 3368273 genome.dna 1156803 1158231 NC_003995.gbk
2096 53.9 3368339 3370030 genome.dna 1158244 1159906 NC_003995.gbk
890 34.3 3373687 3372152 genome.dna 366461 364967 NC_003995.gbk
1265 38.9 3375638 3373788 genome.dna 368320 366457 NC_003995.gbk
258 39.6 3375937 3375635 genome.dna 368664 368349 NC_003995.gbk
955 44.8 3378041 3377067 genome.dna 370624 369622 NC_003995.gbk
1058 44.1 3395711 3396913 genome.dna 4885510 4884316 NC_003995.gbk
791 47.1 3399252 3400112 genome.dna 3706536 3707301 NC_003995.gbk
641 34.7 3402984 3403889 genome.dna 1027950 1027044 NC_003995.gbk
686 40.0 3409858 3408341 genome.dna 819313 820729 NC_003995.gbk
782 48.3 3413548 3412631 genome.dna 4854784 4853914 NC_003995.gbk
490 33.6 3415469 3414618 genome.dna 684101 684860 NC_003995.gbk
559 33.7 3416479 3415469 genome.dna 2743619 2744663 NC_003995.gbk
586 38.8 3425582 3424782 genome.dna 1448151 1448919 NC_003995.gbk
232 39.0 3427528 3426443 genome.dna 1940056 1941229 NC_003995.gbk
1771 53.8 3443783 3442200 genome.dna 3212441 3213944 NC_003995.gbk
972 37.8 3477877 3476636 genome.dna 4341341 4342520 NC_003995.gbk
511 36.1 3479267 3480127 genome.dna 2584028 2584904 NC_003995.gbk
524 31.5 3511745 3510762 genome.dna 510098 511070 NC_003995.gbk
571 32.9 3514279 3513113 genome.dna 263556 262230 NC_003995.gbk
883 47.8 3516455 3517318 genome.dna 4468866 4468005 NC_003995.gbk
1280 44.5 3519048 3517663 genome.dna 651584 652982 NC_003995.gbk
596 62.3 3521609 3522118 genome.dna 812453 812939 NC_003995.gbk
475 31.1 3522115 3523185 genome.dna 812935 814087 NC_003995.gbk
1480 52.7 3523656 3524945 genome.dna 3509363 3508043 NC_003995.gbk
991 58.4 3527868 3527053 genome.dna 4532765 4531949 NC_003995.gbk
1426 36.0 3531913 3533985 genome.dna 4301635 4299526 NC_003995.gbk
422 49.6 3537011 3536586 genome.dna 4721392 4721809 NC_003995.gbk
422 46.5 3537641 3537204 genome.dna 4720937 4721390 NC_003995.gbk
1494 51.6 3546973 3548205 genome.dna 4321197 4319937 NC_003995.gbk
1980 65.3 3548305 3549609 genome.dna 4319873 4318571 NC_003995.gbk
1232 61.6 3549622 3550470 genome.dna 4318571 4317728 NC_003995.gbk
1510 60.0 3557692 3558888 genome.dna 143637 142455 NC_003995.gbk
715 30.9 3566972 3568372 genome.dna 2693390 2694833 NC_003995.gbk
572 42.0 3569781 3570509 genome.dna 1909068 1909821 NC_003995.gbk
876 60.8 3570531 3571184 genome.dna 2922710 2923343 NC_003995.gbk
379 39.4 3571239 3571790 genome.dna 3248172 3247629 NC_003995.gbk
595 31.5 3573115 3574479 genome.dna 4633951 4632670 NC_003995.gbk
469 33.3 3575248 3576147 genome.dna 847205 848108 NC_003995.gbk
480 58.4 3576568 3576161 genome.dna 168201 167796 NC_003995.gbk
659 42.6 3577570 3576767 genome.dna 1261123 1261936 NC_003995.gbk
557 39.0 3578361 3577567 genome.dna 910983 911790 NC_003995.gbk
1844 51.5 3590632 3589055 genome.dna 794342 795881 NC_003995.gbk
1751 56.0 3592205 3590739 genome.dna 578129 579593 NC_003995.gbk
1131 41.1 3592378 3593766 genome.dna 4467979 4466620 NC_003995.gbk
568 40.8 3596586 3597341 genome.dna 2215356 2214597 NC_003995.gbk
639 39.8 3599984 3598497 genome.dna 1929563 1930874 NC_003995.gbk
1120 41.3 3603229 3601955 genome.dna 4656136 4654864 NC_003995.gbk
1126 49.6 3604488 3603367 genome.dna 4541913 4543026 NC_003995.gbk
771 35.0 3607701 3606505 genome.dna 4133663 4132574 NC_003995.gbk
426 45.6 3608433 3608005 genome.dna 1939339 1939786 NC_003995.gbk
783 34.4 3610387 3611748 genome.dna 273002 271676 NC_003995.gbk
486 32.4 3611852 3612721 genome.dna 1994665 1995499 NC_003995.gbk
924 42.1 3621177 3619963 genome.dna 4648955 4647809 NC_003995.gbk
252 35.1 3621953 3621459 genome.dna 4649407 4648990 NC_003995.gbk
471 32.4 3622920 3623723 genome.dna 4271791 4270999 NC_003995.gbk
1098 42.6 3635748 3636938 genome.dna 1879339 1880548 NC_003995.gbk
784 37.1 3642369 3641032 genome.dna 2626227 2627607 NC_003995.gbk
431 43.5 3651787 3651263 genome.dna 587197 587698 NC_003995.gbk
954 52.9 3653449 3652523 genome.dna 1333976 1334861 NC_003995.gbk
195 37.0 3680225 3679845 genome.dna 777552 777912 NC_003995.gbk
824 41.0 3682691 3681786 genome.dna 4561464 4560558 NC_003995.gbk
455 34.5 3683368 3682688 genome.dna 4118996 4118258 NC_003995.gbk
2408 57.9 3686442 3684643 genome.dna 4580568 4578744 NC_003995.gbk
625 38.7 3689812 3691413 genome.dna 4684345 4682815 NC_003995.gbk
782 54.4 3694571 3695257 genome.dna 473334 472692 NC_003995.gbk
331 36.3 3695855 3696739 genome.dna 3990140 3989312 NC_003995.gbk
857 36.1 3698228 3696813 genome.dna 649048 650506 NC_003995.gbk
508 38.0 3700216 3699110 genome.dna 3868913 3867848 NC_003995.gbk
396 30.5 3708260 3707103 genome.dna 1751324 1750208 NC_003995.gbk
806 53.0 3711890 3712588 genome.dna 4627608 4626912 NC_003995.gbk
290 38.5 3714535 3714188 genome.dna 41475 41121 NC_003995.gbk
1490 59.7 3714803 3716083 genome.dna 4715628 4714473 NC_003995.gbk
348 37.1 3732230 3732727 genome.dna 635454 635970 NC_003995.gbk
735 43.7 3732844 3733638 genome.dna 1960100 1960940 NC_003995.gbk
636 40.6 3733793 3734647 genome.dna 1960936 1961785 NC_003995.gbk
355 47.4 3734665 3735045 genome.dna 1961797 1962181 NC_003995.gbk
531 34.1 3736813 3735875 genome.dna 2162457 2163396 NC_003995.gbk
579 50.8 3738313 3737777 genome.dna 625730 626273 NC_003995.gbk
699 38.8 3742499 3743362 genome.dna 448293 447465 NC_003995.gbk
180 35.2 3745052 3745459 genome.dna 1796572 1796932 NC_003995.gbk
839 42.2 3747628 3748590 genome.dna 1800198 1801167 NC_003995.gbk
2623 56.7 3762599 3760023 genome.dna 1636373 1638539 NC_003995.gbk
223 30.2 3763458 3762733 genome.dna 4172457 4171638 NC_003995.gbk
698 41.3 3764478 3763501 genome.dna 4164643 4163734 NC_003995.gbk
413 58.0 3773009 3772662 genome.dna 4109656 4109311 NC_003995.gbk
729 43.2 3773827 3773072 genome.dna 4110537 4109802 NC_003995.gbk
247 51.3 3774681 3774433 genome.dna 4111687 4111414 NC_003995.gbk
1472 52.8 3776200 3774839 genome.dna 4113060 4111806 NC_003995.gbk
359 37.1 3777786 3777271 genome.dna 5018409 5017935 NC_003995.gbk
2072 44.7 3784972 3782345 genome.dna 4640730 4638087 NC_003995.gbk
1117 42.6 3882715 3881462 genome.dna 3230933 3229688 NC_003995.gbk
818 38.9 3883829 3882726 genome.dna 3232066 3230962 NC_003995.gbk
1131 36.9 3886800 3888260 genome.dna 2796110 2797580 NC_003995.gbk
461 32.7 3890504 3891274 genome.dna 3147759 3146982 NC_003995.gbk
1024 43.0 3898328 3897126 genome.dna 4340160 4338978 NC_003995.gbk
684 42.2 3898447 3899475 genome.dna 4338982 4337926 NC_003995.gbk
324 36.0 3906590 3906045 genome.dna 4345269 4345782 NC_003995.gbk
332 36.6 3907890 3907273 genome.dna 4344653 4345292 NC_003995.gbk
509 35.4 3909216 3909983 genome.dna 4341244 4340464 NC_003995.gbk
601 31.8 3918901 3920391 genome.dna 843832 845290 NC_003995.gbk
1318 50.6 3921930 3923132 genome.dna 3062896 3061690 NC_003995.gbk
737 34.1 3928680 3929900 genome.dna 1504696 1505908 NC_003995.gbk
384 31.1 3930070 3930801 genome.dna 2107323 2108049 NC_003995.gbk
1481 58.0 3935043 3936227 genome.dna 1131984 1130805 NC_003995.gbk
1491 52.7 3945541 3944261 genome.dna 1431435 1430112 NC_003995.gbk
1078 49.5 3952362 3953393 genome.dna 837746 838766 NC_003995.gbk
661 43.2 3954101 3954916 genome.dna 716701 715888 NC_003995.gbk
1968 52.1 3956293 3958011 genome.dna 4089589 4087888 NC_003995.gbk
667 63.5 3963052 3962555 genome.dna 648482 648959 NC_003995.gbk
363 33.2 3963804 3963091 genome.dna 647687 648368 NC_003995.gbk
937 61.7 3966155 3966877 genome.dna 897235 896512 NC_003995.gbk
729 53.6 3967961 3967344 genome.dna 1857032 1857626 NC_003995.gbk
328 30.9 3972869 3972135 genome.dna 1855164 1855845 NC_003995.gbk
507 38.0 3989266 3990012 genome.dna 4954899 4954113 NC_003995.gbk
638 35.8 3994559 3995977 genome.dna 1735456 1736824 NC_003995.gbk
514 39.7 3996022 3996702 genome.dna 4738437 4739121 NC_003995.gbk
1781 65.4 4001743 4000448 genome.dna 201345 200049 NC_003995.gbk
1689 56.8 4003479 4001842 genome.dna 408418 406810 NC_003995.gbk
1772 39.1 4007080 4004843 genome.dna 4659494 4657310 NC_003995.gbk
1138 54.2 4012636 4011491 genome.dna 691033 692020 NC_003995.gbk
532 31.7 4013697 4012813 genome.dna 2667301 2668192 NC_003995.gbk
1964 45.3 4027241 4025196 genome.dna 830357 832367 NC_003995.gbk
1044 61.8 4036522 4035704 genome.dna 1821971 1822763 NC_003995.gbk
358 35.8 4037132 4037767 genome.dna 3834404 3835001 NC_003995.gbk
139 32.0 4040654 4040304 genome.dna 3084292 3083908 NC_003995.gbk
612 44.1 4051288 4053240 genome.dna 4418729 4416386 NC_003995.gbk
1585 44.2 4054763 4056430 genome.dna 2791741 2790064 NC_003995.gbk
246 33.1 4059979 4059527 genome.dna 551057 550577 NC_003995.gbk
279 60.0 4060248 4060021 genome.dna 554355 554121 NC_003995.gbk
580 40.6 4068636 4067902 genome.dna 653388 654132 NC_003995.gbk
1721 36.9 4071195 4068739 genome.dna 179678 177251 NC_003995.gbk
486 31.1 4077711 4078532 genome.dna 3356860 3356029 NC_003995.gbk
572 48.7 4079441 4080034 genome.dna 4733674 4733065 NC_003995.gbk
643 30.9 4080027 4081166 genome.dna 4578183 4577046 NC_003995.gbk
860 32.4 4097614 4096277 genome.dna 278743 277441 NC_003995.gbk
655 39.0 4114259 4113273 genome.dna 3713506 3714472 NC_003995.gbk
1258 44.2 4114440 4115846 genome.dna 550585 549223 NC_003995.gbk
3806 60.5 4139901 4137067 genome.dna 228795 225918 NC_003995.gbk
302 38.0 4140147 4140710 genome.dna 554922 554400 NC_003995.gbk
819 31.1 4181249 4182667 genome.dna 2437959 2436558 NC_003995.gbk
1105 50.7 4186931 4185840 genome.dna 4325261 4326362 NC_003995.gbk
340 30.1 4199525 4198710 genome.dna 3977032 3976279 NC_003995.gbk
480 34.9 4217612 4218277 genome.dna 1197991 1198639 NC_003995.gbk
1254 44.2 4231793 4230366 genome.dna 4279410 4277997 NC_003995.gbk
372 31.8 4237489 4236725 genome.dna 1754763 1755420 NC_003995.gbk
690 43.1 4244964 4245854 genome.dna 4682796 4681962 NC_003995.gbk
417 39.9 4250722 4251348 genome.dna 4834569 4833966 NC_003995.gbk
962 49.9 4255592 4252890 genome.dna 252390 249882 NC_003995.gbk
704 32.3 4260285 4259029 genome.dna 4176744 4175442 NC_003995.gbk
315 31.2 4263557 4262097 genome.dna 4926871 4925560 NC_003995.gbk
886 39.0 4265910 4264708 genome.dna 4181271 4180179 NC_003995.gbk
529 48.3 4268312 4267230 genome.dna 4183714 4182739 NC_003995.gbk
970 38.8 4271151 4269664 genome.dna 4185212 4183736 NC_003995.gbk
844 45.0 4274186 4273242 genome.dna 4190901 4189968 NC_003995.gbk
383 39.1 4277861 4277370 genome.dna 1834095 1834605 NC_003995.gbk
1656 47.2 4279582 4277864 genome.dna 1832398 1834099 NC_003995.gbk
1291 43.6 4282166 4283764 genome.dna 1835643 1837164 NC_003995.gbk
795 51.1 4283764 4284855 genome.dna 1837241 1838306 NC_003995.gbk
1137 57.2 4284858 4286258 genome.dna 1838305 1839700 NC_003995.gbk
629 48.5 4286272 4286874 genome.dna 1839677 1840259 NC_003995.gbk
495 35.7 4319027 4319845 genome.dna 602411 603290 NC_003995.gbk
422 36.0 4323873 4323391 genome.dna 2569700 2570189 NC_003995.gbk
2904 49.3 4330684 4327460 genome.dna 4158148 4154929 NC_003995.gbk
417 46.7 4331847 4330699 genome.dna 4159230 4158132 NC_003995.gbk
613 38.7 4334402 4333452 genome.dna 4550224 4551175 NC_003995.gbk
325 36.9 4335368 4334856 genome.dna 4165106 4164647 NC_003995.gbk
2693 44.2 4338181 4335368 genome.dna 4168481 4165715 NC_003995.gbk
578 38.1 4339154 4338213 genome.dna 4077171 4076199 NC_003995.gbk
260 51.8 4339580 4339843 genome.dna 4582428 4582686 NC_003995.gbk
1234 52.5 4343498 4342359 genome.dna 4573149 4572033 NC_003995.gbk
1978 56.7 4345514 4343607 genome.dna 4575189 4573353 NC_003995.gbk
379 38.3 4345979 4346554 genome.dna 3764983 3764362 NC_003995.gbk
278 33.7 4362071 4361421 genome.dna 2401151 2401763 NC_003995.gbk
217 31.3 4362122 4362661 genome.dna 4935650 4935140 NC_003995.gbk
483 39.9 4373604 4372945 genome.dna 3065439 3066102 NC_003995.gbk
1151 47.5 4379941 4378778 genome.dna 204874 203689 NC_003995.gbk
1176 62.8 4388480 4389631 genome.dna 4997131 4995931 NC_003995.gbk
176 31.1 4391555 4392289 genome.dna 4570921 4570171 NC_003995.gbk
243 33.3 4393907 4394326 genome.dna 4637741 4637327 NC_003995.gbk
1347 45.7 4398393 4397095 genome.dna 549008 547718 NC_003995.gbk
574 37.8 4402445 4401165 genome.dna 2197483 2198743 NC_003995.gbk
653 37.8 4403893 4402952 genome.dna 3971708 3970784 NC_003995.gbk
735 30.4 4405841 4403886 genome.dna 4031513 4029632 NC_003995.gbk
240 32.6 4408042 4407560 genome.dna 784931 785405 NC_003995.gbk
1726 56.2 4413004 4411424 genome.dna 872871 871344 NC_003995.gbk
875 66.8 4413698 4413135 genome.dna 873449 872885 NC_003995.gbk
571 38.4 4429982 4429287 genome.dna 3584903 3584192 NC_003995.gbk
532 35.7 4435653 4436702 genome.dna 4129567 4128685 NC_003995.gbk
993 34.7 4442783 4444579 genome.dna 4767650 4765856 NC_003995.gbk
495 44.0 4448185 4447619 genome.dna 4479845 4479287 NC_003995.gbk
1264 37.1 4464530 4460847 genome.dna 4517824 4514425 NC_003995.gbk
1037 50.5 4471827 4470898 genome.dna 480182 479276 NC_003995.gbk
385 38.1 4477982 4478530 genome.dna 4991553 4992066 NC_003995.gbk
421 33.6 4479596 4478769 genome.dna 4592406 4591479 NC_003995.gbk
374 42.0 4482450 4482959 genome.dna 4136437 4135966 NC_003995.gbk
798 40.6 4482986 4483933 genome.dna 4135943 4134998 NC_003995.gbk
653 34.7 4484001 4485290 genome.dna 4135002 4133667 NC_003995.gbk
448 55.4 4486815 4487225 genome.dna 4916961 4917360 NC_003995.gbk
854 46.2 4489098 4488109 genome.dna 680176 681121 NC_003995.gbk
585 47.6 4489744 4489124 genome.dna 4903425 4904028 NC_003995.gbk
576 65.1 4490164 4489775 genome.dna 679606 679996 NC_003995.gbk
1140 43.7 4492165 4490834 genome.dna 676112 677414 NC_003995.gbk
443 50.0 4492607 4492173 genome.dna 675672 676113 NC_003995.gbk
185 49.2 4492790 4492611 genome.dna 675456 675639 NC_003995.gbk
607 54.8 4493297 4492797 genome.dna 674942 675443 NC_003995.gbk
364 53.8 4493665 4493312 genome.dna 674558 674921 NC_003995.gbk
536 50.3 4494208 4493675 genome.dna 673987 674527 NC_003995.gbk
431 51.1 4494614 4494222 genome.dna 673556 673955 NC_003995.gbk
801 59.8 4495506 4494967 genome.dna 672768 673308 NC_003995.gbk
319 51.0 4495835 4495521 genome.dna 672430 672742 NC_003995.gbk
545 59.0 4497236 4496826 genome.dna 671623 672043 NC_003995.gbk
794 56.7 4497950 4497249 genome.dna 670962 671622 NC_003995.gbk
384 62.0 4498300 4497968 genome.dna 670617 670959 NC_003995.gbk
626 56.1 4506523 4506053 genome.dna 666443 666911 NC_003995.gbk
534 38.2 4510929 4511597 genome.dna 3439563 3440238 NC_003995.gbk
460 37.9 4514856 4514044 genome.dna 4171642 4170967 NC_003995.gbk
1028 33.2 4523306 4525213 genome.dna 789956 788033 NC_003995.gbk
298 33.2 4525894 4525292 genome.dna 2755616 2755031 NC_003995.gbk
1025 42.7 4531124 4529898 genome.dna 4423526 4422365 NC_003995.gbk
794 58.8 4531820 4531245 genome.dna 632815 633394 NC_003995.gbk
1151 52.5 4557783 4556779 genome.dna 1646906 1645916 NC_003995.gbk
797 42.7 4562421 4561336 genome.dna 1941228 1942320 NC_003995.gbk
1522 48.6 4575473 4577092 genome.dna 4997650 4999237 NC_003995.gbk
576 36.9 4584899 4583883 genome.dna 4626830 4625906 NC_003995.gbk
1871 44.5 4597892 4600225 genome.dna 781326 783495 NC_003995.gbk
554 36.8 4603858 4604907 genome.dna 1923489 1922514 NC_003995.gbk
258 30.3 4609268 4607523 genome.dna 3242232 3240558 NC_003995.gbk
205 30.6 4613483 4614184 genome.dna 254429 253856 NC_003995.gbk
168 30.4 4621561 4621244 genome.dna 4964152 4963846 NC_003995.gbk
649 30.3 4622349 4623851 genome.dna 1514416 1516099 NC_003995.gbk
1068 36.8 4634257 4632818 genome.dna 5086112 5084615 NC_003995.gbk
730 39.6 4635563 4634286 genome.dna 5088336 5087205 NC_003995.gbk
1174 45.4 4639754 4637577 genome.dna 5090221 5088283 NC_003995.gbk
925 35.8 4647455 4646079 genome.dna 703261 704608 NC_003995.gbk
487 37.7 4651246 4650551 genome.dna 133217 132566 NC_003995.gbk
1890 61.7 4656105 4657454 genome.dna 1189816 1188466 NC_003995.gbk
1308 39.7 4664050 4662224 genome.dna 3086435 3084317 NC_003995.gbk
837 43.7 4665855 4666784 genome.dna 3787121 3786179 NC_003995.gbk
1617 39.7 4672431 4670269 genome.dna 828086 830342 NC_003995.gbk
608 36.9 4675687 4674863 genome.dna 42383 41516 NC_003995.gbk
859 48.5 4680620 4681561 genome.dna 4718321 4717391 NC_003995.gbk
547 37.3 4687992 4687321 genome.dna 4440606 4439946 NC_003995.gbk
808 33.3 4690836 4689472 genome.dna 814083 815391 NC_003995.gbk
2009 61.9 4694568 4693180 genome.dna 3693154 3691762 NC_003995.gbk
419 35.2 4695646 4694897 genome.dna 494753 494012 NC_003995.gbk
566 45.9 4702353 4701286 genome.dna 1682402 1683371 NC_003995.gbk
701 53.9 4704862 4703738 genome.dna 262156 261040 NC_003995.gbk
298 41.3 4709479 4709153 genome.dna 4771403 4771088 NC_003995.gbk
1689 50.3 4719117 4720601 genome.dna 3865870 3864391 NC_003995.gbk
1224 46.4 4729969 4728119 genome.dna 2220231 2221905 NC_003995.gbk
690 39.9 4730969 4730043 genome.dna 1831186 1832083 NC_003995.gbk
1774 48.4 4732978 4731332 genome.dna 2217241 2218954 NC_003995.gbk
960 42.5 4766891 4765731 genome.dna 4625903 4624769 NC_003995.gbk
1349 34.4 4770998 4773196 genome.dna 4138854 4136448 NC_003995.gbk
679 35.8 4773468 4774511 genome.dna 4919779 4918846 NC_003995.gbk
610 54.0 4775884 4776414 genome.dna 4099041 4098498 NC_003995.gbk
932 50.1 4776424 4777755 genome.dna 4098476 4097084 NC_003995.gbk
2130 60.4 4781238 4782749 genome.dna 1512792 1514283 NC_003995.gbk
617 40.7 4786326 4787093 genome.dna 203657 202901 NC_003995.gbk
1213 55.0 4825789 4824827 genome.dna 4852824 4851864 NC_003995.gbk
581 42.5 4829201 4829899 genome.dna 4841564 4840844 NC_003995.gbk
361 40.8 4834867 4834403 genome.dna 1056388 1056877 NC_003995.gbk
386 33.3 4837408 4836659 genome.dna 450207 450933 NC_003995.gbk
579 33.0 4839358 4838507 genome.dna 1085933 1086755 NC_003995.gbk
496 32.1 4860774 4860004 genome.dna 2303951 2304725 NC_003995.gbk
630 44.6 4867996 4867325 genome.dna 247593 246906 NC_003995.gbk
297 32.1 4869761 4870336 genome.dna 4245904 4245337 NC_003995.gbk
1231 33.6 4872230 4874593 genome.dna 1118685 1121052 NC_003995.gbk
324 30.6 4917573 4916662 genome.dna 3290121 3289209 NC_003995.gbk
1098 48.5 4926494 4925484 genome.dna 4751285 4752272 NC_003995.gbk
1616 55.4 4932696 4934039 genome.dna 1097893 1099186 NC_003995.gbk
649 45.3 4936111 4935389 genome.dna 1097063 1097771 NC_003995.gbk
1358 40.9 4937762 4936104 genome.dna 1095462 1097067 NC_003995.gbk
539 31.1 4948910 4949932 genome.dna 3165300 3164313 NC_003995.gbk
773 43.9 4951144 4951938 genome.dna 3164297 3163448 NC_003995.gbk
740 35.6 4962494 4961517 genome.dna 1422659 1423610 NC_003995.gbk
565 37.3 4969043 4968228 genome.dna 471330 472152 NC_003995.gbk
276 43.9 4974776 4974429 genome.dna 277432 277114 NC_003995.gbk
1162 43.2 4976079 4974766 genome.dna 2768098 2769385 NC_003995.gbk
317 53.5 4976401 4976096 genome.dna 279060 278757 NC_003995.gbk
1208 43.8 4985096 4983699 genome.dna 568230 569571 NC_003995.gbk
185 65.1 4985770 4985910 genome.dna 567666 567531 NC_003995.gbk
837 34.6 4988276 4989640 genome.dna 565448 564071 NC_003995.gbk
1147 43.3 5010680 5009268 genome.dna 1273703 1272401 NC_003995.gbk
465 32.9 5014534 5013698 genome.dna 1167927 1168758 NC_003995.gbk
392 32.4 5017538 5016804 genome.dna 4531794 4531137 NC_003995.gbk
440 32.4 5019301 5018414 genome.dna 4533660 4532793 NC_003995.gbk
372 33.1 5020260 5019301 genome.dna 1244054 1244948 NC_003995.gbk
468 36.2 5023303 5022533 genome.dna 1169477 1170122 NC_003995.gbk
1021 40.6 5026700 5027902 genome.dna 1966064 1967252 NC_003995.gbk
592 32.4 5029737 5028745 genome.dna 3317095 3316132 NC_003995.gbk
229 32.5 5040111 5039689 genome.dna 3835846 3835426 NC_003995.gbk
1435 39.7 5049054 5047222 genome.dna 697500 699303 NC_003995.gbk
1199 45.3 5050610 5049240 genome.dna 608268 609648 NC_003995.gbk
295 34.4 5053946 5053527 genome.dna 378721 378319 NC_003995.gbk
2034 67.5 5055348 5053966 genome.dna 380151 378741 NC_003995.gbk
667 38.5 5056259 5055396 genome.dna 381131 380270 NC_003995.gbk
1225 54.9 5057853 5056312 genome.dna 382975 381466 NC_003995.gbk
188 44.3 5059187 5058948 genome.dna 384378 384159 NC_003995.gbk
2044 50.7 5063659 5061770 genome.dna 564025 562135 NC_003995.gbk
