451 37.5 9676 9014 genome.dna 112049 111389 NC_000958.gbk
464 42.7 1519100 1518525 genome.dna 106365 107019 NC_000958.gbk
1827 62.5 1521264 1519120 genome.dna 101894 103922 NC_000958.gbk
1677 47.5 1522968 1521280 genome.dna 104528 106235 NC_000958.gbk
612 44.6 2090762 2089965 genome.dna 17433 18219 NC_000958.gbk
919 46.6 2091759 2090755 genome.dna 16372 17437 NC_000958.gbk
384 30.7 2092574 2091756 genome.dna 15467 16376 NC_000958.gbk
274 30.7 2301204 2300401 genome.dna 18226 18967 NC_000958.gbk
432 34.1 2306210 2305560 genome.dna 100214 99584 NC_000958.gbk
935 41.7 2352527 2353639 genome.dna 98562 97374 NC_000958.gbk
444 36.9 2595969 2596559 genome.dna 8945 9569 NC_000958.gbk
240 35.5 2620019 2620441 genome.dna 125904 126348 NC_000958.gbk
1170 51.0 3068393 3066702 genome.dna 91010 89213 NC_000958.gbk
627 39.4 3069350 3068412 genome.dna 92096 91148 NC_000958.gbk
774 46.5 3148240 3147401 genome.dna 143236 142426 NC_000958.gbk
783 41.2 3149284 3148253 genome.dna 144288 143232 NC_000958.gbk
756 41.7 3150266 3149277 genome.dna 145235 144260 NC_000958.gbk
1857 42.0 3745456 3747603 genome.dna 126893 129002 NC_000958.gbk
670 38.6 3747628 3748590 genome.dna 128989 130054 NC_000958.gbk
446 42.3 4607022 4606330 genome.dna 55927 56575 NC_000958.gbk
1154 38.9 4609268 4607523 genome.dna 53286 55053 NC_000958.gbk
359 32.5 4620311 4619553 genome.dna 94836 95655 NC_000958.gbk
149 32.6 2822402 2821764 genome.dna 5320 4762 NC_000959.gbk
489 38.9 9676 9014 genome.dna 2325281 2325944 NC_001263.gbk
415 30.0 15468 16463 genome.dna 1905669 1904511 NC_001263.gbk
1220 36.6 25826 28615 genome.dna 1732431 1729560 NC_001263.gbk
749 36.6 36667 35258 genome.dna 447285 445935 NC_001263.gbk
2087 53.6 37037 38860 genome.dna 1207782 1206000 NC_001263.gbk
411 47.6 39698 40135 genome.dna 898627 899065 NC_001263.gbk
1435 42.7 47188 45107 genome.dna 1936852 1939207 NC_001263.gbk
700 51.6 47880 47188 genome.dna 2209208 2209901 NC_001263.gbk
2025 70.5 62838 64181 genome.dna 1742781 1741506 NC_001263.gbk
1612 38.6 70479 68437 genome.dna 1685888 1683830 NC_001263.gbk
989 69.0 110262 109636 genome.dna 1285791 1286427 NC_001263.gbk
1052 39.0 118825 120366 genome.dna 968968 970534 NC_001263.gbk
218 30.4 131116 131922 genome.dna 173248 174064 NC_001263.gbk
393 38.3 140268 141428 genome.dna 1043314 1044376 NC_001263.gbk
448 35.1 154586 153765 genome.dna 1869928 1869076 NC_001263.gbk
584 39.9 162282 162998 genome.dna 1605890 1605149 NC_001263.gbk
545 38.8 166824 165547 genome.dna 593005 591736 NC_001263.gbk
593 40.4 168516 169325 genome.dna 493974 494850 NC_001263.gbk
479 46.2 170854 170375 genome.dna 655567 655063 NC_001263.gbk
896 39.8 186786 187982 genome.dna 2345038 2343763 NC_001263.gbk
1745 72.2 187993 189078 genome.dna 1688545 1687432 NC_001263.gbk
660 39.0 192775 193791 genome.dna 2632860 2631873 NC_001263.gbk
1125 36.2 212248 209609 genome.dna 1288238 1290728 NC_001263.gbk
481 35.6 217784 218788 genome.dna 975940 977191 NC_001263.gbk
387 36.9 218826 219599 genome.dna 2442434 2443184 NC_001263.gbk
1244 44.3 219661 221034 genome.dna 686714 688181 NC_001263.gbk
529 38.2 222967 223722 genome.dna 2406874 2407600 NC_001263.gbk
468 30.0 226939 227694 genome.dna 818048 818861 NC_001263.gbk
875 44.1 228573 229595 genome.dna 2158410 2159415 NC_001263.gbk
1015 45.3 233849 232686 genome.dna 2477426 2478626 NC_001263.gbk
326 32.0 237567 238178 genome.dna 2203838 2203226 NC_001263.gbk
1054 74.0 250357 251541 genome.dna 2063413 2062195 NC_001263.gbk
1054 74.0 250357 251541 genome.dna 311141 312359 NC_001263.gbk
325 45.2 252164 252709 genome.dna 2061553 2060980 NC_001263.gbk
522 60.7 252872 253300 genome.dna 2060822 2060387 NC_001263.gbk
818 55.5 253304 254008 genome.dna 2060395 2059693 NC_001263.gbk
365 51.2 254890 255255 genome.dna 2058914 2058545 NC_001263.gbk
1935 42.2 255584 259612 genome.dna 927099 923559 NC_001263.gbk
658 36.0 259736 263959 genome.dna 923421 918780 NC_001263.gbk
484 40.0 270806 270027 genome.dna 2268108 2267400 NC_001263.gbk
598 42.9 274385 275167 genome.dna 1177367 1176524 NC_001263.gbk
803 37.0 275283 276347 genome.dna 1144753 1143574 NC_001263.gbk
894 41.8 280242 278956 genome.dna 1431817 1433194 NC_001263.gbk
606 46.1 281849 280260 genome.dna 880686 879114 NC_001263.gbk
972 62.1 288581 287820 genome.dna 1673126 1672328 NC_001263.gbk
583 45.8 292998 292333 genome.dna 572960 573641 NC_001263.gbk
592 38.8 293855 293088 genome.dna 572139 572925 NC_001263.gbk
1557 51.7 306633 305290 genome.dna 116733 115395 NC_001263.gbk
365 45.6 307589 307137 genome.dna 794872 795304 NC_001263.gbk
321 35.4 308443 307844 genome.dna 2538839 2539448 NC_001263.gbk
1088 54.5 309481 308480 genome.dna 2537847 2538933 NC_001263.gbk
401 42.8 315964 316557 genome.dna 1215688 1216276 NC_001263.gbk
585 42.2 334964 334107 genome.dna 1436348 1437200 NC_001263.gbk
823 52.7 338215 337490 genome.dna 2138968 2138191 NC_001263.gbk
1091 42.2 345980 347242 genome.dna 1132092 1130811 NC_001263.gbk
505 52.4 352201 352629 genome.dna 175468 175993 NC_001263.gbk
436 53.5 352645 353037 genome.dna 175995 176397 NC_001263.gbk
549 34.0 357036 355618 genome.dna 182992 181525 NC_001263.gbk
1883 45.0 361542 357046 genome.dna 187927 183079 NC_001263.gbk
549 40.1 372605 373492 genome.dna 651653 650693 NC_001263.gbk
553 35.1 386934 386071 genome.dna 1608799 1609717 NC_001263.gbk
370 32.7 417112 416177 genome.dna 745711 744799 NC_001263.gbk
417 33.7 428913 428092 genome.dna 2015541 2016366 NC_001263.gbk
413 48.8 431880 431494 genome.dna 2514488 2514110 NC_001263.gbk
484 32.7 433394 432459 genome.dna 1117865 1116920 NC_001263.gbk
545 38.3 435364 434357 genome.dna 81706 80644 NC_001263.gbk
168 33.6 436647 436144 genome.dna 685600 686059 NC_001263.gbk
1063 39.3 460910 458055 genome.dna 149846 147104 NC_001263.gbk
1182 45.3 530287 528905 genome.dna 1112933 1114445 NC_001263.gbk
1641 49.7 533382 534971 genome.dna 1571889 1570272 NC_001263.gbk
259 37.6 692962 692627 genome.dna 2292581 2292272 NC_001263.gbk
2088 60.4 697515 699164 genome.dna 618231 619878 NC_001263.gbk
191 33.1 703585 703950 genome.dna 2105118 2105502 NC_001263.gbk
260 32.7 750702 751205 genome.dna 733545 732945 NC_001263.gbk
865 46.5 755628 756641 genome.dna 381777 382814 NC_001263.gbk
188 32.0 757206 756736 genome.dna 758471 758987 NC_001263.gbk
555 37.9 761351 760380 genome.dna 945838 946801 NC_001263.gbk
368 70.2 761939 762196 genome.dna 88179 87903 NC_001263.gbk
852 41.3 763509 764681 genome.dna 87790 86473 NC_001263.gbk
306 38.1 766454 766933 genome.dna 1172807 1172330 NC_001263.gbk
1831 48.7 768185 770122 genome.dna 597145 595288 NC_001263.gbk
741 46.6 770241 771074 genome.dna 170860 171730 NC_001263.gbk
1243 46.5 771082 772419 genome.dna 2087602 2086267 NC_001263.gbk
199 31.1 777307 777729 genome.dna 1824574 1825051 NC_001263.gbk
275 52.4 783547 783816 genome.dna 339491 339767 NC_001263.gbk
2069 47.1 784066 786186 genome.dna 2076869 2079302 NC_001263.gbk
978 41.1 795852 797180 genome.dna 440822 439385 NC_001263.gbk
798 45.2 797270 798493 genome.dna 2139019 2140213 NC_001263.gbk
1392 68.0 805628 804636 genome.dna 2258526 2257542 NC_001263.gbk
445 54.0 814149 814541 genome.dna 1838209 1837846 NC_001263.gbk
2431 61.1 814656 817529 genome.dna 1837527 1834677 NC_001263.gbk
428 38.8 829810 829202 genome.dna 719206 719803 NC_001263.gbk
367 37.1 830229 830876 genome.dna 1901877 1902537 NC_001263.gbk
1358 45.6 844582 846099 genome.dna 371542 373120 NC_001263.gbk
1374 44.9 894744 893086 genome.dna 477579 479166 NC_001263.gbk
294 37.9 927840 927358 genome.dna 1478189 1478672 NC_001263.gbk
766 32.9 931102 929441 genome.dna 1490125 1491820 NC_001263.gbk
1455 53.5 933233 934465 genome.dna 1733182 1734493 NC_001263.gbk
802 42.1 987143 988024 genome.dna 803082 804036 NC_001263.gbk
370 37.1 1013085 1012423 genome.dna 2592592 2593270 NC_001263.gbk
307 31.8 1021882 1020917 genome.dna 132287 133178 NC_001263.gbk
264 33.1 1067553 1068080 genome.dna 1191641 1192166 NC_001263.gbk
627 40.0 1087061 1085955 genome.dna 2283259 2282167 NC_001263.gbk
365 33.7 1099537 1100406 genome.dna 818906 819926 NC_001263.gbk
597 32.9 1129588 1128602 genome.dna 1589813 1588811 NC_001263.gbk
248 41.9 1138546 1138941 genome.dna 1886772 1886418 NC_001263.gbk
743 46.0 1154052 1153258 genome.dna 1318069 1317289 NC_001263.gbk
687 45.6 1154397 1155122 genome.dna 1529030 1528235 NC_001263.gbk
626 41.8 1155257 1156108 genome.dna 1528143 1527348 NC_001263.gbk
650 47.4 1156279 1157004 genome.dna 1527263 1526525 NC_001263.gbk
531 47.2 1157130 1157687 genome.dna 1526446 1525894 NC_001263.gbk
408 40.0 1157925 1159121 genome.dna 1524875 1523684 NC_001263.gbk
388 34.9 1160091 1160948 genome.dna 1525860 1525005 NC_001263.gbk
479 45.9 1168997 1169593 genome.dna 1971294 1971933 NC_001263.gbk
2086 37.1 1169670 1173152 genome.dna 513483 509475 NC_001263.gbk
982 50.0 1173165 1174124 genome.dna 1222997 1222046 NC_001263.gbk
540 37.4 1202667 1201900 genome.dna 2597157 2597982 NC_001263.gbk
279 31.7 1254672 1255583 genome.dna 2294020 2293093 NC_001263.gbk
535 39.4 1260789 1261478 genome.dna 2239227 2238510 NC_001263.gbk
872 45.3 1271755 1272822 genome.dna 1598922 1597833 NC_001263.gbk
1234 47.7 1272920 1274065 genome.dna 2584684 2583499 NC_001263.gbk
407 45.9 1278470 1278919 genome.dna 89346 88872 NC_001263.gbk
742 43.1 1278982 1280091 genome.dna 153815 154889 NC_001263.gbk
444 46.8 1280201 1280677 genome.dna 156915 157383 NC_001263.gbk
1728 45.8 1284598 1282733 genome.dna 1487359 1489249 NC_001263.gbk
503 30.7 1292157 1291267 genome.dna 2626889 2627831 NC_001263.gbk
758 56.6 1301367 1301990 genome.dna 1992203 1992818 NC_001263.gbk
1407 57.2 1302154 1303428 genome.dna 1992814 1994026 NC_001263.gbk
1689 49.1 1303620 1306001 genome.dna 1994172 1996614 NC_001263.gbk
1195 45.1 1316909 1318201 genome.dna 708353 709673 NC_001263.gbk
783 32.9 1330287 1332362 genome.dna 2410636 2412484 NC_001263.gbk
202 42.3 1332403 1332732 genome.dna 203198 202907 NC_001263.gbk
571 47.2 1332732 1333337 genome.dna 202795 202132 NC_001263.gbk
375 40.2 1335658 1336302 genome.dna 2123422 2124016 NC_001263.gbk
422 31.8 1336525 1337487 genome.dna 1141573 1140622 NC_001263.gbk
353 32.9 1348853 1349839 genome.dna 2409814 2408851 NC_001263.gbk
1047 39.5 1356196 1353473 genome.dna 2450478 2453022 NC_001263.gbk
315 38.8 1357212 1356757 genome.dna 2144841 2144361 NC_001263.gbk
1299 60.9 1358126 1357212 genome.dna 2145868 2144833 NC_001263.gbk
1499 47.9 1363499 1366138 genome.dna 1932398 1934837 NC_001263.gbk
778 38.5 1373667 1372498 genome.dna 2500114 2501530 NC_001263.gbk
437 34.4 1381835 1382692 genome.dna 1162103 1161194 NC_001263.gbk
384 38.1 1426894 1426256 genome.dna 2041746 2042337 NC_001263.gbk
941 43.1 1427931 1426894 genome.dna 1399430 1398365 NC_001263.gbk
696 51.2 1428285 1428911 genome.dna 1582718 1582085 NC_001263.gbk
1001 41.8 1429248 1430537 genome.dna 2279673 2278182 NC_001263.gbk
385 41.4 1433876 1433409 genome.dna 859743 859215 NC_001263.gbk
1351 54.0 1458435 1457257 genome.dna 1081596 1080414 NC_001263.gbk
159 34.5 1468782 1468399 genome.dna 189091 189472 NC_001263.gbk
926 45.5 1470427 1469462 genome.dna 779477 780473 NC_001263.gbk
473 31.2 1475506 1474394 genome.dna 2495703 2496819 NC_001263.gbk
225 30.1 1477924 1477454 genome.dna 632797 632356 NC_001263.gbk
1932 45.4 1483266 1480684 genome.dna 2170157 2172782 NC_001263.gbk
941 50.5 1492026 1490968 genome.dna 2012676 2011533 NC_001263.gbk
981 39.8 1493774 1492350 genome.dna 1159622 1161140 NC_001263.gbk
495 40.4 1515559 1514879 genome.dna 759750 759072 NC_001263.gbk
517 36.7 1530248 1530991 genome.dna 109371 110190 NC_001263.gbk
429 36.4 1533499 1534146 genome.dna 492720 492063 NC_001263.gbk
1778 49.6 1537737 1539503 genome.dna 966797 965045 NC_001263.gbk
644 40.2 1539520 1540236 genome.dna 964980 964185 NC_001263.gbk
3019 50.2 1540513 1543320 genome.dna 287244 290115 NC_001263.gbk
1215 53.1 1543336 1544562 genome.dna 84322 83068 NC_001263.gbk
924 43.4 1544898 1546064 genome.dna 1253299 1254460 NC_001263.gbk
688 54.2 1546064 1546936 genome.dna 1254461 1255367 NC_001263.gbk
692 42.7 1561588 1560626 genome.dna 1109030 1110008 NC_001263.gbk
805 41.0 1573036 1572017 genome.dna 2202099 2203284 NC_001263.gbk
947 44.7 1598229 1599338 genome.dna 1013156 1014209 NC_001263.gbk
616 43.7 1599518 1600159 genome.dna 160200 160833 NC_001263.gbk
1631 59.0 1768623 1769945 genome.dna 668526 667230 NC_001263.gbk
369 30.1 1849141 1848239 genome.dna 1499907 1498935 NC_001263.gbk
357 48.2 1924289 1923957 genome.dna 417940 418294 NC_001263.gbk
167 34.2 1924540 1924289 genome.dna 417704 417947 NC_001263.gbk
744 31.4 1993342 1994814 genome.dna 828157 826585 NC_001263.gbk
1168 39.4 1994834 1996513 genome.dna 980515 978925 NC_001263.gbk
305 40.8 2009604 2010017 genome.dna 562045 562474 NC_001263.gbk
212 45.8 2010635 2010913 genome.dna 943956 943692 NC_001263.gbk
1195 51.6 2028974 2027880 genome.dna 2187780 2188893 NC_001263.gbk
477 30.8 2029109 2030257 genome.dna 1108166 1107263 NC_001263.gbk
140 47.3 2040877 2041047 genome.dna 2364935 2364752 NC_001263.gbk
540 36.5 2041077 2042123 genome.dna 2019530 2018417 NC_001263.gbk
818 42.9 2042130 2043083 genome.dna 1969683 1968543 NC_001263.gbk
863 49.0 2043101 2044030 genome.dna 1967443 1966525 NC_001263.gbk
704 45.6 2044045 2044779 genome.dna 1966056 1965291 NC_001263.gbk
1340 50.7 2045253 2046494 genome.dna 1964876 1963589 NC_001263.gbk
503 44.8 2048443 2049102 genome.dna 110186 110807 NC_001263.gbk
457 32.2 2050132 2050929 genome.dna 145256 146045 NC_001263.gbk
299 40.9 2055442 2055792 genome.dna 1642221 1642578 NC_001263.gbk
492 32.2 2057749 2058777 genome.dna 1337806 1336759 NC_001263.gbk
599 45.5 2071740 2072447 genome.dna 474002 473315 NC_001263.gbk
422 40.6 2085741 2085214 genome.dna 1929544 1930063 NC_001263.gbk
654 39.4 2091759 2090755 genome.dna 2596148 2597165 NC_001263.gbk
618 40.2 2102053 2101232 genome.dna 1755890 1756724 NC_001263.gbk
3180 62.2 2102354 2104732 genome.dna 1755767 1753424 NC_001263.gbk
1045 39.0 2112831 2114330 genome.dna 2115854 2114447 NC_001263.gbk
823 51.8 2114428 2115174 genome.dna 2116707 2115948 NC_001263.gbk
507 32.2 2116495 2117718 genome.dna 152547 151341 NC_001263.gbk
1216 44.8 2121733 2120321 genome.dna 2647146 2645697 NC_001263.gbk
465 36.2 2139951 2140691 genome.dna 346067 345356 NC_001263.gbk
175 30.1 2140906 2141388 genome.dna 345230 344723 NC_001263.gbk
1220 35.5 2141385 2143340 genome.dna 344564 342569 NC_001263.gbk
475 40.3 2153926 2154558 genome.dna 1005048 1005768 NC_001263.gbk
146 33.3 2162123 2163253 genome.dna 2343697 2342779 NC_001263.gbk
269 30.8 2170388 2171023 genome.dna 625739 625088 NC_001263.gbk
599 38.2 2177765 2177046 genome.dna 1926394 1927138 NC_001263.gbk
572 33.1 2179364 2177811 genome.dna 1924602 1926306 NC_001263.gbk
335 35.8 2181519 2182154 genome.dna 154965 155610 NC_001263.gbk
138 30.4 2188157 2187750 genome.dna 1717969 1718329 NC_001263.gbk
668 45.8 2191939 2192622 genome.dna 495355 496000 NC_001263.gbk
3323 57.1 2198282 2200954 genome.dna 1744308 1747029 NC_001263.gbk
603 35.7 2239913 2239125 genome.dna 1988112 1988907 NC_001263.gbk
1180 59.9 2263993 2263058 genome.dna 483548 484448 NC_001263.gbk
240 30.1 2318259 2318798 genome.dna 1170866 1170320 NC_001263.gbk
982 42.5 2352527 2353639 genome.dna 43899 42771 NC_001263.gbk
580 40.5 2353959 2354768 genome.dna 1365776 1366547 NC_001263.gbk
558 32.6 2362568 2361327 genome.dna 496082 497522 NC_001263.gbk
242 31.1 2461266 2461811 genome.dna 2455248 2454687 NC_001263.gbk
931 43.0 2463282 2462086 genome.dna 1736066 1734899 NC_001263.gbk
1246 53.3 2487322 2486231 genome.dna 1391766 1392864 NC_001263.gbk
408 39.9 2488039 2487452 genome.dna 2371444 2370796 NC_001263.gbk
701 37.5 2489732 2488785 genome.dna 1458593 1459592 NC_001263.gbk
376 34.6 2490742 2489870 genome.dna 2611782 2612682 NC_001263.gbk
646 38.4 2491599 2492855 genome.dna 2549707 2550760 NC_001263.gbk
964 45.1 2492889 2493971 genome.dna 993099 991971 NC_001263.gbk
445 38.0 2493971 2494816 genome.dna 242368 241531 NC_001263.gbk
354 34.3 2511822 2511298 genome.dna 1563794 1563245 NC_001263.gbk
559 33.2 2513105 2511876 genome.dna 2183829 2185218 NC_001263.gbk
428 43.5 2524682 2525110 genome.dna 1555634 1556153 NC_001263.gbk
935 39.0 2556170 2554698 genome.dna 1332427 1333861 NC_001263.gbk
631 42.5 2559421 2558525 genome.dna 626750 627704 NC_001263.gbk
1700 56.0 2563367 2561970 genome.dna 2640076 2638681 NC_001263.gbk
595 47.8 2585970 2586605 genome.dna 291363 292041 NC_001263.gbk
359 40.7 2597527 2596643 genome.dna 903758 904532 NC_001263.gbk
887 43.1 2605113 2606180 genome.dna 1794418 1795459 NC_001263.gbk
1406 55.1 2607572 2608762 genome.dna 956503 957799 NC_001263.gbk
473 33.5 2608762 2609568 genome.dna 957795 958608 NC_001263.gbk
1039 49.2 2627092 2626058 genome.dna 1586544 1585503 NC_001263.gbk
228 44.0 2642181 2642648 genome.dna 486562 486100 NC_001263.gbk
712 41.1 2642732 2643580 genome.dna 598347 597450 NC_001263.gbk
291 34.2 2645457 2646263 genome.dna 356790 355938 NC_001263.gbk
390 45.2 2654386 2653967 genome.dna 1385624 1386098 NC_001263.gbk
1074 50.9 2654735 2655739 genome.dna 1350285 1349292 NC_001263.gbk
822 48.4 2679167 2679979 genome.dna 769539 768708 NC_001263.gbk
1409 41.4 2683421 2681736 genome.dna 1714062 1715817 NC_001263.gbk
318 38.8 2689954 2690532 genome.dna 1192878 1193463 NC_001263.gbk
653 37.5 2706704 2707561 genome.dna 2281400 2280593 NC_001263.gbk
286 30.2 2709729 2710394 genome.dna 2622782 2623499 NC_001263.gbk
1659 43.9 2726216 2727934 genome.dna 2381476 2379709 NC_001263.gbk
509 33.2 2731236 2728849 genome.dna 2354698 2357161 NC_001263.gbk
886 46.2 2732234 2731251 genome.dna 2352746 2353766 NC_001263.gbk
462 56.9 2732903 2732547 genome.dna 2025584 2025227 NC_001263.gbk
79 34.4 2733144 2732947 genome.dna 2025788 2025587 NC_001263.gbk
1515 39.8 2735713 2733785 genome.dna 2096370 2094420 NC_001263.gbk
1831 66.3 2755752 2754499 genome.dna 1556734 1558027 NC_001263.gbk
676 38.7 2757088 2758194 genome.dna 1787322 1788564 NC_001263.gbk
960 46.0 2765687 2766838 genome.dna 1308248 1309337 NC_001263.gbk
536 43.2 2766822 2767682 genome.dna 1309476 1310295 NC_001263.gbk
618 34.0 2768546 2769589 genome.dna 1311228 1312335 NC_001263.gbk
1206 44.7 2794931 2793456 genome.dna 1615621 1617394 NC_001263.gbk
1231 59.4 2809298 2808294 genome.dna 609449 608447 NC_001263.gbk
374 36.8 2809923 2809306 genome.dna 1281494 1280888 NC_001263.gbk
333 37.8 2810663 2810151 genome.dna 436817 437357 NC_001263.gbk
633 41.0 2811487 2810744 genome.dna 2551579 2550844 NC_001263.gbk
1112 47.9 2813755 2811956 genome.dna 1353872 1352138 NC_001263.gbk
413 30.0 2838878 2837343 genome.dna 498567 500235 NC_001263.gbk
860 38.5 2841548 2842753 genome.dna 1313097 1314474 NC_001263.gbk
757 42.0 2859653 2858643 genome.dna 503593 502483 NC_001263.gbk
682 37.0 2864092 2865492 genome.dna 1278064 1276706 NC_001263.gbk
456 36.9 2869134 2868487 genome.dna 2560928 2560280 NC_001263.gbk
282 34.6 2890358 2889900 genome.dna 1948952 1948514 NC_001263.gbk
393 30.4 2903705 2902830 genome.dna 1248569 1247714 NC_001263.gbk
549 37.1 2915911 2915069 genome.dna 844045 844918 NC_001263.gbk
879 38.1 2917289 2918617 genome.dna 2142321 2143632 NC_001263.gbk
410 37.9 2920770 2921360 genome.dna 425361 426009 NC_001263.gbk
485 35.2 2921367 2922104 genome.dna 2494166 2493449 NC_001263.gbk
669 43.6 2922086 2922862 genome.dna 747875 748673 NC_001263.gbk
463 39.5 2922856 2923488 genome.dna 748717 749374 NC_001263.gbk
283 32.7 2926492 2925815 genome.dna 2544695 2545409 NC_001263.gbk
683 33.2 2928002 2926713 genome.dna 1104368 1102979 NC_001263.gbk
960 38.8 2975613 2974318 genome.dna 1281985 1283263 NC_001263.gbk
741 49.6 2977060 2975717 genome.dna 1916383 1917688 NC_001263.gbk
439 42.3 2981911 2981417 genome.dna 1914230 1913642 NC_001263.gbk
829 43.2 2982496 2983455 genome.dna 2005286 2004308 NC_001263.gbk
836 35.6 2988414 2989868 genome.dna 853690 852256 NC_001263.gbk
2376 52.3 2992855 2990582 genome.dna 600864 603090 NC_001263.gbk
685 44.5 3009847 3009002 genome.dna 1310419 1311232 NC_001263.gbk
668 52.8 3019705 3020373 genome.dna 1215026 1215689 NC_001263.gbk
94 30.6 3040751 3040365 genome.dna 1601355 1601724 NC_001263.gbk
534 42.9 3043567 3044349 genome.dna 191740 191071 NC_001263.gbk
339 31.7 3045534 3044359 genome.dna 2249602 2248447 NC_001263.gbk
398 39.8 3046334 3045672 genome.dna 36180 36831 NC_001263.gbk
624 33.1 3070815 3071993 genome.dna 1327746 1326576 NC_001263.gbk
779 46.6 3106945 3107832 genome.dna 1301760 1302669 NC_001263.gbk
355 34.3 3108374 3107820 genome.dna 205349 204812 NC_001263.gbk
418 31.6 3109585 3110331 genome.dna 2276780 2275961 NC_001263.gbk
551 42.3 3110358 3111017 genome.dna 1040875 1041526 NC_001263.gbk
580 45.1 3154559 3153852 genome.dna 901689 900993 NC_001263.gbk
466 49.4 3155863 3155369 genome.dna 2574148 2574655 NC_001263.gbk
2297 55.2 3161386 3159374 genome.dna 2272808 2275001 NC_001263.gbk
388 31.2 3169188 3169883 genome.dna 1453452 1452780 NC_001263.gbk
1582 44.7 3171157 3172854 genome.dna 2590823 2592560 NC_001263.gbk
636 36.9 3178804 3180039 genome.dna 77158 78364 NC_001263.gbk
1202 35.7 3230474 3228642 genome.dna 1360068 1361922 NC_001263.gbk
372 37.9 3326604 3325954 genome.dna 442102 442678 NC_001263.gbk
163 33.0 3332182 3332514 genome.dna 1018035 1018347 NC_001263.gbk
953 38.3 3368339 3370030 genome.dna 1382034 1383729 NC_001263.gbk
697 30.8 3372145 3370688 genome.dna 1508473 1506994 NC_001263.gbk
710 33.0 3373687 3372152 genome.dna 1509898 1508473 NC_001263.gbk
940 39.9 3375638 3373788 genome.dna 1511885 1509947 NC_001263.gbk
284 40.0 3375937 3375635 genome.dna 1512197 1511885 NC_001263.gbk
281 36.1 3376497 3375934 genome.dna 1512807 1512189 NC_001263.gbk
430 42.2 3377049 3376507 genome.dna 1513340 1512803 NC_001263.gbk
525 46.5 3378041 3377067 genome.dna 1514705 1513511 NC_001263.gbk
1364 50.1 3382301 3380952 genome.dna 1518353 1517018 NC_001263.gbk
652 33.9 3393361 3391478 genome.dna 1413646 1411876 NC_001263.gbk
1140 47.6 3395711 3396913 genome.dna 2609310 2610507 NC_001263.gbk
1996 51.8 3396993 3399131 genome.dna 71875 69706 NC_001263.gbk
569 46.5 3408161 3407589 genome.dna 2610503 2611091 NC_001263.gbk
631 42.4 3409858 3408341 genome.dna 222090 220656 NC_001263.gbk
672 38.0 3412525 3411257 genome.dna 2578559 2577476 NC_001263.gbk
892 50.4 3413548 3412631 genome.dna 1223848 1222993 NC_001263.gbk
438 37.2 3414435 3413773 genome.dna 1175953 1176556 NC_001263.gbk
456 33.9 3415469 3414618 genome.dna 2289479 2288636 NC_001263.gbk
503 31.6 3416479 3415469 genome.dna 2026885 2027902 NC_001263.gbk
627 39.6 3425582 3424782 genome.dna 1882161 1882914 NC_001263.gbk
206 36.3 3427528 3426443 genome.dna 791644 792961 NC_001263.gbk
1169 33.7 3438550 3436355 genome.dna 1502356 1500229 NC_001263.gbk
275 34.6 3451704 3451132 genome.dna 960218 959630 NC_001263.gbk
1827 77.4 3457211 3458236 genome.dna 622069 623086 NC_001263.gbk
706 30.8 3466688 3465462 genome.dna 1885146 1886367 NC_001263.gbk
804 34.7 3477877 3476636 genome.dna 2266139 2267288 NC_001263.gbk
513 37.5 3516455 3517318 genome.dna 879107 878207 NC_001263.gbk
760 40.9 3519048 3517663 genome.dna 1697205 1695606 NC_001263.gbk
595 58.9 3521609 3522118 genome.dna 22232 22766 NC_001263.gbk
585 35.5 3522115 3523185 genome.dna 22762 23875 NC_001263.gbk
480 54.5 3537011 3536586 genome.dna 1882056 1881636 NC_001263.gbk
722 33.1 3546973 3548205 genome.dna 567839 569021 NC_001263.gbk
488 39.4 3569781 3570509 genome.dna 2416983 2417694 NC_001263.gbk
333 36.5 3571239 3571790 genome.dna 1551433 1550884 NC_001263.gbk
1419 52.4 3590632 3589055 genome.dna 1895673 1897194 NC_001263.gbk
1726 55.6 3592205 3590739 genome.dna 1899491 1900994 NC_001263.gbk
540 33.7 3599984 3598497 genome.dna 2306266 2307583 NC_001263.gbk
790 36.3 3603229 3601955 genome.dna 1355541 1354257 NC_001263.gbk
287 37.3 3604488 3603367 genome.dna 385963 384673 NC_001263.gbk
744 39.2 3607701 3606505 genome.dna 950743 951784 NC_001263.gbk
368 30.5 3611852 3612721 genome.dna 2533936 2534788 NC_001263.gbk
790 37.9 3621177 3619963 genome.dna 216844 215707 NC_001263.gbk
1451 56.0 3635387 3634134 genome.dna 37445 38756 NC_001263.gbk
329 43.8 3640872 3640534 genome.dna 707943 708357 NC_001263.gbk
180 37.2 3680225 3679845 genome.dna 243403 243001 NC_001263.gbk
686 39.7 3682691 3681786 genome.dna 658532 657596 NC_001263.gbk
2297 57.0 3686442 3684643 genome.dna 1155645 1153824 NC_001263.gbk
856 58.9 3694571 3695257 genome.dna 705154 705898 NC_001263.gbk
784 34.9 3698228 3696813 genome.dna 487539 489117 NC_001263.gbk
618 38.3 3700404 3701453 genome.dna 2316098 2317046 NC_001263.gbk
549 40.2 3711890 3712588 genome.dna 1454606 1453889 NC_001263.gbk
1407 52.4 3714803 3716083 genome.dna 560681 562049 NC_001263.gbk
1978 45.2 3727511 3725031 genome.dna 418977 421446 NC_001263.gbk
405 44.3 3732230 3732727 genome.dna 172107 172623 NC_001263.gbk
613 41.2 3732844 3733638 genome.dna 2625236 2624354 NC_001263.gbk
677 45.8 3733793 3734647 genome.dna 1174771 1173925 NC_001263.gbk
363 50.0 3734665 3735045 genome.dna 735813 736176 NC_001263.gbk
489 45.7 3738313 3737777 genome.dna 1383799 1384330 NC_001263.gbk
156 34.2 3744803 3745042 genome.dna 2098682 2098436 NC_001263.gbk
3018 55.4 3762599 3760023 genome.dna 1057870 1060498 NC_001263.gbk
348 33.1 3763458 3762733 genome.dna 1988019 1987257 NC_001263.gbk
462 39.3 3764478 3763501 genome.dna 1816986 1818003 NC_001263.gbk
1121 49.6 3769824 3768751 genome.dna 1842343 1843429 NC_001263.gbk
651 42.7 3773827 3773072 genome.dna 2028820 2029660 NC_001263.gbk
205 39.5 3774681 3774433 genome.dna 1301598 1301343 NC_001263.gbk
1345 49.0 3776200 3774839 genome.dna 1863639 1862280 NC_001263.gbk
474 45.8 3777786 3777271 genome.dna 2388815 2388338 NC_001263.gbk
1249 43.8 3784972 3782345 genome.dna 2297502 2300175 NC_001263.gbk
1277 57.5 3786717 3785644 genome.dna 2337794 2338886 NC_001263.gbk
1243 49.8 3882715 3881462 genome.dna 1853365 1852066 NC_001263.gbk
1154 50.6 3883829 3882726 genome.dna 1854681 1853589 NC_001263.gbk
953 43.6 3911288 3910026 genome.dna 1165662 1164411 NC_001263.gbk
876 34.5 3917101 3918687 genome.dna 1541134 1539526 NC_001263.gbk
626 32.8 3918901 3920391 genome.dna 1880130 1881579 NC_001263.gbk
697 50.5 3953386 3954039 genome.dna 1364298 1364955 NC_001263.gbk
543 35.8 3962437 3961391 genome.dna 2014671 2013609 NC_001263.gbk
370 43.9 3963052 3962555 genome.dna 230018 230504 NC_001263.gbk
247 31.7 3963804 3963091 genome.dna 2611087 2611786 NC_001263.gbk
284 32.5 3996022 3996702 genome.dna 492823 493609 NC_001263.gbk
1636 60.3 4001743 4000448 genome.dna 2648524 2647255 NC_001263.gbk
1763 50.7 4003479 4001842 genome.dna 1594378 1596013 NC_001263.gbk
758 36.4 4007080 4004843 genome.dna 1866841 1864477 NC_001263.gbk
402 32.7 4013697 4012813 genome.dna 500328 501261 NC_001263.gbk
1530 42.6 4027241 4025196 genome.dna 2084844 2082741 NC_001263.gbk
345 32.4 4034399 4035643 genome.dna 1199854 1201159 NC_001263.gbk
688 44.8 4036522 4035704 genome.dna 449185 448360 NC_001263.gbk
391 38.7 4037132 4037767 genome.dna 2038984 2038387 NC_001263.gbk
550 48.1 4046883 4047521 genome.dna 1873783 1874404 NC_001263.gbk
2011 48.5 4051288 4053240 genome.dna 1764028 1766065 NC_001263.gbk
314 35.8 4059979 4059527 genome.dna 101708 102149 NC_001263.gbk
164 30.6 4064375 4065496 genome.dna 428407 429820 NC_001263.gbk
568 40.9 4068636 4067902 genome.dna 764771 764030 NC_001263.gbk
1229 33.9 4071195 4068739 genome.dna 354467 352184 NC_001263.gbk
181 33.2 4076900 4077613 genome.dna 1373912 1374542 NC_001263.gbk
423 46.9 4079441 4080034 genome.dna 179683 180286 NC_001263.gbk
599 33.0 4080027 4081166 genome.dna 129480 128313 NC_001263.gbk
1281 61.3 4109655 4110677 genome.dna 1720842 1721844 NC_001263.gbk
439 30.6 4114259 4113273 genome.dna 1071778 1072945 NC_001263.gbk
1287 46.2 4114440 4115846 genome.dna 554037 555384 NC_001263.gbk
503 34.3 4115888 4116970 genome.dna 1093806 1094910 NC_001263.gbk
580 56.8 4137049 4136630 genome.dna 2605551 2605095 NC_001263.gbk
2094 54.5 4139901 4137067 genome.dna 1801990 1798939 NC_001263.gbk
252 31.9 4140147 4140710 genome.dna 100828 101361 NC_001263.gbk
504 33.6 4185816 4184818 genome.dna 1440521 1439537 NC_001263.gbk
531 36.4 4197767 4198645 genome.dna 2526725 2525864 NC_001263.gbk
1380 47.2 4231793 4230366 genome.dna 2368701 2370105 NC_001263.gbk
945 37.9 4233904 4232027 genome.dna 256574 254720 NC_001263.gbk
2838 49.2 4236582 4233919 genome.dna 259425 256623 NC_001263.gbk
314 35.9 4250722 4251348 genome.dna 1911859 1912483 NC_001263.gbk
1600 46.9 4255592 4252890 genome.dna 588387 585753 NC_001263.gbk
998 44.9 4258960 4257809 genome.dna 646360 647476 NC_001263.gbk
589 37.2 4262088 4261168 genome.dna 362589 361569 NC_001263.gbk
557 32.9 4263557 4262097 genome.dna 641423 642872 NC_001263.gbk
426 31.5 4264711 4263620 genome.dna 640189 641446 NC_001263.gbk
417 33.9 4267226 4265910 genome.dna 2494333 2495707 NC_001263.gbk
356 35.6 4268312 4267230 genome.dna 1862137 1861198 NC_001263.gbk
763 35.0 4271151 4269664 genome.dna 299577 298104 NC_001263.gbk
665 40.8 4274186 4273242 genome.dna 1887475 1888414 NC_001263.gbk
1507 47.2 4282166 4283764 genome.dna 1496833 1495264 NC_001263.gbk
955 46.8 4283764 4284855 genome.dna 1813276 1814335 NC_001263.gbk
489 36.4 4284858 4286258 genome.dna 1807869 1809165 NC_001263.gbk
349 44.2 4319858 4320235 genome.dna 228770 228383 NC_001263.gbk
274 36.1 4322282 4321758 genome.dna 1119129 1119621 NC_001263.gbk
380 40.6 4323873 4323391 genome.dna 2642722 2643265 NC_001263.gbk
3653 58.2 4330684 4327460 genome.dna 679828 676753 NC_001263.gbk
1002 44.6 4331847 4330699 genome.dna 690684 691869 NC_001263.gbk
630 43.6 4334402 4333452 genome.dna 2160963 2161971 NC_001263.gbk
507 40.4 4339154 4338213 genome.dna 1020441 1021335 NC_001263.gbk
173 42.5 4339580 4339843 genome.dna 1316257 1315978 NC_001263.gbk
1030 43.8 4343498 4342359 genome.dna 1426710 1425447 NC_001263.gbk
1995 50.0 4345514 4343607 genome.dna 128158 126271 NC_001263.gbk
414 32.5 4354760 4353831 genome.dna 2390134 2391058 NC_001263.gbk
375 38.1 4358335 4357649 genome.dna 588582 589350 NC_001263.gbk
412 38.0 4373604 4372945 genome.dna 859216 858535 NC_001263.gbk
1006 43.7 4379941 4378778 genome.dna 1349268 1348032 NC_001263.gbk
2032 48.3 4383337 4381343 genome.dna 2251806 2253807 NC_001263.gbk
1461 37.3 4387762 4385783 genome.dna 240990 239001 NC_001263.gbk
1124 56.2 4388480 4389631 genome.dna 652998 654225 NC_001263.gbk
136 30.9 4393344 4393907 genome.dna 358393 357817 NC_001263.gbk
151 33.3 4393907 4394326 genome.dna 2512328 2511917 NC_001263.gbk
619 40.5 4398393 4397095 genome.dna 34828 36046 NC_001263.gbk
575 37.7 4403893 4402952 genome.dna 1713175 1712254 NC_001263.gbk
808 38.1 4409618 4408062 genome.dna 1544246 1545623 NC_001263.gbk
505 61.4 4447190 4446837 genome.dna 824297 823952 NC_001263.gbk
466 41.8 4448185 4447619 genome.dna 118141 117583 NC_001263.gbk
2039 57.8 4451372 4449723 genome.dna 1769810 1771436 NC_001263.gbk
4181 58.0 4464530 4460847 genome.dna 980854 984631 NC_001263.gbk
558 36.5 4464724 4465554 genome.dna 1167917 1167113 NC_001263.gbk
1835 64.7 4468982 4467675 genome.dna 840141 841536 NC_001263.gbk
570 30.1 4470612 4469014 genome.dna 1167050 1165658 NC_001263.gbk
404 37.1 4479596 4478769 genome.dna 1181430 1182423 NC_001263.gbk
609 40.3 4482986 4483933 genome.dna 2436411 2437368 NC_001263.gbk
258 33.6 4486815 4487225 genome.dna 2425389 2425776 NC_001263.gbk
370 53.4 4488068 4487676 genome.dna 2132211 2132562 NC_001263.gbk
563 36.3 4489098 4488109 genome.dna 2131100 2132126 NC_001263.gbk
597 46.2 4489744 4489124 genome.dna 2130468 2131086 NC_001263.gbk
439 49.3 4490164 4489775 genome.dna 2129925 2130321 NC_001263.gbk
452 60.7 4490537 4490181 genome.dna 2129541 2129922 NC_001263.gbk
179 71.1 4490800 4490684 genome.dna 2129425 2129539 NC_001263.gbk
1003 37.5 4492165 4490834 genome.dna 2121935 2123255 NC_001263.gbk
335 43.4 4492607 4492173 genome.dna 2121465 2121936 NC_001263.gbk
163 49.1 4492790 4492611 genome.dna 2121301 2121469 NC_001263.gbk
513 47.8 4493297 4492797 genome.dna 2120714 2121305 NC_001263.gbk
334 50.4 4493665 4493312 genome.dna 2120386 2120731 NC_001263.gbk
436 41.0 4494208 4493675 genome.dna 2119748 2120387 NC_001263.gbk
397 48.1 4494614 4494222 genome.dna 2119329 2119731 NC_001263.gbk
246 51.5 4494953 4494648 genome.dna 2118761 2119085 NC_001263.gbk
740 59.2 4495506 4494967 genome.dna 318279 318822 NC_001263.gbk
234 43.4 4495835 4495521 genome.dna 317813 318161 NC_001263.gbk
429 60.7 4496217 4495846 genome.dna 317409 317814 NC_001263.gbk
135 36.1 4496826 4496635 genome.dna 316922 317126 NC_001263.gbk
512 56.6 4497236 4496826 genome.dna 316507 316936 NC_001263.gbk
758 50.2 4497950 4497249 genome.dna 315761 316511 NC_001263.gbk
455 71.1 4498593 4498315 genome.dna 315073 315361 NC_001263.gbk
1044 57.7 4499431 4498610 genome.dna 314234 315062 NC_001263.gbk
233 47.2 4499751 4499449 genome.dna 313933 314221 NC_001263.gbk
313 32.8 4500353 4499748 genome.dna 313319 313937 NC_001263.gbk
685 51.7 4500993 4500364 genome.dna 312684 313320 NC_001263.gbk
416 59.0 4501337 4501026 genome.dna 312364 312688 NC_001263.gbk
1054 73.8 4503772 4502588 genome.dna 2063413 2062195 NC_001263.gbk
1054 73.8 4503772 4502588 genome.dna 311141 312359 NC_001263.gbk
2647 57.0 4505956 4503842 genome.dna 308202 310299 NC_001263.gbk
516 49.4 4506523 4506053 genome.dna 307474 307945 NC_001263.gbk
609 74.2 4506994 4506620 genome.dna 306968 307364 NC_001263.gbk
321 31.3 4518864 4519643 genome.dna 746574 747330 NC_001263.gbk
347 36.9 4520431 4519847 genome.dna 2460099 2460576 NC_001263.gbk
629 30.6 4522627 4520816 genome.dna 2367115 2365387 NC_001263.gbk
965 32.6 4523306 4525213 genome.dna 1661580 1663698 NC_001263.gbk
291 38.8 4528763 4528356 genome.dna 1187563 1187986 NC_001263.gbk
804 35.4 4531124 4529898 genome.dna 810462 809064 NC_001263.gbk
732 55.3 4531820 4531245 genome.dna 1793816 1794422 NC_001263.gbk
692 37.3 4543345 4542305 genome.dna 364756 365779 NC_001263.gbk
738 39.7 4557783 4556779 genome.dna 564306 563313 NC_001263.gbk
239 30.3 4558484 4557780 genome.dna 746576 745796 NC_001263.gbk
527 35.2 4562421 4561336 genome.dna 793671 794724 NC_001263.gbk
671 31.5 4597541 4596258 genome.dna 772143 773379 NC_001263.gbk
438 33.9 4603858 4604907 genome.dna 2351554 2352598 NC_001263.gbk
276 33.3 4613483 4614184 genome.dna 1395014 1395674 NC_001263.gbk
318 42.0 4621743 4622156 genome.dna 1348036 1347601 NC_001263.gbk
595 33.1 4622349 4623851 genome.dna 1031812 1033381 NC_001263.gbk
603 40.3 4634257 4632818 genome.dna 607556 606137 NC_001263.gbk
1219 44.8 4635563 4634286 genome.dna 1712074 1710766 NC_001263.gbk
1145 45.4 4637576 4635600 genome.dna 267509 265346 NC_001263.gbk
2122 50.6 4639754 4637577 genome.dna 1873685 1871567 NC_001263.gbk
362 33.0 4660865 4661485 genome.dna 2021993 2022719 NC_001263.gbk
1362 36.9 4672431 4670269 genome.dna 1804528 1806766 NC_001263.gbk
780 42.8 4680620 4681561 genome.dna 2350398 2351328 NC_001263.gbk
872 42.0 4686472 4685315 genome.dna 336630 337809 NC_001263.gbk
748 30.7 4690836 4689472 genome.dna 2175748 2177056 NC_001263.gbk
359 32.5 4695646 4694897 genome.dna 1669584 1668837 NC_001263.gbk
1031 46.4 4704862 4703738 genome.dna 1580851 1579696 NC_001263.gbk
1364 52.0 4708658 4707399 genome.dna 1345024 1346305 NC_001263.gbk
1777 53.6 4728119 4726569 genome.dna 576149 574442 NC_001263.gbk
2856 71.2 4729969 4728119 genome.dna 1143500 1141676 NC_001263.gbk
364 31.1 4730969 4730043 genome.dna 1648019 1649096 NC_001263.gbk
1662 47.8 4732978 4731332 genome.dna 1531600 1533379 NC_001263.gbk
1418 48.2 4733613 4735139 genome.dna 1680021 1681581 NC_001263.gbk
850 41.6 4766891 4765731 genome.dna 936611 935432 NC_001263.gbk
149 39.1 4770684 4770469 genome.dna 837571 837793 NC_001263.gbk
400 40.6 4778952 4779437 genome.dna 870026 870509 NC_001263.gbk
211 39.1 4780345 4781184 genome.dna 1951573 1950748 NC_001263.gbk
1972 57.5 4781238 4782749 genome.dna 1950664 1949158 NC_001263.gbk
572 43.0 4786326 4787093 genome.dna 1347181 1346446 NC_001263.gbk
528 33.4 4788410 4787304 genome.dna 2358931 2357857 NC_001263.gbk
1032 53.1 4789295 4788411 genome.dna 2536879 2537773 NC_001263.gbk
203 32.3 4814473 4814072 genome.dna 450846 451269 NC_001263.gbk
894 49.5 4825789 4824827 genome.dna 650697 649692 NC_001263.gbk
350 36.5 4834867 4834403 genome.dna 230496 230973 NC_001263.gbk
876 36.9 4859267 4858077 genome.dna 1608696 1607433 NC_001263.gbk
739 50.4 4859998 4859297 genome.dna 2124848 2124137 NC_001263.gbk
788 48.4 4860774 4860004 genome.dna 1047466 1046626 NC_001263.gbk
688 40.1 4862968 4862042 genome.dna 1049952 1048881 NC_001263.gbk
265 34.1 4869761 4870336 genome.dna 656157 655596 NC_001263.gbk
1719 63.3 4886675 4885383 genome.dna 2528711 2527319 NC_001263.gbk
442 41.8 4917573 4916662 genome.dna 133765 134743 NC_001263.gbk
558 41.0 4928387 4927485 genome.dna 971605 970606 NC_001263.gbk
1054 46.9 4929420 4928401 genome.dna 972647 971609 NC_001263.gbk
1054 46.9 4929420 4928401 genome.dna 972647 971609 NC_001263.gbk
1069 34.3 4931262 4929655 genome.dna 1296092 1297676 NC_001263.gbk
786 43.1 4964420 4963467 genome.dna 406739 405794 NC_001263.gbk
1135 44.5 4985096 4983699 genome.dna 3268 1903 NC_001263.gbk
213 68.9 4985770 4985910 genome.dna 2153142 2152998 NC_001263.gbk
793 38.2 4988276 4989640 genome.dna 1027696 1029028 NC_001263.gbk
916 53.2 4992272 4991421 genome.dna 12736 11854 NC_001263.gbk
303 30.2 5011178 5011843 genome.dna 1642577 1643291 NC_001263.gbk
397 34.0 5017538 5016804 genome.dna 2237418 2236776 NC_001263.gbk
891 40.1 5026700 5027902 genome.dna 637453 638620 NC_001263.gbk
197 33.9 5040111 5039689 genome.dna 908522 908951 NC_001263.gbk
1728 47.2 5049054 5047222 genome.dna 302749 304678 NC_001263.gbk
1170 43.8 5050610 5049240 genome.dna 820055 821519 NC_001263.gbk
1345 42.9 5063659 5061770 genome.dna 27968 26165 NC_001263.gbk
423 43.2 14538 15464 genome.dna 59502 60405 NC_001264.gbk
659 32.2 44746 43358 genome.dna 178520 179963 NC_001264.gbk
2404 69.4 111626 113161 genome.dna 383387 384935 NC_001264.gbk
874 57.0 269828 269043 genome.dna 175075 174208 NC_001264.gbk
2624 65.6 273440 271446 genome.dna 178065 176241 NC_001264.gbk
351 33.1 397546 398283 genome.dna 221434 222274 NC_001264.gbk
1747 46.4 768185 770122 genome.dna 313190 315158 NC_001264.gbk
719 40.2 808581 807679 genome.dna 368768 367817 NC_001264.gbk
505 35.3 985221 986075 genome.dna 171455 170654 NC_001264.gbk
650 48.2 1458435 1457257 genome.dna 56790 58176 NC_001264.gbk
711 53.7 1459094 1458447 genome.dna 73285 72655 NC_001264.gbk
605 46.1 1459750 1459094 genome.dna 73980 73284 NC_001264.gbk
528 30.8 1501778 1500630 genome.dna 72641 71519 NC_001264.gbk
482 41.0 1531148 1531804 genome.dna 308593 309277 NC_001264.gbk
772 34.8 1611941 1613374 genome.dna 37577 39023 NC_001264.gbk
1279 63.5 1637078 1636206 genome.dna 46742 47633 NC_001264.gbk
1254 39.8 1993342 1994814 genome.dna 230197 231772 NC_001264.gbk
516 35.9 2044045 2044779 genome.dna 207733 206956 NC_001264.gbk
341 35.6 2153926 2154558 genome.dna 9815 10451 NC_001264.gbk
724 42.7 2194218 2195078 genome.dna 191132 190142 NC_001264.gbk
888 37.6 2336995 2338260 genome.dna 30294 31659 NC_001264.gbk
1513 48.6 2338271 2339743 genome.dna 3881 2417 NC_001264.gbk
926 45.9 2446859 2448127 genome.dna 345617 346790 NC_001264.gbk
911 45.4 2449772 2450872 genome.dna 347744 348821 NC_001264.gbk
783 52.1 2450865 2451701 genome.dna 348810 349566 NC_001264.gbk
716 45.3 2451703 2452401 genome.dna 349711 350416 NC_001264.gbk
541 31.7 2463567 2464547 genome.dna 116274 117291 NC_001264.gbk
696 30.3 2683421 2681736 genome.dna 333792 335526 NC_001264.gbk
962 56.6 2724246 2725070 genome.dna 208807 207943 NC_001264.gbk
1212 37.5 2726216 2727934 genome.dna 385064 386873 NC_001264.gbk
1202 56.6 3042056 3043384 genome.dna 197035 198550 NC_001264.gbk
1569 45.4 3171157 3172854 genome.dna 299054 297311 NC_001264.gbk
929 54.4 3527868 3527053 genome.dna 161173 161938 NC_001264.gbk
473 48.0 3577570 3576767 genome.dna 174212 173456 NC_001264.gbk
1006 41.4 3635748 3636938 genome.dna 254097 255309 NC_001264.gbk
805 45.4 3653449 3652523 genome.dna 223527 224445 NC_001264.gbk
488 35.2 3736813 3735875 genome.dna 6838 7744 NC_001264.gbk
119 31.6 3744803 3745042 genome.dna 76953 76677 NC_001264.gbk
667 33.9 3796710 3795370 genome.dna 355745 357002 NC_001264.gbk
400 41.9 3938346 3938765 genome.dna 163920 164349 NC_001264.gbk
485 48.8 3967961 3967344 genome.dna 15119 15698 NC_001264.gbk
813 48.4 4014558 4013788 genome.dna 315246 316080 NC_001264.gbk
216 33.1 4071662 4071237 genome.dna 253985 253535 NC_001264.gbk
470 34.0 4114259 4113273 genome.dna 264703 265714 NC_001264.gbk
1423 37.4 4139901 4137067 genome.dna 197055 194286 NC_001264.gbk
502 30.6 4159330 4160865 genome.dna 90545 91922 NC_001264.gbk
548 32.3 4353827 4352538 genome.dna 401487 402900 NC_001264.gbk
1839 55.9 4470612 4469014 genome.dna 300677 299111 NC_001264.gbk
488 42.9 4702353 4701286 genome.dna 45651 46746 NC_001264.gbk
718 48.9 4859998 4859297 genome.dna 276634 275917 NC_001264.gbk
1946 45.7 4872230 4874593 genome.dna 79132 76945 NC_001264.gbk
945 31.4 4931262 4929655 genome.dna 258223 256633 NC_001264.gbk
558 31.1 4962494 4961517 genome.dna 219514 218527 NC_001264.gbk
762 44.6 5010680 5009268 genome.dna 189953 188558 NC_001264.gbk
390 37.8 5020260 5019301 genome.dna 159173 160223 NC_001264.gbk
884 43.9 5021463 5020423 genome.dna 157693 158905 NC_001264.gbk
531 35.0 5028745 5027972 genome.dna 307686 308589 NC_001264.gbk
