1246 35.8 25826 28615 genome.dna 560732 558005 NC_001318.gbk
1031 35.9 33859 32447 genome.dna 805778 804416 NC_001318.gbk
1114 34.4 47188 45107 genome.dna 596530 598591 NC_001318.gbk
1210 32.2 49985 47886 genome.dna 195692 197696 NC_001318.gbk
614 46.5 110262 109636 genome.dna 153719 153074 NC_001318.gbk
654 30.0 118825 120366 genome.dna 715008 716619 NC_001318.gbk
365 32.7 123485 122910 genome.dna 648552 649107 NC_001318.gbk
833 36.2 166824 165547 genome.dna 860111 858938 NC_001318.gbk
106 34.6 167881 168117 genome.dna 359495 359216 NC_001318.gbk
159 52.8 168129 168296 genome.dna 408380 408200 NC_001318.gbk
321 33.8 170854 170375 genome.dna 739684 740176 NC_001318.gbk
1653 62.4 250357 251541 genome.dna 495011 496217 NC_001318.gbk
452 38.9 252164 252709 genome.dna 407898 407343 NC_001318.gbk
451 48.9 252872 253300 genome.dna 407292 406860 NC_001318.gbk
624 42.7 253304 254008 genome.dna 406861 406180 NC_001318.gbk
242 33.3 254326 254823 genome.dna 406194 405687 NC_001318.gbk
401 55.2 254890 255255 genome.dna 405617 405242 NC_001318.gbk
2154 45.5 255584 259612 genome.dna 405160 401692 NC_001318.gbk
2331 49.2 259736 263959 genome.dna 401677 397543 NC_001318.gbk
920 32.6 304889 303438 genome.dna 860439 861774 NC_001318.gbk
1094 52.3 313270 314313 genome.dna 752133 753219 NC_001318.gbk
80 31.6 335983 335696 genome.dna 188494 188233 NC_001318.gbk
816 51.3 338215 337490 genome.dna 486704 487538 NC_001318.gbk
472 32.2 341977 341009 genome.dna 165914 164900 NC_001318.gbk
875 35.3 345980 347242 genome.dna 490598 491927 NC_001318.gbk
711 33.2 349956 348586 genome.dna 102976 101524 NC_001318.gbk
504 51.9 352201 352629 genome.dna 347301 346860 NC_001318.gbk
483 59.1 352645 353037 genome.dna 346841 346430 NC_001318.gbk
1178 54.2 435364 434357 genome.dna 900795 901782 NC_001318.gbk
796 38.9 460910 458055 genome.dna 778757 781385 NC_001318.gbk
207 40.0 697176 697469 genome.dna 783257 782975 NC_001318.gbk
1975 57.9 697515 699164 genome.dna 688489 690127 NC_001318.gbk
1003 31.6 753122 751287 genome.dna 748122 750018 NC_001318.gbk
169 37.7 755400 755185 genome.dna 267065 267275 NC_001318.gbk
742 37.5 755628 756641 genome.dna 811510 810469 NC_001318.gbk
214 31.7 761608 761919 genome.dna 818604 818916 NC_001318.gbk
345 65.1 761939 762196 genome.dna 819241 819487 NC_001318.gbk
823 42.2 763509 764681 genome.dna 819541 820528 NC_001318.gbk
290 32.5 767499 768128 genome.dna 320258 319679 NC_001318.gbk
1884 49.9 768185 770122 genome.dna 825700 827620 NC_001318.gbk
205 36.7 782083 782481 genome.dna 847104 847488 NC_001318.gbk
286 51.2 783547 783816 genome.dna 848537 848804 NC_001318.gbk
1829 41.6 784066 786186 genome.dna 848818 850987 NC_001318.gbk
415 33.5 830229 830876 genome.dna 114806 115508 NC_001318.gbk
301 36.4 927840 927358 genome.dna 31026 31479 NC_001318.gbk
291 30.8 932209 932796 genome.dna 531692 531128 NC_001318.gbk
1524 42.4 995970 994243 genome.dna 569558 571280 NC_001318.gbk
274 54.3 996273 996016 genome.dna 569277 569538 NC_001318.gbk
602 41.5 1154052 1153258 genome.dna 103771 103015 NC_001318.gbk
756 46.5 1154397 1155122 genome.dna 120589 119806 NC_001318.gbk
312 33.1 1155257 1156108 genome.dna 119803 118963 NC_001318.gbk
475 40.0 1157130 1157687 genome.dna 118929 118374 NC_001318.gbk
516 36.6 1159320 1160081 genome.dna 118370 117677 NC_001318.gbk
381 38.0 1168997 1169593 genome.dna 45445 45991 NC_001318.gbk
1654 38.7 1169670 1173152 genome.dna 592445 595931 NC_001318.gbk
1518 33.4 1180703 1178139 genome.dna 839243 841832 NC_001318.gbk
905 37.5 1272920 1274065 genome.dna 854868 855996 NC_001318.gbk
767 59.6 1301367 1301990 genome.dna 637962 638556 NC_001318.gbk
1389 53.4 1302154 1303428 genome.dna 638579 639872 NC_001318.gbk
1848 38.3 1303620 1306001 genome.dna 263712 261291 NC_001318.gbk
211 39.7 1322693 1322445 genome.dna 235534 235288 NC_001318.gbk
441 40.3 1329655 1330212 genome.dna 818017 818548 NC_001318.gbk
1535 38.2 1333507 1335396 genome.dna 573842 571889 NC_001318.gbk
455 34.7 1335658 1336302 genome.dna 427986 428622 NC_001318.gbk
1425 40.0 1363499 1366138 genome.dna 454472 452039 NC_001318.gbk
986 42.9 1458435 1457257 genome.dna 108170 106973 NC_001318.gbk
1762 38.5 1483266 1480684 genome.dna 256462 258985 NC_001318.gbk
540 36.5 1490240 1489362 genome.dna 56280 55500 NC_001318.gbk
192 30.1 1490971 1490492 genome.dna 56748 56280 NC_001318.gbk
401 31.2 1501778 1500630 genome.dna 150973 152179 NC_001318.gbk
1129 61.9 1502595 1501795 genome.dna 152205 153012 NC_001318.gbk
334 31.7 1530248 1530991 genome.dna 488225 488972 NC_001318.gbk
986 58.1 1563766 1563014 genome.dna 697570 698332 NC_001318.gbk
538 41.4 1599518 1600159 genome.dna 15348 14724 NC_001318.gbk
1477 47.8 1638449 1639855 genome.dna 573852 575247 NC_001318.gbk
962 32.4 1937404 1939404 genome.dna 578276 580421 NC_001318.gbk
467 33.1 1942291 1943163 genome.dna 39825 40677 NC_001318.gbk
273 37.1 1944254 1944643 genome.dna 583457 583832 NC_001318.gbk
573 30.4 1945543 1946694 genome.dna 287089 285970 NC_001318.gbk
1550 35.3 1946687 1948771 genome.dna 285962 283868 NC_001318.gbk
235 39.7 1951419 1951823 genome.dna 303309 302850 NC_001318.gbk
366 35.2 1952589 1953806 genome.dna 294780 293451 NC_001318.gbk
819 50.0 1954611 1955393 genome.dna 816299 815501 NC_001318.gbk
242 41.4 1962586 1962317 genome.dna 288173 287909 NC_001318.gbk
674 46.0 1963383 1962607 genome.dna 288946 288181 NC_001318.gbk
470 30.7 1965221 1964208 genome.dna 291021 289962 NC_001318.gbk
1081 43.1 1968985 1967612 genome.dna 298776 297465 NC_001318.gbk
646 34.6 1970689 1969697 genome.dna 300764 299729 NC_001318.gbk
366 32.2 1975728 1976600 genome.dna 148659 147648 NC_001318.gbk
76 33.3 2040877 2041047 genome.dna 740239 740422 NC_001318.gbk
210 46.5 2044934 2045170 genome.dna 740445 740688 NC_001318.gbk
500 33.9 2050132 2050929 genome.dna 192327 191517 NC_001318.gbk
1716 31.1 2070405 2066956 genome.dna 653790 650412 NC_001318.gbk
511 36.3 2071740 2072447 genome.dna 75731 76454 NC_001318.gbk
877 32.3 2116495 2117718 genome.dna 79504 80773 NC_001318.gbk
1010 38.5 2121733 2120321 genome.dna 357006 358440 NC_001318.gbk
792 42.2 2179364 2177811 genome.dna 630698 629195 NC_001318.gbk
953 38.6 2192856 2194133 genome.dna 380558 379340 NC_001318.gbk
977 34.4 2259590 2261206 genome.dna 336628 338215 NC_001318.gbk
1173 48.4 2487322 2486231 genome.dna 240250 239143 NC_001318.gbk
291 35.0 2488039 2487452 genome.dna 823815 824382 NC_001318.gbk
1128 46.9 2492889 2493971 genome.dna 193799 194873 NC_001318.gbk
360 34.6 2563607 2564779 genome.dna 419506 418387 NC_001318.gbk
344 34.2 2585970 2586605 genome.dna 789269 789938 NC_001318.gbk
393 31.8 2597527 2596643 genome.dna 125547 124797 NC_001318.gbk
870 46.8 2628084 2627089 genome.dna 342334 343207 NC_001318.gbk
914 44.0 2629936 2629016 genome.dna 340340 341261 NC_001318.gbk
405 35.5 2639766 2638855 genome.dna 208705 209542 NC_001318.gbk
1095 51.9 2654735 2655739 genome.dna 53461 52453 NC_001318.gbk
1337 43.6 2722186 2723580 genome.dna 769470 768078 NC_001318.gbk
350 48.2 2732903 2732547 genome.dna 189055 188707 NC_001318.gbk
182 50.0 2733144 2732947 genome.dna 189276 189075 NC_001318.gbk
535 45.5 2733782 2733240 genome.dna 189859 189298 NC_001318.gbk
1640 41.8 2735713 2733785 genome.dna 757835 759581 NC_001318.gbk
814 34.4 2757088 2758194 genome.dna 724130 723062 NC_001318.gbk
932 45.0 2765687 2766838 genome.dna 681606 680562 NC_001318.gbk
648 37.4 2766822 2767682 genome.dna 680563 679753 NC_001318.gbk
566 35.2 2767679 2768455 genome.dna 679750 678958 NC_001318.gbk
600 34.7 2768546 2769589 genome.dna 678938 677891 NC_001318.gbk
1162 39.8 2794931 2793456 genome.dna 673341 674778 NC_001318.gbk
1062 49.7 2809298 2808294 genome.dna 22101 21057 NC_001318.gbk
746 46.9 2811487 2810744 genome.dna 24696 23964 NC_001318.gbk
1368 40.3 2813755 2811956 genome.dna 467038 465517 NC_001318.gbk
1728 53.9 2864092 2865492 genome.dna 98804 100205 NC_001318.gbk
859 30.2 2925698 2924025 genome.dna 124152 122490 NC_001318.gbk
346 31.1 2926492 2925815 genome.dna 124814 124148 NC_001318.gbk
674 31.1 2975613 2974318 genome.dna 231491 230213 NC_001318.gbk
629 35.5 2982496 2983455 genome.dna 526324 527305 NC_001318.gbk
1201 32.3 2992855 2990582 genome.dna 886447 884227 NC_001318.gbk
668 47.4 3154559 3153852 genome.dna 549618 548919 NC_001318.gbk
2091 52.0 3161386 3159374 genome.dna 888296 890318 NC_001318.gbk
673 30.2 3230474 3228642 genome.dna 478074 476262 NC_001318.gbk
1609 44.4 3364676 3363084 genome.dna 783323 785021 NC_001318.gbk
970 40.1 3395711 3396913 genome.dna 650411 649169 NC_001318.gbk
451 33.1 3415469 3414618 genome.dna 11420 12161 NC_001318.gbk
522 34.5 3516455 3517318 genome.dna 25623 24696 NC_001318.gbk
665 34.0 3519048 3517663 genome.dna 622004 623447 NC_001318.gbk
943 55.6 3527868 3527053 genome.dna 223178 223961 NC_001318.gbk
490 30.7 3599984 3598497 genome.dna 513225 514527 NC_001318.gbk
222 31.4 3608433 3608005 genome.dna 484756 485266 NC_001318.gbk
1024 38.3 3608793 3610373 genome.dna 683422 684967 NC_001318.gbk
904 53.1 3635387 3634134 genome.dna 625006 626260 NC_001318.gbk
660 37.7 3682691 3681786 genome.dna 700924 700051 NC_001318.gbk
451 36.3 3683368 3682688 genome.dna 740684 741425 NC_001318.gbk
1954 49.5 3686442 3684643 genome.dna 85720 84040 NC_001318.gbk
673 45.4 3694571 3695257 genome.dna 49340 50012 NC_001318.gbk
808 34.8 3698228 3696813 genome.dna 383382 381909 NC_001318.gbk
489 34.6 3711890 3712588 genome.dna 385448 386162 NC_001318.gbk
387 49.1 3773009 3772662 genome.dna 738405 738771 NC_001318.gbk
605 40.9 3773827 3773072 genome.dna 737708 738428 NC_001318.gbk
223 44.6 3774681 3774433 genome.dna 736698 736959 NC_001318.gbk
1188 42.6 3776200 3774839 genome.dna 735342 736686 NC_001318.gbk
248 32.2 3777786 3777271 genome.dna 387285 387807 NC_001318.gbk
484 34.9 3784972 3782345 genome.dna 226610 224825 NC_001318.gbk
1246 54.2 3786717 3785644 genome.dna 127413 126315 NC_001318.gbk
885 35.2 3886800 3888260 genome.dna 634580 636011 NC_001318.gbk
872 38.0 3921930 3923132 genome.dna 147495 146376 NC_001318.gbk
1576 59.8 4001743 4000448 genome.dna 345062 346364 NC_001318.gbk
1446 42.6 4003479 4001842 genome.dna 588065 589667 NC_001318.gbk
988 33.1 4027241 4025196 genome.dna 562184 564167 NC_001318.gbk
285 34.7 4059979 4059527 genome.dna 111567 111045 NC_001318.gbk
398 34.4 4068636 4067902 genome.dna 528047 527360 NC_001318.gbk
278 30.9 4079441 4080034 genome.dna 252433 253039 NC_001318.gbk
676 37.9 4109655 4110677 genome.dna 229216 230224 NC_001318.gbk
737 31.0 4114440 4115846 genome.dna 111042 109674 NC_001318.gbk
3349 53.0 4139901 4137067 genome.dna 890321 893174 NC_001318.gbk
2449 44.4 4255592 4252890 genome.dna 156400 153700 NC_001318.gbk
1115 48.0 4258960 4257809 genome.dna 308532 307317 NC_001318.gbk
926 35.5 4260285 4259029 genome.dna 309780 308538 NC_001318.gbk
634 30.0 4263557 4262097 genome.dna 863635 865042 NC_001318.gbk
664 35.4 4265910 4264708 genome.dna 311653 310558 NC_001318.gbk
1057 41.5 4268312 4267230 genome.dna 312715 311659 NC_001318.gbk
512 34.2 4274186 4273242 genome.dna 315314 314423 NC_001318.gbk
435 31.0 4281750 4279945 genome.dna 612047 613985 NC_001318.gbk
969 40.8 4343498 4342359 genome.dna 529198 528103 NC_001318.gbk
2418 59.4 4345514 4343607 genome.dna 531105 529197 NC_001318.gbk
273 30.9 4373604 4372945 genome.dna 697437 696750 NC_001318.gbk
1510 60.6 4378640 4377564 genome.dna 464052 465132 NC_001318.gbk
760 41.6 4379941 4378778 genome.dna 52434 51252 NC_001318.gbk
1277 50.0 4388480 4389631 genome.dna 386158 387337 NC_001318.gbk
222 32.1 4408042 4407560 genome.dna 188237 187823 NC_001318.gbk
334 30.2 4448185 4447619 genome.dna 219634 219055 NC_001318.gbk
679 33.8 4451372 4449723 genome.dna 771145 769546 NC_001318.gbk
318 36.9 4482450 4482959 genome.dna 60554 60035 NC_001318.gbk
513 32.8 4482986 4483933 genome.dna 60039 59100 NC_001318.gbk
322 44.9 4488068 4487676 genome.dna 508869 509241 NC_001318.gbk
601 34.5 4489098 4488109 genome.dna 507810 508848 NC_001318.gbk
528 43.8 4489744 4489124 genome.dna 643129 642499 NC_001318.gbk
510 52.3 4490164 4489775 genome.dna 507393 507798 NC_001318.gbk
430 53.0 4490537 4490181 genome.dna 507001 507379 NC_001318.gbk
165 62.2 4490800 4490684 genome.dna 506864 506984 NC_001318.gbk
918 35.6 4492165 4490834 genome.dna 505553 506858 NC_001318.gbk
304 39.6 4492607 4492173 genome.dna 505103 505541 NC_001318.gbk
505 47.0 4493297 4492797 genome.dna 504297 504795 NC_001318.gbk
215 34.2 4493665 4493312 genome.dna 503925 504285 NC_001318.gbk
446 41.2 4494208 4493675 genome.dna 503365 503908 NC_001318.gbk
300 38.2 4494614 4494222 genome.dna 502950 503349 NC_001318.gbk
722 59.4 4495506 4494967 genome.dna 502190 502739 NC_001318.gbk
252 41.9 4495835 4495521 genome.dna 501879 502185 NC_001318.gbk
509 61.8 4496217 4495846 genome.dna 501490 501865 NC_001318.gbk
241 48.7 4496635 4496381 genome.dna 501214 501469 NC_001318.gbk
515 56.7 4497236 4496826 genome.dna 500592 501009 NC_001318.gbk
249 43.0 4498300 4497968 genome.dna 499340 499703 NC_001318.gbk
333 51.1 4498593 4498315 genome.dna 499055 499334 NC_001318.gbk
1047 56.0 4499431 4498610 genome.dna 498212 499046 NC_001318.gbk
189 39.6 4499751 4499449 genome.dna 497879 498191 NC_001318.gbk
366 31.8 4500353 4499748 genome.dna 497244 497874 NC_001318.gbk
591 45.0 4500993 4500364 genome.dna 496614 497235 NC_001318.gbk
383 52.0 4501337 4501026 genome.dna 496267 496579 NC_001318.gbk
1815 48.4 4505956 4503842 genome.dna 551723 549641 NC_001318.gbk
555 52.9 4506523 4506053 genome.dna 397077 396603 NC_001318.gbk
638 75.0 4506994 4506620 genome.dna 397476 397101 NC_001318.gbk
522 30.5 4557783 4556779 genome.dna 6312 5250 NC_001318.gbk
585 32.6 4622349 4623851 genome.dna 248505 250089 NC_001318.gbk
391 31.9 4659594 4658794 genome.dna 442552 441712 NC_001318.gbk
825 31.8 4672431 4670269 genome.dna 353440 351340 NC_001318.gbk
1596 58.1 4708658 4707399 genome.dna 237142 235594 NC_001318.gbk
1050 39.9 4733613 4735139 genome.dna 81404 82940 NC_001318.gbk
593 49.2 4775884 4776414 genome.dna 305661 305112 NC_001318.gbk
1233 46.4 4776424 4777755 genome.dna 305141 303773 NC_001318.gbk
208 35.8 4780345 4781184 genome.dna 245789 246554 NC_001318.gbk
1956 57.5 4781238 4782749 genome.dna 246596 248102 NC_001318.gbk
632 43.0 4786326 4787093 genome.dna 51251 50489 NC_001318.gbk
1893 41.8 4981440 4979023 genome.dna 456403 454483 NC_001318.gbk
789 31.2 4985096 4983699 genome.dna 456575 458036 NC_001318.gbk
216 71.1 4985770 4985910 genome.dna 459915 460071 NC_001318.gbk
653 30.0 4988276 4989640 genome.dna 182802 181407 NC_001318.gbk
1881 48.1 5063659 5061770 genome.dna 181423 179539 NC_001318.gbk
383 30.2 3711890 3712588 genome.dna 2535 3351 NC_001854.gbk
429 30.5 2071740 2072447 genome.dna 19312 20008 NC_001856.gbk
849 35.1 854876 856231 genome.dna 19321 17965 NC_001903.gbk
158 31.4 2010635 2010913 genome.dna 15 324 NC_001903.gbk
721 32.8 2096741 2095152 genome.dna 24824 26453 NC_001903.gbk
944 34.1 2631627 2629990 genome.dna 12013 13606 NC_001903.gbk
1361 47.5 3590632 3589055 genome.dna 16718 15131 NC_001903.gbk
1025 48.1 3592205 3590739 genome.dna 15107 13892 NC_001903.gbk
940 41.6 4948191 4946869 genome.dna 3807 2475 NC_001903.gbk
201 32.4 4974776 4974429 genome.dna 4083 4431 NC_001903.gbk
296 47.5 4976401 4976096 genome.dna 4439 4757 NC_001903.gbk
