350 43.9 10521 10940 genome.dna 3702327 3702723 NC_000964.gbk
1488 46.7 10948 12453 genome.dna 3702738 3704220 NC_000964.gbk
1052 54.5 12461 13429 genome.dna 3704221 3705190 NC_000964.gbk
939 54.3 13455 14342 genome.dna 3705201 3706119 NC_000964.gbk
454 37.7 14538 15464 genome.dna 3701449 3702331 NC_000964.gbk
684 35.3 15468 16463 genome.dna 1162620 1163634 NC_000964.gbk
1313 38.7 25826 28615 genome.dna 2974897 2972254 NC_000964.gbk
390 37.2 29669 29034 genome.dna 2879569 2878981 NC_000964.gbk
803 40.8 36667 35258 genome.dna 1877668 1879003 NC_000964.gbk
2255 54.7 37037 38860 genome.dna 1545525 1547364 NC_000964.gbk
341 43.2 39698 40135 genome.dna 2819701 2819341 NC_000964.gbk
662 33.6 44746 43358 genome.dna 3329559 3330909 NC_000964.gbk
1338 38.9 47188 45107 genome.dna 1659208 1661257 NC_000964.gbk
508 42.7 50956 50333 genome.dna 1641227 1641962 NC_000964.gbk
487 30.2 62838 64181 genome.dna 3880813 3879538 NC_000964.gbk
594 53.2 83450 83959 genome.dna 3531870 3531384 NC_000964.gbk
938 45.9 93925 92960 genome.dna 3561625 3562603 NC_000964.gbk
1250 63.0 98527 99441 genome.dna 2607925 2607037 NC_000964.gbk
1254 34.8 99451 101520 genome.dna 2607045 2605005 NC_000964.gbk
1975 52.0 102940 104847 genome.dna 449303 451136 NC_000964.gbk
881 44.8 104909 106057 genome.dna 451188 452289 NC_000964.gbk
807 60.9 110262 109636 genome.dna 2585317 2584636 NC_000964.gbk
324 30.5 111355 110522 genome.dna 3773209 3772420 NC_000964.gbk
1055 36.5 115831 114374 genome.dna 1892649 1894149 NC_000964.gbk
1556 51.3 117217 115898 genome.dna 1891161 1892499 NC_000964.gbk
433 31.6 151546 150683 genome.dna 1640118 1640994 NC_000964.gbk
412 32.8 154586 153765 genome.dna 1359866 1360691 NC_000964.gbk
880 56.9 162282 162998 genome.dna 2900991 2900253 NC_000964.gbk
174 31.5 165569 165111 genome.dna 1899333 1899768 NC_000964.gbk
1044 43.4 166824 165547 genome.dna 1642249 1643470 NC_000964.gbk
490 39.1 166978 167643 genome.dna 2861796 2861100 NC_000964.gbk
94 30.6 168129 168296 genome.dna 2573833 2573683 NC_000964.gbk
628 40.1 168516 169325 genome.dna 2972238 2971401 NC_000964.gbk
445 40.5 170854 170375 genome.dna 1569480 1569966 NC_000964.gbk
979 39.3 186786 187982 genome.dna 1770884 1772063 NC_000964.gbk
1068 45.6 187993 189078 genome.dna 1769828 1770872 NC_000964.gbk
870 40.3 192775 193791 genome.dna 2389425 2388387 NC_000964.gbk
1756 45.2 199780 202044 genome.dna 1385072 1382783 NC_000964.gbk
639 38.3 217784 218788 genome.dna 1194505 1195546 NC_000964.gbk
405 32.8 218826 219599 genome.dna 1196800 1197577 NC_000964.gbk
1422 46.6 219661 221034 genome.dna 3012208 3010822 NC_000964.gbk
549 37.8 222967 223722 genome.dna 2382846 2382144 NC_000964.gbk
973 45.5 228573 229595 genome.dna 2874276 2873301 NC_000964.gbk
1107 47.2 233849 232686 genome.dna 3369073 3367897 NC_000964.gbk
357 37.0 237567 238178 genome.dna 3645812 3646466 NC_000964.gbk
937 51.2 248939 247989 genome.dna 2468659 2467777 NC_000964.gbk
2045 75.1 250357 251541 genome.dna 132880 134071 NC_000964.gbk
545 43.5 252164 252709 genome.dna 117886 118420 NC_000964.gbk
618 66.9 252872 253300 genome.dna 118587 119013 NC_000964.gbk
778 51.3 253304 254008 genome.dna 119106 119805 NC_000964.gbk
338 36.8 254326 254823 genome.dna 120056 120557 NC_000964.gbk
394 51.2 254890 255255 genome.dna 120603 120975 NC_000964.gbk
2149 46.2 255584 259612 genome.dna 121915 125497 NC_000964.gbk
2563 47.3 259736 263959 genome.dna 125558 129158 NC_000964.gbk
713 48.4 269828 269043 genome.dna 1244511 1245282 NC_000964.gbk
277 33.2 271449 270808 genome.dna 3930171 3929502 NC_000964.gbk
2420 67.8 273440 271446 genome.dna 955402 957175 NC_000964.gbk
858 40.9 275283 276347 genome.dna 1085589 1086651 NC_000964.gbk
1392 51.5 280242 278956 genome.dna 709652 710921 NC_000964.gbk
1069 51.1 281849 280260 genome.dna 708098 709637 NC_000964.gbk
755 52.3 292998 292333 genome.dna 410250 409545 NC_000964.gbk
690 47.1 293855 293088 genome.dna 411043 410236 NC_000964.gbk
737 39.3 301263 300298 genome.dna 87630 88632 NC_000964.gbk
1688 56.1 306633 305290 genome.dna 2530981 2529628 NC_000964.gbk
343 39.2 307112 306645 genome.dna 2531472 2530992 NC_000964.gbk
450 48.9 307589 307137 genome.dna 2539477 2539030 NC_000964.gbk
929 43.7 310630 309653 genome.dna 1105995 1106988 NC_000964.gbk
1246 56.8 313270 314313 genome.dna 2861010 2859996 NC_000964.gbk
487 45.2 315964 316557 genome.dna 2862402 2861832 NC_000964.gbk
1592 52.1 329415 330869 genome.dna 442529 443918 NC_000964.gbk
747 42.5 334964 334107 genome.dna 3571448 3570560 NC_000964.gbk
769 32.0 337440 336007 genome.dna 3512871 3511560 NC_000964.gbk
121 31.0 345220 345510 genome.dna 2444227 2443873 NC_000964.gbk
1296 50.2 345980 347242 genome.dna 3778314 3777003 NC_000964.gbk
554 59.1 352201 352629 genome.dna 153840 154278 NC_000964.gbk
485 56.2 352645 353037 genome.dna 154298 154691 NC_000964.gbk
819 36.5 357036 355618 genome.dna 2009309 2007827 NC_000964.gbk
4127 44.3 361542 357046 genome.dna 2013888 2009325 NC_000964.gbk
774 37.1 362158 363087 genome.dna 3119079 3120048 NC_000964.gbk
633 41.8 372605 373492 genome.dna 43918 44797 NC_000964.gbk
646 38.8 386934 386071 genome.dna 3808422 3807564 NC_000964.gbk
806 44.6 399153 398326 genome.dna 3426641 3425810 NC_000964.gbk
871 37.2 400586 399423 genome.dna 3223705 3222541 NC_000964.gbk
714 42.6 401330 400590 genome.dna 438845 438095 NC_000964.gbk
1207 43.8 413001 411592 genome.dna 3902448 3901005 NC_000964.gbk
1615 55.6 414371 413001 genome.dna 3903827 3902444 NC_000964.gbk
553 37.2 417112 416177 genome.dna 669803 670766 NC_000964.gbk
412 48.4 431880 431494 genome.dna 55292 55670 NC_000964.gbk
636 39.0 435364 434357 genome.dna 1202926 1203886 NC_000964.gbk
295 33.0 457861 457211 genome.dna 783888 784584 NC_000964.gbk
1182 43.6 460910 458055 genome.dna 2868567 2865924 NC_000964.gbk
909 34.1 463248 461737 genome.dna 3296976 3295473 NC_000964.gbk
1437 47.2 485144 483705 genome.dna 2455002 2453574 NC_000964.gbk
435 55.8 503049 502735 genome.dna 3198617 3198302 NC_000964.gbk
1711 58.5 505284 504022 genome.dna 3198277 3197002 NC_000964.gbk
1239 43.0 506771 505281 genome.dna 3200092 3198634 NC_000964.gbk
1003 46.1 518034 519071 genome.dna 818337 817317 NC_000964.gbk
286 31.7 526894 527520 genome.dna 2573599 2573035 NC_000964.gbk
1388 48.4 530287 528905 genome.dna 106092 107469 NC_000964.gbk
85 48.0 536233 536394 genome.dna 3917667 3917817 NC_000964.gbk
1199 54.7 537938 539215 genome.dna 3307288 3306073 NC_000964.gbk
1024 41.5 543754 544950 genome.dna 3290542 3289345 NC_000964.gbk
1782 50.4 544947 546572 genome.dna 3289317 3287697 NC_000964.gbk
798 46.4 546583 547458 genome.dna 3287670 3286731 NC_000964.gbk
640 41.3 550604 551389 genome.dna 3291353 3290567 NC_000964.gbk
851 36.1 599597 601615 genome.dna 476110 478294 NC_000964.gbk
258 46.2 697176 697469 genome.dna 649576 649903 NC_000964.gbk
2116 60.7 697515 699164 genome.dna 649949 651584 NC_000964.gbk
312 34.5 704061 704669 genome.dna 1917511 1916893 NC_000964.gbk
1645 50.4 715386 716795 genome.dna 1299918 1301340 NC_000964.gbk
2030 60.4 718492 719982 genome.dna 1310787 1312281 NC_000964.gbk
1031 47.6 727813 726815 genome.dna 3195975 3196962 NC_000964.gbk
1249 40.4 734875 736791 genome.dna 4034396 4032566 NC_000964.gbk
906 43.2 755628 756641 genome.dna 642973 644014 NC_000964.gbk
190 31.1 757206 756736 genome.dna 2522048 2521598 NC_000964.gbk
580 30.0 761351 760380 genome.dna 2382203 2381156 NC_000964.gbk
298 43.7 761608 761919 genome.dna 2855087 2854778 NC_000964.gbk
278 56.8 761939 762196 genome.dna 2854425 2854140 NC_000964.gbk
407 41.9 766454 766933 genome.dna 2791237 2790763 NC_000964.gbk
221 38.9 767354 767061 genome.dna 2643902 2643611 NC_000964.gbk
1965 49.9 768185 770122 genome.dna 76981 78895 NC_000964.gbk
703 44.8 770241 771074 genome.dna 85733 86591 NC_000964.gbk
1224 44.8 771082 772419 genome.dna 198485 199832 NC_000964.gbk
2131 47.7 779306 782008 genome.dna 1733399 1735550 NC_000964.gbk
293 45.3 782083 782481 genome.dna 1735841 1736195 NC_000964.gbk
331 55.1 783547 783816 genome.dna 1738331 1738601 NC_000964.gbk
2237 51.1 784066 786186 genome.dna 1738773 1740891 NC_000964.gbk
1032 41.6 795852 797180 genome.dna 4049102 4047797 NC_000964.gbk
966 46.8 797270 798493 genome.dna 2447659 2446474 NC_000964.gbk
915 59.8 798538 799257 genome.dna 2135415 2134713 NC_000964.gbk
664 39.4 805628 804636 genome.dna 298019 298952 NC_000964.gbk
676 41.3 808710 809492 genome.dna 3708623 3707855 NC_000964.gbk
1804 50.5 809514 811193 genome.dna 3710400 3708684 NC_000964.gbk
719 36.2 812414 811260 genome.dna 3184148 3182936 NC_000964.gbk
841 40.1 812975 814090 genome.dna 2548609 2547520 NC_000964.gbk
412 47.2 814149 814541 genome.dna 3365565 3365181 NC_000964.gbk
559 41.8 818265 819005 genome.dna 1442337 1443084 NC_000964.gbk
565 33.9 819141 820013 genome.dna 3348762 3347883 NC_000964.gbk
664 48.1 830229 830876 genome.dna 2294542 2295184 NC_000964.gbk
848 46.1 839867 840766 genome.dna 2448710 2447819 NC_000964.gbk
1786 55.0 844582 846099 genome.dna 88723 90223 NC_000964.gbk
448 53.2 851060 851452 genome.dna 4177353 4176963 NC_000964.gbk
1092 36.6 856625 858271 genome.dna 3429405 3427392 NC_000964.gbk
519 36.2 858630 859340 genome.dna 1391417 1392104 NC_000964.gbk
1528 45.8 894744 893086 genome.dna 3923010 3924561 NC_000964.gbk
436 40.5 927840 927358 genome.dna 3450780 3450309 NC_000964.gbk
552 32.6 931102 929441 genome.dna 2521562 2519831 NC_000964.gbk
369 33.3 932209 932796 genome.dna 2627800 2627236 NC_000964.gbk
1389 52.5 933233 934465 genome.dna 491975 490697 NC_000964.gbk
136 35.5 934700 934497 genome.dna 3852537 3852726 NC_000964.gbk
553 34.3 939859 940740 genome.dna 2940740 2939798 NC_000964.gbk
1103 49.3 941591 942676 genome.dna 3345175 3344071 NC_000964.gbk
408 41.5 957261 956803 genome.dna 3790703 3790253 NC_000964.gbk
1648 50.0 995970 994243 genome.dna 1459116 1460769 NC_000964.gbk
247 47.0 996273 996016 genome.dna 3568609 3568351 NC_000964.gbk
923 54.0 997695 996727 genome.dna 81767 82694 NC_000964.gbk
819 39.6 1024600 1025622 genome.dna 1303910 1304930 NC_000964.gbk
830 38.8 1040649 1039456 genome.dna 3231826 3232897 NC_000964.gbk
203 31.1 1067553 1068080 genome.dna 3759747 3760239 NC_000964.gbk
125 33.3 1074786 1074532 genome.dna 2697985 2697754 NC_000964.gbk
690 38.3 1087061 1085955 genome.dna 935161 936271 NC_000964.gbk
1227 64.0 1100443 1101237 genome.dna 2297141 2296346 NC_000964.gbk
726 45.1 1154052 1153258 genome.dna 146524 147271 NC_000964.gbk
829 51.7 1154397 1155122 genome.dna 1717324 1718065 NC_000964.gbk
457 46.7 1155257 1156108 genome.dna 1718166 1719048 NC_000964.gbk
724 48.5 1156279 1157004 genome.dna 1719193 1719916 NC_000964.gbk
604 46.7 1157130 1157687 genome.dna 1719917 1720475 NC_000964.gbk
637 43.1 1157925 1159121 genome.dna 1722262 1723429 NC_000964.gbk
726 47.1 1159320 1160081 genome.dna 1720605 1721388 NC_000964.gbk
413 33.6 1160091 1160948 genome.dna 1721391 1722201 NC_000964.gbk
441 49.6 1166572 1167027 genome.dna 3743212 3742813 NC_000964.gbk
1070 37.3 1169670 1173152 genome.dna 2993689 2990341 NC_000964.gbk
1126 56.4 1173165 1174124 genome.dna 2987781 2986803 NC_000964.gbk
511 60.8 1174256 1174645 genome.dna 3797335 3797722 NC_000964.gbk
2021 40.2 1180703 1178139 genome.dna 1775112 1777689 NC_000964.gbk
2098 63.1 1199330 1200754 genome.dna 412736 414158 NC_000964.gbk
910 43.8 1203627 1202668 genome.dna 824225 823223 NC_000964.gbk
673 38.5 1205533 1204619 genome.dna 826242 825294 NC_000964.gbk
417 38.4 1221233 1222429 genome.dna 1304954 1306034 NC_000964.gbk
1263 57.7 1248508 1249548 genome.dna 290468 291596 NC_000964.gbk
416 30.7 1254672 1255583 genome.dna 2570847 2569881 NC_000964.gbk
1108 51.3 1264025 1265131 genome.dna 3998140 3999145 NC_000964.gbk
1131 39.7 1265611 1266930 genome.dna 3027372 3028710 NC_000964.gbk
1757 54.3 1267070 1268446 genome.dna 3124722 3123330 NC_000964.gbk
487 42.1 1270601 1269999 genome.dna 1491665 1492208 NC_000964.gbk
978 46.7 1271755 1272822 genome.dna 2834188 2833159 NC_000964.gbk
1470 56.7 1272920 1274065 genome.dna 2833133 2831987 NC_000964.gbk
450 48.3 1278470 1278919 genome.dna 2965213 2964754 NC_000964.gbk
914 42.6 1278982 1280091 genome.dna 2430577 2429491 NC_000964.gbk
502 48.1 1280201 1280677 genome.dna 2427590 2427125 NC_000964.gbk
294 40.8 1280702 1281121 genome.dna 2528937 2528541 NC_000964.gbk
538 36.1 1281190 1282170 genome.dna 640377 641355 NC_000964.gbk
1804 44.9 1284598 1282733 genome.dna 2524890 2522988 NC_000964.gbk
646 44.5 1285528 1284617 genome.dna 2525955 2525136 NC_000964.gbk
414 40.6 1289161 1289652 genome.dna 1180874 1180382 NC_000964.gbk
710 40.4 1292157 1291267 genome.dna 1279973 1278983 NC_000964.gbk
595 45.5 1293119 1292505 genome.dna 3914101 3913486 NC_000964.gbk
2332 50.9 1295100 1293109 genome.dna 3916064 3914114 NC_000964.gbk
553 36.0 1296067 1295105 genome.dna 3917057 3916091 NC_000964.gbk
634 32.8 1299536 1300840 genome.dna 2886690 2885415 NC_000964.gbk
884 69.3 1301367 1301990 genome.dna 3545293 3545887 NC_000964.gbk
1647 61.0 1302154 1303428 genome.dna 2885143 2883880 NC_000964.gbk
2808 55.3 1303620 1306001 genome.dna 2881890 2879565 NC_000964.gbk
339 52.8 1306200 1306472 genome.dna 2385058 2384779 NC_000964.gbk
857 57.5 1310544 1309849 genome.dna 1438913 1439573 NC_000964.gbk
1568 41.7 1312639 1314408 genome.dna 1044797 1046555 NC_000964.gbk
1213 47.2 1316909 1318201 genome.dna 3755843 3757058 NC_000964.gbk
214 41.0 1322693 1322445 genome.dna 3138306 3138057 NC_000964.gbk
542 50.0 1329655 1330212 genome.dna 2822678 2822165 NC_000964.gbk
242 37.7 1332403 1332732 genome.dna 28526 28850 NC_000964.gbk
591 45.2 1332732 1333337 genome.dna 28864 29461 NC_000964.gbk
1365 38.0 1333507 1335396 genome.dna 4090103 4088222 NC_000964.gbk
648 45.9 1335658 1336302 genome.dna 145874 146528 NC_000964.gbk
333 41.6 1352428 1351949 genome.dna 1277155 1277635 NC_000964.gbk
1742 38.7 1356196 1353473 genome.dna 3442594 3440182 NC_000964.gbk
1747 53.4 1363499 1366138 genome.dna 6992 9458 NC_000964.gbk
523 38.9 1374601 1375371 genome.dna 3955285 3956044 NC_000964.gbk
435 30.8 1379359 1381041 genome.dna 3151385 3149642 NC_000964.gbk
1266 66.9 1381835 1382692 genome.dna 3148796 3147980 NC_000964.gbk
416 32.8 1426894 1426256 genome.dna 707514 708102 NC_000964.gbk
1147 50.5 1427931 1426894 genome.dna 706477 707518 NC_000964.gbk
743 53.6 1428285 1428911 genome.dna 3788110 3787480 NC_000964.gbk
1170 42.7 1429248 1430537 genome.dna 1618424 1619729 NC_000964.gbk
361 37.7 1433876 1433409 genome.dna 943395 943870 NC_000964.gbk
821 44.8 1434853 1435731 genome.dna 1747758 1748631 NC_000964.gbk
638 42.1 1436929 1437642 genome.dna 701105 701831 NC_000964.gbk
325 38.3 1437843 1438295 genome.dna 2982140 2981675 NC_000964.gbk
1101 45.2 1458435 1457257 genome.dna 2513271 2512089 NC_000964.gbk
748 51.4 1459094 1458447 genome.dna 4000767 4000116 NC_000964.gbk
695 52.0 1459750 1459094 genome.dna 2143592 2142902 NC_000964.gbk
211 34.2 1468782 1468399 genome.dna 1036789 1036432 NC_000964.gbk
104 36.7 1469182 1469379 genome.dna 1904813 1904624 NC_000964.gbk
895 52.9 1470427 1469462 genome.dna 3320188 3319381 NC_000964.gbk
345 34.3 1479078 1478437 genome.dna 2643600 2643030 NC_000964.gbk
1801 43.2 1483266 1480684 genome.dna 3104124 3101709 NC_000964.gbk
980 59.3 1484840 1484115 genome.dna 2801627 2802356 NC_000964.gbk
912 50.3 1492026 1490968 genome.dna 2614730 2613770 NC_000964.gbk
1190 42.5 1493774 1492350 genome.dna 1772210 1773740 NC_000964.gbk
621 40.0 1502595 1501795 genome.dna 3595602 3596331 NC_000964.gbk
261 32.8 1506798 1506349 genome.dna 943992 944430 NC_000964.gbk
649 47.2 1533499 1534146 genome.dna 286974 286326 NC_000964.gbk
617 33.7 1536355 1535069 genome.dna 2981342 2980223 NC_000964.gbk
1701 39.2 1540513 1543320 genome.dna 2110856 2108042 NC_000964.gbk
961 46.3 1543336 1544562 genome.dna 2108013 2106759 NC_000964.gbk
1439 55.1 1544898 1546064 genome.dna 1679829 1680987 NC_000964.gbk
1295 65.3 1546064 1546936 genome.dna 1681015 1681918 NC_000964.gbk
943 38.0 1547669 1549237 genome.dna 3977989 3976582 NC_000964.gbk
805 42.1 1561588 1560626 genome.dna 2724096 2723160 NC_000964.gbk
1368 57.2 1573036 1572017 genome.dna 3989759 3988739 NC_000964.gbk
497 37.1 1576123 1576893 genome.dna 3424333 3425116 NC_000964.gbk
400 30.4 1586578 1585757 genome.dna 1190775 1189962 NC_000964.gbk
634 33.0 1598229 1599338 genome.dna 157419 158478 NC_000964.gbk
725 52.7 1599518 1600159 genome.dna 2792123 2791487 NC_000964.gbk
789 45.5 1614552 1615325 genome.dna 797976 798741 NC_000964.gbk
687 42.6 1637078 1636206 genome.dna 3884777 3884036 NC_000964.gbk
1958 71.4 1638449 1639855 genome.dna 2481197 2479976 NC_000964.gbk
1560 48.7 1647128 1648552 genome.dna 369829 371263 NC_000964.gbk
1514 47.1 1652381 1653892 genome.dna 4083176 4081712 NC_000964.gbk
1934 50.1 1654089 1656020 genome.dna 4079618 4077875 NC_000964.gbk
931 44.3 1656775 1657761 genome.dna 2839133 2838107 NC_000964.gbk
695 37.7 1664731 1665621 genome.dna 4077859 4076965 NC_000964.gbk
801 48.1 1665648 1666472 genome.dna 4081638 4080822 NC_000964.gbk
409 36.1 1672245 1672835 genome.dna 585492 584868 NC_000964.gbk
1009 49.2 1743889 1744833 genome.dna 2033997 2035035 NC_000964.gbk
1653 56.9 1751217 1749904 genome.dna 4009192 4010473 NC_000964.gbk
319 35.1 1764218 1764715 genome.dna 1928735 1929248 NC_000964.gbk
1509 54.0 1768623 1769945 genome.dna 1097321 1096031 NC_000964.gbk
447 30.4 1775956 1776978 genome.dna 1302891 1303905 NC_000964.gbk
761 34.8 1830416 1829217 genome.dna 613355 614564 NC_000964.gbk
349 40.5 1851097 1851453 genome.dna 4185299 4185656 NC_000964.gbk
1640 58.2 1862075 1860786 genome.dna 579602 580910 NC_000964.gbk
132 31.2 1924289 1923957 genome.dna 518499 518850 NC_000964.gbk
1128 34.6 1937404 1939404 genome.dna 1712209 1714225 NC_000964.gbk
373 33.0 1942291 1943163 genome.dna 2380355 2379578 NC_000964.gbk
514 39.9 1943163 1944215 genome.dna 1711130 1712204 NC_000964.gbk
269 37.1 1944254 1944643 genome.dna 1703228 1703591 NC_000964.gbk
835 39.3 1945543 1946694 genome.dna 1705993 1707076 NC_000964.gbk
1762 43.5 1946687 1948771 genome.dna 1707108 1709142 NC_000964.gbk
105 32.1 1950000 1949704 genome.dna 3639611 3639344 NC_000964.gbk
278 40.0 1951419 1951823 genome.dna 1691065 1691518 NC_000964.gbk
628 40.4 1954611 1955393 genome.dna 1699576 1700371 NC_000964.gbk
251 42.7 1962586 1962317 genome.dna 1704937 1705207 NC_000964.gbk
1308 47.8 1968985 1967612 genome.dna 1695264 1696587 NC_000964.gbk
676 35.0 1970689 1969697 genome.dna 1693517 1694534 NC_000964.gbk
157 30.9 1972671 1972985 genome.dna 1691528 1691849 NC_000964.gbk
206 36.7 1974025 1973615 genome.dna 3631949 3631547 NC_000964.gbk
466 41.1 1975728 1976600 genome.dna 3634961 3634046 NC_000964.gbk
519 36.0 1986118 1986840 genome.dna 1715884 1716649 NC_000964.gbk
1374 44.3 1993342 1994814 genome.dna 2099835 2101323 NC_000964.gbk
290 38.7 2009604 2010017 genome.dna 1931925 1932333 NC_000964.gbk
201 39.8 2010635 2010913 genome.dna 837518 837242 NC_000964.gbk
393 42.5 2016186 2015680 genome.dna 194022 193566 NC_000964.gbk
585 40.9 2028974 2027880 genome.dna 2475071 2476088 NC_000964.gbk
195 39.5 2034358 2034645 genome.dna 439149 438861 NC_000964.gbk
93 31.6 2040877 2041047 genome.dna 1575205 1575385 NC_000964.gbk
692 36.8 2041077 2042123 genome.dna 1661945 1662947 NC_000964.gbk
906 45.6 2042130 2043083 genome.dna 1207688 1208627 NC_000964.gbk
850 43.4 2043101 2044030 genome.dna 1662965 1663919 NC_000964.gbk
776 50.4 2044045 2044779 genome.dna 1663911 1664652 NC_000964.gbk
282 62.8 2044934 2045170 genome.dna 1664735 1664969 NC_000964.gbk
1505 53.6 2045253 2046494 genome.dna 1208649 1209891 NC_000964.gbk
419 32.0 2047434 2048453 genome.dna 2796239 2795156 NC_000964.gbk
377 35.1 2048443 2049102 genome.dna 39156 39795 NC_000964.gbk
676 40.7 2050132 2050929 genome.dna 47703 48471 NC_000964.gbk
2052 36.6 2070405 2066956 genome.dna 60427 63961 NC_000964.gbk
389 36.3 2074702 2075532 genome.dna 1039573 1040317 NC_000964.gbk
423 44.3 2079241 2079792 genome.dna 2304276 2303793 NC_000964.gbk
1470 49.2 2086038 2087372 genome.dna 2125428 2124093 NC_000964.gbk
750 39.1 2091759 2090755 genome.dna 3402588 3401526 NC_000964.gbk
2239 73.1 2095149 2093827 genome.dna 889527 890877 NC_000964.gbk
2116 58.2 2096741 2095152 genome.dna 891720 893304 NC_000964.gbk
381 30.3 2097009 2097755 genome.dna 3596348 3597080 NC_000964.gbk
1722 44.1 2099496 2097796 genome.dna 3548295 3546609 NC_000964.gbk
349 50.9 2111138 2111554 genome.dna 3251861 3251480 NC_000964.gbk
1061 38.6 2112831 2114330 genome.dna 3356049 3354651 NC_000964.gbk
877 52.4 2114428 2115174 genome.dna 3359839 3359053 NC_000964.gbk
1356 49.5 2116495 2117718 genome.dna 3357723 3356502 NC_000964.gbk
1545 52.1 2121733 2120321 genome.dna 2985618 2983860 NC_000964.gbk
1016 53.8 2122379 2123242 genome.dna 4012488 4011654 NC_000964.gbk
2020 64.4 2125493 2126887 genome.dna 4032580 4031134 NC_000964.gbk
490 36.8 2175615 2174920 genome.dna 3492582 3491859 NC_000964.gbk
1760 55.8 2177036 2175615 genome.dna 3494021 3492581 NC_000964.gbk
842 50.6 2177765 2177046 genome.dna 3494764 3494047 NC_000964.gbk
603 33.4 2179364 2177811 genome.dna 3509842 3511534 NC_000964.gbk
975 36.0 2181270 2179897 genome.dna 2118636 2119995 NC_000964.gbk
392 35.5 2181519 2182154 genome.dna 2429481 2428833 NC_000964.gbk
179 32.0 2188157 2187750 genome.dna 3935928 3936309 NC_000964.gbk
1535 53.6 2192856 2194133 genome.dna 3036946 3035677 NC_000964.gbk
2205 54.7 2198282 2200954 genome.dna 1925934 1928664 NC_000964.gbk
558 42.2 2216576 2217319 genome.dna 1628020 1628740 NC_000964.gbk
907 61.5 2218378 2219073 genome.dna 2944774 2944084 NC_000964.gbk
1260 43.5 2221311 2219248 genome.dna 2937280 2935483 NC_000964.gbk
810 49.6 2239913 2239125 genome.dna 1247225 1248035 NC_000964.gbk
1780 54.4 2247874 2249394 genome.dna 1939852 1941379 NC_000964.gbk
437 42.9 2258625 2258122 genome.dna 3017271 3016767 NC_000964.gbk
1011 35.0 2259590 2261206 genome.dna 1219320 1220958 NC_000964.gbk
388 33.3 2275290 2274685 genome.dna 2096231 2095604 NC_000964.gbk
593 39.5 2298807 2297113 genome.dna 3560631 3559038 NC_000964.gbk
457 33.2 2306210 2305560 genome.dna 3993160 3993817 NC_000964.gbk
1892 52.6 2310451 2314227 genome.dna 3828998 3825311 NC_000964.gbk
2173 60.6 2314227 2315807 genome.dna 3825322 3823858 NC_000964.gbk
506 39.9 2316519 2317223 genome.dna 3823282 3822610 NC_000964.gbk
1210 43.5 2336995 2338260 genome.dna 441150 442461 NC_000964.gbk
1191 48.5 2352527 2353639 genome.dna 3146433 3145317 NC_000964.gbk
734 34.9 2359305 2358133 genome.dna 2967897 2969088 NC_000964.gbk
1721 56.3 2460964 2459636 genome.dna 3002125 3000796 NC_000964.gbk
825 44.5 2463567 2464547 genome.dna 3003422 3002417 NC_000964.gbk
315 36.2 2473501 2473887 genome.dna 4195938 4195557 NC_000964.gbk
1351 55.2 2487322 2486231 genome.dna 4200151 4199050 NC_000964.gbk
435 37.6 2488039 2487452 genome.dna 59501 60068 NC_000964.gbk
1048 51.8 2489732 2488785 genome.dna 57742 58696 NC_000964.gbk
406 30.7 2490742 2489870 genome.dna 53513 54383 NC_000964.gbk
927 35.6 2491599 2492855 genome.dna 2878233 2876865 NC_000964.gbk
1202 51.1 2492889 2493971 genome.dna 3797210 3796139 NC_000964.gbk
410 32.2 2493971 2494816 genome.dna 3796138 3795271 NC_000964.gbk
340 39.6 2507977 2507444 genome.dna 1420891 1421389 NC_000964.gbk
836 35.4 2508508 2509803 genome.dna 3079699 3078412 NC_000964.gbk
852 53.6 2524351 2523662 genome.dna 2032878 2032179 NC_000964.gbk
264 31.4 2527929 2528417 genome.dna 4139358 4138887 NC_000964.gbk
807 48.3 2546335 2547111 genome.dna 553423 554188 NC_000964.gbk
367 30.8 2552084 2552833 genome.dna 2471010 2470230 NC_000964.gbk
965 31.6 2556170 2554698 genome.dna 3374014 3375640 NC_000964.gbk
644 39.3 2559421 2558525 genome.dna 3710554 3711463 NC_000964.gbk
1180 45.4 2559536 2560804 genome.dna 4179585 4178370 NC_000964.gbk
1920 62.9 2563367 2561970 genome.dna 3389471 3388082 NC_000964.gbk
891 36.6 2571743 2570592 genome.dna 3443390 3444467 NC_000964.gbk
380 34.4 2576733 2578418 genome.dna 2946473 2944790 NC_000964.gbk
1814 51.8 2578455 2579960 genome.dna 2947983 2946486 NC_000964.gbk
574 45.7 2585970 2586605 genome.dna 2344656 2343996 NC_000964.gbk
905 40.2 2593132 2590532 genome.dna 1683059 1685135 NC_000964.gbk
498 39.9 2597527 2596643 genome.dna 2421403 2420713 NC_000964.gbk
786 37.0 2602958 2604520 genome.dna 2376657 2375109 NC_000964.gbk
605 34.9 2605113 2606180 genome.dna 2375138 2374124 NC_000964.gbk
1412 55.2 2607572 2608762 genome.dna 2372747 2371544 NC_000964.gbk
449 35.1 2608762 2609568 genome.dna 2371552 2370748 NC_000964.gbk
1091 56.4 2627092 2626058 genome.dna 1368307 1369291 NC_000964.gbk
1045 49.2 2628084 2627089 genome.dna 1362606 1363614 NC_000964.gbk
915 43.2 2629004 2628096 genome.dna 1222004 1222922 NC_000964.gbk
1015 49.3 2629936 2629016 genome.dna 1221065 1222001 NC_000964.gbk
262 30.9 2637907 2637311 genome.dna 3802047 3801459 NC_000964.gbk
780 44.8 2639766 2638855 genome.dna 3664688 3665567 NC_000964.gbk
462 33.2 2642048 2641143 genome.dna 1571383 1572166 NC_000964.gbk
771 43.1 2642732 2643580 genome.dna 1376706 1377609 NC_000964.gbk
353 31.8 2645012 2644386 genome.dna 3436519 3435910 NC_000964.gbk
213 30.5 2645457 2646263 genome.dna 4197746 4196987 NC_000964.gbk
545 31.6 2651794 2652813 genome.dna 2456036 2455046 NC_000964.gbk
1251 55.9 2654735 2655739 genome.dna 3481768 3480760 NC_000964.gbk
976 34.0 2658991 2660925 genome.dna 972664 974560 NC_000964.gbk
615 30.4 2670474 2672015 genome.dna 1015098 1016505 NC_000964.gbk
773 43.6 2679167 2679979 genome.dna 2857844 2857037 NC_000964.gbk
1249 38.7 2683421 2681736 genome.dna 2919430 2917747 NC_000964.gbk
998 58.4 2698450 2699247 genome.dna 2761158 2760348 NC_000964.gbk
1109 57.6 2699262 2700104 genome.dna 2760328 2759500 NC_000964.gbk
286 30.9 2701066 2701629 genome.dna 3791945 3791387 NC_000964.gbk
289 67.2 2702947 2702738 genome.dna 983974 983770 NC_000964.gbk
316 30.6 2709729 2710394 genome.dna 997229 997892 NC_000964.gbk
911 45.7 2711183 2712019 genome.dna 2325095 2325923 NC_000964.gbk
870 54.7 2712101 2712862 genome.dna 2325924 2326689 NC_000964.gbk
1007 48.3 2714816 2715706 genome.dna 762449 763379 NC_000964.gbk
796 38.4 2715699 2716604 genome.dna 763382 764273 NC_000964.gbk
1515 53.0 2722186 2723580 genome.dna 986493 987885 NC_000964.gbk
933 53.5 2724246 2725070 genome.dna 337859 338678 NC_000964.gbk
2352 59.7 2726216 2727934 genome.dna 3820534 3818806 NC_000964.gbk
1801 40.1 2731236 2728849 genome.dna 2928524 2926109 NC_000964.gbk
822 48.2 2732234 2731251 genome.dna 2929574 2928539 NC_000964.gbk
473 59.8 2732903 2732547 genome.dna 2951691 2951331 NC_000964.gbk
203 56.4 2733144 2732947 genome.dna 2951923 2951722 NC_000964.gbk
579 51.8 2733782 2733240 genome.dna 2952457 2951935 NC_000964.gbk
2005 44.7 2735713 2733785 genome.dna 3855224 3853307 NC_000964.gbk
677 42.5 2741372 2740491 genome.dna 1414462 1415359 NC_000964.gbk
1142 64.6 2755752 2754499 genome.dna 2980060 2978788 NC_000964.gbk
1119 55.9 2757088 2758194 genome.dna 2809621 2808682 NC_000964.gbk
1423 53.6 2765355 2764123 genome.dna 3993866 3995099 NC_000964.gbk
970 41.3 2771476 2770376 genome.dna 804054 802824 NC_000964.gbk
1398 57.3 2791280 2792458 genome.dna 243880 245035 NC_000964.gbk
1261 40.4 2794931 2793456 genome.dna 2478384 2479854 NC_000964.gbk
436 30.8 2795320 2796189 genome.dna 192033 191181 NC_000964.gbk
438 31.4 2802440 2803225 genome.dna 309553 310396 NC_000964.gbk
289 43.3 2806364 2806672 genome.dna 3958967 3958634 NC_000964.gbk
1348 59.4 2809298 2808294 genome.dna 2835421 2834410 NC_000964.gbk
357 33.3 2809923 2809306 genome.dna 2836031 2835425 NC_000964.gbk
748 50.6 2811487 2810744 genome.dna 2843088 2842365 NC_000964.gbk
2034 52.2 2813755 2811956 genome.dna 2815786 2814007 NC_000964.gbk
665 30.3 2814296 2815513 genome.dna 3258342 3257112 NC_000964.gbk
1182 34.8 2854450 2852540 genome.dna 809064 810954 NC_000964.gbk
738 36.0 2864092 2865492 genome.dna 2346758 2345465 NC_000964.gbk
446 36.0 2869134 2868487 genome.dna 2564835 2564199 NC_000964.gbk
943 52.2 2891958 2891200 genome.dna 433835 434594 NC_000964.gbk
875 43.6 2892962 2891955 genome.dna 432894 433842 NC_000964.gbk
954 44.6 2893911 2892949 genome.dna 431951 432902 NC_000964.gbk
796 40.6 2894873 2893923 genome.dna 434615 435569 NC_000964.gbk
1428 49.4 2907545 2906175 genome.dna 3978544 3979897 NC_000964.gbk
953 38.6 2917289 2918617 genome.dna 3586614 3585330 NC_000964.gbk
284 38.6 2920770 2921360 genome.dna 3584749 3584110 NC_000964.gbk
494 35.7 2921367 2922104 genome.dna 3584114 3583376 NC_000964.gbk
765 48.8 2922086 2922862 genome.dna 3583380 3582621 NC_000964.gbk
589 44.7 2922856 2923488 genome.dna 3582625 3581995 NC_000964.gbk
585 44.5 2926492 2925815 genome.dna 2395956 2395281 NC_000964.gbk
959 43.8 2929170 2928085 genome.dna 1075841 1074761 NC_000964.gbk
417 35.2 2931779 2932639 genome.dna 2779532 2778731 NC_000964.gbk
1405 50.8 2975613 2974318 genome.dna 20877 22155 NC_000964.gbk
915 38.4 2977060 2975717 genome.dna 2811601 2812867 NC_000964.gbk
327 33.1 2981911 2981417 genome.dna 2729495 2729021 NC_000964.gbk
683 36.7 2982496 2983455 genome.dna 3573217 3572266 NC_000964.gbk
344 66.7 2988043 2988261 genome.dna 147582 147801 NC_000964.gbk
402 40.3 2990339 2989860 genome.dna 586785 586341 NC_000964.gbk
619 40.3 3016080 3015361 genome.dna 3911022 3910272 NC_000964.gbk
621 51.5 3019705 3020373 genome.dna 4051064 4050428 NC_000964.gbk
723 36.1 3022380 3021175 genome.dna 2445492 2444322 NC_000964.gbk
393 33.2 3040207 3039428 genome.dna 3381691 3382534 NC_000964.gbk
482 32.5 3045534 3044359 genome.dna 4105343 4104134 NC_000964.gbk
424 37.2 3046334 3045672 genome.dna 2384592 2384019 NC_000964.gbk
592 33.9 3049052 3049924 genome.dna 2725105 2725996 NC_000964.gbk
510 34.5 3064304 3063432 genome.dna 3864007 3863107 NC_000964.gbk
457 31.8 3065575 3066420 genome.dna 2593450 2592556 NC_000964.gbk
486 31.9 3069350 3068412 genome.dna 1507734 1508646 NC_000964.gbk
457 37.5 3109585 3110331 genome.dna 2492025 2491257 NC_000964.gbk
1063 52.9 3137830 3136895 genome.dna 262592 261644 NC_000964.gbk
1972 61.3 3139235 3137823 genome.dna 261524 260111 NC_000964.gbk
1144 61.5 3148240 3147401 genome.dna 3378998 3378170 NC_000964.gbk
859 43.6 3149284 3148253 genome.dna 920978 922010 NC_000964.gbk
1060 49.5 3150266 3149277 genome.dna 919980 920982 NC_000964.gbk
672 39.2 3151270 3150263 genome.dna 919850 918872 NC_000964.gbk
148 35.4 3155372 3155127 genome.dna 1498836 1499070 NC_000964.gbk
474 50.3 3155863 3155369 genome.dna 646297 646810 NC_000964.gbk
366 43.0 3156400 3155882 genome.dna 3014098 3013585 NC_000964.gbk
574 33.6 3157424 3156435 genome.dna 3772405 3771379 NC_000964.gbk
431 31.6 3157972 3158883 genome.dna 3570601 3569605 NC_000964.gbk
2598 58.8 3161386 3159374 genome.dna 3613990 3612004 NC_000964.gbk
334 33.3 3163130 3162450 genome.dna 3091268 3090572 NC_000964.gbk
627 33.6 3166099 3165062 genome.dna 3090570 3089562 NC_000964.gbk
851 35.4 3166195 3167499 genome.dna 3093770 3092423 NC_000964.gbk
258 39.8 3168781 3169188 genome.dna 3932004 3932391 NC_000964.gbk
508 39.4 3169188 3169883 genome.dna 3932372 3933098 NC_000964.gbk
1721 47.8 3171157 3172854 genome.dna 3057631 3055930 NC_000964.gbk
500 33.2 3178804 3180039 genome.dna 1496596 1497889 NC_000964.gbk
287 35.5 3228583 3228035 genome.dna 1761992 1762574 NC_000964.gbk
810 39.4 3230474 3228642 genome.dna 2911990 2910193 NC_000964.gbk
1770 56.6 3233243 3234655 genome.dna 607789 606412 NC_000964.gbk
1129 45.8 3265816 3266967 genome.dna 2515666 2516785 NC_000964.gbk
1337 43.8 3306810 3308309 genome.dna 177081 178518 NC_000964.gbk
514 35.5 3320342 3321007 genome.dna 2491177 2490517 NC_000964.gbk
350 30.4 3321890 3322807 genome.dna 84870 85752 NC_000964.gbk
292 43.1 3332182 3332514 genome.dna 1864286 1863932 NC_000964.gbk
261 45.2 3333853 3334194 genome.dna 439288 439603 NC_000964.gbk
616 31.6 3353699 3354838 genome.dna 3976599 3975582 NC_000964.gbk
1640 45.4 3364676 3363084 genome.dna 1511777 1513400 NC_000964.gbk
295 32.0 3365704 3366279 genome.dna 472726 473278 NC_000964.gbk
1288 42.0 3366849 3368273 genome.dna 849873 851286 NC_000964.gbk
2162 54.7 3368339 3370030 genome.dna 851356 853042 NC_000964.gbk
1016 43.1 3395711 3396913 genome.dna 3015370 3014182 NC_000964.gbk
857 49.6 3399252 3400112 genome.dna 2043291 2044086 NC_000964.gbk
130 30.1 3401548 3400997 genome.dna 2899635 2899119 NC_000964.gbk
608 35.9 3402984 3403889 genome.dna 925051 924139 NC_000964.gbk
614 50.5 3408161 3407589 genome.dna 412119 412734 NC_000964.gbk
653 40.1 3409858 3408341 genome.dna 704945 706376 NC_000964.gbk
393 31.6 3412525 3411257 genome.dna 2865865 2864572 NC_000964.gbk
724 44.1 3413548 3412631 genome.dna 2988554 2987765 NC_000964.gbk
527 37.1 3415469 3414618 genome.dna 152934 153678 NC_000964.gbk
493 32.0 3416479 3415469 genome.dna 1745381 1746422 NC_000964.gbk
230 39.4 3427528 3426443 genome.dna 2379509 2378402 NC_000964.gbk
674 35.2 3474824 3473256 genome.dna 827500 828763 NC_000964.gbk
948 38.6 3477877 3476636 genome.dna 1425106 1426303 NC_000964.gbk
645 38.7 3479267 3480127 genome.dna 1041473 1042322 NC_000964.gbk
488 31.0 3496046 3494928 genome.dna 3952576 3953764 NC_000964.gbk
581 33.4 3511745 3510762 genome.dna 1355912 1356884 NC_000964.gbk
1055 42.8 3512886 3511738 genome.dna 3889700 3888530 NC_000964.gbk
544 30.9 3514279 3513113 genome.dna 3729867 3728544 NC_000964.gbk
925 51.1 3516455 3517318 genome.dna 2528530 2527678 NC_000964.gbk
1234 43.1 3519048 3517663 genome.dna 113446 114847 NC_000964.gbk
605 60.0 3521609 3522118 genome.dna 698120 698609 NC_000964.gbk
505 31.6 3522115 3523185 genome.dna 698601 699741 NC_000964.gbk
986 55.0 3527868 3527053 genome.dna 2578088 2577278 NC_000964.gbk
346 44.0 3537011 3536586 genome.dna 1381483 1381894 NC_000964.gbk
440 50.4 3537641 3537204 genome.dna 1381341 1380897 NC_000964.gbk
903 37.6 3540580 3539417 genome.dna 3920606 3919433 NC_000964.gbk
1363 48.2 3546973 3548205 genome.dna 3507581 3506315 NC_000964.gbk
1945 65.1 3548305 3549609 genome.dna 3506276 3505019 NC_000964.gbk
1266 66.3 3549622 3550470 genome.dna 3505016 3504164 NC_000964.gbk
603 37.7 3550506 3551726 genome.dna 3501991 3500713 NC_000964.gbk
2284 48.3 3551956 3554016 genome.dna 3504146 3502082 NC_000964.gbk
580 35.5 3557435 3556470 genome.dna 2742207 2743158 NC_000964.gbk
1482 60.6 3557692 3558888 genome.dna 4050313 4049131 NC_000964.gbk
564 41.4 3569781 3570509 genome.dna 2417137 2416414 NC_000964.gbk
278 32.9 3571239 3571790 genome.dna 2019864 2020362 NC_000964.gbk
598 31.8 3573115 3574479 genome.dna 2793398 2792129 NC_000964.gbk
474 33.0 3575248 3576147 genome.dna 735941 736853 NC_000964.gbk
360 47.9 3576568 3576161 genome.dna 2702376 2701956 NC_000964.gbk
654 41.7 3577570 3576767 genome.dna 1246307 1247123 NC_000964.gbk
578 39.1 3578361 3577567 genome.dna 3930986 3930167 NC_000964.gbk
1821 51.0 3590632 3589055 genome.dna 692258 693800 NC_000964.gbk
1755 56.4 3592205 3590739 genome.dna 15912 17379 NC_000964.gbk
1121 39.3 3592378 3593766 genome.dna 2527541 2526194 NC_000964.gbk
477 38.3 3599984 3598497 genome.dna 2390753 2389442 NC_000964.gbk
1170 45.0 3603229 3601955 genome.dna 2817074 2815799 NC_000964.gbk
1087 47.3 3604488 3603367 genome.dna 2588398 2589532 NC_000964.gbk
797 37.1 3607701 3606505 genome.dna 1648684 1649776 NC_000964.gbk
461 47.8 3608433 3608005 genome.dna 2381041 2380591 NC_000964.gbk
940 45.5 3621177 3619963 genome.dna 2810965 2809924 NC_000964.gbk
519 34.4 3622920 3623723 genome.dna 1536845 1537643 NC_000964.gbk
1539 56.9 3635387 3634134 genome.dna 3789492 3788244 NC_000964.gbk
1065 41.3 3635748 3636938 genome.dna 1372254 1373454 NC_000964.gbk
316 42.0 3640872 3640534 genome.dna 3757069 3757420 NC_000964.gbk
444 42.7 3651787 3651263 genome.dna 25849 26335 NC_000964.gbk
997 53.5 3653449 3652523 genome.dna 192964 192049 NC_000964.gbk
247 40.8 3680225 3679845 genome.dna 515266 515632 NC_000964.gbk
828 39.5 3682691 3681786 genome.dna 2610222 2609316 NC_000964.gbk
444 34.5 3683368 3682688 genome.dna 1665108 1665858 NC_000964.gbk
2405 57.5 3686442 3684643 genome.dna 2632014 2630175 NC_000964.gbk
333 35.0 3689432 3688857 genome.dna 194837 195401 NC_000964.gbk
601 37.7 3689812 3691413 genome.dna 2848726 2847130 NC_000964.gbk
791 54.4 3694571 3695257 genome.dna 3897156 3896478 NC_000964.gbk
317 34.1 3695855 3696739 genome.dna 3292491 3291546 NC_000964.gbk
913 37.2 3698228 3696813 genome.dna 111043 112495 NC_000964.gbk
206 34.4 3702410 3702844 genome.dna 897093 897498 NC_000964.gbk
840 54.8 3711890 3712588 genome.dna 2787095 2786399 NC_000964.gbk
314 39.0 3714535 3714188 genome.dna 3305018 3304655 NC_000964.gbk
1595 54.2 3714803 3716083 genome.dna 2873272 2871979 NC_000964.gbk
367 42.6 3732230 3732727 genome.dna 86942 87446 NC_000964.gbk
788 45.9 3732844 3733638 genome.dna 2353914 2353080 NC_000964.gbk
679 39.6 3733793 3734647 genome.dna 2353079 2352218 NC_000964.gbk
400 50.0 3734665 3735045 genome.dna 2352217 2351833 NC_000964.gbk
565 35.7 3736813 3735875 genome.dna 905321 906257 NC_000964.gbk
604 50.8 3738313 3737777 genome.dna 76341 76884 NC_000964.gbk
727 39.0 3742499 3743362 genome.dna 3848669 3847838 NC_000964.gbk
2179 47.3 3745456 3747603 genome.dna 1868209 1870312 NC_000964.gbk
861 43.8 3747628 3748590 genome.dna 1870329 1871319 NC_000964.gbk
1292 49.5 3762599 3760023 genome.dna 103568 106001 NC_000964.gbk
258 31.5 3763458 3762733 genome.dna 1608721 1609558 NC_000964.gbk
663 41.1 3764478 3763501 genome.dna 1616612 1617434 NC_000964.gbk
459 34.4 3770090 3770806 genome.dna 2955583 2954857 NC_000964.gbk
422 58.9 3773009 3772662 genome.dna 1675431 1675788 NC_000964.gbk
781 45.3 3773827 3773072 genome.dna 1674569 1675301 NC_000964.gbk
261 30.2 3774414 3773866 genome.dna 1674048 1674573 NC_000964.gbk
237 54.8 3774681 3774433 genome.dna 1673018 1673291 NC_000964.gbk
1591 53.8 3776200 3774839 genome.dna 1671572 1672913 NC_000964.gbk
371 37.7 3777786 3777271 genome.dna 3137048 3136574 NC_000964.gbk
2160 45.7 3784972 3782345 genome.dna 2800080 2797443 NC_000964.gbk
1368 59.3 3786717 3785644 genome.dna 1764014 1765058 NC_000964.gbk
1108 45.4 3882715 3881462 genome.dna 1379068 1380316 NC_000964.gbk
812 38.8 3883829 3882726 genome.dna 1377959 1379057 NC_000964.gbk
694 35.1 3889382 3888324 genome.dna 2482741 2481496 NC_000964.gbk
493 36.6 3890504 3891274 genome.dna 340871 340184 NC_000964.gbk
1071 45.9 3898328 3897126 genome.dna 1423906 1422706 NC_000964.gbk
669 41.7 3898447 3899475 genome.dna 1422699 1421637 NC_000964.gbk
396 40.3 3907890 3907273 genome.dna 1428405 1429035 NC_000964.gbk
494 34.7 3909216 3909983 genome.dna 1425012 1424232 NC_000964.gbk
731 35.9 3911288 3910026 genome.dna 3342730 3341491 NC_000964.gbk
1389 52.7 3912529 3911285 genome.dna 3341475 3340224 NC_000964.gbk
1174 37.7 3917101 3918687 genome.dna 3719768 3718190 NC_000964.gbk
605 33.5 3918901 3920391 genome.dna 728543 730001 NC_000964.gbk
1275 51.0 3921930 3923132 genome.dna 320566 321823 NC_000964.gbk
906 39.4 3928680 3929900 genome.dna 577847 576659 NC_000964.gbk
1030 46.1 3952362 3953393 genome.dna 3363350 3362324 NC_000964.gbk
600 41.5 3953386 3954039 genome.dna 3362332 3361663 NC_000964.gbk
478 33.0 3954101 3954916 genome.dna 3361650 3360825 NC_000964.gbk
1835 49.5 3956293 3958011 genome.dna 1724720 1726415 NC_000964.gbk
619 61.3 3963052 3962555 genome.dna 110476 110953 NC_000964.gbk
410 34.8 3963804 3963091 genome.dna 109785 110484 NC_000964.gbk
767 53.0 3967961 3967344 genome.dna 1169950 1169350 NC_000964.gbk
338 32.6 3972869 3972135 genome.dna 1629780 1630482 NC_000964.gbk
2031 50.9 3974615 3972882 genome.dna 3431375 3429659 NC_000964.gbk
1684 43.1 3976444 3974615 genome.dna 3433218 3431400 NC_000964.gbk
171 30.9 3984884 3985300 genome.dna 1439565 1440015 NC_000964.gbk
474 35.0 3989266 3990012 genome.dna 305211 305988 NC_000964.gbk
1079 38.9 3994559 3995977 genome.dna 4092772 4094110 NC_000964.gbk
1698 62.5 4001743 4000448 genome.dna 3476910 3475617 NC_000964.gbk
1736 57.9 4003479 4001842 genome.dna 3811353 3809745 NC_000964.gbk
1747 38.4 4007080 4004843 genome.dna 2821998 2819793 NC_000964.gbk
1467 58.6 4012636 4011491 genome.dna 4112429 4111280 NC_000964.gbk
658 37.5 4013697 4012813 genome.dna 1465134 1466001 NC_000964.gbk
2274 73.6 4015967 4014627 genome.dna 271791 273159 NC_000964.gbk
1993 65.1 4019314 4017962 genome.dna 270387 271755 NC_000964.gbk
1374 66.3 4019875 4021449 genome.dna 274020 275553 NC_000964.gbk
2003 47.9 4027241 4025196 genome.dna 721118 723125 NC_000964.gbk
836 46.5 4036522 4035704 genome.dna 3194535 3193704 NC_000964.gbk
342 33.2 4037132 4037767 genome.dna 1931756 1931174 NC_000964.gbk
184 30.8 4053431 4053985 genome.dna 978904 979435 NC_000964.gbk
246 31.1 4059979 4059527 genome.dna 4162854 4162404 NC_000964.gbk
283 60.0 4060248 4060021 genome.dna 4198056 4197810 NC_000964.gbk
466 30.3 4061905 4061153 genome.dna 1190895 1191663 NC_000964.gbk
624 42.3 4068636 4067902 genome.dna 115265 116015 NC_000964.gbk
1765 37.1 4071195 4068739 genome.dna 3453264 3450924 NC_000964.gbk
393 42.3 4071662 4071237 genome.dna 1013307 1012866 NC_000964.gbk
492 30.9 4077711 4078532 genome.dna 2472379 2473216 NC_000964.gbk
541 46.1 4079441 4080034 genome.dna 2900241 2899644 NC_000964.gbk
638 31.1 4080027 4081166 genome.dna 2630123 2629022 NC_000964.gbk
276 45.2 4094786 4094469 genome.dna 626337 626649 NC_000964.gbk
880 33.7 4097614 4096277 genome.dna 3960344 3958985 NC_000964.gbk
485 30.0 4100167 4101123 genome.dna 4030434 4029498 NC_000964.gbk
389 32.8 4102382 4101120 genome.dna 2437498 2436178 NC_000964.gbk
1271 44.5 4114440 4115846 genome.dna 4158043 4156678 NC_000964.gbk
521 31.0 4115888 4116970 genome.dna 516928 518098 NC_000964.gbk
262 38.3 4137049 4136630 genome.dna 3213351 3212922 NC_000964.gbk
3850 60.4 4139901 4137067 genome.dna 3611997 3609123 NC_000964.gbk
382 40.3 4140147 4140710 genome.dna 4198612 4198093 NC_000964.gbk
885 32.1 4181249 4182667 genome.dna 571102 572494 NC_000964.gbk
636 33.6 4188040 4186934 genome.dna 764288 765323 NC_000964.gbk
528 32.0 4197767 4198645 genome.dna 3145038 3144117 NC_000964.gbk
428 32.4 4199525 4198710 genome.dna 3200873 3200096 NC_000964.gbk
408 35.9 4217612 4218277 genome.dna 3807445 3806884 NC_000964.gbk
838 40.5 4226833 4228161 genome.dna 4055663 4054325 NC_000964.gbk
1322 47.0 4231793 4230366 genome.dna 1531274 1532687 NC_000964.gbk
912 34.5 4239710 4241143 genome.dna 668317 669709 NC_000964.gbk
657 42.0 4244964 4245854 genome.dna 2847177 2846307 NC_000964.gbk
414 35.9 4250722 4251348 genome.dna 2970589 2969995 NC_000964.gbk
956 50.2 4255592 4252890 genome.dna 3629895 3627369 NC_000964.gbk
1144 48.7 4258960 4257809 genome.dna 1597227 1598376 NC_000964.gbk
740 35.1 4260285 4259029 genome.dna 1595869 1597192 NC_000964.gbk
332 33.0 4263557 4262097 genome.dna 3048558 3047259 NC_000964.gbk
886 39.5 4265910 4264708 genome.dna 1589716 1590817 NC_000964.gbk
650 33.4 4267226 4265910 genome.dna 1588300 1589656 NC_000964.gbk
512 49.1 4268312 4267230 genome.dna 1587325 1588300 NC_000964.gbk
821 35.9 4269667 4268306 genome.dna 508940 510314 NC_000964.gbk
1046 39.2 4271151 4269664 genome.dna 1585728 1587213 NC_000964.gbk
863 46.3 4274186 4273242 genome.dna 1580023 1580959 NC_000964.gbk
316 39.3 4274647 4274189 genome.dna 1579522 1579954 NC_000964.gbk
370 37.8 4277861 4277370 genome.dna 2894350 2893825 NC_000964.gbk
1878 49.3 4279582 4277864 genome.dna 2896071 2894346 NC_000964.gbk
1449 45.7 4282166 4283764 genome.dna 2892794 2891237 NC_000964.gbk
1153 54.0 4283764 4284855 genome.dna 2891217 2890119 NC_000964.gbk
1898 59.1 4284858 4286258 genome.dna 2890070 2888651 NC_000964.gbk
674 50.0 4286272 4286874 genome.dna 2888639 2888039 NC_000964.gbk
468 33.7 4319027 4319845 genome.dna 50637 51516 NC_000964.gbk
474 46.3 4323873 4323391 genome.dna 2296350 2295843 NC_000964.gbk
367 31.1 4325410 4326024 genome.dna 2767944 2767311 NC_000964.gbk
2999 50.1 4330684 4327460 genome.dna 1623134 1626350 NC_000964.gbk
435 47.4 4331847 4330699 genome.dna 1622055 1623150 NC_000964.gbk
629 37.8 4334402 4333452 genome.dna 2595810 2596755 NC_000964.gbk
312 31.5 4335368 4334856 genome.dna 1616146 1616611 NC_000964.gbk
2011 44.5 4338181 4335368 genome.dna 1612757 1615523 NC_000964.gbk
592 35.6 4339154 4338213 genome.dna 1737224 1738175 NC_000964.gbk
223 40.7 4339580 4339843 genome.dna 2635080 2635347 NC_000964.gbk
1234 50.8 4343498 4342359 genome.dna 2625178 2624059 NC_000964.gbk
1975 55.6 4345514 4343607 genome.dna 2627213 2625377 NC_000964.gbk
1146 47.2 4379941 4378778 genome.dna 3480444 3479259 NC_000964.gbk
2133 49.8 4383337 4381343 genome.dna 1919115 1921119 NC_000964.gbk
1188 62.8 4388480 4389631 genome.dna 3128108 3126905 NC_000964.gbk
250 33.0 4391555 4392289 genome.dna 2623077 2622306 NC_000964.gbk
237 31.3 4393907 4394326 genome.dna 2797085 2796668 NC_000964.gbk
1375 47.3 4398393 4397095 genome.dna 4155933 4154640 NC_000964.gbk
646 35.6 4403893 4402952 genome.dna 1865629 1866574 NC_000964.gbk
286 35.6 4408042 4407560 genome.dna 641369 641846 NC_000964.gbk
1941 55.1 4413004 4411424 genome.dna 4118734 4120264 NC_000964.gbk
853 64.2 4413698 4413135 genome.dna 4118157 4118721 NC_000964.gbk
1222 55.0 4422828 4421779 genome.dna 2755578 2756628 NC_000964.gbk
474 34.3 4429982 4429287 genome.dna 804872 804164 NC_000964.gbk
538 35.4 4435653 4436702 genome.dna 1652501 1653398 NC_000964.gbk
1070 35.4 4442783 4444579 genome.dna 2907198 2905437 NC_000964.gbk
441 38.5 4448185 4447619 genome.dna 2537948 2537390 NC_000964.gbk
403 41.7 4477982 4478530 genome.dna 3122570 3123086 NC_000964.gbk
438 33.6 4479596 4478769 genome.dna 2644738 2643895 NC_000964.gbk
437 47.7 4482450 4482959 genome.dna 1645910 1646393 NC_000964.gbk
840 44.8 4482986 4483933 genome.dna 1646397 1647351 NC_000964.gbk
667 33.7 4484001 4485290 genome.dna 1647337 1648681 NC_000964.gbk
465 57.3 4486815 4487225 genome.dna 3742715 3742322 NC_000964.gbk
312 47.9 4488068 4487676 genome.dna 149950 150313 NC_000964.gbk
856 45.8 4489098 4488109 genome.dna 148928 149873 NC_000964.gbk
606 47.1 4489744 4489124 genome.dna 3034804 3035407 NC_000964.gbk
570 66.1 4490164 4489775 genome.dna 148356 148752 NC_000964.gbk
475 57.8 4490537 4490181 genome.dna 147970 148336 NC_000964.gbk
166 60.5 4490800 4490684 genome.dna 147834 147948 NC_000964.gbk
1098 42.7 4492165 4490834 genome.dna 144524 145820 NC_000964.gbk
415 46.6 4492607 4492173 genome.dna 144082 144523 NC_000964.gbk
158 45.5 4492790 4492611 genome.dna 143872 144052 NC_000964.gbk
596 54.8 4493297 4492797 genome.dna 143358 143859 NC_000964.gbk
354 51.7 4493665 4493312 genome.dna 142971 143334 NC_000964.gbk
558 51.7 4494208 4493675 genome.dna 142399 142939 NC_000964.gbk
416 48.9 4494614 4494222 genome.dna 141971 142370 NC_000964.gbk
259 48.5 4494953 4494648 genome.dna 965417 965687 NC_000964.gbk
796 60.3 4495506 4494967 genome.dna 141192 141732 NC_000964.gbk
299 45.0 4495835 4495521 genome.dna 140854 141166 NC_000964.gbk
516 65.0 4496217 4495846 genome.dna 140448 140817 NC_000964.gbk
293 54.4 4496635 4496381 genome.dna 140144 140408 NC_000964.gbk
170 43.3 4496826 4496635 genome.dna 139921 140122 NC_000964.gbk
554 61.2 4497236 4496826 genome.dna 139497 139932 NC_000964.gbk
843 59.1 4497950 4497249 genome.dna 138839 139496 NC_000964.gbk
358 55.0 4498300 4497968 genome.dna 138494 138836 NC_000964.gbk
443 67.4 4498593 4498315 genome.dna 138199 138478 NC_000964.gbk
1119 60.2 4499431 4498610 genome.dna 137308 138142 NC_000964.gbk
509 42.4 4500353 4499748 genome.dna 136366 136990 NC_000964.gbk
640 50.2 4500993 4500364 genome.dna 135709 136339 NC_000964.gbk
458 66.7 4501337 4501026 genome.dna 135361 135670 NC_000964.gbk
2458 61.7 4505956 4503842 genome.dna 130682 132761 NC_000964.gbk
631 55.8 4506523 4506053 genome.dna 130158 130629 NC_000964.gbk
515 66.4 4506994 4506620 genome.dna 129700 130117 NC_000964.gbk
535 44.6 4514856 4514044 genome.dna 1609570 1610263 NC_000964.gbk
342 46.8 4518446 4518081 genome.dna 4167207 4166829 NC_000964.gbk
372 32.2 4518864 4519643 genome.dna 3403892 3404684 NC_000964.gbk
440 39.9 4523180 4522629 genome.dna 3707756 3707228 NC_000964.gbk
1007 42.5 4531124 4529898 genome.dna 1197573 1198731 NC_000964.gbk
799 61.6 4531820 4531245 genome.dna 84286 84871 NC_000964.gbk
441 34.7 4552562 4553296 genome.dna 3004902 3004194 NC_000964.gbk
1139 53.7 4557783 4556779 genome.dna 1218577 1217584 NC_000964.gbk
770 51.9 4559154 4558477 genome.dna 1653402 1654056 NC_000964.gbk
820 41.7 4562421 4561336 genome.dna 2378341 2377252 NC_000964.gbk
268 31.8 4562994 4562473 genome.dna 339596 340157 NC_000964.gbk
1570 50.4 4575473 4577092 genome.dna 3128610 3130194 NC_000964.gbk
571 39.7 4579442 4578723 genome.dna 426156 426840 NC_000964.gbk
602 36.4 4584899 4583883 genome.dna 2786335 2785411 NC_000964.gbk
1126 41.0 4597892 4600225 genome.dna 525299 527633 NC_000964.gbk
1151 53.5 4601730 4602686 genome.dna 2322206 2321213 NC_000964.gbk
423 31.5 4620311 4619553 genome.dna 3739039 3738262 NC_000964.gbk
695 32.9 4622349 4623851 genome.dna 1004479 1006147 NC_000964.gbk
2201 44.5 4632742 4630295 genome.dna 3165209 3162812 NC_000964.gbk
1031 37.4 4634257 4632818 genome.dna 3166650 3165195 NC_000964.gbk
723 41.8 4635563 4634286 genome.dna 3168844 3167701 NC_000964.gbk
1235 45.0 4639754 4637577 genome.dna 3170724 3168840 NC_000964.gbk
1007 33.6 4640126 4641844 genome.dna 2957342 2955560 NC_000964.gbk
938 34.3 4647455 4646079 genome.dna 4114918 4116265 NC_000964.gbk
876 35.4 4648692 4650488 genome.dna 188378 186449 NC_000964.gbk
1928 59.8 4656105 4657454 genome.dna 235317 233982 NC_000964.gbk
1301 41.5 4664050 4662224 genome.dna 2095040 2093264 NC_000964.gbk
751 43.1 4665855 4666784 genome.dna 2123165 2122373 NC_000964.gbk
1649 40.9 4672431 4670269 genome.dna 718875 721095 NC_000964.gbk
599 36.0 4675687 4674863 genome.dna 3305951 3305096 NC_000964.gbk
850 46.2 4680620 4681561 genome.dna 2875995 2875050 NC_000964.gbk
1225 50.0 4686472 4685315 genome.dna 4056802 4055659 NC_000964.gbk
1032 63.2 4687311 4686550 genome.dna 4057568 4056818 NC_000964.gbk
858 57.1 4687992 4687321 genome.dna 4058255 4057580 NC_000964.gbk
904 53.3 4688923 4688132 genome.dna 4059072 4058277 NC_000964.gbk
592 49.7 4689462 4688920 genome.dna 4059594 4059096 NC_000964.gbk
846 35.0 4690836 4689472 genome.dna 699737 701033 NC_000964.gbk
2028 63.5 4694568 4693180 genome.dna 226554 227943 NC_000964.gbk
421 33.2 4695646 4694897 genome.dna 3680429 3681200 NC_000964.gbk
574 48.4 4702353 4701286 genome.dna 3884037 3883089 NC_000964.gbk
718 54.3 4704862 4703738 genome.dna 3664443 3663300 NC_000964.gbk
1560 56.8 4708658 4707399 genome.dna 3803738 3802454 NC_000964.gbk
358 50.0 4709479 4709153 genome.dna 2912440 2912125 NC_000964.gbk
1671 51.4 4719117 4720601 genome.dna 727824 726345 NC_000964.gbk
1190 46.3 4729969 4728119 genome.dna 2301679 2300002 NC_000964.gbk
420 30.7 4730969 4730043 genome.dna 259004 260075 NC_000964.gbk
399 30.8 4748208 4747351 genome.dna 2903136 2902317 NC_000964.gbk
1017 42.6 4766891 4765731 genome.dna 2785410 2784270 NC_000964.gbk
268 51.5 4770684 4770469 genome.dna 3802336 3802135 NC_000964.gbk
1356 33.9 4770998 4773196 genome.dna 1643466 1645884 NC_000964.gbk
701 35.5 4773468 4774511 genome.dna 3044244 3043239 NC_000964.gbk
569 50.6 4775884 4776414 genome.dna 1687512 1688058 NC_000964.gbk
951 49.6 4776424 4777755 genome.dna 1688074 1689478 NC_000964.gbk
269 40.4 4780345 4781184 genome.dna 1002005 1002830 NC_000964.gbk
2109 60.9 4781238 4782749 genome.dna 1002848 1004339 NC_000964.gbk
796 47.1 4782875 4783885 genome.dna 3805110 3804144 NC_000964.gbk
646 40.3 4786326 4787093 genome.dna 3479229 3478467 NC_000964.gbk
710 45.9 4812444 4811680 genome.dna 960845 961670 NC_000964.gbk
946 34.2 4819888 4822662 genome.dna 776341 778915 NC_000964.gbk
1221 55.3 4825789 4824827 genome.dna 2986620 2985660 NC_000964.gbk
574 40.5 4829201 4829899 genome.dna 4153610 4152902 NC_000964.gbk
391 43.9 4834867 4834403 genome.dna 969643 970126 NC_000964.gbk
404 32.7 4837408 4836659 genome.dna 1037899 1037167 NC_000964.gbk
1181 50.4 4838481 4837408 genome.dna 3984022 3982924 NC_000964.gbk
659 45.3 4867996 4867325 genome.dna 3624567 3623880 NC_000964.gbk
332 36.1 4869761 4870336 genome.dna 1568922 1569417 NC_000964.gbk
1340 35.2 4872230 4874593 genome.dna 3440023 3437914 NC_000964.gbk
168 34.7 4875073 4874828 genome.dna 2710344 2710116 NC_000964.gbk
1531 55.8 4886675 4885383 genome.dna 499722 500988 NC_000964.gbk
1083 36.4 4911222 4909444 genome.dna 2003932 2005696 NC_000964.gbk
776 30.6 4912836 4911487 genome.dna 1306914 1308183 NC_000964.gbk
1304 42.9 4915141 4916586 genome.dna 1309348 1310791 NC_000964.gbk
795 43.4 4928387 4927485 genome.dna 1215680 1216592 NC_000964.gbk
1720 58.9 4932696 4934039 genome.dna 3243848 3245195 NC_000964.gbk
618 44.2 4936111 4935389 genome.dna 3237829 3238537 NC_000964.gbk
1303 39.4 4937762 4936104 genome.dna 3236235 3237837 NC_000964.gbk
1814 51.6 4939318 4937906 genome.dna 828889 830326 NC_000964.gbk
2171 64.1 4946843 4945446 genome.dna 628345 629743 NC_000964.gbk
2171 64.1 4946843 4945446 genome.dna 628345 629743 NC_000964.gbk
527 32.3 4948910 4949932 genome.dna 961687 962686 NC_000964.gbk
1642 64.1 4949991 4951133 genome.dna 963529 964666 NC_000964.gbk
778 46.1 4951144 4951938 genome.dna 962682 963513 NC_000964.gbk
320 33.5 4956801 4956184 genome.dna 2322841 2322250 NC_000964.gbk
320 33.5 4956801 4956184 genome.dna 2322841 2322250 NC_000964.gbk
775 37.5 4962494 4961517 genome.dna 1214710 1215664 NC_000964.gbk
801 47.0 4969043 4968228 genome.dna 4063286 4062473 NC_000964.gbk
2137 62.2 4974416 4972974 genome.dna 4121813 4120373 NC_000964.gbk
2137 62.2 4974416 4972974 genome.dna 4121813 4120373 NC_000964.gbk
2137 62.2 4974416 4972974 genome.dna 4121813 4120373 NC_000964.gbk
273 49.0 4976401 4976096 genome.dna 3960668 3960359 NC_000964.gbk
1172 44.1 4985096 4983699 genome.dna 409 1750 NC_000964.gbk
198 69.8 4985770 4985910 genome.dna 4214597 4214462 NC_000964.gbk
831 33.0 4988276 4989640 genome.dna 4212097 4210717 NC_000964.gbk
704 31.5 5001994 5003496 genome.dna 3857216 3855815 NC_000964.gbk
1160 43.9 5010680 5009268 genome.dna 3067989 3069288 NC_000964.gbk
412 31.5 5014534 5013698 genome.dna 2802377 2803199 NC_000964.gbk
985 56.5 5018328 5017552 genome.dna 2577268 2576485 NC_000964.gbk
452 33.3 5023303 5022533 genome.dna 2803926 2804583 NC_000964.gbk
1005 40.6 5026700 5027902 genome.dna 2348083 2346901 NC_000964.gbk
1432 41.0 5049054 5047222 genome.dna 200262 202065 NC_000964.gbk
1165 42.0 5050610 5049240 genome.dna 56349 57720 NC_000964.gbk
271 30.5 5053946 5053527 genome.dna 3780522 3780123 NC_000964.gbk
1901 64.4 5055348 5053966 genome.dna 3781967 3780545 NC_000964.gbk
644 37.3 5056259 5055396 genome.dna 3782856 3781992 NC_000964.gbk
1201 54.9 5057853 5056312 genome.dna 3784441 3782932 NC_000964.gbk
238 30.0 5058884 5058414 genome.dna 3785512 3784999 NC_000964.gbk
182 43.9 5059187 5058948 genome.dna 3785887 3785674 NC_000964.gbk
219 31.2 5060037 5059237 genome.dna 3786667 3785932 NC_000964.gbk
358 32.1 5061686 5061066 genome.dna 4208797 4208077 NC_000964.gbk
2064 51.0 5063659 5061770 genome.dna 4210697 4208810 NC_000964.gbk
