2084 51.1 5629 7497 genome.dna 3747079 3748990 NC_002929.gbk
648 33.0 9017 7668 genome.dna 2328913 2330263 NC_002929.gbk
695 51.4 9676 9014 genome.dna 3745234 3745906 NC_002929.gbk
376 39.6 22684 22163 genome.dna 1540983 1540440 NC_002929.gbk
433 41.7 23264 22674 genome.dna 1542879 1542285 NC_002929.gbk
1949 49.9 25826 28615 genome.dna 1319061 1321776 NC_002929.gbk
515 46.7 29669 29034 genome.dna 3853279 3852655 NC_002929.gbk
1627 55.9 33859 32447 genome.dna 1677467 1678955 NC_002929.gbk
724 41.2 34917 33868 genome.dna 1676391 1677468 NC_002929.gbk
2214 66.7 36667 35258 genome.dna 1674924 1676337 NC_002929.gbk
2507 62.1 37037 38860 genome.dna 1315210 1317031 NC_002929.gbk
2197 53.4 47188 45107 genome.dna 1693838 1695809 NC_002929.gbk
1864 48.2 49985 47886 genome.dna 1656871 1654591 NC_002929.gbk
638 49.8 50956 50333 genome.dna 1657773 1657140 NC_002929.gbk
1229 47.4 59253 58054 genome.dna 193097 194330 NC_002929.gbk
1159 56.9 59530 61035 genome.dna 1060560 1059084 NC_002929.gbk
2147 72.1 62838 64181 genome.dna 369481 368137 NC_002929.gbk
832 32.8 64337 65650 genome.dna 3886111 3887428 NC_002929.gbk
2056 45.8 70479 68437 genome.dna 1030348 1028287 NC_002929.gbk
3384 63.5 70800 73349 genome.dna 462617 464861 NC_002929.gbk
490 30.2 74039 75028 genome.dna 1199051 1200014 NC_002929.gbk
807 43.1 76671 77513 genome.dna 1814428 1813564 NC_002929.gbk
1202 44.2 77642 78994 genome.dna 2243150 2244503 NC_002929.gbk
1460 44.8 87882 86185 genome.dna 1916046 1917681 NC_002929.gbk
564 37.4 93925 92960 genome.dna 3756087 3755133 NC_002929.gbk
572 48.9 97287 96724 genome.dna 3014146 3014806 NC_002929.gbk
693 47.0 97589 98332 genome.dna 3068532 3067713 NC_002929.gbk
1508 75.0 98527 99441 genome.dna 37012 37924 NC_002929.gbk
1367 40.3 99451 101520 genome.dna 37925 40064 NC_002929.gbk
692 51.4 110262 109636 genome.dna 195481 196117 NC_002929.gbk
2319 68.4 111626 113161 genome.dna 2278941 2277420 NC_002929.gbk
2400 80.2 124086 125432 genome.dna 3750412 3749074 NC_002929.gbk
1131 46.8 140268 141428 genome.dna 497017 495853 NC_002929.gbk
692 35.4 145801 147051 genome.dna 60475 59248 NC_002929.gbk
311 37.0 151546 150683 genome.dna 1664718 1663791 NC_002929.gbk
452 30.1 152553 151645 genome.dna 261014 260114 NC_002929.gbk
704 64.7 153705 152758 genome.dna 2539816 2538835 NC_002929.gbk
924 49.0 155671 154589 genome.dna 2533359 2532210 NC_002929.gbk
946 63.0 162282 162998 genome.dna 1664854 1665595 NC_002929.gbk
819 59.3 163345 163986 genome.dna 370829 371504 NC_002929.gbk
419 44.7 164985 164389 genome.dna 384193 383617 NC_002929.gbk
694 68.0 165569 165111 genome.dna 2730028 2730478 NC_002929.gbk
1073 44.9 166824 165547 genome.dna 1836995 1835786 NC_002929.gbk
545 41.7 166978 167643 genome.dna 1298763 1298085 NC_002929.gbk
367 72.4 167881 168117 genome.dna 2170400 2170163 NC_002929.gbk
272 74.5 168129 168296 genome.dna 2170100 2169932 NC_002929.gbk
850 50.0 168516 169325 genome.dna 3334023 3334851 NC_002929.gbk
531 50.3 170854 170375 genome.dna 3684594 3684084 NC_002929.gbk
814 36.7 172168 170891 genome.dna 92985 94272 NC_002929.gbk
637 42.2 174074 173307 genome.dna 2463202 2462449 NC_002929.gbk
588 45.0 184524 183541 genome.dna 91976 92984 NC_002929.gbk
207 30.7 185588 184521 genome.dna 2455384 2456350 NC_002929.gbk
881 51.7 186544 185612 genome.dna 993539 994529 NC_002929.gbk
237 31.2 191679 192110 genome.dna 611368 610945 NC_002929.gbk
361 35.0 192299 192775 genome.dna 610598 610070 NC_002929.gbk
646 41.9 192775 193791 genome.dna 610055 608999 NC_002929.gbk
835 44.2 199675 198740 genome.dna 2696630 2697560 NC_002929.gbk
2297 60.8 199780 202044 genome.dna 2696469 2694174 NC_002929.gbk
923 54.2 207484 206657 genome.dna 2879704 2880589 NC_002929.gbk
667 33.9 212248 209609 genome.dna 220067 223010 NC_002929.gbk
503 34.1 217581 216430 genome.dna 3801469 3802642 NC_002929.gbk
519 38.4 217784 218788 genome.dna 3148971 3147906 NC_002929.gbk
1372 48.2 219661 221034 genome.dna 2867532 2868954 NC_002929.gbk
949 56.8 222967 223722 genome.dna 159948 160725 NC_002929.gbk
1683 51.9 224355 225995 genome.dna 162773 164336 NC_002929.gbk
207 43.8 226078 226338 genome.dna 3984688 3984916 NC_002929.gbk
853 51.6 226939 227694 genome.dna 3985428 3986229 NC_002929.gbk
1455 68.6 228573 229595 genome.dna 3852659 3851642 NC_002929.gbk
1197 68.2 230345 231841 genome.dna 1106110 1104550 NC_002929.gbk
374 34.2 237567 238178 genome.dna 1796912 1797500 NC_002929.gbk
1345 43.6 238222 239673 genome.dna 581177 582647 NC_002929.gbk
903 42.6 245968 247005 genome.dna 2659219 2658163 NC_002929.gbk
357 31.2 247002 247961 genome.dna 96135 95268 NC_002929.gbk
2135 80.3 250357 251541 genome.dna 3828563 3829754 NC_002929.gbk
2135 80.3 250357 251541 genome.dna 6721 7912 NC_002929.gbk
195 34.9 251779 252162 genome.dna 8150 8531 NC_002929.gbk
754 59.8 252164 252709 genome.dna 8540 9074 NC_002929.gbk
657 66.7 252872 253300 genome.dna 9137 9569 NC_002929.gbk
977 63.6 253304 254008 genome.dna 9571 10270 NC_002929.gbk
397 43.8 254326 254823 genome.dna 10512 11037 NC_002929.gbk
447 62.2 254890 255255 genome.dna 11118 11502 NC_002929.gbk
4371 63.5 255584 259612 genome.dna 11661 15774 NC_002929.gbk
5985 65.3 259736 263959 genome.dna 15773 20018 NC_002929.gbk
1016 38.2 264271 265668 genome.dna 3263815 3265189 NC_002929.gbk
682 47.8 269828 269043 genome.dna 3814675 3815473 NC_002929.gbk
112 34.8 270030 269830 genome.dna 3899611 3899410 NC_002929.gbk
798 47.0 270806 270027 genome.dna 615310 616105 NC_002929.gbk
295 36.9 271449 270808 genome.dna 322338 321684 NC_002929.gbk
2611 69.7 273440 271446 genome.dna 209770 211684 NC_002929.gbk
1415 60.3 275283 276347 genome.dna 3507026 3508103 NC_002929.gbk
1656 59.6 280242 278956 genome.dna 2434343 2435684 NC_002929.gbk
1960 57.9 281849 280260 genome.dna 3624027 3625617 NC_002929.gbk
1246 74.7 288581 287820 genome.dna 4036188 4035447 NC_002929.gbk
1185 52.3 289684 288590 genome.dna 4037343 4036242 NC_002929.gbk
1174 49.0 290872 289694 genome.dna 4038535 4037344 NC_002929.gbk
1299 55.6 291953 290928 genome.dna 4039671 4038654 NC_002929.gbk
997 67.4 292998 292333 genome.dna 1439343 1438662 NC_002929.gbk
1076 63.0 293855 293088 genome.dna 1440198 1439409 NC_002929.gbk
1145 54.8 301263 300298 genome.dna 3622646 3623678 NC_002929.gbk
2085 68.5 306633 305290 genome.dna 3189032 3187685 NC_002929.gbk
567 60.6 307112 306645 genome.dna 3189491 3189041 NC_002929.gbk
517 60.4 307589 307137 genome.dna 3190015 3189580 NC_002929.gbk
464 39.0 308443 307844 genome.dna 491796 492417 NC_002929.gbk
1081 54.8 309481 308480 genome.dna 490787 491747 NC_002929.gbk
1131 55.8 310630 309653 genome.dna 667479 668463 NC_002929.gbk
1618 72.1 313270 314313 genome.dna 375154 376198 NC_002929.gbk
545 33.2 314487 315470 genome.dna 376286 377171 NC_002929.gbk
510 50.0 315964 316557 genome.dna 2438136 2438760 NC_002929.gbk
1699 50.5 316547 318016 genome.dna 2449000 2450464 NC_002929.gbk
1858 60.2 321945 323390 genome.dna 3101267 3099806 NC_002929.gbk
408 40.9 331519 330968 genome.dna 3153081 3153699 NC_002929.gbk
1351 51.0 331816 333156 genome.dna 3153089 3151724 NC_002929.gbk
191 36.1 334075 333803 genome.dna 1578901 1579171 NC_002929.gbk
741 44.7 334964 334107 genome.dna 707098 706225 NC_002929.gbk
1163 43.2 337440 336007 genome.dna 131168 132590 NC_002929.gbk
952 58.6 338215 337490 genome.dna 712412 711620 NC_002929.gbk
474 42.8 339901 339335 genome.dna 714311 713702 NC_002929.gbk
1001 49.1 340994 339921 genome.dna 715297 714307 NC_002929.gbk
804 51.9 342391 343203 genome.dna 3970584 3971421 NC_002929.gbk
956 60.5 343211 343993 genome.dna 3971417 3972203 NC_002929.gbk
475 47.4 343998 344564 genome.dna 3972215 3972722 NC_002929.gbk
322 30.8 344577 345206 genome.dna 3973646 3974270 NC_002929.gbk
159 34.2 345645 345899 genome.dna 3976000 3976252 NC_002929.gbk
1569 59.7 345980 347242 genome.dna 3976251 3977520 NC_002929.gbk
877 42.3 350815 351966 genome.dna 1190654 1191788 NC_002929.gbk
648 65.2 352201 352629 genome.dna 3149990 3149561 NC_002929.gbk
569 64.6 352645 353037 genome.dna 3149552 3149159 NC_002929.gbk
563 43.3 353367 354008 genome.dna 280425 279813 NC_002929.gbk
349 43.0 354014 354517 genome.dna 279804 279354 NC_002929.gbk
462 34.6 355354 354581 genome.dna 2025136 2025904 NC_002929.gbk
638 34.7 357036 355618 genome.dna 3966956 3968435 NC_002929.gbk
1911 44.2 361542 357046 genome.dna 3962220 3966960 NC_002929.gbk
478 38.5 366712 367449 genome.dna 330363 329691 NC_002929.gbk
542 44.1 370130 369540 genome.dna 388912 388309 NC_002929.gbk
694 43.3 372605 373492 genome.dna 389512 390451 NC_002929.gbk
622 39.8 374918 375703 genome.dna 2124261 2125038 NC_002929.gbk
570 40.2 380920 381747 genome.dna 3955985 3956798 NC_002929.gbk
415 37.4 381747 382328 genome.dna 3192105 3192699 NC_002929.gbk
1500 51.1 382412 384307 genome.dna 1336239 1338201 NC_002929.gbk
1048 54.7 384350 385246 genome.dna 1688526 1687623 NC_002929.gbk
995 53.7 399153 398326 genome.dna 936006 936834 NC_002929.gbk
923 39.7 404861 403671 genome.dna 839394 840546 NC_002929.gbk
1134 40.7 406489 405197 genome.dna 2021235 2022504 NC_002929.gbk
268 38.5 410005 410430 genome.dna 3568564 3568105 NC_002929.gbk
320 44.6 431880 431494 genome.dna 1693316 1693703 NC_002929.gbk
481 39.9 435364 434357 genome.dna 3751504 3750562 NC_002929.gbk
2741 48.9 460910 458055 genome.dna 2324417 2327300 NC_002929.gbk
1545 47.3 463248 461737 genome.dna 2563656 2565156 NC_002929.gbk
818 40.9 486354 485398 genome.dna 2670120 2671164 NC_002929.gbk
1405 44.0 511134 509425 genome.dna 2096957 2098634 NC_002929.gbk
427 39.6 517457 517939 genome.dna 1863111 1862550 NC_002929.gbk
619 34.6 522787 521576 genome.dna 3486482 3487652 NC_002929.gbk
522 33.2 523994 522816 genome.dna 3621405 3622587 NC_002929.gbk
1261 46.6 525365 524040 genome.dna 3619506 3620847 NC_002929.gbk
246 30.5 526894 527520 genome.dna 3262857 3263538 NC_002929.gbk
1655 56.2 530287 528905 genome.dna 1290180 1291542 NC_002929.gbk
1877 52.2 533382 534971 genome.dna 171196 172828 NC_002929.gbk
171 53.1 536233 536394 genome.dna 1820469 1820307 NC_002929.gbk
611 42.9 536846 537643 genome.dna 1159554 1160382 NC_002929.gbk
672 39.4 692651 690918 genome.dna 3848630 3850568 NC_002929.gbk
288 42.9 692962 692627 genome.dna 3848278 3848620 NC_002929.gbk
310 49.0 697176 697469 genome.dna 3708156 3707868 NC_002929.gbk
2519 72.3 697515 699164 genome.dna 3707836 3706192 NC_002929.gbk
627 37.9 699974 700837 genome.dna 3894331 3893404 NC_002929.gbk
328 47.8 703585 703950 genome.dna 3701776 3701377 NC_002929.gbk
478 57.7 704061 704669 genome.dna 1884792 1884141 NC_002929.gbk
242 53.8 705108 705329 genome.dna 1820701 1820500 NC_002929.gbk
365 37.7 705891 705376 genome.dna 3285300 3285813 NC_002929.gbk
618 37.1 706802 707698 genome.dna 1679909 1678964 NC_002929.gbk
193 31.3 710564 710259 genome.dna 1103375 1103693 NC_002929.gbk
2144 56.9 753122 751287 genome.dna 2304736 2302453 NC_002929.gbk
290 60.6 755400 755185 genome.dna 2307684 2307471 NC_002929.gbk
1186 55.1 755628 756641 genome.dna 1800687 1801728 NC_002929.gbk
1163 55.3 761351 760380 genome.dna 763857 764823 NC_002929.gbk
364 47.6 761608 761919 genome.dna 762170 761858 NC_002929.gbk
404 70.2 761939 762196 genome.dna 761825 761564 NC_002929.gbk
1275 57.1 763509 764681 genome.dna 761415 760281 NC_002929.gbk
602 59.7 766454 766933 genome.dna 2388253 2387776 NC_002929.gbk
586 45.6 767499 768128 genome.dna 1128648 1128015 NC_002929.gbk
2585 64.6 768185 770122 genome.dna 1127778 1125891 NC_002929.gbk
866 50.8 770241 771074 genome.dna 1125873 1125030 NC_002929.gbk
1484 57.0 771082 772419 genome.dna 1125034 1123675 NC_002929.gbk
1413 49.0 777751 779280 genome.dna 1309437 1310916 NC_002929.gbk
2502 47.9 779306 782008 genome.dna 1310992 1313986 NC_002929.gbk
238 37.8 782083 782481 genome.dna 1314013 1314415 NC_002929.gbk
364 65.2 783547 783816 genome.dna 816293 816563 NC_002929.gbk
2843 61.0 784066 786186 genome.dna 816653 818813 NC_002929.gbk
1767 40.9 799578 801830 genome.dna 2128968 2131173 NC_002929.gbk
766 42.6 805742 806647 genome.dna 3754150 3753241 NC_002929.gbk
1128 53.0 812975 814090 genome.dna 197401 198502 NC_002929.gbk
445 54.9 814149 814541 genome.dna 198583 198958 NC_002929.gbk
3752 59.9 814656 817529 genome.dna 199017 201882 NC_002929.gbk
757 41.6 819141 820013 genome.dna 117709 116833 NC_002929.gbk
723 41.0 820003 820902 genome.dna 116837 116036 NC_002929.gbk
610 38.6 821149 821973 genome.dna 121022 120200 NC_002929.gbk
779 31.9 823054 824361 genome.dna 119012 117719 NC_002929.gbk
1047 57.4 839867 840766 genome.dna 1613688 1614621 NC_002929.gbk
1382 45.3 841615 843360 genome.dna 1156584 1154883 NC_002929.gbk
1945 59.4 844582 846099 genome.dna 1152885 1151364 NC_002929.gbk
578 34.9 853003 853935 genome.dna 3275084 3275975 NC_002929.gbk
581 42.8 858630 859340 genome.dna 157709 157031 NC_002929.gbk
558 30.8 862985 864421 genome.dna 2106824 2108174 NC_002929.gbk
1576 39.2 899255 901552 genome.dna 750869 748424 NC_002929.gbk
478 32.0 909308 910588 genome.dna 3739850 3741095 NC_002929.gbk
383 33.1 912721 911924 genome.dna 3102108 3101277 NC_002929.gbk
475 44.6 927840 927358 genome.dna 1518229 1517761 NC_002929.gbk
479 48.6 927996 928442 genome.dna 1518294 1518729 NC_002929.gbk
208 39.3 928432 928713 genome.dna 1518757 1519069 NC_002929.gbk
1360 41.5 931102 929441 genome.dna 2654462 2656124 NC_002929.gbk
723 41.3 932060 931182 genome.dna 2653547 2654447 NC_002929.gbk
388 41.1 932209 932796 genome.dna 2650817 2650262 NC_002929.gbk
109 36.8 934700 934497 genome.dna 553079 553271 NC_002929.gbk
2364 61.8 955638 953644 genome.dna 1043601 1045638 NC_002929.gbk
1004 54.1 956604 955654 genome.dna 1525783 1524820 NC_002929.gbk
3194 62.9 964883 967162 genome.dna 1178938 1176655 NC_002929.gbk
1356 64.3 970301 969369 genome.dna 2435699 2436611 NC_002929.gbk
1162 61.8 987143 988024 genome.dna 996277 997189 NC_002929.gbk
1279 38.9 995970 994243 genome.dna 1579292 1580987 NC_002929.gbk
174 36.6 1001658 1001365 genome.dna 2902916 2902649 NC_002929.gbk
763 60.2 1002298 1002951 genome.dna 482144 482837 NC_002929.gbk
493 48.9 1011943 1012413 genome.dna 395100 394644 NC_002929.gbk
429 39.1 1013085 1012423 genome.dna 2011995 2012640 NC_002929.gbk
839 58.6 1014421 1015077 genome.dna 343187 342536 NC_002929.gbk
290 31.1 1035378 1034710 genome.dna 2941958 2942579 NC_002929.gbk
1663 37.5 1046527 1048740 genome.dna 2606136 2608341 NC_002929.gbk
331 30.8 1054769 1054020 genome.dna 1980315 1981050 NC_002929.gbk
547 50.3 1067553 1068080 genome.dna 218689 219238 NC_002929.gbk
1081 33.0 1076168 1078321 genome.dna 190778 193049 NC_002929.gbk
719 56.9 1079828 1079199 genome.dna 1267171 1266475 NC_002929.gbk
1560 61.0 1080117 1081325 genome.dna 1267328 1268537 NC_002929.gbk
1405 77.0 1081339 1082172 genome.dna 1268546 1269377 NC_002929.gbk
329 51.7 1085958 1085686 genome.dna 2475299 2475572 NC_002929.gbk
1037 42.1 1087061 1085955 genome.dna 4046276 4047353 NC_002929.gbk
740 49.8 1087227 1087946 genome.dna 3901334 3900569 NC_002929.gbk
1393 60.1 1093574 1092513 genome.dna 1015609 1016659 NC_002929.gbk
136 33.8 1093990 1093781 genome.dna 2957208 2956986 NC_002929.gbk
608 50.3 1096541 1097074 genome.dna 3571523 3572096 NC_002929.gbk
718 53.6 1099537 1100406 genome.dna 3244147 3244936 NC_002929.gbk
245 36.2 1100443 1101237 genome.dna 3364698 3365670 NC_002929.gbk
638 36.2 1116801 1117997 genome.dna 1226875 1225750 NC_002929.gbk
1251 43.2 1119387 1118062 genome.dna 2473822 2475226 NC_002929.gbk
898 50.0 1119665 1120909 genome.dna 255783 254538 NC_002929.gbk
1186 47.7 1125945 1124593 genome.dna 4068458 4067258 NC_002929.gbk
914 51.3 1128600 1127662 genome.dna 2418019 2418859 NC_002929.gbk
1043 47.9 1129588 1128602 genome.dna 2417006 2418023 NC_002929.gbk
1230 37.6 1131228 1129642 genome.dna 2415324 2416899 NC_002929.gbk
2055 42.4 1131750 1134008 genome.dna 689007 691383 NC_002929.gbk
605 39.9 1134065 1134883 genome.dna 3467564 3466700 NC_002929.gbk
662 43.2 1137533 1138456 genome.dna 2755476 2756319 NC_002929.gbk
227 32.5 1138546 1138941 genome.dna 1362036 1361658 NC_002929.gbk
864 50.2 1143476 1142628 genome.dna 2206636 2205814 NC_002929.gbk
1321 71.8 1150402 1149575 genome.dna 1856476 1855654 NC_002929.gbk
1772 36.9 1153145 1150431 genome.dna 1492633 1490035 NC_002929.gbk
883 51.0 1154052 1153258 genome.dna 1493484 1492662 NC_002929.gbk
959 62.6 1154397 1155122 genome.dna 1494210 1494960 NC_002929.gbk
797 49.5 1155257 1156108 genome.dna 1495143 1496022 NC_002929.gbk
854 54.5 1156279 1157004 genome.dna 1496119 1496836 NC_002929.gbk
676 56.1 1157130 1157687 genome.dna 1496850 1497411 NC_002929.gbk
1217 52.7 1157925 1159121 genome.dna 1499215 1500415 NC_002929.gbk
798 52.5 1159320 1160081 genome.dna 1497577 1498342 NC_002929.gbk
420 34.2 1160091 1160948 genome.dna 1498361 1499219 NC_002929.gbk
1088 42.3 1160970 1162325 genome.dna 1500454 1501789 NC_002929.gbk
1361 36.3 1162361 1164805 genome.dna 1501841 1504178 NC_002929.gbk
264 31.3 1164946 1165443 genome.dna 1504303 1504867 NC_002929.gbk
833 44.4 1165447 1166469 genome.dna 1504875 1505967 NC_002929.gbk
484 51.0 1166572 1167027 genome.dna 1506038 1506494 NC_002929.gbk
916 53.3 1167032 1167820 genome.dna 1506494 1507289 NC_002929.gbk
887 43.3 1167824 1168975 genome.dna 1507285 1508467 NC_002929.gbk
657 56.2 1168997 1169593 genome.dna 1508453 1509059 NC_002929.gbk
3699 49.1 1169670 1173152 genome.dna 2468637 2465145 NC_002929.gbk
1375 65.0 1173165 1174124 genome.dna 2012676 2013642 NC_002929.gbk
1115 52.6 1180703 1178139 genome.dna 1643108 1645760 NC_002929.gbk
582 40.9 1202667 1201900 genome.dna 345358 344569 NC_002929.gbk
521 50.0 1209647 1209126 genome.dna 352516 352006 NC_002929.gbk
601 38.0 1212161 1213231 genome.dna 998395 997249 NC_002929.gbk
750 38.3 1215431 1214538 genome.dna 1667319 1668225 NC_002929.gbk
435 36.3 1220231 1220965 genome.dna 1956493 1955773 NC_002929.gbk
691 36.4 1254320 1253391 genome.dna 2714343 2715243 NC_002929.gbk
933 58.8 1260789 1261478 genome.dna 159785 159086 NC_002929.gbk
995 42.1 1261506 1262828 genome.dna 159075 157764 NC_002929.gbk
1066 43.2 1269779 1268505 genome.dna 2867425 2866078 NC_002929.gbk
1242 57.8 1271755 1272822 genome.dna 1094050 1093006 NC_002929.gbk
1643 65.3 1272920 1274065 genome.dna 1093010 1091873 NC_002929.gbk
301 45.3 1274175 1274507 genome.dna 1090680 1090335 NC_002929.gbk
1006 44.5 1274535 1276382 genome.dna 1090269 1088388 NC_002929.gbk
832 39.7 1276393 1277361 genome.dna 1088339 1087403 NC_002929.gbk
528 51.4 1278470 1278919 genome.dna 3139181 3138698 NC_002929.gbk
964 47.0 1278982 1280091 genome.dna 3136971 3135810 NC_002929.gbk
334 42.9 1280201 1280677 genome.dna 3695889 3696411 NC_002929.gbk
369 45.6 1280702 1281121 genome.dna 3696418 3696883 NC_002929.gbk
772 44.2 1281190 1282170 genome.dna 3696922 3697939 NC_002929.gbk
329 40.1 1282175 1282681 genome.dna 3697971 3698478 NC_002929.gbk
2368 57.5 1284598 1282733 genome.dna 2973305 2971442 NC_002929.gbk
722 46.7 1285528 1284617 genome.dna 2974266 2973354 NC_002929.gbk
196 42.5 1285773 1285525 genome.dna 2974537 2974270 NC_002929.gbk
495 47.9 1289161 1289652 genome.dna 3106181 3105698 NC_002929.gbk
1035 41.9 1291078 1289714 genome.dna 3869044 3870229 NC_002929.gbk
547 34.8 1292157 1291267 genome.dna 3945069 3944175 NC_002929.gbk
344 49.1 1292504 1292172 genome.dna 3118873 3118525 NC_002929.gbk
869 61.4 1293119 1292505 genome.dna 3119484 3118872 NC_002929.gbk
3386 70.4 1295100 1293109 genome.dna 3121467 3119487 NC_002929.gbk
1112 59.1 1296067 1295105 genome.dna 3122385 3121470 NC_002929.gbk
1039 38.7 1299536 1300840 genome.dna 1863307 1864618 NC_002929.gbk
900 67.9 1301367 1301990 genome.dna 1864620 1865274 NC_002929.gbk
1921 69.6 1302154 1303428 genome.dna 1865378 1866683 NC_002929.gbk
2526 67.5 1303620 1306001 genome.dna 1866871 1869325 NC_002929.gbk
387 68.9 1306200 1306472 genome.dna 3742136 3742409 NC_002929.gbk
607 46.4 1310544 1309849 genome.dna 219996 219276 NC_002929.gbk
504 47.3 1312030 1312560 genome.dna 3050177 3049715 NC_002929.gbk
232 45.5 1322693 1322445 genome.dna 1296319 1296052 NC_002929.gbk
4589 66.5 1326027 1322899 genome.dna 1022461 1025641 NC_002929.gbk
1102 48.1 1327249 1326056 genome.dna 2193463 2194810 NC_002929.gbk
547 45.7 1329655 1330212 genome.dna 274285 274834 NC_002929.gbk
1387 38.9 1330287 1332362 genome.dna 1627433 1629524 NC_002929.gbk
416 55.7 1332403 1332732 genome.dna 1629570 1629897 NC_002929.gbk
591 46.6 1332732 1333337 genome.dna 1629947 1630556 NC_002929.gbk
2558 59.6 1333507 1335396 genome.dna 71636 73544 NC_002929.gbk
872 61.6 1335658 1336302 genome.dna 2945137 2945794 NC_002929.gbk
1014 49.1 1336525 1337487 genome.dna 2652386 2651282 NC_002929.gbk
660 40.1 1348853 1349839 genome.dna 3286089 3287205 NC_002929.gbk
290 36.1 1352428 1351949 genome.dna 1614634 1615123 NC_002929.gbk
1756 39.6 1356196 1353473 genome.dna 3039351 3036924 NC_002929.gbk
328 40.9 1356312 1356722 genome.dna 1810769 1810370 NC_002929.gbk
767 39.6 1358126 1357212 genome.dna 1515631 1516558 NC_002929.gbk
900 57.7 1363250 1362525 genome.dna 979605 978879 NC_002929.gbk
2233 58.8 1363499 1366138 genome.dna 980682 983364 NC_002929.gbk
308 30.7 1369791 1369147 genome.dna 1574264 1573604 NC_002929.gbk
532 38.3 1375437 1376318 genome.dna 3017772 3018525 NC_002929.gbk
462 37.6 1381835 1382692 genome.dna 3494682 3495510 NC_002929.gbk
497 42.9 1392117 1391434 genome.dna 1817978 1817369 NC_002929.gbk
1345 32.8 1392768 1395197 genome.dna 2491986 2489442 NC_002929.gbk
1366 57.8 1427931 1426894 genome.dna 249688 250738 NC_002929.gbk
962 64.7 1428285 1428911 genome.dna 1095764 1096406 NC_002929.gbk
703 36.8 1429248 1430537 genome.dna 2391762 2390448 NC_002929.gbk
371 34.6 1430628 1431344 genome.dna 249436 248734 NC_002929.gbk
296 37.8 1433876 1433409 genome.dna 2961984 2962449 NC_002929.gbk
904 48.5 1434853 1435731 genome.dna 1650322 1649443 NC_002929.gbk
350 38.1 1445214 1444792 genome.dna 3744684 3745152 NC_002929.gbk
415 34.6 1446962 1446084 genome.dna 3742905 3743706 NC_002929.gbk
1306 48.1 1455488 1457158 genome.dna 1071883 1073590 NC_002929.gbk
1185 47.9 1458435 1457257 genome.dna 2178723 2179911 NC_002929.gbk
697 50.9 1459094 1458447 genome.dna 2541574 2540920 NC_002929.gbk
568 46.2 1459750 1459094 genome.dna 231038 231725 NC_002929.gbk
266 48.5 1460206 1459907 genome.dna 1912236 1912587 NC_002929.gbk
723 38.5 1463404 1464303 genome.dna 1910764 1909807 NC_002929.gbk
1465 57.7 1466359 1465232 genome.dna 1855655 1854515 NC_002929.gbk
243 35.0 1466738 1466361 genome.dna 2484211 2483854 NC_002929.gbk
305 63.6 1468125 1468334 genome.dna 2934724 2934970 NC_002929.gbk
284 43.6 1468782 1468399 genome.dna 1280368 1280755 NC_002929.gbk
1349 61.2 1470427 1469462 genome.dna 103815 104817 NC_002929.gbk
191 39.8 1471750 1471487 genome.dna 102808 103084 NC_002929.gbk
410 31.3 1474380 1473265 genome.dna 706229 705278 NC_002929.gbk
683 45.7 1475506 1474394 genome.dna 379683 380820 NC_002929.gbk
1486 38.5 1477420 1475516 genome.dna 377734 379687 NC_002929.gbk
487 48.4 1477924 1477454 genome.dna 2437654 2438125 NC_002929.gbk
314 35.4 1479078 1478437 genome.dna 2436601 2437195 NC_002929.gbk
467 31.0 1480118 1479093 genome.dna 2160849 2159793 NC_002929.gbk
979 49.4 1483266 1480684 genome.dna 2164184 2161526 NC_002929.gbk
1036 64.2 1484840 1484115 genome.dna 789824 790568 NC_002929.gbk
715 50.4 1485514 1484840 genome.dna 55667 54977 NC_002929.gbk
752 43.9 1486258 1485518 genome.dna 56458 55663 NC_002929.gbk
953 48.6 1487375 1486479 genome.dna 787372 788287 NC_002929.gbk
775 43.1 1490240 1489362 genome.dna 1082068 1081180 NC_002929.gbk
1141 55.1 1492026 1490968 genome.dna 1083694 1082671 NC_002929.gbk
1873 64.3 1493774 1492350 genome.dna 1085034 1083690 NC_002929.gbk
1552 51.0 1504627 1506285 genome.dna 3438452 3440216 NC_002929.gbk
485 52.9 1506798 1506349 genome.dna 2656618 2656198 NC_002929.gbk
959 63.5 1515559 1514879 genome.dna 2632122 2632818 NC_002929.gbk
1280 46.3 1518297 1515565 genome.dna 2629366 2632081 NC_002929.gbk
619 56.2 1519100 1518525 genome.dna 2628701 2629301 NC_002929.gbk
2627 67.4 1521264 1519120 genome.dna 2626525 2628691 NC_002929.gbk
1515 58.7 1522968 1521280 genome.dna 2624717 2626502 NC_002929.gbk
747 51.8 1530248 1530991 genome.dna 284945 284168 NC_002929.gbk
1855 63.9 1536355 1535069 genome.dna 2498556 2497245 NC_002929.gbk
2295 58.0 1537737 1539503 genome.dna 2501370 2499591 NC_002929.gbk
1078 63.6 1539520 1540236 genome.dna 2499579 2498862 NC_002929.gbk
3368 53.0 1540513 1543320 genome.dna 1184811 1187682 NC_002929.gbk
1440 52.8 1543336 1544562 genome.dna 1187727 1188942 NC_002929.gbk
1302 52.1 1544898 1546064 genome.dna 2693357 2692196 NC_002929.gbk
1092 56.7 1546064 1546936 genome.dna 2692177 2691295 NC_002929.gbk
2149 60.2 1547669 1549237 genome.dna 267870 269490 NC_002929.gbk
340 44.0 1550947 1551351 genome.dna 3569675 3569246 NC_002929.gbk
707 50.7 1551348 1552034 genome.dna 3569244 3568563 NC_002929.gbk
955 37.6 1553863 1555155 genome.dna 3567078 3565761 NC_002929.gbk
381 39.4 1555196 1555705 genome.dna 3565730 3565232 NC_002929.gbk
1533 64.8 1561884 1562939 genome.dna 3099550 3098476 NC_002929.gbk
1085 65.0 1563766 1563014 genome.dna 611520 612273 NC_002929.gbk
499 37.3 1575561 1574770 genome.dna 2190844 2190037 NC_002929.gbk
433 34.4 1576893 1577582 genome.dna 3295807 3295126 NC_002929.gbk
845 43.9 1577582 1578640 genome.dna 3295115 3294005 NC_002929.gbk
857 51.6 1598005 1595975 genome.dna 180712 178633 NC_002929.gbk
1103 52.3 1598229 1599338 genome.dna 181332 182421 NC_002929.gbk
499 31.1 1607969 1609105 genome.dna 1711904 1713002 NC_002929.gbk
202 31.6 1609114 1609548 genome.dna 1888489 1888981 NC_002929.gbk
649 34.9 1613498 1614457 genome.dna 1905817 1906864 NC_002929.gbk
647 39.2 1635671 1634820 genome.dna 106334 105437 NC_002929.gbk
632 51.7 1636204 1635668 genome.dna 105380 104831 NC_002929.gbk
1738 54.3 1652381 1653892 genome.dna 1697853 1699380 NC_002929.gbk
2085 63.2 1669675 1667978 genome.dna 1685288 1683617 NC_002929.gbk
1560 68.8 1670708 1669659 genome.dna 1686461 1685411 NC_002929.gbk
739 42.9 1674049 1674948 genome.dna 2254080 2255055 NC_002929.gbk
543 31.7 1738556 1737522 genome.dna 2396135 2395112 NC_002929.gbk
579 48.9 1758941 1759468 genome.dna 1218210 1218747 NC_002929.gbk
1309 69.1 1773723 1772857 genome.dna 4064305 4063423 NC_002929.gbk
1225 69.4 1774549 1773683 genome.dna 4065117 4064301 NC_002929.gbk
1175 50.9 1775629 1774607 genome.dna 4066162 4065118 NC_002929.gbk
707 37.8 1775956 1776978 genome.dna 381901 380845 NC_002929.gbk
609 35.3 1778057 1778830 genome.dna 3884534 3885305 NC_002929.gbk
852 49.4 1778827 1779630 genome.dna 3913987 3913117 NC_002929.gbk
477 36.6 1780662 1781378 genome.dna 54357 53622 NC_002929.gbk
1338 47.2 1803146 1801686 genome.dna 1661392 1662883 NC_002929.gbk
391 37.6 1821057 1820434 genome.dna 2921347 2920678 NC_002929.gbk
1492 43.1 1822700 1821054 genome.dna 2923025 2921351 NC_002929.gbk
625 37.4 1849141 1848239 genome.dna 145806 144873 NC_002929.gbk
403 54.9 1860773 1860348 genome.dna 1375614 1375980 NC_002929.gbk
1037 65.7 1862527 1863225 genome.dna 1766464 1765741 NC_002929.gbk
681 37.3 1868891 1867875 genome.dna 3998723 3999743 NC_002929.gbk
224 30.7 1871090 1870197 genome.dna 3996804 3997626 NC_002929.gbk
341 30.4 1871770 1871087 genome.dna 3996106 3996808 NC_002929.gbk
1563 34.4 1876889 1874142 genome.dna 3992072 3994547 NC_002929.gbk
364 35.6 1928122 1927325 genome.dna 3799117 3798283 NC_002929.gbk
1046 39.2 1930007 1928679 genome.dna 3720030 3718602 NC_002929.gbk
322 49.0 1934361 1934720 genome.dna 1065941 1066265 NC_002929.gbk
727 60.0 1934724 1935302 genome.dna 1066299 1066860 NC_002929.gbk
1131 56.8 1935437 1936324 genome.dna 1066980 1067856 NC_002929.gbk
1107 57.5 1936321 1937376 genome.dna 1067868 1068816 NC_002929.gbk
2030 62.3 1937404 1939404 genome.dna 1069237 1071295 NC_002929.gbk
736 77.0 1939436 1939933 genome.dna 1071309 1071810 NC_002929.gbk
1331 46.9 1940069 1941754 genome.dna 1462114 1463734 NC_002929.gbk
1608 71.4 1943163 1944215 genome.dna 1074453 1075506 NC_002929.gbk
661 79.5 1944254 1944643 genome.dna 1075558 1075948 NC_002929.gbk
784 61.5 1944653 1945297 genome.dna 1075956 1076589 NC_002929.gbk
1268 51.9 1945543 1946694 genome.dna 1441766 1442921 NC_002929.gbk
162 37.8 1950000 1949704 genome.dna 1448217 1447926 NC_002929.gbk
492 54.4 1950974 1951390 genome.dna 1449237 1449645 NC_002929.gbk
661 75.4 1951419 1951823 genome.dna 1449657 1450077 NC_002929.gbk
599 44.1 1951839 1952513 genome.dna 1450124 1450829 NC_002929.gbk
574 39.8 1952589 1953806 genome.dna 1450894 1452316 NC_002929.gbk
793 49.6 1953828 1954583 genome.dna 1452354 1453119 NC_002929.gbk
1127 65.9 1954611 1955393 genome.dna 1453162 1453948 NC_002929.gbk
825 56.1 1955568 1956287 genome.dna 1453947 1454637 NC_002929.gbk
1479 64.7 1956304 1957413 genome.dna 1454639 1455773 NC_002929.gbk
549 40.1 1957413 1958375 genome.dna 1455790 1456813 NC_002929.gbk
1181 40.5 1958502 1960208 genome.dna 1456882 1458529 NC_002929.gbk
881 48.8 1962314 1961529 genome.dna 1467421 1466632 NC_002929.gbk
353 59.1 1962586 1962317 genome.dna 1467713 1467443 NC_002929.gbk
1039 64.6 1963383 1962607 genome.dna 1468464 1467729 NC_002929.gbk
519 63.0 1964215 1963802 genome.dna 1469385 1468884 NC_002929.gbk
1202 51.2 1965221 1964208 genome.dna 1470388 1469377 NC_002929.gbk
343 37.6 1965712 1965227 genome.dna 1470939 1470390 NC_002929.gbk
352 39.7 1967603 1967157 genome.dna 1473931 1473484 NC_002929.gbk
1678 66.2 1968985 1967612 genome.dna 1475357 1473923 NC_002929.gbk
389 30.8 1969704 1968982 genome.dna 1476151 1475395 NC_002929.gbk
1308 59.0 1970689 1969697 genome.dna 1477154 1476143 NC_002929.gbk
1620 46.8 1972410 1970686 genome.dna 1478820 1477143 NC_002929.gbk
300 45.5 1972671 1972985 genome.dna 1479132 1479465 NC_002929.gbk
354 44.0 1974025 1973615 genome.dna 1482305 1481876 NC_002929.gbk
422 32.4 1975483 1974065 genome.dna 1483686 1482312 NC_002929.gbk
705 50.1 1975728 1976600 genome.dna 1041575 1040399 NC_002929.gbk
524 31.4 1980555 1981667 genome.dna 90211 89110 NC_002929.gbk
711 52.1 1986118 1986840 genome.dna 1065506 1064768 NC_002929.gbk
2003 43.0 1992328 1990295 genome.dna 826319 828551 NC_002929.gbk
1277 42.2 1993342 1994814 genome.dna 2426475 2427969 NC_002929.gbk
355 31.7 1996673 1997326 genome.dna 3429595 3430276 NC_002929.gbk
484 40.5 2012054 2011395 genome.dna 2566084 2566795 NC_002929.gbk
453 43.1 2016186 2015680 genome.dna 344065 344566 NC_002929.gbk
1285 56.3 2034173 2033130 genome.dna 3230567 3229487 NC_002929.gbk
2270 42.0 2038000 2034716 genome.dna 488484 485355 NC_002929.gbk
966 50.6 2038594 2039550 genome.dna 489006 489957 NC_002929.gbk
519 44.5 2040198 2039605 genome.dna 2587893 2588493 NC_002929.gbk
239 63.0 2040877 2041047 genome.dna 2587140 2586957 NC_002929.gbk
919 43.4 2041077 2042123 genome.dna 2586901 2585842 NC_002929.gbk
1024 48.8 2042130 2043083 genome.dna 2585843 2584856 NC_002929.gbk
1061 55.7 2043101 2044030 genome.dna 2584775 2583839 NC_002929.gbk
956 62.0 2044045 2044779 genome.dna 2583838 2583085 NC_002929.gbk
354 72.4 2044934 2045170 genome.dna 2582903 2582663 NC_002929.gbk
1705 59.1 2045253 2046494 genome.dna 2582474 2581244 NC_002929.gbk
786 39.9 2047434 2048453 genome.dna 1937306 1938341 NC_002929.gbk
480 42.0 2048443 2049102 genome.dna 1938337 1938964 NC_002929.gbk
719 45.1 2050132 2050929 genome.dna 1940062 1940833 NC_002929.gbk
1301 47.0 2053746 2055224 genome.dna 2775193 2773774 NC_002929.gbk
288 39.1 2055442 2055792 genome.dna 3984304 3984673 NC_002929.gbk
923 46.1 2057749 2058777 genome.dna 2200927 2201986 NC_002929.gbk
1099 43.9 2059718 2061022 genome.dna 3701327 3700007 NC_002929.gbk
650 33.8 2063309 2062113 genome.dna 977990 976808 NC_002929.gbk
3560 51.5 2070405 2066956 genome.dna 900340 896908 NC_002929.gbk
818 57.9 2071740 2072447 genome.dna 1158825 1159521 NC_002929.gbk
793 35.1 2072444 2073691 genome.dna 1157600 1158833 NC_002929.gbk
239 30.4 2074702 2075532 genome.dna 2081180 2082005 NC_002929.gbk
424 44.5 2079241 2079792 genome.dna 1370718 1370217 NC_002929.gbk
1397 47.8 2088494 2089945 genome.dna 1137410 1138874 NC_002929.gbk
896 47.1 2091759 2090755 genome.dna 346308 345372 NC_002929.gbk
544 36.4 2092574 2091756 genome.dna 347230 346360 NC_002929.gbk
609 38.3 2093620 2092571 genome.dna 348273 347226 NC_002929.gbk
323 30.4 2097009 2097755 genome.dna 2503113 2502294 NC_002929.gbk
795 45.8 2102053 2101232 genome.dna 1510668 1509840 NC_002929.gbk
3401 65.0 2102354 2104732 genome.dna 1510829 1513193 NC_002929.gbk
587 34.6 2106065 2105019 genome.dna 1275832 1274815 NC_002929.gbk
632 31.6 2107755 2106565 genome.dna 2299937 2298851 NC_002929.gbk
515 45.0 2181519 2182154 genome.dna 3051565 3052267 NC_002929.gbk
329 40.4 2186467 2186817 genome.dna 696457 696784 NC_002929.gbk
563 64.0 2188157 2187750 genome.dna 42282 42678 NC_002929.gbk
368 40.6 2189954 2189487 genome.dna 3184497 3183993 NC_002929.gbk
986 47.0 2190305 2191417 genome.dna 3145458 3146595 NC_002929.gbk
642 46.4 2191939 2192622 genome.dna 3469789 3470422 NC_002929.gbk
306 32.7 2195725 2195117 genome.dna 1751748 1751124 NC_002929.gbk
3057 53.0 2198282 2200954 genome.dna 2127852 2125146 NC_002929.gbk
436 30.7 2215224 2216393 genome.dna 991384 992605 NC_002929.gbk
229 52.9 2218041 2217826 genome.dna 3444042 3443820 NC_002929.gbk
1036 62.1 2239913 2239125 genome.dna 3426916 3427702 NC_002929.gbk
1196 59.5 2263993 2263058 genome.dna 3491507 3490544 NC_002929.gbk
1615 47.0 2275609 2279496 genome.dna 2473690 2469805 NC_002929.gbk
304 31.0 2288706 2289281 genome.dna 747818 748409 NC_002929.gbk
274 38.2 2290600 2290133 genome.dna 3105079 3104551 NC_002929.gbk
644 40.4 2298807 2297113 genome.dna 2266590 2268282 NC_002929.gbk
391 35.8 2301922 2302608 genome.dna 3469058 3469718 NC_002929.gbk
375 42.1 2318259 2318798 genome.dna 2165973 2165460 NC_002929.gbk
1173 48.9 2320507 2319365 genome.dna 529296 528150 NC_002929.gbk
1392 67.2 2322430 2321456 genome.dna 3628790 3627821 NC_002929.gbk
186 39.5 2324296 2324544 genome.dna 1027341 1027089 NC_002929.gbk
899 41.7 2335148 2334054 genome.dna 2705689 2704624 NC_002929.gbk
1486 47.9 2336847 2335354 genome.dna 2414905 2413360 NC_002929.gbk
1977 68.7 2336995 2338260 genome.dna 2085917 2084651 NC_002929.gbk
2250 68.4 2338271 2339743 genome.dna 2084572 2083102 NC_002929.gbk
601 36.7 2342538 2343356 genome.dna 2031285 2032089 NC_002929.gbk
859 37.4 2359305 2358133 genome.dna 297593 296390 NC_002929.gbk
556 34.2 2364687 2365619 genome.dna 3677429 3676487 NC_002929.gbk
638 33.9 2366723 2365644 genome.dna 2366953 2365903 NC_002929.gbk
534 31.5 2367537 2366737 genome.dna 2367750 2366949 NC_002929.gbk
245 48.7 2367804 2367544 genome.dna 2368028 2367761 NC_002929.gbk
691 48.6 2368465 2367812 genome.dna 2368705 2368033 NC_002929.gbk
1356 51.3 2371991 2370621 genome.dna 2372166 2370831 NC_002929.gbk
1869 43.8 2375035 2372933 genome.dna 2381717 2383817 NC_002929.gbk
350 34.8 2376550 2377092 genome.dna 2363092 2363695 NC_002929.gbk
399 34.3 2406120 2405455 genome.dna 795700 796435 NC_002929.gbk
358 34.7 2446059 2446862 genome.dna 798500 797789 NC_002929.gbk
223 33.1 2461266 2461811 genome.dna 3470451 3470970 NC_002929.gbk
707 35.2 2486065 2485016 genome.dna 3325751 3324623 NC_002929.gbk
1715 68.9 2487322 2486231 genome.dna 3327122 3326030 NC_002929.gbk
616 51.1 2488039 2487452 genome.dna 3328570 3327973 NC_002929.gbk
1340 65.3 2489732 2488785 genome.dna 3330386 3329435 NC_002929.gbk
719 47.2 2490742 2489870 genome.dna 3331494 3330594 NC_002929.gbk
1159 45.8 2491599 2492855 genome.dna 693154 694429 NC_002929.gbk
1572 65.5 2492889 2493971 genome.dna 694515 695598 NC_002929.gbk
659 45.9 2493971 2494816 genome.dna 695608 696421 NC_002929.gbk
834 45.8 2496092 2496946 genome.dna 2526658 2525800 NC_002929.gbk
625 38.6 2507176 2506430 genome.dna 1257923 1257194 NC_002929.gbk
496 45.8 2507977 2507444 genome.dna 342516 341928 NC_002929.gbk
620 51.2 2511822 2511298 genome.dna 2186571 2187084 NC_002929.gbk
810 44.0 2530749 2531648 genome.dna 570395 569495 NC_002929.gbk
924 51.9 2546335 2547111 genome.dna 2757624 2758503 NC_002929.gbk
976 47.6 2547155 2548117 genome.dna 2757453 2756481 NC_002929.gbk
616 36.9 2559421 2558525 genome.dna 3473895 3472992 NC_002929.gbk
2125 69.7 2563367 2561970 genome.dna 256542 257934 NC_002929.gbk
1149 53.6 2570445 2569453 genome.dna 2965369 2966338 NC_002929.gbk
935 67.8 2585970 2586605 genome.dna 3792646 3792010 NC_002929.gbk
916 45.7 2589820 2588846 genome.dna 2558538 2557584 NC_002929.gbk
630 48.3 2598308 2597688 genome.dna 1634049 1634676 NC_002929.gbk
682 41.5 2599344 2598460 genome.dna 1173289 1174135 NC_002929.gbk
633 37.0 2605113 2606180 genome.dna 3480803 3479771 NC_002929.gbk
1368 53.3 2607572 2608762 genome.dna 3802751 3803951 NC_002929.gbk
525 37.2 2608762 2609568 genome.dna 3803954 3804812 NC_002929.gbk
557 43.9 2611473 2610838 genome.dna 3968726 3969365 NC_002929.gbk
527 40.7 2619430 2619996 genome.dna 3778325 3777755 NC_002929.gbk
360 46.4 2620019 2620441 genome.dna 2982110 2981699 NC_002929.gbk
937 49.1 2627092 2626058 genome.dna 4069532 4068515 NC_002929.gbk
974 48.8 2628084 2627089 genome.dna 4070530 4069528 NC_002929.gbk
802 48.2 2639766 2638855 genome.dna 3611031 3611940 NC_002929.gbk
281 38.3 2642181 2642648 genome.dna 2155099 2154697 NC_002929.gbk
713 38.8 2642732 2643580 genome.dna 3472136 3472991 NC_002929.gbk
712 49.0 2645012 2644386 genome.dna 367462 368101 NC_002929.gbk
431 32.1 2645457 2646263 genome.dna 370692 369903 NC_002929.gbk
334 33.5 2649224 2648673 genome.dna 2869608 2869023 NC_002929.gbk
460 53.0 2654386 2653967 genome.dna 3778723 3778321 NC_002929.gbk
1390 49.5 2660962 2662236 genome.dna 3395430 3394170 NC_002929.gbk
1186 43.8 2664862 2663609 genome.dna 3200581 3199321 NC_002929.gbk
2145 61.0 2670474 2672015 genome.dna 3394174 3392635 NC_002929.gbk
490 40.0 2677723 2677067 genome.dna 2683982 2683286 NC_002929.gbk
361 31.0 2678460 2679146 genome.dna 3440327 3441206 NC_002929.gbk
1287 71.5 2679167 2679979 genome.dna 3441318 3442134 NC_002929.gbk
274 51.2 2679983 2680252 genome.dna 3442137 3442389 NC_002929.gbk
1901 54.2 2683421 2681736 genome.dna 2985476 2987168 NC_002929.gbk
809 40.9 2687417 2685498 genome.dna 1210065 1212141 NC_002929.gbk
330 45.2 2687612 2687956 genome.dna 3797268 3797619 NC_002929.gbk
1547 53.8 2691006 2692370 genome.dna 1325428 1326820 NC_002929.gbk
2064 60.1 2696737 2695181 genome.dna 2005503 2007090 NC_002929.gbk
529 33.3 2712101 2712862 genome.dna 3031544 3030794 NC_002929.gbk
1046 37.5 2726216 2727934 genome.dna 935860 934042 NC_002929.gbk
417 67.7 2728844 2728548 genome.dna 2724443 2724101 NC_002929.gbk
2159 45.3 2731236 2728849 genome.dna 2726866 2724448 NC_002929.gbk
940 57.2 2732234 2731251 genome.dna 2727925 2726878 NC_002929.gbk
538 67.8 2732903 2732547 genome.dna 2728335 2727975 NC_002929.gbk
196 50.8 2733144 2732947 genome.dna 2728548 2728350 NC_002929.gbk
741 69.9 2733782 2733240 genome.dna 1576789 1577284 NC_002929.gbk
2528 56.6 2735713 2733785 genome.dna 1574768 1576718 NC_002929.gbk
442 34.0 2738767 2737976 genome.dna 3540273 3539478 NC_002929.gbk
831 50.3 2741372 2740491 genome.dna 2403397 2404279 NC_002929.gbk
2017 71.9 2755752 2754499 genome.dna 2637702 2636445 NC_002929.gbk
1386 57.4 2757088 2758194 genome.dna 3069748 3068632 NC_002929.gbk
1804 60.4 2759027 2760397 genome.dna 3066845 3065468 NC_002929.gbk
636 35.9 2762917 2764038 genome.dna 1645756 1646944 NC_002929.gbk
383 37.4 2770193 2769657 genome.dna 390447 391020 NC_002929.gbk
895 59.6 2771944 2772576 genome.dna 3141463 3140806 NC_002929.gbk
519 51.6 2777056 2776550 genome.dna 3895755 3896250 NC_002929.gbk
1553 62.1 2791280 2792458 genome.dna 715402 716617 NC_002929.gbk
1718 58.5 2796565 2798007 genome.dna 3554648 3556115 NC_002929.gbk
520 30.2 2800594 2799272 genome.dna 3144037 3145453 NC_002929.gbk
1540 70.6 2809298 2808294 genome.dna 3628912 3629986 NC_002929.gbk
507 43.1 2809923 2809306 genome.dna 3626245 3626818 NC_002929.gbk
434 48.7 2810663 2810151 genome.dna 3625616 3626165 NC_002929.gbk
884 56.8 2811487 2810744 genome.dna 2433544 2434276 NC_002929.gbk
2342 58.8 2813755 2811956 genome.dna 723419 725210 NC_002929.gbk
1644 50.0 2838878 2837343 genome.dna 2946669 2948271 NC_002929.gbk
677 35.4 2852337 2851093 genome.dna 2924240 2923043 NC_002929.gbk
1647 46.9 2854450 2852540 genome.dna 3227639 3229448 NC_002929.gbk
1154 52.4 2859653 2858643 genome.dna 3654711 3653661 NC_002929.gbk
1234 48.0 2862472 2859857 genome.dna 906345 903636 NC_002929.gbk
1033 41.8 2862696 2863901 genome.dna 3795999 3797217 NC_002929.gbk
358 32.6 2879580 2880428 genome.dna 2456362 2457127 NC_002929.gbk
786 53.0 2884168 2883416 genome.dna 2944282 2945047 NC_002929.gbk
255 56.7 2884347 2884165 genome.dna 2944084 2944273 NC_002929.gbk
641 44.3 2885460 2884459 genome.dna 2942985 2944029 NC_002929.gbk
1377 37.1 2887241 2885457 genome.dna 2455369 2453497 NC_002929.gbk
451 32.8 2903705 2902830 genome.dna 1422602 1423514 NC_002929.gbk
589 35.9 2906057 2905173 genome.dna 963271 962410 NC_002929.gbk
931 41.8 2917289 2918617 genome.dna 3978238 3979543 NC_002929.gbk
460 31.9 2918614 2919687 genome.dna 3979539 3980637 NC_002929.gbk
268 35.9 2920770 2921360 genome.dna 3981257 3981935 NC_002929.gbk
486 38.0 2921367 2922104 genome.dna 3981998 3982739 NC_002929.gbk
712 44.4 2922086 2922862 genome.dna 3982735 3983545 NC_002929.gbk
2335 63.9 2925698 2924025 genome.dna 988744 990475 NC_002929.gbk
767 56.3 2926492 2925815 genome.dna 987900 988572 NC_002929.gbk
1426 56.1 2928002 2926713 genome.dna 986557 987886 NC_002929.gbk
853 48.7 2929170 2928085 genome.dna 983363 984497 NC_002929.gbk
932 56.7 2975613 2974318 genome.dna 2614049 2612693 NC_002929.gbk
1487 54.2 2977060 2975717 genome.dna 2615436 2614095 NC_002929.gbk
542 53.3 2981911 2981417 genome.dna 2792323 2792791 NC_002929.gbk
1476 69.5 2982496 2983455 genome.dna 2618571 2619531 NC_002929.gbk
1216 38.6 2983684 2985450 genome.dna 270795 272547 NC_002929.gbk
968 33.5 2985450 2987189 genome.dna 272543 274223 NC_002929.gbk
353 73.6 2988043 2988261 genome.dna 3844113 3844332 NC_002929.gbk
653 56.0 2990339 2989860 genome.dna 2521140 2520660 NC_002929.gbk
3034 59.7 2992855 2990582 genome.dna 2926683 2924367 NC_002929.gbk
351 48.5 2993205 2992885 genome.dna 2934497 2934182 NC_002929.gbk
571 43.4 3002258 3001431 genome.dna 2589201 2590029 NC_002929.gbk
984 56.2 3009847 3009002 genome.dna 2485017 2484207 NC_002929.gbk
1148 55.8 3010809 3009844 genome.dna 2485928 2485013 NC_002929.gbk
1318 54.6 3011957 3010824 genome.dna 2487052 2485924 NC_002929.gbk
1202 47.0 3013338 3012229 genome.dna 2488162 2487058 NC_002929.gbk
150 32.4 3016496 3016762 genome.dna 610912 610651 NC_002929.gbk
1023 44.1 3022380 3021175 genome.dna 100529 101786 NC_002929.gbk
633 42.2 3025403 3026020 genome.dna 74326 73705 NC_002929.gbk
2214 72.2 3042056 3043384 genome.dna 553377 554697 NC_002929.gbk
449 32.7 3045534 3044359 genome.dna 1341144 1342359 NC_002929.gbk
1721 65.4 3050037 3051158 genome.dna 3960928 3959821 NC_002929.gbk
1004 51.8 3051198 3052058 genome.dna 3959820 3958971 NC_002929.gbk
476 33.7 3064304 3063432 genome.dna 2983326 2984205 NC_002929.gbk
904 41.8 3064423 3065496 genome.dna 2983220 2982173 NC_002929.gbk
372 54.8 3072258 3072004 genome.dna 2457131 2457404 NC_002929.gbk
1471 45.6 3080104 3081720 genome.dna 2418863 2420501 NC_002929.gbk
761 32.3 3083683 3082493 genome.dna 2171968 2170768 NC_002929.gbk
732 34.0 3105774 3104605 genome.dna 3057961 3056740 NC_002929.gbk
962 59.4 3109585 3110331 genome.dna 1652373 1653126 NC_002929.gbk
872 59.4 3110358 3111017 genome.dna 1653194 1653854 NC_002929.gbk
1119 70.8 3111014 3111736 genome.dna 1653850 1654579 NC_002929.gbk
611 47.8 3132533 3133219 genome.dna 3865975 3865315 NC_002929.gbk
782 50.8 3134242 3133295 genome.dna 1618128 1617348 NC_002929.gbk
1148 73.0 3140808 3141479 genome.dna 1327617 1326957 NC_002929.gbk
202 38.1 3145018 3144548 genome.dna 1362677 1363205 NC_002929.gbk
1665 58.4 3147123 3145672 genome.dna 169078 170509 NC_002929.gbk
153 40.7 3155372 3155127 genome.dna 2875624 2875372 NC_002929.gbk
464 48.4 3155863 3155369 genome.dna 2876090 2875604 NC_002929.gbk
609 59.0 3156400 3155882 genome.dna 2874888 2874366 NC_002929.gbk
572 36.5 3157424 3156435 genome.dna 2871912 2873010 NC_002929.gbk
2905 67.9 3161386 3159374 genome.dna 1886200 1888237 NC_002929.gbk
732 37.3 3165022 3163865 genome.dna 2286607 2285413 NC_002929.gbk
1337 63.2 3166099 3165062 genome.dna 2885227 2884204 NC_002929.gbk
636 30.7 3166195 3167499 genome.dna 3367801 3369127 NC_002929.gbk
174 31.9 3168781 3169188 genome.dna 2283343 2282983 NC_002929.gbk
1413 72.6 3173816 3172911 genome.dna 2534276 2533376 NC_002929.gbk
1635 78.1 3174746 3173826 genome.dna 2535204 2534283 NC_002929.gbk
2052 59.3 3176400 3174856 genome.dna 2536819 2535265 NC_002929.gbk
2537 63.3 3178327 3176426 genome.dna 3671328 3673179 NC_002929.gbk
1170 47.1 3178804 3180039 genome.dna 1542289 1540996 NC_002929.gbk
114 33.9 3203055 3203267 genome.dna 516842 516641 NC_002929.gbk
531 50.5 3228583 3228035 genome.dna 2203817 2204390 NC_002929.gbk
1726 45.8 3230474 3228642 genome.dna 2201948 2203778 NC_002929.gbk
376 32.0 3231123 3230467 genome.dna 1968354 1967724 NC_002929.gbk
700 31.2 3276884 3278356 genome.dna 854984 853490 NC_002929.gbk
376 38.4 3295986 3295378 genome.dna 3017681 3017060 NC_002929.gbk
743 41.0 3311103 3310240 genome.dna 1915223 1916054 NC_002929.gbk
933 46.8 3312061 3311105 genome.dna 3669550 3670492 NC_002929.gbk
500 42.3 3320342 3321007 genome.dna 1605769 1606462 NC_002929.gbk
514 32.2 3324257 3325147 genome.dna 2561573 2562494 NC_002929.gbk
659 40.1 3327630 3326722 genome.dna 1612763 1613651 NC_002929.gbk
425 60.9 3332182 3332514 genome.dna 2620200 2620533 NC_002929.gbk
468 31.0 3333801 3332713 genome.dna 2040866 2041979 NC_002929.gbk
286 46.9 3333853 3334194 genome.dna 3118057 3118405 NC_002929.gbk
1322 51.2 3353699 3354838 genome.dna 269505 270660 NC_002929.gbk
556 42.9 3359337 3358615 genome.dna 1513980 1513260 NC_002929.gbk
2381 67.0 3364676 3363084 genome.dna 1790550 1792155 NC_002929.gbk
394 32.9 3364794 3365690 genome.dna 1221450 1222332 NC_002929.gbk
830 32.6 3372145 3370688 genome.dna 883740 885225 NC_002929.gbk
822 35.3 3373687 3372152 genome.dna 882230 883730 NC_002929.gbk
1254 36.5 3375638 3373788 genome.dna 880218 882231 NC_002929.gbk
263 41.0 3375937 3375635 genome.dna 879892 880201 NC_002929.gbk
502 40.4 3378041 3377067 genome.dna 877647 878721 NC_002929.gbk
1224 47.5 3382301 3380952 genome.dna 873937 875305 NC_002929.gbk
296 31.8 3382843 3382298 genome.dna 873446 873941 NC_002929.gbk
679 35.6 3387504 3386554 genome.dna 839191 838300 NC_002929.gbk
679 35.6 3388991 3388041 genome.dna 839191 838300 NC_002929.gbk
726 36.2 3395711 3396913 genome.dna 1049967 1048776 NC_002929.gbk
932 64.9 3401812 3402438 genome.dna 1370108 1369406 NC_002929.gbk
706 54.3 3408161 3407589 genome.dna 696788 697349 NC_002929.gbk
1921 60.1 3409858 3408341 genome.dna 1487191 1488712 NC_002929.gbk
279 32.1 3410380 3409880 genome.dna 1486661 1487150 NC_002929.gbk
1226 50.6 3412525 3411257 genome.dna 1484466 1485774 NC_002929.gbk
1166 61.4 3413548 3412631 genome.dna 3804848 3805727 NC_002929.gbk
690 52.0 3414435 3413773 genome.dna 253757 254396 NC_002929.gbk
819 46.0 3415469 3414618 genome.dna 1564045 1564858 NC_002929.gbk
903 48.9 3418053 3418931 genome.dna 3447269 3446402 NC_002929.gbk
1565 63.6 3427528 3426443 genome.dna 1538499 1539561 NC_002929.gbk
975 50.9 3428548 3427616 genome.dna 1854509 1853612 NC_002929.gbk
1100 34.0 3438550 3436355 genome.dna 681992 679874 NC_002929.gbk
437 33.1 3444907 3444146 genome.dna 3972821 3973613 NC_002929.gbk
409 38.6 3451704 3451132 genome.dna 1359776 1360388 NC_002929.gbk
1629 54.1 3453156 3451774 genome.dna 3159894 3158505 NC_002929.gbk
700 41.6 3459693 3458845 genome.dna 4027391 4026410 NC_002929.gbk
2105 77.4 3477877 3476636 genome.dna 2961313 2960125 NC_002929.gbk
794 44.8 3479267 3480127 genome.dna 790597 791458 NC_002929.gbk
156 38.0 3493480 3493259 genome.dna 3183713 3183473 NC_002929.gbk
1158 45.5 3494931 3493498 genome.dna 3181053 3179589 NC_002929.gbk
1011 45.1 3496046 3494928 genome.dna 3182191 3181063 NC_002929.gbk
561 34.4 3511745 3510762 genome.dna 399062 398003 NC_002929.gbk
872 41.2 3512886 3511738 genome.dna 86714 85481 NC_002929.gbk
963 54.3 3516455 3517318 genome.dna 1031329 1030477 NC_002929.gbk
1112 49.7 3519048 3517663 genome.dna 2010515 2011976 NC_002929.gbk
729 66.3 3520193 3520687 genome.dna 2009464 2008954 NC_002929.gbk
545 44.4 3520698 3521420 genome.dna 2008935 2008185 NC_002929.gbk
506 50.6 3521609 3522118 genome.dna 1599014 1599494 NC_002929.gbk
440 32.5 3522115 3523185 genome.dna 1599496 1600687 NC_002929.gbk
1296 35.4 3531913 3533985 genome.dna 1120701 1118619 NC_002929.gbk
1115 40.8 3533985 3535520 genome.dna 1120936 1122430 NC_002929.gbk
1185 42.7 3537873 3539351 genome.dna 2981689 2980216 NC_002929.gbk
541 33.5 3542091 3543101 genome.dna 2741238 2740176 NC_002929.gbk
2426 61.8 3556399 3554642 genome.dna 658099 659821 NC_002929.gbk
1182 48.4 3559135 3560370 genome.dna 4024783 4023532 NC_002929.gbk
3997 60.9 3563489 3566569 genome.dna 4020471 4017363 NC_002929.gbk
1123 39.5 3566972 3568372 genome.dna 4030848 4032306 NC_002929.gbk
828 50.9 3577570 3576767 genome.dna 3815469 3816321 NC_002929.gbk
660 42.6 3583245 3582508 genome.dna 1291564 1292338 NC_002929.gbk
841 45.5 3583505 3584407 genome.dna 3901427 3902327 NC_002929.gbk
944 61.0 3586091 3587221 genome.dna 484212 485280 NC_002929.gbk
2223 65.0 3590632 3589055 genome.dna 2779548 2777955 NC_002929.gbk
2039 62.1 3592205 3590739 genome.dna 2781105 2779644 NC_002929.gbk
1136 43.5 3592378 3593766 genome.dna 2940560 2939168 NC_002929.gbk
211 33.6 3595044 3595388 genome.dna 1380661 1380985 NC_002929.gbk
622 43.4 3596586 3597341 genome.dna 1227983 1228763 NC_002929.gbk
989 51.2 3599984 3598497 genome.dna 2317514 2316158 NC_002929.gbk
563 31.1 3601310 3600129 genome.dna 2318701 2317540 NC_002929.gbk
1488 54.7 3603229 3601955 genome.dna 2320648 2319343 NC_002929.gbk
284 35.8 3604488 3603367 genome.dna 2321984 2320688 NC_002929.gbk
764 51.5 3607701 3606505 genome.dna 2323642 2322493 NC_002929.gbk
582 60.3 3608433 3608005 genome.dna 2324095 2323669 NC_002929.gbk
392 31.8 3611852 3612721 genome.dna 2402340 2401488 NC_002929.gbk
225 51.6 3616273 3616073 genome.dna 1894568 1894763 NC_002929.gbk
506 62.5 3616630 3616295 genome.dna 1894227 1894569 NC_002929.gbk
2152 58.8 3618482 3616632 genome.dna 1892355 1894218 NC_002929.gbk
328 38.0 3619075 3618557 genome.dna 1891713 1892226 NC_002929.gbk
478 62.6 3619470 3619147 genome.dna 1891387 1891711 NC_002929.gbk
717 82.8 3619938 3619552 genome.dna 1890975 1891386 NC_002929.gbk
1994 73.1 3621177 3619963 genome.dna 1889726 1890938 NC_002929.gbk
496 52.1 3621953 3621459 genome.dna 1889196 1889709 NC_002929.gbk
509 38.0 3622783 3622058 genome.dna 2004487 2003710 NC_002929.gbk
768 46.9 3622920 3623723 genome.dna 2004594 2005377 NC_002929.gbk
1431 64.3 3625021 3626103 genome.dna 3564457 3563407 NC_002929.gbk
901 56.4 3626100 3626900 genome.dna 3563411 3562616 NC_002929.gbk
1740 61.8 3635387 3634134 genome.dna 3140586 3139338 NC_002929.gbk
1055 41.3 3635748 3636938 genome.dna 2337150 2335941 NC_002929.gbk
564 72.3 3640872 3640534 genome.dna 2864362 2864023 NC_002929.gbk
1378 53.8 3649390 3645506 genome.dna 2834007 2829960 NC_002929.gbk
494 54.5 3651787 3651263 genome.dna 1784094 1784544 NC_002929.gbk
335 59.7 3679566 3679826 genome.dna 3684030 3683778 NC_002929.gbk
270 40.0 3680225 3679845 genome.dna 2200428 2200890 NC_002929.gbk
913 62.0 3680956 3680225 genome.dna 2199597 2200344 NC_002929.gbk
858 44.1 3682691 3681786 genome.dna 2573456 2572565 NC_002929.gbk
745 51.6 3683368 3682688 genome.dna 2574223 2573452 NC_002929.gbk
450 40.6 3684626 3683661 genome.dna 2575104 2574219 NC_002929.gbk
2752 67.0 3686442 3684643 genome.dna 2576920 2575126 NC_002929.gbk
698 55.0 3689432 3688857 genome.dna 2580746 2580146 NC_002929.gbk
614 46.9 3694571 3695257 genome.dna 3255618 3256371 NC_002929.gbk
371 32.4 3695855 3696739 genome.dna 3079343 3080255 NC_002929.gbk
1578 51.7 3698228 3696813 genome.dna 3166142 3167525 NC_002929.gbk
489 31.7 3700216 3699110 genome.dna 2034612 2033583 NC_002929.gbk
592 35.4 3700404 3701453 genome.dna 936879 937860 NC_002929.gbk
430 46.8 3702410 3702844 genome.dna 1379425 1379020 NC_002929.gbk
1188 55.9 3703917 3702925 genome.dna 1006939 1008004 NC_002929.gbk
1349 61.6 3706780 3705770 genome.dna 1004062 1005097 NC_002929.gbk
517 36.0 3712592 3713431 genome.dna 3813678 3814572 NC_002929.gbk
535 67.6 3714535 3714188 genome.dna 3147036 3146664 NC_002929.gbk
1653 58.0 3714803 3716083 genome.dna 321668 320384 NC_002929.gbk
1133 40.9 3717621 3716161 genome.dna 2731535 2732984 NC_002929.gbk
450 40.4 3717757 3718347 genome.dna 392966 393626 NC_002929.gbk
362 39.9 3729128 3729583 genome.dna 3287347 3287812 NC_002929.gbk
826 43.6 3730782 3732230 genome.dna 248039 246683 NC_002929.gbk
356 44.0 3732230 3732727 genome.dna 246687 246195 NC_002929.gbk
627 43.3 3732844 3733638 genome.dna 3026335 3027172 NC_002929.gbk
644 45.2 3733793 3734647 genome.dna 4029604 4028761 NC_002929.gbk
451 56.6 3734665 3735045 genome.dna 1905391 1905760 NC_002929.gbk
709 39.0 3735878 3735108 genome.dna 2298074 2298836 NC_002929.gbk
774 42.8 3736813 3735875 genome.dna 2297154 2298078 NC_002929.gbk
237 33.1 3737076 3737717 genome.dna 3633395 3634046 NC_002929.gbk
732 49.4 3749695 3748958 genome.dna 406508 405773 NC_002929.gbk
617 58.2 3749751 3750215 genome.dna 3423768 3423300 NC_002929.gbk
648 45.8 3750989 3751744 genome.dna 3424601 3425402 NC_002929.gbk
631 32.8 3751815 3753179 genome.dna 3425412 3426822 NC_002929.gbk
3621 64.8 3762599 3760023 genome.dna 1258260 1260858 NC_002929.gbk
629 48.1 3763458 3762733 genome.dna 1214108 1214810 NC_002929.gbk
756 44.3 3764478 3763501 genome.dna 1213104 1214067 NC_002929.gbk
564 37.9 3764613 3765347 genome.dna 1213003 1212202 NC_002929.gbk
539 31.2 3766362 3767522 genome.dna 984489 985575 NC_002929.gbk
967 50.3 3771461 3772399 genome.dna 3125558 3124550 NC_002929.gbk
443 63.2 3773009 3772662 genome.dna 1014191 1014572 NC_002929.gbk
829 51.8 3773827 3773072 genome.dna 1932511 1933285 NC_002929.gbk
334 61.0 3774681 3774433 genome.dna 1931462 1931723 NC_002929.gbk
1340 60.6 3776200 3774839 genome.dna 76228 77638 NC_002929.gbk
3539 62.1 3784972 3782345 genome.dna 1927645 1930270 NC_002929.gbk
1507 67.1 3786717 3785644 genome.dna 2699295 2698233 NC_002929.gbk
454 51.2 3787319 3786825 genome.dna 3698474 3699041 NC_002929.gbk
395 31.9 3788942 3789616 genome.dna 2608635 2609295 NC_002929.gbk
933 40.6 3866442 3865039 genome.dna 1025637 1027020 NC_002929.gbk
4074 59.2 3869582 3866439 genome.dna 2194876 2198107 NC_002929.gbk
1181 43.9 3882715 3881462 genome.dna 2159672 2158412 NC_002929.gbk
892 41.2 3883829 3882726 genome.dna 760151 759074 NC_002929.gbk
853 44.3 3889382 3888324 genome.dna 945931 947017 NC_002929.gbk
780 48.5 3890258 3889458 genome.dna 4048173 4047363 NC_002929.gbk
915 53.3 3890504 3891274 genome.dna 4048262 4049036 NC_002929.gbk
1263 50.5 3908071 3909228 genome.dna 4083859 4082692 NC_002929.gbk
760 36.3 3911288 3910026 genome.dna 1950194 1948946 NC_002929.gbk
960 34.8 3917101 3918687 genome.dna 2859523 2857894 NC_002929.gbk
689 31.9 3918901 3920391 genome.dna 3542515 3541186 NC_002929.gbk
246 35.1 3921260 3920868 genome.dna 1223788 1223377 NC_002929.gbk
1196 48.2 3921930 3923132 genome.dna 2176913 2178176 NC_002929.gbk
1648 81.0 3926541 3925651 genome.dna 3297604 3296719 NC_002929.gbk
764 56.3 3926632 3927213 genome.dna 3297691 3298273 NC_002929.gbk
1510 63.7 3928680 3929900 genome.dna 2165464 2164261 NC_002929.gbk
846 45.4 3932105 3933280 genome.dna 2409396 2410587 NC_002929.gbk
1863 55.7 3933298 3934833 genome.dna 2410583 2412170 NC_002929.gbk
541 30.2 3939697 3942345 genome.dna 685171 687361 NC_002929.gbk
895 33.3 3945541 3944261 genome.dna 3032918 3031571 NC_002929.gbk
331 37.1 3952181 3951618 genome.dna 40060 40600 NC_002929.gbk
973 43.1 3952362 3953393 genome.dna 2993799 2994888 NC_002929.gbk
695 52.3 3953386 3954039 genome.dna 2994898 2995498 NC_002929.gbk
803 46.0 3954101 3954916 genome.dna 2995545 2996343 NC_002929.gbk
2195 58.9 3956293 3958011 genome.dna 3571458 3569727 NC_002929.gbk
578 49.0 3961248 3960622 genome.dna 1804766 1805405 NC_002929.gbk
572 57.4 3963052 3962555 genome.dna 901073 901562 NC_002929.gbk
497 42.4 3963804 3963091 genome.dna 900393 901077 NC_002929.gbk
256 42.1 3964143 3963808 genome.dna 2524133 2523776 NC_002929.gbk
886 57.1 3966155 3966877 genome.dna 1944135 1944909 NC_002929.gbk
856 47.3 3970373 3969465 genome.dna 1008801 1009710 NC_002929.gbk
1456 52.0 3971825 3970383 genome.dna 1102311 1100889 NC_002929.gbk
224 34.5 3986036 3985365 genome.dna 2815530 2816163 NC_002929.gbk
593 35.5 3988169 3987237 genome.dna 3338815 3337906 NC_002929.gbk
1741 62.0 4001743 4000448 genome.dna 2525501 2524214 NC_002929.gbk
2368 63.9 4003479 4001842 genome.dna 2528307 2526654 NC_002929.gbk
1406 40.0 4007080 4004843 genome.dna 3799200 3801414 NC_002929.gbk
1014 40.9 4008483 4007131 genome.dna 1808946 1810347 NC_002929.gbk
1104 49.1 4012636 4011491 genome.dna 3554568 3553422 NC_002929.gbk
575 35.3 4013697 4012813 genome.dna 1521636 1522530 NC_002929.gbk
1048 62.8 4014558 4013788 genome.dna 2950734 2949957 NC_002929.gbk
193 44.3 4025097 4024876 genome.dna 1254786 1255005 NC_002929.gbk
1457 54.8 4027241 4025196 genome.dna 3774472 3776563 NC_002929.gbk
1295 37.8 4031933 4029078 genome.dna 1330535 1327652 NC_002929.gbk
852 46.2 4034399 4035643 genome.dna 3260722 3259627 NC_002929.gbk
368 45.5 4036522 4035704 genome.dna 2007114 2007978 NC_002929.gbk
453 45.3 4037132 4037767 genome.dna 1803757 1803109 NC_002929.gbk
758 63.3 4039680 4040210 genome.dna 2684713 2684176 NC_002929.gbk
440 48.7 4059979 4059527 genome.dna 2969137 2968681 NC_002929.gbk
511 59.8 4060971 4060579 genome.dna 2970269 2969888 NC_002929.gbk
845 54.1 4068636 4067902 genome.dna 3739059 3739797 NC_002929.gbk
1429 44.5 4071195 4068739 genome.dna 3736454 3738935 NC_002929.gbk
357 42.0 4071662 4071237 genome.dna 2335898 2335460 NC_002929.gbk
564 40.1 4077711 4078532 genome.dna 1353710 1352876 NC_002929.gbk
328 33.7 4078582 4079136 genome.dna 3179006 3179582 NC_002929.gbk
610 50.5 4079441 4080034 genome.dna 1671805 1672447 NC_002929.gbk
1232 49.7 4080027 4081166 genome.dna 1673518 1674739 NC_002929.gbk
199 36.4 4086876 4086421 genome.dna 3734558 3735002 NC_002929.gbk
295 40.0 4088112 4086889 genome.dna 3769580 3768269 NC_002929.gbk
393 30.4 4102382 4101120 genome.dna 3859122 3857832 NC_002929.gbk
563 35.7 4102518 4103441 genome.dna 651001 650110 NC_002929.gbk
1122 55.6 4104376 4103468 genome.dna 1303736 1304648 NC_002929.gbk
1021 49.7 4109655 4110677 genome.dna 1133143 1134157 NC_002929.gbk
1219 60.3 4114259 4113273 genome.dna 2405343 2404353 NC_002929.gbk
1638 55.8 4114440 4115846 genome.dna 2967732 2966358 NC_002929.gbk
783 41.1 4115888 4116970 genome.dna 1283929 1285057 NC_002929.gbk
1504 56.8 4119655 4120848 genome.dna 3036111 3034911 NC_002929.gbk
4223 65.4 4139901 4137067 genome.dna 3868889 3866030 NC_002929.gbk
567 53.2 4140147 4140710 genome.dna 3870461 3870962 NC_002929.gbk
627 46.1 4196148 4196876 genome.dna 3284981 3284258 NC_002929.gbk
1062 58.3 4196873 4197727 genome.dna 3284262 3283365 NC_002929.gbk
541 42.0 4197767 4198645 genome.dna 3283369 3282433 NC_002929.gbk
928 47.4 4200650 4199670 genome.dna 2964312 2965290 NC_002929.gbk
736 37.2 4202207 4203343 genome.dna 2997899 2999054 NC_002929.gbk
481 39.6 4207998 4208687 genome.dna 3463092 3462381 NC_002929.gbk
4170 72.5 4221505 4218908 genome.dna 2137054 2134462 NC_002929.gbk
1868 50.1 4225257 4223014 genome.dna 3077127 3079341 NC_002929.gbk
724 40.5 4225741 4226724 genome.dna 3076973 3075941 NC_002929.gbk
523 33.5 4226833 4228161 genome.dna 3390069 3391446 NC_002929.gbk
1595 55.1 4233904 4232027 genome.dna 1036713 1038375 NC_002929.gbk
3658 60.6 4236582 4233919 genome.dna 1033995 1036701 NC_002929.gbk
328 32.6 4237489 4236725 genome.dna 3758554 3759391 NC_002929.gbk
634 52.5 4243540 4242965 genome.dna 74939 74357 NC_002929.gbk
669 42.2 4244964 4245854 genome.dna 3934186 3935092 NC_002929.gbk
489 42.9 4250722 4251348 genome.dna 4026402 4025757 NC_002929.gbk
459 31.6 4251341 4252093 genome.dna 4025725 4024963 NC_002929.gbk
3433 58.2 4255592 4252890 genome.dna 3206765 3204029 NC_002929.gbk
1112 53.0 4257707 4256787 genome.dna 3209502 3208578 NC_002929.gbk
1155 53.5 4258960 4257809 genome.dna 3210915 3209730 NC_002929.gbk
1218 45.8 4260285 4259029 genome.dna 3212330 3211103 NC_002929.gbk
980 53.3 4262088 4261168 genome.dna 3214119 3213168 NC_002929.gbk
1655 54.1 4263557 4262097 genome.dna 3215522 3214115 NC_002929.gbk
1046 48.3 4264711 4263620 genome.dna 3216592 3215518 NC_002929.gbk
938 39.6 4265910 4264708 genome.dna 3217782 3216588 NC_002929.gbk
415 37.8 4267226 4265910 genome.dna 3219311 3217778 NC_002929.gbk
888 55.9 4268312 4267230 genome.dna 3220441 3219307 NC_002929.gbk
1356 40.8 4272901 4271138 genome.dna 3225031 3223300 NC_002929.gbk
345 38.8 4274647 4274189 genome.dna 3226837 3226408 NC_002929.gbk
641 58.3 4277861 4277370 genome.dna 812926 813418 NC_002929.gbk
2160 56.5 4279582 4277864 genome.dna 811200 812916 NC_002929.gbk
1035 32.8 4281750 4279945 genome.dna 1148446 1150312 NC_002929.gbk
1147 52.8 4283764 4284855 genome.dna 1559894 1560971 NC_002929.gbk
2003 63.1 4284858 4286258 genome.dna 1557744 1559148 NC_002929.gbk
735 55.1 4286272 4286874 genome.dna 1559162 1559813 NC_002929.gbk
225 31.7 4291683 4292240 genome.dna 2739705 2739180 NC_002929.gbk
947 32.2 4302196 4303860 genome.dna 3663589 3661927 NC_002929.gbk
309 33.5 4316738 4318033 genome.dna 3551009 3552569 NC_002929.gbk
782 50.8 4319027 4319845 genome.dna 3552593 3553391 NC_002929.gbk
399 47.9 4319858 4320235 genome.dna 3484758 3485154 NC_002929.gbk
732 40.8 4320238 4321083 genome.dna 328420 327586 NC_002929.gbk
445 45.3 4323873 4323391 genome.dna 3365694 3366198 NC_002929.gbk
4787 67.9 4330684 4327460 genome.dna 1527174 1530417 NC_002929.gbk
1540 62.9 4331847 4330699 genome.dna 1526066 1527164 NC_002929.gbk
933 55.8 4333114 4332293 genome.dna 2657317 2658127 NC_002929.gbk
1299 62.5 4334402 4333452 genome.dna 1299291 1300269 NC_002929.gbk
415 41.3 4335368 4334856 genome.dna 1837606 1837099 NC_002929.gbk
1695 50.9 4338181 4335368 genome.dna 1840470 1837608 NC_002929.gbk
901 48.2 4339154 4338213 genome.dna 1841425 1840459 NC_002929.gbk
280 52.3 4339580 4339843 genome.dna 2949576 2949840 NC_002929.gbk
1234 57.9 4343498 4342359 genome.dna 2647758 2646600 NC_002929.gbk
2968 71.7 4345514 4343607 genome.dna 2649784 2647858 NC_002929.gbk
883 68.9 4348720 4348133 genome.dna 1060744 1061395 NC_002929.gbk
906 53.9 4351702 4352475 genome.dna 2593872 2593098 NC_002929.gbk
545 30.2 4353827 4352538 genome.dna 2958828 2957421 NC_002929.gbk
365 31.8 4362071 4361421 genome.dna 1532083 1531438 NC_002929.gbk
650 38.1 4370100 4369195 genome.dna 510626 511550 NC_002929.gbk
1410 55.2 4372650 4371418 genome.dna 154987 153766 NC_002929.gbk
806 57.0 4373604 4372945 genome.dna 2479134 2478453 NC_002929.gbk
358 33.8 4376373 4375759 genome.dna 570524 571160 NC_002929.gbk
548 38.1 4377440 4376580 genome.dna 2000733 2001567 NC_002929.gbk
1495 61.2 4379941 4378778 genome.dna 1046783 1047977 NC_002929.gbk
1134 48.3 4381030 4380014 genome.dna 1045655 1046666 NC_002929.gbk
1743 69.3 4388480 4389631 genome.dna 3273950 3272786 NC_002929.gbk
668 47.2 4390561 4391259 genome.dna 2717933 2718707 NC_002929.gbk
432 33.9 4391555 4392289 genome.dna 1043407 1042666 NC_002929.gbk
931 47.6 4392301 4393260 genome.dna 1577420 1578377 NC_002929.gbk
486 40.4 4393344 4393907 genome.dna 323551 324157 NC_002929.gbk
392 48.5 4393907 4394326 genome.dna 324149 324551 NC_002929.gbk
890 46.5 4395434 4394430 genome.dna 903627 902607 NC_002929.gbk
1614 55.4 4395604 4396995 genome.dna 3190724 3192095 NC_002929.gbk
1712 58.4 4398393 4397095 genome.dna 2309922 2308614 NC_002929.gbk
400 34.3 4399815 4398820 genome.dna 2312227 2311327 NC_002929.gbk
678 39.5 4401072 4399819 genome.dna 2313550 2312245 NC_002929.gbk
1176 54.6 4402445 4401165 genome.dna 2314622 2313515 NC_002929.gbk
1029 53.2 4403893 4402952 genome.dna 251785 250843 NC_002929.gbk
1092 37.7 4405841 4403886 genome.dna 253671 251781 NC_002929.gbk
446 46.6 4408042 4407560 genome.dna 256391 255854 NC_002929.gbk
365 36.2 4413698 4413135 genome.dna 3763764 3763215 NC_002929.gbk
392 31.7 4419630 4418704 genome.dna 288756 287829 NC_002929.gbk
754 60.7 4435345 4434803 genome.dna 2851906 2851360 NC_002929.gbk
650 39.5 4435653 4436702 genome.dna 2853212 2854115 NC_002929.gbk
898 50.3 4436846 4437871 genome.dna 1366289 1365395 NC_002929.gbk
120 39.5 4447435 4447304 genome.dna 531459 531591 NC_002929.gbk
386 33.9 4448185 4447619 genome.dna 2121619 2121061 NC_002929.gbk
1083 37.7 4451372 4449723 genome.dna 3349717 3351283 NC_002929.gbk
988 34.1 4455241 4453595 genome.dna 1325261 1323599 NC_002929.gbk
1294 36.2 4459180 4457075 genome.dna 2069974 2067865 NC_002929.gbk
613 38.9 4460329 4459373 genome.dna 2603705 2604680 NC_002929.gbk
2864 59.9 4464530 4460847 genome.dna 3811441 3807667 NC_002929.gbk
414 30.6 4464724 4465554 genome.dna 3646034 3646883 NC_002929.gbk
2059 71.2 4468982 4467675 genome.dna 2206954 2208277 NC_002929.gbk
362 37.4 4477982 4478530 genome.dna 2517942 2518464 NC_002929.gbk
773 48.7 4479596 4478769 genome.dna 3195587 3196451 NC_002929.gbk
253 38.3 4481228 4480755 genome.dna 465139 465598 NC_002929.gbk
745 43.0 4482321 4481200 genome.dna 561603 562716 NC_002929.gbk
583 51.5 4482450 4482959 genome.dna 559529 559016 NC_002929.gbk
960 53.5 4482986 4483933 genome.dna 558951 558012 NC_002929.gbk
897 37.8 4484001 4485290 genome.dna 574782 576117 NC_002929.gbk
1471 49.6 4485347 4486723 genome.dna 579749 581129 NC_002929.gbk
256 46.9 4486815 4487225 genome.dna 283685 284144 NC_002929.gbk
573 67.9 4488068 4487676 genome.dna 3847297 3847693 NC_002929.gbk
1323 61.9 4489098 4488109 genome.dna 3846152 3847139 NC_002929.gbk
900 64.3 4489744 4489124 genome.dna 3845315 3845939 NC_002929.gbk
666 70.7 4490164 4489775 genome.dna 3844902 3845304 NC_002929.gbk
503 62.3 4490537 4490181 genome.dna 3844521 3844887 NC_002929.gbk
208 73.7 4490800 4490684 genome.dna 3844366 3844480 NC_002929.gbk
1920 66.6 4492165 4490834 genome.dna 3842778 3844104 NC_002929.gbk
584 62.7 4492607 4492173 genome.dna 3842323 3842764 NC_002929.gbk
176 50.9 4492790 4492611 genome.dna 3842128 3842314 NC_002929.gbk
689 65.6 4493297 4492797 genome.dna 3841600 3842125 NC_002929.gbk
405 55.0 4493665 4493312 genome.dna 3841222 3841585 NC_002929.gbk
656 57.6 4494208 4493675 genome.dna 3840667 3841201 NC_002929.gbk
579 64.1 4494614 4494222 genome.dna 3840261 3840657 NC_002929.gbk
416 60.4 4494953 4494648 genome.dna 3839945 3840251 NC_002929.gbk
856 65.7 4495506 4494967 genome.dna 3839393 3839933 NC_002929.gbk
373 58.6 4495835 4495521 genome.dna 3839060 3839381 NC_002929.gbk
611 75.6 4496217 4495846 genome.dna 3838681 3839050 NC_002929.gbk
295 55.8 4496635 4496381 genome.dna 3834963 3835245 NC_002929.gbk
215 58.1 4496826 4496635 genome.dna 3834770 3834962 NC_002929.gbk
691 76.5 4497236 4496826 genome.dna 3834343 3834760 NC_002929.gbk
1011 60.5 4497950 4497249 genome.dna 3833549 3834341 NC_002929.gbk
415 66.4 4498300 4497968 genome.dna 3833210 3833540 NC_002929.gbk
472 70.3 4498593 4498315 genome.dna 3832931 3833207 NC_002929.gbk
1301 67.2 4499431 4498610 genome.dna 3832091 3832919 NC_002929.gbk
307 53.8 4499751 4499449 genome.dna 3831794 3832091 NC_002929.gbk
740 58.8 4500353 4499748 genome.dna 3831180 3831798 NC_002929.gbk
884 64.9 4500993 4500364 genome.dna 3830531 3831176 NC_002929.gbk
524 76.5 4501337 4501026 genome.dna 3829817 3830129 NC_002929.gbk
636 61.8 4502117 4501644 genome.dna 174094 173617 NC_002929.gbk
3389 72.6 4505956 4503842 genome.dna 3826384 3828487 NC_002929.gbk
722 66.7 4506523 4506053 genome.dna 3825896 3826367 NC_002929.gbk
683 80.5 4506994 4506620 genome.dna 3825355 3825733 NC_002929.gbk
1276 74.1 4514856 4514044 genome.dna 1384933 1385749 NC_002929.gbk
1989 49.1 4523306 4525213 genome.dna 1853616 1851690 NC_002929.gbk
391 47.4 4528763 4528356 genome.dna 3364208 3364646 NC_002929.gbk
970 41.2 4531124 4529898 genome.dna 456776 455585 NC_002929.gbk
826 64.0 4531820 4531245 genome.dna 3481385 3480821 NC_002929.gbk
436 34.1 4558484 4557780 genome.dna 3483929 3483224 NC_002929.gbk
1042 71.4 4559154 4558477 genome.dna 3484674 3483936 NC_002929.gbk
1144 53.7 4562421 4561336 genome.dna 3862914 3863991 NC_002929.gbk
1468 39.2 4567199 4569754 genome.dna 3862166 3859721 NC_002929.gbk
284 36.2 4574406 4575275 genome.dna 2518513 2519428 NC_002929.gbk
1051 67.7 4579442 4578723 genome.dna 3765991 3765256 NC_002929.gbk
382 43.5 4592217 4591738 genome.dna 1174202 1174757 NC_002929.gbk
2948 60.4 4597892 4600225 genome.dna 1209901 1207525 NC_002929.gbk
281 36.4 4613483 4614184 genome.dna 606769 607384 NC_002929.gbk
775 49.0 4620311 4619553 genome.dna 2801010 2801799 NC_002929.gbk
439 32.9 4622349 4623851 genome.dna 2801838 2803443 NC_002929.gbk
1473 47.0 4637576 4635600 genome.dna 1397444 1395323 NC_002929.gbk
2503 52.5 4639754 4637577 genome.dna 1399644 1397448 NC_002929.gbk
1639 66.0 4644844 4643741 genome.dna 1561157 1562288 NC_002929.gbk
808 51.1 4651246 4650551 genome.dna 1680068 1680767 NC_002929.gbk
521 40.5 4660865 4661485 genome.dna 170542 171172 NC_002929.gbk
1604 47.3 4664050 4662224 genome.dna 3631811 3629990 NC_002929.gbk
1718 47.9 4672431 4670269 genome.dna 1846365 1848666 NC_002929.gbk
483 49.3 4675687 4674863 genome.dna 3276017 3276929 NC_002929.gbk
243 33.3 4676010 4676330 genome.dna 3859335 3859665 NC_002929.gbk
750 33.2 4677558 4676383 genome.dna 2752400 2751158 NC_002929.gbk
1089 58.7 4680620 4681561 genome.dna 2689328 2688383 NC_002929.gbk
1215 52.5 4702353 4701286 genome.dna 107392 106330 NC_002929.gbk
574 31.5 4703612 4702350 genome.dna 3361479 3360204 NC_002929.gbk
484 36.3 4704862 4703738 genome.dna 89103 88014 NC_002929.gbk
1989 70.1 4708658 4707399 genome.dna 1335508 1334251 NC_002929.gbk
1767 48.6 4714432 4712411 genome.dna 3510554 3512624 NC_002929.gbk
4688 61.9 4718921 4714953 genome.dna 2920522 2916700 NC_002929.gbk
796 44.4 4721531 4720644 genome.dna 3657770 3656858 NC_002929.gbk
1758 51.8 4728119 4726569 genome.dna 138035 136526 NC_002929.gbk
3014 73.4 4729969 4728119 genome.dna 294402 296262 NC_002929.gbk
1009 50.0 4730969 4730043 genome.dna 3606669 3607590 NC_002929.gbk
1409 48.8 4733613 4735139 genome.dna 2902543 2901041 NC_002929.gbk
565 30.4 4750000 4748153 genome.dna 3811777 3813667 NC_002929.gbk
776 42.8 4755209 4754301 genome.dna 1695860 1696814 NC_002929.gbk
718 42.1 4756712 4755816 genome.dna 3269201 3268358 NC_002929.gbk
1492 39.2 4770998 4773196 genome.dna 3508469 3510512 NC_002929.gbk
779 69.4 4775884 4776414 genome.dna 3287959 3288499 NC_002929.gbk
1840 63.8 4776424 4777755 genome.dna 3288520 3289855 NC_002929.gbk
1814 54.3 4781238 4782749 genome.dna 4032292 4033819 NC_002929.gbk
460 32.5 4784192 4784938 genome.dna 1686782 1687559 NC_002929.gbk
713 49.0 4786326 4787093 genome.dna 824317 825064 NC_002929.gbk
477 48.7 4834867 4834403 genome.dna 607458 607929 NC_002929.gbk
770 49.6 4837408 4836659 genome.dna 1815190 1814440 NC_002929.gbk
1302 57.8 4838481 4837408 genome.dna 1357215 1358304 NC_002929.gbk
1191 61.5 4839358 4838507 genome.dna 1356311 1357163 NC_002929.gbk
1192 59.3 4840266 4839379 genome.dna 1355410 1356292 NC_002929.gbk
1610 54.7 4841673 4840339 genome.dna 1353920 1355234 NC_002929.gbk
929 39.8 4859267 4858077 genome.dna 566763 565521 NC_002929.gbk
1066 70.0 4859998 4859297 genome.dna 1346832 1346130 NC_002929.gbk
1041 59.3 4860774 4860004 genome.dna 1347600 1346832 NC_002929.gbk
1591 58.7 4862045 4860771 genome.dna 1348835 1347596 NC_002929.gbk
1237 60.7 4862968 4862042 genome.dna 1349761 1348834 NC_002929.gbk
1236 50.8 4864237 4863125 genome.dna 1359542 1358414 NC_002929.gbk
958 55.5 4866035 4865178 genome.dna 3958115 3957191 NC_002929.gbk
712 49.3 4867996 4867325 genome.dna 4039989 4040661 NC_002929.gbk
416 42.1 4869761 4870336 genome.dna 3685235 3684614 NC_002929.gbk
1622 39.6 4872230 4874593 genome.dna 2890401 2888064 NC_002929.gbk
174 39.1 4875073 4874828 genome.dna 1930256 1930511 NC_002929.gbk
244 33.2 4875290 4875967 genome.dna 1352880 1352298 NC_002929.gbk
874 35.3 4911222 4909444 genome.dna 261120 262875 NC_002929.gbk
651 37.0 4917573 4916662 genome.dna 2139063 2139966 NC_002929.gbk
529 32.8 4951144 4951938 genome.dna 951845 952673 NC_002929.gbk
1205 61.7 4961520 4960612 genome.dna 4071477 4070556 NC_002929.gbk
1238 53.7 4962494 4961517 genome.dna 3519489 3518511 NC_002929.gbk
1389 45.4 4967043 4965493 genome.dna 4074054 4072467 NC_002929.gbk
3068 59.5 4981440 4979023 genome.dna 503356 500902 NC_002929.gbk
972 42.6 4983694 4982594 genome.dna 504560 503450 NC_002929.gbk
1549 53.3 4985096 4983699 genome.dna 505972 504562 NC_002929.gbk
204 65.9 4985770 4985910 genome.dna 506377 506512 NC_002929.gbk
149 31.9 4985929 4986288 genome.dna 506607 506979 NC_002929.gbk
1396 39.1 4986512 4988146 genome.dna 507296 508988 NC_002929.gbk
1517 54.5 4988276 4989640 genome.dna 4074170 4075523 NC_002929.gbk
1385 48.1 4994663 4993335 genome.dna 2043862 2042602 NC_002929.gbk
1385 48.1 4994663 4993335 genome.dna 2043862 2042602 NC_002929.gbk
1750 43.6 4996675 4994660 genome.dna 2045971 2043865 NC_002929.gbk
1598 50.5 5001994 5003496 genome.dna 2452025 2453525 NC_002929.gbk
1490 52.8 5010680 5009268 genome.dna 1800553 1799260 NC_002929.gbk
1049 44.3 5015861 5014662 genome.dna 3683715 3682581 NC_002929.gbk
620 41.3 5017538 5016804 genome.dna 2478326 2477519 NC_002929.gbk
1354 75.2 5018328 5017552 genome.dna 1115310 1114533 NC_002929.gbk
1102 58.7 5019301 5018414 genome.dna 1116191 1115354 NC_002929.gbk
1318 62.9 5020260 5019301 genome.dna 1117250 1116233 NC_002929.gbk
1311 57.6 5021463 5020423 genome.dna 1118425 1117384 NC_002929.gbk
1102 67.1 5022536 5021802 genome.dna 1246279 1245541 NC_002929.gbk
840 54.0 5023303 5022533 genome.dna 1246988 1246298 NC_002929.gbk
715 50.4 5024004 5023309 genome.dna 1247670 1246980 NC_002929.gbk
1159 43.4 5026700 5027902 genome.dna 1249855 1248652 NC_002929.gbk
551 35.4 5029737 5028745 genome.dna 151556 150575 NC_002929.gbk
515 34.9 5031278 5030439 genome.dna 1248490 1247773 NC_002929.gbk
2037 53.0 5049054 5047222 genome.dna 678001 676168 NC_002929.gbk
1556 54.2 5050610 5049240 genome.dna 3941385 3940011 NC_002929.gbk
417 51.2 5053946 5053527 genome.dna 3505461 3505884 NC_002929.gbk
2414 80.2 5055348 5053966 genome.dna 3504051 3505452 NC_002929.gbk
668 52.5 5056259 5055396 genome.dna 3503103 3504009 NC_002929.gbk
2301 68.3 5057853 5056312 genome.dna 3501463 3503005 NC_002929.gbk
356 33.3 5058399 5057866 genome.dna 3500889 3501429 NC_002929.gbk
461 46.2 5058884 5058414 genome.dna 3500406 3500877 NC_002929.gbk
234 46.6 5059187 5058948 genome.dna 3500026 3500269 NC_002929.gbk
648 46.8 5060037 5059237 genome.dna 3499028 3499910 NC_002929.gbk
287 39.4 5061686 5061066 genome.dna 1916 2609 NC_002929.gbk
2839 67.6 5063659 5061770 genome.dna 0 1920 NC_002929.gbk
