1202 35.6 25826 28615 genome.dna 1100439 1103067 NC_003103.gbk
826 32.9 33859 32447 genome.dna 798208 799633 NC_003103.gbk
2133 53.0 37037 38860 genome.dna 353311 351481 NC_003103.gbk
1231 35.6 47188 45107 genome.dna 849308 847166 NC_003103.gbk
550 45.2 50956 50333 genome.dna 1092151 1091461 NC_003103.gbk
1147 61.2 98527 99441 genome.dna 1222098 1221231 NC_003103.gbk
963 32.3 99451 101520 genome.dna 1221265 1219240 NC_003103.gbk
513 40.1 110262 109636 genome.dna 735405 734775 NC_003103.gbk
823 53.0 162282 162998 genome.dna 915741 915021 NC_003103.gbk
350 40.3 165569 165111 genome.dna 535807 536254 NC_003103.gbk
181 51.8 168129 168296 genome.dna 1257225 1257054 NC_003103.gbk
745 44.1 168516 169325 genome.dna 963853 964675 NC_003103.gbk
296 31.0 174074 173307 genome.dna 295137 295986 NC_003103.gbk
505 32.9 192775 193791 genome.dna 599231 600209 NC_003103.gbk
687 45.1 222967 223722 genome.dna 963825 963078 NC_003103.gbk
758 35.5 224355 225995 genome.dna 962931 961494 NC_003103.gbk
499 33.5 226939 227694 genome.dna 1115172 1115931 NC_003103.gbk
1102 52.1 228573 229595 genome.dna 753048 752046 NC_003103.gbk
1896 53.7 230345 231841 genome.dna 1173409 1171930 NC_003103.gbk
2076 78.6 250357 251541 genome.dna 935635 934450 NC_003103.gbk
539 43.6 252164 252709 genome.dna 175027 175606 NC_003103.gbk
448 50.4 252872 253300 genome.dna 175876 176314 NC_003103.gbk
702 47.3 253304 254008 genome.dna 176319 177039 NC_003103.gbk
224 30.1 254326 254823 genome.dna 177149 177659 NC_003103.gbk
341 52.5 254890 255255 genome.dna 177809 178232 NC_003103.gbk
3512 53.6 255584 259612 genome.dna 179173 183295 NC_003103.gbk
5299 58.5 259736 263959 genome.dna 183552 187671 NC_003103.gbk
711 35.4 275283 276347 genome.dna 1268360 1267319 NC_003103.gbk
747 49.8 288581 287820 genome.dna 1245514 1244791 NC_003103.gbk
875 41.3 301263 300298 genome.dna 9921 10941 NC_003103.gbk
1259 59.2 313270 314313 genome.dna 1094760 1093719 NC_003103.gbk
272 32.6 315964 316557 genome.dna 1167566 1168214 NC_003103.gbk
839 51.5 338215 337490 genome.dna 640084 639361 NC_003103.gbk
821 40.1 340994 339921 genome.dna 642384 641424 NC_003103.gbk
530 34.7 342391 343203 genome.dna 125738 126494 NC_003103.gbk
528 34.2 343211 343993 genome.dna 124806 125586 NC_003103.gbk
216 31.0 343998 344564 genome.dna 1029371 1028921 NC_003103.gbk
1271 48.6 345980 347242 genome.dna 830364 829104 NC_003103.gbk
754 35.2 349956 348586 genome.dna 164971 166507 NC_003103.gbk
458 48.3 352201 352629 genome.dna 318958 319426 NC_003103.gbk
1779 40.6 392535 394805 genome.dna 90241 92458 NC_003103.gbk
950 39.1 463248 461737 genome.dna 189402 190905 NC_003103.gbk
1177 43.9 530287 528905 genome.dna 765029 766364 NC_003103.gbk
246 34.5 653073 653486 genome.dna 1186712 1187081 NC_003103.gbk
258 38.9 697176 697469 genome.dna 912031 911731 NC_003103.gbk
2107 60.9 697515 699164 genome.dna 911704 910057 NC_003103.gbk
514 35.1 699974 700837 genome.dna 975185 974336 NC_003103.gbk
753 38.0 726542 725589 genome.dna 1123594 1124500 NC_003103.gbk
1522 45.1 753122 751287 genome.dna 1233916 1232011 NC_003103.gbk
857 39.5 755628 756641 genome.dna 54357 53322 NC_003103.gbk
408 30.7 757677 758612 genome.dna 510276 509331 NC_003103.gbk
279 40.0 761608 761919 genome.dna 1065906 1066224 NC_003103.gbk
344 63.4 761939 762196 genome.dna 1066248 1066509 NC_003103.gbk
1040 48.0 763509 764681 genome.dna 1211379 1210290 NC_003103.gbk
532 41.9 767499 768128 genome.dna 213575 214259 NC_003103.gbk
2228 55.4 768185 770122 genome.dna 59633 61547 NC_003103.gbk
266 35.3 777307 777729 genome.dna 775074 774588 NC_003103.gbk
1175 38.3 777751 779280 genome.dna 774578 773066 NC_003103.gbk
2010 42.6 779306 782008 genome.dna 772827 770331 NC_003103.gbk
291 46.1 783547 783816 genome.dna 645256 644980 NC_003103.gbk
2219 49.6 784066 786186 genome.dna 644833 642583 NC_003103.gbk
508 34.2 839867 840766 genome.dna 1170055 1169137 NC_003103.gbk
680 33.2 841615 843360 genome.dna 726817 725053 NC_003103.gbk
402 46.6 927840 927358 genome.dna 583131 583590 NC_003103.gbk
294 30.3 927996 928442 genome.dna 216994 216553 NC_003103.gbk
947 31.6 931102 929441 genome.dna 240202 238564 NC_003103.gbk
344 37.7 932209 932796 genome.dna 915964 916501 NC_003103.gbk
297 36.4 957261 956803 genome.dna 403435 403000 NC_003103.gbk
2041 44.8 964883 967162 genome.dna 500322 502626 NC_003103.gbk
733 45.2 970301 969369 genome.dna 1263557 1264397 NC_003103.gbk
392 40.3 1096541 1097074 genome.dna 322632 322146 NC_003103.gbk
507 41.5 1099537 1100406 genome.dna 65577 64797 NC_003103.gbk
772 44.8 1143476 1142628 genome.dna 96772 97594 NC_003103.gbk
1001 56.2 1150402 1149575 genome.dna 252938 253787 NC_003103.gbk
891 52.3 1154052 1153258 genome.dna 1185366 1186146 NC_003103.gbk
421 41.6 1155257 1156108 genome.dna 113439 114369 NC_003103.gbk
749 46.3 1156279 1157004 genome.dna 205969 205228 NC_003103.gbk
522 42.5 1157130 1157687 genome.dna 204940 204379 NC_003103.gbk
563 39.4 1159320 1160081 genome.dna 578735 578027 NC_003103.gbk
624 36.2 1165447 1166469 genome.dna 9086 8045 NC_003103.gbk
421 44.8 1166572 1167027 genome.dna 7850 7412 NC_003103.gbk
685 40.5 1167032 1167820 genome.dna 7405 6610 NC_003103.gbk
457 44.9 1168997 1169593 genome.dna 268352 268934 NC_003103.gbk
1880 36.6 1169670 1173152 genome.dna 1109209 1105663 NC_003103.gbk
1194 36.3 1180703 1178139 genome.dna 402828 400155 NC_003103.gbk
423 30.6 1269779 1268505 genome.dna 65821 66985 NC_003103.gbk
739 52.3 1270601 1269999 genome.dna 447072 446463 NC_003103.gbk
589 37.2 1271755 1272822 genome.dna 288437 287339 NC_003103.gbk
1328 57.0 1272920 1274065 genome.dna 1024576 1023490 NC_003103.gbk
620 38.8 1274535 1276382 genome.dna 840125 841682 NC_003103.gbk
750 41.1 1276393 1277361 genome.dna 153860 154787 NC_003103.gbk
146 31.9 1280702 1281121 genome.dna 212970 213441 NC_003103.gbk
504 33.5 1292157 1291267 genome.dna 465253 466171 NC_003103.gbk
824 33.9 1297979 1296492 genome.dna 525812 527057 NC_003103.gbk
736 31.0 1299536 1300840 genome.dna 1208849 1210187 NC_003103.gbk
904 63.9 1301367 1301990 genome.dna 713291 712640 NC_003103.gbk
1645 63.7 1302154 1303428 genome.dna 990530 989252 NC_003103.gbk
2556 50.9 1303620 1306001 genome.dna 612991 615331 NC_003103.gbk
395 32.6 1310544 1309849 genome.dna 991959 991272 NC_003103.gbk
175 61.0 1322427 1322284 genome.dna 661704 661578 NC_003103.gbk
336 48.5 1332403 1332732 genome.dna 1241286 1241610 NC_003103.gbk
413 36.8 1332732 1333337 genome.dna 594179 594785 NC_003103.gbk
795 42.0 1333507 1335396 genome.dna 1203898 1205764 NC_003103.gbk
473 34.6 1335658 1336302 genome.dna 923676 923037 NC_003103.gbk
654 36.4 1358126 1357212 genome.dna 448086 447147 NC_003103.gbk
492 33.9 1363250 1362525 genome.dna 905856 906726 NC_003103.gbk
1933 48.0 1363499 1366138 genome.dna 274435 277153 NC_003103.gbk
348 36.2 1433876 1433409 genome.dna 1016391 1016862 NC_003103.gbk
598 36.4 1434853 1435731 genome.dna 582250 583135 NC_003103.gbk
466 32.6 1436929 1437642 genome.dna 297454 298165 NC_003103.gbk
741 51.7 1459094 1458447 genome.dna 851368 852016 NC_003103.gbk
794 33.4 1466359 1465232 genome.dna 1250574 1249425 NC_003103.gbk
979 50.5 1470427 1469462 genome.dna 1056848 1055939 NC_003103.gbk
404 35.7 1471338 1470655 genome.dna 1255466 1254836 NC_003103.gbk
955 42.6 1475506 1474394 genome.dna 377067 375966 NC_003103.gbk
692 32.1 1477420 1475516 genome.dna 805010 803228 NC_003103.gbk
1976 44.4 1483266 1480684 genome.dna 572864 575372 NC_003103.gbk
644 30.2 1489354 1487825 genome.dna 488745 490245 NC_003103.gbk
489 31.9 1490240 1489362 genome.dna 1054735 1053835 NC_003103.gbk
233 35.7 1490971 1490492 genome.dna 1055255 1054751 NC_003103.gbk
1309 46.3 1493774 1492350 genome.dna 1154413 1153075 NC_003103.gbk
1784 61.9 1536355 1535069 genome.dna 1212699 1211391 NC_003103.gbk
183 32.3 1537007 1537396 genome.dna 167593 167968 NC_003103.gbk
155 33.3 1537390 1537737 genome.dna 168112 168493 NC_003103.gbk
2070 53.8 1537737 1539503 genome.dna 168626 170417 NC_003103.gbk
913 55.1 1539520 1540236 genome.dna 62229 63015 NC_003103.gbk
2568 43.1 1540513 1543320 genome.dna 236764 233977 NC_003103.gbk
993 48.1 1543336 1544562 genome.dna 233813 232625 NC_003103.gbk
1320 51.6 1544898 1546064 genome.dna 586959 585798 NC_003103.gbk
1348 69.1 1546064 1546936 genome.dna 585623 584744 NC_003103.gbk
783 33.2 1547669 1549237 genome.dna 292032 293403 NC_003103.gbk
522 41.0 1551348 1552034 genome.dna 419064 419790 NC_003103.gbk
743 32.4 1633374 1634744 genome.dna 639192 637803 NC_003103.gbk
549 32.4 1868891 1867875 genome.dna 390269 391274 NC_003103.gbk
244 31.7 2015203 2015631 genome.dna 263572 263125 NC_003103.gbk
457 31.0 2038594 2039550 genome.dna 345990 346902 NC_003103.gbk
166 49.1 2040877 2041047 genome.dna 1098592 1098391 NC_003103.gbk
813 39.8 2042130 2043083 genome.dna 1098384 1097427 NC_003103.gbk
605 35.8 2043101 2044030 genome.dna 1038014 1038959 NC_003103.gbk
723 46.3 2044045 2044779 genome.dna 1084394 1085141 NC_003103.gbk
216 45.0 2044934 2045170 genome.dna 1085305 1085566 NC_003103.gbk
1261 51.9 2045253 2046494 genome.dna 1085598 1086885 NC_003103.gbk
501 34.7 2047434 2048453 genome.dna 436549 437569 NC_003103.gbk
307 34.0 2048443 2049102 genome.dna 972568 971956 NC_003103.gbk
559 36.6 2050132 2050929 genome.dna 970381 969460 NC_003103.gbk
290 36.5 2055442 2055792 genome.dna 429146 428783 NC_003103.gbk
521 32.7 2057749 2058777 genome.dna 1014502 1013518 NC_003103.gbk
2029 33.6 2070405 2066956 genome.dna 862105 858736 NC_003103.gbk
620 45.8 2071740 2072447 genome.dna 998470 999136 NC_003103.gbk
622 30.0 2072444 2073691 genome.dna 997119 998478 NC_003103.gbk
600 42.3 2139951 2140691 genome.dna 1191781 1191088 NC_003103.gbk
241 39.8 2140906 2141388 genome.dna 842645 843032 NC_003103.gbk
807 31.7 2141385 2143340 genome.dna 1002597 1004586 NC_003103.gbk
336 45.7 2186467 2186817 genome.dna 1059341 1059005 NC_003103.gbk
946 37.3 2192856 2194133 genome.dna 779154 777918 NC_003103.gbk
2645 58.1 2198282 2200954 genome.dna 1140759 1138122 NC_003103.gbk
763 45.3 2239913 2239125 genome.dna 488670 487887 NC_003103.gbk
607 33.4 2322430 2321456 genome.dna 612909 611877 NC_003103.gbk
1286 43.3 2338271 2339743 genome.dna 604612 606040 NC_003103.gbk
1155 50.8 2487322 2486231 genome.dna 872300 871160 NC_003103.gbk
453 38.0 2488039 2487452 genome.dna 873444 872886 NC_003103.gbk
1129 54.4 2492889 2493971 genome.dna 728010 726942 NC_003103.gbk
831 45.6 2496092 2496946 genome.dna 83289 84114 NC_003103.gbk
1408 49.9 2503696 2505084 genome.dna 99915 98517 NC_003103.gbk
336 36.2 2507977 2507444 genome.dna 818552 818045 NC_003103.gbk
1744 57.6 2563367 2561970 genome.dna 937492 938884 NC_003103.gbk
734 56.3 2585970 2586605 genome.dna 1059394 1060027 NC_003103.gbk
494 32.0 2645457 2646263 genome.dna 954955 955738 NC_003103.gbk
213 49.2 2702947 2702738 genome.dna 947064 946851 NC_003103.gbk
176 30.5 2728844 2728548 genome.dna 1015305 1015017 NC_003103.gbk
695 33.9 2731236 2728849 genome.dna 568271 570728 NC_003103.gbk
1142 49.5 2732234 2731251 genome.dna 567225 568275 NC_003103.gbk
434 58.3 2732903 2732547 genome.dna 876193 876547 NC_003103.gbk
547 50.0 2733782 2733240 genome.dna 730004 729530 NC_003103.gbk
2232 50.2 2735713 2733785 genome.dna 300066 301974 NC_003103.gbk
770 36.2 2757088 2758194 genome.dna 410255 411368 NC_003103.gbk
1225 34.1 2791079 2789028 genome.dna 379412 377222 NC_003103.gbk
692 42.3 2801685 2802443 genome.dna 1194603 1195305 NC_003103.gbk
408 30.2 2802440 2803225 genome.dna 905727 904965 NC_003103.gbk
1192 54.9 2809298 2808294 genome.dna 522798 523863 NC_003103.gbk
290 33.2 2809923 2809306 genome.dna 521233 521845 NC_003103.gbk
324 40.8 2810663 2810151 genome.dna 159013 159487 NC_003103.gbk
686 44.4 2811487 2810744 genome.dna 661497 660609 NC_003103.gbk
1536 41.3 2813755 2811956 genome.dna 192492 194340 NC_003103.gbk
1008 32.9 2838878 2837343 genome.dna 843882 845550 NC_003103.gbk
1161 35.2 2854450 2852540 genome.dna 1087166 1088948 NC_003103.gbk
301 35.4 2884168 2883416 genome.dna 514926 514185 NC_003103.gbk
1167 32.6 2887241 2885457 genome.dna 523855 525619 NC_003103.gbk
1583 41.9 2925698 2924025 genome.dna 715112 713405 NC_003103.gbk
351 34.0 2926492 2925815 genome.dna 716026 715366 NC_003103.gbk
1070 48.7 2975613 2974318 genome.dna 1115908 1117186 NC_003103.gbk
1113 54.3 2982496 2983455 genome.dna 602502 603435 NC_003103.gbk
317 65.7 2988043 2988261 genome.dna 1167339 1167555 NC_003103.gbk
654 43.1 3002258 3001431 genome.dna 1256206 1255462 NC_003103.gbk
366 35.3 3046334 3045672 genome.dna 517648 518218 NC_003103.gbk
354 34.2 3072423 3072995 genome.dna 324084 324651 NC_003103.gbk
360 33.1 3109585 3110331 genome.dna 200091 199365 NC_003103.gbk
775 32.4 3120851 3119523 genome.dna 425827 424291 NC_003103.gbk
1031 68.0 3140808 3141479 genome.dna 1223495 1222865 NC_003103.gbk
594 46.8 3154559 3153852 genome.dna 197824 197113 NC_003103.gbk
2463 56.5 3161386 3159374 genome.dna 271073 269087 NC_003103.gbk
197 32.3 3195210 3194782 genome.dna 381514 381109 NC_003103.gbk
367 37.3 3228583 3228035 genome.dna 68862 69408 NC_003103.gbk
915 35.6 3230474 3228642 genome.dna 815473 813553 NC_003103.gbk
480 35.0 3320342 3321007 genome.dna 170562 171219 NC_003103.gbk
864 36.3 3373687 3372152 genome.dna 1130856 1132338 NC_003103.gbk
1172 36.5 3375638 3373788 genome.dna 1128720 1130703 NC_003103.gbk
255 40.0 3375937 3375635 genome.dna 1128397 1128730 NC_003103.gbk
792 43.2 3378041 3377067 genome.dna 1135491 1134471 NC_003103.gbk
1160 44.8 3382301 3380952 genome.dna 154951 156217 NC_003103.gbk
284 36.6 3385876 3385436 genome.dna 480719 480320 NC_003103.gbk
666 53.3 3408161 3407589 genome.dna 756238 756814 NC_003103.gbk
579 42.2 3415469 3414618 genome.dna 1231916 1231178 NC_003103.gbk
637 33.1 3416479 3415469 genome.dna 428791 427774 NC_003103.gbk
561 31.2 3514279 3513113 genome.dna 1110674 1109375 NC_003103.gbk
802 42.4 3516455 3517318 genome.dna 621319 620452 NC_003103.gbk
1119 44.0 3519048 3517663 genome.dna 110729 112109 NC_003103.gbk
263 33.9 3571239 3571790 genome.dna 991118 990566 NC_003103.gbk
726 31.7 3592378 3593766 genome.dna 952907 954281 NC_003103.gbk
444 33.9 3599984 3598497 genome.dna 956202 957546 NC_003103.gbk
940 37.0 3603229 3601955 genome.dna 412970 414290 NC_003103.gbk
495 51.4 3608433 3608005 genome.dna 76544 76967 NC_003103.gbk
256 45.8 3616630 3616295 genome.dna 265949 265610 NC_003103.gbk
254 30.2 3619075 3618557 genome.dna 268291 267790 NC_003103.gbk
338 43.4 3619470 3619147 genome.dna 701527 701194 NC_003103.gbk
672 75.0 3619938 3619552 genome.dna 701926 701530 NC_003103.gbk
1628 59.5 3621177 3619963 genome.dna 703310 702077 NC_003103.gbk
354 41.1 3621953 3621459 genome.dna 704947 704527 NC_003103.gbk
311 39.2 3651787 3651263 genome.dna 1192302 1191795 NC_003103.gbk
270 37.3 3680225 3679845 genome.dna 828543 828147 NC_003103.gbk
596 39.4 3682691 3681786 genome.dna 157876 158896 NC_003103.gbk
394 32.3 3683368 3682688 genome.dna 157200 157884 NC_003103.gbk
2351 57.0 3686442 3684643 genome.dna 366750 368553 NC_003103.gbk
1036 35.1 3698228 3696813 genome.dna 907024 908566 NC_003103.gbk
311 38.8 3729128 3729583 genome.dna 1168779 1168347 NC_003103.gbk
674 47.6 3749695 3748958 genome.dna 1032771 1033464 NC_003103.gbk
504 50.7 3749751 3750215 genome.dna 1030150 1029682 NC_003103.gbk
3100 55.0 3762599 3760023 genome.dna 49890 52464 NC_003103.gbk
725 40.3 3764478 3763501 genome.dna 1214180 1215122 NC_003103.gbk
341 53.6 3773009 3772662 genome.dna 152965 153382 NC_003103.gbk
614 43.0 3773827 3773072 genome.dna 152243 152948 NC_003103.gbk
1381 47.9 3776200 3774839 genome.dna 223585 224935 NC_003103.gbk
1851 49.4 3784972 3782345 genome.dna 1228333 1230970 NC_003103.gbk
1456 65.9 3786717 3785644 genome.dna 1083334 1084423 NC_003103.gbk
837 30.6 3933298 3934833 genome.dna 207832 206272 NC_003103.gbk
879 37.8 3956293 3958011 genome.dna 518382 519663 NC_003103.gbk
184 32.2 3986036 3985365 genome.dna 875801 875123 NC_003103.gbk
1688 46.6 4003479 4001842 genome.dna 514183 512569 NC_003103.gbk
1445 41.6 4027241 4025196 genome.dna 1023205 1021135 NC_003103.gbk
701 63.3 4039680 4040210 genome.dna 843157 843679 NC_003103.gbk
485 34.8 4050959 4050219 genome.dna 399239 400016 NC_003103.gbk
254 32.7 4059979 4059527 genome.dna 57282 57798 NC_003103.gbk
419 33.8 4068636 4067902 genome.dna 936210 936933 NC_003103.gbk
368 40.0 4071662 4071237 genome.dna 776581 777010 NC_003103.gbk
860 36.5 4114440 4115846 genome.dna 757180 758665 NC_003103.gbk
396 30.1 4115888 4116970 genome.dna 123582 124650 NC_003103.gbk
2740 57.1 4139901 4137067 genome.dna 1200359 1197491 NC_003103.gbk
1065 39.8 4231793 4230366 genome.dna 668014 669394 NC_003103.gbk
1928 52.2 4255592 4252890 genome.dna 826874 824153 NC_003103.gbk
819 42.9 4257707 4256787 genome.dna 340721 339845 NC_003103.gbk
1077 46.2 4258960 4257809 genome.dna 939889 941248 NC_003103.gbk
256 32.1 4262088 4261168 genome.dna 334394 335360 NC_003103.gbk
1242 43.5 4263557 4262097 genome.dna 331585 333043 NC_003103.gbk
1185 48.8 4268312 4267230 genome.dna 855399 854313 NC_003103.gbk
807 33.6 4271151 4269664 genome.dna 858590 857150 NC_003103.gbk
702 41.9 4274186 4273242 genome.dna 809497 808573 NC_003103.gbk
372 36.4 4319027 4319845 genome.dna 949394 948446 NC_003103.gbk
161 37.9 4339580 4339843 genome.dna 920716 920434 NC_003103.gbk
1241 49.7 4343498 4342359 genome.dna 242626 241504 NC_003103.gbk
2687 65.4 4345514 4343607 genome.dna 244638 242754 NC_003103.gbk
820 34.7 4348005 4346668 genome.dna 1262299 1263574 NC_003103.gbk
605 40.1 4351702 4352475 genome.dna 719880 719133 NC_003103.gbk
2050 55.0 4365488 4367155 genome.dna 81266 82934 NC_003103.gbk
390 31.7 4393344 4393907 genome.dna 41251 40681 NC_003103.gbk
364 31.3 4399815 4398820 genome.dna 164082 164943 NC_003103.gbk
838 32.5 4405841 4403886 genome.dna 1259279 1257446 NC_003103.gbk
497 48.3 4482450 4482959 genome.dna 279504 280032 NC_003103.gbk
741 39.1 4482986 4483933 genome.dna 280028 280940 NC_003103.gbk
445 58.7 4488068 4487676 genome.dna 921142 920731 NC_003103.gbk
936 45.7 4489098 4488109 genome.dna 922175 921152 NC_003103.gbk
440 37.6 4489744 4489124 genome.dna 465129 464511 NC_003103.gbk
463 54.0 4490164 4489775 genome.dna 922577 922193 NC_003103.gbk
373 50.9 4490537 4490181 genome.dna 922979 922601 NC_003103.gbk
1443 50.6 4492165 4490834 genome.dna 924993 923691 NC_003103.gbk
275 41.2 4492607 4492173 genome.dna 925458 924996 NC_003103.gbk
156 46.3 4492790 4492611 genome.dna 925663 925471 NC_003103.gbk
490 47.9 4493297 4492797 genome.dna 926217 925686 NC_003103.gbk
283 44.8 4493665 4493312 genome.dna 926591 926234 NC_003103.gbk
487 42.6 4494208 4493675 genome.dna 927140 926606 NC_003103.gbk
354 43.5 4494614 4494222 genome.dna 927547 927148 NC_003103.gbk
279 46.5 4494953 4494648 genome.dna 927872 927566 NC_003103.gbk
730 54.2 4495506 4494967 genome.dna 928429 927889 NC_003103.gbk
287 49.0 4495835 4495521 genome.dna 928758 928428 NC_003103.gbk
549 67.5 4496217 4495846 genome.dna 929127 928758 NC_003103.gbk
232 49.3 4496635 4496381 genome.dna 929450 929201 NC_003103.gbk
140 41.7 4496826 4496635 genome.dna 929652 929436 NC_003103.gbk
522 53.7 4497236 4496826 genome.dna 930055 929644 NC_003103.gbk
723 53.3 4497950 4497249 genome.dna 930723 930069 NC_003103.gbk
290 51.0 4498300 4497968 genome.dna 931084 930724 NC_003103.gbk
395 59.8 4498593 4498315 genome.dna 931371 931092 NC_003103.gbk
1111 59.6 4499431 4498610 genome.dna 932217 931395 NC_003103.gbk
205 41.6 4499751 4499449 genome.dna 932514 932217 NC_003103.gbk
353 33.5 4500353 4499748 genome.dna 933134 932510 NC_003103.gbk
605 44.7 4500993 4500364 genome.dna 933892 933244 NC_003103.gbk
378 58.8 4501337 4501026 genome.dna 934210 933892 NC_003103.gbk
2663 57.7 4505956 4503842 genome.dna 172289 174389 NC_003103.gbk
492 49.4 4506523 4506053 genome.dna 171795 172278 NC_003103.gbk
455 56.9 4506994 4506620 genome.dna 171379 171769 NC_003103.gbk
496 36.3 4510929 4511597 genome.dna 96055 96769 NC_003103.gbk
1528 55.9 4514011 4512740 genome.dna 1058085 1056822 NC_003103.gbk
1023 33.7 4522627 4520816 genome.dna 1158965 1157228 NC_003103.gbk
960 45.5 4557783 4556779 genome.dna 683085 682092 NC_003103.gbk
824 33.6 4567199 4569754 genome.dna 1153072 1150699 NC_003103.gbk
394 38.1 4579442 4578723 genome.dna 580975 580294 NC_003103.gbk
998 35.4 4656105 4657454 genome.dna 75224 76520 NC_003103.gbk
1605 41.9 4672431 4670269 genome.dna 607453 609415 NC_003103.gbk
447 34.9 4675687 4674863 genome.dna 564932 565745 NC_003103.gbk
191 31.2 4676010 4676330 genome.dna 437708 438020 NC_003103.gbk
1829 66.1 4708658 4707399 genome.dna 723303 721926 NC_003103.gbk
397 52.9 4709479 4709153 genome.dna 1038 1356 NC_003103.gbk
444 36.6 4730969 4730043 genome.dna 581190 582063 NC_003103.gbk
98 36.4 4770684 4770469 genome.dna 129420 129657 NC_003103.gbk
583 50.9 4775884 4776414 genome.dna 429960 430509 NC_003103.gbk
1450 53.5 4776424 4777755 genome.dna 430505 431858 NC_003103.gbk
306 36.1 4814473 4814072 genome.dna 419789 420221 NC_003103.gbk
663 36.1 4826899 4825997 genome.dna 1193203 1192282 NC_003103.gbk
635 36.8 4866035 4865178 genome.dna 408276 407394 NC_003103.gbk
785 32.3 4886675 4885383 genome.dna 231682 230482 NC_003103.gbk
2644 51.6 4981440 4979023 genome.dna 832879 830455 NC_003103.gbk
1144 42.3 4985096 4983699 genome.dna 862913 864305 NC_003103.gbk
195 67.4 4985770 4985910 genome.dna 876629 876764 NC_003103.gbk
788 34.3 4988276 4989640 genome.dna 1077909 1079247 NC_003103.gbk
1197 45.4 5026700 5027902 genome.dna 119297 118091 NC_003103.gbk
1328 68.5 5055348 5053966 genome.dna 1142836 1141336 NC_003103.gbk
228 31.1 5056259 5055396 genome.dna 1143902 1142930 NC_003103.gbk
1864 56.3 5057853 5056312 genome.dna 1145636 1144034 NC_003103.gbk
1947 49.4 5063659 5061770 genome.dna 76970 78839 NC_003103.gbk
