1383 60.9 1179 2171 genome.dna 1877939 1876946 NC_003028.gbk
475 35.6 9676 9014 genome.dna 751959 752634 NC_003028.gbk
1038 35.3 10948 12453 genome.dna 792613 794149 NC_003028.gbk
1224 38.4 25826 28615 genome.dna 31534 34168 NC_003028.gbk
454 40.6 29669 29034 genome.dna 1475969 1475381 NC_003028.gbk
718 39.3 36667 35258 genome.dna 483925 485272 NC_003028.gbk
2227 55.6 37037 38860 genome.dna 653676 655518 NC_003028.gbk
421 47.6 39698 40135 genome.dna 1541716 1541272 NC_003028.gbk
576 33.3 44746 43358 genome.dna 1755852 1757115 NC_003028.gbk
1243 40.3 47188 45107 genome.dna 1602963 1600947 NC_003028.gbk
527 42.8 50956 50333 genome.dna 1643106 1642479 NC_003028.gbk
612 30.4 59253 58054 genome.dna 703916 702740 NC_003028.gbk
1678 57.1 62838 64181 genome.dna 1232596 1233943 NC_003028.gbk
1812 61.4 77642 78994 genome.dna 738249 736902 NC_003028.gbk
540 45.3 97287 96724 genome.dna 172472 173009 NC_003028.gbk
1227 61.4 98527 99441 genome.dna 1389736 1388818 NC_003028.gbk
1088 36.3 99451 101520 genome.dna 1388607 1386570 NC_003028.gbk
838 36.0 104909 106057 genome.dna 376557 377694 NC_003028.gbk
761 53.8 110262 109636 genome.dna 725377 725983 NC_003028.gbk
353 34.7 123485 122910 genome.dna 759268 759823 NC_003028.gbk
325 31.9 140268 141428 genome.dna 680427 681564 NC_003028.gbk
199 33.6 165569 165111 genome.dna 24972 25416 NC_003028.gbk
490 34.4 166978 167643 genome.dna 1024895 1025576 NC_003028.gbk
135 40.8 168129 168296 genome.dna 2046009 2046159 NC_003028.gbk
540 35.4 168516 169325 genome.dna 916683 917508 NC_003028.gbk
372 37.8 170854 170375 genome.dna 1876353 1875864 NC_003028.gbk
786 39.9 192775 193791 genome.dna 1998784 1999801 NC_003028.gbk
2155 45.7 199780 202044 genome.dna 554097 556347 NC_003028.gbk
877 31.6 238222 239673 genome.dna 460586 459146 NC_003028.gbk
827 42.5 248939 247989 genome.dna 787608 786687 NC_003028.gbk
1982 73.4 250357 251541 genome.dna 1400527 1399330 NC_003028.gbk
413 36.2 252164 252709 genome.dna 1915266 1914729 NC_003028.gbk
586 64.8 252872 253300 genome.dna 596793 597219 NC_003028.gbk
809 52.4 253304 254008 genome.dna 597425 598115 NC_003028.gbk
320 38.0 254326 254823 genome.dna 1275553 1275052 NC_003028.gbk
358 50.0 254890 255255 genome.dna 1274977 1274608 NC_003028.gbk
2034 43.5 255584 259612 genome.dna 1869961 1866349 NC_003028.gbk
2476 45.9 259736 263959 genome.dna 1866317 1862639 NC_003028.gbk
323 56.2 277924 278196 genome.dna 1042095 1042371 NC_003028.gbk
1221 45.9 280242 278956 genome.dna 54739 56002 NC_003028.gbk
1114 49.1 281849 280260 genome.dna 53070 54618 NC_003028.gbk
482 39.5 292998 292333 genome.dna 1410599 1409957 NC_003028.gbk
291 38.2 297836 298240 genome.dna 748741 749182 NC_003028.gbk
705 37.8 301263 300298 genome.dna 2108823 2109780 NC_003028.gbk
393 30.7 303420 302533 genome.dna 1701265 1700314 NC_003028.gbk
1567 52.3 306633 305290 genome.dna 401861 403229 NC_003028.gbk
314 38.9 307112 306645 genome.dna 400945 401431 NC_003028.gbk
907 33.5 329415 330869 genome.dna 1051808 1053233 NC_003028.gbk
675 38.5 334964 334107 genome.dna 1474939 1474048 NC_003028.gbk
1274 50.0 345980 347242 genome.dna 1874532 1873248 NC_003028.gbk
481 31.8 348448 347351 genome.dna 2158823 2160005 NC_003028.gbk
540 58.6 352201 352629 genome.dna 272050 272497 NC_003028.gbk
481 50.8 352645 353037 genome.dna 272515 272908 NC_003028.gbk
649 45.9 372605 373492 genome.dna 889351 890221 NC_003028.gbk
483 33.2 386934 386071 genome.dna 571602 572484 NC_003028.gbk
815 36.6 388978 387887 genome.dna 1519379 1518293 NC_003028.gbk
385 63.5 389318 389004 genome.dna 1519731 1519404 NC_003028.gbk
375 39.9 389811 389332 genome.dna 1520193 1519743 NC_003028.gbk
504 44.4 399153 398326 genome.dna 1391982 1391139 NC_003028.gbk
743 33.0 413001 411592 genome.dna 1711686 1710366 NC_003028.gbk
2437 52.0 426927 424789 genome.dna 188668 190876 NC_003028.gbk
416 51.6 431880 431494 genome.dna 1475371 1474990 NC_003028.gbk
415 31.9 433394 432459 genome.dna 1213675 1212751 NC_003028.gbk
238 30.5 433843 434310 genome.dna 1579917 1579464 NC_003028.gbk
1150 54.4 435364 434357 genome.dna 2063425 2064442 NC_003028.gbk
1208 44.0 460910 458055 genome.dna 532603 535255 NC_003028.gbk
917 33.2 506771 505281 genome.dna 2084703 2083299 NC_003028.gbk
308 50.0 509102 508848 genome.dna 1645294 1645039 NC_003028.gbk
293 31.3 526894 527520 genome.dna 2003582 2003042 NC_003028.gbk
1362 47.7 533382 534971 genome.dna 412440 413985 NC_003028.gbk
83 41.5 536233 536394 genome.dna 1718596 1718761 NC_003028.gbk
197 39.4 697176 697469 genome.dna 1822279 1821994 NC_003028.gbk
2079 60.0 697515 699164 genome.dna 1821979 1820356 NC_003028.gbk
180 31.2 703585 703950 genome.dna 915323 915719 NC_003028.gbk
647 36.2 727813 726815 genome.dna 1394313 1395291 NC_003028.gbk
115 33.7 747822 747553 genome.dna 1156964 1156709 NC_003028.gbk
838 44.7 755628 756641 genome.dna 129406 130417 NC_003028.gbk
246 38.2 761608 761919 genome.dna 1037212 1037527 NC_003028.gbk
286 55.6 761939 762196 genome.dna 1037912 1038197 NC_003028.gbk
1037 42.6 763509 764681 genome.dna 1014600 1015905 NC_003028.gbk
415 44.2 766454 766933 genome.dna 1425285 1424802 NC_003028.gbk
207 33.7 767354 767061 genome.dna 1650198 1649886 NC_003028.gbk
1833 49.1 768185 770122 genome.dna 12369 14328 NC_003028.gbk
377 39.0 770241 771074 genome.dna 267569 268514 NC_003028.gbk
1133 43.9 771082 772419 genome.dna 1469385 1468032 NC_003028.gbk
1996 40.8 779306 782008 genome.dna 523122 525999 NC_003028.gbk
251 33.9 782083 782481 genome.dna 526249 526600 NC_003028.gbk
546 37.2 782481 783425 genome.dna 1142816 1141937 NC_003028.gbk
316 52.8 783547 783816 genome.dna 1528532 1528262 NC_003028.gbk
2035 48.6 784066 786186 genome.dna 557961 560175 NC_003028.gbk
1110 40.1 787369 789282 genome.dna 1491335 1489760 NC_003028.gbk
161 33.7 794170 793859 genome.dna 1445742 1445442 NC_003028.gbk
842 38.7 795852 797180 genome.dna 788994 790272 NC_003028.gbk
857 41.8 797270 798493 genome.dna 778423 779635 NC_003028.gbk
735 48.5 798538 799257 genome.dna 783650 784361 NC_003028.gbk
172 33.8 803045 802602 genome.dna 128979 129417 NC_003028.gbk
479 30.8 808710 809492 genome.dna 1316609 1315877 NC_003028.gbk
907 40.2 812414 811260 genome.dna 2072141 2070989 NC_003028.gbk
1127 32.1 827924 825780 genome.dna 1806632 1804469 NC_003028.gbk
460 34.5 830229 830876 genome.dna 1379247 1379895 NC_003028.gbk
1552 50.2 844582 846099 genome.dna 676621 678097 NC_003028.gbk
404 43.3 927840 927358 genome.dna 922139 922607 NC_003028.gbk
1027 31.6 931102 929441 genome.dna 1136880 1135212 NC_003028.gbk
279 33.0 932209 932796 genome.dna 496470 496995 NC_003028.gbk
78 32.8 934700 934497 genome.dna 962247 962064 NC_003028.gbk
1320 57.5 937176 936079 genome.dna 223207 224296 NC_003028.gbk
585 33.4 939859 940740 genome.dna 1581940 1581043 NC_003028.gbk
389 31.8 945698 944667 genome.dna 1761885 1762893 NC_003028.gbk
1333 42.7 953342 951408 genome.dna 544019 545858 NC_003028.gbk
296 34.4 957261 956803 genome.dna 1129371 1128855 NC_003028.gbk
1685 46.2 995970 994243 genome.dna 1115308 1113574 NC_003028.gbk
200 39.5 996273 996016 genome.dna 1115577 1115313 NC_003028.gbk
859 51.4 997695 996727 genome.dna 2130636 2131557 NC_003028.gbk
1083 55.1 1003896 1003036 genome.dna 922622 923483 NC_003028.gbk
1146 44.7 1040649 1039456 genome.dna 918099 919299 NC_003028.gbk
670 36.7 1087061 1085955 genome.dna 1161357 1160211 NC_003028.gbk
414 31.9 1100443 1101237 genome.dna 645129 645969 NC_003028.gbk
379 33.3 1154052 1153258 genome.dna 1020327 1021188 NC_003028.gbk
825 50.2 1154397 1155122 genome.dna 2135038 2134258 NC_003028.gbk
369 38.9 1155257 1156108 genome.dna 2134180 2133139 NC_003028.gbk
764 49.4 1156279 1157004 genome.dna 894368 895112 NC_003028.gbk
525 42.9 1157130 1157687 genome.dna 895120 895678 NC_003028.gbk
727 46.2 1159320 1160081 genome.dna 233380 234139 NC_003028.gbk
356 30.3 1160091 1160948 genome.dna 234147 234951 NC_003028.gbk
418 43.2 1166572 1167027 genome.dna 401427 401850 NC_003028.gbk
742 30.8 1169670 1173152 genome.dna 847058 850187 NC_003028.gbk
525 67.9 1211683 1212024 genome.dna 1505859 1505520 NC_003028.gbk
465 31.1 1248508 1249548 genome.dna 1900690 1901653 NC_003028.gbk
290 32.7 1250102 1250623 genome.dna 1293775 1293298 NC_003028.gbk
392 31.1 1254672 1255583 genome.dna 644070 645033 NC_003028.gbk
805 32.8 1265611 1266930 genome.dna 592818 594159 NC_003028.gbk
969 45.5 1271755 1272822 genome.dna 1334619 1335648 NC_003028.gbk
1303 51.6 1272920 1274065 genome.dna 1960745 1959602 NC_003028.gbk
473 47.1 1278470 1278919 genome.dna 1617320 1616846 NC_003028.gbk
720 36.4 1278982 1280091 genome.dna 171438 170337 NC_003028.gbk
547 52.2 1280201 1280677 genome.dna 168492 168024 NC_003028.gbk
255 36.9 1280702 1281121 genome.dna 407925 407502 NC_003028.gbk
564 40.1 1285528 1284617 genome.dna 1138994 1138118 NC_003028.gbk
748 55.7 1301367 1301990 genome.dna 706879 707470 NC_003028.gbk
1518 57.1 1302154 1303428 genome.dna 1477210 1475977 NC_003028.gbk
1582 41.5 1312639 1314408 genome.dna 1751937 1750191 NC_003028.gbk
1223 35.4 1314401 1316176 genome.dna 1750202 1748450 NC_003028.gbk
272 46.2 1322693 1322445 genome.dna 1230994 1231237 NC_003028.gbk
292 39.5 1329039 1329440 genome.dna 1193451 1193091 NC_003028.gbk
550 50.3 1329655 1330212 genome.dna 1483784 1483271 NC_003028.gbk
204 33.7 1332403 1332732 genome.dna 1035916 1035625 NC_003028.gbk
446 35.7 1332732 1333337 genome.dna 1572980 1572383 NC_003028.gbk
517 40.6 1335658 1336302 genome.dna 204559 205198 NC_003028.gbk
1654 48.3 1363499 1366138 genome.dna 1149855 1147386 NC_003028.gbk
352 31.8 1391405 1390635 genome.dna 650003 650759 NC_003028.gbk
398 33.5 1426894 1426256 genome.dna 51907 52453 NC_003028.gbk
1103 51.8 1427931 1426894 genome.dna 50888 51911 NC_003028.gbk
771 55.1 1428285 1428911 genome.dna 706076 706706 NC_003028.gbk
699 42.5 1429248 1430537 genome.dna 1220460 1221780 NC_003028.gbk
631 37.2 1434853 1435731 genome.dna 958149 959085 NC_003028.gbk
665 43.2 1436929 1437642 genome.dna 44500 45208 NC_003028.gbk
416 32.7 1475506 1474394 genome.dna 758034 759258 NC_003028.gbk
298 31.4 1477924 1477454 genome.dna 2158641 2158161 NC_003028.gbk
276 40.6 1478243 1477926 genome.dna 1648099 1647745 NC_003028.gbk
309 33.5 1479078 1478437 genome.dna 1649835 1649205 NC_003028.gbk
1817 43.3 1483266 1480684 genome.dna 224750 227252 NC_003028.gbk
399 32.7 1485514 1484840 genome.dna 773156 773846 NC_003028.gbk
936 48.9 1492026 1490968 genome.dna 896901 897870 NC_003028.gbk
602 32.0 1501778 1500630 genome.dna 1957535 1956383 NC_003028.gbk
422 34.2 1502595 1501795 genome.dna 1334469 1333767 NC_003028.gbk
621 46.3 1533499 1534146 genome.dna 806771 807416 NC_003028.gbk
674 38.9 1561884 1562939 genome.dna 1606546 1605514 NC_003028.gbk
899 55.9 1563766 1563014 genome.dna 1557917 1557224 NC_003028.gbk
1275 52.2 1573036 1572017 genome.dna 1509441 1508421 NC_003028.gbk
698 49.8 1599518 1600159 genome.dna 1141287 1140648 NC_003028.gbk
2208 70.6 1638449 1639855 genome.dna 353721 355146 NC_003028.gbk
879 36.4 1647128 1648552 genome.dna 1122572 1121165 NC_003028.gbk
597 42.7 1763515 1764231 genome.dna 1554511 1553809 NC_003028.gbk
1064 60.9 1827346 1826507 genome.dna 1458287 1457495 NC_003028.gbk
266 36.4 1851097 1851453 genome.dna 1192002 1191666 NC_003028.gbk
914 63.7 1990078 1989440 genome.dna 294142 293500 NC_003028.gbk
329 42.1 2009604 2010017 genome.dna 34252 34690 NC_003028.gbk
128 30.4 2010635 2010913 genome.dna 1879563 1879842 NC_003028.gbk
148 37.7 2040877 2041047 genome.dna 2045811 2045994 NC_003028.gbk
668 37.3 2041077 2042123 genome.dna 38100 39093 NC_003028.gbk
794 40.2 2042130 2043083 genome.dna 395656 396631 NC_003028.gbk
835 44.7 2043101 2044030 genome.dna 398000 398921 NC_003028.gbk
676 43.3 2044045 2044779 genome.dna 398954 399686 NC_003028.gbk
158 39.4 2044934 2045170 genome.dna 39098 39332 NC_003028.gbk
1104 43.6 2045253 2046494 genome.dna 399707 400943 NC_003028.gbk
389 40.6 2048443 2049102 genome.dna 887466 888105 NC_003028.gbk
579 37.2 2050132 2050929 genome.dna 1895163 1894389 NC_003028.gbk
2193 37.5 2070405 2066956 genome.dna 4951 8461 NC_003028.gbk
833 48.0 2077218 2077982 genome.dna 1484629 1483870 NC_003028.gbk
362 39.7 2079241 2079792 genome.dna 287259 286782 NC_003028.gbk
990 38.5 2112831 2114330 genome.dna 817296 818709 NC_003028.gbk
854 53.4 2114428 2115174 genome.dna 813518 814289 NC_003028.gbk
1213 44.1 2116495 2117718 genome.dna 815589 816816 NC_003028.gbk
1234 42.7 2121733 2120321 genome.dna 851334 852840 NC_003028.gbk
692 38.3 2122379 2123242 genome.dna 543162 544002 NC_003028.gbk
1799 57.7 2125493 2126887 genome.dna 545870 547286 NC_003028.gbk
774 30.9 2181270 2179897 genome.dna 1102795 1101433 NC_003028.gbk
379 34.1 2181519 2182154 genome.dna 170353 169717 NC_003028.gbk
267 36.6 2188157 2187750 genome.dna 908570 908951 NC_003028.gbk
1424 49.9 2192856 2194133 genome.dna 2009302 2010559 NC_003028.gbk
552 37.3 2209283 2210113 genome.dna 2040577 2039719 NC_003028.gbk
602 47.5 2216576 2217319 genome.dna 668158 668860 NC_003028.gbk
916 56.8 2218378 2219073 genome.dna 1940851 1940167 NC_003028.gbk
1025 50.3 2222606 2221689 genome.dna 745459 746386 NC_003028.gbk
728 42.8 2237016 2237987 genome.dna 1383197 1384121 NC_003028.gbk
468 45.4 2258625 2258122 genome.dna 1550485 1551004 NC_003028.gbk
454 36.7 2306210 2305560 genome.dna 366898 367531 NC_003028.gbk
286 32.0 2464656 2465162 genome.dna 890447 890966 NC_003028.gbk
1289 52.6 2487322 2486231 genome.dna 3195 4311 NC_003028.gbk
407 36.8 2488039 2487452 genome.dna 4381 4951 NC_003028.gbk
1038 50.3 2489732 2488785 genome.dna 28861 29830 NC_003028.gbk
1170 48.7 2492889 2493971 genome.dna 963448 964528 NC_003028.gbk
439 37.4 2493971 2494816 genome.dna 964527 965367 NC_003028.gbk
644 42.6 2552084 2552833 genome.dna 1823669 1822907 NC_003028.gbk
437 37.9 2585970 2586605 genome.dna 1215055 1214425 NC_003028.gbk
1450 38.4 2593132 2590532 genome.dna 1197181 1195081 NC_003028.gbk
689 35.8 2605113 2606180 genome.dna 1728751 1727746 NC_003028.gbk
1397 54.9 2607572 2608762 genome.dna 1726419 1725195 NC_003028.gbk
377 33.0 2608762 2609568 genome.dna 1725203 1724426 NC_003028.gbk
893 45.6 2628084 2627089 genome.dna 1793099 1792031 NC_003028.gbk
2323 47.0 2634501 2637176 genome.dna 1933421 1930769 NC_003028.gbk
633 49.2 2637907 2637311 genome.dna 962370 962970 NC_003028.gbk
770 44.9 2639766 2638855 genome.dna 1999822 2000722 NC_003028.gbk
1094 51.9 2654735 2655739 genome.dna 1919944 1918936 NC_003028.gbk
384 37.9 2668329 2668766 genome.dna 1942908 1942422 NC_003028.gbk
772 37.4 2697304 2698272 genome.dna 262682 261683 NC_003028.gbk
857 50.6 2698450 2699247 genome.dna 261656 260852 NC_003028.gbk
812 45.8 2699262 2700104 genome.dna 260829 259917 NC_003028.gbk
453 34.7 2702630 2701800 genome.dna 2013131 2013980 NC_003028.gbk
698 34.8 2704043 2704957 genome.dna 1549460 1550390 NC_003028.gbk
574 41.1 2712101 2712862 genome.dna 294976 294160 NC_003028.gbk
474 31.0 2715699 2716604 genome.dna 1590082 1589248 NC_003028.gbk
1006 46.8 2716618 2717745 genome.dna 1486260 1485129 NC_003028.gbk
1177 65.7 2724246 2725070 genome.dna 1341628 1340803 NC_003028.gbk
1548 35.4 2731236 2728849 genome.dna 549399 551805 NC_003028.gbk
725 47.0 2732234 2731251 genome.dna 547767 548814 NC_003028.gbk
477 62.4 2732903 2732547 genome.dna 908153 908513 NC_003028.gbk
179 48.4 2733144 2732947 genome.dna 907901 908102 NC_003028.gbk
563 52.5 2733782 2733240 genome.dna 907311 907869 NC_003028.gbk
1775 41.0 2735713 2733785 genome.dna 1530550 1532494 NC_003028.gbk
409 32.6 2741372 2740491 genome.dna 1218825 1217925 NC_003028.gbk
1443 58.2 2757088 2758194 genome.dna 121057 122179 NC_003028.gbk
1249 49.4 2765355 2764123 genome.dna 953691 952467 NC_003028.gbk
523 33.1 2766822 2767682 genome.dna 1312878 1312050 NC_003028.gbk
541 32.9 2767679 2768455 genome.dna 1312054 1311280 NC_003028.gbk
868 40.1 2768546 2769589 genome.dna 1311284 1310213 NC_003028.gbk
437 44.2 2770193 2769657 genome.dna 1378176 1377645 NC_003028.gbk
403 44.1 2777056 2776550 genome.dna 810994 811492 NC_003028.gbk
1054 37.5 2794931 2793456 genome.dna 1174551 1176039 NC_003028.gbk
239 38.1 2806364 2806672 genome.dna 281114 281429 NC_003028.gbk
1299 57.4 2809298 2808294 genome.dna 231598 232597 NC_003028.gbk
383 37.7 2809923 2809306 genome.dna 171842 172436 NC_003028.gbk
518 38.6 2811487 2810744 genome.dna 1831010 1830293 NC_003028.gbk
1715 49.2 2813755 2811956 genome.dna 2029286 2027522 NC_003028.gbk
395 35.5 2833872 2833114 genome.dna 1192999 1192366 NC_003028.gbk
688 33.5 2835515 2837245 genome.dna 1988117 1989809 NC_003028.gbk
1128 34.4 2854450 2852540 genome.dna 1464498 1462626 NC_003028.gbk
693 34.9 2864092 2865492 genome.dna 1451130 1449786 NC_003028.gbk
306 30.7 2869134 2868487 genome.dna 1544926 1545556 NC_003028.gbk
671 62.9 2890358 2889900 genome.dna 999418 999892 NC_003028.gbk
671 62.9 2890358 2889900 genome.dna 1522718 1523192 NC_003028.gbk
801 45.0 2891958 2891200 genome.dna 1776408 1777161 NC_003028.gbk
585 34.8 2892962 2891955 genome.dna 1775455 1776412 NC_003028.gbk
771 38.0 2893911 2892949 genome.dna 1774491 1775466 NC_003028.gbk
547 34.4 2894873 2893923 genome.dna 1777256 1778222 NC_003028.gbk
500 38.4 2926492 2925815 genome.dna 1506661 1505989 NC_003028.gbk
1639 43.3 2932697 2934979 genome.dna 432306 434631 NC_003028.gbk
742 43.3 2966712 2967509 genome.dna 1881715 1880920 NC_003028.gbk
1473 53.4 2975613 2974318 genome.dna 392068 390793 NC_003028.gbk
899 37.3 2977060 2975717 genome.dna 1705339 1706611 NC_003028.gbk
663 36.3 2982496 2983455 genome.dna 1375227 1374315 NC_003028.gbk
336 67.1 2988043 2988261 genome.dna 205314 205533 NC_003028.gbk
394 30.5 3003564 3004295 genome.dna 1318857 1318041 NC_003028.gbk
400 34.1 3016080 3015361 genome.dna 1614783 1614069 NC_003028.gbk
680 52.5 3019705 3020373 genome.dna 790289 790952 NC_003028.gbk
421 39.9 3046334 3045672 genome.dna 269818 270373 NC_003028.gbk
436 35.8 3069350 3068412 genome.dna 823441 824353 NC_003028.gbk
349 32.6 3072423 3072995 genome.dna 408889 408328 NC_003028.gbk
535 40.3 3084419 3083724 genome.dna 257587 258310 NC_003028.gbk
209 31.6 3108374 3107820 genome.dna 786331 785806 NC_003028.gbk
833 47.2 3148240 3147401 genome.dna 976431 977226 NC_003028.gbk
681 37.3 3150266 3149277 genome.dna 974405 975425 NC_003028.gbk
428 37.4 3154559 3153852 genome.dna 1878758 1878050 NC_003028.gbk
2400 56.9 3161386 3159374 genome.dna 1170298 1168309 NC_003028.gbk
338 34.3 3228583 3228035 genome.dna 2140885 2140339 NC_003028.gbk
710 36.7 3230474 3228642 genome.dna 585745 587590 NC_003028.gbk
1628 45.0 3364676 3363084 genome.dna 2148827 2150450 NC_003028.gbk
1719 45.9 3368339 3370030 genome.dna 1786499 1784873 NC_003028.gbk
1737 60.9 3389494 3390708 genome.dna 1898138 1896923 NC_003028.gbk
1000 42.2 3395711 3396913 genome.dna 1949065 1947874 NC_003028.gbk
626 38.0 3409858 3408341 genome.dna 49227 50670 NC_003028.gbk
546 30.8 3412525 3411257 genome.dna 183281 184532 NC_003028.gbk
701 42.0 3413548 3412631 genome.dna 403265 404132 NC_003028.gbk
506 36.2 3415469 3414618 genome.dna 1503180 1502430 NC_003028.gbk
412 32.1 3416479 3415469 genome.dna 957017 958094 NC_003028.gbk
226 36.3 3427528 3426443 genome.dna 1297771 1296604 NC_003028.gbk
1586 50.6 3487569 3486097 genome.dna 491782 490318 NC_003028.gbk
2031 48.8 3490068 3487642 genome.dna 494128 491794 NC_003028.gbk
386 33.3 3512886 3511738 genome.dna 1747543 1746316 NC_003028.gbk
878 49.1 3516455 3517318 genome.dna 774758 775616 NC_003028.gbk
1139 44.0 3519048 3517663 genome.dna 561785 563129 NC_003028.gbk
603 62.3 3521609 3522118 genome.dna 56404 56893 NC_003028.gbk
1011 58.1 3527868 3527053 genome.dna 1996107 1996860 NC_003028.gbk
801 38.3 3540580 3539417 genome.dna 1761721 1760542 NC_003028.gbk
811 36.6 3546973 3548205 genome.dna 2020744 2022016 NC_003028.gbk
1384 45.9 3548305 3549609 genome.dna 2022111 2023419 NC_003028.gbk
799 43.3 3549622 3550470 genome.dna 2023420 2024263 NC_003028.gbk
631 32.5 3573115 3574479 genome.dna 1348568 1347281 NC_003028.gbk
719 47.3 3577570 3576767 genome.dna 691257 690465 NC_003028.gbk
538 41.8 3578361 3577567 genome.dna 683025 683808 NC_003028.gbk
1790 51.7 3590632 3589055 genome.dna 1366291 1364728 NC_003028.gbk
1774 56.3 3592205 3590739 genome.dna 2147445 2145966 NC_003028.gbk
948 36.7 3592378 3593766 genome.dna 1140521 1139180 NC_003028.gbk
435 36.9 3599984 3598497 genome.dna 1614056 1612745 NC_003028.gbk
1156 41.1 3603229 3601955 genome.dna 2033722 2032432 NC_003028.gbk
755 36.7 3607701 3606505 genome.dna 726671 727757 NC_003028.gbk
332 40.1 3608433 3608005 genome.dna 1862529 1862115 NC_003028.gbk
832 35.1 3608793 3610373 genome.dna 1585132 1583614 NC_003028.gbk
758 38.0 3621177 3619963 genome.dna 829301 830444 NC_003028.gbk
1545 57.6 3635387 3634134 genome.dna 966447 967704 NC_003028.gbk
453 45.4 3651787 3651263 genome.dna 24318 24786 NC_003028.gbk
193 33.6 3680225 3679845 genome.dna 1604437 1604074 NC_003028.gbk
818 43.3 3682691 3681786 genome.dna 915735 916635 NC_003028.gbk
481 38.6 3683368 3682688 genome.dna 1183215 1182516 NC_003028.gbk
2345 56.4 3686442 3684643 genome.dna 1134404 1132580 NC_003028.gbk
707 50.7 3694571 3695257 genome.dna 1105488 1104834 NC_003028.gbk
428 37.7 3698228 3696813 genome.dna 1978082 1976621 NC_003028.gbk
781 46.4 3703917 3702925 genome.dna 1736961 1735950 NC_003028.gbk
619 42.4 3711890 3712588 genome.dna 934532 935225 NC_003028.gbk
524 44.7 3738313 3737777 genome.dna 11811 12354 NC_003028.gbk
680 35.5 3742499 3743362 genome.dna 872278 873139 NC_003028.gbk
203 37.1 3744803 3745042 genome.dna 1115927 1116146 NC_003028.gbk
2320 50.8 3745456 3747603 genome.dna 1116226 1118386 NC_003028.gbk
1154 53.4 3747628 3748590 genome.dna 1118573 1119536 NC_003028.gbk
1036 45.0 3762599 3760023 genome.dna 772514 770255 NC_003028.gbk
643 40.9 3764478 3763501 genome.dna 881294 882182 NC_003028.gbk
684 37.7 3769824 3768751 genome.dna 1605513 1604481 NC_003028.gbk
417 54.5 3773009 3772662 genome.dna 1228222 1227874 NC_003028.gbk
746 46.9 3773827 3773072 genome.dna 734230 734950 NC_003028.gbk
230 50.7 3774681 3774433 genome.dna 731795 732068 NC_003028.gbk
1460 47.1 3776200 3774839 genome.dna 1223546 1221974 NC_003028.gbk
356 36.2 3777786 3777271 genome.dna 313605 313122 NC_003028.gbk
1890 43.5 3784972 3782345 genome.dna 1308940 1306321 NC_003028.gbk
1322 60.9 3786717 3785644 genome.dna 1844574 1843407 NC_003028.gbk
1166 46.7 3882715 3881462 genome.dna 885287 886550 NC_003028.gbk
747 37.2 3883829 3882726 genome.dna 884168 885278 NC_003028.gbk
822 41.2 3889382 3888324 genome.dna 431932 430897 NC_003028.gbk
350 33.5 3913956 3913303 genome.dna 675479 674801 NC_003028.gbk
978 44.1 3952362 3953393 genome.dna 148816 149878 NC_003028.gbk
544 42.4 3953386 3954039 genome.dna 149879 150572 NC_003028.gbk
487 34.7 3954101 3954916 genome.dna 146496 147351 NC_003028.gbk
817 41.4 3956293 3958011 genome.dna 236244 238098 NC_003028.gbk
954 60.8 3966155 3966877 genome.dna 773845 774580 NC_003028.gbk
1597 58.0 4001743 4000448 genome.dna 1061769 1063074 NC_003028.gbk
1901 54.6 4003479 4001842 genome.dna 470729 472337 NC_003028.gbk
1599 37.1 4007080 4004843 genome.dna 1543968 1541745 NC_003028.gbk
805 37.4 4012636 4011491 genome.dna 1060047 1061163 NC_003028.gbk
1430 42.2 4027241 4025196 genome.dna 1046914 1048873 NC_003028.gbk
512 36.6 4036522 4035704 genome.dna 429905 430751 NC_003028.gbk
302 34.6 4037132 4037767 genome.dna 798199 797557 NC_003028.gbk
220 46.4 4060248 4060021 genome.dna 1448830 1448590 NC_003028.gbk
533 38.8 4068636 4067902 genome.dna 1373548 1374277 NC_003028.gbk
1309 32.1 4071195 4068739 genome.dna 919822 922177 NC_003028.gbk
382 30.5 4077711 4078532 genome.dna 886553 887351 NC_003028.gbk
489 42.5 4079441 4080034 genome.dna 1783002 1782399 NC_003028.gbk
665 31.1 4080027 4081166 genome.dna 1330727 1329596 NC_003028.gbk
861 33.4 4097614 4096277 genome.dna 1927870 1929166 NC_003028.gbk
199 30.7 4102382 4101120 genome.dna 1883091 1881840 NC_003028.gbk
1116 42.0 4114440 4115846 genome.dna 2124510 2123157 NC_003028.gbk
497 30.6 4115888 4116970 genome.dna 1604085 1602981 NC_003028.gbk
3551 57.4 4139901 4137067 genome.dna 176876 179708 NC_003028.gbk
224 30.6 4140147 4140710 genome.dna 1449332 1448861 NC_003028.gbk
814 36.3 4186931 4185840 genome.dna 213477 212385 NC_003028.gbk
311 33.8 4207998 4208687 genome.dna 746710 747409 NC_003028.gbk
1028 34.2 4209249 4211753 genome.dna 220064 222503 NC_003028.gbk
183 34.0 4215997 4216284 genome.dna 2042224 2041939 NC_003028.gbk
1556 54.5 4216300 4217559 genome.dna 2041927 2040580 NC_003028.gbk
462 35.7 4217612 4218277 genome.dna 222521 223190 NC_003028.gbk
921 38.6 4231793 4230366 genome.dna 1097997 1096293 NC_003028.gbk
633 40.4 4244964 4245854 genome.dna 1922992 1922119 NC_003028.gbk
551 33.4 4250428 4249388 genome.dna 1184519 1183532 NC_003028.gbk
364 34.6 4250722 4251348 genome.dna 917507 918113 NC_003028.gbk
850 45.4 4255592 4252890 genome.dna 1609140 1606626 NC_003028.gbk
1133 53.1 4258960 4257809 genome.dna 1566706 1565446 NC_003028.gbk
571 31.9 4260285 4259029 genome.dna 1568096 1566722 NC_003028.gbk
531 33.8 4262088 4261168 genome.dna 1572208 1571164 NC_003028.gbk
473 31.3 4265910 4264708 genome.dna 1001274 1002504 NC_003028.gbk
677 33.0 4267226 4265910 genome.dna 659292 660645 NC_003028.gbk
418 38.9 4268312 4267230 genome.dna 309132 310113 NC_003028.gbk
325 31.1 4271151 4269664 genome.dna 1441419 1442865 NC_003028.gbk
737 38.8 4274186 4273242 genome.dna 305595 306546 NC_003028.gbk
401 41.1 4277861 4277370 genome.dna 419140 419617 NC_003028.gbk
488 34.2 4319027 4319845 genome.dna 1889452 1888612 NC_003028.gbk
330 33.3 4323873 4323391 genome.dna 1477918 1477411 NC_003028.gbk
2820 49.1 4330684 4327460 genome.dna 1211310 1208133 NC_003028.gbk
684 45.2 4331847 4330699 genome.dna 1212702 1211622 NC_003028.gbk
241 31.4 4335368 4334856 genome.dna 880843 881305 NC_003028.gbk
2337 40.4 4338181 4335368 genome.dna 1562032 1559239 NC_003028.gbk
442 32.7 4339154 4338213 genome.dna 1039150 1040068 NC_003028.gbk
171 39.8 4339580 4339843 genome.dna 786620 786383 NC_003028.gbk
1195 49.2 4343498 4342359 genome.dna 500065 501202 NC_003028.gbk
1893 56.3 4345514 4343607 genome.dna 497483 499307 NC_003028.gbk
464 34.1 4353827 4352538 genome.dna 1968356 1966871 NC_003028.gbk
472 38.6 4373604 4372945 genome.dna 777726 778410 NC_003028.gbk
696 41.7 4379941 4378778 genome.dna 481596 482793 NC_003028.gbk
2123 50.3 4383337 4381343 genome.dna 1936999 1935022 NC_003028.gbk
1137 59.3 4388480 4389631 genome.dna 721455 722646 NC_003028.gbk
1377 47.8 4398393 4397095 genome.dna 22831 24118 NC_003028.gbk
896 41.1 4402445 4401165 genome.dna 647184 648423 NC_003028.gbk
323 35.5 4403893 4402952 genome.dna 646307 647192 NC_003028.gbk
794 31.7 4405841 4403886 genome.dna 165750 167700 NC_003028.gbk
238 33.3 4408042 4407560 genome.dna 1847945 1847501 NC_003028.gbk
411 35.2 4429982 4429287 genome.dna 1106999 1106285 NC_003028.gbk
333 32.9 4435653 4436702 genome.dna 1888611 1887732 NC_003028.gbk
1030 48.0 4471827 4470898 genome.dna 1483090 1482145 NC_003028.gbk
334 35.7 4479596 4478769 genome.dna 1299721 1298866 NC_003028.gbk
649 37.6 4482986 4483933 genome.dna 1639666 1638730 NC_003028.gbk
589 31.4 4484001 4485290 genome.dna 1638738 1637424 NC_003028.gbk
249 39.3 4486815 4487225 genome.dna 955359 954981 NC_003028.gbk
171 46.8 4488068 4487676 genome.dna 207447 207834 NC_003028.gbk
875 46.3 4489098 4488109 genome.dna 206500 207436 NC_003028.gbk
570 46.4 4489744 4489124 genome.dna 90979 91591 NC_003028.gbk
571 65.1 4490164 4489775 genome.dna 206074 206458 NC_003028.gbk
444 60.4 4490537 4490181 genome.dna 205691 206057 NC_003028.gbk
192 68.4 4490800 4490684 genome.dna 205557 205674 NC_003028.gbk
997 38.4 4492165 4490834 genome.dna 203098 204409 NC_003028.gbk
403 45.8 4492607 4492173 genome.dna 202645 203086 NC_003028.gbk
187 50.9 4492790 4492611 genome.dna 202318 202501 NC_003028.gbk
557 52.9 4493297 4492797 genome.dna 201810 202305 NC_003028.gbk
302 47.9 4493665 4493312 genome.dna 201436 201793 NC_003028.gbk
526 46.9 4494208 4493675 genome.dna 200816 201353 NC_003028.gbk
437 48.9 4494614 4494222 genome.dna 200226 200625 NC_003028.gbk
253 51.5 4494953 4494648 genome.dna 199672 199942 NC_003028.gbk
763 61.6 4495506 4494967 genome.dna 199112 199655 NC_003028.gbk
310 51.0 4495835 4495521 genome.dna 198783 199089 NC_003028.gbk
509 64.2 4496217 4495846 genome.dna 198337 198706 NC_003028.gbk
260 51.9 4496635 4496381 genome.dna 198051 198312 NC_003028.gbk
149 49.1 4496826 4496635 genome.dna 197820 198027 NC_003028.gbk
468 53.7 4497236 4496826 genome.dna 197397 197811 NC_003028.gbk
817 58.2 4497950 4497249 genome.dna 196740 197394 NC_003028.gbk
330 55.0 4498300 4497968 genome.dna 196383 196728 NC_003028.gbk
441 67.4 4498593 4498315 genome.dna 196090 196372 NC_003028.gbk
1050 56.5 4499431 4498610 genome.dna 195153 195987 NC_003028.gbk
146 40.2 4499751 4499449 genome.dna 194839 195136 NC_003028.gbk
503 41.4 4500353 4499748 genome.dna 194216 194840 NC_003028.gbk
629 52.7 4500993 4500364 genome.dna 193565 194192 NC_003028.gbk
438 62.7 4501337 4501026 genome.dna 193040 193349 NC_003028.gbk
2395 59.7 4505956 4503842 genome.dna 248431 250513 NC_003028.gbk
603 54.5 4506523 4506053 genome.dna 247536 248007 NC_003028.gbk
514 68.6 4506994 4506620 genome.dna 247103 247517 NC_003028.gbk
392 33.0 4514856 4514044 genome.dna 1565442 1564770 NC_003028.gbk
504 46.6 4531820 4531245 genome.dna 1729328 1728761 NC_003028.gbk
534 31.8 4557783 4556779 genome.dna 2148622 2147596 NC_003028.gbk
579 40.9 4559154 4558477 genome.dna 1887722 1887065 NC_003028.gbk
768 38.2 4562421 4561336 genome.dna 1298848 1297780 NC_003028.gbk
606 39.3 4579442 4578723 genome.dna 1991235 1991943 NC_003028.gbk
1351 43.8 4597892 4600225 genome.dna 860835 862965 NC_003028.gbk
398 33.5 4620311 4619553 genome.dna 822704 823445 NC_003028.gbk
305 32.9 4622349 4623851 genome.dna 2104640 2102813 NC_003028.gbk
1067 38.7 4632742 4630295 genome.dna 2018652 2016393 NC_003028.gbk
976 35.6 4634257 4632818 genome.dna 1057901 1059335 NC_003028.gbk
668 40.9 4635563 4634286 genome.dna 1055633 1056776 NC_003028.gbk
1599 37.6 4639754 4637577 genome.dna 1053715 1055644 NC_003028.gbk
348 30.4 4659594 4658794 genome.dna 265077 264264 NC_003028.gbk
1617 38.8 4672431 4670269 genome.dna 1022561 1024853 NC_003028.gbk
710 34.8 4686472 4685315 genome.dna 2004724 2003593 NC_003028.gbk
786 50.6 4687311 4686550 genome.dna 1376338 1375594 NC_003028.gbk
787 32.2 4690836 4689472 genome.dna 58270 59569 NC_003028.gbk
694 52.6 4704862 4703738 genome.dna 331772 332870 NC_003028.gbk
297 44.9 4709479 4709153 genome.dna 1694507 1694822 NC_003028.gbk
501 37.4 4729969 4728119 genome.dna 2038558 2036854 NC_003028.gbk
348 30.3 4730969 4730043 genome.dna 803300 804323 NC_003028.gbk
1599 43.9 4732978 4731332 genome.dna 417447 419148 NC_003028.gbk
548 34.0 4756712 4755816 genome.dna 556410 557277 NC_003028.gbk
688 42.0 4766891 4765731 genome.dna 1435526 1434431 NC_003028.gbk
1263 34.1 4770998 4773196 genome.dna 1642075 1639678 NC_003028.gbk
569 30.7 4773468 4774511 genome.dna 1903319 1902308 NC_003028.gbk
273 30.8 4780345 4781184 genome.dna 1402318 1401448 NC_003028.gbk
1943 55.9 4781238 4782749 genome.dna 2106190 2104681 NC_003028.gbk
656 42.3 4786326 4787093 genome.dna 1481362 1480603 NC_003028.gbk
1156 46.6 4788410 4787304 genome.dna 875518 876604 NC_003028.gbk
1148 58.6 4789295 4788411 genome.dna 876613 877489 NC_003028.gbk
1136 56.8 4825789 4824827 genome.dna 850268 851276 NC_003028.gbk
564 40.0 4829201 4829899 genome.dna 1160156 1159451 NC_003028.gbk
349 40.1 4834867 4834403 genome.dna 466593 467097 NC_003028.gbk
282 32.8 4846439 4847095 genome.dna 2083185 2082546 NC_003028.gbk
847 56.0 4859998 4859297 genome.dna 711918 712629 NC_003028.gbk
819 50.8 4860774 4860004 genome.dna 711154 711919 NC_003028.gbk
595 40.5 4862968 4862042 genome.dna 709325 710195 NC_003028.gbk
648 43.5 4867996 4867325 genome.dna 714813 715506 NC_003028.gbk
917 40.6 4869411 4868002 genome.dna 1177374 1176084 NC_003028.gbk
310 30.2 4869761 4870336 genome.dna 1876882 1876342 NC_003028.gbk
1803 53.9 4946843 4945446 genome.dna 238196 239576 NC_003028.gbk
1803 53.9 4946843 4945446 genome.dna 238196 239576 NC_003028.gbk
329 34.9 4956801 4956184 genome.dna 292459 291829 NC_003028.gbk
329 34.9 4956801 4956184 genome.dna 292459 291829 NC_003028.gbk
843 49.8 4969043 4968228 genome.dna 1225746 1226553 NC_003028.gbk
2125 63.1 4974416 4972974 genome.dna 276836 278273 NC_003028.gbk
2125 63.1 4974416 4972974 genome.dna 276836 278273 NC_003028.gbk
2125 63.1 4974416 4972974 genome.dna 276836 278273 NC_003028.gbk
286 50.0 4976401 4976096 genome.dna 1929170 1929479 NC_003028.gbk
943 37.6 4985096 4983699 genome.dna 196 1558 NC_003028.gbk
198 69.8 4985770 4985910 genome.dna 1896779 1896644 NC_003028.gbk
840 33.9 4988276 4989640 genome.dna 961928 960554 NC_003028.gbk
563 38.2 5010680 5009268 genome.dna 265212 266685 NC_003028.gbk
396 36.4 5012651 5011923 genome.dna 574912 574252 NC_003028.gbk
416 31.8 5017538 5016804 genome.dna 1996874 1997525 NC_003028.gbk
436 33.0 5019301 5018414 genome.dna 1995290 1996106 NC_003028.gbk
327 31.1 5020260 5019301 genome.dna 1323055 1322137 NC_003028.gbk
903 37.4 5026700 5027902 genome.dna 1452694 1451506 NC_003028.gbk
1410 38.9 5049054 5047222 genome.dna 239768 241577 NC_003028.gbk
1090 40.3 5050610 5049240 genome.dna 932255 933635 NC_003028.gbk
1998 66.5 5055348 5053966 genome.dna 1417876 1416469 NC_003028.gbk
591 34.4 5056259 5055396 genome.dna 1418840 1417961 NC_003028.gbk
1181 53.9 5057853 5056312 genome.dna 1420361 1418855 NC_003028.gbk
2032 49.3 5063659 5061770 genome.dna 122784 124698 NC_003028.gbk
