197 31.2 1026 565 genome.dna 781049 781484 NC_004307.gbk
618 35.5 14538 15464 genome.dna 1776831 1777794 NC_004307.gbk
1066 33.9 25826 28615 genome.dna 1201558 1198690 NC_004307.gbk
1690 52.9 36667 35258 genome.dna 1306350 1307787 NC_004307.gbk
1200 45.0 37037 38860 genome.dna 1714828 1716760 NC_004307.gbk
376 42.0 39698 40135 genome.dna 1639033 1639510 NC_004307.gbk
607 33.3 44746 43358 genome.dna 1080348 1081713 NC_004307.gbk
1000 38.8 49985 47886 genome.dna 1789876 1792222 NC_004307.gbk
411 40.4 50956 50333 genome.dna 89686 90277 NC_004307.gbk
1671 59.5 62838 64181 genome.dna 781802 783149 NC_004307.gbk
466 38.8 97287 96724 genome.dna 1192336 1192891 NC_004307.gbk
573 30.1 115831 114374 genome.dna 1596036 1597488 NC_004307.gbk
1304 43.9 117217 115898 genome.dna 2123221 2124571 NC_004307.gbk
360 34.7 117691 118689 genome.dna 2114654 2115812 NC_004307.gbk
1473 45.0 118825 120366 genome.dna 2115912 2117466 NC_004307.gbk
507 39.1 120344 121525 genome.dna 2117465 2118683 NC_004307.gbk
389 39.4 153705 152758 genome.dna 1387103 1386170 NC_004307.gbk
728 37.5 157508 156588 genome.dna 1723194 1724121 NC_004307.gbk
842 56.1 162282 162998 genome.dna 380692 379915 NC_004307.gbk
553 43.0 163345 163986 genome.dna 966580 965884 NC_004307.gbk
307 39.9 165569 165111 genome.dna 1789287 1789764 NC_004307.gbk
117 38.2 168129 168296 genome.dna 1971689 1971863 NC_004307.gbk
361 38.6 170854 170375 genome.dna 385458 385959 NC_004307.gbk
622 34.8 192775 193791 genome.dna 449429 448427 NC_004307.gbk
1687 45.9 199780 202044 genome.dna 980099 977795 NC_004307.gbk
964 31.1 212248 209609 genome.dna 755856 758610 NC_004307.gbk
177 30.2 217784 218788 genome.dna 1292620 1291525 NC_004307.gbk
1083 42.3 219661 221034 genome.dna 1284756 1283283 NC_004307.gbk
1777 66.5 250357 251541 genome.dna 1329784 1328584 NC_004307.gbk
564 62.1 252872 253300 genome.dna 1587866 1588298 NC_004307.gbk
695 45.0 253304 254008 genome.dna 1588313 1589006 NC_004307.gbk
227 31.2 254326 254823 genome.dna 1957902 1958424 NC_004307.gbk
366 54.0 254890 255255 genome.dna 1958532 1958913 NC_004307.gbk
1979 43.5 255584 259612 genome.dna 1485025 1481461 NC_004307.gbk
2070 41.8 259736 263959 genome.dna 1481294 1477256 NC_004307.gbk
745 49.0 269828 269043 genome.dna 1282729 1281859 NC_004307.gbk
1284 46.9 280242 278956 genome.dna 1362764 1364033 NC_004307.gbk
594 44.3 281849 280260 genome.dna 912965 914603 NC_004307.gbk
330 40.0 307589 307137 genome.dna 1061334 1060887 NC_004307.gbk
692 41.1 334964 334107 genome.dna 881448 882435 NC_004307.gbk
638 35.1 345980 347242 genome.dna 1559163 1560489 NC_004307.gbk
505 49.3 352201 352629 genome.dna 1986398 1986848 NC_004307.gbk
700 34.2 357036 355618 genome.dna 1009305 1007769 NC_004307.gbk
2561 42.6 361542 357046 genome.dna 1013878 1009306 NC_004307.gbk
814 45.0 399153 398326 genome.dna 1595905 1595077 NC_004307.gbk
1649 45.0 426927 424789 genome.dna 2178078 2180487 NC_004307.gbk
255 34.7 431880 431494 genome.dna 450960 450570 NC_004307.gbk
295 33.1 432443 431979 genome.dna 971406 970986 NC_004307.gbk
857 42.9 433394 432459 genome.dna 972386 971405 NC_004307.gbk
658 39.2 435364 434357 genome.dna 1287997 1287031 NC_004307.gbk
1382 49.0 485144 483705 genome.dna 438812 440285 NC_004307.gbk
373 30.9 493744 492953 genome.dna 711516 712413 NC_004307.gbk
1262 40.0 511134 509425 genome.dna 1675397 1677107 NC_004307.gbk
634 33.1 525365 524040 genome.dna 1679322 1677726 NC_004307.gbk
828 36.3 530287 528905 genome.dna 2029331 2027792 NC_004307.gbk
242 41.1 697176 697469 genome.dna 1968892 1969186 NC_004307.gbk
1847 55.0 697515 699164 genome.dna 525 2151 NC_004307.gbk
263 31.7 704061 704669 genome.dna 1617734 1617008 NC_004307.gbk
626 35.6 726542 725589 genome.dna 1206078 1205091 NC_004307.gbk
726 40.4 755628 756641 genome.dna 1811948 1812992 NC_004307.gbk
150 34.8 757206 756736 genome.dna 1287035 1286522 NC_004307.gbk
219 35.0 761608 761919 genome.dna 1581440 1581749 NC_004307.gbk
390 69.0 761939 762196 genome.dna 1581771 1582020 NC_004307.gbk
250 37.2 766454 766933 genome.dna 1236108 1235628 NC_004307.gbk
171 31.2 767354 767061 genome.dna 52178 51833 NC_004307.gbk
1695 45.2 768185 770122 genome.dna 2101584 2103675 NC_004307.gbk
403 33.0 770241 771074 genome.dna 2104431 2105307 NC_004307.gbk
1030 43.8 771082 772419 genome.dna 1443474 1442088 NC_004307.gbk
1747 36.1 779306 782008 genome.dna 2021900 2024765 NC_004307.gbk
338 57.3 783547 783816 genome.dna 1951399 1951669 NC_004307.gbk
1203 42.3 784066 786186 genome.dna 1951986 1954728 NC_004307.gbk
494 31.6 805628 804636 genome.dna 1350386 1351364 NC_004307.gbk
1428 56.7 812414 811260 genome.dna 2090434 2091586 NC_004307.gbk
328 41.7 814149 814541 genome.dna 1506366 1505952 NC_004307.gbk
590 34.7 819141 820013 genome.dna 257014 257968 NC_004307.gbk
1364 37.6 827924 825780 genome.dna 1895678 1897985 NC_004307.gbk
1470 50.6 839555 838230 genome.dna 671216 669695 NC_004307.gbk
678 39.6 839867 840766 genome.dna 1700303 1701230 NC_004307.gbk
1165 40.1 844582 846099 genome.dna 2068923 2070606 NC_004307.gbk
1344 48.8 909308 910588 genome.dna 1133340 1132023 NC_004307.gbk
1048 43.5 933233 934465 genome.dna 334342 332974 NC_004307.gbk
750 39.7 947612 946671 genome.dna 1431887 1430903 NC_004307.gbk
812 41.5 955638 953644 genome.dna 895906 893797 NC_004307.gbk
1173 40.9 995970 994243 genome.dna 520362 518682 NC_004307.gbk
191 37.7 996273 996016 genome.dna 520622 520361 NC_004307.gbk
425 30.6 1021882 1020917 genome.dna 985983 986919 NC_004307.gbk
209 34.0 1067553 1068080 genome.dna 1250706 1250208 NC_004307.gbk
373 34.4 1087227 1087946 genome.dna 2086409 2085548 NC_004307.gbk
1167 62.3 1100443 1101237 genome.dna 2081586 2082387 NC_004307.gbk
487 33.2 1154052 1153258 genome.dna 2155587 2156370 NC_004307.gbk
768 50.2 1154397 1155122 genome.dna 1879799 1880690 NC_004307.gbk
320 37.5 1155257 1156108 genome.dna 1880768 1881620 NC_004307.gbk
676 45.6 1156279 1157004 genome.dna 1881793 1882534 NC_004307.gbk
509 43.2 1157130 1157687 genome.dna 1882610 1883162 NC_004307.gbk
531 40.1 1157925 1159121 genome.dna 117191 118382 NC_004307.gbk
557 36.9 1159320 1160081 genome.dna 122200 122995 NC_004307.gbk
141 30.4 1168997 1169593 genome.dna 369038 368198 NC_004307.gbk
2248 37.1 1169670 1173152 genome.dna 151853 155423 NC_004307.gbk
343 30.5 1254672 1255583 genome.dna 2111354 2112305 NC_004307.gbk
739 37.3 1265611 1266930 genome.dna 892445 891107 NC_004307.gbk
651 39.4 1272920 1274065 genome.dna 703916 705230 NC_004307.gbk
420 44.3 1278470 1278919 genome.dna 1618251 1618728 NC_004307.gbk
714 53.1 1301367 1301990 genome.dna 1147898 1147196 NC_004307.gbk
1133 52.2 1302154 1303428 genome.dna 1147150 1145656 NC_004307.gbk
209 42.0 1306200 1306472 genome.dna 2241671 2241389 NC_004307.gbk
670 45.2 1316909 1318201 genome.dna 554197 552901 NC_004307.gbk
539 34.0 1319182 1318319 genome.dna 2108531 2107631 NC_004307.gbk
470 44.1 1329655 1330212 genome.dna 908827 909409 NC_004307.gbk
510 38.7 1332732 1333337 genome.dna 633457 632854 NC_004307.gbk
349 34.2 1335658 1336302 genome.dna 2007363 2007924 NC_004307.gbk
429 47.6 1352428 1351949 genome.dna 1695145 1694707 NC_004307.gbk
603 35.5 1356196 1353473 genome.dna 514922 517631 NC_004307.gbk
1430 43.2 1363499 1366138 genome.dna 789066 786414 NC_004307.gbk
424 35.9 1375437 1376318 genome.dna 645914 645110 NC_004307.gbk
1160 52.5 1427931 1426894 genome.dna 1361700 1362738 NC_004307.gbk
521 38.5 1428285 1428911 genome.dna 1542715 1542088 NC_004307.gbk
600 38.4 1429248 1430537 genome.dna 1104489 1103199 NC_004307.gbk
389 39.5 1433876 1433409 genome.dna 996876 996288 NC_004307.gbk
574 36.4 1434853 1435731 genome.dna 1451010 1450104 NC_004307.gbk
660 42.2 1436929 1437642 genome.dna 1339583 1340336 NC_004307.gbk
191 32.1 1468782 1468399 genome.dna 1324474 1324840 NC_004307.gbk
392 35.4 1483266 1480684 genome.dna 1801672 1804636 NC_004307.gbk
932 59.2 1484840 1484115 genome.dna 26168 26984 NC_004307.gbk
342 32.4 1485514 1484840 genome.dna 27854 28532 NC_004307.gbk
832 43.8 1492026 1490968 genome.dna 1045532 1044356 NC_004307.gbk
1010 38.6 1493774 1492350 genome.dna 1747487 1748930 NC_004307.gbk
365 30.4 1501778 1500630 genome.dna 1669769 1671053 NC_004307.gbk
568 38.5 1502595 1501795 genome.dna 1668901 1669714 NC_004307.gbk
1483 54.1 1512651 1514294 genome.dna 2038801 2037124 NC_004307.gbk
271 31.8 1533499 1534146 genome.dna 422666 421988 NC_004307.gbk
1158 44.2 1536355 1535069 genome.dna 2156643 2157936 NC_004307.gbk
1252 40.1 1537737 1539503 genome.dna 1138851 1140717 NC_004307.gbk
348 31.3 1539520 1540236 genome.dna 1140812 1141778 NC_004307.gbk
595 38.1 1544898 1546064 genome.dna 909505 910708 NC_004307.gbk
846 50.2 1546064 1546936 genome.dna 910707 911619 NC_004307.gbk
522 32.6 1561588 1560626 genome.dna 1616843 1615904 NC_004307.gbk
1157 50.7 1561884 1562939 genome.dna 417252 416019 NC_004307.gbk
883 53.5 1563766 1563014 genome.dna 2071662 2072433 NC_004307.gbk
1237 52.2 1573036 1572017 genome.dna 2056576 2057599 NC_004307.gbk
699 30.8 1598005 1595975 genome.dna 226066 227932 NC_004307.gbk
576 37.5 1598229 1599338 genome.dna 69819 70935 NC_004307.gbk
394 39.5 1600255 1600836 genome.dna 1889859 1889277 NC_004307.gbk
460 34.9 1603000 1604352 genome.dna 2203712 2205143 NC_004307.gbk
617 30.9 1611941 1613374 genome.dna 327331 329053 NC_004307.gbk
1287 64.6 1637078 1636206 genome.dna 303778 302872 NC_004307.gbk
1695 54.2 1638449 1639855 genome.dna 565248 563793 NC_004307.gbk
813 30.4 1732656 1729534 genome.dna 1188451 1191523 NC_004307.gbk
492 31.0 1734028 1732952 genome.dna 541796 542819 NC_004307.gbk
941 36.1 1761092 1762381 genome.dna 576630 575325 NC_004307.gbk
777 53.6 1763515 1764231 genome.dna 574053 573255 NC_004307.gbk
950 32.5 1800077 1801579 genome.dna 14989 16366 NC_004307.gbk
1491 43.0 1847037 1842241 genome.dna 1777809 1782543 NC_004307.gbk
207 45.2 2010635 2010913 genome.dna 1597500 1597794 NC_004307.gbk
1019 45.9 2028974 2027880 genome.dna 1495912 1494796 NC_004307.gbk
379 31.1 2044045 2044779 genome.dna 310584 309843 NC_004307.gbk
372 39.9 2048443 2049102 genome.dna 614121 613539 NC_004307.gbk
257 36.7 2055442 2055792 genome.dna 1045889 1045550 NC_004307.gbk
2174 36.3 2070405 2066956 genome.dna 1247811 1244226 NC_004307.gbk
1079 40.4 2112831 2114330 genome.dna 1055516 1054016 NC_004307.gbk
746 50.2 2114428 2115174 genome.dna 1052750 1051970 NC_004307.gbk
755 39.1 2116495 2117718 genome.dna 1051832 1050557 NC_004307.gbk
1056 41.0 2121733 2120321 genome.dna 1205011 1203481 NC_004307.gbk
1097 45.3 2192856 2194133 genome.dna 1278976 1277653 NC_004307.gbk
3177 56.7 2198282 2200954 genome.dna 1734526 1737226 NC_004307.gbk
346 42.0 2218378 2219073 genome.dna 365071 364378 NC_004307.gbk
1468 44.6 2221311 2219248 genome.dna 1098282 1095882 NC_004307.gbk
1100 39.5 2275609 2279496 genome.dna 1612310 1608173 NC_004307.gbk
627 32.6 2336995 2338260 genome.dna 1289336 1288040 NC_004307.gbk
550 40.6 2351826 2352485 genome.dna 1162092 1161405 NC_004307.gbk
651 30.2 2359305 2358133 genome.dna 2068423 2067232 NC_004307.gbk
901 56.1 2455912 2455088 genome.dna 1430888 1430057 NC_004307.gbk
1177 50.7 2487322 2486231 genome.dna 1122263 1121168 NC_004307.gbk
385 35.0 2488039 2487452 genome.dna 1248400 1247800 NC_004307.gbk
838 42.3 2489732 2488785 genome.dna 523555 524569 NC_004307.gbk
1002 46.8 2492889 2493971 genome.dna 2131208 2132297 NC_004307.gbk
256 31.6 2493971 2494816 genome.dna 2132383 2133268 NC_004307.gbk
1197 45.0 2503696 2505084 genome.dna 1037255 1035830 NC_004307.gbk
1530 46.9 2578455 2579960 genome.dna 364147 362629 NC_004307.gbk
445 39.8 2585970 2586605 genome.dna 491902 492589 NC_004307.gbk
456 36.8 2597527 2596643 genome.dna 916113 916884 NC_004307.gbk
768 32.4 2602958 2604520 genome.dna 856761 858318 NC_004307.gbk
566 32.9 2605113 2606180 genome.dna 1764046 1765093 NC_004307.gbk
412 31.1 2608762 2609568 genome.dna 935960 935084 NC_004307.gbk
2489 45.5 2634501 2637176 genome.dna 1991697 1994427 NC_004307.gbk
655 43.9 2654735 2655739 genome.dna 1696369 1695310 NC_004307.gbk
214 30.0 2655847 2656716 genome.dna 600670 599752 NC_004307.gbk
418 37.6 2701066 2701629 genome.dna 489485 490070 NC_004307.gbk
209 31.2 2707951 2708811 genome.dna 899437 898645 NC_004307.gbk
1198 36.0 2726216 2727934 genome.dna 240981 242790 NC_004307.gbk
791 33.7 2731236 2728849 genome.dna 1296045 1293435 NC_004307.gbk
318 40.8 2732234 2731251 genome.dna 1297120 1296052 NC_004307.gbk
392 50.4 2732903 2732547 genome.dna 1699805 1700189 NC_004307.gbk
116 37.7 2733144 2732947 genome.dna 1699558 1699753 NC_004307.gbk
955 36.4 2735713 2733785 genome.dna 902275 904309 NC_004307.gbk
337 30.8 2741372 2740491 genome.dna 695945 695024 NC_004307.gbk
1212 45.5 2759027 2760397 genome.dna 2245955 2244509 NC_004307.gbk
447 40.9 2770193 2769657 genome.dna 435650 436184 NC_004307.gbk
213 51.5 2786395 2786183 genome.dna 48 288 NC_004307.gbk
861 32.8 2791079 2789028 genome.dna 1504494 1501977 NC_004307.gbk
829 49.6 2791280 2792458 genome.dna 1337847 1339191 NC_004307.gbk
1101 41.3 2794931 2793456 genome.dna 559731 561399 NC_004307.gbk
1136 51.7 2809298 2808294 genome.dna 907200 908265 NC_004307.gbk
326 33.0 2809923 2809306 genome.dna 906574 907201 NC_004307.gbk
749 48.6 2811487 2810744 genome.dna 905171 905927 NC_004307.gbk
1329 44.4 2813755 2811956 genome.dna 22376 24176 NC_004307.gbk
489 32.2 2859653 2858643 genome.dna 1493612 1494629 NC_004307.gbk
311 30.3 2916384 2917283 genome.dna 932943 932091 NC_004307.gbk
574 36.4 2917289 2918617 genome.dna 1597877 1599293 NC_004307.gbk
237 30.0 2918614 2919687 genome.dna 1599289 1600450 NC_004307.gbk
129 33.5 2920770 2921360 genome.dna 1601963 1602611 NC_004307.gbk
406 32.9 2921367 2922104 genome.dna 1602680 1603406 NC_004307.gbk
681 44.0 2922086 2922862 genome.dna 855381 856152 NC_004307.gbk
430 33.6 2928002 2926713 genome.dna 1181789 1180421 NC_004307.gbk
2079 54.4 2932697 2934979 genome.dna 1157616 1155201 NC_004307.gbk
638 36.9 2966712 2967509 genome.dna 1155092 1154210 NC_004307.gbk
840 35.4 2975613 2974318 genome.dna 2045611 2046898 NC_004307.gbk
998 43.3 2977060 2975717 genome.dna 36055 37435 NC_004307.gbk
640 42.6 2982496 2983455 genome.dna 804050 803024 NC_004307.gbk
310 62.5 2988043 2988261 genome.dna 2008100 2008319 NC_004307.gbk
1000 39.5 2992855 2990582 genome.dna 9046 11656 NC_004307.gbk
390 52.4 3002657 3002334 genome.dna 708366 708033 NC_004307.gbk
400 41.3 3046334 3045672 genome.dna 2103769 2104369 NC_004307.gbk
409 32.8 3058890 3057901 genome.dna 1981197 1982214 NC_004307.gbk
502 31.6 3064423 3065496 genome.dna 1326521 1325456 NC_004307.gbk
539 35.0 3065575 3066420 genome.dna 939443 938591 NC_004307.gbk
293 32.5 3108684 3109187 genome.dna 771773 772253 NC_004307.gbk
853 34.2 3132141 3129835 genome.dna 2189157 2191521 NC_004307.gbk
1744 55.0 3139235 3137823 genome.dna 954055 955630 NC_004307.gbk
2296 54.4 3161386 3159374 genome.dna 1208358 1206246 NC_004307.gbk
608 33.3 3173816 3172911 genome.dna 1724139 1725144 NC_004307.gbk
684 44.6 3180042 3180794 genome.dna 1281783 1280973 NC_004307.gbk
280 30.6 3228583 3228035 genome.dna 1753983 1754643 NC_004307.gbk
617 38.4 3290769 3289561 genome.dna 1711885 1713133 NC_004307.gbk
383 32.7 3320342 3321007 genome.dna 94188 94935 NC_004307.gbk
863 31.6 3364676 3363084 genome.dna 858633 860235 NC_004307.gbk
872 43.2 3368339 3370030 genome.dna 1904072 1905893 NC_004307.gbk
914 42.0 3395711 3396913 genome.dna 1179021 1180251 NC_004307.gbk
663 38.5 3409858 3408341 genome.dna 1360069 1361581 NC_004307.gbk
483 35.8 3414435 3413773 genome.dna 644176 643450 NC_004307.gbk
138 31.1 3415469 3414618 genome.dna 2012170 2011258 NC_004307.gbk
220 36.0 3427528 3426443 genome.dna 1064390 1063202 NC_004307.gbk
492 30.3 3477877 3476636 genome.dna 2167694 2168918 NC_004307.gbk
602 39.7 3516455 3517318 genome.dna 1211634 1210755 NC_004307.gbk
395 39.6 3519048 3517663 genome.dna 395619 397260 NC_004307.gbk
554 53.5 3521609 3522118 genome.dna 1372041 1371534 NC_004307.gbk
476 30.5 3522115 3523185 genome.dna 1371551 1370372 NC_004307.gbk
1053 36.2 3531913 3533985 genome.dna 1549008 1546770 NC_004307.gbk
352 33.0 3540580 3539417 genome.dna 1491048 1489797 NC_004307.gbk
533 31.1 3541630 3540590 genome.dna 1492315 1491064 NC_004307.gbk
551 32.1 3549622 3550470 genome.dna 538751 537932 NC_004307.gbk
1264 32.7 3551956 3554016 genome.dna 1421954 1419878 NC_004307.gbk
504 37.0 3569781 3570509 genome.dna 1218637 1219360 NC_004307.gbk
255 34.1 3578361 3577567 genome.dna 140909 139964 NC_004307.gbk
1674 52.3 3590632 3589055 genome.dna 1168430 1170038 NC_004307.gbk
1562 50.9 3592205 3590739 genome.dna 2141456 2143094 NC_004307.gbk
470 35.0 3599984 3598497 genome.dna 917618 919010 NC_004307.gbk
1057 43.9 3604488 3603367 genome.dna 118390 119602 NC_004307.gbk
738 37.2 3607701 3606505 genome.dna 1884381 1885551 NC_004307.gbk
413 54.5 3640872 3640534 genome.dna 552900 552561 NC_004307.gbk
427 46.3 3651787 3651263 genome.dna 1895082 1895559 NC_004307.gbk
291 32.0 3682691 3681786 genome.dna 1042308 1041243 NC_004307.gbk
404 37.6 3683368 3682688 genome.dna 387900 388734 NC_004307.gbk
2191 53.5 3686442 3684643 genome.dna 1029405 1027524 NC_004307.gbk
957 38.0 3689812 3691413 genome.dna 1709354 1710986 NC_004307.gbk
538 44.6 3694571 3695257 genome.dna 2255619 2254977 NC_004307.gbk
380 32.6 3711890 3712588 genome.dna 415898 415184 NC_004307.gbk
342 31.7 3729711 3730679 genome.dna 1539091 1540231 NC_004307.gbk
479 32.8 3736813 3735875 genome.dna 1091333 1090256 NC_004307.gbk
464 41.1 3738313 3737777 genome.dna 2101024 2101588 NC_004307.gbk
539 60.0 3745052 3745459 genome.dna 826234 826642 NC_004307.gbk
3194 68.1 3745456 3747603 genome.dna 826757 828953 NC_004307.gbk
1546 70.8 3747628 3748590 genome.dna 829264 830257 NC_004307.gbk
1947 53.0 3762599 3760023 genome.dna 1536305 1538975 NC_004307.gbk
493 35.5 3764478 3763501 genome.dna 148533 149496 NC_004307.gbk
334 35.0 3773827 3773072 genome.dna 426468 427224 NC_004307.gbk
898 46.4 3776200 3774839 genome.dna 398395 400144 NC_004307.gbk
741 39.4 3784972 3782345 genome.dna 1069435 1066753 NC_004307.gbk
1408 61.9 3786717 3785644 genome.dna 1756408 1757602 NC_004307.gbk
199 32.1 3787319 3786825 genome.dna 1754654 1755188 NC_004307.gbk
1213 46.7 3882715 3881462 genome.dna 1258274 1256861 NC_004307.gbk
782 39.7 3883829 3882726 genome.dna 1583780 1584914 NC_004307.gbk
549 31.9 3918901 3920391 genome.dna 511025 509483 NC_004307.gbk
342 47.6 3921260 3920868 genome.dna 1085011 1084609 NC_004307.gbk
881 42.9 3952362 3953393 genome.dna 1163294 1162088 NC_004307.gbk
491 33.1 3954101 3954916 genome.dna 1164408 1163427 NC_004307.gbk
760 39.6 3956293 3958011 genome.dna 2149171 2150965 NC_004307.gbk
271 38.5 3963052 3962555 genome.dna 1215470 1214945 NC_004307.gbk
219 30.0 3963804 3963091 genome.dna 423551 422675 NC_004307.gbk
649 34.6 3994559 3995977 genome.dna 1366044 1364406 NC_004307.gbk
1402 53.8 4001743 4000448 genome.dna 1242989 1241690 NC_004307.gbk
1834 51.4 4003479 4001842 genome.dna 1059242 1057580 NC_004307.gbk
265 31.1 4004518 4003706 genome.dna 1032035 1031102 NC_004307.gbk
1149 49.7 4012636 4011491 genome.dna 1024839 1023618 NC_004307.gbk
839 34.6 4027241 4025196 genome.dna 66881 69644 NC_004307.gbk
449 33.5 4036522 4035704 genome.dna 899581 900466 NC_004307.gbk
479 48.1 4039680 4040210 genome.dna 488757 489252 NC_004307.gbk
256 38.7 4059979 4059527 genome.dna 521455 521008 NC_004307.gbk
409 30.8 4077711 4078532 genome.dna 1123081 1122280 NC_004307.gbk
369 38.5 4079441 4080034 genome.dna 379872 379113 NC_004307.gbk
1021 35.9 4114440 4115846 genome.dna 548943 547413 NC_004307.gbk
215 31.7 4115888 4116970 genome.dna 1396081 1394722 NC_004307.gbk
3530 56.4 4139901 4137067 genome.dna 874817 877853 NC_004307.gbk
188 30.7 4140147 4140710 genome.dna 522440 521783 NC_004307.gbk
1224 56.5 4241118 4242077 genome.dna 254107 255142 NC_004307.gbk
472 40.5 4244964 4245854 genome.dna 1710989 1711883 NC_004307.gbk
349 35.8 4250722 4251348 genome.dna 1208987 1208369 NC_004307.gbk
927 45.9 4255592 4252890 genome.dna 1759898 1762793 NC_004307.gbk
958 44.0 4258960 4257809 genome.dna 144317 145529 NC_004307.gbk
618 36.7 4263557 4262097 genome.dna 1634091 1635630 NC_004307.gbk
301 34.1 4264711 4263620 genome.dna 1632809 1633991 NC_004307.gbk
578 38.9 4268312 4267230 genome.dna 1628983 1630090 NC_004307.gbk
642 34.2 4269667 4268306 genome.dna 1627487 1628939 NC_004307.gbk
661 30.9 4272901 4271138 genome.dna 1624737 1626540 NC_004307.gbk
617 38.3 4274186 4273242 genome.dna 1623205 1624285 NC_004307.gbk
251 30.1 4274647 4274189 genome.dna 1622684 1623206 NC_004307.gbk
408 41.6 4277861 4277370 genome.dna 390878 391433 NC_004307.gbk
1439 41.4 4279582 4277864 genome.dna 388894 390862 NC_004307.gbk
624 39.0 4283764 4284855 genome.dna 1501913 1500881 NC_004307.gbk
1754 56.5 4284858 4286258 genome.dna 1552026 1553430 NC_004307.gbk
600 51.5 4286272 4286874 genome.dna 1553512 1554205 NC_004307.gbk
367 34.2 4319027 4319845 genome.dna 815729 814802 NC_004307.gbk
211 35.7 4323873 4323391 genome.dna 2082496 2083159 NC_004307.gbk
2768 52.3 4330684 4327460 genome.dna 85203 88587 NC_004307.gbk
853 44.6 4331847 4330699 genome.dna 83978 85202 NC_004307.gbk
773 45.0 4334402 4333452 genome.dna 1693609 1694668 NC_004307.gbk
208 31.6 4335368 4334856 genome.dna 148018 148534 NC_004307.gbk
242 30.2 4339154 4338213 genome.dna 2026653 2027778 NC_004307.gbk
219 43.0 4339580 4339843 genome.dna 1029551 1029812 NC_004307.gbk
617 34.9 4342070 4340889 genome.dna 1145175 1143756 NC_004307.gbk
915 38.0 4343498 4342359 genome.dna 897454 898600 NC_004307.gbk
1807 52.1 4345514 4343607 genome.dna 654626 652745 NC_004307.gbk
262 32.0 4353827 4352538 genome.dna 1259202 1260693 NC_004307.gbk
1973 53.0 4365488 4367155 genome.dna 2110522 2108842 NC_004307.gbk
1203 48.4 4372650 4371418 genome.dna 1620062 1618862 NC_004307.gbk
497 42.3 4373604 4372945 genome.dna 2031223 2030524 NC_004307.gbk
260 38.9 4378640 4377564 genome.dna 693746 694814 NC_004307.gbk
691 43.4 4379941 4378778 genome.dna 883632 884958 NC_004307.gbk
1069 56.1 4388480 4389631 genome.dna 2226983 2225762 NC_004307.gbk
117 32.4 4393907 4394326 genome.dna 1066724 1066286 NC_004307.gbk
1350 47.8 4398393 4397095 genome.dna 693531 692244 NC_004307.gbk
851 42.1 4402445 4401165 genome.dna 1613114 1614620 NC_004307.gbk
566 35.5 4403893 4402952 genome.dna 1748940 1749927 NC_004307.gbk
711 51.3 4413698 4413135 genome.dna 769185 768621 NC_004307.gbk
435 41.7 4435345 4434803 genome.dna 2143261 2143912 NC_004307.gbk
454 36.3 4448185 4447619 genome.dna 82594 83161 NC_004307.gbk
1145 48.9 4451372 4449723 genome.dna 372879 371178 NC_004307.gbk
929 44.7 4471827 4470898 genome.dna 465985 464950 NC_004307.gbk
313 32.5 4482450 4482959 genome.dna 1878999 1879488 NC_004307.gbk
587 36.0 4482986 4483933 genome.dna 2230687 2229700 NC_004307.gbk
825 45.7 4489098 4488109 genome.dna 2009548 2010544 NC_004307.gbk
417 35.5 4489744 4489124 genome.dna 1073935 1073308 NC_004307.gbk
429 53.0 4490537 4490181 genome.dna 2008604 2008982 NC_004307.gbk
169 57.9 4490800 4490684 genome.dna 2008342 2008456 NC_004307.gbk
1099 43.4 4492165 4490834 genome.dna 2005856 2007194 NC_004307.gbk
306 40.1 4492607 4492173 genome.dna 2005130 2005583 NC_004307.gbk
197 54.2 4492790 4492611 genome.dna 2004942 2005128 NC_004307.gbk
250 43.9 4493665 4493312 genome.dna 2003837 2004209 NC_004307.gbk
482 40.8 4494208 4493675 genome.dna 2003296 2003836 NC_004307.gbk
416 51.1 4494614 4494222 genome.dna 2002880 2003279 NC_004307.gbk
667 53.7 4495506 4494967 genome.dna 2002031 2002604 NC_004307.gbk
238 41.4 4495835 4495521 genome.dna 2001699 2002035 NC_004307.gbk
525 66.7 4496217 4495846 genome.dna 2001329 2001698 NC_004307.gbk
277 51.9 4496635 4496381 genome.dna 2000974 2001235 NC_004307.gbk
473 47.0 4497236 4496826 genome.dna 2000301 2000721 NC_004307.gbk
773 51.9 4497950 4497249 genome.dna 1999491 2000295 NC_004307.gbk
296 47.8 4498300 4497968 genome.dna 1999129 1999489 NC_004307.gbk
412 62.0 4498593 4498315 genome.dna 1998834 1999113 NC_004307.gbk
1029 57.0 4499431 4498610 genome.dna 1997988 1998819 NC_004307.gbk
203 42.0 4499751 4499449 genome.dna 1997655 1997952 NC_004307.gbk
679 47.8 4500993 4500364 genome.dna 1996345 1996987 NC_004307.gbk
405 56.9 4501337 4501026 genome.dna 1996020 1996329 NC_004307.gbk
2595 56.7 4505956 4503842 genome.dna 1332080 1329956 NC_004307.gbk
585 53.2 4506523 4506053 genome.dna 1332582 1332111 NC_004307.gbk
604 74.8 4506994 4506620 genome.dna 1332959 1332587 NC_004307.gbk
352 34.4 4514856 4514044 genome.dna 525529 524644 NC_004307.gbk
300 46.2 4518446 4518081 genome.dna 582691 583051 NC_004307.gbk
366 39.8 4523180 4522629 genome.dna 2175765 2175240 NC_004307.gbk
541 44.6 4531820 4531245 genome.dna 740174 739529 NC_004307.gbk
177 33.3 4539402 4538833 genome.dna 1794354 1793805 NC_004307.gbk
506 32.1 4557783 4556779 genome.dna 748711 749803 NC_004307.gbk
595 42.5 4559154 4558477 genome.dna 933949 933280 NC_004307.gbk
596 41.6 4579442 4578723 genome.dna 413470 412699 NC_004307.gbk
1124 33.2 4616966 4614891 genome.dna 1983835 1986001 NC_004307.gbk
2275 43.5 4632742 4630295 genome.dna 747531 745005 NC_004307.gbk
1115 42.4 4635563 4634286 genome.dna 1048057 1049302 NC_004307.gbk
1497 44.8 4637576 4635600 genome.dna 1196827 1194685 NC_004307.gbk
2126 45.0 4639754 4637577 genome.dna 1216388 1218602 NC_004307.gbk
1112 40.8 4664050 4662224 genome.dna 1401264 1399308 NC_004307.gbk
807 36.2 4686472 4685315 genome.dna 1161317 1160165 NC_004307.gbk
664 45.5 4702353 4701286 genome.dna 1529451 1528203 NC_004307.gbk
619 36.1 4719117 4720601 genome.dna 753458 751817 NC_004307.gbk
2340 56.8 4729969 4728119 genome.dna 2227747 2229610 NC_004307.gbk
830 37.9 4733613 4735139 genome.dna 1135562 1137098 NC_004307.gbk
699 38.1 4737467 4736505 genome.dna 45685 46708 NC_004307.gbk
700 39.7 4738477 4737467 genome.dna 44618 45689 NC_004307.gbk
1528 49.5 4739990 4738464 genome.dna 43075 44617 NC_004307.gbk
507 31.5 4741131 4740175 genome.dna 41951 42935 NC_004307.gbk
320 30.1 4748208 4747351 genome.dna 104990 104195 NC_004307.gbk
503 33.2 4756712 4755816 genome.dna 977737 976882 NC_004307.gbk
952 43.9 4766891 4765731 genome.dna 1404470 1403285 NC_004307.gbk
267 55.4 4770684 4770469 genome.dna 2130842 2131055 NC_004307.gbk
427 31.3 4777900 4778817 genome.dna 2070667 2071633 NC_004307.gbk
261 33.6 4780345 4781184 genome.dna 518449 517714 NC_004307.gbk
594 40.8 4786326 4787093 genome.dna 885014 885818 NC_004307.gbk
475 46.7 4834867 4834403 genome.dna 1487126 1487636 NC_004307.gbk
1034 47.1 4838481 4837408 genome.dna 831855 832983 NC_004307.gbk
384 32.6 4843920 4843159 genome.dna 1493204 1492307 NC_004307.gbk
801 52.8 4859998 4859297 genome.dna 2137845 2138550 NC_004307.gbk
802 49.4 4860774 4860004 genome.dna 2136985 2137846 NC_004307.gbk
841 44.7 4862968 4862042 genome.dna 2134969 2135896 NC_004307.gbk
289 35.6 4869761 4870336 genome.dna 427868 427247 NC_004307.gbk
807 38.3 4929420 4928401 genome.dna 1673131 1674223 NC_004307.gbk
807 38.3 4929420 4928401 genome.dna 1673131 1674223 NC_004307.gbk
623 35.8 4964420 4963467 genome.dna 2202690 2203611 NC_004307.gbk
1001 38.4 4985096 4983699 genome.dna 796500 794997 NC_004307.gbk
181 62.8 4985770 4985910 genome.dna 796818 796953 NC_004307.gbk
598 39.4 5010680 5009268 genome.dna 1956549 1955154 NC_004307.gbk
416 34.8 5014534 5013698 genome.dna 96445 97348 NC_004307.gbk
935 55.1 5018328 5017552 genome.dna 409112 408332 NC_004307.gbk
443 31.1 5019301 5018414 genome.dna 410130 409164 NC_004307.gbk
613 38.3 5020260 5019301 genome.dna 411116 410162 NC_004307.gbk
978 37.6 5026700 5027902 genome.dna 1585004 1586210 NC_004307.gbk
1355 42.0 5049054 5047222 genome.dna 1429816 1427923 NC_004307.gbk
993 37.3 5050610 5049240 genome.dna 1173877 1175260 NC_004307.gbk
1724 59.5 5055348 5053966 genome.dna 459257 457784 NC_004307.gbk
1103 52.1 5057853 5056312 genome.dna 461824 460192 NC_004307.gbk
246 31.1 5058884 5058414 genome.dna 463292 462770 NC_004307.gbk
