1147 37.8 25826 28615 genome.dna 3104141 3107102 NC_000911.gbk
1503 48.8 30749 32122 genome.dna 1804142 1802741 NC_000911.gbk
1841 56.8 36667 35258 genome.dna 531445 532867 NC_000911.gbk
2034 52.8 37037 38860 genome.dna 204603 206397 NC_000911.gbk
1454 40.3 47188 45107 genome.dna 2497725 2500221 NC_000911.gbk
545 47.8 50956 50333 genome.dna 84121 84697 NC_000911.gbk
380 32.8 59253 58054 genome.dna 2960756 2959529 NC_000911.gbk
604 30.0 62838 64181 genome.dna 3112516 3113803 NC_000911.gbk
1916 43.7 70479 68437 genome.dna 3336406 3338548 NC_000911.gbk
1308 63.2 98527 99441 genome.dna 2659904 2660804 NC_000911.gbk
1186 34.1 99451 101520 genome.dna 2513805 2515974 NC_000911.gbk
589 47.4 110262 109636 genome.dna 1607352 1607952 NC_000911.gbk
878 33.8 138613 140052 genome.dna 2369281 2370646 NC_000911.gbk
451 35.5 153705 152758 genome.dna 2093508 2092518 NC_000911.gbk
888 39.1 166824 165547 genome.dna 1515338 1514129 NC_000911.gbk
426 38.2 166978 167643 genome.dna 2406140 2405408 NC_000911.gbk
149 37.3 167881 168117 genome.dna 318660 318897 NC_000911.gbk
513 39.0 168516 169325 genome.dna 1982307 1983171 NC_000911.gbk
496 47.6 170854 170375 genome.dna 2867371 2867851 NC_000911.gbk
579 35.0 192775 193791 genome.dna 529695 530688 NC_000911.gbk
480 34.6 207484 206657 genome.dna 679023 678282 NC_000911.gbk
743 31.0 212248 209609 genome.dna 1997251 1994146 NC_000911.gbk
618 40.9 217784 218788 genome.dna 2890320 2889264 NC_000911.gbk
443 34.9 218826 219599 genome.dna 848073 848967 NC_000911.gbk
1341 48.4 219661 221034 genome.dna 783378 784764 NC_000911.gbk
395 30.6 222967 223722 genome.dna 282223 281506 NC_000911.gbk
449 33.6 226939 227694 genome.dna 2532430 2531665 NC_000911.gbk
1063 50.6 228573 229595 genome.dna 1643271 1642287 NC_000911.gbk
1515 45.7 230345 231841 genome.dna 331060 329554 NC_000911.gbk
1980 74.1 250357 251541 genome.dna 1916473 1915273 NC_000911.gbk
366 40.4 252164 252709 genome.dna 926033 925415 NC_000911.gbk
560 59.3 252872 253300 genome.dna 925314 924888 NC_000911.gbk
696 47.1 253304 254008 genome.dna 924802 924085 NC_000911.gbk
427 56.2 254890 255255 genome.dna 923230 922843 NC_000911.gbk
2273 44.4 255584 259612 genome.dna 860866 857557 NC_000911.gbk
894 39.8 275283 276347 genome.dna 3198730 3199783 NC_000911.gbk
1310 47.9 280242 278956 genome.dna 1920659 1921919 NC_000911.gbk
942 48.0 281849 280260 genome.dna 3553850 3555512 NC_000911.gbk
694 37.9 301263 300298 genome.dna 2669088 2670156 NC_000911.gbk
453 31.9 303420 302533 genome.dna 1432898 1431995 NC_000911.gbk
1692 57.1 306633 305290 genome.dna 2599197 2597850 NC_000911.gbk
389 41.3 307112 306645 genome.dna 2550058 2550523 NC_000911.gbk
458 49.0 307589 307137 genome.dna 903606 903147 NC_000911.gbk
760 32.8 321945 323390 genome.dna 1650888 1652358 NC_000911.gbk
759 49.6 338215 337490 genome.dna 154702 155461 NC_000911.gbk
465 34.3 343211 343993 genome.dna 494827 495619 NC_000911.gbk
187 36.7 345645 345899 genome.dna 554288 554546 NC_000911.gbk
1282 49.6 345980 347242 genome.dna 2486606 2487923 NC_000911.gbk
802 38.2 349956 348586 genome.dna 886183 887542 NC_000911.gbk
555 56.0 352201 352629 genome.dna 827803 827347 NC_000911.gbk
375 42.9 352645 353037 genome.dna 827348 826934 NC_000911.gbk
694 34.7 357036 355618 genome.dna 221463 219978 NC_000911.gbk
2249 45.1 361542 357046 genome.dna 482320 477667 NC_000911.gbk
779 49.1 372605 373492 genome.dna 1692332 1691492 NC_000911.gbk
1297 36.0 392535 394805 genome.dna 2687951 2690534 NC_000911.gbk
371 31.1 417112 416177 genome.dna 1089399 1090323 NC_000911.gbk
652 39.7 428068 427331 genome.dna 2569745 2568974 NC_000911.gbk
537 33.4 429839 428910 genome.dna 191954 190814 NC_000911.gbk
1674 53.4 431263 429833 genome.dna 2374788 2373342 NC_000911.gbk
368 45.2 431880 431494 genome.dna 3111995 3112388 NC_000911.gbk
372 32.5 433394 432459 genome.dna 1834507 1835503 NC_000911.gbk
610 39.6 435364 434357 genome.dna 3227266 3226339 NC_000911.gbk
1263 43.6 460910 458055 genome.dna 3264289 3267022 NC_000911.gbk
782 33.9 463248 461737 genome.dna 1619653 1618126 NC_000911.gbk
238 45.8 509350 509099 genome.dna 2085825 2086110 NC_000911.gbk
695 34.2 522787 521576 genome.dna 301109 302354 NC_000911.gbk
1219 43.4 525365 524040 genome.dna 2208695 2207369 NC_000911.gbk
889 43.1 530287 528905 genome.dna 2100462 2101980 NC_000911.gbk
1563 51.3 533382 534971 genome.dna 1033901 1035545 NC_000911.gbk
364 38.3 603654 604091 genome.dna 1300166 1299728 NC_000911.gbk
225 39.8 697176 697469 genome.dna 915303 915624 NC_000911.gbk
1989 57.7 697515 699164 genome.dna 915720 917346 NC_000911.gbk
577 36.1 699974 700837 genome.dna 3228711 3229590 NC_000911.gbk
1377 61.3 708773 707778 genome.dna 3566760 3567720 NC_000911.gbk
157 35.6 755400 755185 genome.dna 2448404 2448221 NC_000911.gbk
804 42.6 755628 756641 genome.dna 1688212 1689259 NC_000911.gbk
587 33.2 761351 760380 genome.dna 3573270 772 NC_000911.gbk
256 38.6 761608 761919 genome.dna 1957757 1958132 NC_000911.gbk
368 69.5 761939 762196 genome.dna 1958239 1958503 NC_000911.gbk
1078 49.4 763509 764681 genome.dna 397036 398143 NC_000911.gbk
2029 52.3 768185 770122 genome.dna 471079 472930 NC_000911.gbk
749 45.7 770241 771074 genome.dna 771650 772520 NC_000911.gbk
1036 41.8 771082 772419 genome.dna 1238988 1237542 NC_000911.gbk
201 31.2 777307 777729 genome.dna 131876 132407 NC_000911.gbk
576 31.0 777751 779280 genome.dna 132482 133859 NC_000911.gbk
1796 40.3 779306 782008 genome.dna 134436 137442 NC_000911.gbk
256 35.9 782083 782481 genome.dna 2417207 2416805 NC_000911.gbk
513 35.1 782481 783425 genome.dna 3508110 3509001 NC_000911.gbk
262 42.7 783547 783816 genome.dna 336582 336312 NC_000911.gbk
1351 46.7 784066 786186 genome.dna 98481 96324 NC_000911.gbk
201 31.6 803045 802602 genome.dna 1339154 1339631 NC_000911.gbk
521 33.4 805628 804636 genome.dna 3220161 3221106 NC_000911.gbk
1146 36.2 809514 811193 genome.dna 1558127 1556474 NC_000911.gbk
822 39.4 812975 814090 genome.dna 2312495 2311376 NC_000911.gbk
338 44.0 814149 814541 genome.dna 1138209 1138608 NC_000911.gbk
3571 55.2 814656 817529 genome.dna 2134201 2137153 NC_000911.gbk
1499 47.2 844582 846099 genome.dna 995274 996807 NC_000911.gbk
458 34.1 912721 911924 genome.dna 2677755 2676936 NC_000911.gbk
4289 53.7 917086 913553 genome.dna 3131986 3128386 NC_000911.gbk
421 46.2 927840 927358 genome.dna 2050947 2051412 NC_000911.gbk
851 34.1 931102 929441 genome.dna 2080120 2078365 NC_000911.gbk
1060 46.4 941591 942676 genome.dna 3410760 3411852 NC_000911.gbk
2237 53.5 955638 953644 genome.dna 819979 817966 NC_000911.gbk
454 53.1 970301 969369 genome.dna 316904 315881 NC_000911.gbk
358 32.9 980392 982056 genome.dna 2737791 2735805 NC_000911.gbk
1100 58.8 997695 996727 genome.dna 960098 961094 NC_000911.gbk
403 32.0 1030959 1031849 genome.dna 3039857 3040721 NC_000911.gbk
225 34.4 1039117 1038716 genome.dna 32952 32523 NC_000911.gbk
911 39.5 1125945 1124593 genome.dna 3453174 3454425 NC_000911.gbk
666 37.9 1129588 1128602 genome.dna 2456768 2455754 NC_000911.gbk
864 52.0 1154052 1153258 genome.dna 2793158 2793920 NC_000911.gbk
777 50.2 1154397 1155122 genome.dna 1722969 1722159 NC_000911.gbk
331 35.5 1155257 1156108 genome.dna 1722006 1721349 NC_000911.gbk
801 49.8 1156279 1157004 genome.dna 2193450 2192667 NC_000911.gbk
538 49.4 1157130 1157687 genome.dna 2192681 2192132 NC_000911.gbk
683 43.3 1157925 1159121 genome.dna 2470429 2469244 NC_000911.gbk
760 50.2 1159320 1160081 genome.dna 3204743 3203993 NC_000911.gbk
347 33.4 1160091 1160948 genome.dna 1120642 1121524 NC_000911.gbk
567 31.0 1165447 1166469 genome.dna 2403472 2404507 NC_000911.gbk
468 48.9 1166572 1167027 genome.dna 1470347 1469846 NC_000911.gbk
680 44.0 1167032 1167820 genome.dna 2699145 2698257 NC_000911.gbk
439 44.0 1168997 1169593 genome.dna 95235 95808 NC_000911.gbk
1082 55.0 1173165 1174124 genome.dna 3426518 3425537 NC_000911.gbk
1342 40.3 1180703 1178139 genome.dna 1375193 1372454 NC_000911.gbk
585 42.6 1260789 1261478 genome.dna 2885021 2885810 NC_000911.gbk
592 43.9 1270601 1269999 genome.dna 2416693 2416090 NC_000911.gbk
948 43.0 1271755 1272822 genome.dna 2941666 2940565 NC_000911.gbk
1076 43.8 1272920 1274065 genome.dna 3118390 3119515 NC_000911.gbk
431 33.2 1276393 1277361 genome.dna 2402392 2403340 NC_000911.gbk
389 39.2 1278470 1278919 genome.dna 2414832 2415318 NC_000911.gbk
657 36.5 1278982 1280091 genome.dna 2594054 2595161 NC_000911.gbk
449 45.7 1280201 1280677 genome.dna 1095143 1094648 NC_000911.gbk
585 35.8 1281190 1282170 genome.dna 247618 248713 NC_000911.gbk
1790 46.1 1284598 1282733 genome.dna 568905 566982 NC_000911.gbk
704 46.7 1285528 1284617 genome.dna 128801 129710 NC_000911.gbk
555 34.9 1292157 1291267 genome.dna 1758542 1757591 NC_000911.gbk
355 32.3 1293119 1292505 genome.dna 793508 794210 NC_000911.gbk
872 67.5 1301367 1301990 genome.dna 3212597 3213194 NC_000911.gbk
1413 60.0 1302154 1303428 genome.dna 3245416 3244078 NC_000911.gbk
1006 32.2 1312639 1314408 genome.dna 2946343 2948086 NC_000911.gbk
657 35.6 1316909 1318201 genome.dna 2971200 2969676 NC_000911.gbk
2799 42.0 1326027 1322899 genome.dna 1644904 1648090 NC_000911.gbk
535 48.8 1329655 1330212 genome.dna 1579243 1578724 NC_000911.gbk
218 36.5 1332403 1332732 genome.dna 555261 555606 NC_000911.gbk
537 43.3 1332732 1333337 genome.dna 3283466 3284165 NC_000911.gbk
411 39.5 1335658 1336302 genome.dna 832265 831701 NC_000911.gbk
557 33.6 1336525 1337487 genome.dna 2849095 2850259 NC_000911.gbk
453 31.7 1348853 1349839 genome.dna 3570423 3571575 NC_000911.gbk
1760 41.4 1356196 1353473 genome.dna 766538 764300 NC_000911.gbk
741 39.7 1358126 1357212 genome.dna 91516 92482 NC_000911.gbk
416 30.8 1379359 1381041 genome.dna 2671902 2670114 NC_000911.gbk
1256 66.9 1381835 1382692 genome.dna 1053754 1052926 NC_000911.gbk
462 31.6 1387959 1389152 genome.dna 2718962 2720213 NC_000911.gbk
909 45.6 1402802 1401792 genome.dna 992772 991734 NC_000911.gbk
1252 49.7 1403920 1402802 genome.dna 54532 55657 NC_000911.gbk
140 34.9 1404198 1403920 genome.dna 1757514 1757283 NC_000911.gbk
1148 39.6 1422749 1425052 genome.dna 2434762 2432458 NC_000911.gbk
437 36.7 1426894 1426256 genome.dna 2613716 2614370 NC_000911.gbk
1155 50.9 1427931 1426894 genome.dna 2847322 2848348 NC_000911.gbk
477 39.8 1428285 1428911 genome.dna 210546 209895 NC_000911.gbk
391 36.0 1433876 1433409 genome.dna 144060 144543 NC_000911.gbk
691 41.5 1434853 1435731 genome.dna 3249385 3250291 NC_000911.gbk
586 39.3 1436929 1437642 genome.dna 1030194 1030989 NC_000911.gbk
981 45.1 1458435 1457257 genome.dna 1437372 1438602 NC_000911.gbk
964 49.1 1470427 1469462 genome.dna 462808 463678 NC_000911.gbk
2121 45.7 1483266 1480684 genome.dna 809325 806715 NC_000911.gbk
441 30.4 1487375 1486479 genome.dna 153050 152153 NC_000911.gbk
900 48.4 1492026 1490968 genome.dna 593256 594243 NC_000911.gbk
1080 41.0 1493774 1492350 genome.dna 636247 634891 NC_000911.gbk
557 49.1 1507655 1507128 genome.dna 1517171 1516658 NC_000911.gbk
2101 59.5 1512651 1514294 genome.dna 3433020 3431316 NC_000911.gbk
443 47.9 1519100 1518525 genome.dna 1497305 1497878 NC_000911.gbk
2225 57.0 1521264 1519120 genome.dna 1494757 1496830 NC_000911.gbk
1387 41.8 1522968 1521280 genome.dna 1493024 1494701 NC_000911.gbk
1029 40.6 1528762 1530255 genome.dna 1339655 1341122 NC_000911.gbk
1590 44.3 1537737 1539503 genome.dna 1040530 1042258 NC_000911.gbk
364 33.9 1544898 1546064 genome.dna 393104 391898 NC_000911.gbk
542 36.0 1546064 1546936 genome.dna 1979039 1978130 NC_000911.gbk
750 35.2 1547669 1549237 genome.dna 673888 675340 NC_000911.gbk
779 40.4 1558773 1559834 genome.dna 3346817 3345860 NC_000911.gbk
803 40.8 1573036 1572017 genome.dna 1522226 1521209 NC_000911.gbk
499 38.3 1576123 1576893 genome.dna 3135997 3135184 NC_000911.gbk
236 31.2 1584709 1585674 genome.dna 2946137 2945069 NC_000911.gbk
935 44.8 1598229 1599338 genome.dna 2596786 2597848 NC_000911.gbk
1316 69.1 1614552 1615325 genome.dna 353551 354322 NC_000911.gbk
1107 47.5 1615316 1616422 genome.dna 354322 355405 NC_000911.gbk
733 45.2 1635671 1634820 genome.dna 56511 55668 NC_000911.gbk
689 55.6 1636204 1635668 genome.dna 2227828 2228377 NC_000911.gbk
1728 56.7 1638449 1639855 genome.dna 2388872 2387423 NC_000911.gbk
1237 39.4 1669675 1667978 genome.dna 2281508 2283182 NC_000911.gbk
768 39.6 1670708 1669659 genome.dna 291625 292708 NC_000911.gbk
477 32.9 1778057 1778830 genome.dna 797631 796788 NC_000911.gbk
1319 42.9 1839441 1837903 genome.dna 1732808 1734323 NC_000911.gbk
454 31.7 1849141 1848239 genome.dna 429614 428618 NC_000911.gbk
911 67.3 1862527 1863225 genome.dna 2011520 2012141 NC_000911.gbk
409 32.7 1928122 1927325 genome.dna 580227 581055 NC_000911.gbk
604 34.7 1980555 1981667 genome.dna 1626980 1628018 NC_000911.gbk
1241 54.3 2034173 2033130 genome.dna 2157441 2158470 NC_000911.gbk
302 32.1 2040198 2039605 genome.dna 2028744 2028156 NC_000911.gbk
691 36.8 2041077 2042123 genome.dna 1596794 1597841 NC_000911.gbk
453 41.3 2042130 2043083 genome.dna 1598064 1598928 NC_000911.gbk
766 51.4 2044045 2044779 genome.dna 1152548 1153292 NC_000911.gbk
284 65.3 2044934 2045170 genome.dna 821783 821549 NC_000911.gbk
1423 50.5 2045253 2046494 genome.dna 821352 820101 NC_000911.gbk
582 40.8 2050132 2050929 genome.dna 861737 860951 NC_000911.gbk
369 48.1 2055442 2055792 genome.dna 1042608 1042953 NC_000911.gbk
359 33.3 2064690 2065280 genome.dna 59650 59038 NC_000911.gbk
2183 36.1 2070405 2066956 genome.dna 2705530 2701930 NC_000911.gbk
346 33.3 2076721 2076005 genome.dna 3482567 3483284 NC_000911.gbk
396 42.9 2079241 2079792 genome.dna 1938984 1939494 NC_000911.gbk
818 35.3 2088494 2089945 genome.dna 989505 988071 NC_000911.gbk
2483 54.6 2102354 2104732 genome.dna 3011671 3014128 NC_000911.gbk
1786 63.9 2112831 2114330 genome.dna 2871673 2873116 NC_000911.gbk
958 59.3 2114428 2115174 genome.dna 2873257 2874028 NC_000911.gbk
539 31.1 2115176 2116495 genome.dna 2874163 2875525 NC_000911.gbk
1273 48.5 2116495 2117718 genome.dna 2875592 2876855 NC_000911.gbk
283 37.7 2117752 2118168 genome.dna 3271698 3272178 NC_000911.gbk
442 37.8 2153926 2154558 genome.dna 3034782 3035412 NC_000911.gbk
3823 74.9 2163569 2165743 genome.dna 1546978 1544713 NC_000911.gbk
673 30.5 2181270 2179897 genome.dna 2763866 2765252 NC_000911.gbk
283 30.3 2181519 2182154 genome.dna 2280947 2280266 NC_000911.gbk
327 41.2 2186467 2186817 genome.dna 554726 555050 NC_000911.gbk
574 65.4 2188157 2187750 genome.dna 2383240 2383636 NC_000911.gbk
469 37.5 2190305 2191417 genome.dna 3519430 3520561 NC_000911.gbk
185 39.1 2191515 2191832 genome.dna 2825022 2825355 NC_000911.gbk
646 43.7 2191939 2192622 genome.dna 1897561 1896868 NC_000911.gbk
432 31.5 2192856 2194133 genome.dna 659369 660584 NC_000911.gbk
567 42.2 2216576 2217319 genome.dna 1364532 1363836 NC_000911.gbk
754 43.4 2239913 2239125 genome.dna 503882 504719 NC_000911.gbk
446 32.7 2250678 2251343 genome.dna 2646074 2645270 NC_000911.gbk
1176 53.7 2267632 2266640 genome.dna 3359577 3360579 NC_000911.gbk
421 32.3 2325750 2324722 genome.dna 3541264 3540325 NC_000911.gbk
1011 49.6 2446859 2448127 genome.dna 2098920 2100261 NC_000911.gbk
859 41.7 2449772 2450872 genome.dna 883286 884519 NC_000911.gbk
804 52.6 2451703 2452401 genome.dna 2709006 2708256 NC_000911.gbk
394 32.1 2472640 2473437 genome.dna 1410990 1410186 NC_000911.gbk
1293 55.9 2487322 2486231 genome.dna 1521100 1520008 NC_000911.gbk
425 39.3 2488039 2487452 genome.dna 2797421 2798006 NC_000911.gbk
1045 48.7 2489732 2488785 genome.dna 2939631 2938629 NC_000911.gbk
389 34.0 2490742 2489870 genome.dna 102831 101883 NC_000911.gbk
768 34.0 2491599 2492855 genome.dna 1284551 1285943 NC_000911.gbk
1061 43.0 2492889 2493971 genome.dna 3521694 3520596 NC_000911.gbk
381 31.6 2493971 2494816 genome.dna 1653296 1652396 NC_000911.gbk
1950 62.1 2502156 2503685 genome.dna 1053954 1055547 NC_000911.gbk
1903 64.9 2503696 2505084 genome.dna 1056984 1058427 NC_000911.gbk
376 31.3 2552084 2552833 genome.dna 3037309 3038044 NC_000911.gbk
1812 58.3 2563367 2561970 genome.dna 2488027 2489428 NC_000911.gbk
461 40.0 2585970 2586605 genome.dna 1310574 1311234 NC_000911.gbk
570 43.7 2595969 2596559 genome.dna 1507480 1508092 NC_000911.gbk
472 37.9 2597527 2596643 genome.dna 2345796 2346546 NC_000911.gbk
544 39.1 2598308 2597688 genome.dna 170566 169933 NC_000911.gbk
763 39.4 2602958 2604520 genome.dna 127185 128712 NC_000911.gbk
786 40.2 2605113 2606180 genome.dna 1206946 1207993 NC_000911.gbk
1441 55.4 2607572 2608762 genome.dna 3213271 3214510 NC_000911.gbk
513 36.9 2608762 2609568 genome.dna 326149 326944 NC_000911.gbk
708 41.2 2642732 2643580 genome.dna 2568091 2567236 NC_000911.gbk
454 37.0 2645457 2646263 genome.dna 2233864 2233036 NC_000911.gbk
1000 33.3 2649493 2651343 genome.dna 1283193 1281360 NC_000911.gbk
1367 62.2 2654735 2655739 genome.dna 1147033 1148098 NC_000911.gbk
576 44.7 2679167 2679979 genome.dna 3008431 3007630 NC_000911.gbk
151 32.5 2679983 2680252 genome.dna 3007573 3007279 NC_000911.gbk
180 30.9 2685383 2684682 genome.dna 69059 68399 NC_000911.gbk
788 36.3 2688488 2689942 genome.dna 1800386 1801844 NC_000911.gbk
650 35.6 2693453 2692521 genome.dna 1216280 1217168 NC_000911.gbk
1127 57.9 2704043 2704957 genome.dna 1483253 1482260 NC_000911.gbk
989 62.3 2704954 2705844 genome.dna 1482162 1481379 NC_000911.gbk
995 53.1 2706704 2707561 genome.dna 1481383 1480462 NC_000911.gbk
682 38.5 2707951 2708811 genome.dna 3370058 3370946 NC_000911.gbk
694 38.9 2714816 2715706 genome.dna 884634 885531 NC_000911.gbk
1150 36.5 2726216 2727934 genome.dna 1102014 1100409 NC_000911.gbk
1049 37.6 2731236 2728849 genome.dna 1991266 1988833 NC_000911.gbk
1164 53.4 2732234 2731251 genome.dna 2630266 2629270 NC_000911.gbk
456 62.1 2732903 2732547 genome.dna 2404968 2404614 NC_000911.gbk
131 43.3 2733144 2732947 genome.dna 2405312 2405108 NC_000911.gbk
543 48.8 2733782 2733240 genome.dna 343025 343559 NC_000911.gbk
981 40.0 2735713 2733785 genome.dna 2893012 2891200 NC_000911.gbk
964 50.9 2755752 2754499 genome.dna 283059 284487 NC_000911.gbk
868 40.7 2757088 2758194 genome.dna 1357626 1356549 NC_000911.gbk
1313 56.0 2791280 2792458 genome.dna 1352255 1353431 NC_000911.gbk
1414 43.4 2794931 2793456 genome.dna 961200 962730 NC_000911.gbk
415 31.7 2801608 2800607 genome.dna 583679 584696 NC_000911.gbk
1149 53.8 2809298 2808294 genome.dna 2652951 2651865 NC_000911.gbk
301 32.3 2809923 2809306 genome.dna 1132899 1132263 NC_000911.gbk
194 30.4 2810663 2810151 genome.dna 3238868 3238364 NC_000911.gbk
609 39.2 2811487 2810744 genome.dna 2257202 2257964 NC_000911.gbk
1922 50.4 2813755 2811956 genome.dna 1472148 1473948 NC_000911.gbk
1584 44.7 2835515 2837245 genome.dna 3210452 3208697 NC_000911.gbk
1327 36.7 2854450 2852540 genome.dna 2016818 2014907 NC_000911.gbk
759 39.7 2859653 2858643 genome.dna 3270450 3271596 NC_000911.gbk
1822 56.4 2864092 2865492 genome.dna 3224017 3222475 NC_000911.gbk
308 30.7 2879580 2880428 genome.dna 1469801 1469012 NC_000911.gbk
930 37.8 2917289 2918617 genome.dna 555641 556946 NC_000911.gbk
401 37.8 2920770 2921360 genome.dna 2890565 2891198 NC_000911.gbk
569 38.5 2921367 2922104 genome.dna 3319280 3320051 NC_000911.gbk
691 44.3 2922086 2922862 genome.dna 1772243 1771457 NC_000911.gbk
471 39.2 2922856 2923488 genome.dna 3569626 3570319 NC_000911.gbk
476 30.4 2928002 2926713 genome.dna 2088679 2090023 NC_000911.gbk
1228 46.9 2975613 2974318 genome.dna 722569 723862 NC_000911.gbk
304 69.4 2988043 2988261 genome.dna 831558 831354 NC_000911.gbk
107 31.8 2993205 2992885 genome.dna 1226982 1226685 NC_000911.gbk
321 45.8 3002657 3002334 genome.dna 878890 878563 NC_000911.gbk
145 33.8 3016496 3016762 genome.dna 1050811 1051078 NC_000911.gbk
520 42.4 3019705 3020373 genome.dna 1208697 1208019 NC_000911.gbk
234 30.8 3025403 3026020 genome.dna 2574203 2573648 NC_000911.gbk
704 38.7 3027219 3026053 genome.dna 483325 484564 NC_000911.gbk
1057 41.2 3042056 3043384 genome.dna 2886181 2887513 NC_000911.gbk
1847 70.5 3050037 3051158 genome.dna 645497 644387 NC_000911.gbk
1094 55.6 3051198 3052058 genome.dna 644379 643548 NC_000911.gbk
508 32.4 3064304 3063432 genome.dna 1488395 1487444 NC_000911.gbk
467 47.1 3102771 3102235 genome.dna 1405435 1405975 NC_000911.gbk
1030 59.1 3148240 3147401 genome.dna 15936 16743 NC_000911.gbk
934 44.3 3149284 3148253 genome.dna 14625 15675 NC_000911.gbk
982 49.2 3150266 3149277 genome.dna 13497 14529 NC_000911.gbk
686 38.8 3151270 3150263 genome.dna 16739 17687 NC_000911.gbk
543 32.3 3157424 3156435 genome.dna 2772469 2773453 NC_000911.gbk
2487 57.4 3161386 3159374 genome.dna 2612715 2610705 NC_000911.gbk
702 37.4 3165022 3163865 genome.dna 2791687 2793001 NC_000911.gbk
638 34.6 3166099 3165062 genome.dna 1107241 1108330 NC_000911.gbk
1318 45.4 3178327 3176426 genome.dna 744732 742779 NC_000911.gbk
210 39.7 3195210 3194782 genome.dna 2631608 2631206 NC_000911.gbk
112 32.5 3195440 3195210 genome.dna 474432 474204 NC_000911.gbk
310 36.8 3228583 3228035 genome.dna 2076507 2075967 NC_000911.gbk
1149 35.9 3230474 3228642 genome.dna 1158909 1157028 NC_000911.gbk
548 37.8 3302638 3301757 genome.dna 3415988 3416924 NC_000911.gbk
1332 42.4 3306810 3308309 genome.dna 1035592 1037089 NC_000911.gbk
647 35.8 3312061 3311105 genome.dna 1224646 1223665 NC_000911.gbk
679 44.8 3336744 3335911 genome.dna 2701735 2700943 NC_000911.gbk
773 43.4 3345329 3344487 genome.dna 1009148 1008320 NC_000911.gbk
976 38.0 3346676 3345414 genome.dna 1010574 1009233 NC_000911.gbk
254 33.0 3360862 3360233 genome.dna 1683529 1682869 NC_000911.gbk
390 30.7 3364794 3365690 genome.dna 632212 633157 NC_000911.gbk
813 31.5 3372145 3370688 genome.dna 158615 157049 NC_000911.gbk
744 35.5 3373687 3372152 genome.dna 2287947 2289525 NC_000911.gbk
1088 34.9 3375638 3373788 genome.dna 2857873 2859919 NC_000911.gbk
241 40.0 3375937 3375635 genome.dna 3267555 3267243 NC_000911.gbk
674 39.0 3378041 3377067 genome.dna 3270196 3269077 NC_000911.gbk
305 39.0 3385876 3385436 genome.dna 1875128 1875491 NC_000911.gbk
851 39.6 3395711 3396913 genome.dna 678286 677044 NC_000911.gbk
1378 39.4 3396993 3399131 genome.dna 1250441 1252535 NC_000911.gbk
698 39.3 3402984 3403889 genome.dna 1025422 1026442 NC_000911.gbk
411 39.8 3408161 3407589 genome.dna 195684 196305 NC_000911.gbk
713 38.8 3409858 3408341 genome.dna 2414313 2412825 NC_000911.gbk
443 33.4 3412525 3411257 genome.dna 1462101 1460814 NC_000911.gbk
868 49.6 3413548 3412631 genome.dna 2373229 2372248 NC_000911.gbk
538 36.9 3415469 3414618 genome.dna 828695 827867 NC_000911.gbk
879 50.8 3427528 3426443 genome.dna 922637 921548 NC_000911.gbk
281 45.4 3447037 3446735 genome.dna 643143 643482 NC_000911.gbk
458 36.9 3459693 3458845 genome.dna 74994 75804 NC_000911.gbk
1107 41.0 3477877 3476636 genome.dna 2495389 2494204 NC_000911.gbk
562 34.7 3511745 3510762 genome.dna 2245635 2246631 NC_000911.gbk
652 32.7 3512886 3511738 genome.dna 360029 361166 NC_000911.gbk
922 48.7 3516455 3517318 genome.dna 2418461 2417576 NC_000911.gbk
1099 43.8 3519048 3517663 genome.dna 2026674 2028126 NC_000911.gbk
508 53.6 3521609 3522118 genome.dna 3227909 3227378 NC_000911.gbk
988 54.0 3527868 3527053 genome.dna 2638552 2637742 NC_000911.gbk
1026 34.4 3531913 3533985 genome.dna 3006640 3004453 NC_000911.gbk
1007 65.7 3570531 3571184 genome.dna 1757223 1756593 NC_000911.gbk
1119 47.4 3578861 3579880 genome.dna 3532599 3533610 NC_000911.gbk
547 37.2 3586091 3587221 genome.dna 223672 224806 NC_000911.gbk
1808 51.0 3590632 3589055 genome.dna 2504414 2506043 NC_000911.gbk
639 36.7 3599984 3598497 genome.dna 1788549 1789908 NC_000911.gbk
1289 50.8 3603229 3601955 genome.dna 2456934 2458278 NC_000911.gbk
529 36.9 3604488 3603367 genome.dna 1262048 1263260 NC_000911.gbk
465 38.6 3607701 3606505 genome.dna 2984747 2983694 NC_000911.gbk
423 45.6 3608433 3608005 genome.dna 2234753 2234303 NC_000911.gbk
308 43.9 3619470 3619147 genome.dna 183492 183849 NC_000911.gbk
1324 53.9 3621177 3619963 genome.dna 2391546 2392707 NC_000911.gbk
469 40.7 3622783 3622058 genome.dna 3002074 3002797 NC_000911.gbk
565 40.1 3622920 3623723 genome.dna 1831491 1830627 NC_000911.gbk
1569 57.6 3635387 3634134 genome.dna 604726 603442 NC_000911.gbk
402 42.7 3651787 3651263 genome.dna 1312803 1312308 NC_000911.gbk
856 49.0 3653449 3652523 genome.dna 1164338 1163420 NC_000911.gbk
760 55.6 3680956 3680225 genome.dna 237659 238325 NC_000911.gbk
603 36.2 3682691 3681786 genome.dna 2270623 2271571 NC_000911.gbk
393 33.9 3683368 3682688 genome.dna 2071378 2072074 NC_000911.gbk
2412 58.5 3686442 3684643 genome.dna 3564837 3566649 NC_000911.gbk
307 31.7 3689432 3688857 genome.dna 1342612 1342051 NC_000911.gbk
866 40.1 3689812 3691413 genome.dna 3321736 3320074 NC_000911.gbk
610 39.8 3698228 3696813 genome.dna 2743125 2741673 NC_000911.gbk
1086 51.8 3703917 3702925 genome.dna 3301554 3302622 NC_000911.gbk
881 50.0 3704788 3703907 genome.dna 3300562 3301393 NC_000911.gbk
854 49.8 3705613 3704801 genome.dna 3299715 3300576 NC_000911.gbk
876 42.0 3706780 3705770 genome.dna 3298325 3299384 NC_000911.gbk
1544 55.1 3714803 3716083 genome.dna 2473189 2471953 NC_000911.gbk
543 41.6 3728155 3728859 genome.dna 1253982 1253268 NC_000911.gbk
669 44.1 3732844 3733638 genome.dna 3183013 3183796 NC_000911.gbk
504 31.4 3736813 3735875 genome.dna 2412110 2411066 NC_000911.gbk
489 48.7 3749751 3750215 genome.dna 2884356 2884839 NC_000911.gbk
477 43.5 3750989 3751744 genome.dna 399214 398440 NC_000911.gbk
3147 55.9 3762599 3760023 genome.dna 2062904 2065523 NC_000911.gbk
720 43.8 3764478 3763501 genome.dna 2041998 2042982 NC_000911.gbk
403 56.8 3773009 3772662 genome.dna 927228 926859 NC_000911.gbk
694 44.4 3773827 3773072 genome.dna 293485 292789 NC_000911.gbk
162 36.7 3774681 3774433 genome.dna 2127878 2128127 NC_000911.gbk
1434 49.6 3776200 3774839 genome.dna 1899699 1901148 NC_000911.gbk
2201 44.5 3784972 3782345 genome.dna 2144246 2141612 NC_000911.gbk
1345 63.3 3786717 3785644 genome.dna 3551020 3549955 NC_000911.gbk
1059 41.1 3882715 3881462 genome.dna 2710385 2709083 NC_000911.gbk
866 41.3 3883829 3882726 genome.dna 571439 572567 NC_000911.gbk
436 42.0 3893814 3893233 genome.dna 2880549 2879964 NC_000911.gbk
735 44.1 3898447 3899475 genome.dna 2237133 2238189 NC_000911.gbk
617 33.1 3918901 3920391 genome.dna 1135715 1137167 NC_000911.gbk
1022 44.9 3956293 3958011 genome.dna 1587062 1585208 NC_000911.gbk
519 50.3 3963052 3962555 genome.dna 979684 980170 NC_000911.gbk
428 37.3 3963804 3963091 genome.dna 2021251 2021944 NC_000911.gbk
913 57.0 3966155 3966877 genome.dna 1317711 1318470 NC_000911.gbk
516 48.3 3967961 3967344 genome.dna 414870 415404 NC_000911.gbk
747 51.3 3972869 3972135 genome.dna 257425 258175 NC_000911.gbk
900 35.3 3974615 3972882 genome.dna 321698 323606 NC_000911.gbk
331 49.6 3984884 3985300 genome.dna 2880765 2881155 NC_000911.gbk
196 33.5 3986036 3985365 genome.dna 1256751 1256124 NC_000911.gbk
628 37.9 3994559 3995977 genome.dna 2898709 2900080 NC_000911.gbk
1531 60.2 4001743 4000448 genome.dna 3420415 3421714 NC_000911.gbk
1585 53.5 4003479 4001842 genome.dna 1892119 1890460 NC_000911.gbk
692 40.7 4004518 4003706 genome.dna 516897 516087 NC_000911.gbk
1698 38.6 4007080 4004843 genome.dna 1656042 1658325 NC_000911.gbk
802 40.5 4012636 4011491 genome.dna 956672 957788 NC_000911.gbk
600 35.9 4013697 4012813 genome.dna 2532822 2533695 NC_000911.gbk
1774 43.0 4027241 4025196 genome.dna 12631 10621 NC_000911.gbk
413 33.3 4036522 4035704 genome.dna 2508362 2507381 NC_000911.gbk
168 36.1 4037132 4037767 genome.dna 1576592 1575923 NC_000911.gbk
857 59.0 4046883 4047521 genome.dna 57224 56555 NC_000911.gbk
788 30.2 4047693 4049018 genome.dna 2127589 2126242 NC_000911.gbk
306 31.4 4050959 4050219 genome.dna 3239748 3238872 NC_000911.gbk
262 34.5 4059979 4059527 genome.dna 1751829 1751310 NC_000911.gbk
901 43.7 4076878 4075862 genome.dna 2202943 2204053 NC_000911.gbk
419 40.2 4076900 4077613 genome.dna 3261405 3262062 NC_000911.gbk
457 35.1 4077711 4078532 genome.dna 3338681 3339485 NC_000911.gbk
481 46.4 4079441 4080034 genome.dna 2151605 2152190 NC_000911.gbk
343 38.9 4086876 4086421 genome.dna 3479683 3479218 NC_000911.gbk
1196 55.8 4109655 4110677 genome.dna 342139 341134 NC_000911.gbk
478 32.7 4115888 4116970 genome.dna 2831880 2833083 NC_000911.gbk
410 49.2 4137049 4136630 genome.dna 1795564 1795120 NC_000911.gbk
2517 54.5 4139901 4137067 genome.dna 962887 965800 NC_000911.gbk
288 37.9 4200650 4199670 genome.dna 3118091 3117041 NC_000911.gbk
2896 64.6 4221505 4218908 genome.dna 3348689 3351296 NC_000911.gbk
749 33.1 4231793 4230366 genome.dna 192869 194306 NC_000911.gbk
575 42.7 4244964 4245854 genome.dna 1998459 1999347 NC_000911.gbk
393 36.8 4250722 4251348 genome.dna 3253808 3254414 NC_000911.gbk
305 40.2 4252799 4252404 genome.dna 96228 95817 NC_000911.gbk
865 43.0 4255592 4252890 genome.dna 2650184 2647385 NC_000911.gbk
510 35.9 4257707 4256787 genome.dna 468666 467835 NC_000911.gbk
1091 47.7 4258960 4257809 genome.dna 1014337 1013044 NC_000911.gbk
514 34.1 4262088 4261168 genome.dna 1224776 1225841 NC_000911.gbk
487 33.6 4263557 4262097 genome.dna 3279389 3280907 NC_000911.gbk
519 30.8 4264711 4263620 genome.dna 3458281 3459397 NC_000911.gbk
596 32.3 4265910 4264708 genome.dna 1858608 1859790 NC_000911.gbk
403 31.2 4267226 4265910 genome.dna 1258263 1256904 NC_000911.gbk
394 37.8 4268312 4267230 genome.dna 3123069 3121971 NC_000911.gbk
518 35.7 4269667 4268306 genome.dna 1749145 1750510 NC_000911.gbk
1123 42.2 4271151 4269664 genome.dna 3184732 3186250 NC_000911.gbk
589 31.0 4272901 4271138 genome.dna 624123 622299 NC_000911.gbk
601 40.3 4274186 4273242 genome.dna 1018517 1017599 NC_000911.gbk
422 43.3 4277861 4277370 genome.dna 2575910 2575343 NC_000911.gbk
1771 48.5 4279582 4277864 genome.dna 1548872 1550738 NC_000911.gbk
917 47.9 4282166 4283764 genome.dna 2338635 2340237 NC_000911.gbk
1190 51.7 4283764 4284855 genome.dna 1608231 1609320 NC_000911.gbk
1623 52.6 4284858 4286258 genome.dna 3407822 3406415 NC_000911.gbk
365 32.0 4286272 4286874 genome.dna 1890474 1889871 NC_000911.gbk
523 38.5 4319027 4319845 genome.dna 108325 107470 NC_000911.gbk
4090 59.2 4330684 4327460 genome.dna 2716688 2713370 NC_000911.gbk
1193 50.9 4331847 4330699 genome.dna 3362006 3360731 NC_000911.gbk
283 36.9 4335368 4334856 genome.dna 1108966 1109452 NC_000911.gbk
592 41.0 4338181 4335368 genome.dna 1065204 1062237 NC_000911.gbk
585 40.8 4339154 4338213 genome.dna 1240447 1241302 NC_000911.gbk
135 30.2 4339580 4339843 genome.dna 862166 861872 NC_000911.gbk
978 45.6 4343498 4342359 genome.dna 3238258 3237124 NC_000911.gbk
2292 55.8 4345514 4343607 genome.dna 2314574 2312663 NC_000911.gbk
1114 57.1 4351229 4350276 genome.dna 260462 261638 NC_000911.gbk
521 32.9 4354760 4353831 genome.dna 1236056 1235135 NC_000911.gbk
549 46.0 4373604 4372945 genome.dna 2725325 2726033 NC_000911.gbk
635 38.1 4377440 4376580 genome.dna 2660853 2661744 NC_000911.gbk
965 44.7 4379941 4378778 genome.dna 2139270 2140395 NC_000911.gbk
1279 39.4 4387762 4385783 genome.dna 3342856 3344944 NC_000911.gbk
694 56.4 4388480 4389631 genome.dna 340966 339736 NC_000911.gbk
659 39.1 4392301 4393260 genome.dna 1051158 1052121 NC_000911.gbk
253 37.0 4393907 4394326 genome.dna 3463341 3462882 NC_000911.gbk
937 43.8 4395434 4394430 genome.dna 2022027 2023071 NC_000911.gbk
1247 50.2 4398393 4397095 genome.dna 825831 824583 NC_000911.gbk
430 36.4 4403893 4402952 genome.dna 1693538 1692626 NC_000911.gbk
272 37.0 4408042 4407560 genome.dna 2134022 2133548 NC_000911.gbk
277 32.8 4409618 4408062 genome.dna 1907744 1906169 NC_000911.gbk
389 31.9 4435653 4436702 genome.dna 3236855 3235745 NC_000911.gbk
535 45.1 4448185 4447619 genome.dna 2549387 2549951 NC_000911.gbk
146 31.4 4451372 4449723 genome.dna 1744497 1746093 NC_000911.gbk
1398 31.9 4464530 4460847 genome.dna 2751025 2754613 NC_000911.gbk
257 37.3 4477982 4478530 genome.dna 549701 549128 NC_000911.gbk
226 31.1 4479596 4478769 genome.dna 3367416 3368289 NC_000911.gbk
480 34.4 4482321 4481200 genome.dna 877324 878521 NC_000911.gbk
332 36.4 4482450 4482959 genome.dna 994342 994906 NC_000911.gbk
645 40.6 4482986 4483933 genome.dna 2600704 2601697 NC_000911.gbk
637 35.0 4484001 4485290 genome.dna 417200 418541 NC_000911.gbk
182 33.3 4486815 4487225 genome.dna 1131809 1132247 NC_000911.gbk
306 45.7 4488068 4487676 genome.dna 829063 828712 NC_000911.gbk
641 38.2 4489098 4488109 genome.dna 830085 829140 NC_000911.gbk
501 42.6 4489744 4489124 genome.dna 2603946 2604555 NC_000911.gbk
528 59.5 4490164 4489775 genome.dna 830586 830193 NC_000911.gbk
400 54.4 4490537 4490181 genome.dna 831018 830634 NC_000911.gbk
201 71.1 4490800 4490684 genome.dna 831217 831100 NC_000911.gbk
1171 42.1 4492165 4490834 genome.dna 833719 832390 NC_000911.gbk
345 42.5 4492607 4492173 genome.dna 834264 833820 NC_000911.gbk
458 44.1 4493297 4492797 genome.dna 834854 834332 NC_000911.gbk
332 49.1 4493665 4493312 genome.dna 835256 834893 NC_000911.gbk
490 41.1 4494208 4493675 genome.dna 835799 835259 NC_000911.gbk
425 47.4 4494614 4494222 genome.dna 836260 835858 NC_000911.gbk
302 48.5 4494953 4494648 genome.dna 2644794 2645097 NC_000911.gbk
741 56.2 4495506 4494967 genome.dna 836954 836351 NC_000911.gbk
209 35.6 4495835 4495521 genome.dna 837348 837000 NC_000911.gbk
478 58.5 4496217 4495846 genome.dna 837717 837348 NC_000911.gbk
253 49.3 4496635 4496381 genome.dna 837986 837740 NC_000911.gbk
574 60.4 4497236 4496826 genome.dna 838637 838217 NC_000911.gbk
812 53.0 4497950 4497249 genome.dna 839400 838677 NC_000911.gbk
296 49.1 4498300 4497968 genome.dna 839795 839429 NC_000911.gbk
435 68.5 4498593 4498315 genome.dna 840089 839810 NC_000911.gbk
970 54.3 4499431 4498610 genome.dna 840952 840121 NC_000911.gbk
205 41.1 4499751 4499449 genome.dna 841307 841001 NC_000911.gbk
487 42.7 4500353 4499748 genome.dna 841932 841299 NC_000911.gbk
643 50.0 4500993 4500364 genome.dna 842613 841971 NC_000911.gbk
429 57.8 4501337 4501026 genome.dna 1915135 1914817 NC_000911.gbk
515 52.9 4502117 4501644 genome.dna 822836 823367 NC_000911.gbk
2404 53.4 4505956 4503842 genome.dna 3313666 3315754 NC_000911.gbk
569 54.5 4506523 4506053 genome.dna 1919285 1918814 NC_000911.gbk
635 76.6 4506994 4506620 genome.dna 1919816 1919435 NC_000911.gbk
521 41.0 4510929 4511597 genome.dna 3404544 3405249 NC_000911.gbk
1069 43.3 4531124 4529898 genome.dna 640736 642026 NC_000911.gbk
617 54.3 4531820 4531245 genome.dna 2577551 2578043 NC_000911.gbk
1012 46.4 4557783 4556779 genome.dna 1243153 1244287 NC_000911.gbk
729 51.4 4559154 4558477 genome.dna 1713256 1712563 NC_000911.gbk
954 43.0 4562421 4561336 genome.dna 1643681 1644767 NC_000911.gbk
372 41.7 4562994 4562473 genome.dna 260271 259701 NC_000911.gbk
593 42.3 4579442 4578723 genome.dna 2012780 2013485 NC_000911.gbk
778 33.4 4597541 4596258 genome.dna 2561305 2560111 NC_000911.gbk
257 30.7 4613483 4614184 genome.dna 2392728 2393403 NC_000911.gbk
416 37.6 4622349 4623851 genome.dna 1947179 1945517 NC_000911.gbk
2748 49.9 4632742 4630295 genome.dna 1075629 1073079 NC_000911.gbk
796 31.0 4634257 4632818 genome.dna 58815 57339 NC_000911.gbk
688 35.4 4635563 4634286 genome.dna 3516538 3517858 NC_000911.gbk
1245 37.4 4637576 4635600 genome.dna 1194652 1196776 NC_000911.gbk
1830 47.7 4639754 4637577 genome.dna 2333817 2331504 NC_000911.gbk
756 50.2 4651246 4650551 genome.dna 1216151 1215452 NC_000911.gbk
872 36.7 4672431 4670269 genome.dna 1024659 1022277 NC_000911.gbk
701 40.4 4675687 4674863 genome.dna 3471002 3471842 NC_000911.gbk
899 49.5 4680620 4681561 genome.dna 1247191 1248154 NC_000911.gbk
808 31.8 4690836 4689472 genome.dna 2094924 2093628 NC_000911.gbk
1325 58.2 4702353 4701286 genome.dna 2843713 2844742 NC_000911.gbk
594 46.5 4704862 4703738 genome.dna 2963396 2964512 NC_000911.gbk
381 52.9 4709479 4709153 genome.dna 2961119 2961443 NC_000911.gbk
1739 51.5 4728119 4726569 genome.dna 911356 912883 NC_000911.gbk
609 40.6 4729969 4728119 genome.dna 3498902 3500588 NC_000911.gbk
567 34.3 4730969 4730043 genome.dna 3156759 3157677 NC_000911.gbk
1279 47.3 4733613 4735139 genome.dna 2775766 2777296 NC_000911.gbk
166 39.4 4770684 4770469 genome.dna 826882 826636 NC_000911.gbk
741 34.7 4770998 4773196 genome.dna 2110159 2107663 NC_000911.gbk
223 32.5 4780345 4781184 genome.dna 1412922 1413666 NC_000911.gbk
1476 48.6 4781238 4782749 genome.dna 1952322 1953810 NC_000911.gbk
575 41.5 4782875 4783885 genome.dna 1560386 1561424 NC_000911.gbk
483 43.3 4786326 4787093 genome.dna 2423620 2424349 NC_000911.gbk
386 37.5 4825789 4824827 genome.dna 294963 293877 NC_000911.gbk
437 30.1 4826899 4825997 genome.dna 1720576 1719643 NC_000911.gbk
344 40.7 4834867 4834403 genome.dna 2259401 2259863 NC_000911.gbk
659 48.1 4859998 4859297 genome.dna 1239489 1240212 NC_000911.gbk
595 39.5 4860774 4860004 genome.dna 2601732 2602536 NC_000911.gbk
850 37.5 4869411 4868002 genome.dna 1570208 1571723 NC_000911.gbk
223 33.1 4869761 4870336 genome.dna 2385350 2385911 NC_000911.gbk
526 30.9 4911222 4909444 genome.dna 1859815 1861372 NC_000911.gbk
333 37.9 4956801 4956184 genome.dna 2972095 2971474 NC_000911.gbk
333 37.9 4956801 4956184 genome.dna 2972095 2971474 NC_000911.gbk
1018 39.9 4985096 4983699 genome.dna 1351579 1350235 NC_000911.gbk
147 53.5 4985770 4985910 genome.dna 1826763 1826901 NC_000911.gbk
159 33.6 4985929 4986288 genome.dna 1826910 1827285 NC_000911.gbk
849 36.8 4988276 4989640 genome.dna 1457123 1455752 NC_000911.gbk
676 40.5 5019301 5018414 genome.dna 2639441 2638577 NC_000911.gbk
785 44.3 5020260 5019301 genome.dna 2640580 2639626 NC_000911.gbk
849 42.0 5021463 5020423 genome.dna 2641813 2640661 NC_000911.gbk
923 39.5 5026700 5027902 genome.dna 2559989 2558819 NC_000911.gbk
674 44.0 5049054 5047222 genome.dna 163663 161767 NC_000911.gbk
1027 38.7 5050610 5049240 genome.dna 3235186 3233815 NC_000911.gbk
188 30.8 5053946 5053527 genome.dna 1668443 1668941 NC_000911.gbk
1933 67.4 5055348 5053966 genome.dna 1666931 1668383 NC_000911.gbk
430 36.0 5056259 5055396 genome.dna 172883 171938 NC_000911.gbk
1147 54.6 5057853 5056312 genome.dna 174525 173013 NC_000911.gbk
139 32.8 5059187 5058948 genome.dna 176501 176255 NC_000911.gbk
228 31.2 5060037 5059237 genome.dna 177523 176692 NC_000911.gbk
1914 47.7 5063659 5061770 genome.dna 2523737 2521829 NC_000911.gbk
