554 40.5 9676 9014 genome.dna 419447 420125 NC_000853.gbk
346 40.3 10521 10940 genome.dna 977211 976803 NC_000853.gbk
1383 44.8 10948 12453 genome.dna 120891 122454 NC_000853.gbk
590 37.2 13455 14342 genome.dna 976746 975774 NC_000853.gbk
618 37.8 14538 15464 genome.dna 978123 977223 NC_000853.gbk
736 39.3 15468 16463 genome.dna 1223003 1222001 NC_000853.gbk
1590 41.1 25826 28615 genome.dna 1608379 1605697 NC_000853.gbk
789 39.4 36667 35258 genome.dna 958988 960308 NC_000853.gbk
469 51.0 39698 40135 genome.dna 755404 755854 NC_000853.gbk
1238 40.6 47188 45107 genome.dna 222027 219684 NC_000853.gbk
1602 39.0 49985 47886 genome.dna 753152 755408 NC_000853.gbk
470 38.0 50956 50333 genome.dna 1668907 1668283 NC_000853.gbk
641 33.5 62838 64181 genome.dna 1034555 1033304 NC_000853.gbk
564 37.8 93925 92960 genome.dna 1416460 1417381 NC_000853.gbk
1179 61.3 98527 99441 genome.dna 230580 231441 NC_000853.gbk
1127 34.3 115831 114374 genome.dna 122453 123932 NC_000853.gbk
1575 51.9 117217 115898 genome.dna 1653459 1654794 NC_000853.gbk
1453 44.0 118825 120366 genome.dna 975046 973474 NC_000853.gbk
613 31.9 124086 125432 genome.dna 1756037 1757267 NC_000853.gbk
791 40.1 166824 165547 genome.dna 1668057 1666872 NC_000853.gbk
478 37.9 166978 167643 genome.dna 1549285 1549954 NC_000853.gbk
92 39.2 168129 168296 genome.dna 474395 474545 NC_000853.gbk
505 50.3 170854 170375 genome.dna 766009 765523 NC_000853.gbk
615 36.9 192775 193791 genome.dna 397236 398207 NC_000853.gbk
1400 42.3 199780 202044 genome.dna 1315261 1313056 NC_000853.gbk
582 38.4 217784 218788 genome.dna 1758455 1759475 NC_000853.gbk
477 37.3 218826 219599 genome.dna 1760681 1761530 NC_000853.gbk
404 33.3 222967 223722 genome.dna 776651 775961 NC_000853.gbk
308 33.9 237567 238178 genome.dna 1691275 1690699 NC_000853.gbk
167 30.0 245968 247005 genome.dna 1692108 1691253 NC_000853.gbk
1892 70.4 250357 251541 genome.dna 1500044 1498841 NC_000853.gbk
558 60.6 252872 253300 genome.dna 475969 476395 NC_000853.gbk
774 50.4 253304 254008 genome.dna 476418 477120 NC_000853.gbk
241 34.0 254326 254823 genome.dna 477260 477800 NC_000853.gbk
444 60.8 254890 255255 genome.dna 477809 478202 NC_000853.gbk
1589 39.6 255584 259612 genome.dna 478392 482184 NC_000853.gbk
634 33.1 259736 263959 genome.dna 482200 487273 NC_000853.gbk
587 36.6 280242 278956 genome.dna 1275521 1276724 NC_000853.gbk
340 35.0 281849 280260 genome.dna 1274159 1275518 NC_000853.gbk
559 45.4 292998 292333 genome.dna 627066 626415 NC_000853.gbk
534 33.3 301263 300298 genome.dna 100504 99583 NC_000853.gbk
386 44.3 307589 307137 genome.dna 367516 367951 NC_000853.gbk
1100 53.8 313270 314313 genome.dna 622100 623111 NC_000853.gbk
380 42.4 315964 316557 genome.dna 1548744 1549359 NC_000853.gbk
691 32.6 316547 318016 genome.dna 1596943 1595578 NC_000853.gbk
1111 41.1 321945 323390 genome.dna 749261 750761 NC_000853.gbk
731 48.1 338215 337490 genome.dna 1068376 1069087 NC_000853.gbk
611 36.6 341977 341009 genome.dna 747479 748409 NC_000853.gbk
1252 47.7 345980 347242 genome.dna 113549 114815 NC_000853.gbk
761 34.2 349956 348586 genome.dna 600290 601670 NC_000853.gbk
561 58.2 352201 352629 genome.dna 1471827 1471377 NC_000853.gbk
465 54.5 352645 353037 genome.dna 1471358 1470953 NC_000853.gbk
941 36.4 357036 355618 genome.dna 1628186 1629593 NC_000853.gbk
679 36.6 362158 363087 genome.dna 541975 542887 NC_000853.gbk
493 32.7 387875 387024 genome.dna 286525 287473 NC_000853.gbk
745 42.8 399153 398326 genome.dna 1025897 1026758 NC_000853.gbk
807 37.0 400586 399423 genome.dna 845078 846266 NC_000853.gbk
936 36.0 406489 405197 genome.dna 344454 345738 NC_000853.gbk
476 31.1 413001 411592 genome.dna 1430112 1428813 NC_000853.gbk
392 49.2 431880 431494 genome.dna 230190 230577 NC_000853.gbk
864 46.6 435364 434357 genome.dna 1114932 1115874 NC_000853.gbk
1160 43.7 460910 458055 genome.dna 1794993 1792395 NC_000853.gbk
1038 39.0 485144 483705 genome.dna 467836 466459 NC_000853.gbk
285 30.4 504017 503193 genome.dna 1087452 1088163 NC_000853.gbk
1089 38.5 506771 505281 genome.dna 1088153 1089584 NC_000853.gbk
942 39.2 530287 528905 genome.dna 213145 214468 NC_000853.gbk
208 31.0 692962 692627 genome.dna 1069885 1069579 NC_000853.gbk
205 39.6 697176 697469 genome.dna 532233 532512 NC_000853.gbk
1989 59.5 697515 699164 genome.dna 532526 534143 NC_000853.gbk
398 38.7 704061 704669 genome.dna 1097511 1096917 NC_000853.gbk
956 36.4 715386 716795 genome.dna 65778 64422 NC_000853.gbk
754 30.5 755031 753277 genome.dna 1470875 1469177 NC_000853.gbk
873 43.0 755628 756641 genome.dna 151865 150881 NC_000853.gbk
224 34.0 757206 756736 genome.dna 388583 389042 NC_000853.gbk
295 41.2 761608 761919 genome.dna 1473215 1472897 NC_000853.gbk
325 58.8 761939 762196 genome.dna 1472627 1472375 NC_000853.gbk
1064 45.1 763509 764681 genome.dna 102375 101067 NC_000853.gbk
376 42.9 766454 766933 genome.dna 1687033 1686562 NC_000853.gbk
1943 49.5 768185 770122 genome.dna 612804 614637 NC_000853.gbk
727 44.0 770241 771074 genome.dna 39642 40479 NC_000853.gbk
932 43.0 771082 772419 genome.dna 197855 199145 NC_000853.gbk
234 36.6 777307 777729 genome.dna 1755523 1755070 NC_000853.gbk
219 32.8 782083 782481 genome.dna 880622 881018 NC_000853.gbk
305 51.7 783547 783816 genome.dna 1362572 1362845 NC_000853.gbk
1875 43.2 784066 786186 genome.dna 1362918 1365045 NC_000853.gbk
992 40.2 795852 797180 genome.dna 1643384 1642079 NC_000853.gbk
958 46.8 797270 798493 genome.dna 173888 172715 NC_000853.gbk
1056 50.9 805628 804636 genome.dna 1023662 1024664 NC_000853.gbk
843 41.9 812975 814090 genome.dna 225960 227055 NC_000853.gbk
451 57.4 814149 814541 genome.dna 227051 227426 NC_000853.gbk
1401 44.0 844582 846099 genome.dna 1686549 1685040 NC_000853.gbk
1521 56.3 909308 910588 genome.dna 905655 904362 NC_000853.gbk
388 46.5 927840 927358 genome.dna 264784 265262 NC_000853.gbk
1005 46.5 937176 936079 genome.dna 441867 440772 NC_000853.gbk
270 38.5 937554 938135 genome.dna 1194681 1194141 NC_000853.gbk
631 38.4 939859 940740 genome.dna 835095 835998 NC_000853.gbk
340 42.3 957261 956803 genome.dna 1096568 1096136 NC_000853.gbk
881 53.7 997695 996727 genome.dna 694323 693447 NC_000853.gbk
712 42.5 1154052 1153258 genome.dna 1487623 1486870 NC_000853.gbk
778 48.7 1154397 1155122 genome.dna 789565 790354 NC_000853.gbk
313 33.5 1155257 1156108 genome.dna 1595577 1594977 NC_000853.gbk
593 43.3 1156279 1157004 genome.dna 1594916 1594220 NC_000853.gbk
505 41.6 1157130 1157687 genome.dna 1415096 1414538 NC_000853.gbk
478 34.8 1157925 1159121 genome.dna 911386 912517 NC_000853.gbk
670 45.2 1159320 1160081 genome.dna 1414542 1413840 NC_000853.gbk
293 32.7 1160091 1160948 genome.dna 1413848 1413035 NC_000853.gbk
422 44.8 1166572 1167027 genome.dna 822543 822129 NC_000853.gbk
1346 38.8 1180703 1178139 genome.dna 1697747 1695365 NC_000853.gbk
528 33.6 1202667 1201900 genome.dna 204981 205758 NC_000853.gbk
448 36.9 1221233 1222429 genome.dna 69944 71027 NC_000853.gbk
576 41.0 1260789 1261478 genome.dna 1645375 1644631 NC_000853.gbk
494 31.5 1261506 1262828 genome.dna 1644628 1643389 NC_000853.gbk
980 45.9 1271755 1272822 genome.dna 604348 605356 NC_000853.gbk
1212 50.9 1272920 1274065 genome.dna 1551839 1552949 NC_000853.gbk
550 36.1 1276393 1277361 genome.dna 885079 885961 NC_000853.gbk
494 48.6 1278470 1278919 genome.dna 1687500 1687029 NC_000853.gbk
594 34.1 1278982 1280091 genome.dna 1804111 1803064 NC_000853.gbk
460 46.8 1280201 1280677 genome.dna 1801370 1800872 NC_000853.gbk
249 34.9 1280702 1281121 genome.dna 1741616 1742045 NC_000853.gbk
1391 42.1 1284598 1282733 genome.dna 1745881 1747708 NC_000853.gbk
339 36.2 1285528 1284617 genome.dna 166135 166954 NC_000853.gbk
872 65.8 1301367 1301990 genome.dna 719469 720081 NC_000853.gbk
1602 58.5 1302154 1303428 genome.dna 153082 151861 NC_000853.gbk
2335 47.7 1303620 1306001 genome.dna 1619674 1622038 NC_000853.gbk
277 48.3 1306200 1306472 genome.dna 277078 277351 NC_000853.gbk
1218 33.6 1312639 1314408 genome.dna 1281780 1283514 NC_000853.gbk
1012 31.0 1314401 1316176 genome.dna 43749 42003 NC_000853.gbk
567 34.0 1316909 1318201 genome.dna 422168 423476 NC_000853.gbk
516 49.7 1329655 1330212 genome.dna 1399925 1400447 NC_000853.gbk
543 41.5 1335658 1336302 genome.dna 1488282 1487619 NC_000853.gbk
568 38.7 1339959 1341608 genome.dna 1858974 1860501 NC_000853.gbk
1006 35.7 1356196 1353473 genome.dna 338972 341153 NC_000853.gbk
804 40.3 1358126 1357212 genome.dna 888871 889789 NC_000853.gbk
1416 45.2 1363499 1366138 genome.dna 1100293 1097878 NC_000853.gbk
424 39.2 1426894 1426256 genome.dna 1273561 1274179 NC_000853.gbk
368 34.6 1427931 1426894 genome.dna 1276720 1277656 NC_000853.gbk
643 49.3 1428285 1428911 genome.dna 744279 744909 NC_000853.gbk
696 39.1 1429248 1430537 genome.dna 843840 845040 NC_000853.gbk
254 34.1 1433876 1433409 genome.dna 806147 806621 NC_000853.gbk
823 44.3 1434853 1435731 genome.dna 1517308 1516423 NC_000853.gbk
483 40.1 1436929 1437642 genome.dna 1268935 1269628 NC_000853.gbk
274 60.6 1468125 1468334 genome.dna 1664783 1664984 NC_000853.gbk
173 32.4 1468782 1468399 genome.dna 17113 17497 NC_000853.gbk
654 32.6 1475506 1474394 genome.dna 865407 866430 NC_000853.gbk
759 31.4 1477420 1475516 genome.dna 624072 625746 NC_000853.gbk
262 31.8 1477924 1477454 genome.dna 870207 870663 NC_000853.gbk
184 30.9 1478243 1477926 genome.dna 153428 153095 NC_000853.gbk
2050 45.2 1483266 1480684 genome.dna 173979 176454 NC_000853.gbk
862 43.5 1492026 1490968 genome.dna 1503598 1504573 NC_000853.gbk
1061 39.1 1493774 1492350 genome.dna 686065 684733 NC_000853.gbk
265 30.6 1557428 1558144 genome.dna 240750 241425 NC_000853.gbk
537 33.1 1558773 1559834 genome.dna 1633399 1634296 NC_000853.gbk
592 33.9 1561588 1560626 genome.dna 564598 563743 NC_000853.gbk
670 35.5 1571894 1570848 genome.dna 298100 299171 NC_000853.gbk
374 32.5 1573036 1572017 genome.dna 537030 536100 NC_000853.gbk
497 31.4 1598005 1595975 genome.dna 1102196 1100306 NC_000853.gbk
1440 47.0 1638449 1639855 genome.dna 459481 460891 NC_000853.gbk
947 46.5 1656775 1657761 genome.dna 432052 433057 NC_000853.gbk
554 34.7 1674049 1674948 genome.dna 1023534 1022634 NC_000853.gbk
728 36.8 1732656 1729534 genome.dna 1214045 1210781 NC_000853.gbk
641 48.2 1763515 1764231 genome.dna 727795 727108 NC_000853.gbk
442 38.1 1779652 1780665 genome.dna 239812 240751 NC_000853.gbk
213 40.0 1862440 1862120 genome.dna 1018789 1018462 NC_000853.gbk
1060 33.7 1937404 1939404 genome.dna 724926 722910 NC_000853.gbk
321 35.5 1939436 1939933 genome.dna 741129 741588 NC_000853.gbk
400 30.9 1942291 1943163 genome.dna 493960 493111 NC_000853.gbk
850 40.1 1943163 1944215 genome.dna 426305 427340 NC_000853.gbk
792 40.0 1945543 1946694 genome.dna 928950 927825 NC_000853.gbk
1774 43.2 1946687 1948771 genome.dna 927829 925792 NC_000853.gbk
380 46.4 1951419 1951823 genome.dna 1384515 1384938 NC_000853.gbk
317 32.8 1951839 1952513 genome.dna 701005 701680 NC_000853.gbk
854 48.8 1954611 1955393 genome.dna 1534955 1534169 NC_000853.gbk
619 33.1 1956304 1957413 genome.dna 1532702 1531700 NC_000853.gbk
200 33.0 1962586 1962317 genome.dna 721031 720764 NC_000853.gbk
641 40.3 1963383 1962607 genome.dna 721787 721037 NC_000853.gbk
1292 47.0 1968985 1967612 genome.dna 234733 233416 NC_000853.gbk
703 37.2 1970689 1969697 genome.dna 236412 235404 NC_000853.gbk
226 35.5 1974025 1973615 genome.dna 1193540 1193126 NC_000853.gbk
469 37.0 1975728 1976600 genome.dna 786002 784838 NC_000853.gbk
538 56.3 2008746 2008288 genome.dna 1201329 1201830 NC_000853.gbk
208 42.0 2010635 2010913 genome.dna 1554531 1554804 NC_000853.gbk
349 40.0 2016186 2015680 genome.dna 428165 428615 NC_000853.gbk
89 33.3 2040877 2041047 genome.dna 156408 156225 NC_000853.gbk
590 37.1 2041077 2042123 genome.dna 156200 155237 NC_000853.gbk
616 38.2 2043101 2044030 genome.dna 820686 819804 NC_000853.gbk
732 44.7 2044045 2044779 genome.dna 1702176 1701435 NC_000853.gbk
217 46.8 2044934 2045170 genome.dna 691479 691233 NC_000853.gbk
1113 41.5 2045253 2046494 genome.dna 823778 822539 NC_000853.gbk
396 36.5 2048443 2049102 genome.dna 1116457 1117051 NC_000853.gbk
543 35.8 2050132 2050929 genome.dna 695063 695834 NC_000853.gbk
333 34.3 2074702 2075532 genome.dna 520463 519722 NC_000853.gbk
981 36.8 2112831 2114330 genome.dna 1386582 1387977 NC_000853.gbk
684 46.3 2114428 2115174 genome.dna 1385845 1386586 NC_000853.gbk
1023 40.9 2116495 2117718 genome.dna 1389071 1390313 NC_000853.gbk
1079 39.4 2121733 2120321 genome.dna 224626 223225 NC_000853.gbk
270 31.5 2181519 2182154 genome.dna 1803080 1802507 NC_000853.gbk
927 43.3 2207996 2209093 genome.dna 973467 972471 NC_000853.gbk
879 50.0 2209283 2210113 genome.dna 972464 971603 NC_000853.gbk
670 35.1 2210106 2211050 genome.dna 971607 970671 NC_000853.gbk
330 37.7 2218378 2219073 genome.dna 299121 299886 NC_000853.gbk
385 31.5 2463282 2462086 genome.dna 1512682 1511608 NC_000853.gbk
877 40.9 2487322 2486231 genome.dna 1268165 1267091 NC_000853.gbk
388 36.8 2488039 2487452 genome.dna 1615109 1614548 NC_000853.gbk
1054 53.3 2489732 2488785 genome.dna 1616738 1615790 NC_000853.gbk
933 45.4 2492889 2493971 genome.dna 1383090 1384119 NC_000853.gbk
351 34.0 2493971 2494816 genome.dna 518377 519226 NC_000853.gbk
1886 54.0 2578455 2579960 genome.dna 291279 289788 NC_000853.gbk
744 56.9 2580340 2580921 genome.dna 262092 262668 NC_000853.gbk
401 34.8 2583574 2584629 genome.dna 259869 260826 NC_000853.gbk
588 48.8 2585266 2585973 genome.dna 261493 262096 NC_000853.gbk
443 38.0 2585970 2586605 genome.dna 384714 385356 NC_000853.gbk
301 33.7 2595969 2596559 genome.dna 1477828 1477315 NC_000853.gbk
1520 58.2 2607572 2608762 genome.dna 144703 143533 NC_000853.gbk
350 35.5 2608762 2609568 genome.dna 143537 142817 NC_000853.gbk
1031 50.5 2627092 2626058 genome.dna 1726711 1727698 NC_000853.gbk
764 40.7 2629936 2629016 genome.dna 1723858 1724884 NC_000853.gbk
266 31.6 2637907 2637311 genome.dna 421861 421306 NC_000853.gbk
1079 49.8 2654735 2655739 genome.dna 713249 714251 NC_000853.gbk
551 39.1 2657649 2656798 genome.dna 1719848 1719023 NC_000853.gbk
630 37.9 2679167 2679979 genome.dna 1852766 1853582 NC_000853.gbk
285 31.4 2709729 2710394 genome.dna 1280564 1279913 NC_000853.gbk
575 39.0 2712101 2712862 genome.dna 462980 463748 NC_000853.gbk
659 37.3 2714816 2715706 genome.dna 452273 451412 NC_000853.gbk
1159 49.6 2716618 2717745 genome.dna 1301312 1302422 NC_000853.gbk
1172 35.0 2726216 2727934 genome.dna 304875 306672 NC_000853.gbk
1521 34.1 2731236 2728849 genome.dna 847407 849774 NC_000853.gbk
1119 50.6 2732234 2731251 genome.dna 846414 847392 NC_000853.gbk
380 53.4 2732903 2732547 genome.dna 1581483 1581840 NC_000853.gbk
148 45.2 2733144 2732947 genome.dna 1581272 1581470 NC_000853.gbk
463 50.7 2733782 2733240 genome.dna 1580823 1581258 NC_000853.gbk
1980 43.9 2735713 2733785 genome.dna 765527 763604 NC_000853.gbk
442 32.5 2738767 2737976 genome.dna 65879 66620 NC_000853.gbk
517 34.3 2757088 2758194 genome.dna 546737 545660 NC_000853.gbk
638 41.2 2766822 2767682 genome.dna 1394637 1395426 NC_000853.gbk
762 38.0 2768546 2769589 genome.dna 1392509 1393520 NC_000853.gbk
359 35.8 2788070 2787564 genome.dna 1141109 1141604 NC_000853.gbk
338 35.1 2793288 2792647 genome.dna 66682 67300 NC_000853.gbk
1226 42.0 2794931 2793456 genome.dna 1170042 1168551 NC_000853.gbk
470 32.7 2795320 2796189 genome.dna 346521 347364 NC_000853.gbk
501 36.6 2801685 2802443 genome.dna 131287 132010 NC_000853.gbk
1132 51.6 2809298 2808294 genome.dna 1706618 1707623 NC_000853.gbk
278 31.5 2809923 2809306 genome.dna 171424 170848 NC_000853.gbk
378 42.8 2810663 2810151 genome.dna 605429 605936 NC_000853.gbk
758 47.2 2811487 2810744 genome.dna 495391 494626 NC_000853.gbk
1713 45.4 2813755 2811956 genome.dna 1456159 1457899 NC_000853.gbk
249 34.4 2890358 2889900 genome.dna 804718 804328 NC_000853.gbk
798 32.8 2917289 2918617 genome.dna 1057715 1056428 NC_000853.gbk
330 35.6 2920770 2921360 genome.dna 1054844 1054238 NC_000853.gbk
775 50.6 2922086 2922862 genome.dna 1053545 1052783 NC_000853.gbk
492 41.1 2922856 2923488 genome.dna 1052787 1052193 NC_000853.gbk
842 33.1 2925698 2924025 genome.dna 1459707 1461338 NC_000853.gbk
491 38.9 2926492 2925815 genome.dna 1458234 1458897 NC_000853.gbk
468 30.7 2928002 2926713 genome.dna 362976 364209 NC_000853.gbk
1413 52.7 2975613 2974318 genome.dna 1396220 1397498 NC_000853.gbk
320 61.1 2988043 2988261 genome.dna 1486869 1486643 NC_000853.gbk
1072 41.6 2992855 2990582 genome.dna 210686 213149 NC_000853.gbk
211 30.8 3002657 3002334 genome.dna 790696 790375 NC_000853.gbk
484 35.7 3005969 3006700 genome.dna 627821 627080 NC_000853.gbk
669 39.9 3009847 3009002 genome.dna 1395422 1396193 NC_000853.gbk
1027 44.7 3011957 3010824 genome.dna 1393534 1394641 NC_000853.gbk
612 50.5 3019705 3020373 genome.dna 1550510 1551257 NC_000853.gbk
959 36.2 3042056 3043384 genome.dna 1845496 1844203 NC_000853.gbk
560 35.1 3065575 3066420 genome.dna 379513 380377 NC_000853.gbk
549 40.0 3084419 3083724 genome.dna 274545 275265 NC_000853.gbk
1470 36.0 3132141 3129835 genome.dna 78139 80476 NC_000853.gbk
344 33.7 3140808 3141479 genome.dna 755855 756434 NC_000853.gbk
416 30.0 3157972 3158883 genome.dna 1689322 1688377 NC_000853.gbk
2182 51.6 3161386 3159374 genome.dna 1738561 1736566 NC_000853.gbk
760 39.8 3173816 3172911 genome.dna 1724901 1725771 NC_000853.gbk
683 30.6 3176400 3174856 genome.dna 1165032 1163520 NC_000853.gbk
226 33.2 3230474 3228642 genome.dna 275224 276898 NC_000853.gbk
912 40.3 3290769 3289561 genome.dna 1671276 1670121 NC_000853.gbk
676 32.2 3312061 3311105 genome.dna 556969 557935 NC_000853.gbk
1156 47.5 3395711 3396913 genome.dna 287485 288697 NC_000853.gbk
399 39.1 3401548 3400997 genome.dna 1118140 1118710 NC_000853.gbk
479 35.7 3409858 3408341 genome.dna 1272305 1273601 NC_000853.gbk
378 31.1 3412525 3411257 genome.dna 172704 171411 NC_000853.gbk
513 38.0 3415469 3414618 genome.dna 1561773 1562511 NC_000853.gbk
519 33.0 3416479 3415469 genome.dna 1518991 1518007 NC_000853.gbk
544 31.8 3427528 3426443 genome.dna 364963 366094 NC_000853.gbk
616 32.8 3455799 3454780 genome.dna 83181 82212 NC_000853.gbk
323 31.8 3459693 3458845 genome.dna 1674335 1675058 NC_000853.gbk
317 40.0 3500331 3500732 genome.dna 1026798 1027206 NC_000853.gbk
523 30.1 3512886 3511738 genome.dna 695830 696964 NC_000853.gbk
545 34.7 3516455 3517318 genome.dna 1743698 1744514 NC_000853.gbk
1270 44.3 3519048 3517663 genome.dna 741605 742988 NC_000853.gbk
510 52.0 3521609 3522118 genome.dna 469683 469167 NC_000853.gbk
928 53.8 3527868 3527053 genome.dna 1288410 1287654 NC_000853.gbk
739 35.3 3540580 3539417 genome.dna 1208168 1207115 NC_000853.gbk
543 31.3 3541630 3540590 genome.dna 1209121 1208164 NC_000853.gbk
789 36.0 3546973 3548205 genome.dna 1230295 1229119 NC_000853.gbk
1446 35.4 3551956 3554016 genome.dna 333533 335552 NC_000853.gbk
458 30.4 3557435 3556470 genome.dna 337186 338146 NC_000853.gbk
1464 50.9 3590632 3589055 genome.dna 1796156 1797662 NC_000853.gbk
1737 54.9 3592205 3590739 genome.dna 1366266 1367715 NC_000853.gbk
538 35.7 3599984 3598497 genome.dna 1461341 1462661 NC_000853.gbk
1027 41.6 3603229 3601955 genome.dna 1106384 1107647 NC_000853.gbk
901 41.9 3604488 3603367 genome.dna 913994 915029 NC_000853.gbk
781 38.8 3607701 3606505 genome.dna 1692208 1693240 NC_000853.gbk
470 31.0 3610387 3611748 genome.dna 1308084 1309332 NC_000853.gbk
496 38.0 3622920 3623723 genome.dna 1430812 1430113 NC_000853.gbk
783 36.7 3625021 3626103 genome.dna 203941 204976 NC_000853.gbk
1651 59.7 3635387 3634134 genome.dna 742999 744283 NC_000853.gbk
339 50.0 3640872 3640534 genome.dna 423489 423831 NC_000853.gbk
645 38.2 3682691 3681786 genome.dna 872373 873276 NC_000853.gbk
419 34.1 3683368 3682688 genome.dna 1118696 1119419 NC_000853.gbk
2140 52.6 3686442 3684643 genome.dna 1611720 1609854 NC_000853.gbk
386 39.1 3689432 3688857 genome.dna 1589073 1589643 NC_000853.gbk
992 36.8 3698228 3696813 genome.dna 1855906 1857370 NC_000853.gbk
760 44.8 3732844 3733638 genome.dna 1704501 1705314 NC_000853.gbk
781 45.1 3733793 3734647 genome.dna 1094874 1094031 NC_000853.gbk
268 39.5 3734665 3735045 genome.dna 955089 955434 NC_000853.gbk
354 34.9 3738313 3737777 genome.dna 222590 222074 NC_000853.gbk
717 41.3 3742499 3743362 genome.dna 687028 686137 NC_000853.gbk
123 30.1 3744803 3745042 genome.dna 1048777 1048534 NC_000853.gbk
1246 47.3 3762599 3760023 genome.dna 1405220 1407596 NC_000853.gbk
704 41.7 3764478 3763501 genome.dna 492693 491757 NC_000853.gbk
412 55.3 3773009 3772662 genome.dna 1558628 1558976 NC_000853.gbk
694 44.7 3773827 3773072 genome.dna 1557316 1558054 NC_000853.gbk
226 42.1 3774681 3774433 genome.dna 1556270 1556558 NC_000853.gbk
1477 52.2 3776200 3774839 genome.dna 1554955 1556257 NC_000853.gbk
2191 42.8 3784972 3782345 genome.dna 1413039 1410447 NC_000853.gbk
1251 57.8 3786717 3785644 genome.dna 1843126 1842055 NC_000853.gbk
1156 43.0 3882715 3881462 genome.dna 311054 312302 NC_000853.gbk
469 39.1 3883829 3882726 genome.dna 312298 313360 NC_000853.gbk
839 45.0 3898447 3899475 genome.dna 930685 929653 NC_000853.gbk
1704 48.0 3956293 3958011 genome.dna 541904 540170 NC_000853.gbk
362 41.4 3963052 3962555 genome.dna 681108 681606 NC_000853.gbk
934 59.6 3966155 3966877 genome.dna 626419 625690 NC_000853.gbk
260 41.3 3984884 3985300 genome.dna 38500 38863 NC_000853.gbk
1576 59.0 4001743 4000448 genome.dna 900826 899542 NC_000853.gbk
994 46.6 4003479 4001842 genome.dna 823919 825494 NC_000853.gbk
509 43.7 4004518 4003706 genome.dna 932435 931667 NC_000853.gbk
1646 41.4 4027241 4025196 genome.dna 105193 103126 NC_000853.gbk
224 30.4 4036522 4035704 genome.dna 915632 916346 NC_000853.gbk
388 39.8 4037132 4037767 genome.dna 1462665 1463256 NC_000853.gbk
206 44.4 4060248 4060021 genome.dna 638750 638978 NC_000853.gbk
543 38.3 4068636 4067902 genome.dna 1717546 1718275 NC_000853.gbk
1391 35.7 4071195 4068739 genome.dna 744923 747056 NC_000853.gbk
864 43.8 4076878 4075862 genome.dna 1381990 1383073 NC_000853.gbk
334 36.5 4079441 4080034 genome.dna 165492 164901 NC_000853.gbk
545 31.1 4080027 4081166 genome.dna 1180763 1181888 NC_000853.gbk
186 31.1 4086876 4086421 genome.dna 1698178 1697743 NC_000853.gbk
1156 43.4 4114440 4115846 genome.dna 1713278 1714634 NC_000853.gbk
315 41.2 4137049 4136630 genome.dna 1853877 1854276 NC_000853.gbk
2277 54.2 4139901 4137067 genome.dna 509596 506845 NC_000853.gbk
418 31.6 4217612 4218277 genome.dna 314042 313385 NC_000853.gbk
637 35.0 4231793 4230366 genome.dna 400050 401400 NC_000853.gbk
416 33.3 4244964 4245854 genome.dna 1634300 1635122 NC_000853.gbk
987 44.7 4255592 4252890 genome.dna 1565829 1568445 NC_000853.gbk
935 45.6 4258960 4257809 genome.dna 861395 862451 NC_000853.gbk
645 38.1 4262088 4261168 genome.dna 268746 269658 NC_000853.gbk
494 30.2 4263557 4262097 genome.dna 246323 244949 NC_000853.gbk
418 39.8 4268312 4267230 genome.dna 250624 249715 NC_000853.gbk
798 34.1 4271151 4269664 genome.dna 253370 251897 NC_000853.gbk
579 41.8 4274186 4273242 genome.dna 894830 893930 NC_000853.gbk
375 37.8 4277861 4277370 genome.dna 576342 576858 NC_000853.gbk
1472 47.6 4282166 4283764 genome.dna 581137 582679 NC_000853.gbk
1297 55.7 4283764 4284855 genome.dna 584442 585507 NC_000853.gbk
418 34.1 4284858 4286258 genome.dna 582680 583934 NC_000853.gbk
389 32.5 4319027 4319845 genome.dna 1452975 1452135 NC_000853.gbk
163 31.3 4323873 4323391 genome.dna 1629571 1630090 NC_000853.gbk
1990 55.3 4330684 4327460 genome.dna 588824 585524 NC_000853.gbk
454 46.8 4331847 4330699 genome.dna 590002 588823 NC_000853.gbk
182 32.3 4333114 4332293 genome.dna 1516427 1515776 NC_000853.gbk
224 31.0 4334402 4333452 genome.dna 1458893 1459721 NC_000853.gbk
219 31.2 4335368 4334856 genome.dna 493111 492550 NC_000853.gbk
2625 42.8 4338181 4335368 genome.dna 1379226 1381986 NC_000853.gbk
392 35.7 4339154 4338213 genome.dna 881949 882831 NC_000853.gbk
206 42.4 4339580 4339843 genome.dna 1646433 1646142 NC_000853.gbk
632 40.2 4343498 4342359 genome.dna 875485 874375 NC_000853.gbk
1728 50.7 4345514 4343607 genome.dna 392267 394058 NC_000853.gbk
264 30.1 4362071 4361421 genome.dna 1391737 1392343 NC_000853.gbk
424 32.4 4377440 4376580 genome.dna 1553750 1554557 NC_000853.gbk
1158 60.1 4388480 4389631 genome.dna 1647636 1646448 NC_000853.gbk
568 41.2 4398393 4397095 genome.dna 1113735 1114929 NC_000853.gbk
339 30.7 4399815 4398820 genome.dna 1799224 1800076 NC_000853.gbk
909 40.4 4402445 4401165 genome.dna 551602 552823 NC_000853.gbk
676 37.5 4403893 4402952 genome.dna 550362 551280 NC_000853.gbk
383 34.1 4409618 4408062 genome.dna 939881 941354 NC_000853.gbk
378 32.6 4429982 4429287 genome.dna 1192294 1191616 NC_000853.gbk
545 36.8 4435653 4436702 genome.dna 1693847 1694735 NC_000853.gbk
439 36.5 4448185 4447619 genome.dna 1740657 1741215 NC_000853.gbk
1065 49.5 4471827 4470898 genome.dna 904358 903443 NC_000853.gbk
199 31.5 4479596 4478769 genome.dna 364205 364967 NC_000853.gbk
536 36.3 4482321 4481200 genome.dna 262961 263975 NC_000853.gbk
381 39.8 4482450 4482959 genome.dna 1649520 1649025 NC_000853.gbk
727 39.3 4482986 4483933 genome.dna 552819 553761 NC_000853.gbk
628 32.4 4484001 4485290 genome.dna 1508255 1509551 NC_000853.gbk
270 38.6 4488068 4487676 genome.dna 1484043 1483647 NC_000853.gbk
227 38.1 4489098 4488109 genome.dna 1485057 1484046 NC_000853.gbk
666 49.5 4489744 4489124 genome.dna 1485692 1485062 NC_000853.gbk
483 54.6 4490164 4489775 genome.dna 1486097 1485704 NC_000853.gbk
380 49.1 4490537 4490181 genome.dna 1486493 1486115 NC_000853.gbk
168 60.5 4490800 4490684 genome.dna 1486625 1486508 NC_000853.gbk
792 42.1 4492165 4490834 genome.dna 1489574 1488278 NC_000853.gbk
343 41.4 4492607 4492173 genome.dna 1490018 1489574 NC_000853.gbk
141 38.6 4492790 4492611 genome.dna 1490218 1490014 NC_000853.gbk
549 50.9 4493297 4492797 genome.dna 1490747 1490210 NC_000853.gbk
362 51.7 4493665 4493312 genome.dna 1491130 1490761 NC_000853.gbk
525 43.2 4494208 4493675 genome.dna 1491699 1491144 NC_000853.gbk
402 51.5 4494614 4494222 genome.dna 1492117 1491712 NC_000853.gbk
696 55.1 4495506 4494967 genome.dna 1492887 1492332 NC_000853.gbk
328 52.9 4495835 4495521 genome.dna 1493218 1492900 NC_000853.gbk
495 60.7 4496217 4495846 genome.dna 1493599 1493230 NC_000853.gbk
152 43.3 4496826 4496635 genome.dna 1494124 1493923 NC_000853.gbk
526 59.7 4497236 4496826 genome.dna 1494549 1494120 NC_000853.gbk
719 51.7 4497950 4497249 genome.dna 1495193 1494563 NC_000853.gbk
388 59.3 4498593 4498315 genome.dna 1495981 1495693 NC_000853.gbk
1139 61.1 4499431 4498610 genome.dna 1496825 1495994 NC_000853.gbk
201 42.4 4499751 4499449 genome.dna 1497141 1496838 NC_000853.gbk
421 41.1 4500353 4499748 genome.dna 1497820 1497112 NC_000853.gbk
652 49.5 4500993 4500364 genome.dna 1498464 1497840 NC_000853.gbk
405 55.9 4501337 4501026 genome.dna 1498791 1498482 NC_000853.gbk
2323 56.4 4505956 4503842 genome.dna 1502143 1500055 NC_000853.gbk
577 55.2 4506523 4506053 genome.dna 1502616 1502148 NC_000853.gbk
591 70.7 4506994 4506620 genome.dna 1503017 1502627 NC_000853.gbk
440 36.7 4514856 4514044 genome.dna 1707634 1708324 NC_000853.gbk
308 41.8 4528763 4528356 genome.dna 937885 938302 NC_000853.gbk
1113 45.7 4531124 4529898 genome.dna 1761532 1762690 NC_000853.gbk
785 40.7 4542308 4541385 genome.dna 1167879 1166973 NC_000853.gbk
574 34.5 4557783 4556779 genome.dna 521100 522087 NC_000853.gbk
550 40.4 4559154 4558477 genome.dna 1694734 1695397 NC_000853.gbk
390 32.3 4597541 4596258 genome.dna 308175 309279 NC_000853.gbk
955 35.6 4634257 4632818 genome.dna 916978 918439 NC_000853.gbk
803 43.7 4635563 4634286 genome.dna 255143 256415 NC_000853.gbk
756 31.4 4690836 4689472 genome.dna 1112434 1113730 NC_000853.gbk
719 35.7 4703612 4702350 genome.dna 616472 617777 NC_000853.gbk
1271 54.9 4704862 4703738 genome.dna 1051056 1052193 NC_000853.gbk
1518 54.8 4708658 4707399 genome.dna 1483593 1482309 NC_000853.gbk
555 30.8 4714432 4712411 genome.dna 1266721 1264774 NC_000853.gbk
582 42.3 4729969 4728119 genome.dna 577857 579522 NC_000853.gbk
1608 47.7 4732978 4731332 genome.dna 574591 576346 NC_000853.gbk
1182 41.5 4733613 4735139 genome.dna 540174 538668 NC_000853.gbk
403 32.0 4759858 4759052 genome.dna 1261400 1260602 NC_000853.gbk
676 36.6 4766891 4765731 genome.dna 1295455 1296595 NC_000853.gbk
197 42.6 4770684 4770469 genome.dna 1665105 1665321 NC_000853.gbk
603 31.9 4773468 4774511 genome.dna 965976 964977 NC_000853.gbk
742 67.8 4775884 4776414 genome.dna 546818 547349 NC_000853.gbk
1004 52.8 4776424 4777755 genome.dna 547360 548752 NC_000853.gbk
275 42.4 4780345 4781184 genome.dna 1445403 1446108 NC_000853.gbk
2116 62.8 4781238 4782749 genome.dna 1446139 1447588 NC_000853.gbk
834 42.0 4825789 4824827 genome.dna 225599 224639 NC_000853.gbk
629 34.8 4839358 4838507 genome.dna 1135200 1136031 NC_000853.gbk
774 39.4 4840266 4839379 genome.dna 1134278 1135187 NC_000853.gbk
777 31.0 4841673 4840339 genome.dna 1132964 1134275 NC_000853.gbk
742 33.8 4859267 4858077 genome.dna 1144432 1143190 NC_000853.gbk
803 54.1 4859998 4859297 genome.dna 1152079 1152799 NC_000853.gbk
454 46.9 4860774 4860004 genome.dna 1151232 1152087 NC_000853.gbk
772 40.5 4862968 4862042 genome.dna 1149260 1150160 NC_000853.gbk
452 30.5 4864237 4863125 genome.dna 1148069 1149182 NC_000853.gbk
1040 47.6 4926494 4925484 genome.dna 56716 55699 NC_000853.gbk
1142 55.3 4927471 4926491 genome.dna 529535 528551 NC_000853.gbk
878 39.8 4929420 4928401 genome.dna 1163477 1162469 NC_000853.gbk
878 39.8 4929420 4928401 genome.dna 1163477 1162469 NC_000853.gbk
358 31.6 4969043 4968228 genome.dna 683933 683126 NC_000853.gbk
746 30.5 4985096 4983699 genome.dna 945572 944249 NC_000853.gbk
175 63.6 4985770 4985910 genome.dna 1476394 1476259 NC_000853.gbk
174 33.0 4985929 4986288 genome.dna 1476263 1475909 NC_000853.gbk
902 37.0 4988276 4989640 genome.dna 278732 277379 NC_000853.gbk
1102 44.9 5010680 5009268 genome.dna 629245 627859 NC_000853.gbk
407 32.8 5019301 5018414 genome.dna 1289224 1288393 NC_000853.gbk
703 33.0 5026700 5027902 genome.dna 1280672 1281806 NC_000853.gbk
1611 43.9 5049054 5047222 genome.dna 155266 153445 NC_000853.gbk
1133 42.0 5050610 5049240 genome.dna 1618077 1616739 NC_000853.gbk
2107 68.5 5055348 5053966 genome.dna 1600115 1598708 NC_000853.gbk
290 31.9 5056259 5055396 genome.dna 1600948 1600126 NC_000853.gbk
1228 55.9 5057853 5056312 genome.dna 1602481 1600969 NC_000853.gbk
271 32.1 5058884 5058414 genome.dna 1603520 1603025 NC_000853.gbk
274 31.8 5061686 5061066 genome.dna 730367 731084 NC_000853.gbk
1943 48.9 5063659 5061770 genome.dna 272659 274549 NC_000853.gbk
