206 30.1 1026 565 genome.dna 936249 936690 NC_003062.gbk
1854 45.4 5629 7497 genome.dna 711541 713461 NC_003062.gbk
579 39.6 9676 9014 genome.dna 2436112 2435374 NC_003062.gbk
1490 45.8 10948 12453 genome.dna 2823521 2821955 NC_003062.gbk
790 47.3 12461 13429 genome.dna 1877663 1876682 NC_003062.gbk
523 31.6 13455 14342 genome.dna 1876664 1875620 NC_003062.gbk
575 34.1 14538 15464 genome.dna 359247 358347 NC_003062.gbk
351 36.6 22684 22163 genome.dna 1683991 1684507 NC_003062.gbk
267 32.0 23264 22674 genome.dna 1683338 1683995 NC_003062.gbk
1682 42.7 25826 28615 genome.dna 112925 116021 NC_003062.gbk
217 38.7 29669 29034 genome.dna 375865 375211 NC_003062.gbk
950 35.9 30749 32122 genome.dna 1583123 1581770 NC_003062.gbk
1318 43.5 33859 32447 genome.dna 1439095 1440547 NC_003062.gbk
498 32.1 34917 33868 genome.dna 1437950 1439099 NC_003062.gbk
2058 63.4 36667 35258 genome.dna 1754040 1755450 NC_003062.gbk
2148 54.7 37037 38860 genome.dna 2646861 2645040 NC_003062.gbk
1449 41.8 47188 45107 genome.dna 1766280 1768395 NC_003062.gbk
1409 35.5 49985 47886 genome.dna 1022397 1024692 NC_003062.gbk
564 43.2 50956 50333 genome.dna 1090236 1090899 NC_003062.gbk
1334 52.0 59253 58054 genome.dna 590043 591306 NC_003062.gbk
1299 34.7 70479 68437 genome.dna 2649066 2647011 NC_003062.gbk
665 42.2 76671 77513 genome.dna 1124502 1123710 NC_003062.gbk
994 38.4 77642 78994 genome.dna 1594814 1593419 NC_003062.gbk
376 36.6 81805 82428 genome.dna 2653499 2654207 NC_003062.gbk
561 34.8 93925 92960 genome.dna 79984 78979 NC_003062.gbk
565 47.0 97287 96724 genome.dna 666058 666751 NC_003062.gbk
493 36.5 97589 98332 genome.dna 1886028 1885206 NC_003062.gbk
1128 63.8 98527 99441 genome.dna 625944 626964 NC_003062.gbk
469 33.6 99451 101520 genome.dna 631536 633690 NC_003062.gbk
436 45.3 110262 109636 genome.dna 872645 873248 NC_003062.gbk
565 42.0 111355 110522 genome.dna 2603731 2602885 NC_003062.gbk
2445 69.7 111626 113161 genome.dna 2195009 2193386 NC_003062.gbk
455 38.9 117691 118689 genome.dna 2326516 2325451 NC_003062.gbk
1450 46.7 118825 120366 genome.dna 2325340 2323822 NC_003062.gbk
939 38.9 120344 121525 genome.dna 2323826 2322629 NC_003062.gbk
1178 47.5 140268 141428 genome.dna 2295817 2296966 NC_003062.gbk
483 34.0 151546 150683 genome.dna 1089343 1090231 NC_003062.gbk
537 42.1 155671 154589 genome.dna 2478205 2479294 NC_003062.gbk
907 59.2 162282 162998 genome.dna 321696 320844 NC_003062.gbk
380 44.9 165569 165111 genome.dna 307166 306695 NC_003062.gbk
844 44.3 166824 165547 genome.dna 309010 310114 NC_003062.gbk
460 41.1 168516 169325 genome.dna 314328 315306 NC_003062.gbk
427 41.6 170854 170375 genome.dna 1668460 1667965 NC_003062.gbk
786 35.1 172168 170891 genome.dna 693249 694572 NC_003062.gbk
751 36.2 186786 187982 genome.dna 2593226 2591954 NC_003062.gbk
544 31.0 187993 189078 genome.dna 1402335 1403451 NC_003062.gbk
801 42.3 192775 193791 genome.dna 2634309 2633325 NC_003062.gbk
838 51.6 193935 194756 genome.dna 1558040 1557176 NC_003062.gbk
736 46.5 222967 223722 genome.dna 314269 313489 NC_003062.gbk
1001 35.1 224355 225995 genome.dna 313453 311878 NC_003062.gbk
163 39.2 226078 226338 genome.dna 1691340 1691127 NC_003062.gbk
449 35.5 226939 227694 genome.dna 1690337 1689533 NC_003062.gbk
1152 53.1 228573 229595 genome.dna 1156560 1155477 NC_003062.gbk
1056 36.1 238222 239673 genome.dna 1198328 1196870 NC_003062.gbk
1078 52.9 248939 247989 genome.dna 40580 39578 NC_003062.gbk
1986 74.7 250357 251541 genome.dna 1917001 1915825 NC_003062.gbk
1986 74.7 250357 251541 genome.dna 1937354 1936178 NC_003062.gbk
660 54.3 252164 252709 genome.dna 1934512 1933981 NC_003062.gbk
556 59.6 252872 253300 genome.dna 1933836 1933404 NC_003062.gbk
802 52.4 253304 254008 genome.dna 1933408 1932706 NC_003062.gbk
282 35.5 254326 254823 genome.dna 1932350 1931831 NC_003062.gbk
403 60.0 254890 255255 genome.dna 1931772 1931394 NC_003062.gbk
3863 58.4 255584 259612 genome.dna 1931230 1926994 NC_003062.gbk
5327 58.2 259736 263959 genome.dna 1926855 1922604 NC_003062.gbk
586 40.0 269828 269043 genome.dna 2538529 2537755 NC_003062.gbk
578 41.3 270806 270027 genome.dna 76897 77755 NC_003062.gbk
2694 68.3 273440 271446 genome.dna 2541638 2539703 NC_003062.gbk
826 39.0 275283 276347 genome.dna 2841173 2840138 NC_003062.gbk
1584 56.3 280242 278956 genome.dna 638561 637283 NC_003062.gbk
1629 53.5 281849 280260 genome.dna 2827816 2826127 NC_003062.gbk
1301 77.6 288581 287820 genome.dna 1565680 1566454 NC_003062.gbk
1117 50.6 289684 288590 genome.dna 1564510 1565668 NC_003062.gbk
1158 47.2 290872 289694 genome.dna 1563305 1564508 NC_003062.gbk
1340 57.4 291953 290928 genome.dna 1562170 1563202 NC_003062.gbk
633 33.9 295276 296334 genome.dna 2819822 2818799 NC_003062.gbk
818 44.9 301263 300298 genome.dna 1436937 1437954 NC_003062.gbk
1856 60.6 306633 305290 genome.dna 1317990 1316643 NC_003062.gbk
386 45.1 307112 306645 genome.dna 1318491 1318002 NC_003062.gbk
435 46.8 307589 307137 genome.dna 1319005 1318516 NC_003062.gbk
375 36.9 308443 307844 genome.dna 1898360 1899008 NC_003062.gbk
1119 51.9 309481 308480 genome.dna 1897317 1898358 NC_003062.gbk
400 43.1 315964 316557 genome.dna 526304 525680 NC_003062.gbk
1537 52.1 321945 323390 genome.dna 761303 759980 NC_003062.gbk
917 37.9 331816 333156 genome.dna 690472 691834 NC_003062.gbk
172 35.4 334075 333803 genome.dna 33484 33208 NC_003062.gbk
360 40.0 335599 335126 genome.dna 324082 323620 NC_003062.gbk
875 37.2 337440 336007 genome.dna 326515 324970 NC_003062.gbk
897 56.1 338215 337490 genome.dna 327477 326667 NC_003062.gbk
175 31.0 338791 338219 genome.dna 328077 327486 NC_003062.gbk
595 37.9 342391 343203 genome.dna 1630359 1629471 NC_003062.gbk
1136 49.3 345980 347242 genome.dna 530947 529654 NC_003062.gbk
919 39.0 349956 348586 genome.dna 2002685 2001203 NC_003062.gbk
576 58.0 352201 352629 genome.dna 1236774 1236300 NC_003062.gbk
456 54.0 352645 353037 genome.dna 1236298 1235830 NC_003062.gbk
555 39.1 355354 354581 genome.dna 1882462 1883248 NC_003062.gbk
1068 33.0 361542 357046 genome.dna 148507 154084 NC_003062.gbk
655 43.8 372605 373492 genome.dna 295103 295880 NC_003062.gbk
1814 41.3 392535 394805 genome.dna 1151636 1153889 NC_003062.gbk
400 33.9 397546 398283 genome.dna 2584703 2585456 NC_003062.gbk
1001 43.0 404861 403671 genome.dna 1561802 1560614 NC_003062.gbk
990 36.9 406489 405197 genome.dna 2739692 2740970 NC_003062.gbk
513 31.1 408325 407348 genome.dna 2741000 2742008 NC_003062.gbk
791 51.3 409087 410001 genome.dna 166540 167563 NC_003062.gbk
544 61.7 410005 410430 genome.dna 167569 168073 NC_003062.gbk
378 30.9 417112 416177 genome.dna 395418 396360 NC_003062.gbk
577 35.3 428913 428092 genome.dna 2318125 2318947 NC_003062.gbk
567 34.2 429839 428910 genome.dna 2317162 2318104 NC_003062.gbk
1807 55.0 431263 429833 genome.dna 2315698 2317159 NC_003062.gbk
484 32.9 433394 432459 genome.dna 1301177 1300082 NC_003062.gbk
472 36.5 435364 434357 genome.dna 425083 426001 NC_003062.gbk
1007 48.9 460910 458055 genome.dna 1708126 1705282 NC_003062.gbk
347 50.0 509102 508848 genome.dna 1979399 1979129 NC_003062.gbk
518 50.9 517457 517939 genome.dna 2258107 2257585 NC_003062.gbk
670 33.8 523994 522816 genome.dna 2755916 2754650 NC_003062.gbk
1232 44.0 530287 528905 genome.dna 1070501 1069094 NC_003062.gbk
1623 48.4 533382 534971 genome.dna 307255 308839 NC_003062.gbk
282 32.9 566365 566808 genome.dna 184737 184275 NC_003062.gbk
319 33.2 566824 567396 genome.dna 184279 183667 NC_003062.gbk
1349 57.6 567396 568499 genome.dna 183666 182556 NC_003062.gbk
1466 74.0 568499 569425 genome.dna 182423 181520 NC_003062.gbk
1121 66.0 569422 570210 genome.dna 181590 180747 NC_003062.gbk
808 52.4 570232 570948 genome.dna 180827 179972 NC_003062.gbk
1078 46.4 570938 572074 genome.dna 173915 172778 NC_003062.gbk
309 35.2 572077 572643 genome.dna 172782 172182 NC_003062.gbk
384 36.3 576656 577213 genome.dna 1227618 1227045 NC_003062.gbk
206 33.9 644961 644602 genome.dna 929026 929389 NC_003062.gbk
111 32.1 680017 679742 genome.dna 1657928 1658192 NC_003062.gbk
277 35.4 696469 696939 genome.dna 4827 4290 NC_003062.gbk
294 48.9 697176 697469 genome.dna 678133 677836 NC_003062.gbk
2289 65.9 697515 699164 genome.dna 677761 676126 NC_003062.gbk
534 39.0 699974 700837 genome.dna 643578 644532 NC_003062.gbk
1368 61.5 708773 707778 genome.dna 2233559 2234720 NC_003062.gbk
939 47.2 726542 725589 genome.dna 1840554 1841538 NC_003062.gbk
1416 47.6 753122 751287 genome.dna 2136384 2134329 NC_003062.gbk
773 46.8 755628 756641 genome.dna 2635409 2634308 NC_003062.gbk
889 45.5 761351 760380 genome.dna 623640 622563 NC_003062.gbk
307 45.6 761608 761919 genome.dna 2789033 2788718 NC_003062.gbk
376 67.1 761939 762196 genome.dna 2788678 2788408 NC_003062.gbk
1039 49.2 763509 764681 genome.dna 2786900 2785775 NC_003062.gbk
511 51.9 766454 766933 genome.dna 2158592 2159069 NC_003062.gbk
635 42.7 770241 771074 genome.dna 1346461 1347322 NC_003062.gbk
1282 42.1 777751 779280 genome.dna 93707 92090 NC_003062.gbk
2119 44.6 779306 782008 genome.dna 91290 88548 NC_003062.gbk
643 35.3 782481 783425 genome.dna 88053 87105 NC_003062.gbk
363 60.7 783547 783816 genome.dna 86940 86670 NC_003062.gbk
2587 57.5 784066 786186 genome.dna 86405 84263 NC_003062.gbk
785 53.4 794943 795722 genome.dna 135651 136431 NC_003062.gbk
1477 53.3 795852 797180 genome.dna 136427 137744 NC_003062.gbk
1588 55.5 797270 798493 genome.dna 141312 140091 NC_003062.gbk
1284 59.3 805628 804636 genome.dna 258935 257825 NC_003062.gbk
748 41.0 805742 806647 genome.dna 2447405 2446505 NC_003062.gbk
582 34.0 812975 814090 genome.dna 1462025 1460885 NC_003062.gbk
416 52.6 814149 814541 genome.dna 1460857 1460494 NC_003062.gbk
3690 58.5 814656 817529 genome.dna 1460495 1457630 NC_003062.gbk
545 39.2 818265 819005 genome.dna 1242124 1243003 NC_003062.gbk
493 33.6 819141 820013 genome.dna 384934 385861 NC_003062.gbk
497 30.1 820003 820902 genome.dna 385860 386682 NC_003062.gbk
561 32.2 829148 828144 genome.dna 574073 572999 NC_003062.gbk
503 35.5 830229 830876 genome.dna 896722 897421 NC_003062.gbk
1541 53.2 839555 838230 genome.dna 2052477 2053782 NC_003062.gbk
520 34.7 839867 840766 genome.dna 2612064 2613012 NC_003062.gbk
829 34.7 841615 843360 genome.dna 1569596 1567787 NC_003062.gbk
613 42.0 858630 859340 genome.dna 618496 617818 NC_003062.gbk
332 33.0 862985 864421 genome.dna 227875 226291 NC_003062.gbk
1259 47.0 866383 867786 genome.dna 224038 222715 NC_003062.gbk
526 34.1 868800 869759 genome.dna 221687 220700 NC_003062.gbk
1421 51.2 909308 910588 genome.dna 1239265 1240549 NC_003062.gbk
393 43.2 927840 927358 genome.dna 1018497 1018956 NC_003062.gbk
277 33.1 927996 928442 genome.dna 1434530 1434986 NC_003062.gbk
1064 33.8 931102 929441 genome.dna 2044572 2042898 NC_003062.gbk
387 40.0 932209 932796 genome.dna 322903 323539 NC_003062.gbk
852 39.1 933233 934465 genome.dna 1723176 1721790 NC_003062.gbk
1195 53.6 941591 942676 genome.dna 579709 580798 NC_003062.gbk
1118 39.9 957805 959187 genome.dna 2693153 2691689 NC_003062.gbk
2929 58.0 964883 967162 genome.dna 1635699 1638030 NC_003062.gbk
350 38.0 969365 968913 genome.dna 1471238 1470776 NC_003062.gbk
634 42.6 970301 969369 genome.dna 2219779 2220691 NC_003062.gbk
1058 56.0 997695 996727 genome.dna 305860 304891 NC_003062.gbk
713 51.5 1002298 1002951 genome.dna 1872264 1872906 NC_003062.gbk
350 39.1 1011943 1012413 genome.dna 1626975 1627413 NC_003062.gbk
540 31.6 1013309 1014424 genome.dna 891842 892979 NC_003062.gbk
258 34.1 1045784 1045371 genome.dna 2230990 2231449 NC_003062.gbk
402 41.7 1066357 1065851 genome.dna 244377 244896 NC_003062.gbk
759 43.9 1067454 1066555 genome.dna 871499 870548 NC_003062.gbk
594 50.9 1067553 1068080 genome.dna 871454 872075 NC_003062.gbk
569 31.8 1068077 1069264 genome.dna 949791 948507 NC_003062.gbk
487 33.1 1084556 1083393 genome.dna 246121 247219 NC_003062.gbk
738 39.7 1087061 1085955 genome.dna 794650 793546 NC_003062.gbk
364 31.1 1087227 1087946 genome.dna 357585 358284 NC_003062.gbk
1041 46.5 1093574 1092513 genome.dna 1083679 1082566 NC_003062.gbk
308 37.3 1096541 1097074 genome.dna 2777412 2776827 NC_003062.gbk
526 39.4 1099537 1100406 genome.dna 2181016 2181859 NC_003062.gbk
1249 66.3 1100443 1101237 genome.dna 2006491 2005651 NC_003062.gbk
494 31.5 1119665 1120909 genome.dna 1327254 1328436 NC_003062.gbk
1171 44.8 1125945 1124593 genome.dna 2727705 2728887 NC_003062.gbk
1600 48.0 1127665 1125938 genome.dna 2561060 2562953 NC_003062.gbk
674 38.2 1137533 1138456 genome.dna 2037791 2036888 NC_003062.gbk
1154 65.2 1150402 1149575 genome.dna 365671 364747 NC_003062.gbk
837 32.4 1153145 1150431 genome.dna 339825 342264 NC_003062.gbk
811 49.2 1154052 1153258 genome.dna 1587728 1588565 NC_003062.gbk
742 55.3 1154397 1155122 genome.dna 1367885 1368569 NC_003062.gbk
391 43.3 1155257 1156108 genome.dna 1368715 1369855 NC_003062.gbk
810 48.7 1156279 1157004 genome.dna 1369949 1370675 NC_003062.gbk
548 46.3 1157130 1157687 genome.dna 1370741 1371299 NC_003062.gbk
671 45.3 1157925 1159121 genome.dna 2590725 2591919 NC_003062.gbk
689 47.6 1159320 1160081 genome.dna 1371363 1372107 NC_003062.gbk
338 30.8 1160091 1160948 genome.dna 1372106 1372940 NC_003062.gbk
649 37.0 1165447 1166469 genome.dna 1376684 1377752 NC_003062.gbk
438 48.2 1166572 1167027 genome.dna 1377717 1378209 NC_003062.gbk
666 41.4 1167032 1167820 genome.dna 1378208 1379024 NC_003062.gbk
1697 42.2 1169670 1173152 genome.dna 1279500 1283004 NC_003062.gbk
811 40.6 1180703 1178139 genome.dna 336624 339339 NC_003062.gbk
742 47.5 1213819 1214541 genome.dna 2294215 2295046 NC_003062.gbk
441 39.6 1220231 1220965 genome.dna 2823775 2824468 NC_003062.gbk
718 48.0 1260789 1261478 genome.dna 421887 422571 NC_003062.gbk
732 46.8 1271755 1272822 genome.dna 1666661 1665470 NC_003062.gbk
1284 53.9 1272920 1274065 genome.dna 1665471 1664340 NC_003062.gbk
225 33.3 1274175 1274507 genome.dna 1551168 1550820 NC_003062.gbk
404 42.9 1278470 1278919 genome.dna 1161207 1161687 NC_003062.gbk
300 41.3 1280201 1280677 genome.dna 1164647 1165094 NC_003062.gbk
201 35.6 1280702 1281121 genome.dna 1165086 1165596 NC_003062.gbk
1923 50.4 1284598 1282733 genome.dna 744455 742535 NC_003062.gbk
731 45.1 1285528 1284617 genome.dna 2706348 2707263 NC_003062.gbk
799 63.1 1293119 1292505 genome.dna 143386 142759 NC_003062.gbk
3130 66.1 1295100 1293109 genome.dna 145396 143392 NC_003062.gbk
648 47.5 1296067 1295105 genome.dna 146606 145472 NC_003062.gbk
765 32.2 1299536 1300840 genome.dna 1651992 1650498 NC_003062.gbk
909 67.9 1301367 1301990 genome.dna 1246062 1246695 NC_003062.gbk
1869 68.8 1302154 1303428 genome.dna 1246986 1248264 NC_003062.gbk
3242 63.9 1303620 1306001 genome.dna 1248677 1251095 NC_003062.gbk
300 51.1 1306200 1306472 genome.dna 1251384 1251660 NC_003062.gbk
527 49.3 1312030 1312560 genome.dna 1865565 1865076 NC_003062.gbk
1474 50.8 1316909 1318201 genome.dna 2757429 2758779 NC_003062.gbk
958 49.5 1319182 1318319 genome.dna 2755885 2756836 NC_003062.gbk
3830 56.3 1326027 1322899 genome.dna 2522076 2525166 NC_003062.gbk
920 40.6 1327249 1326056 genome.dna 2520790 2522023 NC_003062.gbk
630 50.0 1329655 1330212 genome.dna 2207416 2206819 NC_003062.gbk
325 46.2 1332403 1332732 genome.dna 99268 98944 NC_003062.gbk
504 40.7 1332732 1333337 genome.dna 98212 97606 NC_003062.gbk
487 45.2 1335658 1336302 genome.dna 1904016 1903425 NC_003062.gbk
300 30.9 1348853 1349839 genome.dna 2809227 2808189 NC_003062.gbk
347 39.6 1352428 1351949 genome.dna 271767 271290 NC_003062.gbk
1842 39.8 1356196 1353473 genome.dna 1186275 1188786 NC_003062.gbk
325 39.8 1356312 1356722 genome.dna 928018 928441 NC_003062.gbk
1926 48.3 1363499 1366138 genome.dna 1498549 1495756 NC_003062.gbk
807 37.3 1373667 1372498 genome.dna 2710583 2709386 NC_003062.gbk
509 61.1 1374223 1373804 genome.dna 860871 860439 NC_003062.gbk
733 48.4 1374601 1375371 genome.dna 860974 861733 NC_003062.gbk
437 35.4 1381835 1382692 genome.dna 315247 316114 NC_003062.gbk
393 34.0 1392117 1391434 genome.dna 2661873 2661198 NC_003062.gbk
578 41.3 1426894 1426256 genome.dna 1129427 1128752 NC_003062.gbk
699 51.0 1428285 1428911 genome.dna 139022 138392 NC_003062.gbk
361 38.3 1433876 1433409 genome.dna 1812942 1813410 NC_003062.gbk
786 44.4 1434853 1435731 genome.dna 1017425 1018310 NC_003062.gbk
713 45.8 1436929 1437642 genome.dna 1824657 1825422 NC_003062.gbk
361 67.1 1454201 1454428 genome.dna 2376546 2376288 NC_003062.gbk
1361 55.4 1458435 1457257 genome.dna 2773677 2774859 NC_003062.gbk
761 40.1 1466359 1465232 genome.dna 364733 363536 NC_003062.gbk
341 44.3 1466738 1466361 genome.dna 272127 271779 NC_003062.gbk
224 34.2 1468782 1468399 genome.dna 1465033 1465411 NC_003062.gbk
938 50.5 1470427 1469462 genome.dna 1430198 1431170 NC_003062.gbk
451 31.2 1474380 1473265 genome.dna 1490881 1489735 NC_003062.gbk
248 34.0 1477924 1477454 genome.dna 2782006 2781523 NC_003062.gbk
1394 45.1 1483266 1480684 genome.dna 2745904 2748535 NC_003062.gbk
391 40.5 1490971 1490492 genome.dna 351915 352458 NC_003062.gbk
929 48.9 1492026 1490968 genome.dna 350864 351941 NC_003062.gbk
1281 47.1 1493774 1492350 genome.dna 349441 350845 NC_003062.gbk
770 38.4 1501778 1500630 genome.dna 2586499 2587666 NC_003062.gbk
333 45.0 1506798 1506349 genome.dna 348037 348466 NC_003062.gbk
480 30.9 1526654 1525674 genome.dna 1976848 1975864 NC_003062.gbk
933 37.8 1528762 1530255 genome.dna 1213349 1211909 NC_003062.gbk
2014 69.1 1536355 1535069 genome.dna 1386273 1384983 NC_003062.gbk
1909 51.0 1537737 1539503 genome.dna 2630375 2628533 NC_003062.gbk
895 54.3 1539520 1540236 genome.dna 2628518 2627738 NC_003062.gbk
1556 44.4 1540513 1543320 genome.dna 2622324 2619273 NC_003062.gbk
1323 51.8 1543336 1544562 genome.dna 2619220 2617987 NC_003062.gbk
1086 50.4 1544898 1546064 genome.dna 2624559 2623365 NC_003062.gbk
1168 60.1 1546064 1546936 genome.dna 2623348 2622445 NC_003062.gbk
761 44.0 1573036 1572017 genome.dna 523417 524449 NC_003062.gbk
760 49.0 1576123 1576893 genome.dna 2533612 2534461 NC_003062.gbk
903 61.3 1576893 1577582 genome.dna 2534505 2535222 NC_003062.gbk
948 46.6 1577582 1578640 genome.dna 2535218 2536295 NC_003062.gbk
700 37.0 1584709 1585674 genome.dna 187570 186535 NC_003062.gbk
424 31.2 1613498 1614457 genome.dna 1188795 1189809 NC_003062.gbk
1446 46.4 1638449 1639855 genome.dna 1518837 1517406 NC_003062.gbk
1938 54.3 1652381 1653892 genome.dna 210940 209383 NC_003062.gbk
631 38.2 1660540 1661571 genome.dna 67572 68679 NC_003062.gbk
1695 52.9 1669675 1667978 genome.dna 404348 406025 NC_003062.gbk
1462 64.2 1670708 1669659 genome.dna 403220 404276 NC_003062.gbk
676 40.0 1674049 1674948 genome.dna 1982814 1981908 NC_003062.gbk
993 49.2 1735237 1734179 genome.dna 2114444 2115503 NC_003062.gbk
303 30.7 1745928 1746827 genome.dna 2481167 2480246 NC_003062.gbk
338 34.4 1765743 1764766 genome.dna 1432300 1431367 NC_003062.gbk
499 30.8 1778057 1778830 genome.dna 163944 164718 NC_003062.gbk
816 48.4 1778827 1779630 genome.dna 164702 165503 NC_003062.gbk
755 31.7 1786438 1785080 genome.dna 2689122 2690436 NC_003062.gbk
1363 48.8 1803146 1801686 genome.dna 1003096 1001689 NC_003062.gbk
548 30.4 1830416 1829217 genome.dna 1682142 1683342 NC_003062.gbk
568 57.2 1860773 1860348 genome.dna 1479828 1479399 NC_003062.gbk
992 63.7 1862527 1863225 genome.dna 1479443 1478696 NC_003062.gbk
759 41.0 1935437 1936324 genome.dna 545546 546419 NC_003062.gbk
1273 35.8 1937404 1939404 genome.dna 506212 508486 NC_003062.gbk
587 37.8 1942291 1943163 genome.dna 508499 509408 NC_003062.gbk
1099 51.1 1943163 1944215 genome.dna 509404 510460 NC_003062.gbk
268 34.6 1944254 1944643 genome.dna 510459 510849 NC_003062.gbk
639 33.4 1945543 1946694 genome.dna 549180 550263 NC_003062.gbk
1567 38.7 1946687 1948771 genome.dna 564296 566468 NC_003062.gbk
264 39.5 1951419 1951823 genome.dna 541277 540857 NC_003062.gbk
401 30.1 1952589 1953806 genome.dna 558736 560014 NC_003062.gbk
781 46.2 1954611 1955393 genome.dna 540504 539715 NC_003062.gbk
952 44.4 1956304 1957413 genome.dna 539210 538088 NC_003062.gbk
178 32.1 1962586 1962317 genome.dna 563956 564223 NC_003062.gbk
691 42.0 1963383 1962607 genome.dna 536316 535578 NC_003062.gbk
932 38.5 1968985 1967612 genome.dna 543833 542411 NC_003062.gbk
406 38.3 1992686 1993273 genome.dna 826350 827037 NC_003062.gbk
1712 54.7 1993342 1994814 genome.dna 827048 828530 NC_003062.gbk
1781 49.1 1994834 1996513 genome.dna 828658 830410 NC_003062.gbk
703 55.0 1997941 1997423 genome.dna 159929 159371 NC_003062.gbk
413 52.4 2008746 2008288 genome.dna 187969 187585 NC_003062.gbk
449 51.5 2009604 2010017 genome.dna 1238757 1239192 NC_003062.gbk
201 36.5 2010407 2010099 genome.dna 1756535 1756886 NC_003062.gbk
211 33.1 2015203 2015631 genome.dna 895622 896084 NC_003062.gbk
329 32.8 2031491 2030937 genome.dna 1474987 1474342 NC_003062.gbk
1259 55.7 2034173 2033130 genome.dna 393302 394484 NC_003062.gbk
475 37.2 2038594 2039550 genome.dna 1465522 1466467 NC_003062.gbk
743 38.0 2041077 2042123 genome.dna 1171291 1172353 NC_003062.gbk
969 46.9 2042130 2043083 genome.dna 1172357 1173329 NC_003062.gbk
811 46.0 2043101 2044030 genome.dna 1083779 1084775 NC_003062.gbk
822 51.2 2044045 2044779 genome.dna 1084853 1085591 NC_003062.gbk
1415 53.0 2045253 2046494 genome.dna 1086364 1087693 NC_003062.gbk
608 37.1 2047434 2048453 genome.dna 1088056 1089277 NC_003062.gbk
405 37.0 2048443 2049102 genome.dna 1488358 1487683 NC_003062.gbk
616 39.3 2050132 2050929 genome.dna 1485020 1484210 NC_003062.gbk
460 32.6 2059718 2061022 genome.dna 1985433 1984116 NC_003062.gbk
2025 37.0 2070405 2066956 genome.dna 1765787 1762289 NC_003062.gbk
691 46.9 2071740 2072447 genome.dna 1278307 1278991 NC_003062.gbk
735 31.2 2072444 2073691 genome.dna 1276984 1278292 NC_003062.gbk
596 33.6 2073776 2074690 genome.dna 2587669 2588596 NC_003062.gbk
2455 60.5 2083361 2081520 genome.dna 584814 582993 NC_003062.gbk
461 45.4 2085741 2085214 genome.dna 199974 199482 NC_003062.gbk
1164 42.7 2088494 2089945 genome.dna 933419 934883 NC_003062.gbk
564 39.2 2090762 2089965 genome.dna 2428799 2428016 NC_003062.gbk
795 40.5 2091759 2090755 genome.dna 2429884 2428795 NC_003062.gbk
587 39.4 2092574 2091756 genome.dna 2430819 2429880 NC_003062.gbk
945 35.6 2099496 2097796 genome.dna 577903 579688 NC_003062.gbk
2015 61.3 2112831 2114330 genome.dna 1804536 1802904 NC_003062.gbk
903 56.2 2114428 2115174 genome.dna 1802832 1802076 NC_003062.gbk
603 31.0 2115176 2116495 genome.dna 1802090 1800782 NC_003062.gbk
1333 49.8 2116495 2117718 genome.dna 1800790 1799539 NC_003062.gbk
399 44.6 2117752 2118168 genome.dna 907518 907101 NC_003062.gbk
446 42.6 2138606 2139226 genome.dna 2670990 2671632 NC_003062.gbk
556 40.9 2139226 2139882 genome.dna 2671834 2672494 NC_003062.gbk
706 45.8 2139951 2140691 genome.dna 2672568 2673330 NC_003062.gbk
352 40.3 2140906 2141388 genome.dna 962665 963163 NC_003062.gbk
1916 47.2 2141385 2143340 genome.dna 963159 965151 NC_003062.gbk
352 37.2 2143337 2143894 genome.dna 2673504 2674104 NC_003062.gbk
597 39.7 2161860 2161087 genome.dna 2711390 2710589 NC_003062.gbk
726 30.5 2181270 2179897 genome.dna 2144657 2143259 NC_003062.gbk
368 38.2 2181519 2182154 genome.dna 1162930 1163545 NC_003062.gbk
356 50.5 2186467 2186817 genome.dna 1834023 1834365 NC_003062.gbk
300 34.8 2188157 2187750 genome.dna 1788076 1787620 NC_003062.gbk
215 35.2 2188917 2189354 genome.dna 1076255 1076735 NC_003062.gbk
585 35.6 2190305 2191417 genome.dna 1807993 1806871 NC_003062.gbk
541 41.1 2191939 2192622 genome.dna 756788 757409 NC_003062.gbk
920 40.7 2192856 2194133 genome.dna 1808246 1809395 NC_003062.gbk
379 30.0 2194218 2195078 genome.dna 2455957 2456893 NC_003062.gbk
276 30.1 2195725 2195117 genome.dna 834354 835062 NC_003062.gbk
3574 60.9 2198282 2200954 genome.dna 2670721 2668027 NC_003062.gbk
648 40.8 2207996 2209093 genome.dna 2821959 2820924 NC_003062.gbk
806 44.3 2209283 2210113 genome.dna 1878101 1878911 NC_003062.gbk
707 39.2 2210106 2211050 genome.dna 1878910 1879867 NC_003062.gbk
1308 45.3 2211053 2212543 genome.dna 1879988 1881458 NC_003062.gbk
805 40.2 2214721 2213777 genome.dna 1881478 1882438 NC_003062.gbk
485 37.9 2216576 2217319 genome.dna 292131 291363 NC_003062.gbk
2819 57.1 2227418 2225106 genome.dna 1538187 1540554 NC_003062.gbk
834 49.0 2239913 2239125 genome.dna 754826 754007 NC_003062.gbk
918 37.3 2252210 2253607 genome.dna 1351456 1350067 NC_003062.gbk
967 51.8 2263993 2263058 genome.dna 1838428 1837486 NC_003062.gbk
277 35.5 2290600 2290133 genome.dna 1989675 1990242 NC_003062.gbk
549 30.3 2300071 2298971 genome.dna 2168249 2169356 NC_003062.gbk
820 46.3 2318196 2317324 genome.dna 269091 269955 NC_003062.gbk
474 45.9 2318259 2318798 genome.dna 269016 268509 NC_003062.gbk
260 34.0 2318802 2319278 genome.dna 1000472 1001003 NC_003062.gbk
742 40.3 2322430 2321456 genome.dna 2731404 2730429 NC_003062.gbk
1197 47.5 2359305 2358133 genome.dna 997845 996558 NC_003062.gbk
1648 63.9 2446859 2448127 genome.dna 2385300 2383962 NC_003062.gbk
1323 46.1 2448198 2449772 genome.dna 2383914 2382063 NC_003062.gbk
1350 56.4 2449772 2450872 genome.dna 2382067 2380888 NC_003062.gbk
903 54.8 2450865 2451701 genome.dna 2380968 2380122 NC_003062.gbk
824 53.3 2451703 2452401 genome.dna 2379929 2379233 NC_003062.gbk
256 30.2 2454742 2453948 genome.dna 1032644 1033379 NC_003062.gbk
617 59.6 2461266 2461811 genome.dna 2466164 2465639 NC_003062.gbk
1330 55.5 2487322 2486231 genome.dna 2204366 2205539 NC_003062.gbk
1133 53.8 2489732 2488785 genome.dna 2186104 2187061 NC_003062.gbk
399 34.1 2490742 2489870 genome.dna 620521 619621 NC_003062.gbk
677 38.3 2492889 2493971 genome.dna 1331401 1332430 NC_003062.gbk
795 46.6 2496092 2496946 genome.dna 1420401 1421250 NC_003062.gbk
1363 52.9 2502156 2503685 genome.dna 2462392 2463967 NC_003062.gbk
1446 59.6 2503696 2505084 genome.dna 2463987 2465433 NC_003062.gbk
1042 44.8 2513105 2511876 genome.dna 1945494 1946727 NC_003062.gbk
243 36.8 2513827 2513102 genome.dna 1944689 1945508 NC_003062.gbk
1065 42.7 2515088 2513820 genome.dna 1943319 1944693 NC_003062.gbk
833 44.9 2530749 2531648 genome.dna 915622 916582 NC_003062.gbk
328 30.2 2550693 2551877 genome.dna 1007256 1006056 NC_003062.gbk
398 33.8 2552084 2552833 genome.dna 856452 857268 NC_003062.gbk
804 30.1 2556170 2554698 genome.dna 836635 838222 NC_003062.gbk
1754 57.5 2563367 2561970 genome.dna 1599588 1601082 NC_003062.gbk
459 39.1 2595189 2595950 genome.dna 1066625 1065884 NC_003062.gbk
548 44.1 2595969 2596559 genome.dna 2810071 2810737 NC_003062.gbk
771 39.3 2605113 2606180 genome.dna 1671429 1672458 NC_003062.gbk
1463 57.3 2607572 2608762 genome.dna 14903 16157 NC_003062.gbk
422 30.6 2608762 2609568 genome.dna 16104 17001 NC_003062.gbk
388 45.9 2620019 2620441 genome.dna 1957926 1958319 NC_003062.gbk
219 39.8 2621565 2621861 genome.dna 2633238 2632944 NC_003062.gbk
656 30.0 2624113 2625573 genome.dna 2455824 2454345 NC_003062.gbk
840 42.2 2628084 2627089 genome.dna 1192360 1193428 NC_003062.gbk
732 58.1 2637907 2637311 genome.dna 2254160 2254784 NC_003062.gbk
513 38.2 2642048 2641143 genome.dna 1737390 1738338 NC_003062.gbk
703 40.2 2642732 2643580 genome.dna 2433058 2433943 NC_003062.gbk
408 30.5 2645012 2644386 genome.dna 161389 160699 NC_003062.gbk
595 36.5 2645457 2646263 genome.dna 1701353 1702151 NC_003062.gbk
619 48.3 2652833 2653480 genome.dna 2028336 2029014 NC_003062.gbk
436 45.0 2654386 2653967 genome.dna 898515 898107 NC_003062.gbk
989 53.2 2657649 2656798 genome.dna 1991206 1992052 NC_003062.gbk
621 30.8 2662378 2663577 genome.dna 2649782 2650979 NC_003062.gbk
494 47.3 2676960 2676514 genome.dna 922485 922974 NC_003062.gbk
1967 55.3 2683421 2681736 genome.dna 401699 399986 NC_003062.gbk
279 40.9 2687612 2687956 genome.dna 2096520 2096145 NC_003062.gbk
1238 47.8 2691006 2692370 genome.dna 1745011 1743544 NC_003062.gbk
591 40.6 2712101 2712862 genome.dna 1401587 1402358 NC_003062.gbk
564 33.1 2714816 2715706 genome.dna 2474175 2475114 NC_003062.gbk
473 32.1 2715699 2716604 genome.dna 2582187 2581329 NC_003062.gbk
660 38.1 2720363 2721325 genome.dna 1601280 1602213 NC_003062.gbk
684 31.2 2722186 2723580 genome.dna 806410 804949 NC_003062.gbk
2711 69.6 2726216 2727934 genome.dna 1725571 1723774 NC_003062.gbk
1476 37.1 2731236 2728849 genome.dna 255342 257766 NC_003062.gbk
869 49.7 2732234 2731251 genome.dna 254235 255318 NC_003062.gbk
466 59.8 2732903 2732547 genome.dna 252795 253200 NC_003062.gbk
110 38.9 2733144 2732947 genome.dna 252551 252755 NC_003062.gbk
1006 48.5 2735713 2733785 genome.dna 1734361 1732357 NC_003062.gbk
306 32.7 2741372 2740491 genome.dna 2832037 2831071 NC_003062.gbk
619 44.3 2760640 2761329 genome.dna 958618 959320 NC_003062.gbk
220 53.1 2786395 2786183 genome.dna 2173718 2173934 NC_003062.gbk
1581 39.9 2791079 2789028 genome.dna 889268 887168 NC_003062.gbk
1566 49.8 2794931 2793456 genome.dna 587159 585647 NC_003062.gbk
508 32.5 2795320 2796189 genome.dna 2577902 2577014 NC_003062.gbk
736 36.7 2801608 2800607 genome.dna 1510627 1511626 NC_003062.gbk
890 53.8 2802440 2803225 genome.dna 1509718 1508821 NC_003062.gbk
1534 42.8 2813755 2811956 genome.dna 1144521 1146309 NC_003062.gbk
445 37.3 2833872 2833114 genome.dna 2571464 2570708 NC_003062.gbk
942 34.7 2838878 2837343 genome.dna 342187 343861 NC_003062.gbk
324 31.3 2841233 2840649 genome.dna 782903 782303 NC_003062.gbk
1303 38.6 2854450 2852540 genome.dna 2702501 2700674 NC_003062.gbk
937 46.1 2859653 2858643 genome.dna 474061 475156 NC_003062.gbk
2426 44.9 2862472 2859857 genome.dna 980015 977366 NC_003062.gbk
585 35.2 2862696 2863901 genome.dna 216897 218217 NC_003062.gbk
759 49.3 2869134 2868487 genome.dna 2174663 2174018 NC_003062.gbk
639 43.7 2884168 2883416 genome.dna 104445 103689 NC_003062.gbk
1033 61.4 2891958 2891200 genome.dna 2444318 2445077 NC_003062.gbk
1059 51.6 2892962 2891955 genome.dna 2443353 2444322 NC_003062.gbk
1198 55.8 2893911 2892949 genome.dna 2442395 2443361 NC_003062.gbk
811 43.4 2894873 2893923 genome.dna 2441168 2442194 NC_003062.gbk
416 30.5 2903705 2902830 genome.dna 2790911 2790026 NC_003062.gbk
786 31.3 2910808 2912742 genome.dna 1889970 1888104 NC_003062.gbk
1011 41.9 2917289 2918617 genome.dna 528967 527668 NC_003062.gbk
320 37.3 2920770 2921360 genome.dna 43099 42433 NC_003062.gbk
467 35.5 2921367 2922104 genome.dna 42432 41688 NC_003062.gbk
648 40.9 2922086 2922862 genome.dna 41692 40915 NC_003062.gbk
299 48.4 2923933 2923649 genome.dna 329942 330245 NC_003062.gbk
535 36.1 2928002 2926713 genome.dna 628198 629476 NC_003062.gbk
382 30.7 2937215 2936178 genome.dna 455119 456292 NC_003062.gbk
1335 51.4 2975613 2974318 genome.dna 1689458 1688150 NC_003062.gbk
603 50.1 2977060 2975717 genome.dna 1891899 1890582 NC_003062.gbk
1059 54.5 2982496 2983455 genome.dna 2160981 2161932 NC_003062.gbk
447 39.1 2987214 2987927 genome.dna 1316637 1316022 NC_003062.gbk
407 40.4 2990339 2989860 genome.dna 479070 478566 NC_003062.gbk
2414 57.7 2992855 2990582 genome.dna 1358139 1360650 NC_003062.gbk
410 31.4 2998826 2999851 genome.dna 727223 728306 NC_003062.gbk
454 39.8 3002258 3001431 genome.dna 2077886 2077106 NC_003062.gbk
588 38.0 3005969 3006700 genome.dna 1859822 1860596 NC_003062.gbk
916 52.2 3009847 3009002 genome.dna 599449 600262 NC_003062.gbk
1041 51.4 3010809 3009844 genome.dna 598479 599445 NC_003062.gbk
1298 55.3 3011957 3010824 genome.dna 597367 598525 NC_003062.gbk
1393 55.5 3013338 3012229 genome.dna 596188 597286 NC_003062.gbk
229 30.8 3025403 3026020 genome.dna 835951 835291 NC_003062.gbk
1502 57.6 3050037 3051158 genome.dna 1655671 1656799 NC_003062.gbk
953 50.0 3051198 3052058 genome.dna 1470033 1469199 NC_003062.gbk
977 35.4 3076165 3077973 genome.dna 189326 191171 NC_003062.gbk
1533 58.6 3077983 3079080 genome.dna 191312 192407 NC_003062.gbk
1029 55.8 3079077 3080102 genome.dna 192364 193552 NC_003062.gbk
1931 55.0 3080104 3081720 genome.dna 193548 195198 NC_003062.gbk
238 42.2 3100493 3100777 genome.dna 1768998 1768707 NC_003062.gbk
577 55.2 3108684 3109187 genome.dna 2445199 2445688 NC_003062.gbk
1447 42.1 3122607 3120880 genome.dna 2687363 2689130 NC_003062.gbk
955 58.8 3132533 3133219 genome.dna 1389793 1389028 NC_003062.gbk
255 31.5 3137830 3136895 genome.dna 2338231 2337310 NC_003062.gbk
1264 47.0 3147123 3145672 genome.dna 2310410 2311919 NC_003062.gbk
582 44.9 3154559 3153852 genome.dna 2665426 2666209 NC_003062.gbk
416 43.8 3155124 3154672 genome.dna 1116271 1115803 NC_003062.gbk
167 39.3 3155372 3155127 genome.dna 1116533 1116275 NC_003062.gbk
596 61.1 3155863 3155369 genome.dna 1673291 1673783 NC_003062.gbk
519 49.7 3156400 3155882 genome.dna 619625 619055 NC_003062.gbk
574 31.6 3157424 3156435 genome.dna 1679955 1681005 NC_003062.gbk
663 36.6 3174746 3173826 genome.dna 1190383 1191328 NC_003062.gbk
798 36.5 3178804 3180039 genome.dna 1673783 1675001 NC_003062.gbk
380 37.9 3228583 3228035 genome.dna 1117117 1116529 NC_003062.gbk
1148 38.6 3230474 3228642 genome.dna 1119265 1117219 NC_003062.gbk
704 33.5 3276884 3278356 genome.dna 2525228 2526770 NC_003062.gbk
765 38.9 3290769 3289561 genome.dna 1805898 1804572 NC_003062.gbk
490 30.6 3324257 3325147 genome.dna 211365 212247 NC_003062.gbk
221 31.5 3325375 3325824 genome.dna 1817379 1817823 NC_003062.gbk
506 33.9 3328674 3329513 genome.dna 2369091 2368266 NC_003062.gbk
356 52.8 3332182 3332514 genome.dna 2297507 2297162 NC_003062.gbk
357 31.4 3364794 3365690 genome.dna 1334516 1335518 NC_003062.gbk
826 34.2 3372145 3370688 genome.dna 1270336 1271785 NC_003062.gbk
897 37.2 3373687 3372152 genome.dna 1268812 1270324 NC_003062.gbk
792 38.3 3375638 3373788 genome.dna 1266815 1268813 NC_003062.gbk
233 36.6 3375937 3375635 genome.dna 1266499 1266808 NC_003062.gbk
243 31.7 3376497 3375934 genome.dna 1265855 1266470 NC_003062.gbk
488 40.6 3378041 3377067 genome.dna 1264143 1265190 NC_003062.gbk
1092 42.5 3382301 3380952 genome.dna 1260594 1261899 NC_003062.gbk
299 37.0 3385876 3385436 genome.dna 1256016 1256382 NC_003062.gbk
581 32.8 3387504 3386554 genome.dna 648972 648021 NC_003062.gbk
581 32.8 3388991 3388041 genome.dna 648972 648021 NC_003062.gbk
1406 72.9 3399252 3400112 genome.dna 1899423 1900320 NC_003062.gbk
745 40.0 3409858 3408341 genome.dna 1068279 1066770 NC_003062.gbk
522 32.5 3412525 3411257 genome.dna 18047 19391 NC_003062.gbk
858 45.0 3413548 3412631 genome.dna 17028 17925 NC_003062.gbk
572 39.4 3415469 3414618 genome.dna 362136 362937 NC_003062.gbk
684 34.9 3416479 3415469 genome.dna 2459816 2458775 NC_003062.gbk
518 31.1 3418053 3418931 genome.dna 2420243 2421152 NC_003062.gbk
1374 62.4 3421622 3420405 genome.dna 159104 158072 NC_003062.gbk
816 49.0 3425582 3424782 genome.dna 1574101 1574968 NC_003062.gbk
1364 57.8 3427528 3426443 genome.dna 752534 751427 NC_003062.gbk
1237 33.7 3438550 3436355 genome.dna 493023 495240 NC_003062.gbk
2263 65.1 3443783 3442200 genome.dna 811935 810147 NC_003062.gbk
420 35.4 3451704 3451132 genome.dna 1823863 1824463 NC_003062.gbk
1368 50.9 3477877 3476636 genome.dna 1572797 1571498 NC_003062.gbk
1091 53.6 3478244 3479224 genome.dna 1631622 1632606 NC_003062.gbk
909 51.3 3479267 3480127 genome.dna 2479220 2480180 NC_003062.gbk
864 47.5 3500028 3499135 genome.dna 258943 259834 NC_003062.gbk
652 46.9 3516455 3517318 genome.dna 572022 572982 NC_003062.gbk
1066 43.6 3519048 3517663 genome.dna 1065672 1064286 NC_003062.gbk
966 52.9 3527868 3527053 genome.dna 420217 421033 NC_003062.gbk
1265 34.5 3531913 3533985 genome.dna 1132665 1134969 NC_003062.gbk
535 59.1 3537011 3536586 genome.dna 848649 849072 NC_003062.gbk
432 50.4 3537641 3537204 genome.dna 848457 847998 NC_003062.gbk
925 35.5 3537873 3539351 genome.dna 1537939 1536433 NC_003062.gbk
1211 52.0 3546479 3545397 genome.dna 2579870 2578757 NC_003062.gbk
1044 53.5 3557435 3556470 genome.dna 261308 260279 NC_003062.gbk
1795 31.9 3560370 3563492 genome.dna 2017656 2014509 NC_003062.gbk
948 33.7 3566972 3568372 genome.dna 610805 609377 NC_003062.gbk
607 45.1 3570531 3571184 genome.dna 718821 719478 NC_003062.gbk
221 35.3 3571239 3571790 genome.dna 2405768 2406284 NC_003062.gbk
597 41.8 3585196 3584423 genome.dna 833277 832479 NC_003062.gbk
1932 54.9 3590632 3589055 genome.dna 276449 274871 NC_003062.gbk
1753 55.9 3592205 3590739 genome.dna 612159 613671 NC_003062.gbk
782 33.9 3592378 3593766 genome.dna 264764 266438 NC_003062.gbk
1090 39.6 3599984 3598497 genome.dna 2276195 2274764 NC_003062.gbk
269 33.4 3604488 3603367 genome.dna 2709338 2708015 NC_003062.gbk
646 43.8 3607701 3606505 genome.dna 2658427 2657086 NC_003062.gbk
516 58.0 3608433 3608005 genome.dna 1113188 1113611 NC_003062.gbk
723 36.3 3615811 3614501 genome.dna 219670 218275 NC_003062.gbk
231 31.4 3621953 3621459 genome.dna 817256 817718 NC_003062.gbk
390 33.8 3622783 3622058 genome.dna 1847249 1846385 NC_003062.gbk
1667 60.7 3635387 3634134 genome.dna 1159719 1161195 NC_003062.gbk
358 43.0 3651787 3651263 genome.dna 684859 684400 NC_003062.gbk
285 42.2 3680225 3679845 genome.dna 1025877 1026282 NC_003062.gbk
408 37.1 3680956 3680225 genome.dna 1986270 1985454 NC_003062.gbk
630 37.0 3682691 3681786 genome.dna 1028022 1028976 NC_003062.gbk
397 35.0 3683368 3682688 genome.dna 1027180 1027951 NC_003062.gbk
369 39.2 3684626 3683661 genome.dna 1026488 1027235 NC_003062.gbk
2409 57.4 3686442 3684643 genome.dna 241664 239837 NC_003062.gbk
826 57.0 3694571 3695257 genome.dna 2426935 2426209 NC_003062.gbk
1113 59.7 3704788 3703907 genome.dna 820035 820908 NC_003062.gbk
1045 60.1 3705613 3704801 genome.dna 819182 820043 NC_003062.gbk
1384 62.6 3706780 3705770 genome.dna 817780 818989 NC_003062.gbk
891 37.3 3709959 3708493 genome.dna 965897 967469 NC_003062.gbk
110 33.0 3711890 3712588 genome.dna 277171 276532 NC_003062.gbk
302 36.8 3714535 3714188 genome.dna 1700719 1701052 NC_003062.gbk
1712 42.7 3727511 3725031 genome.dna 55990 53389 NC_003062.gbk
552 40.8 3728155 3728859 genome.dna 1586980 1587700 NC_003062.gbk
342 42.3 3732230 3732727 genome.dna 1347825 1348287 NC_003062.gbk
693 41.1 3735878 3735108 genome.dna 1884179 1883417 NC_003062.gbk
775 44.2 3736813 3735875 genome.dna 1885102 1884175 NC_003062.gbk
276 32.2 3737076 3737717 genome.dna 2457070 2457712 NC_003062.gbk
310 53.4 3744803 3745042 genome.dna 70721 70973 NC_003062.gbk
562 60.8 3745052 3745459 genome.dna 70986 71385 NC_003062.gbk
3904 80.7 3745456 3747603 genome.dna 71372 73559 NC_003062.gbk
1745 82.6 3747628 3748590 genome.dna 73560 74550 NC_003062.gbk
592 46.5 3749695 3748958 genome.dna 2907 3606 NC_003062.gbk
641 66.9 3749751 3750215 genome.dna 771636 772077 NC_003062.gbk
379 37.6 3763458 3762733 genome.dna 2183125 2183920 NC_003062.gbk
375 41.8 3764478 3763501 genome.dna 2412669 2413692 NC_003062.gbk
688 46.8 3773827 3773072 genome.dna 2684837 2685536 NC_003062.gbk
273 32.0 3774414 3773866 genome.dna 2684266 2684833 NC_003062.gbk
1466 50.9 3776200 3774839 genome.dna 2681737 2683402 NC_003062.gbk
1920 51.0 3784972 3782345 genome.dna 1853530 1850827 NC_003062.gbk
1511 65.6 3786717 3785644 genome.dna 1854972 1853721 NC_003062.gbk
391 41.7 3787319 3786825 genome.dna 1435477 1434967 NC_003062.gbk
283 30.7 3788942 3789616 genome.dna 1498766 1499396 NC_003062.gbk
596 35.8 3793865 3792984 genome.dna 659837 658991 NC_003062.gbk
1019 39.8 3882715 3881462 genome.dna 2784638 2783330 NC_003062.gbk
865 40.3 3883829 3882726 genome.dna 2785779 2784609 NC_003062.gbk
638 35.3 3889382 3888324 genome.dna 1285724 1284410 NC_003062.gbk
617 32.6 3911288 3910026 genome.dna 2355103 2356351 NC_003062.gbk
927 57.5 3913322 3912579 genome.dna 1391803 1391071 NC_003062.gbk
873 59.9 3913956 3913303 genome.dna 1383533 1384193 NC_003062.gbk
772 57.3 3914621 3913953 genome.dna 1382865 1383537 NC_003062.gbk
1040 60.9 3915440 3914634 genome.dna 1381999 1382785 NC_003062.gbk
510 31.8 3918901 3920391 genome.dna 1308697 1310188 NC_003062.gbk
1012 46.0 3921930 3923132 genome.dna 884576 883421 NC_003062.gbk
858 39.3 3928680 3929900 genome.dna 2100625 2099407 NC_003062.gbk
327 34.5 3932105 3933280 genome.dna 1078412 1079570 NC_003062.gbk
894 40.0 3956293 3958011 genome.dna 1275522 1276857 NC_003062.gbk
423 37.6 3961248 3960622 genome.dna 1687171 1686517 NC_003062.gbk
1249 50.2 3969453 3967963 genome.dna 815309 813824 NC_003062.gbk
1421 67.8 3970373 3969465 genome.dna 816334 815308 NC_003062.gbk
1013 39.3 3971825 3970383 genome.dna 1449650 1451132 NC_003062.gbk
341 30.3 3972869 3972135 genome.dna 817073 816290 NC_003062.gbk
1344 38.6 3976444 3974615 genome.dna 154080 155850 NC_003062.gbk
484 30.4 3986238 3987221 genome.dna 610873 611986 NC_003062.gbk
1671 60.2 4001743 4000448 genome.dna 1421386 1422661 NC_003062.gbk
2018 55.7 4003479 4001842 genome.dna 1604059 1602322 NC_003062.gbk
497 46.5 4004518 4003706 genome.dna 1448777 1447898 NC_003062.gbk
466 30.0 4008483 4007131 genome.dna 735372 734121 NC_003062.gbk
654 39.4 4013697 4012813 genome.dna 2734225 2733322 NC_003062.gbk
773 47.0 4014558 4013788 genome.dna 1009237 1010038 NC_003062.gbk
1021 37.2 4019875 4021449 genome.dna 2824468 2826043 NC_003062.gbk
1131 45.9 4027241 4025196 genome.dna 2042774 2040599 NC_003062.gbk
631 31.4 4031933 4029078 genome.dna 971094 974127 NC_003062.gbk
726 45.2 4036522 4035704 genome.dna 288588 289395 NC_003062.gbk
416 42.2 4037132 4037767 genome.dna 1298745 1298127 NC_003062.gbk
613 54.8 4039680 4040210 genome.dna 2644086 2643615 NC_003062.gbk
773 55.9 4046883 4047521 genome.dna 128876 129563 NC_003062.gbk
585 42.7 4050959 4050219 genome.dna 2400333 2401122 NC_003062.gbk
1927 45.6 4051288 4053240 genome.dna 1205512 1203523 NC_003062.gbk
354 41.9 4059979 4059527 genome.dna 1080416 1079840 NC_003062.gbk
364 45.9 4067878 4067480 genome.dna 2069525 2069930 NC_003062.gbk
423 37.0 4068636 4067902 genome.dna 1956962 1957850 NC_003062.gbk
1272 35.3 4071195 4068739 genome.dna 1293843 1291488 NC_003062.gbk
337 39.3 4071662 4071237 genome.dna 205749 205278 NC_003062.gbk
346 36.1 4076900 4077613 genome.dna 2745715 2745052 NC_003062.gbk
499 35.6 4077711 4078532 genome.dna 2179550 2178725 NC_003062.gbk
370 37.3 4079441 4080034 genome.dna 320887 320182 NC_003062.gbk
809 37.1 4080027 4081166 genome.dna 320186 318977 NC_003062.gbk
140 36.8 4081395 4081658 genome.dna 809955 809673 NC_003062.gbk
1153 51.4 4109655 4110677 genome.dna 1506979 1505968 NC_003062.gbk
475 32.9 4114259 4113273 genome.dna 823775 822728 NC_003062.gbk
495 33.4 4114440 4115846 genome.dna 1075967 1074470 NC_003062.gbk
378 31.5 4115888 4116970 genome.dna 1072325 1071149 NC_003062.gbk
680 51.3 4118940 4119590 genome.dna 477826 478540 NC_003062.gbk
385 44.3 4137049 4136630 genome.dna 2130378 2129928 NC_003062.gbk
2808 58.9 4139901 4137067 genome.dna 1502159 1505108 NC_003062.gbk
545 47.3 4140147 4140710 genome.dna 1501943 1501358 NC_003062.gbk
390 42.4 4143007 4143462 genome.dna 260278 259834 NC_003062.gbk
265 41.0 4222572 4222883 genome.dna 2250233 2249873 NC_003062.gbk
1143 41.9 4231793 4230366 genome.dna 2616782 2615375 NC_003062.gbk
531 37.9 4237489 4236725 genome.dna 657260 656486 NC_003062.gbk
199 33.3 4252799 4252404 genome.dna 1048757 1048340 NC_003062.gbk
825 41.1 4257707 4256787 genome.dna 2046726 2045688 NC_003062.gbk
695 31.5 4260285 4259029 genome.dna 2050091 2048759 NC_003062.gbk
583 41.3 4262088 4261168 genome.dna 2052012 2051007 NC_003062.gbk
1291 44.0 4263557 4262097 genome.dna 2057240 2055824 NC_003062.gbk
466 34.9 4264711 4263620 genome.dna 2058373 2057236 NC_003062.gbk
518 32.9 4267226 4265910 genome.dna 2060948 2059538 NC_003062.gbk
1203 49.9 4268312 4267230 genome.dna 2062052 2060951 NC_003062.gbk
734 37.6 4269667 4268306 genome.dna 2063509 2062075 NC_003062.gbk
850 38.4 4271151 4269664 genome.dna 2065032 2063505 NC_003062.gbk
436 45.8 4277861 4277370 genome.dna 1993784 1993211 NC_003062.gbk
1969 50.8 4279582 4277864 genome.dna 1995660 1993803 NC_003062.gbk
1095 50.5 4283764 4284855 genome.dna 2792270 2793383 NC_003062.gbk
2029 64.1 4284858 4286258 genome.dna 2693364 2694792 NC_003062.gbk
696 52.1 4286272 4286874 genome.dna 2791398 2792049 NC_003062.gbk
515 34.5 4289018 4288182 genome.dna 1072411 1073269 NC_003062.gbk
1284 54.8 4296705 4297769 genome.dna 2700108 2698977 NC_003062.gbk
1146 40.3 4297745 4299352 genome.dna 2698958 2697332 NC_003062.gbk
761 38.8 4318033 4319034 genome.dna 1093472 1092425 NC_003062.gbk
531 39.0 4319027 4319845 genome.dna 1092426 1091595 NC_003062.gbk
367 44.1 4319858 4320235 genome.dna 427701 427299 NC_003062.gbk
375 39.8 4323873 4323391 genome.dna 2005655 2005127 NC_003062.gbk
403 44.9 4326494 4326126 genome.dna 865434 865803 NC_003062.gbk
946 62.0 4327281 4326592 genome.dna 864624 865386 NC_003062.gbk
2123 58.6 4330684 4327460 genome.dna 2150396 2153957 NC_003062.gbk
1201 49.4 4331847 4330699 genome.dna 2139771 2141142 NC_003062.gbk
731 44.1 4333114 4332293 genome.dna 186406 185566 NC_003062.gbk
939 48.8 4334402 4333452 genome.dna 769532 770579 NC_003062.gbk
354 39.9 4335368 4334856 genome.dna 332736 333225 NC_003062.gbk
1322 40.6 4338181 4335368 genome.dna 680661 683565 NC_003062.gbk
640 38.1 4339154 4338213 genome.dna 679408 680389 NC_003062.gbk
218 43.0 4339580 4339843 genome.dna 316309 316576 NC_003062.gbk
1522 56.3 4343498 4342359 genome.dna 125913 124779 NC_003062.gbk
2732 65.9 4345514 4343607 genome.dna 127905 126003 NC_003062.gbk
1742 57.6 4348005 4346668 genome.dna 2118497 2119829 NC_003062.gbk
684 32.8 4353827 4352538 genome.dna 785888 784316 NC_003062.gbk
318 39.4 4360338 4359856 genome.dna 2036189 2035697 NC_003062.gbk
2068 55.2 4365488 4367155 genome.dna 2090924 2089274 NC_003062.gbk
838 42.4 4370220 4371221 genome.dna 993377 992360 NC_003062.gbk
334 35.5 4373604 4372945 genome.dna 1596230 1595534 NC_003062.gbk
471 36.4 4376373 4375759 genome.dna 915302 914693 NC_003062.gbk
550 35.5 4377440 4376580 genome.dna 1044470 1043648 NC_003062.gbk
1037 48.6 4388480 4389631 genome.dna 356151 357414 NC_003062.gbk
819 41.3 4392301 4393260 genome.dna 301947 303063 NC_003062.gbk
464 37.7 4393344 4393907 genome.dna 776977 777661 NC_003062.gbk
1474 52.9 4398393 4397095 genome.dna 2420023 2418724 NC_003062.gbk
433 34.6 4399815 4398820 genome.dna 2003864 2002940 NC_003062.gbk
684 34.6 4401072 4399819 genome.dna 2004987 2003865 NC_003062.gbk
628 38.2 4403893 4402952 genome.dna 1998974 1997993 NC_003062.gbk
790 33.6 4405841 4403886 genome.dna 698823 696936 NC_003062.gbk
361 33.3 4409618 4408062 genome.dna 1753175 1751795 NC_003062.gbk
1475 63.1 4422828 4421779 genome.dna 1544196 1545303 NC_003062.gbk
440 36.5 4423913 4423296 genome.dna 2617496 2616845 NC_003062.gbk
425 34.6 4448185 4447619 genome.dna 2527460 2526890 NC_003062.gbk
611 33.6 4448227 4449270 genome.dna 2528745 2529837 NC_003062.gbk
1877 54.2 4451372 4449723 genome.dna 399856 398230 NC_003062.gbk
1086 34.7 4455241 4453595 genome.dna 2217650 2219318 NC_003062.gbk
657 33.0 4459180 4457075 genome.dna 406150 408394 NC_003062.gbk
4878 62.0 4464530 4460847 genome.dna 2123682 2119902 NC_003062.gbk
1693 62.8 4468982 4467675 genome.dna 594386 593081 NC_003062.gbk
941 45.0 4471827 4470898 genome.dna 2703385 2704336 NC_003062.gbk
453 34.9 4479596 4478769 genome.dna 1436 2306 NC_003062.gbk
467 43.7 4482450 4482959 genome.dna 360644 361157 NC_003062.gbk
700 40.6 4482986 4483933 genome.dna 361201 362137 NC_003062.gbk
1025 38.2 4485347 4486723 genome.dna 1444359 1445736 NC_003062.gbk
300 46.8 4486815 4487225 genome.dna 521337 521766 NC_003062.gbk
443 55.0 4488068 4487676 genome.dna 1900901 1900475 NC_003062.gbk
1057 51.4 4489098 4488109 genome.dna 1902030 1901019 NC_003062.gbk
501 41.4 4489744 4489124 genome.dna 1840103 1839485 NC_003062.gbk
609 66.7 4490164 4489775 genome.dna 1902615 1902225 NC_003062.gbk
1426 56.3 4492165 4490834 genome.dna 1905146 1904012 NC_003062.gbk
342 45.3 4493665 4493312 genome.dna 1907453 1907090 NC_003062.gbk
488 44.7 4494208 4493675 genome.dna 1907957 1907465 NC_003062.gbk
406 45.8 4494614 4494222 genome.dna 1908441 1908042 NC_003062.gbk
296 47.5 4494953 4494648 genome.dna 1908759 1908453 NC_003062.gbk
762 61.9 4495506 4494967 genome.dna 1909347 1908792 NC_003062.gbk
300 48.5 4495835 4495521 genome.dna 1909648 1909339 NC_003062.gbk
605 77.2 4496217 4495846 genome.dna 1910029 1909660 NC_003062.gbk
195 50.8 4496826 4496635 genome.dna 1910712 1910511 NC_003062.gbk
579 61.9 4497236 4496826 genome.dna 1911138 1910724 NC_003062.gbk
977 62.1 4497950 4497249 genome.dna 1911908 1911176 NC_003062.gbk
397 60.9 4498593 4498315 genome.dna 1912578 1912299 NC_003062.gbk
1098 60.4 4499431 4498610 genome.dna 1913430 1912593 NC_003062.gbk
251 48.4 4499751 4499449 genome.dna 1913767 1913473 NC_003062.gbk
358 35.1 4500353 4499748 genome.dna 1914384 1913763 NC_003062.gbk
654 49.8 4500993 4500364 genome.dna 1915038 1914396 NC_003062.gbk
484 49.7 4502117 4501644 genome.dna 2776299 2776785 NC_003062.gbk
2695 59.7 4505956 4503842 genome.dna 1919167 1917067 NC_003062.gbk
621 58.3 4506523 4506053 genome.dna 1919672 1919201 NC_003062.gbk
650 74.8 4506994 4506620 genome.dna 1920160 1919749 NC_003062.gbk
1444 41.1 4522627 4520816 genome.dna 1679162 1677353 NC_003062.gbk
1623 41.9 4523306 4525213 genome.dna 1111052 1109138 NC_003062.gbk
1162 47.4 4531124 4529898 genome.dna 423827 425027 NC_003062.gbk
193 39.8 4539402 4538833 genome.dna 1667936 1667366 NC_003062.gbk
784 51.6 4540514 4539705 genome.dna 2483609 2482856 NC_003062.gbk
1069 59.4 4541350 4540526 genome.dna 2484424 2483593 NC_003062.gbk
1175 59.7 4542308 4541385 genome.dna 2485330 2484427 NC_003062.gbk
1240 54.7 4543345 4542305 genome.dna 2486346 2485326 NC_003062.gbk
984 34.0 4545089 4543476 genome.dna 2488055 2486342 NC_003062.gbk
596 44.6 4551834 4552562 genome.dna 2339670 2338947 NC_003062.gbk
540 40.7 4552562 4553296 genome.dna 2338936 2338246 NC_003062.gbk
1074 65.9 4553293 4554057 genome.dna 2341284 2340507 NC_003062.gbk
671 41.3 4557783 4556779 genome.dna 344281 345433 NC_003062.gbk
762 53.8 4559154 4558477 genome.dna 1821185 1821863 NC_003062.gbk
1278 32.8 4567199 4569754 genome.dna 1328752 1331200 NC_003062.gbk
183 36.2 4573911 4574321 genome.dna 2751099 2750682 NC_003062.gbk
353 36.1 4574406 4575275 genome.dna 426066 427227 NC_003062.gbk
1568 46.6 4575473 4577092 genome.dna 37311 38997 NC_003062.gbk
2817 58.6 4597892 4600225 genome.dna 638516 641081 NC_003062.gbk
1830 47.5 4664050 4662224 genome.dna 62994 64803 NC_003062.gbk
695 36.7 4665855 4666784 genome.dna 1061683 1060636 NC_003062.gbk
658 38.1 4668986 4668036 genome.dna 710497 711526 NC_003062.gbk
493 33.3 4675687 4674863 genome.dna 2680311 2679411 NC_003062.gbk
682 32.5 4677558 4676383 genome.dna 1165617 1166841 NC_003062.gbk
793 45.4 4680620 4681561 genome.dna 2635479 2636409 NC_003062.gbk
701 30.2 4690836 4689472 genome.dna 1822476 1823829 NC_003062.gbk
633 31.4 4703612 4702350 genome.dna 2557932 2556591 NC_003062.gbk
1938 68.8 4708658 4707399 genome.dna 2839411 2838145 NC_003062.gbk
2932 72.8 4729969 4728119 genome.dna 1897201 1895272 NC_003062.gbk
412 30.8 4730969 4730043 genome.dna 866766 867795 NC_003062.gbk
1288 44.2 4733613 4735139 genome.dna 303231 304779 NC_003062.gbk
1169 39.4 4752903 4754309 genome.dna 1646608 1648093 NC_003062.gbk
821 42.5 4756712 4755816 genome.dna 2088143 2087204 NC_003062.gbk
724 35.4 4766891 4765731 genome.dna 429111 427926 NC_003062.gbk
1318 33.7 4770998 4773196 genome.dna 2612018 2609726 NC_003062.gbk
1613 58.3 4776424 4777755 genome.dna 45011 46319 NC_003062.gbk
208 32.7 4780345 4781184 genome.dna 464150 464876 NC_003062.gbk
448 32.1 4784192 4784938 genome.dna 1453781 1454594 NC_003062.gbk
605 43.4 4786326 4787093 genome.dna 1605470 1604699 NC_003062.gbk
556 33.7 4826899 4825997 genome.dna 2246615 2245658 NC_003062.gbk
485 37.3 4829201 4829899 genome.dna 37120 36322 NC_003062.gbk
385 40.9 4834867 4834403 genome.dna 2217006 2217492 NC_003062.gbk
1160 52.2 4838481 4837408 genome.dna 300138 301239 NC_003062.gbk
904 46.2 4839358 4838507 genome.dna 299270 300128 NC_003062.gbk
819 42.4 4840266 4839379 genome.dna 298392 299274 NC_003062.gbk
1023 38.1 4841673 4840339 genome.dna 296923 298222 NC_003062.gbk
728 33.7 4859267 4858077 genome.dna 1978401 1977156 NC_003062.gbk
861 55.6 4859998 4859297 genome.dna 2396791 2396062 NC_003062.gbk
1009 52.6 4862968 4862042 genome.dna 2399985 2399082 NC_003062.gbk
928 39.4 4864237 4863125 genome.dna 2395477 2394301 NC_003062.gbk
619 36.7 4866035 4865178 genome.dna 2414968 2415871 NC_003062.gbk
986 38.8 4869411 4868002 genome.dna 2678108 2676671 NC_003062.gbk
310 35.2 4869761 4870336 genome.dna 686920 687478 NC_003062.gbk
665 41.6 4882515 4883447 genome.dna 2270637 2271642 NC_003062.gbk
382 35.7 4906610 4907971 genome.dna 2109161 2107604 NC_003062.gbk
951 44.2 4914105 4915127 genome.dna 2817970 2816959 NC_003062.gbk
502 43.7 4917573 4916662 genome.dna 1844183 1843217 NC_003062.gbk
906 43.2 4926494 4925484 genome.dna 1193436 1194450 NC_003062.gbk
322 47.1 4942687 4942274 genome.dna 370318 370744 NC_003062.gbk
784 39.4 4948910 4949932 genome.dna 1864974 1863822 NC_003062.gbk
379 31.7 4956187 4955039 genome.dna 1400374 1401577 NC_003062.gbk
379 31.7 4956187 4955039 genome.dna 1400374 1401577 NC_003062.gbk
379 31.7 4956187 4955039 genome.dna 1400374 1401577 NC_003062.gbk
569 46.7 4956801 4956184 genome.dna 704022 703392 NC_003062.gbk
569 46.7 4956801 4956184 genome.dna 704022 703392 NC_003062.gbk
467 33.3 4957681 4956785 genome.dna 705027 704037 NC_003062.gbk
931 49.8 4964420 4963467 genome.dna 370170 369168 NC_003062.gbk
2925 58.0 4981440 4979023 genome.dna 7846 10297 NC_003062.gbk
931 42.0 4983694 4982594 genome.dna 294767 293555 NC_003062.gbk
844 35.1 4985096 4983699 genome.dna 317318 318908 NC_003062.gbk
730 38.5 4988276 4989640 genome.dna 2838056 2836727 NC_003062.gbk
307 31.3 5015940 5016497 genome.dna 243745 244360 NC_003062.gbk
485 35.0 5017538 5016804 genome.dna 421129 421855 NC_003062.gbk
1383 50.6 5026700 5027902 genome.dna 2170618 2169415 NC_003062.gbk
686 37.7 5031540 5032457 genome.dna 980477 981413 NC_003062.gbk
1756 47.4 5049054 5047222 genome.dna 1772368 1770541 NC_003062.gbk
485 40.0 5050610 5049240 genome.dna 1773934 1772572 NC_003062.gbk
1944 69.4 5055348 5053966 genome.dna 2605969 2604601 NC_003062.gbk
528 34.5 5056259 5055396 genome.dna 2606871 2605992 NC_003062.gbk
1277 56.7 5057853 5056312 genome.dna 2608432 2606902 NC_003062.gbk
87 30.8 5060442 5060059 genome.dna 128513 128840 NC_003062.gbk
1961 49.8 5063659 5061770 genome.dna 2836665 2834781 NC_003062.gbk
548 40.1 9676 9014 genome.dna 942639 943293 NC_003063.gbk
1483 46.4 10948 12453 genome.dna 1661463 1663050 NC_003063.gbk
932 46.7 12461 13429 genome.dna 624105 623121 NC_003063.gbk
454 31.6 13455 14342 genome.dna 626574 625662 NC_003063.gbk
614 37.7 14538 15464 genome.dna 47353 46414 NC_003063.gbk
972 38.6 33859 32447 genome.dna 1228380 1229922 NC_003063.gbk
534 43.9 68440 67694 genome.dna 920188 920815 NC_003063.gbk
1399 41.9 87882 86185 genome.dna 2022925 2024653 NC_003063.gbk
567 36.8 93925 92960 genome.dna 225918 224982 NC_003063.gbk
515 39.1 110262 109636 genome.dna 342513 343236 NC_003063.gbk
1505 49.5 115831 114374 genome.dna 447858 446391 NC_003063.gbk
1859 61.3 117217 115898 genome.dna 446200 444838 NC_003063.gbk
816 42.2 117691 118689 genome.dna 1443894 1444935 NC_003063.gbk
789 36.3 140268 141428 genome.dna 1109878 1108732 NC_003063.gbk
780 42.9 153705 152758 genome.dna 2034086 2033093 NC_003063.gbk
885 41.7 157508 156588 genome.dna 192115 191128 NC_003063.gbk
508 30.1 187993 189078 genome.dna 1801842 1800795 NC_003063.gbk
640 35.3 199675 198740 genome.dna 1151920 1151032 NC_003063.gbk
598 32.0 217581 216430 genome.dna 1632276 1631151 NC_003063.gbk
1290 44.0 219661 221034 genome.dna 1421714 1420253 NC_003063.gbk
1799 53.6 230345 231841 genome.dna 542901 544476 NC_003063.gbk
1147 64.7 288581 287820 genome.dna 393475 394252 NC_003063.gbk
491 38.6 292998 292333 genome.dna 715427 714725 NC_003063.gbk
656 36.0 295276 296334 genome.dna 1496645 1497635 NC_003063.gbk
1722 56.9 306633 305290 genome.dna 676389 674994 NC_003063.gbk
263 34.4 307112 306645 genome.dna 676829 676385 NC_003063.gbk
478 54.2 307589 307137 genome.dna 395168 395633 NC_003063.gbk
899 47.0 340994 339921 genome.dna 1216337 1217333 NC_003063.gbk
520 36.4 355354 354581 genome.dna 1900804 1901590 NC_003063.gbk
901 37.8 357036 355618 genome.dna 1206529 1207984 NC_003063.gbk
2155 44.7 361542 357046 genome.dna 1201709 1206347 NC_003063.gbk
730 39.4 384350 385246 genome.dna 336953 336047 NC_003063.gbk
577 36.1 399153 398326 genome.dna 657558 656724 NC_003063.gbk
1379 46.7 406489 405197 genome.dna 1930370 1931651 NC_003063.gbk
686 37.9 408325 407348 genome.dna 1928929 1929778 NC_003063.gbk
595 51.7 452937 452395 genome.dna 1434979 1435540 NC_003063.gbk
1645 56.5 485144 483705 genome.dna 1188835 1187389 NC_003063.gbk
300 41.6 503049 502735 genome.dna 1532561 1532237 NC_003063.gbk
297 30.7 526894 527520 genome.dna 1262404 1262992 NC_003063.gbk
369 35.7 539365 540081 genome.dna 515432 516149 NC_003063.gbk
299 58.3 705108 705329 genome.dna 186319 186553 NC_003063.gbk
429 38.7 713461 712685 genome.dna 1805715 1804998 NC_003063.gbk
175 43.3 755400 755185 genome.dna 892952 893180 NC_003063.gbk
2403 58.5 768185 770122 genome.dna 1281775 1283764 NC_003063.gbk
1426 48.6 771082 772419 genome.dna 1283928 1285305 NC_003063.gbk
852 32.4 787369 789282 genome.dna 783456 785304 NC_003063.gbk
949 43.2 792458 791463 genome.dna 541887 540909 NC_003063.gbk
631 38.3 805628 804636 genome.dna 1101744 1102743 NC_003063.gbk
773 38.5 805742 806647 genome.dna 570882 569844 NC_003063.gbk
611 36.1 808581 807679 genome.dna 939287 940217 NC_003063.gbk
628 31.0 812414 811260 genome.dna 713884 712705 NC_003063.gbk
482 34.4 819141 820013 genome.dna 1819463 1820297 NC_003063.gbk
554 31.2 829148 828144 genome.dna 1702554 1703568 NC_003063.gbk
354 44.1 839867 840766 genome.dna 1394030 1393034 NC_003063.gbk
1428 44.8 844582 846099 genome.dna 458437 459937 NC_003063.gbk
570 32.0 856625 858271 genome.dna 2016011 2014358 NC_003063.gbk
1053 37.2 908973 907498 genome.dna 1493979 1495452 NC_003063.gbk
338 30.9 912721 911924 genome.dna 1514089 1514962 NC_003063.gbk
571 50.0 937554 938135 genome.dna 679195 678595 NC_003063.gbk
718 42.4 939859 940740 genome.dna 1915501 1916443 NC_003063.gbk
525 34.1 940742 941554 genome.dna 1916418 1917276 NC_003063.gbk
1320 54.8 941591 942676 genome.dna 1917285 1918371 NC_003063.gbk
2151 51.2 955638 953644 genome.dna 1259691 1257708 NC_003063.gbk
784 34.4 959189 960961 genome.dna 1482099 1483794 NC_003063.gbk
2166 45.5 964883 967162 genome.dna 1682028 1679739 NC_003063.gbk
1141 52.1 984193 985221 genome.dna 1519136 1520138 NC_003063.gbk
1055 59.2 985221 986075 genome.dna 1520196 1521033 NC_003063.gbk
455 36.6 1029050 1029736 genome.dna 1163660 1164377 NC_003063.gbk
1295 35.0 1097087 1099333 genome.dna 781612 779344 NC_003063.gbk
673 34.9 1116476 1115454 genome.dna 229620 230679 NC_003063.gbk
638 34.6 1116801 1117997 genome.dna 836505 835386 NC_003063.gbk
1175 47.9 1125945 1124593 genome.dna 486845 485720 NC_003063.gbk
1276 61.9 1128600 1127662 genome.dna 1593053 1592027 NC_003063.gbk
1387 66.8 1129588 1128602 genome.dna 1593970 1593019 NC_003063.gbk
1902 52.9 1131228 1129642 genome.dna 1594128 1595886 NC_003063.gbk
622 36.9 1137533 1138456 genome.dna 1990506 1989627 NC_003063.gbk
1067 51.1 1173165 1174124 genome.dna 1392971 1392017 NC_003063.gbk
1426 53.9 1221233 1222429 genome.dna 1800779 1799570 NC_003063.gbk
349 32.4 1310544 1309849 genome.dna 1694362 1695073 NC_003063.gbk
353 32.2 1312030 1312560 genome.dna 872324 871847 NC_003063.gbk
1095 44.8 1327249 1326056 genome.dna 1858898 1860182 NC_003063.gbk
295 32.7 1327415 1328056 genome.dna 1863440 1864082 NC_003063.gbk
932 47.2 1336525 1337487 genome.dna 1220087 1218980 NC_003063.gbk
523 33.8 1348853 1349839 genome.dna 424865 425993 NC_003063.gbk
325 39.2 1357212 1356757 genome.dna 1217871 1217406 NC_003063.gbk
1283 62.3 1358126 1357212 genome.dna 1218926 1217873 NC_003063.gbk
539 43.2 1363250 1362525 genome.dna 1516225 1515472 NC_003063.gbk
578 40.7 1376426 1377313 genome.dna 15630 14880 NC_003063.gbk
452 35.4 1381835 1382692 genome.dna 1544607 1543764 NC_003063.gbk
417 39.7 1391405 1390635 genome.dna 1427604 1426872 NC_003063.gbk
727 39.5 1429248 1430537 genome.dna 1991867 1993376 NC_003063.gbk
923 31.5 1451498 1453288 genome.dna 2012111 2014076 NC_003063.gbk
961 43.7 1458435 1457257 genome.dna 380794 379534 NC_003063.gbk
593 46.1 1459094 1458447 genome.dna 381446 380750 NC_003063.gbk
555 42.7 1459750 1459094 genome.dna 382150 381442 NC_003063.gbk
711 49.1 1467907 1467197 genome.dna 872380 873190 NC_003063.gbk
1159 73.4 1484840 1484115 genome.dna 714714 713964 NC_003063.gbk
623 36.1 1487375 1486479 genome.dna 1809758 1808855 NC_003063.gbk
634 46.9 1515559 1514879 genome.dna 1199455 1200145 NC_003063.gbk
1828 37.8 1518297 1515565 genome.dna 1196692 1199395 NC_003063.gbk
562 51.3 1519100 1518525 genome.dna 1196071 1196638 NC_003063.gbk
2023 62.9 1521264 1519120 genome.dna 1193902 1196059 NC_003063.gbk
1948 55.7 1522968 1521280 genome.dna 1192053 1193757 NC_003063.gbk
2003 56.9 1547669 1549237 genome.dna 863286 861696 NC_003063.gbk
1371 50.0 1549251 1550390 genome.dna 861690 860532 NC_003063.gbk
286 38.8 1550947 1551351 genome.dna 1273969 1274410 NC_003063.gbk
356 38.8 1555196 1555705 genome.dna 1278610 1279144 NC_003063.gbk
497 36.9 1558773 1559834 genome.dna 855793 856831 NC_003063.gbk
609 41.2 1573036 1572017 genome.dna 1727160 1728231 NC_003063.gbk
814 43.5 1578878 1579741 genome.dna 561137 560282 NC_003063.gbk
1721 67.4 1583143 1582073 genome.dna 563490 562440 NC_003063.gbk
551 30.9 1606718 1607845 genome.dna 84425 83207 NC_003063.gbk
598 35.9 1614552 1615325 genome.dna 101488 102301 NC_003063.gbk
1276 42.4 1631952 1633361 genome.dna 1686199 1687630 NC_003063.gbk
771 42.7 1635671 1634820 genome.dna 310701 311595 NC_003063.gbk
502 46.2 1636204 1635668 genome.dna 309069 309639 NC_003063.gbk
1231 60.8 1637078 1636206 genome.dna 311531 312458 NC_003063.gbk
552 36.7 1652035 1651178 genome.dna 412716 413538 NC_003063.gbk
1299 46.7 1654089 1656020 genome.dna 415656 417483 NC_003063.gbk
1046 52.3 1656775 1657761 genome.dna 949594 950587 NC_003063.gbk
832 40.6 1660540 1661571 genome.dna 1663046 1664111 NC_003063.gbk
969 40.4 1661611 1662744 genome.dna 419528 420656 NC_003063.gbk
2229 53.7 1662791 1664695 genome.dna 413743 415660 NC_003063.gbk
931 44.7 1664731 1665621 genome.dna 417484 418393 NC_003063.gbk
861 50.8 1665648 1666472 genome.dna 418492 419305 NC_003063.gbk
692 38.1 1674049 1674948 genome.dna 13430 12467 NC_003063.gbk
965 48.9 1735237 1734179 genome.dna 116241 115179 NC_003063.gbk
1688 41.6 1737321 1735243 genome.dna 118481 116237 NC_003063.gbk
1079 47.9 1738556 1737522 genome.dna 119630 118547 NC_003063.gbk
770 33.8 1786438 1785080 genome.dna 519819 518508 NC_003063.gbk
1555 41.4 1788362 1786503 genome.dna 1647995 1649843 NC_003063.gbk
247 30.5 1793872 1793363 genome.dna 1307311 1306747 NC_003063.gbk
1078 38.9 1794345 1795769 genome.dna 1629784 1628167 NC_003063.gbk
2304 68.3 1800077 1801579 genome.dna 618239 619790 NC_003063.gbk
1326 70.5 1827346 1826507 genome.dna 1433485 1434442 NC_003063.gbk
1737 50.5 1839441 1837903 genome.dna 140145 138621 NC_003063.gbk
629 38.4 1903087 1902248 genome.dna 324263 325193 NC_003063.gbk
1148 39.1 1993342 1994814 genome.dna 709167 707685 NC_003063.gbk
1196 40.6 1994834 1996513 genome.dna 828337 826729 NC_003063.gbk
248 33.8 1996673 1997326 genome.dna 432758 432059 NC_003063.gbk
174 30.8 2013548 2013970 genome.dna 1273386 1273845 NC_003063.gbk
603 34.1 2042130 2043083 genome.dna 959668 958582 NC_003063.gbk
544 38.5 2044045 2044779 genome.dna 1493221 1493962 NC_003063.gbk
760 36.6 2063309 2062113 genome.dna 1174465 1173256 NC_003063.gbk
1124 45.2 2064554 2063346 genome.dna 629943 631173 NC_003063.gbk
585 50.0 2064690 2065280 genome.dna 629833 629227 NC_003063.gbk
750 54.1 2146500 2145886 genome.dna 529470 528768 NC_003063.gbk
364 40.3 2146934 2146497 genome.dna 529958 529466 NC_003063.gbk
3937 67.0 2150965 2148479 genome.dna 532432 529927 NC_003063.gbk
132 34.5 2151231 2150962 genome.dna 532694 532406 NC_003063.gbk
509 45.9 2151764 2151228 genome.dna 533187 532686 NC_003063.gbk
286 37.4 2153926 2154558 genome.dna 131700 132357 NC_003063.gbk
727 49.4 2159158 2158370 genome.dna 1562846 1562054 NC_003063.gbk
3781 74.8 2163569 2165743 genome.dna 280489 278293 NC_003063.gbk
466 30.5 2214721 2213777 genome.dna 1100728 1101748 NC_003063.gbk
2511 50.5 2227418 2225106 genome.dna 127572 129867 NC_003063.gbk
715 41.7 2246458 2245529 genome.dna 1169116 1170043 NC_003063.gbk
394 34.7 2246565 2247398 genome.dna 351921 352671 NC_003063.gbk
1199 37.4 2259590 2261206 genome.dna 688356 690018 NC_003063.gbk
1123 51.9 2267632 2266640 genome.dna 1110999 1109985 NC_003063.gbk
369 34.3 2301922 2302608 genome.dna 1409253 1409913 NC_003063.gbk
1307 52.0 2320507 2319365 genome.dna 1024214 1023020 NC_003063.gbk
1241 63.1 2321445 2320504 genome.dna 1023052 1022065 NC_003063.gbk
625 36.6 2322430 2321456 genome.dna 146075 146990 NC_003063.gbk
622 33.8 2325750 2324722 genome.dna 96869 98006 NC_003063.gbk
999 43.9 2335148 2334054 genome.dna 704566 703483 NC_003063.gbk
1910 58.3 2338271 2339743 genome.dna 703471 702016 NC_003063.gbk
694 34.7 2340110 2341189 genome.dna 707310 706299 NC_003063.gbk
706 39.9 2342538 2343356 genome.dna 705363 704562 NC_003063.gbk
980 62.3 2343795 2344529 genome.dna 1745504 1746239 NC_003063.gbk
769 34.4 2359305 2358133 genome.dna 659958 658662 NC_003063.gbk
1081 50.8 2439405 2440412 genome.dna 1005367 1004350 NC_003063.gbk
334 30.8 2449772 2450872 genome.dna 829407 828399 NC_003063.gbk
579 41.6 2451703 2452401 genome.dna 411853 412621 NC_003063.gbk
493 50.3 2457511 2456957 genome.dna 1608098 1608644 NC_003063.gbk
944 50.2 2458582 2457599 genome.dna 1610494 1611433 NC_003063.gbk
1721 58.4 2460964 2459636 genome.dna 1605442 1606804 NC_003063.gbk
1063 52.9 2463567 2464547 genome.dna 1604432 1605440 NC_003063.gbk
774 46.7 2472640 2473437 genome.dna 1095019 1094125 NC_003063.gbk
1261 54.8 2492889 2493971 genome.dna 779315 778232 NC_003063.gbk
520 39.8 2493971 2494816 genome.dna 778236 777366 NC_003063.gbk
837 40.8 2508508 2509803 genome.dna 1945573 1944337 NC_003063.gbk
891 52.8 2552084 2552833 genome.dna 845337 844587 NC_003063.gbk
1156 53.7 2570445 2569453 genome.dna 1091200 1092238 NC_003063.gbk
332 33.5 2611473 2610838 genome.dna 1873521 1874208 NC_003063.gbk
1112 51.3 2629936 2629016 genome.dna 690072 690996 NC_003063.gbk
747 44.9 2639766 2638855 genome.dna 1213051 1213939 NC_003063.gbk
733 40.5 2642732 2643580 genome.dna 632213 631247 NC_003063.gbk
1636 57.5 2664862 2663609 genome.dna 1755873 1754616 NC_003063.gbk
310 33.8 2678460 2679146 genome.dna 1806964 1807705 NC_003063.gbk
1053 61.3 2679167 2679979 genome.dna 1807740 1808556 NC_003063.gbk
164 34.1 2679983 2680252 genome.dna 1808552 1808813 NC_003063.gbk
1679 52.7 2696737 2695181 genome.dna 582430 583987 NC_003063.gbk
1251 64.8 2704043 2704957 genome.dna 461373 462276 NC_003063.gbk
1195 60.8 2704954 2705844 genome.dna 462233 463181 NC_003063.gbk
1293 68.4 2705844 2706707 genome.dna 463116 464022 NC_003063.gbk
970 50.4 2706704 2707561 genome.dna 464018 464873 NC_003063.gbk
234 41.9 2710820 2710485 genome.dna 1922217 1921899 NC_003063.gbk
853 43.2 2711183 2712019 genome.dna 1924021 1924855 NC_003063.gbk
908 54.4 2712101 2712862 genome.dna 1924851 1925595 NC_003063.gbk
1231 61.2 2714816 2715706 genome.dna 1932819 1933701 NC_003063.gbk
1182 57.1 2715699 2716604 genome.dna 1933705 1934590 NC_003063.gbk
1265 56.0 2716618 2717745 genome.dna 1934592 1935693 NC_003063.gbk
1019 41.2 2717761 2719050 genome.dna 1935670 1937005 NC_003063.gbk
1053 36.5 2737369 2735993 genome.dna 1189093 1190551 NC_003063.gbk
723 39.3 2742385 2741537 genome.dna 354436 353515 NC_003063.gbk
692 34.8 2757088 2758194 genome.dna 1292530 1293739 NC_003063.gbk
550 42.0 2760640 2761329 genome.dna 198199 198877 NC_003063.gbk
1260 52.1 2771476 2770376 genome.dna 1911898 1910701 NC_003063.gbk
494 39.2 2771944 2772576 genome.dna 748885 749596 NC_003063.gbk
663 49.7 2793288 2792647 genome.dna 433594 432877 NC_003063.gbk
698 37.9 2794931 2793456 genome.dna 58923 57537 NC_003063.gbk
958 37.2 2796565 2798007 genome.dna 1233523 1232083 NC_003063.gbk
1328 60.0 2809298 2808294 genome.dna 1271392 1272433 NC_003063.gbk
328 31.2 2809923 2809306 genome.dna 1270688 1271306 NC_003063.gbk
435 45.3 2810663 2810151 genome.dna 1270148 1270661 NC_003063.gbk
726 49.2 2811487 2810744 genome.dna 1265611 1266358 NC_003063.gbk
789 59.1 2822402 2821764 genome.dna 1133101 1132348 NC_003063.gbk
1170 34.8 2887241 2885457 genome.dna 327280 329044 NC_003063.gbk
488 35.3 2906057 2905173 genome.dna 334291 335140 NC_003063.gbk
1815 46.2 2925698 2924025 genome.dna 852026 850307 NC_003063.gbk
404 41.7 2926492 2925815 genome.dna 852810 852177 NC_003063.gbk
1401 42.7 2969171 2967603 genome.dna 2041149 2039592 NC_003063.gbk
887 39.7 2970291 2969182 genome.dna 2039624 2038466 NC_003063.gbk
485 46.2 2981911 2981417 genome.dna 796362 795891 NC_003063.gbk
949 32.9 2983684 2985450 genome.dna 866811 865029 NC_003063.gbk
522 36.6 3020405 3021178 genome.dna 53423 54155 NC_003063.gbk
977 43.8 3027219 3026053 genome.dna 921146 922415 NC_003063.gbk
834 38.9 3050037 3051158 genome.dna 661173 662112 NC_003063.gbk
781 35.6 3061480 3059363 genome.dna 1055729 1057853 NC_003063.gbk
1642 47.8 3080104 3081720 genome.dna 253077 251364 NC_003063.gbk
575 32.2 3092131 3093381 genome.dna 1147819 1146628 NC_003063.gbk
124 32.9 3100258 3100503 genome.dna 469830 469593 NC_003063.gbk
222 38.0 3100493 3100777 genome.dna 469588 469300 NC_003063.gbk
872 49.8 3148240 3147401 genome.dna 1308445 1307641 NC_003063.gbk
841 41.4 3149284 3148253 genome.dna 1309448 1308437 NC_003063.gbk
924 44.9 3150266 3149277 genome.dna 1310458 1309408 NC_003063.gbk
177 31.8 3163130 3162450 genome.dna 961534 960895 NC_003063.gbk
626 33.4 3165022 3163865 genome.dna 962676 961530 NC_003063.gbk
1368 63.8 3166099 3165062 genome.dna 963692 962672 NC_003063.gbk
661 30.8 3166195 3167499 genome.dna 1711673 1710338 NC_003063.gbk
839 44.4 3173816 3172911 genome.dna 191172 190245 NC_003063.gbk
1912 68.7 3271834 3270545 genome.dna 735549 736932 NC_003063.gbk
4460 63.7 3275000 3271911 genome.dna 733693 730582 NC_003063.gbk
1067 52.3 3276106 3274997 genome.dna 734847 733692 NC_003063.gbk
780 46.8 3278435 3279220 genome.dna 730553 729677 NC_003063.gbk
375 34.5 3295986 3295378 genome.dna 1994134 1993474 NC_003063.gbk
819 44.4 3311103 3310240 genome.dna 1787746 1788622 NC_003063.gbk
969 47.7 3312061 3311105 genome.dna 1786805 1787747 NC_003063.gbk
823 31.7 3313639 3312074 genome.dna 1784922 1786476 NC_003063.gbk
392 32.7 3319656 3320333 genome.dna 1677721 1676938 NC_003063.gbk
513 32.8 3324257 3325147 genome.dna 833258 834176 NC_003063.gbk
619 35.5 3327630 3326722 genome.dna 513937 513016 NC_003063.gbk
2858 53.8 3339478 3336770 genome.dna 1075800 1078512 NC_003063.gbk
1083 62.6 3344476 3343682 genome.dna 1072057 1072855 NC_003063.gbk
777 44.8 3345329 3344487 genome.dna 1071144 1072044 NC_003063.gbk
841 39.6 3346676 3345414 genome.dna 1069621 1071037 NC_003063.gbk
1152 33.8 3364676 3363084 genome.dna 1112763 1111059 NC_003063.gbk
475 41.6 3364794 3365690 genome.dna 680091 679218 NC_003063.gbk
1018 39.2 3382301 3380952 genome.dna 206965 205408 NC_003063.gbk
429 30.6 3387504 3386554 genome.dna 1091120 1090259 NC_003063.gbk
429 30.6 3388991 3388041 genome.dna 1091120 1090259 NC_003063.gbk
450 37.8 3394163 3393489 genome.dna 1806567 1805880 NC_003063.gbk
582 52.0 3408161 3407589 genome.dna 544472 545063 NC_003063.gbk
234 31.9 3431576 3432112 genome.dna 175187 175721 NC_003063.gbk
810 31.7 3432966 3435347 genome.dna 176430 178869 NC_003063.gbk
334 36.1 3451704 3451132 genome.dna 1599676 1600294 NC_003063.gbk
1762 81.7 3457211 3458236 genome.dna 834414 835335 NC_003063.gbk
1684 76.1 3491089 3492066 genome.dna 1153356 1154340 NC_003063.gbk
2076 90.3 3492094 3493125 genome.dna 1154365 1155394 NC_003063.gbk
726 39.1 3500028 3499135 genome.dna 19894 18994 NC_003063.gbk
502 55.4 3500331 3500732 genome.dna 569318 569774 NC_003063.gbk
657 62.0 3521609 3522118 genome.dna 1238367 1237866 NC_003063.gbk
549 34.3 3522115 3523185 genome.dna 1237870 1236778 NC_003063.gbk
447 51.1 3537641 3537204 genome.dna 25398 24945 NC_003063.gbk
2761 43.3 3560370 3563492 genome.dna 1780173 1777032 NC_003063.gbk
540 45.1 3570531 3571184 genome.dna 169133 168503 NC_003063.gbk
852 52.7 3577570 3576767 genome.dna 1758647 1757849 NC_003063.gbk
355 35.3 3578361 3577567 genome.dna 1760033 1759292 NC_003063.gbk
994 60.5 3586091 3587221 genome.dna 340175 341243 NC_003063.gbk
568 38.7 3596586 3597341 genome.dna 1994206 1994980 NC_003063.gbk
252 32.1 3621953 3621459 genome.dna 1604169 1603686 NC_003063.gbk
688 40.2 3622920 3623723 genome.dna 1241892 1242693 NC_003063.gbk
1229 52.3 3625021 3626103 genome.dna 1640568 1641636 NC_003063.gbk
580 37.6 3626100 3626900 genome.dna 1641629 1642382 NC_003063.gbk
1530 58.2 3630615 3629488 genome.dna 1638202 1639336 NC_003063.gbk
507 32.3 3631822 3630734 genome.dna 429747 430797 NC_003063.gbk
597 36.8 3689812 3691413 genome.dna 856827 858396 NC_003063.gbk
680 33.0 3698228 3696813 genome.dna 456721 458188 NC_003063.gbk
814 43.8 3700404 3701453 genome.dna 21683 22754 NC_003063.gbk
469 42.1 3701538 3702119 genome.dna 734887 735487 NC_003063.gbk
1003 50.0 3703917 3702925 genome.dna 1521929 1522955 NC_003063.gbk
923 50.4 3704788 3703907 genome.dna 1521036 1521924 NC_003063.gbk
397 33.3 3714803 3716083 genome.dna 95387 96818 NC_003063.gbk
1589 41.0 3720403 3718385 genome.dna 936058 934093 NC_003063.gbk
491 30.2 3721319 3720396 genome.dna 936957 936054 NC_003063.gbk
1004 58.6 3722136 3721339 genome.dna 934068 933249 NC_003063.gbk
614 39.2 3732844 3733638 genome.dna 1542749 1541909 NC_003063.gbk
726 44.0 3733793 3734647 genome.dna 1543783 1542745 NC_003063.gbk
433 39.5 3738313 3737777 genome.dna 1414245 1414788 NC_003063.gbk
186 30.7 3749751 3750215 genome.dna 1886925 1887399 NC_003063.gbk
487 35.0 3750989 3751744 genome.dna 1405195 1404367 NC_003063.gbk
3223 57.8 3762599 3760023 genome.dna 775860 773196 NC_003063.gbk
277 38.4 3780004 3779576 genome.dna 1881971 1882439 NC_003063.gbk
563 34.4 3793865 3792984 genome.dna 1868995 1867951 NC_003063.gbk
1138 42.2 3854898 3852301 genome.dna 597420 594825 NC_003063.gbk
1161 40.4 3857041 3855704 genome.dna 607689 609030 NC_003063.gbk
1185 38.2 3863434 3861956 genome.dna 599448 600930 NC_003063.gbk
276 33.8 3863969 3863466 genome.dna 598818 599355 NC_003063.gbk
4072 59.2 3869582 3866439 genome.dna 1860194 1863329 NC_003063.gbk
680 34.2 3911288 3910026 genome.dna 2002465 2001139 NC_003063.gbk
888 56.4 3913322 3912579 genome.dna 226673 225941 NC_003063.gbk
681 47.6 3913956 3913303 genome.dna 227313 226653 NC_003063.gbk
653 47.7 3914621 3913953 genome.dna 228014 227309 NC_003063.gbk
462 31.2 3915440 3914634 genome.dna 228965 228080 NC_003063.gbk
288 30.5 3917101 3918687 genome.dna 190224 188439 NC_003063.gbk
230 33.3 3921260 3920868 genome.dna 681186 680781 NC_003063.gbk
967 47.8 3921930 3923132 genome.dna 1014203 1015289 NC_003063.gbk
413 35.4 3932105 3933280 genome.dna 452799 451500 NC_003063.gbk
886 31.1 3933298 3934833 genome.dna 451479 449895 NC_003063.gbk
1513 52.4 3945541 3944261 genome.dna 946140 944706 NC_003063.gbk
947 46.4 3952362 3953393 genome.dna 441566 440450 NC_003063.gbk
738 52.8 3953386 3954039 genome.dna 440461 439792 NC_003063.gbk
777 46.7 3954101 3954916 genome.dna 439741 438961 NC_003063.gbk
1055 40.3 3971825 3970383 genome.dna 1078483 1079950 NC_003063.gbk
994 36.0 3983509 3984855 genome.dna 367236 368598 NC_003063.gbk
269 37.5 3984884 3985300 genome.dna 1695072 1695429 NC_003063.gbk
497 36.7 3996022 3996702 genome.dna 663225 663918 NC_003063.gbk
676 39.8 4013697 4012813 genome.dna 869765 870707 NC_003063.gbk
1052 36.7 4019875 4021449 genome.dna 1162090 1160578 NC_003063.gbk
796 65.7 4053431 4053985 genome.dna 751336 750754 NC_003063.gbk
422 30.5 4102382 4101120 genome.dna 1419942 1418673 NC_003063.gbk
397 31.7 4114259 4113273 genome.dna 20089 21049 NC_003063.gbk
571 34.1 4115888 4116970 genome.dna 1757047 1755880 NC_003063.gbk
821 39.2 4183757 4182708 genome.dna 372821 371759 NC_003063.gbk
1657 69.4 4184809 4183757 genome.dna 370700 371750 NC_003063.gbk
1369 63.1 4185816 4184818 genome.dna 369639 370698 NC_003063.gbk
1374 60.1 4186931 4185840 genome.dna 368594 369701 NC_003063.gbk
1272 53.5 4188040 4186934 genome.dna 366046 367240 NC_003063.gbk
1900 38.7 4190504 4188042 genome.dna 363609 366132 NC_003063.gbk
1283 45.1 4190949 4192256 genome.dna 363421 362134 NC_003063.gbk
1126 36.9 4193741 4195564 genome.dna 585664 583990 NC_003063.gbk
909 51.3 4196873 4197727 genome.dna 1884777 1885713 NC_003063.gbk
544 39.2 4197767 4198645 genome.dna 1885741 1886755 NC_003063.gbk
395 31.0 4221505 4218908 genome.dna 174974 172070 NC_003063.gbk
1000 42.4 4226833 4228161 genome.dna 1676106 1674759 NC_003063.gbk
660 41.3 4244964 4245854 genome.dna 858343 859255 NC_003063.gbk
339 39.1 4252799 4252404 genome.dna 1510741 1511155 NC_003063.gbk
1966 52.3 4255592 4252890 genome.dna 1507558 1504798 NC_003063.gbk
952 49.8 4258960 4257809 genome.dna 242300 241337 NC_003063.gbk
607 39.0 4283764 4284855 genome.dna 1628226 1627110 NC_003063.gbk
734 52.0 4312461 4313114 genome.dna 919511 920180 NC_003063.gbk
1108 56.4 4351229 4350276 genome.dna 468077 467111 NC_003063.gbk
836 44.4 4379941 4378778 genome.dna 1254464 1253183 NC_003063.gbk
1081 48.4 4381030 4380014 genome.dna 1257646 1256635 NC_003063.gbk
1409 36.7 4459180 4457075 genome.dna 939118 936985 NC_003063.gbk
357 33.7 4479596 4478769 genome.dna 394323 395193 NC_003063.gbk
1388 37.8 4509286 4510932 genome.dna 940905 942573 NC_003063.gbk
1607 59.4 4514011 4512740 genome.dna 633527 632258 NC_003063.gbk
864 53.1 4540514 4539705 genome.dna 1569327 1570107 NC_003063.gbk
1168 65.1 4541350 4540526 genome.dna 1568512 1569349 NC_003063.gbk
1297 64.2 4542308 4541385 genome.dna 1567620 1568508 NC_003063.gbk
1462 63.2 4543345 4542305 genome.dna 1566538 1567621 NC_003063.gbk
1871 50.7 4545089 4543476 genome.dna 1571974 1570324 NC_003063.gbk
1827 65.3 4546323 4545169 genome.dna 1573864 1572640 NC_003063.gbk
1547 51.4 4555196 4556704 genome.dna 1658169 1659828 NC_003063.gbk
928 44.7 4562421 4561336 genome.dna 1394974 1396108 NC_003063.gbk
358 37.9 4562994 4562473 genome.dna 1394468 1394969 NC_003063.gbk
472 36.6 4579442 4578723 genome.dna 120917 121664 NC_003063.gbk
303 31.4 4603858 4604907 genome.dna 1190547 1191501 NC_003063.gbk
728 46.3 4620311 4619553 genome.dna 1080091 1080865 NC_003063.gbk
1627 49.2 4622349 4623851 genome.dna 1440802 1442398 NC_003063.gbk
2727 49.6 4632742 4630295 genome.dna 874445 876908 NC_003063.gbk
1347 43.4 4634257 4632818 genome.dna 880404 881847 NC_003063.gbk
1554 55.1 4635563 4634286 genome.dna 879136 880399 NC_003063.gbk
1603 43.9 4637576 4635600 genome.dna 883584 885540 NC_003063.gbk
2666 53.8 4639754 4637577 genome.dna 876907 879115 NC_003063.gbk
393 31.4 4660732 4659695 genome.dna 1093162 1094104 NC_003063.gbk
400 33.1 4670140 4669394 genome.dna 136150 136960 NC_003063.gbk
598 31.5 4672431 4670269 genome.dna 306804 308925 NC_003063.gbk
1593 65.0 4702353 4701286 genome.dna 309638 310697 NC_003063.gbk
2370 56.7 4718921 4714953 genome.dna 796537 800224 NC_003063.gbk
1306 62.3 4737467 4736505 genome.dna 1835327 1834346 NC_003063.gbk
1251 63.2 4738477 4737467 genome.dna 1836370 1835323 NC_003063.gbk
2005 60.5 4739990 4738464 genome.dna 1837890 1836366 NC_003063.gbk
1465 73.7 4741131 4740175 genome.dna 1838919 1837959 NC_003063.gbk
695 41.0 4755209 4754301 genome.dna 280673 281582 NC_003063.gbk
543 34.4 4759858 4759052 genome.dna 355325 354458 NC_003063.gbk
678 35.3 4766891 4765731 genome.dna 1888328 1889501 NC_003063.gbk
683 39.1 4769378 4770382 genome.dna 1634825 1635854 NC_003063.gbk
159 41.2 4770684 4770469 genome.dna 1248846 1249068 NC_003063.gbk
839 40.4 4773468 4774511 genome.dna 564546 563523 NC_003063.gbk
1676 51.7 4781238 4782749 genome.dna 1088729 1090253 NC_003063.gbk
649 40.1 4812444 4811680 genome.dna 330819 330009 NC_003063.gbk
307 36.7 4814473 4814072 genome.dna 1275449 1275908 NC_003063.gbk
266 32.4 4837408 4836659 genome.dna 739336 738589 NC_003063.gbk
1205 53.4 4838481 4837408 genome.dna 1968625 1967446 NC_003063.gbk
1124 56.7 4839358 4838507 genome.dna 1877896 1877047 NC_003063.gbk
1101 56.2 4840266 4839379 genome.dna 1878895 1877905 NC_003063.gbk
1347 45.7 4841673 4840339 genome.dna 1880177 1878857 NC_003063.gbk
555 39.0 4860774 4860004 genome.dna 831808 831001 NC_003063.gbk
134 30.6 4875073 4874828 genome.dna 1390429 1390192 NC_003063.gbk
269 36.8 4875290 4875967 genome.dna 1402436 1401698 NC_003063.gbk
1746 63.6 4886675 4885383 genome.dna 1749632 1748285 NC_003063.gbk
478 31.9 4914105 4915127 genome.dna 1901600 1902617 NC_003063.gbk
1269 63.5 4928387 4927485 genome.dna 840069 839154 NC_003063.gbk
1470 61.2 4929420 4928401 genome.dna 841073 840065 NC_003063.gbk
1470 61.2 4929420 4928401 genome.dna 841073 840065 NC_003063.gbk
2053 55.9 4931262 4929655 genome.dna 842740 841135 NC_003063.gbk
508 56.8 4942687 4942274 genome.dna 1092783 1092300 NC_003063.gbk
664 34.3 4946843 4945446 genome.dna 444182 442781 NC_003063.gbk
664 34.3 4946843 4945446 genome.dna 444182 442781 NC_003063.gbk
740 38.2 4948910 4949932 genome.dna 802920 801903 NC_003063.gbk
1407 59.7 4949991 4951133 genome.dna 1600700 1601963 NC_003063.gbk
1007 59.7 4951144 4951938 genome.dna 801883 801100 NC_003063.gbk
856 52.6 4951935 4952735 genome.dna 801092 800261 NC_003063.gbk
604 33.0 4956187 4955039 genome.dna 755085 753897 NC_003063.gbk
604 33.0 4956187 4955039 genome.dna 755085 753897 NC_003063.gbk
604 33.0 4956187 4955039 genome.dna 755085 753897 NC_003063.gbk
2600 64.6 4960608 4958773 genome.dna 188552 186623 NC_003063.gbk
916 42.0 4962494 4961517 genome.dna 217423 216424 NC_003063.gbk
743 32.4 4967043 4965493 genome.dna 219143 217610 NC_003063.gbk
1111 70.8 5022536 5021802 genome.dna 667385 666620 NC_003063.gbk
891 56.4 5023303 5022533 genome.dna 668140 667381 NC_003063.gbk
849 57.0 5024004 5023309 genome.dna 668844 668136 NC_003063.gbk
1080 66.1 5024777 5024025 genome.dna 669620 668840 NC_003063.gbk
735 43.1 5026353 5025430 genome.dna 669896 670766 NC_003063.gbk
1975 72.0 5026700 5027902 genome.dna 672063 670824 NC_003063.gbk
1142 66.3 5028745 5027972 genome.dna 672867 672075 NC_003063.gbk
1213 57.1 5029737 5028745 genome.dna 673869 672873 NC_003063.gbk
901 57.5 5030435 5029734 genome.dna 674573 673865 NC_003063.gbk
1004 55.2 5031278 5030439 genome.dna 666590 665753 NC_003063.gbk
1802 44.6 5629 7497 genome.dna 461417 459500 NC_003064.gbk
597 42.9 9676 9014 genome.dna 496601 497267 NC_003064.gbk
583 34.4 15468 16463 genome.dna 78813 79875 NC_003064.gbk
459 33.3 74039 75028 genome.dna 303622 304558 NC_003064.gbk
529 32.7 93925 92960 genome.dna 394244 393290 NC_003064.gbk
484 35.7 155671 154589 genome.dna 240131 238976 NC_003064.gbk
463 30.2 217581 216430 genome.dna 472609 471445 NC_003064.gbk
211 41.7 277924 278196 genome.dna 112961 112700 NC_003064.gbk
857 50.0 288581 287820 genome.dna 473387 472622 NC_003064.gbk
623 36.2 384350 385246 genome.dna 184269 183282 NC_003064.gbk
203 31.2 431880 431494 genome.dna 229470 229077 NC_003064.gbk
739 39.0 805742 806647 genome.dna 213674 212732 NC_003064.gbk
852 52.4 818265 819005 genome.dna 385924 385063 NC_003064.gbk
1228 61.8 941591 942676 genome.dna 85019 86171 NC_003064.gbk
691 42.4 947612 946671 genome.dna 404037 403182 NC_003064.gbk
356 31.2 948505 947609 genome.dna 404976 404040 NC_003064.gbk
2425 57.6 990019 988067 genome.dna 175334 177281 NC_003064.gbk
1061 46.1 991219 990023 genome.dna 174131 175325 NC_003064.gbk
636 32.3 1116476 1115454 genome.dna 234813 235986 NC_003064.gbk
543 39.6 1376426 1377313 genome.dna 182200 183010 NC_003064.gbk
214 45.2 1468125 1468334 genome.dna 506463 506238 NC_003064.gbk
1424 71.3 1676003 1675101 genome.dna 317690 318593 NC_003064.gbk
1653 73.7 1676095 1677111 genome.dna 317646 316584 NC_003064.gbk
512 33.7 1749793 1748900 genome.dna 475159 476161 NC_003064.gbk
63 41.7 1836537 1836671 genome.dna 77492 77612 NC_003064.gbk
968 68.1 1862527 1863225 genome.dna 314623 315331 NC_003064.gbk
611 34.7 1868891 1867875 genome.dna 169406 170417 NC_003064.gbk
731 31.2 1876889 1874142 genome.dna 162127 164515 NC_003064.gbk
1161 38.2 1993342 1994814 genome.dna 224391 222867 NC_003064.gbk
509 37.4 2044045 2044779 genome.dna 246432 247206 NC_003064.gbk
1364 62.2 2158261 2157266 genome.dna 440499 441579 NC_003064.gbk
1069 64.9 2159158 2158370 genome.dna 437513 438377 NC_003064.gbk
427 37.2 2195725 2195117 genome.dna 154738 154045 NC_003064.gbk
991 52.0 2246458 2245529 genome.dna 237751 238693 NC_003064.gbk
387 32.0 2306210 2305560 genome.dna 266757 267390 NC_003064.gbk
2136 62.5 2338271 2339743 genome.dna 143526 144996 NC_003064.gbk
463 30.0 2340110 2341189 genome.dna 136452 137535 NC_003064.gbk
598 34.5 2342538 2343356 genome.dna 135606 136425 NC_003064.gbk
365 33.8 2406120 2405455 genome.dna 133361 132671 NC_003064.gbk
735 37.5 2446859 2448127 genome.dna 525197 526541 NC_003064.gbk
410 33.6 2449772 2450872 genome.dna 527590 528730 NC_003064.gbk
823 49.8 2450865 2451701 genome.dna 528647 529481 NC_003064.gbk
650 44.6 2451703 2452401 genome.dna 529480 530176 NC_003064.gbk
931 49.2 2627092 2626058 genome.dna 254949 255939 NC_003064.gbk
1008 45.5 2628084 2627089 genome.dna 253978 254953 NC_003064.gbk
326 35.3 2645457 2646263 genome.dna 48309 47532 NC_003064.gbk
580 34.7 2693453 2692521 genome.dna 205512 204603 NC_003064.gbk
450 37.4 2712101 2712862 genome.dna 276657 275793 NC_003064.gbk
633 35.5 2714816 2715706 genome.dna 58473 59445 NC_003064.gbk
548 34.7 2766822 2767682 genome.dna 416271 417255 NC_003064.gbk
992 44.2 3011957 3010824 genome.dna 418059 419130 NC_003064.gbk
678 36.5 3050037 3051158 genome.dna 199701 200871 NC_003064.gbk
870 41.6 3058890 3057901 genome.dna 324883 325921 NC_003064.gbk
1146 43.7 3080104 3081720 genome.dna 68274 66654 NC_003064.gbk
858 49.8 3148240 3147401 genome.dna 311106 311952 NC_003064.gbk
681 38.1 3149284 3148253 genome.dna 310003 311110 NC_003064.gbk
810 40.6 3150266 3149277 genome.dna 308921 310007 NC_003064.gbk
738 36.7 3174746 3173826 genome.dna 70143 69228 NC_003064.gbk
487 30.3 3265816 3266967 genome.dna 438434 439529 NC_003064.gbk
2482 37.5 3275000 3271911 genome.dna 374481 371322 NC_003064.gbk
562 33.1 3276106 3274997 genome.dna 375661 374506 NC_003064.gbk
745 39.5 3312061 3311105 genome.dna 336493 337465 NC_003064.gbk
885 47.9 3418053 3418931 genome.dna 329775 330705 NC_003064.gbk
1028 55.4 3479267 3480127 genome.dna 466454 465581 NC_003064.gbk
603 43.9 3570531 3571184 genome.dna 149680 150421 NC_003064.gbk
586 37.2 3700404 3701453 genome.dna 195478 194392 NC_003064.gbk
249 36.8 3701538 3702119 genome.dna 437496 436929 NC_003064.gbk
685 30.8 3714803 3716083 genome.dna 132629 131222 NC_003064.gbk
894 46.8 3889382 3888324 genome.dna 462247 463321 NC_003064.gbk
914 59.8 3913322 3912579 genome.dna 232197 232929 NC_003064.gbk
538 42.2 3913956 3913303 genome.dna 231560 232211 NC_003064.gbk
557 44.9 3914621 3913953 genome.dna 230882 231551 NC_003064.gbk
462 31.3 3915440 3914634 genome.dna 232968 233748 NC_003064.gbk
1054 42.5 3921930 3923132 genome.dna 214518 215724 NC_003064.gbk
542 30.9 3924544 3925548 genome.dna 216787 217825 NC_003064.gbk
546 32.3 3988169 3987237 genome.dna 87216 86184 NC_003064.gbk
862 39.6 3988268 3989257 genome.dna 87192 88191 NC_003064.gbk
531 34.7 4114259 4113273 genome.dna 180293 179339 NC_003064.gbk
798 47.4 4200650 4199670 genome.dna 73401 74367 NC_003064.gbk
717 35.8 4202207 4203343 genome.dna 144977 146177 NC_003064.gbk
788 44.2 4203411 4204295 genome.dna 66635 65738 NC_003064.gbk
1183 47.1 4205753 4206940 genome.dna 72204 73398 NC_003064.gbk
750 31.4 4231793 4230366 genome.dna 533815 532453 NC_003064.gbk
563 35.1 4322394 4323299 genome.dna 194362 193384 NC_003064.gbk
477 39.5 4327281 4326592 genome.dna 272334 271614 NC_003064.gbk
1516 36.5 4459180 4457075 genome.dna 304780 307138 NC_003064.gbk
266 45.4 4518446 4518081 genome.dna 154823 155147 NC_003064.gbk
277 39.3 4518538 4518864 genome.dna 207722 208052 NC_003064.gbk
1119 65.1 4518864 4519643 genome.dna 208048 208828 NC_003064.gbk
1256 42.6 4634257 4632818 genome.dna 284415 282885 NC_003064.gbk
379 33.0 4660865 4661485 genome.dna 352750 353455 NC_003064.gbk
454 36.3 4687992 4687321 genome.dna 474112 473383 NC_003064.gbk
213 31.6 4780345 4781184 genome.dna 354902 354215 NC_003064.gbk
1083 47.1 4838481 4837408 genome.dna 454938 456021 NC_003064.gbk
653 48.1 4859998 4859297 genome.dna 514018 513169 NC_003064.gbk
619 42.2 4860774 4860004 genome.dna 518130 517416 NC_003064.gbk
817 41.5 4906351 4905344 genome.dna 249671 248603 NC_003064.gbk
1414 47.9 4908005 4909348 genome.dna 248650 247255 NC_003064.gbk
907 36.2 4911222 4909444 genome.dna 498844 500626 NC_003064.gbk
481 30.3 4931262 4929655 genome.dna 71856 70338 NC_003064.gbk
465 52.2 4942687 4942274 genome.dna 51611 52094 NC_003064.gbk
428 30.4 4949991 4951133 genome.dna 519546 518442 NC_003064.gbk
435 30.0 4957681 4956785 genome.dna 449668 448690 NC_003064.gbk
1167 55.8 4961520 4960612 genome.dna 253025 253982 NC_003064.gbk
1269 56.0 4962494 4961517 genome.dna 252109 253081 NC_003064.gbk
1198 39.5 4967043 4965493 genome.dna 250320 251958 NC_003064.gbk
540 34.1 12461 13429 genome.dna 114864 113775 NC_003065.gbk
1937 54.1 1127665 1125938 genome.dna 123381 121710 NC_003065.gbk
1136 60.5 1128600 1127662 genome.dna 124382 123377 NC_003065.gbk
1237 55.8 1129588 1128602 genome.dna 125320 124318 NC_003065.gbk
1652 47.5 1131228 1129642 genome.dna 121653 120057 NC_003065.gbk
500 35.5 1137533 1138456 genome.dna 100732 99931 NC_003065.gbk
938 34.0 1658980 1660527 genome.dna 116407 114820 NC_003065.gbk
757 46.5 1813209 1812400 genome.dna 103186 103990 NC_003065.gbk
625 43.5 1857595 1858335 genome.dna 164854 165787 NC_003065.gbk
1075 37.4 1994834 1996513 genome.dna 108356 109982 NC_003065.gbk
708 38.0 2246458 2245529 genome.dna 129423 130449 NC_003065.gbk
1068 39.5 2460964 2459636 genome.dna 135225 136578 NC_003065.gbk
401 32.2 2559421 2558525 genome.dna 70240 69319 NC_003065.gbk
889 45.5 2627092 2626058 genome.dna 194359 195379 NC_003065.gbk
797 42.5 2628084 2627089 genome.dna 193397 194363 NC_003065.gbk
587 40.2 2712101 2712862 genome.dna 107426 108197 NC_003065.gbk
780 40.2 3174746 3173826 genome.dna 195375 196302 NC_003065.gbk
358 32.5 3364794 3365690 genome.dna 100945 101818 NC_003065.gbk
1033 33.8 4455241 4453595 genome.dna 190354 188770 NC_003065.gbk
654 44.8 4551834 4552562 genome.dna 71792 71081 NC_003065.gbk
823 54.4 4552562 4553296 genome.dna 71080 70354 NC_003065.gbk
1022 58.7 4553293 4554057 genome.dna 73702 72781 NC_003065.gbk
690 40.7 4554284 4555153 genome.dna 72864 71865 NC_003065.gbk
575 42.4 4579442 4578723 genome.dna 12715 13477 NC_003065.gbk
387 31.5 4620311 4619553 genome.dna 190964 191741 NC_003065.gbk
316 30.5 4837408 4836659 genome.dna 197185 197971 NC_003065.gbk
479 30.4 4948910 4949932 genome.dna 136597 137533 NC_003065.gbk
1054 60.8 4951144 4951938 genome.dna 137551 138352 NC_003065.gbk
886 55.8 4951935 4952735 genome.dna 138364 139180 NC_003065.gbk
575 35.3 4967186 4968082 genome.dna 73775 74711 NC_003065.gbk
