274 31.9 1026 565 genome.dna 1441332 1441788 NC_003413.gbk
1058 36.9 10948 12453 genome.dna 1575890 1577396 NC_003413.gbk
807 41.2 36667 35258 genome.dna 467038 465718 NC_003413.gbk
580 31.8 44746 43358 genome.dna 1173815 1175099 NC_003413.gbk
607 32.6 62838 64181 genome.dna 1494937 1493674 NC_003413.gbk
756 40.4 93925 92960 genome.dna 335070 334059 NC_003413.gbk
310 32.8 124086 125432 genome.dna 222844 224077 NC_003413.gbk
627 39.4 153705 152758 genome.dna 151647 152568 NC_003413.gbk
732 44.7 155671 154589 genome.dna 1774162 1775248 NC_003413.gbk
647 35.4 166824 165547 genome.dna 1349190 1350399 NC_003413.gbk
384 30.2 186544 185612 genome.dna 1663335 1662411 NC_003413.gbk
954 40.5 186786 187982 genome.dna 274107 275295 NC_003413.gbk
1015 42.5 187993 189078 genome.dna 947163 946116 NC_003413.gbk
490 36.8 217784 218788 genome.dna 1564704 1565697 NC_003413.gbk
623 34.0 219661 221034 genome.dna 224090 225470 NC_003413.gbk
289 36.6 252872 253300 genome.dna 1840937 1841432 NC_003413.gbk
324 34.5 253304 254008 genome.dna 1841510 1842161 NC_003413.gbk
496 37.7 270806 270027 genome.dna 8537 9230 NC_003413.gbk
297 35.4 271449 270808 genome.dna 1255814 1255190 NC_003413.gbk
720 32.5 280242 278956 genome.dna 432130 430810 NC_003413.gbk
230 34.9 307112 306645 genome.dna 683758 684193 NC_003413.gbk
427 44.1 315964 316557 genome.dna 234520 233947 NC_003413.gbk
665 31.9 321945 323390 genome.dna 170594 171968 NC_003413.gbk
749 30.7 329415 330869 genome.dna 752189 750668 NC_003413.gbk
310 30.1 341977 341009 genome.dna 363914 363089 NC_003413.gbk
196 36.3 352645 353037 genome.dna 1533819 1533411 NC_003413.gbk
920 38.3 357036 355618 genome.dna 1761981 1760550 NC_003413.gbk
513 37.3 417112 416177 genome.dna 1614441 1613502 NC_003413.gbk
425 51.6 431880 431494 genome.dna 678484 678103 NC_003413.gbk
411 42.0 432443 431979 genome.dna 619483 619024 NC_003413.gbk
1007 52.5 433394 432459 genome.dna 620410 619483 NC_003413.gbk
642 40.5 435364 434357 genome.dna 616101 615153 NC_003413.gbk
308 35.9 452937 452395 genome.dna 88844 88331 NC_003413.gbk
427 33.5 572685 573470 genome.dna 1511042 1511792 NC_003413.gbk
207 30.2 692962 692627 genome.dna 988020 987708 NC_003413.gbk
458 38.9 755628 756641 genome.dna 182499 181524 NC_003413.gbk
474 33.0 761351 760380 genome.dna 1049546 1050569 NC_003413.gbk
485 33.8 770241 771074 genome.dna 1222580 1223405 NC_003413.gbk
662 34.8 771082 772419 genome.dna 608172 606804 NC_003413.gbk
562 30.6 812414 811260 genome.dna 80327 81500 NC_003413.gbk
332 32.8 812975 814090 genome.dna 1261842 1260645 NC_003413.gbk
385 50.4 814149 814541 genome.dna 1392555 1392150 NC_003413.gbk
411 33.5 987143 988024 genome.dna 1715593 1716448 NC_003413.gbk
576 42.2 1159320 1160081 genome.dna 1492515 1491720 NC_003413.gbk
138 32.4 1168997 1169593 genome.dna 1655334 1656009 NC_003413.gbk
614 40.4 1202667 1201900 genome.dna 881672 880925 NC_003413.gbk
672 36.3 1278982 1280091 genome.dna 69098 68033 NC_003413.gbk
388 40.5 1280201 1280677 genome.dna 69561 69087 NC_003413.gbk
497 36.4 1335658 1336302 genome.dna 997902 998565 NC_003413.gbk
1646 34.2 1356196 1353473 genome.dna 736024 738424 NC_003413.gbk
187 30.3 1400772 1401275 genome.dna 933871 934363 NC_003413.gbk
749 38.7 1402802 1401792 genome.dna 627118 626146 NC_003413.gbk
879 40.6 1403920 1402802 genome.dna 566869 567973 NC_003413.gbk
167 37.2 1404198 1403920 genome.dna 566641 566869 NC_003413.gbk
270 32.0 1408623 1408141 genome.dna 636826 637303 NC_003413.gbk
1152 36.5 1422749 1425052 genome.dna 575592 577932 NC_003413.gbk
600 37.5 1427931 1426894 genome.dna 439837 440842 NC_003413.gbk
403 31.8 1428285 1428911 genome.dna 1175103 1175802 NC_003413.gbk
228 34.6 1433876 1433409 genome.dna 748038 747588 NC_003413.gbk
658 44.7 1436929 1437642 genome.dna 160890 160185 NC_003413.gbk
486 35.7 1467907 1467197 genome.dna 1558539 1559235 NC_003413.gbk
247 36.0 1468782 1468399 genome.dna 1170170 1170542 NC_003413.gbk
481 37.8 1530248 1530991 genome.dna 1018601 1017842 NC_003413.gbk
584 42.4 1531148 1531804 genome.dna 1205342 1206026 NC_003413.gbk
583 35.7 1531798 1532742 genome.dna 1206018 1207008 NC_003413.gbk
551 42.6 1533499 1534146 genome.dna 1224973 1224346 NC_003413.gbk
572 36.6 1536355 1535069 genome.dna 218961 217827 NC_003413.gbk
557 34.9 1558773 1559834 genome.dna 1828314 1829226 NC_003413.gbk
669 37.3 1561588 1560626 genome.dna 574632 575520 NC_003413.gbk
750 31.8 1598005 1595975 genome.dna 985541 987716 NC_003413.gbk
1156 44.2 1631952 1633361 genome.dna 609598 608212 NC_003413.gbk
1228 38.0 1754157 1752061 genome.dna 1421797 1419793 NC_003413.gbk
836 36.9 1768623 1769945 genome.dna 1374704 1375985 NC_003413.gbk
547 41.4 1779652 1780665 genome.dna 9840 10905 NC_003413.gbk
538 40.3 1780662 1781378 genome.dna 936676 937363 NC_003413.gbk
169 31.8 1923496 1923212 genome.dna 674185 674494 NC_003413.gbk
618 32.5 1980555 1981667 genome.dna 760785 759690 NC_003413.gbk
242 34.5 2009604 2010017 genome.dna 722874 723267 NC_003413.gbk
248 48.9 2010635 2010913 genome.dna 293849 294125 NC_003413.gbk
357 33.5 2048443 2049102 genome.dna 1607739 1608372 NC_003413.gbk
1045 37.5 2102354 2104732 genome.dna 51636 49182 NC_003413.gbk
965 38.2 2112831 2114330 genome.dna 1214261 1212833 NC_003413.gbk
745 46.4 2114428 2115174 genome.dna 1214982 1214250 NC_003413.gbk
928 39.0 2116495 2117718 genome.dna 174555 175761 NC_003413.gbk
1029 39.4 2121733 2120321 genome.dna 1134060 1135494 NC_003413.gbk
354 36.9 2181519 2182154 genome.dna 68041 67489 NC_003413.gbk
1163 48.2 2198282 2200954 genome.dna 216615 214119 NC_003413.gbk
548 35.5 2210106 2211050 genome.dna 1569628 1570552 NC_003413.gbk
174 35.2 2217316 2217645 genome.dna 1680406 1680109 NC_003413.gbk
865 35.9 2336995 2338260 genome.dna 1164635 1165967 NC_003413.gbk
933 41.2 2463282 2462086 genome.dna 617712 619035 NC_003413.gbk
482 32.2 2489732 2488785 genome.dna 248768 247928 NC_003413.gbk
253 30.0 2548323 2549147 genome.dna 610391 609611 NC_003413.gbk
407 32.2 2585970 2586605 genome.dna 1163668 1162990 NC_003413.gbk
358 32.9 2595969 2596559 genome.dna 1881860 1882388 NC_003413.gbk
702 39.2 2605113 2606180 genome.dna 1589057 1588082 NC_003413.gbk
1582 60.1 2607572 2608762 genome.dna 1585622 1584455 NC_003413.gbk
477 35.2 2608762 2609568 genome.dna 1584463 1583716 NC_003413.gbk
1009 46.8 2627092 2626058 genome.dna 1328087 1329077 NC_003413.gbk
997 49.1 2628084 2627089 genome.dna 206206 207166 NC_003413.gbk
724 47.0 2639766 2638855 genome.dna 763246 762367 NC_003413.gbk
529 33.3 2651794 2652813 genome.dna 1888255 1889236 NC_003413.gbk
197 36.5 2652833 2653480 genome.dna 1052536 1053073 NC_003413.gbk
493 38.5 2657649 2656798 genome.dna 1810243 1811080 NC_003413.gbk
542 44.9 2677723 2677067 genome.dna 973521 972837 NC_003413.gbk
326 32.8 2679167 2679979 genome.dna 503201 502463 NC_003413.gbk
441 33.2 2704954 2705844 genome.dna 1653722 1654511 NC_003413.gbk
410 33.3 2712101 2712862 genome.dna 574446 573663 NC_003413.gbk
560 34.2 2714816 2715706 genome.dna 1616068 1616962 NC_003413.gbk
1052 48.8 2716618 2717745 genome.dna 1620092 1621211 NC_003413.gbk
261 31.1 2724246 2725070 genome.dna 106143 105369 NC_003413.gbk
998 31.1 2726216 2727934 genome.dna 1540504 1542241 NC_003413.gbk
343 34.9 2741372 2740491 genome.dna 1084901 1085771 NC_003413.gbk
664 48.7 2755752 2754499 genome.dna 217822 216619 NC_003413.gbk
419 41.6 2788070 2787564 genome.dna 738842 739367 NC_003413.gbk
1062 47.4 2791280 2792458 genome.dna 439702 438412 NC_003413.gbk
486 34.5 2864092 2865492 genome.dna 163793 162479 NC_003413.gbk
250 39.1 2917289 2918617 genome.dna 1544484 1545612 NC_003413.gbk
507 33.2 2918614 2919687 genome.dna 1548877 1549894 NC_003413.gbk
442 43.4 2920770 2921360 genome.dna 1546208 1546793 NC_003413.gbk
696 44.4 2922086 2922862 genome.dna 1547440 1548241 NC_003413.gbk
440 42.4 2922856 2923488 genome.dna 1548215 1548881 NC_003413.gbk
509 30.1 2928002 2926713 genome.dna 1579244 1580567 NC_003413.gbk
849 39.1 2975613 2974318 genome.dna 1145475 1146843 NC_003413.gbk
216 35.9 3002657 3002334 genome.dna 1633558 1633903 NC_003413.gbk
322 41.2 3155124 3154672 genome.dna 107144 107582 NC_003413.gbk
352 45.5 3155863 3155369 genome.dna 1711765 1711294 NC_003413.gbk
246 33.3 3156400 3155882 genome.dna 387044 387554 NC_003413.gbk
465 31.7 3157424 3156435 genome.dna 96626 97550 NC_003413.gbk
486 43.1 3169188 3169883 genome.dna 1702085 1702760 NC_003413.gbk
656 34.2 3178804 3180039 genome.dna 561409 562615 NC_003413.gbk
939 39.4 3389494 3390708 genome.dna 1395880 1397077 NC_003413.gbk
487 43.5 3408161 3407589 genome.dna 840257 839723 NC_003413.gbk
572 40.5 3409858 3408341 genome.dna 160960 162310 NC_003413.gbk
217 30.3 3415469 3414618 genome.dna 886344 887145 NC_003413.gbk
875 46.2 3427528 3426443 genome.dna 1580640 1581651 NC_003413.gbk
679 38.6 3455799 3454780 genome.dna 522923 521927 NC_003413.gbk
226 31.1 3456860 3455796 genome.dna 883817 882731 NC_003413.gbk
1244 48.5 3519048 3517663 genome.dna 978477 979929 NC_003413.gbk
483 48.1 3521609 3522118 genome.dna 434900 435413 NC_003413.gbk
688 32.7 3540580 3539417 genome.dna 462949 461890 NC_003413.gbk
488 32.2 3541630 3540590 genome.dna 458171 457187 NC_003413.gbk
477 31.2 3549622 3550470 genome.dna 1616958 1617795 NC_003413.gbk
540 39.0 3578361 3577567 genome.dna 1256608 1255810 NC_003413.gbk
334 30.2 3583245 3582508 genome.dna 1025323 1025983 NC_003413.gbk
941 47.5 3592205 3590739 genome.dna 294805 296263 NC_003413.gbk
424 47.5 3608433 3608005 genome.dna 895130 894644 NC_003413.gbk
228 32.1 3622920 3623723 genome.dna 1862029 1862794 NC_003413.gbk
764 35.4 3625021 3626103 genome.dna 882748 881668 NC_003413.gbk
808 37.0 3635387 3634134 genome.dna 1653551 1652267 NC_003413.gbk
351 34.0 3689812 3691413 genome.dna 1826875 1828270 NC_003413.gbk
924 45.9 3703917 3702925 genome.dna 1418212 1417216 NC_003413.gbk
296 30.9 3728155 3728859 genome.dna 1141454 1140761 NC_003413.gbk
657 43.1 3732844 3733638 genome.dna 1096654 1097506 NC_003413.gbk
564 33.1 3736813 3735875 genome.dna 1183141 1184068 NC_003413.gbk
548 33.7 3742499 3743362 genome.dna 133227 132381 NC_003413.gbk
986 37.1 3776200 3774839 genome.dna 1608358 1609690 NC_003413.gbk
733 43.0 3898447 3899475 genome.dna 1266618 1267689 NC_003413.gbk
651 30.8 3969453 3967963 genome.dna 1290147 1291434 NC_003413.gbk
1417 55.6 4001743 4000448 genome.dna 233913 232620 NC_003413.gbk
1582 52.4 4003479 4001842 genome.dna 1694742 1696380 NC_003413.gbk
459 41.7 4039680 4040210 genome.dna 264632 264095 NC_003413.gbk
173 30.3 4040654 4040304 genome.dna 659130 658779 NC_003413.gbk
178 34.0 4079441 4080034 genome.dna 257645 258203 NC_003413.gbk
404 32.9 4203411 4204295 genome.dna 669893 668996 NC_003413.gbk
493 35.6 4244964 4245854 genome.dna 1829235 1830066 NC_003413.gbk
1546 42.7 4279582 4277864 genome.dna 898324 900019 NC_003413.gbk
1520 48.9 4282166 4283764 genome.dna 901053 902553 NC_003413.gbk
755 39.2 4283764 4284855 genome.dna 904319 905387 NC_003413.gbk
483 35.9 4284858 4286258 genome.dna 902557 903832 NC_003413.gbk
747 37.7 4296705 4297769 genome.dna 1629363 1628289 NC_003413.gbk
209 32.1 4319027 4319845 genome.dna 1719411 1720233 NC_003413.gbk
1455 42.9 4330684 4327460 genome.dna 1591786 1594957 NC_003413.gbk
680 36.8 4331847 4330699 genome.dna 1590674 1591790 NC_003413.gbk
387 32.2 4354760 4353831 genome.dna 1008201 1009080 NC_003413.gbk
536 42.6 4373604 4372945 genome.dna 1192660 1191970 NC_003413.gbk
486 32.2 4377440 4376580 genome.dna 797018 796205 NC_003413.gbk
299 34.3 4379941 4378778 genome.dna 1011462 1012695 NC_003413.gbk
381 33.7 4398393 4397095 genome.dna 324064 325084 NC_003413.gbk
623 35.9 4402445 4401165 genome.dna 1123433 1124729 NC_003413.gbk
442 32.3 4409618 4408062 genome.dna 214077 212634 NC_003413.gbk
605 52.5 4413698 4413135 genome.dna 720415 720985 NC_003413.gbk
459 41.3 4477982 4478530 genome.dna 1493033 1492511 NC_003413.gbk
425 36.4 4479596 4478769 genome.dna 1572988 1573804 NC_003413.gbk
216 42.9 4490164 4489775 genome.dna 1536022 1535608 NC_003413.gbk
141 32.3 4490537 4490181 genome.dna 1537026 1536579 NC_003413.gbk
232 34.6 4494208 4493675 genome.dna 1676791 1676236 NC_003413.gbk
183 30.3 4494614 4494222 genome.dna 1677203 1676810 NC_003413.gbk
240 41.4 4496217 4495846 genome.dna 1679497 1679071 NC_003413.gbk
93 31.2 4496826 4496635 genome.dna 1680637 1680418 NC_003413.gbk
292 32.8 4497950 4497249 genome.dna 1681256 1680623 NC_003413.gbk
455 34.2 4499431 4498610 genome.dna 1682867 1682147 NC_003413.gbk
230 38.0 4501337 4501026 genome.dna 1291473 1291782 NC_003413.gbk
415 31.0 4518864 4519643 genome.dna 158027 157235 NC_003413.gbk
296 40.3 4528763 4528356 genome.dna 1301931 1301499 NC_003413.gbk
756 38.2 4531124 4529898 genome.dna 1566462 1567563 NC_003413.gbk
495 42.9 4531820 4531245 genome.dna 1586801 1586234 NC_003413.gbk
568 38.2 4562421 4561336 genome.dna 1571338 1572346 NC_003413.gbk
444 33.6 4674165 4673230 genome.dna 1724034 1724895 NC_003413.gbk
1098 40.6 4690836 4689472 genome.dna 677936 676583 NC_003413.gbk
867 40.5 4703612 4702350 genome.dna 1523523 1522218 NC_003413.gbk
474 37.2 4704862 4703738 genome.dna 1522222 1521079 NC_003413.gbk
1105 36.3 4719117 4720601 genome.dna 437450 435968 NC_003413.gbk
955 44.2 4729969 4728119 genome.dna 906941 908597 NC_003413.gbk
422 32.6 4759858 4759052 genome.dna 1818063 1818897 NC_003413.gbk
737 36.2 4766891 4765731 genome.dna 1198667 1199768 NC_003413.gbk
1826 54.2 4781238 4782749 genome.dna 1852916 1854389 NC_003413.gbk
364 34.4 4789295 4788411 genome.dna 974315 973526 NC_003413.gbk
1085 48.4 4838481 4837408 genome.dna 1783411 1782298 NC_003413.gbk
324 32.4 4846439 4847095 genome.dna 113143 113713 NC_003413.gbk
947 40.5 4859267 4858077 genome.dna 127917 126675 NC_003413.gbk
1004 47.5 4927471 4926491 genome.dna 1327096 1328077 NC_003413.gbk
749 34.8 4929420 4928401 genome.dna 1324942 1325941 NC_003413.gbk
749 34.8 4929420 4928401 genome.dna 1324942 1325941 NC_003413.gbk
1160 43.2 5010680 5009268 genome.dna 826431 825102 NC_003413.gbk
857 51.6 5018328 5017552 genome.dna 965354 966116 NC_003413.gbk
462 31.7 5019301 5018414 genome.dna 964488 965358 NC_003413.gbk
603 37.5 5020260 5019301 genome.dna 963692 964541 NC_003413.gbk
596 35.2 5021463 5020423 genome.dna 960122 961250 NC_003413.gbk
700 34.3 5026700 5027902 genome.dna 541992 540819 NC_003413.gbk
715 40.6 5028745 5027972 genome.dna 1204578 1205346 NC_003413.gbk
882 43.2 5049054 5047222 genome.dna 168806 167009 NC_003413.gbk
