2084 51.1 5629 7497 genome.dna 2733217 2735128 NC_002928.gbk
648 33.1 9017 7668 genome.dna 3064676 3066026 NC_002928.gbk
695 51.4 9676 9014 genome.dna 2731372 2732044 NC_002928.gbk
669 38.9 12461 13429 genome.dna 2971581 2972547 NC_002928.gbk
376 39.6 22684 22163 genome.dna 2062542 2061999 NC_002928.gbk
443 41.7 23264 22674 genome.dna 2064453 2063844 NC_002928.gbk
1955 50.0 25826 28615 genome.dna 1993140 1995855 NC_002928.gbk
515 46.7 29669 29034 genome.dna 57110 56486 NC_002928.gbk
1310 45.6 30749 32122 genome.dna 2096773 2098198 NC_002928.gbk
1627 55.9 33859 32447 genome.dna 3212140 3210649 NC_002928.gbk
724 41.2 34917 33868 genome.dna 3213213 3212136 NC_002928.gbk
2214 66.7 36667 35258 genome.dna 3214680 3213267 NC_002928.gbk
2507 62.1 37037 38860 genome.dna 1989280 1991101 NC_002928.gbk
2209 53.5 47188 45107 genome.dna 3196351 3194359 NC_002928.gbk
1864 48.3 49985 47886 genome.dna 3231661 3233941 NC_002928.gbk
638 49.8 50956 50333 genome.dna 3230744 3231392 NC_002928.gbk
1234 47.7 59253 58054 genome.dna 814597 815830 NC_002928.gbk
1159 56.9 59530 61035 genome.dna 1261303 1259635 NC_002928.gbk
468 31.0 62838 64181 genome.dna 1673019 1674369 NC_002928.gbk
830 32.6 64337 65650 genome.dna 91333 92650 NC_002928.gbk
2058 45.9 70479 68437 genome.dna 1562439 1560324 NC_002928.gbk
813 43.4 76671 77513 genome.dna 3286135 3286999 NC_002928.gbk
1207 44.7 77642 78994 genome.dna 1460730 1459377 NC_002928.gbk
500 35.2 81584 80829 genome.dna 1347774 1348611 NC_002928.gbk
703 51.7 81805 82428 genome.dna 1548625 1547980 NC_002928.gbk
1464 44.8 87882 86185 genome.dna 3085072 3083437 NC_002928.gbk
564 37.8 93925 92960 genome.dna 2742226 2741272 NC_002928.gbk
564 48.4 97287 96724 genome.dna 4008288 4007628 NC_002928.gbk
693 47.0 97589 98332 genome.dna 2698664 2699483 NC_002928.gbk
1508 75.0 98527 99441 genome.dna 3949889 3950864 NC_002928.gbk
1355 40.2 99451 101520 genome.dna 3950865 3953004 NC_002928.gbk
699 51.9 110262 109636 genome.dna 815875 816568 NC_002928.gbk
803 51.2 111355 110522 genome.dna 1175887 1175056 NC_002928.gbk
2360 69.0 111626 113161 genome.dna 1427430 1429023 NC_002928.gbk
2410 80.7 124086 125432 genome.dna 2736551 2735213 NC_002928.gbk
1136 46.8 140268 141428 genome.dna 4737060 4735896 NC_002928.gbk
691 35.4 145801 147051 genome.dna 554338 555529 NC_002928.gbk
441 30.1 152553 151645 genome.dna 3910186 3911083 NC_002928.gbk
704 65.0 153705 152758 genome.dna 3521493 3520512 NC_002928.gbk
670 43.1 154586 153765 genome.dna 3513852 3513033 NC_002928.gbk
922 49.0 155671 154589 genome.dna 3515027 3513878 NC_002928.gbk
945 62.7 162282 162998 genome.dna 3223679 3222926 NC_002928.gbk
819 59.8 163345 163986 genome.dna 4396267 4395559 NC_002928.gbk
695 67.5 165569 165111 genome.dna 2112729 2112279 NC_002928.gbk
1075 44.9 166824 165547 genome.dna 2117919 2116710 NC_002928.gbk
552 41.7 166978 167643 genome.dna 1972904 1972226 NC_002928.gbk
367 72.4 167881 168117 genome.dna 1860677 1860440 NC_002928.gbk
281 76.4 168129 168296 genome.dna 1860377 1860209 NC_002928.gbk
836 49.3 168516 169325 genome.dna 875417 874589 NC_002928.gbk
531 50.3 170854 170375 genome.dna 918087 917577 NC_002928.gbk
809 36.2 172168 170891 genome.dna 171921 173214 NC_002928.gbk
631 42.2 174074 173307 genome.dna 1825598 1826351 NC_002928.gbk
529 44.2 184524 183541 genome.dna 170957 171920 NC_002928.gbk
207 30.7 185588 184521 genome.dna 1833418 1832452 NC_002928.gbk
890 52.3 186544 185612 genome.dna 3362362 3361372 NC_002928.gbk
235 31.2 191679 192110 genome.dna 304737 304314 NC_002928.gbk
361 35.0 192299 192775 genome.dna 303967 303439 NC_002928.gbk
640 41.6 192775 193791 genome.dna 303424 302368 NC_002928.gbk
835 44.2 199675 198740 genome.dna 2834568 2833638 NC_002928.gbk
2299 60.8 199780 202044 genome.dna 2834708 2837024 NC_002928.gbk
932 54.7 207484 206657 genome.dna 1189937 1190843 NC_002928.gbk
676 33.9 212248 209609 genome.dna 441020 438071 NC_002928.gbk
501 34.1 217581 216430 genome.dna 3583106 3581933 NC_002928.gbk
518 38.4 217784 218788 genome.dna 4203326 4202261 NC_002928.gbk
1372 48.2 219661 221034 genome.dna 1532994 1531485 NC_002928.gbk
949 56.8 222967 223722 genome.dna 4330605 4329828 NC_002928.gbk
1683 51.9 224355 225995 genome.dna 4327780 4326217 NC_002928.gbk
207 43.8 226078 226338 genome.dna 4613403 4613631 NC_002928.gbk
853 51.6 226939 227694 genome.dna 4614155 4614956 NC_002928.gbk
1455 68.6 228573 229595 genome.dna 56490 55473 NC_002928.gbk
1197 69.1 230345 231841 genome.dna 1237111 1235566 NC_002928.gbk
380 34.2 237567 238178 genome.dna 3302331 3301743 NC_002928.gbk
1340 43.1 238222 239673 genome.dna 274495 275965 NC_002928.gbk
903 42.6 245968 247005 genome.dna 3781344 3780282 NC_002928.gbk
374 32.2 247002 247961 genome.dna 176093 175226 NC_002928.gbk
2135 80.3 250357 251541 genome.dna 6766 7957 NC_002928.gbk
2135 80.3 250357 251541 genome.dna 32311 33502 NC_002928.gbk
195 34.9 251779 252162 genome.dna 8195 8576 NC_002928.gbk
744 59.2 252164 252709 genome.dna 8585 9119 NC_002928.gbk
659 66.7 252872 253300 genome.dna 9182 9614 NC_002928.gbk
977 63.6 253304 254008 genome.dna 9616 10315 NC_002928.gbk
397 43.8 254326 254823 genome.dna 10557 11082 NC_002928.gbk
447 62.2 254890 255255 genome.dna 11163 11547 NC_002928.gbk
4357 63.4 255584 259612 genome.dna 11682 15819 NC_002928.gbk
5985 65.3 259736 263959 genome.dna 15818 20063 NC_002928.gbk
1016 38.2 264271 265668 genome.dna 213703 212329 NC_002928.gbk
681 47.8 269828 269043 genome.dna 4320713 4321589 NC_002928.gbk
112 34.8 270030 269830 genome.dna 536684 536483 NC_002928.gbk
805 47.0 270806 270027 genome.dna 308679 309474 NC_002928.gbk
295 36.9 271449 270808 genome.dna 4258064 4258718 NC_002928.gbk
2611 69.7 273440 271446 genome.dna 313747 311833 NC_002928.gbk
1420 60.3 275283 276347 genome.dna 4468614 4467537 NC_002928.gbk
1659 59.9 280242 278956 genome.dna 2594611 2593237 NC_002928.gbk
1954 57.9 281849 280260 genome.dna 3852177 3853767 NC_002928.gbk
1246 74.7 288581 287820 genome.dna 4300857 4300116 NC_002928.gbk
1185 52.3 289684 288590 genome.dna 4302012 4300911 NC_002928.gbk
1178 49.0 290872 289694 genome.dna 4303204 4302013 NC_002928.gbk
1299 55.6 291953 290928 genome.dna 4304340 4303323 NC_002928.gbk
994 67.4 292998 292333 genome.dna 1526790 1526109 NC_002928.gbk
1075 63.0 293855 293088 genome.dna 1527645 1526856 NC_002928.gbk
1145 54.8 301263 300298 genome.dna 3850796 3851828 NC_002928.gbk
555 41.7 303420 302533 genome.dna 4241178 4240254 NC_002928.gbk
2085 68.5 306633 305290 genome.dna 4242543 4241196 NC_002928.gbk
566 60.6 307112 306645 genome.dna 4243002 4242552 NC_002928.gbk
517 60.4 307589 307137 genome.dna 4243526 4243091 NC_002928.gbk
462 39.0 308443 307844 genome.dna 3570307 3569644 NC_002928.gbk
1084 54.8 309481 308480 genome.dna 3571274 3570314 NC_002928.gbk
1221 55.1 310630 309653 genome.dna 489922 490945 NC_002928.gbk
1618 72.1 313270 314313 genome.dna 4391939 4390895 NC_002928.gbk
546 33.2 314487 315470 genome.dna 4390807 4389922 NC_002928.gbk
512 50.5 315964 316557 genome.dna 2590784 2590160 NC_002928.gbk
1700 50.7 316547 318016 genome.dna 1839802 1838338 NC_002928.gbk
1868 60.7 321945 323390 genome.dna 2665922 2667383 NC_002928.gbk
622 38.1 326310 327275 genome.dna 1757711 1756817 NC_002928.gbk
406 40.9 331519 330968 genome.dna 4207433 4208051 NC_002928.gbk
1347 50.8 331816 333156 genome.dna 4207441 4206076 NC_002928.gbk
191 36.1 334075 333803 genome.dna 2103889 2104159 NC_002928.gbk
741 44.7 334964 334107 genome.dna 4374304 4375177 NC_002928.gbk
280 41.1 335983 335696 genome.dna 4369967 4370306 NC_002928.gbk
1155 42.9 337440 336007 genome.dna 4670777 4669337 NC_002928.gbk
953 58.4 338215 337490 genome.dna 4368940 4369732 NC_002928.gbk
474 42.8 339901 339335 genome.dna 4367041 4367650 NC_002928.gbk
1001 49.1 340994 339921 genome.dna 4366055 4367045 NC_002928.gbk
804 51.9 342391 343203 genome.dna 4599253 4600150 NC_002928.gbk
958 60.5 343211 343993 genome.dna 4600146 4600932 NC_002928.gbk
474 47.4 343998 344564 genome.dna 4600944 4601451 NC_002928.gbk
322 30.8 344577 345206 genome.dna 4602363 4602987 NC_002928.gbk
159 34.2 345645 345899 genome.dna 4604715 4604967 NC_002928.gbk
1563 59.7 345980 347242 genome.dna 4604966 4606235 NC_002928.gbk
878 41.8 350815 351966 genome.dna 3463277 3462128 NC_002928.gbk
648 65.2 352201 352629 genome.dna 4204384 4203916 NC_002928.gbk
565 64.6 352645 353037 genome.dna 4203907 4203514 NC_002928.gbk
563 43.3 353367 354008 genome.dna 4621089 4621701 NC_002928.gbk
349 43.0 354014 354517 genome.dna 4621710 4622160 NC_002928.gbk
462 34.6 355354 354581 genome.dna 2442609 2443377 NC_002928.gbk
633 34.7 357036 355618 genome.dna 4595732 4597211 NC_002928.gbk
1911 44.3 361542 357046 genome.dna 4590996 4595736 NC_002928.gbk
478 39.1 366712 367449 genome.dna 4249982 4250711 NC_002928.gbk
542 44.1 370130 369540 genome.dna 4378227 4378830 NC_002928.gbk
684 43.0 372605 373492 genome.dna 4377628 4376689 NC_002928.gbk
610 39.4 374918 375703 genome.dna 2555973 2556813 NC_002928.gbk
732 33.3 379289 377889 genome.dna 4323182 4324502 NC_002928.gbk
570 40.2 380920 381747 genome.dna 4583379 4584258 NC_002928.gbk
415 37.4 381747 382328 genome.dna 4245616 4246210 NC_002928.gbk
1511 51.1 382412 384307 genome.dna 2010304 2012317 NC_002928.gbk
1054 54.7 384350 385246 genome.dna 3202133 3203048 NC_002928.gbk
995 53.7 399153 398326 genome.dna 1734374 1735292 NC_002928.gbk
1001 42.3 404861 403671 genome.dna 709941 711105 NC_002928.gbk
1133 40.7 406489 405197 genome.dna 2438708 2439977 NC_002928.gbk
267 37.7 410005 410430 genome.dna 4104277 4104736 NC_002928.gbk
1608 66.7 422444 421164 genome.dna 1370090 1368902 NC_002928.gbk
580 62.0 422598 423044 genome.dna 1370265 1370694 NC_002928.gbk
320 44.6 431880 431494 genome.dna 3196852 3196465 NC_002928.gbk
481 39.9 435364 434357 genome.dna 2737643 2736701 NC_002928.gbk
150 32.7 436647 436144 genome.dna 958638 958164 NC_002928.gbk
2752 49.1 460910 458055 genome.dna 3060148 3063031 NC_002928.gbk
1541 47.3 463248 461737 genome.dna 3544311 3545811 NC_002928.gbk
802 40.3 486354 485398 genome.dna 3792239 3793283 NC_002928.gbk
1405 44.2 511134 509425 genome.dna 2528501 2530178 NC_002928.gbk
418 39.0 517457 517939 genome.dna 2143136 2142557 NC_002928.gbk
625 34.9 522787 521576 genome.dna 4487058 4485888 NC_002928.gbk
522 33.2 523994 522816 genome.dna 3849555 3850737 NC_002928.gbk
1250 46.3 525365 524040 genome.dna 3847656 3848997 NC_002928.gbk
247 31.0 526894 527520 genome.dna 214660 213979 NC_002928.gbk
1661 56.4 530287 528905 genome.dna 1963290 1964652 NC_002928.gbk
1869 52.0 533382 534971 genome.dna 4663787 4665395 NC_002928.gbk
171 53.1 536233 536394 genome.dna 3432766 3432928 NC_002928.gbk
611 42.9 536846 537643 genome.dna 2192068 2192896 NC_002928.gbk
672 39.4 692651 690918 genome.dna 52461 54399 NC_002928.gbk
288 42.9 692962 692627 genome.dna 52109 52451 NC_002928.gbk
310 49.0 697176 697469 genome.dna 940769 940481 NC_002928.gbk
2525 72.4 697515 699164 genome.dna 940449 938805 NC_002928.gbk
626 37.9 699974 700837 genome.dna 99777 98850 NC_002928.gbk
328 47.8 703585 703950 genome.dna 934379 933980 NC_002928.gbk
474 57.2 704061 704669 genome.dna 2164161 2163432 NC_002928.gbk
242 53.8 705108 705329 genome.dna 3432534 3432735 NC_002928.gbk
365 37.7 705891 705376 genome.dna 193262 192758 NC_002928.gbk
622 37.4 706802 707698 genome.dna 3209695 3210640 NC_002928.gbk
193 31.3 710564 710259 genome.dna 1234391 1234709 NC_002928.gbk
277 40.7 711145 710756 genome.dna 2806987 2806609 NC_002928.gbk
198 36.5 734184 734549 genome.dna 4404798 4404363 NC_002928.gbk
2147 56.9 753122 751287 genome.dna 3040453 3038170 NC_002928.gbk
290 60.6 755400 755185 genome.dna 3043442 3043202 NC_002928.gbk
1177 54.8 755628 756641 genome.dna 3298548 3297507 NC_002928.gbk
1160 55.3 761351 760380 genome.dna 324788 325754 NC_002928.gbk
364 47.6 761608 761919 genome.dna 323101 322789 NC_002928.gbk
404 70.2 761939 762196 genome.dna 322756 322495 NC_002928.gbk
1275 57.1 763509 764681 genome.dna 322346 321212 NC_002928.gbk
602 59.7 766454 766933 genome.dna 2208529 2209006 NC_002928.gbk
584 45.6 767499 768128 genome.dna 2211018 2211651 NC_002928.gbk
2585 64.6 768185 770122 genome.dna 2211888 2213775 NC_002928.gbk
870 51.1 770241 771074 genome.dna 2213793 2214636 NC_002928.gbk
1487 57.0 771082 772419 genome.dna 2214632 2215991 NC_002928.gbk
1412 49.0 777751 779280 genome.dna 1983591 1985070 NC_002928.gbk
2504 49.2 779306 782008 genome.dna 1985146 1988056 NC_002928.gbk
236 37.8 782083 782481 genome.dna 1988083 1988485 NC_002928.gbk
364 65.2 783547 783816 genome.dna 3707693 3707423 NC_002928.gbk
2843 61.0 784066 786186 genome.dna 3707333 3705173 NC_002928.gbk
1781 39.9 799578 801830 genome.dna 2560743 2562948 NC_002928.gbk
875 44.6 805742 806647 genome.dna 1493921 1493000 NC_002928.gbk
769 39.8 808581 807679 genome.dna 1918304 1917413 NC_002928.gbk
1132 53.0 812975 814090 genome.dna 817857 818958 NC_002928.gbk
3736 59.4 814656 817529 genome.dna 819473 822338 NC_002928.gbk
757 41.6 819141 820013 genome.dna 4683239 4684115 NC_002928.gbk
723 41.0 820003 820902 genome.dna 4684111 4684912 NC_002928.gbk
609 38.6 821149 821973 genome.dna 4679926 4680748 NC_002928.gbk
778 31.7 823054 824361 genome.dna 4681936 4683229 NC_002928.gbk
1048 57.4 839867 840766 genome.dna 1288991 1289924 NC_002928.gbk
1387 45.4 841615 843360 genome.dna 2189134 2187397 NC_002928.gbk
1944 59.6 844582 846099 genome.dna 2185399 2183878 NC_002928.gbk
584 35.7 853003 853935 genome.dna 203476 202585 NC_002928.gbk
592 43.2 858630 859340 genome.dna 4332847 4333525 NC_002928.gbk
558 31.4 862985 864421 genome.dna 2538539 2539886 NC_002928.gbk
1145 46.1 866383 867786 genome.dna 2044424 2046041 NC_002928.gbk
1576 39.3 899255 901552 genome.dna 3987107 3989552 NC_002928.gbk
484 32.2 909308 910588 genome.dna 2725965 2727210 NC_002928.gbk
375 32.7 912721 911924 genome.dna 2665081 2665912 NC_002928.gbk
476 44.6 927840 927358 genome.dna 1657610 1657142 NC_002928.gbk
479 48.6 927996 928442 genome.dna 1657675 1658110 NC_002928.gbk
216 38.7 928432 928713 genome.dna 1658099 1658450 NC_002928.gbk
1361 41.5 931102 929441 genome.dna 3775266 3776928 NC_002928.gbk
725 41.3 932060 931182 genome.dna 3774351 3775251 NC_002928.gbk
388 41.1 932209 932796 genome.dna 3771621 3771066 NC_002928.gbk
109 36.8 934700 934497 genome.dna 261040 260848 NC_002928.gbk
2361 61.6 955638 953644 genome.dna 1245166 1247203 NC_002928.gbk
1005 54.1 956604 955654 genome.dna 1309857 1308894 NC_002928.gbk
3192 62.9 964883 967162 genome.dna 3474956 3477263 NC_002928.gbk
527 54.8 969365 968913 genome.dna 1126947 1127430 NC_002928.gbk
1363 64.3 970301 969369 genome.dna 2593222 2592310 NC_002928.gbk
663 38.0 983011 983910 genome.dna 1508336 1509383 NC_002928.gbk
1169 62.2 987143 988024 genome.dna 3360673 3359761 NC_002928.gbk
1283 39.1 995970 994243 genome.dna 2104280 2105975 NC_002928.gbk
169 35.4 1001658 1001365 genome.dna 2796548 2796854 NC_002928.gbk
763 60.2 1002298 1002951 genome.dna 4728086 4728779 NC_002928.gbk
569 31.5 1010351 1008708 genome.dna 3943031 3941507 NC_002928.gbk
479 48.2 1011943 1012413 genome.dna 4138107 4137651 NC_002928.gbk
649 48.2 1013085 1012423 genome.dna 1096704 1096044 NC_002928.gbk
1344 57.0 1013309 1014424 genome.dna 1095986 1094909 NC_002928.gbk
834 58.1 1014421 1015077 genome.dna 4523430 4524081 NC_002928.gbk
290 31.1 1035378 1034710 genome.dna 2758369 2757748 NC_002928.gbk
1674 37.6 1046527 1048740 genome.dna 3728673 3730878 NC_002928.gbk
331 30.8 1054769 1054020 genome.dna 3255758 3254933 NC_002928.gbk
549 50.3 1067553 1068080 genome.dna 442398 441849 NC_002928.gbk
146 31.7 1069781 1070074 genome.dna 399398 399680 NC_002928.gbk
1090 33.2 1076168 1078321 genome.dna 812278 814549 NC_002928.gbk
698 54.5 1079828 1079199 genome.dna 1941290 1940606 NC_002928.gbk
1552 60.4 1080117 1081325 genome.dna 1941453 1942662 NC_002928.gbk
1402 76.6 1081339 1082172 genome.dna 1942671 1943502 NC_002928.gbk
329 51.7 1085958 1085686 genome.dna 1813501 1813228 NC_002928.gbk
1042 42.1 1087061 1085955 genome.dna 4310974 4312051 NC_002928.gbk
737 49.4 1087227 1087946 genome.dna 538473 537642 NC_002928.gbk
1387 59.8 1093574 1092513 genome.dna 1777475 1778630 NC_002928.gbk
136 33.8 1093990 1093781 genome.dna 2659648 2659891 NC_002928.gbk
608 50.3 1096541 1097074 genome.dna 4101318 4100745 NC_002928.gbk
720 54.0 1099537 1100406 genome.dna 4084998 4085787 NC_002928.gbk
245 35.9 1100443 1101237 genome.dna 843344 842372 NC_002928.gbk
631 35.9 1116801 1117997 genome.dna 1713028 1714153 NC_002928.gbk
1255 43.2 1119387 1118062 genome.dna 1814978 1813574 NC_002928.gbk
898 50.0 1119665 1120909 genome.dna 3915414 3916659 NC_002928.gbk
1177 47.7 1125945 1124593 genome.dna 4072509 4071315 NC_002928.gbk
914 51.3 1128600 1127662 genome.dna 2608473 2607633 NC_002928.gbk
1245 37.8 1131228 1129642 genome.dna 2611166 2609591 NC_002928.gbk
2270 46.1 1131750 1134008 genome.dna 2297053 2299393 NC_002928.gbk
605 39.9 1134065 1134883 genome.dna 3898023 3897150 NC_002928.gbk
572 34.8 1137533 1138456 genome.dna 2696515 2697436 NC_002928.gbk
227 32.5 1138546 1138941 genome.dna 3140643 3141021 NC_002928.gbk
865 50.2 1143476 1142628 genome.dna 1895737 1894915 NC_002928.gbk
1321 71.8 1150402 1149575 genome.dna 2136500 2135678 NC_002928.gbk
1781 37.0 1153145 1150431 genome.dna 1633081 1630483 NC_002928.gbk
883 51.0 1154052 1153258 genome.dna 1633932 1633110 NC_002928.gbk
959 62.6 1154397 1155122 genome.dna 1634653 1635403 NC_002928.gbk
795 49.5 1155257 1156108 genome.dna 1635535 1636465 NC_002928.gbk
775 52.5 1156279 1157004 genome.dna 1636616 1637279 NC_002928.gbk
676 56.1 1157130 1157687 genome.dna 1637293 1637854 NC_002928.gbk
1211 52.2 1157925 1159121 genome.dna 1639658 1640858 NC_002928.gbk
802 51.6 1159320 1160081 genome.dna 1637891 1638785 NC_002928.gbk
414 34.8 1160091 1160948 genome.dna 1638804 1639662 NC_002928.gbk
1087 42.3 1160970 1162325 genome.dna 1640897 1642232 NC_002928.gbk
1348 36.1 1162361 1164805 genome.dna 1642284 1644621 NC_002928.gbk
264 31.3 1164946 1165443 genome.dna 1644698 1645310 NC_002928.gbk
827 44.2 1165447 1166469 genome.dna 1645318 1646410 NC_002928.gbk
473 50.3 1166572 1167027 genome.dna 1646433 1646937 NC_002928.gbk
912 52.9 1167032 1167820 genome.dna 1646937 1647732 NC_002928.gbk
886 43.3 1167824 1168975 genome.dna 1647728 1648910 NC_002928.gbk
657 56.2 1168997 1169593 genome.dna 1648896 1649502 NC_002928.gbk
3701 49.1 1169670 1173152 genome.dna 1820163 1823655 NC_002928.gbk
1375 65.0 1173165 1174124 genome.dna 2432409 2433375 NC_002928.gbk
596 46.1 1176745 1177299 genome.dna 1548716 1549253 NC_002928.gbk
1112 52.7 1180703 1178139 genome.dna 2413156 2410414 NC_002928.gbk
582 40.6 1202667 1201900 genome.dna 4521256 4522045 NC_002928.gbk
522 50.0 1209647 1209126 genome.dna 4514164 4514674 NC_002928.gbk
671 31.0 1209940 1211562 genome.dna 1718288 1719863 NC_002928.gbk
594 37.7 1212161 1213231 genome.dna 3358559 3359705 NC_002928.gbk
1029 53.6 1215431 1214538 genome.dna 1113683 1114574 NC_002928.gbk
435 36.3 1220231 1220965 genome.dna 1683558 1682838 NC_002928.gbk
770 42.8 1248508 1249548 genome.dna 5169 6171 NC_002928.gbk
692 36.4 1254320 1253391 genome.dna 2816924 2816024 NC_002928.gbk
873 60.6 1260789 1261478 genome.dna 4330828 4331470 NC_002928.gbk
1003 42.1 1261506 1262828 genome.dna 4331481 4332792 NC_002928.gbk
1071 43.5 1269779 1268505 genome.dna 1533014 1534361 NC_002928.gbk
1245 58.0 1271755 1272822 genome.dna 1226254 1225180 NC_002928.gbk
1665 66.1 1272920 1274065 genome.dna 1225184 1224047 NC_002928.gbk
301 45.3 1274175 1274507 genome.dna 1223897 1223552 NC_002928.gbk
1014 44.6 1274535 1276382 genome.dna 1223486 1221605 NC_002928.gbk
832 39.7 1276393 1277361 genome.dna 1221556 1220620 NC_002928.gbk
528 51.4 1278470 1278919 genome.dna 4194589 4194106 NC_002928.gbk
970 47.3 1278982 1280091 genome.dna 4192392 4191231 NC_002928.gbk
334 42.9 1280201 1280677 genome.dna 928485 929013 NC_002928.gbk
369 45.6 1280702 1281121 genome.dna 929020 929485 NC_002928.gbk
769 44.2 1281190 1282170 genome.dna 929524 930541 NC_002928.gbk
2374 57.7 1284598 1282733 genome.dna 2642311 2644174 NC_002928.gbk
730 47.0 1285528 1284617 genome.dna 2641350 2642262 NC_002928.gbk
196 42.5 1285773 1285525 genome.dna 2641079 2641346 NC_002928.gbk
495 47.9 1289161 1289652 genome.dna 1158862 1159345 NC_002928.gbk
1036 42.1 1291078 1289714 genome.dna 72877 74062 NC_002928.gbk
544 34.8 1292157 1291267 genome.dna 4572417 4571523 NC_002928.gbk
346 49.1 1292504 1292172 genome.dna 1146246 1146594 NC_002928.gbk
864 60.9 1293119 1292505 genome.dna 1145635 1146247 NC_002928.gbk
3394 70.6 1295100 1293109 genome.dna 1143649 1145632 NC_002928.gbk
1108 58.8 1296067 1295105 genome.dna 1142734 1143649 NC_002928.gbk
1042 38.5 1299536 1300840 genome.dna 2143314 2144625 NC_002928.gbk
900 67.9 1301367 1301990 genome.dna 2144627 2145281 NC_002928.gbk
1929 69.9 1302154 1303428 genome.dna 2145328 2146690 NC_002928.gbk
2537 67.6 1303620 1306001 genome.dna 2146833 2149332 NC_002928.gbk
387 68.9 1306200 1306472 genome.dna 2728251 2728524 NC_002928.gbk
607 46.4 1310544 1309849 genome.dna 441076 441811 NC_002928.gbk
504 47.3 1312030 1312560 genome.dna 1027723 1028185 NC_002928.gbk
1352 60.3 1316909 1318201 genome.dna 2795515 2794276 NC_002928.gbk
232 45.5 1322693 1322445 genome.dna 1970460 1970193 NC_002928.gbk
4568 66.3 1326027 1322899 genome.dna 1554430 1557610 NC_002928.gbk
1373 57.7 1327249 1326056 genome.dna 1553227 1554418 NC_002928.gbk
564 46.4 1329655 1330212 genome.dna 4357570 4356994 NC_002928.gbk
1337 39.1 1330287 1332362 genome.dna 1301627 1303754 NC_002928.gbk
427 56.6 1332403 1332732 genome.dna 1303800 1304127 NC_002928.gbk
592 46.6 1332732 1333337 genome.dna 1304134 1304785 NC_002928.gbk
2545 60.0 1333507 1335396 genome.dna 529633 531541 NC_002928.gbk
877 61.6 1335658 1336302 genome.dna 2755190 2754533 NC_002928.gbk
1014 49.1 1336525 1337487 genome.dna 3773175 3772086 NC_002928.gbk
660 40.3 1348853 1349839 genome.dna 192482 191372 NC_002928.gbk
296 36.8 1352428 1351949 genome.dna 1289937 1290426 NC_002928.gbk
1751 39.1 1356196 1353473 genome.dna 1037524 1039957 NC_002928.gbk
335 40.2 1356312 1356722 genome.dna 3289794 3290193 NC_002928.gbk
767 39.6 1358126 1357212 genome.dna 1655017 1655944 NC_002928.gbk
892 57.7 1363250 1362525 genome.dna 3376250 3377024 NC_002928.gbk
2191 59.0 1363499 1366138 genome.dna 3375172 3372538 NC_002928.gbk
746 49.6 1375437 1376318 genome.dna 1494035 1494776 NC_002928.gbk
462 37.6 1381835 1382692 genome.dna 4479855 4479078 NC_002928.gbk
500 43.4 1392117 1391434 genome.dna 3282585 3283194 NC_002928.gbk
1344 32.7 1392768 1395197 genome.dna 1796823 1799355 NC_002928.gbk
631 46.7 1426894 1426256 genome.dna 2122399 2123062 NC_002928.gbk
1362 57.8 1427931 1426894 genome.dna 3921509 3920459 NC_002928.gbk
955 64.3 1428285 1428911 genome.dna 1227937 1228579 NC_002928.gbk
702 36.8 1429248 1430537 genome.dna 2204924 2206238 NC_002928.gbk
370 34.6 1430628 1431344 genome.dna 3921716 3922463 NC_002928.gbk
296 37.8 1433876 1433409 genome.dna 2654893 2654428 NC_002928.gbk
904 48.5 1434853 1435731 genome.dna 2405755 2406661 NC_002928.gbk
345 37.3 1445214 1444792 genome.dna 2730822 2731290 NC_002928.gbk
393 34.1 1446962 1446084 genome.dna 2729007 2729844 NC_002928.gbk
496 41.1 1454597 1455214 genome.dna 1754657 1755362 NC_002928.gbk
1187 48.0 1458435 1457257 genome.dna 1867939 1869145 NC_002928.gbk
697 50.9 1459094 1458447 genome.dna 3523251 3522597 NC_002928.gbk
590 43.2 1459750 1459094 genome.dna 380747 380042 NC_002928.gbk
723 38.5 1463404 1464303 genome.dna 3090356 3091307 NC_002928.gbk
1470 58.0 1466359 1465232 genome.dna 2135679 2134539 NC_002928.gbk
243 35.0 1466738 1466361 genome.dna 1804586 1804943 NC_002928.gbk
305 63.6 1468125 1468334 genome.dna 2764557 2764311 NC_002928.gbk
272 43.4 1468782 1468399 genome.dna 1954502 1954883 NC_002928.gbk
1347 61.2 1470427 1469462 genome.dna 183778 184780 NC_002928.gbk
185 38.6 1471750 1471487 genome.dna 182771 183047 NC_002928.gbk
411 31.3 1474380 1473265 genome.dna 4375173 4376124 NC_002928.gbk
683 45.7 1475506 1474394 genome.dna 4387410 4386273 NC_002928.gbk
1486 38.5 1477420 1475516 genome.dna 4389359 4387406 NC_002928.gbk
483 48.4 1477924 1477454 genome.dna 2591266 2590795 NC_002928.gbk
314 34.9 1479078 1478437 genome.dna 2592320 2591726 NC_002928.gbk
471 31.3 1480118 1479093 genome.dna 1852152 1851096 NC_002928.gbk
979 49.2 1483266 1480684 genome.dna 1855487 1852829 NC_002928.gbk
1175 74.0 1484840 1484115 genome.dna 4411759 4412494 NC_002928.gbk
701 50.0 1485514 1484840 genome.dna 4411048 4411735 NC_002928.gbk
776 46.1 1486258 1485518 genome.dna 348283 349042 NC_002928.gbk
964 49.0 1487375 1486479 genome.dna 347285 348200 NC_002928.gbk
769 42.7 1490240 1489362 genome.dna 1216538 1215635 NC_002928.gbk
375 41.8 1490971 1490492 genome.dna 1217137 1216663 NC_002928.gbk
1145 55.4 1492026 1490968 genome.dna 1218149 1217126 NC_002928.gbk
1882 64.9 1493774 1492350 genome.dna 1219573 1218145 NC_002928.gbk
1550 51.0 1504627 1506285 genome.dna 3866294 3868058 NC_002928.gbk
485 52.9 1506798 1506349 genome.dna 3778737 3778317 NC_002928.gbk
952 63.1 1515559 1514879 genome.dna 3754996 3755692 NC_002928.gbk
1467 47.0 1518297 1515565 genome.dna 3752194 3754990 NC_002928.gbk
624 56.8 1519100 1518525 genome.dna 3751577 3752177 NC_002928.gbk
2630 67.5 1521264 1519120 genome.dna 3749401 3751567 NC_002928.gbk
1515 58.7 1522968 1521280 genome.dna 3747593 3749378 NC_002928.gbk
747 51.8 1530248 1530991 genome.dna 4616569 4617346 NC_002928.gbk
777 51.0 1532732 1533469 genome.dna 4340000 4340759 NC_002928.gbk
1865 64.2 1536355 1535069 genome.dna 3481161 3479850 NC_002928.gbk
2287 57.8 1537737 1539503 genome.dna 3483975 3482196 NC_002928.gbk
1078 63.6 1539520 1540236 genome.dna 3482184 3481467 NC_002928.gbk
3351 52.8 1540513 1543320 genome.dna 3469111 3466237 NC_002928.gbk
1439 52.6 1543336 1544562 genome.dna 3466192 3464974 NC_002928.gbk
1302 52.1 1544898 1546064 genome.dna 2837839 2839000 NC_002928.gbk
1092 56.7 1546064 1546936 genome.dna 2839019 2839901 NC_002928.gbk
2138 60.0 1547669 1549237 genome.dna 4363958 4362338 NC_002928.gbk
332 43.2 1550947 1551351 genome.dna 4103166 4103595 NC_002928.gbk
706 50.7 1551348 1552034 genome.dna 4103597 4104278 NC_002928.gbk
275 30.9 1552537 1553724 genome.dna 4104772 4105894 NC_002928.gbk
945 37.3 1553863 1555155 genome.dna 4105901 4107227 NC_002928.gbk
381 39.4 1555196 1555705 genome.dna 4107258 4107756 NC_002928.gbk
276 30.4 1561588 1560626 genome.dna 28246 27310 NC_002928.gbk
1529 64.5 1561884 1562939 genome.dna 2667639 2668713 NC_002928.gbk
1090 65.4 1563766 1563014 genome.dna 304889 305642 NC_002928.gbk
475 36.4 1575561 1574770 genome.dna 1880077 1879267 NC_002928.gbk
856 44.2 1577582 1578640 genome.dna 786126 785016 NC_002928.gbk
529 31.9 1589590 1588340 genome.dna 712772 713885 NC_002928.gbk
853 51.6 1598005 1595975 genome.dna 802280 800201 NC_002928.gbk
1095 49.3 1598229 1599338 genome.dna 2064589 2065687 NC_002928.gbk
496 31.1 1607969 1609105 genome.dna 3178293 3177195 NC_002928.gbk
201 31.6 1609114 1609548 genome.dna 2167745 2168273 NC_002928.gbk
645 34.9 1613498 1614457 genome.dna 2033684 2034782 NC_002928.gbk
650 39.8 1635671 1634820 genome.dna 186357 185400 NC_002928.gbk
632 51.7 1636204 1635668 genome.dna 185343 184794 NC_002928.gbk
176 39.0 1651130 1650843 genome.dna 4021002 4021308 NC_002928.gbk
2074 60.2 1652381 1653892 genome.dna 838887 837393 NC_002928.gbk
770 52.3 1667956 1667267 genome.dna 3207058 3207835 NC_002928.gbk
2082 63.0 1669675 1667978 genome.dna 3205383 3207054 NC_002928.gbk
1573 69.4 1670708 1669659 genome.dna 3204210 3205260 NC_002928.gbk
750 43.2 1674049 1674948 genome.dna 1450848 1449873 NC_002928.gbk
539 31.5 1738556 1737522 genome.dna 2630350 2631373 NC_002928.gbk
463 34.5 1745705 1744989 genome.dna 3145892 3146636 NC_002928.gbk
580 48.9 1758941 1759468 genome.dna 3438908 3438371 NC_002928.gbk
1309 69.1 1773723 1772857 genome.dna 4751600 4750718 NC_002928.gbk
1229 69.8 1774549 1773683 genome.dna 4752412 4751596 NC_002928.gbk
1184 51.2 1775629 1774607 genome.dna 4753457 4752413 NC_002928.gbk
707 37.8 1775956 1776978 genome.dna 4385192 4386248 NC_002928.gbk
610 35.3 1778057 1778830 genome.dna 89756 90527 NC_002928.gbk
897 54.8 1778827 1779630 genome.dna 1010510 1011260 NC_002928.gbk
1492 67.3 1779652 1780665 genome.dna 4408129 4409155 NC_002928.gbk
470 36.1 1780662 1781378 genome.dna 4412499 4413234 NC_002928.gbk
1338 47.2 1803146 1801686 genome.dna 3227140 3225649 NC_002928.gbk
392 37.6 1821057 1820434 genome.dna 2777931 2778600 NC_002928.gbk
1502 43.3 1822700 1821054 genome.dna 2776253 2777927 NC_002928.gbk
770 33.5 1830416 1829217 genome.dna 1862240 1861046 NC_002928.gbk
397 38.3 1831876 1832349 genome.dna 1405238 1404779 NC_002928.gbk
625 37.0 1849141 1848239 genome.dna 4344763 4345699 NC_002928.gbk
599 64.3 1860773 1860348 genome.dna 2911800 2912244 NC_002928.gbk
2056 71.6 1862075 1860786 genome.dna 1060564 1061845 NC_002928.gbk
1049 66.5 1862527 1863225 genome.dna 2912236 2912959 NC_002928.gbk
681 37.3 1868891 1867875 genome.dna 4647735 4648755 NC_002928.gbk
224 30.7 1871090 1870197 genome.dna 4645816 4646638 NC_002928.gbk
341 30.4 1871770 1871087 genome.dna 4645118 4645820 NC_002928.gbk
1576 34.5 1876889 1874142 genome.dna 4641084 4643559 NC_002928.gbk
363 35.6 1928122 1927325 genome.dna 3585458 3586292 NC_002928.gbk
1043 39.2 1930007 1928679 genome.dna 2709301 2707873 NC_002928.gbk
321 49.0 1934361 1934720 genome.dna 1575123 1575447 NC_002928.gbk
727 60.0 1934724 1935302 genome.dna 1575481 1576042 NC_002928.gbk
1131 56.8 1935437 1936324 genome.dna 1576162 1577038 NC_002928.gbk
1107 57.5 1936321 1937376 genome.dna 1577050 1577998 NC_002928.gbk
2032 62.3 1937404 1939404 genome.dna 1578419 1580477 NC_002928.gbk
736 77.0 1939436 1939933 genome.dna 1580473 1580992 NC_002928.gbk
1331 48.0 1940069 1941754 genome.dna 1604339 1606007 NC_002928.gbk
1120 63.1 1942291 1943163 genome.dna 1582780 1583641 NC_002928.gbk
1623 71.9 1943163 1944215 genome.dna 1583637 1584690 NC_002928.gbk
650 78.7 1944254 1944643 genome.dna 1584742 1585132 NC_002928.gbk
784 61.0 1944653 1945297 genome.dna 1585140 1585773 NC_002928.gbk
1273 52.2 1945543 1946694 genome.dna 1585999 1587154 NC_002928.gbk
160 37.8 1950000 1949704 genome.dna 1592437 1592146 NC_002928.gbk
498 55.1 1950974 1951390 genome.dna 1593457 1593865 NC_002928.gbk
671 75.4 1951419 1951823 genome.dna 1593877 1594297 NC_002928.gbk
599 44.1 1951839 1952513 genome.dna 1594344 1595049 NC_002928.gbk
579 39.4 1952589 1953806 genome.dna 1595114 1596536 NC_002928.gbk
801 50.0 1953828 1954583 genome.dna 1596574 1597339 NC_002928.gbk
836 56.5 1955568 1956287 genome.dna 1598164 1598857 NC_002928.gbk
1504 65.6 1956304 1957413 genome.dna 1598859 1599993 NC_002928.gbk
553 40.2 1957413 1958375 genome.dna 1600010 1601030 NC_002928.gbk
1177 40.2 1958502 1960208 genome.dna 1601099 1602746 NC_002928.gbk
353 59.1 1962586 1962317 genome.dna 1609018 1608748 NC_002928.gbk
1039 64.6 1963383 1962607 genome.dna 1609835 1609034 NC_002928.gbk
1198 51.2 1965221 1964208 genome.dna 1611711 1610700 NC_002928.gbk
343 37.6 1965712 1965227 genome.dna 1612286 1611713 NC_002928.gbk
325 39.0 1967603 1967157 genome.dna 1614184 1613749 NC_002928.gbk
1671 66.4 1968985 1967612 genome.dna 1615652 1614176 NC_002928.gbk
1307 58.7 1970689 1969697 genome.dna 1617407 1616396 NC_002928.gbk
303 45.5 1972671 1972985 genome.dna 1619385 1619718 NC_002928.gbk
355 44.0 1974025 1973615 genome.dna 1622542 1622113 NC_002928.gbk
421 32.6 1975483 1974065 genome.dna 1623923 1622549 NC_002928.gbk
710 51.2 1975728 1976600 genome.dna 1573562 1572383 NC_002928.gbk
524 31.4 1980555 1981667 genome.dna 169147 168046 NC_002928.gbk
345 31.0 1981773 1982474 genome.dna 136025 136745 NC_002928.gbk
2033 43.4 1992328 1990295 genome.dna 3698614 3696382 NC_002928.gbk
1282 42.2 1993342 1994814 genome.dna 2601065 2599571 NC_002928.gbk
1330 41.5 1994834 1996513 genome.dna 4168141 4166539 NC_002928.gbk
347 31.7 1996673 1997326 genome.dna 4157946 4158627 NC_002928.gbk
180 38.8 2010635 2010913 genome.dna 4737214 4737499 NC_002928.gbk
484 40.5 2012054 2011395 genome.dna 3546740 3547451 NC_002928.gbk
444 42.5 2016186 2015680 genome.dna 4522549 4522048 NC_002928.gbk
1112 47.0 2028974 2027880 genome.dna 1021117 1022200 NC_002928.gbk
1291 56.6 2034173 2033130 genome.dna 4071319 4070239 NC_002928.gbk
2284 42.5 2038000 2034716 genome.dna 3573577 3576703 NC_002928.gbk
974 50.6 2038594 2039550 genome.dna 3573070 3572104 NC_002928.gbk
520 44.5 2040198 2039605 genome.dna 3567512 3568112 NC_002928.gbk
239 63.0 2040877 2041047 genome.dna 3566759 3566576 NC_002928.gbk
919 43.4 2041077 2042123 genome.dna 3566520 3565461 NC_002928.gbk
1017 48.5 2042130 2043083 genome.dna 3565465 3564475 NC_002928.gbk
1064 56.1 2043101 2044030 genome.dna 3564394 3563458 NC_002928.gbk
956 62.0 2044045 2044779 genome.dna 3563457 3562704 NC_002928.gbk
1705 59.1 2045253 2046494 genome.dna 3562093 3560863 NC_002928.gbk
783 39.9 2047434 2048453 genome.dna 1664335 1665382 NC_002928.gbk
480 42.0 2048443 2049102 genome.dna 1665378 1666005 NC_002928.gbk
721 45.1 2050132 2050929 genome.dna 1667094 1667874 NC_002928.gbk
1287 46.6 2053746 2055224 genome.dna 1367439 1368870 NC_002928.gbk
286 39.1 2055442 2055792 genome.dna 4613019 4613388 NC_002928.gbk
943 46.4 2057749 2058777 genome.dna 1889984 1891088 NC_002928.gbk
1107 44.2 2059718 2061022 genome.dna 933930 932610 NC_002928.gbk
651 34.2 2063309 2062113 genome.dna 3377915 3379103 NC_002928.gbk
3546 51.3 2070405 2066956 genome.dna 3626180 3629636 NC_002928.gbk
818 57.9 2071740 2072447 genome.dna 2191339 2192035 NC_002928.gbk
803 35.1 2072444 2073691 genome.dna 2190114 2191347 NC_002928.gbk
424 44.5 2079241 2079792 genome.dna 3131902 3132403 NC_002928.gbk
1430 48.6 2088494 2089945 genome.dna 2053200 2054688 NC_002928.gbk
908 46.7 2091759 2090755 genome.dna 4520297 4521242 NC_002928.gbk
543 36.1 2092574 2091756 genome.dna 4519390 4520254 NC_002928.gbk
607 38.0 2093620 2092571 genome.dna 4518347 4519394 NC_002928.gbk
348 30.1 2097009 2097755 genome.dna 1002326 1003073 NC_002928.gbk
791 45.4 2102053 2101232 genome.dna 1651111 1650283 NC_002928.gbk
3413 65.2 2102354 2104732 genome.dna 1651272 1653636 NC_002928.gbk
633 31.6 2107755 2106565 genome.dna 1915118 1914032 NC_002928.gbk
403 38.9 2138606 2139226 genome.dna 2896619 2895944 NC_002928.gbk
639 48.6 2139226 2139882 genome.dna 2895979 2895313 NC_002928.gbk
690 47.8 2139951 2140691 genome.dna 2895279 2894520 NC_002928.gbk
353 41.8 2140906 2141388 genome.dna 2894385 2893923 NC_002928.gbk
2119 49.7 2141385 2143340 genome.dna 2893927 2891932 NC_002928.gbk
442 43.0 2143337 2143894 genome.dna 2891933 2891411 NC_002928.gbk
700 52.3 2146500 2145886 genome.dna 2897256 2896605 NC_002928.gbk
4102 68.5 2150965 2148479 genome.dna 2900255 2897759 NC_002928.gbk
400 30.8 2154856 2155701 genome.dna 1123153 1122349 NC_002928.gbk
637 36.0 2162123 2163253 genome.dna 1098580 1097431 NC_002928.gbk
777 34.7 2181270 2179897 genome.dna 1468717 1467334 NC_002928.gbk
510 45.0 2181519 2182154 genome.dna 1026321 1025619 NC_002928.gbk
329 40.4 2186467 2186817 genome.dna 404010 404337 NC_002928.gbk
563 64.0 2188157 2187750 genome.dna 3955237 3955633 NC_002928.gbk
369 40.6 2189954 2189487 genome.dna 4237993 4237489 NC_002928.gbk
986 47.0 2190305 2191417 genome.dna 4199813 4200950 NC_002928.gbk
642 46.4 2191939 2192622 genome.dna 3900239 3900872 NC_002928.gbk
486 36.0 2195725 2195117 genome.dna 704673 705312 NC_002928.gbk
3060 53.1 2198282 2200954 genome.dna 2559627 2556921 NC_002928.gbk
442 30.6 2215224 2216393 genome.dna 3364520 3363296 NC_002928.gbk
229 52.9 2218041 2217826 genome.dna 3870588 3870366 NC_002928.gbk
1028 61.7 2239913 2239125 genome.dna 4156437 4157223 NC_002928.gbk
1199 59.9 2263993 2263058 genome.dna 4483081 4484044 NC_002928.gbk
1078 36.9 2269305 2267752 genome.dna 1720022 1721681 NC_002928.gbk
624 49.5 2275290 2274685 genome.dna 4094842 4094212 NC_002928.gbk
1618 46.6 2275609 2279496 genome.dna 1815081 1818993 NC_002928.gbk
305 31.6 2288706 2289281 genome.dna 3990158 3989567 NC_002928.gbk
271 37.5 2290600 2290133 genome.dna 1159903 1160431 NC_002928.gbk
638 40.2 2298807 2297113 genome.dna 1440096 1438404 NC_002928.gbk
595 30.7 2300071 2298971 genome.dna 1001640 1000560 NC_002928.gbk
453 30.4 2301204 2300401 genome.dna 2872630 2873431 NC_002928.gbk
391 35.8 2301922 2302608 genome.dna 3899508 3900168 NC_002928.gbk
375 42.1 2318259 2318798 genome.dna 1857274 1856761 NC_002928.gbk
1136 49.6 2320507 2319365 genome.dna 470095 469009 NC_002928.gbk
1379 66.2 2322430 2321456 genome.dna 3856942 3855973 NC_002928.gbk
794 61.9 2322658 2323281 genome.dna 2094849 2095482 NC_002928.gbk
191 40.8 2324296 2324544 genome.dna 1559394 1559142 NC_002928.gbk
912 42.3 2335148 2334054 genome.dna 2825592 2826657 NC_002928.gbk
1729 54.4 2336847 2335354 genome.dna 2517378 2518872 NC_002928.gbk
1975 68.7 2336995 2338260 genome.dna 2517278 2515976 NC_002928.gbk
2271 69.0 2338271 2339743 genome.dna 2515897 2514427 NC_002928.gbk
599 36.7 2342538 2343356 genome.dna 2448773 2449577 NC_002928.gbk
901 40.3 2359305 2358133 genome.dna 3202044 3200880 NC_002928.gbk
570 34.5 2364687 2365619 genome.dna 910912 909970 NC_002928.gbk
645 34.2 2366723 2365644 genome.dna 2381074 2382124 NC_002928.gbk
528 31.5 2367537 2366737 genome.dna 2380277 2381078 NC_002928.gbk
250 50.0 2367804 2367544 genome.dna 2379990 2380266 NC_002928.gbk
698 49.1 2368465 2367812 genome.dna 2379322 2379994 NC_002928.gbk
1346 51.1 2371991 2370621 genome.dna 2375861 2377196 NC_002928.gbk
1818 43.8 2375035 2372933 genome.dna 2366282 2364227 NC_002928.gbk
758 31.5 2382616 2380997 genome.dna 3006351 3004779 NC_002928.gbk
356 34.7 2446059 2446862 genome.dna 358439 357716 NC_002928.gbk
573 39.8 2450865 2451701 genome.dna 2349065 2349809 NC_002928.gbk
622 44.9 2451703 2452401 genome.dna 2349808 2350504 NC_002928.gbk
1704 68.9 2487322 2486231 genome.dna 882312 883404 NC_002928.gbk
619 50.3 2488039 2487452 genome.dna 880813 881461 NC_002928.gbk
1341 65.6 2489732 2488785 genome.dna 879066 879999 NC_002928.gbk
738 48.0 2490742 2489870 genome.dna 877940 878840 NC_002928.gbk
1164 46.0 2491599 2492855 genome.dna 400706 401981 NC_002928.gbk
1567 65.2 2492889 2493971 genome.dna 402067 403150 NC_002928.gbk
662 45.7 2493971 2494816 genome.dna 403160 403973 NC_002928.gbk
834 45.8 2496092 2496946 genome.dna 3509361 3508503 NC_002928.gbk
1392 50.3 2503696 2505084 genome.dna 2692735 2691298 NC_002928.gbk
626 38.6 2507176 2506430 genome.dna 1935488 1934759 NC_002928.gbk
488 45.5 2507977 2507444 genome.dna 4524101 4524689 NC_002928.gbk
612 50.6 2511822 2511298 genome.dna 1875728 1876313 NC_002928.gbk
567 33.6 2513105 2511876 genome.dna 1862399 1863665 NC_002928.gbk
559 59.0 2524682 2525110 genome.dna 2106786 2106360 NC_002928.gbk
810 44.0 2530749 2531648 genome.dna 243745 244645 NC_002928.gbk
1146 45.7 2559536 2560804 genome.dna 1918413 1919709 NC_002928.gbk
2124 69.7 2563367 2561970 genome.dna 3914655 3913263 NC_002928.gbk
1035 53.2 2566550 2567527 genome.dna 1723524 1724496 NC_002928.gbk
1150 53.6 2570445 2569453 genome.dna 2651563 2650594 NC_002928.gbk
1005 35.4 2575279 2573756 genome.dna 2970038 2971592 NC_002928.gbk
935 67.8 2585970 2586605 genome.dna 3591969 3592605 NC_002928.gbk
915 46.0 2589820 2588846 genome.dna 3539182 3538237 NC_002928.gbk
630 48.3 2598308 2597688 genome.dna 2404339 2404966 NC_002928.gbk
688 41.8 2599344 2598460 genome.dna 1322564 1323410 NC_002928.gbk
633 37.0 2605113 2606180 genome.dna 4492737 4493769 NC_002928.gbk
1368 53.3 2607572 2608762 genome.dna 3581824 3580624 NC_002928.gbk
531 37.6 2608762 2609568 genome.dna 3580621 3579763 NC_002928.gbk
557 43.9 2611473 2610838 genome.dna 4597455 4598094 NC_002928.gbk
527 40.7 2619430 2619996 genome.dna 3607082 3607652 NC_002928.gbk
360 46.4 2620019 2620441 genome.dna 4036239 4036650 NC_002928.gbk
996 48.6 2628084 2627089 genome.dna 3878867 3877892 NC_002928.gbk
802 48.2 2639766 2638855 genome.dna 3842414 3843254 NC_002928.gbk
282 38.0 2642181 2642648 genome.dna 1846374 1845972 NC_002928.gbk
713 38.8 2642732 2643580 genome.dna 3902586 3903441 NC_002928.gbk
709 49.0 2645012 2644386 genome.dna 4399600 4398961 NC_002928.gbk
436 32.5 2645457 2646263 genome.dna 4396371 4397160 NC_002928.gbk
332 33.5 2649224 2648673 genome.dna 1530831 1531416 NC_002928.gbk
465 53.9 2654386 2653967 genome.dna 3606684 3607086 NC_002928.gbk
792 48.2 2657649 2656798 genome.dna 1425325 1424479 NC_002928.gbk
3164 72.6 2658991 2660925 genome.dna 4190908 4188946 NC_002928.gbk
1414 50.2 2660962 2662236 genome.dna 4188934 4187674 NC_002928.gbk
1769 63.0 2664862 2663609 genome.dna 3328313 3327008 NC_002928.gbk
2145 61.0 2670474 2672015 genome.dna 4187678 4186139 NC_002928.gbk
489 40.0 2677723 2677067 genome.dna 2847203 2847899 NC_002928.gbk
360 31.0 2678460 2679146 genome.dna 3868169 3869048 NC_002928.gbk
1287 71.5 2679167 2679979 genome.dna 3869160 3869976 NC_002928.gbk
274 51.2 2679983 2680252 genome.dna 3869979 3870231 NC_002928.gbk
2092 57.1 2683421 2681736 genome.dna 2491113 2489439 NC_002928.gbk
811 41.0 2687417 2685498 genome.dna 3447052 3444976 NC_002928.gbk
330 45.2 2687612 2687956 genome.dna 3587343 3586992 NC_002928.gbk
1539 53.6 2691006 2692370 genome.dna 1999498 2000896 NC_002928.gbk
446 36.9 2694345 2695058 genome.dna 1042152 1042779 NC_002928.gbk
2064 60.1 2696737 2695181 genome.dna 2425183 2426878 NC_002928.gbk
309 62.3 2702947 2702738 genome.dna 4771553 4771760 NC_002928.gbk
419 67.0 2728844 2728548 genome.dna 2802890 2803232 NC_002928.gbk
2164 45.5 2731236 2728849 genome.dna 2800467 2802885 NC_002928.gbk
931 56.9 2732234 2731251 genome.dna 2799408 2800455 NC_002928.gbk
538 67.8 2732903 2732547 genome.dna 2798998 2799358 NC_002928.gbk
196 50.8 2733144 2732947 genome.dna 2798785 2798983 NC_002928.gbk
741 69.9 2733782 2733240 genome.dna 2101777 2102272 NC_002928.gbk
2528 56.6 2735713 2733785 genome.dna 2099756 2101706 NC_002928.gbk
449 34.3 2738767 2737976 genome.dna 716302 717046 NC_002928.gbk
831 50.3 2741372 2740491 genome.dna 2623091 2622209 NC_002928.gbk
2012 71.7 2755752 2754499 genome.dna 3759536 3758279 NC_002928.gbk
1383 57.1 2757088 2758194 genome.dna 2697448 2698564 NC_002928.gbk
1796 60.2 2759027 2760397 genome.dna 2700279 2701728 NC_002928.gbk
639 34.9 2762917 2764038 genome.dna 2410418 2409230 NC_002928.gbk
378 36.8 2770193 2769657 genome.dna 4376693 4376120 NC_002928.gbk
886 59.1 2771944 2772576 genome.dna 4196866 4196209 NC_002928.gbk
515 51.0 2777056 2776550 genome.dna 101201 101696 NC_002928.gbk
1526 61.4 2791280 2792458 genome.dna 4365950 4364729 NC_002928.gbk
1718 58.5 2796565 2798007 genome.dna 3961332 3959889 NC_002928.gbk
520 30.2 2800594 2799272 genome.dna 4198392 4199808 NC_002928.gbk
1531 70.2 2809298 2808294 genome.dna 3857064 3858138 NC_002928.gbk
502 43.3 2809923 2809306 genome.dna 3854395 3854968 NC_002928.gbk
439 49.3 2810663 2810151 genome.dna 3853766 3854315 NC_002928.gbk
878 55.9 2811487 2810744 genome.dna 2595377 2594645 NC_002928.gbk
2342 58.8 2813755 2811956 genome.dna 120416 122207 NC_002928.gbk
1218 50.1 2838878 2837343 genome.dna 2753658 2752053 NC_002928.gbk
740 34.5 2852337 2851093 genome.dna 2774915 2776235 NC_002928.gbk
1659 47.2 2854450 2852540 genome.dna 4068391 4070200 NC_002928.gbk
1167 52.7 2859653 2858643 genome.dna 3824186 3825236 NC_002928.gbk
1234 48.2 2862472 2859857 genome.dna 2663701 2660992 NC_002928.gbk
1031 41.8 2862696 2863901 genome.dna 3588612 3587394 NC_002928.gbk
356 32.6 2879580 2880428 genome.dna 1832440 1831675 NC_002928.gbk
786 53.0 2884168 2883416 genome.dna 2756045 2755280 NC_002928.gbk
255 56.7 2884347 2884165 genome.dna 2756243 2756054 NC_002928.gbk
646 44.6 2885460 2884459 genome.dna 2757342 2756298 NC_002928.gbk
1377 37.1 2887241 2885457 genome.dna 1833433 1835305 NC_002928.gbk
370 31.7 2903705 2902830 genome.dna 1679919 1678977 NC_002928.gbk
744 43.6 2906057 2905173 genome.dna 2341075 2341939 NC_002928.gbk
931 41.8 2917289 2918617 genome.dna 4606935 4608258 NC_002928.gbk
466 32.1 2918614 2919687 genome.dna 4608254 4609352 NC_002928.gbk
268 35.5 2920770 2921360 genome.dna 4609972 4610650 NC_002928.gbk
486 38.0 2921367 2922104 genome.dna 4610668 4611454 NC_002928.gbk
705 44.0 2922086 2922862 genome.dna 4611450 4612260 NC_002928.gbk
2331 63.7 2925698 2924025 genome.dna 3367160 3365429 NC_002928.gbk
773 56.7 2926492 2925815 genome.dna 3368002 3367330 NC_002928.gbk
1432 56.6 2928002 2926713 genome.dna 3369345 3368016 NC_002928.gbk
855 48.9 2929170 2928085 genome.dna 3372539 3371405 NC_002928.gbk
932 56.7 2975613 2974318 genome.dna 3737976 3736620 NC_002928.gbk
1487 54.2 2977060 2975717 genome.dna 3739402 3738022 NC_002928.gbk
542 53.3 2981911 2981417 genome.dna 3328448 3328916 NC_002928.gbk
1475 69.2 2982496 2983455 genome.dna 3742471 3743458 NC_002928.gbk
1232 38.9 2983684 2985450 genome.dna 4361033 4359281 NC_002928.gbk
954 33.3 2985450 2987189 genome.dna 4359285 4357605 NC_002928.gbk
381 44.6 2987214 2987927 genome.dna 3822619 3823384 NC_002928.gbk
353 73.6 2988043 2988261 genome.dna 47856 48075 NC_002928.gbk
653 56.0 2990339 2989860 genome.dna 3503819 3503339 NC_002928.gbk
3022 59.6 2992855 2990582 genome.dna 2772562 2774911 NC_002928.gbk
355 48.5 2993205 2992885 genome.dna 2764784 2765099 NC_002928.gbk
568 43.2 3002258 3001431 genome.dna 3568820 3569648 NC_002928.gbk
982 56.2 3009847 3009002 genome.dna 1803780 1804590 NC_002928.gbk
1148 55.8 3010809 3009844 genome.dna 1802869 1803784 NC_002928.gbk
1314 54.4 3011957 3010824 genome.dna 1801745 1802873 NC_002928.gbk
1214 47.5 3013338 3012229 genome.dna 1800536 1801739 NC_002928.gbk
833 31.3 3017580 3019268 genome.dna 1686305 1684607 NC_002928.gbk
1018 43.9 3022380 3021175 genome.dna 180492 181749 NC_002928.gbk
628 42.2 3025403 3026020 genome.dna 532451 531830 NC_002928.gbk
1611 62.3 3027219 3026053 genome.dna 3145037 3143864 NC_002928.gbk
2214 72.2 3042056 3043384 genome.dna 260742 259422 NC_002928.gbk
449 32.7 3045534 3044359 genome.dna 2015263 2016475 NC_002928.gbk
461 41.6 3049052 3049924 genome.dna 1121292 1120416 NC_002928.gbk
1721 65.4 3050037 3051158 genome.dna 4589704 4588597 NC_002928.gbk
1000 51.8 3051198 3052058 genome.dna 4588596 4587747 NC_002928.gbk
2442 71.7 3063296 3061821 genome.dna 2995700 2997275 NC_002928.gbk
451 33.0 3064304 3063432 genome.dna 4035023 4034144 NC_002928.gbk
904 41.8 3064423 3065496 genome.dna 4035129 4036176 NC_002928.gbk
372 54.8 3072258 3072004 genome.dna 1831671 1831398 NC_002928.gbk
1476 45.8 3080104 3081720 genome.dna 2607629 2605991 NC_002928.gbk
604 77.1 3102175 3101846 genome.dna 1255995 1255665 NC_002928.gbk
1059 57.7 3106945 3107832 genome.dna 1171780 1170913 NC_002928.gbk
962 61.9 3109585 3110331 genome.dna 3236159 3235406 NC_002928.gbk
870 59.4 3110358 3111017 genome.dna 3235338 3234678 NC_002928.gbk
1119 70.8 3111014 3111736 genome.dna 3234682 3233953 NC_002928.gbk
775 50.4 3134242 3133295 genome.dna 1292373 1291593 NC_002928.gbk
1140 72.6 3140808 3141479 genome.dna 2001746 2001086 NC_002928.gbk
213 38.0 3145018 3144548 genome.dna 3140001 3139479 NC_002928.gbk
1649 58.4 3147123 3145672 genome.dna 4661630 4663076 NC_002928.gbk
154 40.7 3155372 3155127 genome.dna 1185896 1185644 NC_002928.gbk
461 48.4 3155863 3155369 genome.dna 1186362 1185876 NC_002928.gbk
609 59.0 3156400 3155882 genome.dna 1185160 1184638 NC_002928.gbk
572 36.2 3157424 3156435 genome.dna 1182187 1183285 NC_002928.gbk
2910 67.9 3161386 3159374 genome.dna 2165492 2167520 NC_002928.gbk
732 37.6 3165022 3163865 genome.dna 1902834 1901640 NC_002928.gbk
1342 63.5 3166099 3165062 genome.dna 1195497 1194489 NC_002928.gbk
627 51.7 3166195 3167499 genome.dna 1902937 1904212 NC_002928.gbk
502 37.0 3169188 3169883 genome.dna 1899218 1898474 NC_002928.gbk
1421 73.0 3173816 3172911 genome.dna 3515944 3515044 NC_002928.gbk
1635 78.1 3174746 3173826 genome.dna 3516872 3515951 NC_002928.gbk
2053 59.3 3176400 3174856 genome.dna 3518547 3516933 NC_002928.gbk
2560 63.7 3178327 3176426 genome.dna 904811 906662 NC_002928.gbk
1164 46.8 3178804 3180039 genome.dna 2063848 2062555 NC_002928.gbk
457 33.2 3185100 3184360 genome.dna 372837 372045 NC_002928.gbk
531 50.5 3228583 3228035 genome.dna 1892919 1893492 NC_002928.gbk
1682 46.1 3230474 3228642 genome.dna 1891107 1892880 NC_002928.gbk
376 32.0 3231123 3230467 genome.dna 3267990 3268692 NC_002928.gbk
740 34.9 3276884 3278356 genome.dna 1756790 1755368 NC_002928.gbk
359 37.4 3295986 3295378 genome.dna 4004651 4005272 NC_002928.gbk
744 40.6 3311103 3310240 genome.dna 3085895 3085064 NC_002928.gbk
943 47.1 3312061 3311105 genome.dna 903033 903975 NC_002928.gbk
681 30.2 3313639 3312074 genome.dna 3088484 3086909 NC_002928.gbk
506 42.8 3320342 3321007 genome.dna 1281103 1281796 NC_002928.gbk
515 32.5 3324257 3325147 genome.dna 3542228 3543149 NC_002928.gbk
423 60.9 3332182 3332514 genome.dna 3744127 3744460 NC_002928.gbk
286 46.9 3333853 3334194 genome.dna 1147059 1146711 NC_002928.gbk
508 33.3 3345329 3344487 genome.dna 1009645 1010503 NC_002928.gbk
1325 51.2 3353699 3354838 genome.dna 4362323 4361168 NC_002928.gbk
1438 47.3 3358506 3357067 genome.dna 1101440 1102862 NC_002928.gbk
2385 67.2 3364676 3363084 genome.dna 3307687 3306019 NC_002928.gbk
394 32.9 3364794 3365690 genome.dna 3435668 3434786 NC_002928.gbk
825 32.4 3372145 3370688 genome.dna 3644053 3642568 NC_002928.gbk
822 35.3 3373687 3372152 genome.dna 3645566 3644063 NC_002928.gbk
1252 36.5 3375638 3373788 genome.dna 3647575 3645562 NC_002928.gbk
263 41.0 3375937 3375635 genome.dna 3647901 3647592 NC_002928.gbk
502 40.4 3378041 3377067 genome.dna 3650146 3649072 NC_002928.gbk
1227 47.5 3382301 3380952 genome.dna 3653856 3652488 NC_002928.gbk
823 46.0 3387504 3386554 genome.dna 2291360 2290469 NC_002928.gbk
823 46.0 3388991 3388041 genome.dna 2291360 2290469 NC_002928.gbk
732 36.5 3395711 3396913 genome.dna 1251532 1250341 NC_002928.gbk
706 54.3 3408161 3407589 genome.dna 404341 404902 NC_002928.gbk
1923 60.1 3409858 3408341 genome.dna 1627640 1629161 NC_002928.gbk
279 32.1 3410380 3409880 genome.dna 1627110 1627599 NC_002928.gbk
1235 50.4 3412525 3411257 genome.dna 1624915 1626223 NC_002928.gbk
1166 61.4 3413548 3412631 genome.dna 3579727 3578848 NC_002928.gbk
690 52.0 3414435 3413773 genome.dna 3917440 3916801 NC_002928.gbk
813 45.6 3415469 3414618 genome.dna 2085682 2086495 NC_002928.gbk
902 48.9 3418053 3418931 genome.dna 3874031 3873113 NC_002928.gbk
669 31.9 3421795 3423822 genome.dna 4030139 4028240 NC_002928.gbk
1554 63.4 3427528 3426443 genome.dna 2060058 2061120 NC_002928.gbk
975 50.9 3428548 3427616 genome.dna 2134533 2133636 NC_002928.gbk
1089 33.7 3438550 3436355 genome.dna 4552387 4550269 NC_002928.gbk
807 34.8 3439860 3438547 genome.dna 2499941 2498648 NC_002928.gbk
437 33.1 3444907 3444146 genome.dna 4601526 4602330 NC_002928.gbk
409 38.6 3451704 3451132 genome.dna 3159357 3159969 NC_002928.gbk
1633 54.3 3453156 3451774 genome.dna 4214245 4212856 NC_002928.gbk
698 42.1 3459693 3458845 genome.dna 4292059 4291066 NC_002928.gbk
2100 77.1 3477877 3476636 genome.dna 2655444 2656752 NC_002928.gbk
794 44.8 3479267 3480127 genome.dna 350511 351372 NC_002928.gbk
1289 35.4 3482655 3480208 genome.dna 2575355 2572934 NC_002928.gbk
156 38.0 3493480 3493259 genome.dna 4237167 4236927 NC_002928.gbk
1158 45.5 3494931 3493498 genome.dna 4234507 4233043 NC_002928.gbk
1030 45.4 3496046 3494928 genome.dna 4235645 4234517 NC_002928.gbk
561 34.4 3511745 3510762 genome.dna 4142069 4141010 NC_002928.gbk
873 41.4 3512886 3511738 genome.dna 165650 164417 NC_002928.gbk
963 54.3 3516455 3517318 genome.dna 1563366 1562514 NC_002928.gbk
1112 49.8 3519048 3517663 genome.dna 2430052 2431708 NC_002928.gbk
729 66.3 3520193 3520687 genome.dna 2429199 2428689 NC_002928.gbk
549 44.4 3520698 3521420 genome.dna 2428697 2427920 NC_002928.gbk
445 50.3 3521609 3522118 genome.dna 1274387 1274828 NC_002928.gbk
434 31.8 3522115 3523185 genome.dna 1274830 1276021 NC_002928.gbk
1299 35.4 3531913 3533985 genome.dna 2218954 2221036 NC_002928.gbk
1111 40.6 3533985 3535520 genome.dna 2218719 2217225 NC_002928.gbk
1185 42.7 3537873 3539351 genome.dna 4036660 4038133 NC_002928.gbk
1187 48.7 3559135 3560370 genome.dna 4289439 4288188 NC_002928.gbk
4266 64.8 3560370 3563492 genome.dna 4288192 4285090 NC_002928.gbk
3997 60.9 3563489 3566569 genome.dna 4285094 4281986 NC_002928.gbk
838 51.3 3577570 3576767 genome.dna 4321585 4322437 NC_002928.gbk
658 42.6 3583245 3582508 genome.dna 1964674 1965448 NC_002928.gbk
827 44.8 3583505 3584407 genome.dna 538499 539399 NC_002928.gbk
953 60.4 3586091 3587221 genome.dna 3577846 3576778 NC_002928.gbk
2218 64.8 3590632 3589055 genome.dna 1356293 1357886 NC_002928.gbk
2039 62.1 3592205 3590739 genome.dna 1354736 1356197 NC_002928.gbk
1146 43.7 3592378 3593766 genome.dna 2758718 2760110 NC_002928.gbk
1256 55.2 3594004 3595047 genome.dna 3123831 3122793 NC_002928.gbk
224 34.5 3595044 3595388 genome.dna 3122797 3122473 NC_002928.gbk
622 43.8 3596586 3597341 genome.dna 1712048 1711139 NC_002928.gbk
989 51.2 3599984 3598497 genome.dna 3053246 3051890 NC_002928.gbk
563 31.1 3601310 3600129 genome.dna 3054433 3053272 NC_002928.gbk
1490 54.7 3603229 3601955 genome.dna 3056380 3055075 NC_002928.gbk
283 36.1 3604488 3603367 genome.dna 3057716 3056414 NC_002928.gbk
757 51.2 3607701 3606505 genome.dna 3059374 3058225 NC_002928.gbk
582 60.3 3608433 3608005 genome.dna 3059827 3059401 NC_002928.gbk
397 32.2 3611852 3612721 genome.dna 2624151 2625003 NC_002928.gbk
225 51.6 3616273 3616073 genome.dna 2173856 2174051 NC_002928.gbk
545 68.2 3616630 3616295 genome.dna 4179175 4179514 NC_002928.gbk
2165 58.9 3618482 3616632 genome.dna 2171592 2173506 NC_002928.gbk
328 38.0 3619075 3618557 genome.dna 2171001 2171514 NC_002928.gbk
478 62.6 3619470 3619147 genome.dna 2170675 2170999 NC_002928.gbk
717 82.8 3619938 3619552 genome.dna 2170263 2170674 NC_002928.gbk
2002 73.3 3621177 3619963 genome.dna 2169018 2170230 NC_002928.gbk
496 52.1 3621953 3621459 genome.dna 2168488 2169001 NC_002928.gbk
501 37.6 3622783 3622058 genome.dna 2424247 2423470 NC_002928.gbk
764 46.9 3622920 3623723 genome.dna 2424354 2425137 NC_002928.gbk
1431 64.3 3625021 3626103 genome.dna 4108531 4109581 NC_002928.gbk
901 56.4 3626100 3626900 genome.dna 4109577 4110372 NC_002928.gbk
1740 61.8 3635387 3634134 genome.dna 4195995 4194747 NC_002928.gbk
1066 41.6 3635748 3636938 genome.dna 1746108 1747317 NC_002928.gbk
564 72.3 3640872 3640534 genome.dna 1536077 1536416 NC_002928.gbk
1374 53.9 3649390 3645506 genome.dna 1327573 1331620 NC_002928.gbk
500 53.3 3651787 3651263 genome.dna 3314145 3313638 NC_002928.gbk
705 32.3 3670963 3672315 genome.dna 1058445 1056975 NC_002928.gbk
2146 45.4 3672395 3674611 genome.dna 1056772 1054597 NC_002928.gbk
1258 45.9 3674598 3675959 genome.dna 1054595 1053152 NC_002928.gbk
335 59.7 3679566 3679826 genome.dna 917523 917271 NC_002928.gbk
266 40.0 3680225 3679845 genome.dna 1889526 1889988 NC_002928.gbk
913 62.0 3680956 3680225 genome.dna 1888695 1889442 NC_002928.gbk
858 44.1 3682691 3681786 genome.dna 3553075 3552184 NC_002928.gbk
745 51.6 3683368 3682688 genome.dna 3553842 3553071 NC_002928.gbk
450 40.6 3684626 3683661 genome.dna 3554723 3553838 NC_002928.gbk
2750 67.0 3686442 3684643 genome.dna 3556539 3554745 NC_002928.gbk
698 55.0 3689432 3688857 genome.dna 3560365 3559765 NC_002928.gbk
614 46.9 3694571 3695257 genome.dna 221851 221098 NC_002928.gbk
382 33.1 3695855 3696739 genome.dna 2687847 2686935 NC_002928.gbk
1581 51.7 3698228 3696813 genome.dna 4219403 4220849 NC_002928.gbk
504 32.0 3700216 3699110 genome.dna 2452070 2451041 NC_002928.gbk
597 35.4 3700404 3701453 genome.dna 1735337 1736318 NC_002928.gbk
435 47.6 3702410 3702844 genome.dna 3124035 3124440 NC_002928.gbk
1193 56.2 3703917 3702925 genome.dna 1768799 1769864 NC_002928.gbk
1060 59.6 3704788 3703907 genome.dna 1767875 1768775 NC_002928.gbk
1047 59.6 3705613 3704801 genome.dna 1766997 1767879 NC_002928.gbk
1258 63.4 3706780 3705770 genome.dna 1766094 1766982 NC_002928.gbk
238 34.2 3711890 3712588 genome.dna 223406 222668 NC_002928.gbk
507 36.1 3712592 3713431 genome.dna 4319863 4320688 NC_002928.gbk
535 67.6 3714535 3714188 genome.dna 4201391 4201019 NC_002928.gbk
1646 57.7 3714803 3716083 genome.dna 4258734 4260018 NC_002928.gbk
1141 41.2 3717621 3716161 genome.dna 2811335 2809886 NC_002928.gbk
450 40.4 3717757 3718347 genome.dna 4135973 4136633 NC_002928.gbk
253 35.1 3727604 3728134 genome.dna 455246 454658 NC_002928.gbk
362 39.9 3729128 3729583 genome.dna 191229 190764 NC_002928.gbk
826 43.7 3730782 3732230 genome.dna 3923158 3924514 NC_002928.gbk
360 44.9 3732230 3732727 genome.dna 3924510 3925002 NC_002928.gbk
627 43.3 3732844 3733638 genome.dna 4426873 4427710 NC_002928.gbk
644 45.2 3733793 3734647 genome.dna 4294272 4293429 NC_002928.gbk
452 56.6 3734665 3735045 genome.dna 2033309 2033678 NC_002928.gbk
709 39.0 3735878 3735108 genome.dna 1913255 1914017 NC_002928.gbk
761 43.4 3736813 3735875 genome.dna 1912263 1913259 NC_002928.gbk
234 33.1 3737076 3737717 genome.dna 425044 424393 NC_002928.gbk
732 49.4 3749695 3748958 genome.dna 4148466 4147731 NC_002928.gbk
618 58.2 3749751 3750215 genome.dna 4153289 4152821 NC_002928.gbk
645 45.8 3750989 3751744 genome.dna 4154122 4154923 NC_002928.gbk
632 33.1 3751815 3753179 genome.dna 4154933 4156343 NC_002928.gbk
3625 64.8 3762599 3760023 genome.dna 1935810 1938408 NC_002928.gbk
636 47.6 3763458 3762733 genome.dna 3443063 3442307 NC_002928.gbk
755 44.3 3764478 3763501 genome.dna 3444013 3443050 NC_002928.gbk
564 37.9 3764613 3765347 genome.dna 3444114 3444915 NC_002928.gbk
539 31.5 3766362 3767522 genome.dna 3371413 3370327 NC_002928.gbk
970 50.5 3771461 3772399 genome.dna 1139660 1140569 NC_002928.gbk
443 63.2 3773009 3772662 genome.dna 1776096 1776477 NC_002928.gbk
826 51.8 3773827 3773072 genome.dna 3068578 3067804 NC_002928.gbk
1336 60.6 3776200 3774839 genome.dna 534350 535760 NC_002928.gbk
1270 42.7 3779493 3777940 genome.dna 4421552 4423136 NC_002928.gbk
209 39.7 3780004 3779576 genome.dna 4352464 4351927 NC_002928.gbk
3529 62.0 3784972 3782345 genome.dna 3073446 3070821 NC_002928.gbk
1507 67.1 3786717 3785644 genome.dna 2831903 2832965 NC_002928.gbk
454 51.2 3787319 3786825 genome.dna 931076 931643 NC_002928.gbk
718 49.8 3788942 3789616 genome.dna 3003889 3004591 NC_002928.gbk
1165 42.8 3854898 3852301 genome.dna 764326 766900 NC_002928.gbk
1160 41.7 3857041 3855704 genome.dna 769074 770409 NC_002928.gbk
1234 37.8 3863434 3861956 genome.dna 756282 757785 NC_002928.gbk
1176 44.2 3866442 3865039 genome.dna 1557606 1559073 NC_002928.gbk
1179 43.8 3882715 3881462 genome.dna 1850975 1849715 NC_002928.gbk
912 41.1 3883829 3882726 genome.dna 321142 320005 NC_002928.gbk
853 44.3 3889382 3888324 genome.dna 1744388 1745474 NC_002928.gbk
780 48.5 3890258 3889458 genome.dna 4312871 4312061 NC_002928.gbk
2760 55.6 3894156 3896603 genome.dna 2502287 2499953 NC_002928.gbk
1261 50.3 3908071 3909228 genome.dna 4771181 4769987 NC_002928.gbk
933 40.2 3911288 3910026 genome.dna 724012 725284 NC_002928.gbk
968 35.0 3917101 3918687 genome.dna 1541038 1542667 NC_002928.gbk
694 32.1 3918901 3920391 genome.dna 4435202 4436531 NC_002928.gbk
243 35.1 3921260 3920868 genome.dna 1716116 1716527 NC_002928.gbk
1191 47.9 3921930 3923132 genome.dna 1866153 1867416 NC_002928.gbk
1648 81.0 3926541 3925651 genome.dna 788615 787730 NC_002928.gbk
767 56.8 3926632 3927213 genome.dna 788639 789284 NC_002928.gbk
1497 64.6 3928680 3929900 genome.dna 1856722 1855564 NC_002928.gbk
494 37.5 3930070 3930801 genome.dna 1258560 1259274 NC_002928.gbk
329 37.3 3952181 3951618 genome.dna 3953000 3953540 NC_002928.gbk
973 43.1 3952362 3953393 genome.dna 4025556 4024467 NC_002928.gbk
686 52.3 3953386 3954039 genome.dna 4024457 4023857 NC_002928.gbk
804 46.0 3954101 3954916 genome.dna 4023810 4023012 NC_002928.gbk
2198 58.9 3956293 3958011 genome.dna 4101383 4103114 NC_002928.gbk
572 57.4 3963052 3962555 genome.dna 3625471 3624982 NC_002928.gbk
490 41.7 3963804 3963091 genome.dna 3626151 3625467 NC_002928.gbk
254 42.1 3964143 3963808 genome.dna 3506836 3506479 NC_002928.gbk
1095 47.0 3969453 3967963 genome.dna 1771623 1772922 NC_002928.gbk
860 47.3 3970373 3969465 genome.dna 1770662 1771571 NC_002928.gbk
1456 52.2 3971825 3970383 genome.dna 1233326 1231904 NC_002928.gbk
347 32.2 3972869 3972135 genome.dna 1769860 1770613 NC_002928.gbk
224 34.5 3986036 3985365 genome.dna 1764432 1763799 NC_002928.gbk
826 43.3 3986238 3987221 genome.dna 4497522 4498509 NC_002928.gbk
1005 60.0 3989266 3990012 genome.dna 4495494 4494729 NC_002928.gbk
1014 67.9 3996022 3996702 genome.dna 3345494 3344801 NC_002928.gbk
1741 62.0 4001743 4000448 genome.dna 3508204 3506917 NC_002928.gbk
2368 63.9 4003479 4001842 genome.dna 3511010 3509357 NC_002928.gbk
1025 41.1 4008483 4007131 genome.dna 3291671 3290216 NC_002928.gbk
561 34.9 4013697 4012813 genome.dna 1661017 1661911 NC_002928.gbk
1061 63.6 4014558 4013788 genome.dna 2749580 2750357 NC_002928.gbk
193 44.3 4025097 4024876 genome.dna 1932348 1932567 NC_002928.gbk
1465 54.9 4027241 4025196 genome.dna 3610937 3608846 NC_002928.gbk
1297 37.7 4031933 4029078 genome.dna 2004607 2001781 NC_002928.gbk
842 46.7 4034399 4035643 genome.dna 216795 217890 NC_002928.gbk
368 45.5 4036522 4035704 genome.dna 2426902 2427766 NC_002928.gbk
453 45.3 4037132 4037767 genome.dna 3296815 3297463 NC_002928.gbk
758 63.3 4039680 4040210 genome.dna 2846483 2847020 NC_002928.gbk
340 45.3 4059399 4059037 genome.dna 1684058 1683674 NC_002928.gbk
436 48.7 4059979 4059527 genome.dna 2646479 2646935 NC_002928.gbk
511 59.8 4060971 4060579 genome.dna 2645254 2645728 NC_002928.gbk
845 54.1 4068636 4067902 genome.dna 2725174 2725912 NC_002928.gbk
1425 44.4 4071195 4068739 genome.dna 2722583 2725064 NC_002928.gbk
357 42.0 4071662 4071237 genome.dna 1747327 1747798 NC_002928.gbk
566 40.1 4077711 4078532 genome.dna 3153318 3152484 NC_002928.gbk
333 34.3 4078582 4079136 genome.dna 4232460 4233036 NC_002928.gbk
603 50.0 4079441 4080034 genome.dna 3216809 3216107 NC_002928.gbk
1233 49.7 4080027 4081166 genome.dna 3216086 3214865 NC_002928.gbk
210 37.2 4086876 4086421 genome.dna 2720687 2721131 NC_002928.gbk
290 40.0 4088112 4086889 genome.dna 3615829 3617140 NC_002928.gbk
403 30.9 4102382 4101120 genome.dna 62953 61663 NC_002928.gbk
614 34.3 4102518 4103441 genome.dna 980517 979632 NC_002928.gbk
1125 55.9 4104376 4103468 genome.dna 1977880 1978792 NC_002928.gbk
1017 49.4 4109655 4110677 genome.dna 2049981 2050995 NC_002928.gbk
1220 60.3 4114259 4113273 genome.dna 2621144 2622134 NC_002928.gbk
1638 55.8 4114440 4115846 genome.dna 2649200 2650574 NC_002928.gbk
780 41.1 4115888 4116970 genome.dna 1958057 1959185 NC_002928.gbk
1331 50.0 4119655 4120848 genome.dna 2165414 2164211 NC_002928.gbk
4212 65.3 4139901 4137067 genome.dna 72722 69863 NC_002928.gbk
551 51.1 4140147 4140710 genome.dna 74294 74783 NC_002928.gbk
461 45.4 4143007 4143462 genome.dna 229895 229445 NC_002928.gbk
392 44.1 4144145 4143714 genome.dna 1074547 1074997 NC_002928.gbk
642 46.5 4196148 4196876 genome.dna 193591 194314 NC_002928.gbk
1074 59.0 4196873 4197727 genome.dna 194310 195207 NC_002928.gbk
533 42.3 4197767 4198645 genome.dna 195203 196133 NC_002928.gbk
926 47.4 4200650 4199670 genome.dna 2652620 2651642 NC_002928.gbk
728 37.3 4202207 4203343 genome.dna 4022514 4021365 NC_002928.gbk
481 39.6 4207998 4208687 genome.dna 3893595 3892884 NC_002928.gbk
4186 72.7 4221505 4218908 genome.dna 2567781 2565189 NC_002928.gbk
229 37.0 4222572 4222883 genome.dna 232437 232773 NC_002928.gbk
1872 50.2 4225257 4223014 genome.dna 2690063 2687849 NC_002928.gbk
732 40.9 4225741 4226724 genome.dna 2690217 2691255 NC_002928.gbk
517 31.2 4226833 4228161 genome.dna 1385446 1386799 NC_002928.gbk
2037 64.3 4231793 4230366 genome.dna 1570385 1572161 NC_002928.gbk
1612 56.8 4233904 4232027 genome.dna 1568750 1570373 NC_002928.gbk
3651 60.3 4236582 4233919 genome.dna 1566032 1568738 NC_002928.gbk
438 31.7 4237489 4236725 genome.dna 96084 96849 NC_002928.gbk
633 52.5 4243540 4242965 genome.dna 533064 532482 NC_002928.gbk
669 42.2 4244964 4245854 genome.dna 4160604 4159698 NC_002928.gbk
489 42.9 4250722 4251348 genome.dna 4291070 4290413 NC_002928.gbk
459 31.6 4251341 4252093 genome.dna 4290381 4289619 NC_002928.gbk
3439 58.4 4255592 4252890 genome.dna 4047523 4044787 NC_002928.gbk
1112 53.0 4257707 4256787 genome.dna 4050260 4049336 NC_002928.gbk
1155 53.5 4258960 4257809 genome.dna 4051673 4050488 NC_002928.gbk
1218 45.8 4260285 4259029 genome.dna 4053088 4051861 NC_002928.gbk
980 53.3 4262088 4261168 genome.dna 4054877 4053926 NC_002928.gbk
1661 54.4 4263557 4262097 genome.dna 4056280 4054873 NC_002928.gbk
1050 48.3 4264711 4263620 genome.dna 4057350 4056276 NC_002928.gbk
937 39.6 4265910 4264708 genome.dna 4058540 4057346 NC_002928.gbk
417 38.4 4267226 4265910 genome.dna 4060063 4058536 NC_002928.gbk
888 55.9 4268312 4267230 genome.dna 4061193 4060059 NC_002928.gbk
1358 40.8 4272901 4271138 genome.dna 4065783 4064052 NC_002928.gbk
339 38.1 4274647 4274189 genome.dna 4067652 4067160 NC_002928.gbk
636 57.7 4277861 4277370 genome.dna 3711060 3710568 NC_002928.gbk
2160 56.5 4279582 4277864 genome.dna 3712786 3711070 NC_002928.gbk
1032 32.6 4281750 4279945 genome.dna 2180953 2182819 NC_002928.gbk
1161 53.1 4283764 4284855 genome.dna 2081423 2082527 NC_002928.gbk
2005 63.4 4284858 4286258 genome.dna 2079270 2080704 NC_002928.gbk
760 56.1 4286272 4286874 genome.dna 2080700 2081369 NC_002928.gbk
416 30.7 4289018 4288182 genome.dna 1377890 1376984 NC_002928.gbk
222 31.7 4291683 4292240 genome.dna 1404246 1404771 NC_002928.gbk
813 45.5 4295557 4296462 genome.dna 461562 462585 NC_002928.gbk
941 32.0 4302196 4303860 genome.dna 897127 895429 NC_002928.gbk
1203 40.3 4305089 4306693 genome.dna 3418991 3417368 NC_002928.gbk
304 33.3 4316738 4318033 genome.dna 3964995 3963435 NC_002928.gbk
789 51.2 4319027 4319845 genome.dna 3963411 3962613 NC_002928.gbk
399 47.9 4319858 4320235 genome.dna 4488782 4488386 NC_002928.gbk
736 40.8 4320238 4321083 genome.dna 4251982 4252816 NC_002928.gbk
637 37.8 4322394 4323299 genome.dna 4538869 4537924 NC_002928.gbk
436 45.6 4323873 4323391 genome.dna 842348 841844 NC_002928.gbk
4790 68.0 4330684 4327460 genome.dna 1311248 1314491 NC_002928.gbk
1485 63.6 4331847 4330699 genome.dna 1310194 1311238 NC_002928.gbk
928 55.5 4333114 4332293 genome.dna 3779436 3780246 NC_002928.gbk
1299 62.5 4334402 4333452 genome.dna 1973429 1974410 NC_002928.gbk
254 30.1 4334856 4334383 genome.dna 1972956 1973433 NC_002928.gbk
420 42.0 4335368 4334856 genome.dna 2118530 2118023 NC_002928.gbk
1692 51.0 4338181 4335368 genome.dna 2121394 2118532 NC_002928.gbk
899 48.2 4339154 4338213 genome.dna 2122349 2121383 NC_002928.gbk
280 52.3 4339580 4339843 genome.dna 2750738 2750474 NC_002928.gbk
1209 50.9 4342070 4340889 genome.dna 227316 226119 NC_002928.gbk
1563 58.2 4343498 4342359 genome.dna 3768562 3767428 NC_002928.gbk
2970 71.8 4345514 4343607 genome.dna 3770588 3768662 NC_002928.gbk
885 69.4 4348720 4348133 genome.dna 1261286 1261946 NC_002928.gbk
906 53.9 4351702 4352475 genome.dna 3717518 3716744 NC_002928.gbk
545 30.2 4353827 4352538 genome.dna 2658049 2659456 NC_002928.gbk
357 31.3 4362071 4361421 genome.dna 2199520 2198875 NC_002928.gbk
2682 71.2 4365488 4367155 genome.dna 3873019 3871345 NC_002928.gbk
651 38.1 4370100 4369195 genome.dna 4094963 4095887 NC_002928.gbk
1414 55.5 4372650 4371418 genome.dna 4335566 4336787 NC_002928.gbk
806 57.0 4373604 4372945 genome.dna 1809663 1810344 NC_002928.gbk
355 33.8 4376373 4375759 genome.dna 243616 242980 NC_002928.gbk
547 38.5 4377440 4376580 genome.dna 2420562 2421396 NC_002928.gbk
1492 61.2 4379941 4378778 genome.dna 1248264 1249542 NC_002928.gbk
1140 48.6 4381030 4380014 genome.dna 1247220 1248231 NC_002928.gbk
926 56.7 4383748 4384500 genome.dna 1495681 1494907 NC_002928.gbk
1743 69.3 4388480 4389631 genome.dna 204486 205785 NC_002928.gbk
674 48.1 4390561 4391259 genome.dna 2813305 2812564 NC_002928.gbk
436 33.9 4391555 4392289 genome.dna 1244972 1244231 NC_002928.gbk
945 48.3 4392301 4393260 genome.dna 2102408 2103365 NC_002928.gbk
486 40.4 4393344 4393907 genome.dna 4256926 4256245 NC_002928.gbk
400 49.3 4393907 4394326 genome.dna 4256253 4255851 NC_002928.gbk
890 46.5 4395434 4394430 genome.dna 2660983 2659963 NC_002928.gbk
1614 55.4 4395604 4396995 genome.dna 4244235 4245606 NC_002928.gbk
1711 58.4 4398393 4397095 genome.dna 3045655 3044347 NC_002928.gbk
402 34.3 4399815 4398820 genome.dna 3047960 3047060 NC_002928.gbk
669 39.0 4401072 4399819 genome.dna 3049283 3047978 NC_002928.gbk
1026 53.2 4403893 4402952 genome.dna 3919412 3920354 NC_002928.gbk
1097 37.7 4405841 4403886 genome.dna 3917526 3919416 NC_002928.gbk
445 46.6 4408042 4407560 genome.dna 3914806 3915343 NC_002928.gbk
365 36.2 4413698 4413135 genome.dna 3621644 3622193 NC_002928.gbk
393 31.7 4419630 4418704 genome.dna 445052 444125 NC_002928.gbk
754 60.7 4435345 4434803 genome.dna 1781097 1781643 NC_002928.gbk
650 39.5 4435653 4436702 genome.dna 1779791 1778888 NC_002928.gbk
898 50.3 4436846 4437871 genome.dna 3136238 3137225 NC_002928.gbk
316 37.5 4446212 4446796 genome.dna 4423201 4423720 NC_002928.gbk
120 39.5 4447435 4447304 genome.dna 477474 477606 NC_002928.gbk
386 33.9 4448185 4447619 genome.dna 2553394 2552836 NC_002928.gbk
1083 37.7 4451372 4449723 genome.dna 858350 856784 NC_002928.gbk
974 34.1 4455241 4453595 genome.dna 1999337 1997678 NC_002928.gbk
1307 36.3 4459180 4457075 genome.dna 2486123 2484014 NC_002928.gbk
605 38.5 4460329 4459373 genome.dna 3726211 3727216 NC_002928.gbk
2868 59.9 4464530 4460847 genome.dna 4317626 4313852 NC_002928.gbk
414 30.6 4464724 4465554 genome.dna 3832863 3832014 NC_002928.gbk
1343 42.9 4467628 4465850 genome.dna 4694295 4696098 NC_002928.gbk
2066 71.4 4468982 4467675 genome.dna 1896055 1897378 NC_002928.gbk
362 37.4 4477982 4478530 genome.dna 3500633 3501155 NC_002928.gbk
774 48.7 4479596 4478769 genome.dna 4249098 4249962 NC_002928.gbk
253 38.3 4481228 4480755 genome.dna 4710935 4711394 NC_002928.gbk
749 43.0 4482321 4481200 genome.dna 252516 251403 NC_002928.gbk
583 51.5 4482450 4482959 genome.dna 254590 255103 NC_002928.gbk
862 53.5 4482986 4483933 genome.dna 255243 256107 NC_002928.gbk
901 38.4 4484001 4485290 genome.dna 268010 269435 NC_002928.gbk
1476 49.8 4485347 4486723 genome.dna 273067 274447 NC_002928.gbk
260 46.9 4486815 4487225 genome.dna 4617829 4617370 NC_002928.gbk
573 67.9 4488068 4487676 genome.dna 51041 51437 NC_002928.gbk
1323 61.9 4489098 4488109 genome.dna 49896 50883 NC_002928.gbk
900 64.3 4489744 4489124 genome.dna 49058 49682 NC_002928.gbk
666 70.7 4490164 4489775 genome.dna 48645 49047 NC_002928.gbk
503 62.3 4490537 4490181 genome.dna 48264 48630 NC_002928.gbk
208 73.7 4490800 4490684 genome.dna 48109 48223 NC_002928.gbk
1913 66.6 4492165 4490834 genome.dna 46521 47847 NC_002928.gbk
575 62.0 4492607 4492173 genome.dna 46066 46507 NC_002928.gbk
176 50.9 4492790 4492611 genome.dna 45871 46057 NC_002928.gbk
689 65.6 4493297 4492797 genome.dna 45343 45868 NC_002928.gbk
405 55.0 4493665 4493312 genome.dna 44965 45328 NC_002928.gbk
659 57.6 4494208 4493675 genome.dna 44410 44944 NC_002928.gbk
579 64.1 4494614 4494222 genome.dna 44004 44400 NC_002928.gbk
416 60.4 4494953 4494648 genome.dna 43688 43994 NC_002928.gbk
856 65.7 4495506 4494967 genome.dna 43136 43676 NC_002928.gbk
373 58.6 4495835 4495521 genome.dna 42803 43124 NC_002928.gbk
611 75.6 4496217 4495846 genome.dna 42424 42793 NC_002928.gbk
295 55.8 4496635 4496381 genome.dna 38705 38987 NC_002928.gbk
215 58.1 4496826 4496635 genome.dna 38512 38704 NC_002928.gbk
691 76.5 4497236 4496826 genome.dna 38085 38502 NC_002928.gbk
1011 60.5 4497950 4497249 genome.dna 37291 38083 NC_002928.gbk
415 66.4 4498300 4497968 genome.dna 36952 37282 NC_002928.gbk
473 71.4 4498593 4498315 genome.dna 36673 36949 NC_002928.gbk
1301 67.2 4499431 4498610 genome.dna 35833 36661 NC_002928.gbk
307 53.8 4499751 4499449 genome.dna 35536 35833 NC_002928.gbk
742 58.8 4500353 4499748 genome.dna 34922 35540 NC_002928.gbk
903 65.4 4500993 4500364 genome.dna 34216 34918 NC_002928.gbk
517 75.5 4501337 4501026 genome.dna 33565 33877 NC_002928.gbk
636 61.8 4502117 4501644 genome.dna 4666661 4666184 NC_002928.gbk
3386 72.6 4505956 4503842 genome.dna 30132 32235 NC_002928.gbk
722 66.7 4506523 4506053 genome.dna 29644 30115 NC_002928.gbk
683 80.5 4506994 4506620 genome.dna 29103 29481 NC_002928.gbk
1236 73.4 4514856 4514044 genome.dna 3118522 3117718 NC_002928.gbk
108 33.3 4517758 4517976 genome.dna 1126870 1126651 NC_002928.gbk
365 31.3 4518864 4519643 genome.dna 1012182 1012962 NC_002928.gbk
1991 49.1 4523306 4525213 genome.dna 2133640 2131714 NC_002928.gbk
391 47.4 4528763 4528356 genome.dna 843848 843410 NC_002928.gbk
976 41.8 4531124 4529898 genome.dna 4702573 4701382 NC_002928.gbk
826 64.0 4531820 4531245 genome.dna 4492155 4492719 NC_002928.gbk
804 50.0 4553293 4554057 genome.dna 721126 721903 NC_002928.gbk
437 34.1 4558484 4557780 genome.dna 4489611 4490316 NC_002928.gbk
1042 71.4 4559154 4558477 genome.dna 4488866 4489604 NC_002928.gbk
1144 53.7 4562421 4561336 genome.dna 66745 67822 NC_002928.gbk
1468 39.2 4567199 4569754 genome.dna 65997 63552 NC_002928.gbk
302 41.5 4573911 4574321 genome.dna 1536900 1537281 NC_002928.gbk
273 35.5 4574406 4575275 genome.dna 3501204 3502119 NC_002928.gbk
615 31.2 4578723 4577365 genome.dna 3620157 3621582 NC_002928.gbk
1051 67.7 4579442 4578723 genome.dna 3619418 3620153 NC_002928.gbk
414 36.0 4590788 4591669 genome.dna 3939245 3938405 NC_002928.gbk
382 43.5 4592217 4591738 genome.dna 1323477 1324032 NC_002928.gbk
2947 60.4 4597892 4600225 genome.dna 3447216 3449592 NC_002928.gbk
734 37.1 4601730 4602686 genome.dna 2027005 2028028 NC_002928.gbk
277 36.7 4613483 4614184 genome.dna 300140 300755 NC_002928.gbk
778 32.4 4616966 4614891 genome.dna 3109247 3111266 NC_002928.gbk
785 49.4 4620311 4619553 genome.dna 3337112 3337922 NC_002928.gbk
439 32.9 4622349 4623851 genome.dna 3337961 3339566 NC_002928.gbk
1020 38.4 4634257 4632818 genome.dna 3095097 3096630 NC_002928.gbk
2511 52.6 4639754 4637577 genome.dna 3103179 3105375 NC_002928.gbk
1646 66.0 4644844 4643741 genome.dna 2082713 2083844 NC_002928.gbk
808 51.1 4651246 4650551 genome.dna 3209536 3208837 NC_002928.gbk
521 40.5 4660865 4661485 genome.dna 4663109 4663739 NC_002928.gbk
1610 47.6 4664050 4662224 genome.dna 3859965 3858144 NC_002928.gbk
1718 47.9 4672431 4670269 genome.dna 2126388 2128689 NC_002928.gbk
485 49.3 4675687 4674863 genome.dna 202543 201631 NC_002928.gbk
244 33.3 4676010 4676330 genome.dna 63166 63496 NC_002928.gbk
752 34.5 4677558 4676383 genome.dna 893425 894601 NC_002928.gbk
1086 58.7 4680620 4681561 genome.dna 2841868 2842813 NC_002928.gbk
481 37.9 4687992 4687321 genome.dna 720476 721127 NC_002928.gbk
1227 52.8 4702353 4701286 genome.dna 187355 186293 NC_002928.gbk
571 31.5 4703612 4702350 genome.dna 3177173 3175883 NC_002928.gbk
421 36.4 4704862 4703738 genome.dna 167937 166950 NC_002928.gbk
1989 70.1 4708658 4707399 genome.dna 2009624 2008367 NC_002928.gbk
1671 47.9 4714432 4712411 genome.dna 4465002 4463016 NC_002928.gbk
4693 61.9 4718921 4714953 genome.dna 2778756 2782578 NC_002928.gbk
779 44.3 4721531 4720644 genome.dna 3821143 3822037 NC_002928.gbk
1753 51.8 4728119 4726569 genome.dna 4352550 4354059 NC_002928.gbk
3013 73.4 4729969 4728119 genome.dna 450653 452513 NC_002928.gbk
1009 50.0 4730969 4730043 genome.dna 3837983 3838904 NC_002928.gbk
1410 48.7 4733613 4735139 genome.dna 2796960 2798463 NC_002928.gbk
569 30.7 4750000 4748153 genome.dna 4317962 4319852 NC_002928.gbk
776 42.8 4755209 4754301 genome.dna 3194308 3193354 NC_002928.gbk
718 42.1 4756712 4755816 genome.dna 209367 210210 NC_002928.gbk
1494 39.2 4770998 4773196 genome.dna 4467231 4465128 NC_002928.gbk
545 32.1 4773468 4774511 genome.dna 1402713 1403775 NC_002928.gbk
774 68.8 4775884 4776414 genome.dna 190617 190077 NC_002928.gbk
1837 63.6 4776424 4777755 genome.dna 190056 188721 NC_002928.gbk
210 33.5 4780345 4781184 genome.dna 2095592 2096303 NC_002928.gbk
1824 54.5 4781238 4782749 genome.dna 4296961 4298488 NC_002928.gbk
462 32.5 4784192 4784938 genome.dna 3203889 3203112 NC_002928.gbk
713 49.0 4786326 4787093 genome.dna 3700717 3699970 NC_002928.gbk
89 30.1 4803540 4803905 genome.dna 1624426 1624063 NC_002928.gbk
471 48.3 4834867 4834403 genome.dna 300781 301300 NC_002928.gbk
753 48.3 4837408 4836659 genome.dna 3285373 3286123 NC_002928.gbk
1295 57.5 4838481 4837408 genome.dna 3156819 3157908 NC_002928.gbk
1191 61.5 4839358 4838507 genome.dna 3155919 3156771 NC_002928.gbk
1192 59.3 4840266 4839379 genome.dna 3155018 3155900 NC_002928.gbk
1612 54.7 4841673 4840339 genome.dna 3153501 3154842 NC_002928.gbk
514 36.0 4847113 4847901 genome.dna 1479604 1478797 NC_002928.gbk
930 39.6 4859267 4858077 genome.dna 247356 248598 NC_002928.gbk
1005 71.7 4859998 4859297 genome.dna 3147426 3146787 NC_002928.gbk
1027 58.9 4860774 4860004 genome.dna 3148257 3147489 NC_002928.gbk
1595 58.9 4862045 4860771 genome.dna 3149492 3148253 NC_002928.gbk
1237 60.7 4862968 4862042 genome.dna 3150418 3149491 NC_002928.gbk
1241 51.1 4864237 4863125 genome.dna 3159123 3157995 NC_002928.gbk
958 55.5 4866035 4865178 genome.dna 4586890 4585966 NC_002928.gbk
712 49.3 4867996 4867325 genome.dna 4304658 4305330 NC_002928.gbk
416 42.1 4869761 4870336 genome.dna 918728 918107 NC_002928.gbk
1597 39.3 4872230 4874593 genome.dna 1530212 1527887 NC_002928.gbk
174 39.1 4875073 4874828 genome.dna 3070835 3070580 NC_002928.gbk
253 33.7 4875290 4875967 genome.dna 3152488 3151906 NC_002928.gbk
874 35.3 4911222 4909444 genome.dna 3910080 3908325 NC_002928.gbk
651 37.0 4917573 4916662 genome.dna 2569790 2570693 NC_002928.gbk
1003 50.5 4926494 4925484 genome.dna 3877896 3876903 NC_002928.gbk
954 45.6 4927471 4926491 genome.dna 4458861 4459845 NC_002928.gbk
528 32.9 4951144 4951938 genome.dna 3404584 3403756 NC_002928.gbk
1194 61.4 4961520 4960612 genome.dna 4758772 4757851 NC_002928.gbk
1237 53.7 4962494 4961517 genome.dna 4456959 4457937 NC_002928.gbk
1383 45.2 4967043 4965493 genome.dna 4761349 4759762 NC_002928.gbk
422 34.9 4977725 4978915 genome.dna 1893562 1894909 NC_002928.gbk
3073 59.5 4981440 4979023 genome.dna 4743321 4740867 NC_002928.gbk
978 42.9 4983694 4982594 genome.dna 4744531 4743415 NC_002928.gbk
1549 53.3 4985096 4983699 genome.dna 4745937 4744527 NC_002928.gbk
204 65.9 4985770 4985910 genome.dna 4746342 4746477 NC_002928.gbk
149 31.9 4985929 4986288 genome.dna 4746572 4746944 NC_002928.gbk
1395 41.4 4986512 4988146 genome.dna 4747288 4748953 NC_002928.gbk
1507 54.2 4988276 4989640 genome.dna 4761465 4762818 NC_002928.gbk
1377 48.1 4994663 4993335 genome.dna 2461333 2460073 NC_002928.gbk
1377 48.1 4994663 4993335 genome.dna 2461333 2460073 NC_002928.gbk
1769 43.6 4996675 4994660 genome.dna 2463442 2461336 NC_002928.gbk
1601 50.7 5001994 5003496 genome.dna 1836777 1835277 NC_002928.gbk
1494 52.8 5010680 5009268 genome.dna 3298682 3299975 NC_002928.gbk
327 32.2 5011178 5011843 genome.dna 222616 221887 NC_002928.gbk
1089 44.6 5015861 5014662 genome.dna 917275 916057 NC_002928.gbk
620 41.3 5017538 5016804 genome.dna 1810471 1811278 NC_002928.gbk
1353 75.2 5018328 5017552 genome.dna 2224297 2225122 NC_002928.gbk
1102 58.7 5019301 5018414 genome.dna 2223443 2224301 NC_002928.gbk
1323 63.2 5020260 5019301 genome.dna 2222405 2223422 NC_002928.gbk
1323 58.2 5021463 5020423 genome.dna 2221230 2222271 NC_002928.gbk
1116 67.9 5022536 5021802 genome.dna 1923842 1923104 NC_002928.gbk
840 54.0 5023303 5022533 genome.dna 1924551 1923861 NC_002928.gbk
715 50.4 5024004 5023309 genome.dna 1925233 1924543 NC_002928.gbk
605 34.6 5026353 5025430 genome.dna 369907 368995 NC_002928.gbk
1289 48.0 5026700 5027902 genome.dna 3408918 3410118 NC_002928.gbk
599 36.4 5029737 5028745 genome.dna 4338990 4340004 NC_002928.gbk
515 34.9 5031278 5030439 genome.dna 1926053 1925336 NC_002928.gbk
2045 53.2 5049054 5047222 genome.dna 4548396 4546563 NC_002928.gbk
1555 54.2 5050610 5049240 genome.dna 4568733 4567359 NC_002928.gbk
417 51.2 5053946 5053527 genome.dna 4470176 4469753 NC_002928.gbk
2409 80.2 5055348 5053966 genome.dna 4471586 4470185 NC_002928.gbk
665 52.5 5056259 5055396 genome.dna 4472534 4471628 NC_002928.gbk
2303 68.5 5057853 5056312 genome.dna 4474174 4472632 NC_002928.gbk
356 33.3 5058399 5057866 genome.dna 4474748 4474208 NC_002928.gbk
463 46.2 5058884 5058414 genome.dna 4475231 4474760 NC_002928.gbk
234 46.6 5059187 5058948 genome.dna 4475611 4475368 NC_002928.gbk
648 46.8 5060037 5059237 genome.dna 4476609 4475727 NC_002928.gbk
287 39.4 5061686 5061066 genome.dna 1916 2609 NC_002928.gbk
2828 67.4 5063659 5061770 genome.dna 0 1920 NC_002928.gbk
