1374 61.8 1179 2171 genome.dna 603318 602325 NC_000919.gbk
1256 39.7 10948 12453 genome.dna 749592 751083 NC_000919.gbk
1372 36.1 25826 28615 genome.dna 115805 118799 NC_000919.gbk
1052 38.1 33859 32447 genome.dna 560541 559164 NC_000919.gbk
1378 36.9 47188 45107 genome.dna 754881 752820 NC_000919.gbk
297 39.9 165569 165111 genome.dna 962945 962504 NC_000919.gbk
106 30.4 167881 168117 genome.dna 383849 384086 NC_000919.gbk
140 46.6 168129 168296 genome.dna 241989 242160 NC_000919.gbk
346 40.6 170854 170375 genome.dna 297993 298473 NC_000919.gbk
187 33.3 192775 193791 genome.dna 1101725 1100654 NC_000919.gbk
523 37.4 207819 208589 genome.dna 1120236 1121013 NC_000919.gbk
470 40.4 252164 252709 genome.dna 242498 243056 NC_000919.gbk
501 56.8 252872 253300 genome.dna 243162 243603 NC_000919.gbk
570 40.5 253304 254008 genome.dna 243599 244280 NC_000919.gbk
249 33.1 254326 254823 genome.dna 244281 244824 NC_000919.gbk
354 50.0 254890 255255 genome.dna 244932 245322 NC_000919.gbk
2168 44.5 255584 259612 genome.dna 245584 249121 NC_000919.gbk
2333 50.2 259736 263959 genome.dna 249133 253384 NC_000919.gbk
504 34.0 301263 300298 genome.dna 1063021 1064044 NC_000919.gbk
1129 52.6 313270 314313 genome.dna 531888 532923 NC_000919.gbk
174 31.8 334075 333803 genome.dna 640971 640704 NC_000919.gbk
854 51.3 338215 337490 genome.dna 852092 852806 NC_000919.gbk
461 31.8 341977 341009 genome.dna 1127420 1128446 NC_000919.gbk
800 34.5 345980 347242 genome.dna 36910 38188 NC_000919.gbk
490 48.2 352201 352629 genome.dna 1117913 1117484 NC_000919.gbk
394 49.2 352645 353037 genome.dna 1117469 1117079 NC_000919.gbk
241 37.8 372605 373492 genome.dna 1059207 1058382 NC_000919.gbk
389 31.6 386934 386071 genome.dna 725281 724282 NC_000919.gbk
351 39.1 460910 458055 genome.dna 1131313 1128442 NC_000919.gbk
999 38.0 530287 528905 genome.dna 1116411 1115043 NC_000919.gbk
190 38.5 697176 697469 genome.dna 1104179 1104446 NC_000919.gbk
2067 58.7 697515 699164 genome.dna 38306 39941 NC_000919.gbk
1123 36.9 753122 751287 genome.dna 527890 529726 NC_000919.gbk
163 40.8 755400 755185 genome.dna 822031 821821 NC_000919.gbk
800 41.3 755628 756641 genome.dna 744967 743908 NC_000919.gbk
229 31.4 761608 761919 genome.dna 808963 808645 NC_000919.gbk
293 52.9 761939 762196 genome.dna 808276 808012 NC_000919.gbk
823 41.8 763509 764681 genome.dna 807895 806764 NC_000919.gbk
267 34.5 766454 766933 genome.dna 21557 22046 NC_000919.gbk
299 33.3 767499 768128 genome.dna 746782 746179 NC_000919.gbk
1589 45.7 768185 770122 genome.dna 830201 828371 NC_000919.gbk
211 34.9 782083 782481 genome.dna 967772 967391 NC_000919.gbk
259 46.1 783547 783816 genome.dna 965467 965197 NC_000919.gbk
2011 46.3 784066 786186 genome.dna 965050 962941 NC_000919.gbk
973 36.5 787369 789282 genome.dna 835977 837927 NC_000919.gbk
739 49.1 798538 799257 genome.dna 799785 799083 NC_000919.gbk
597 46.9 830229 830876 genome.dna 1134650 1133933 NC_000919.gbk
554 34.9 839867 840766 genome.dna 416003 416924 NC_000919.gbk
4005 50.4 917086 913553 genome.dna 1023930 1020375 NC_000919.gbk
730 30.0 931102 929441 genome.dna 467789 469511 NC_000919.gbk
272 32.5 932209 932796 genome.dna 217968 218631 NC_000919.gbk
434 33.9 1087227 1087946 genome.dna 493030 492277 NC_000919.gbk
344 34.4 1099537 1100406 genome.dna 923642 922643 NC_000919.gbk
561 38.4 1154052 1153258 genome.dna 915711 914943 NC_000919.gbk
182 34.2 1155257 1156108 genome.dna 657126 656253 NC_000919.gbk
450 41.7 1157130 1157687 genome.dna 656150 655598 NC_000919.gbk
541 33.4 1157925 1159121 genome.dna 654071 652919 NC_000919.gbk
541 40.7 1159320 1160081 genome.dna 655593 654906 NC_000919.gbk
317 30.8 1160091 1160948 genome.dna 654910 654046 NC_000919.gbk
1639 37.7 1169670 1173152 genome.dna 734120 730607 NC_000919.gbk
1129 36.8 1180703 1178139 genome.dna 347467 350170 NC_000919.gbk
484 32.3 1265611 1266930 genome.dna 278272 276904 NC_000919.gbk
232 35.3 1280702 1281121 genome.dna 1106782 1106356 NC_000919.gbk
1583 42.0 1284598 1282733 genome.dna 891552 893445 NC_000919.gbk
241 33.3 1288101 1287511 genome.dna 471476 472106 NC_000919.gbk
795 60.6 1301367 1301990 genome.dna 542451 543063 NC_000919.gbk
1407 56.8 1302154 1303428 genome.dna 543049 544297 NC_000919.gbk
2115 42.9 1303620 1306001 genome.dna 567297 564651 NC_000919.gbk
200 37.9 1306200 1306472 genome.dna 262928 263246 NC_000919.gbk
194 34.5 1309374 1309772 genome.dna 178689 178284 NC_000919.gbk
555 42.1 1332732 1333337 genome.dna 1093158 1092552 NC_000919.gbk
1140 41.4 1333507 1335396 genome.dna 1068558 1066638 NC_000919.gbk
547 44.0 1335658 1336302 genome.dna 647568 646932 NC_000919.gbk
1332 36.3 1356196 1353473 genome.dna 1131465 1133844 NC_000919.gbk
1461 45.0 1363499 1366138 genome.dna 4390 6832 NC_000919.gbk
530 30.3 1475506 1474394 genome.dna 536165 537467 NC_000919.gbk
902 30.3 1477420 1475516 genome.dna 534294 536169 NC_000919.gbk
915 40.1 1483266 1480684 genome.dna 636979 639616 NC_000919.gbk
788 37.3 1493774 1492350 genome.dna 819546 818175 NC_000919.gbk
274 33.5 1530248 1530991 genome.dna 1060620 1061481 NC_000919.gbk
944 57.0 1563766 1563014 genome.dna 189010 189766 NC_000919.gbk
1588 51.3 1638449 1639855 genome.dna 355478 354011 NC_000919.gbk
386 30.0 1849141 1848239 genome.dna 1017410 1016471 NC_000919.gbk
939 31.2 1937404 1939404 genome.dna 384577 387016 NC_000919.gbk
292 31.5 1939436 1939933 genome.dna 465129 465642 NC_000919.gbk
439 35.1 1942291 1943163 genome.dna 687958 688870 NC_000919.gbk
560 39.0 1943163 1944215 genome.dna 688916 690128 NC_000919.gbk
545 31.0 1945543 1946694 genome.dna 784775 783644 NC_000919.gbk
1405 38.4 1946687 1948771 genome.dna 783636 781512 NC_000919.gbk
227 39.1 1951419 1951823 genome.dna 422327 422717 NC_000919.gbk
399 32.7 1952589 1953806 genome.dna 793337 791945 NC_000919.gbk
849 50.8 1954611 1955393 genome.dna 1042296 1041501 NC_000919.gbk
215 36.4 1962586 1962317 genome.dna 785866 785581 NC_000919.gbk
1192 46.6 1968985 1967612 genome.dna 427034 428378 NC_000919.gbk
613 33.0 1970689 1969697 genome.dna 424971 426030 NC_000919.gbk
160 31.1 1974025 1973615 genome.dna 1025636 1025189 NC_000919.gbk
648 40.5 1975728 1976600 genome.dna 858091 858952 NC_000919.gbk
575 43.2 1986118 1986840 genome.dna 775887 776676 NC_000919.gbk
206 44.0 2044934 2045170 genome.dna 877631 877868 NC_000919.gbk
478 32.6 2050132 2050929 genome.dna 1062240 1063014 NC_000919.gbk
1803 33.8 2070405 2066956 genome.dna 369881 366458 NC_000919.gbk
966 36.6 2112831 2114330 genome.dna 664328 665768 NC_000919.gbk
729 46.1 2114428 2115174 genome.dna 663468 664248 NC_000919.gbk
935 36.5 2116495 2117718 genome.dna 666939 668154 NC_000919.gbk
992 40.7 2192856 2194133 genome.dna 902182 900931 NC_000919.gbk
434 36.8 2237016 2237987 genome.dna 863166 862077 NC_000919.gbk
637 33.2 2267632 2266640 genome.dna 45557 44561 NC_000919.gbk
1128 47.0 2487322 2486231 genome.dna 145570 146677 NC_000919.gbk
1126 49.3 2492889 2493971 genome.dna 59577 60633 NC_000919.gbk
695 53.8 2585970 2586605 genome.dna 842891 843527 NC_000919.gbk
991 35.9 2593132 2590532 genome.dna 418603 420799 NC_000919.gbk
258 33.6 2597527 2596643 genome.dna 488939 489725 NC_000919.gbk
333 30.9 2645457 2646263 genome.dna 146753 147548 NC_000919.gbk
956 35.3 2649493 2651343 genome.dna 1084439 1082642 NC_000919.gbk
855 48.7 2654735 2655739 genome.dna 916751 917804 NC_000919.gbk
661 41.2 2704954 2705844 genome.dna 185684 186485 NC_000919.gbk
482 30.3 2714816 2715706 genome.dna 82461 83352 NC_000919.gbk
316 46.7 2732903 2732547 genome.dna 919453 919084 NC_000919.gbk
195 56.1 2733144 2732947 genome.dna 919686 919485 NC_000919.gbk
500 42.9 2733782 2733240 genome.dna 920278 919738 NC_000919.gbk
1963 47.2 2735713 2733785 genome.dna 906185 907964 NC_000919.gbk
523 33.9 2766822 2767682 genome.dna 716847 717747 NC_000919.gbk
574 32.0 2768546 2769589 genome.dna 718593 719640 NC_000919.gbk
555 40.1 2793288 2792647 genome.dna 617048 616415 NC_000919.gbk
1127 42.7 2794931 2793456 genome.dna 508831 507283 NC_000919.gbk
360 35.0 2801685 2802443 genome.dna 42936 43653 NC_000919.gbk
1158 52.9 2809298 2808294 genome.dna 184436 183383 NC_000919.gbk
317 31.7 2809923 2809306 genome.dna 585609 584925 NC_000919.gbk
412 44.7 2810663 2810151 genome.dna 558494 557903 NC_000919.gbk
795 50.0 2811487 2810744 genome.dna 503273 502535 NC_000919.gbk
1602 43.8 2813755 2811956 genome.dna 1068701 1070510 NC_000919.gbk
695 48.6 2864092 2865492 genome.dna 659664 661236 NC_000919.gbk
746 33.0 2975613 2974318 genome.dna 709809 708528 NC_000919.gbk
580 36.8 2982496 2983455 genome.dna 882686 883610 NC_000919.gbk
307 61.1 2988043 2988261 genome.dna 106440 106659 NC_000919.gbk
1986 45.1 2992855 2990582 genome.dna 870793 868363 NC_000919.gbk
639 43.7 3009847 3009002 genome.dna 717739 718558 NC_000919.gbk
859 42.3 3011957 3010824 genome.dna 715711 716851 NC_000919.gbk
570 43.7 3019705 3020373 genome.dna 275816 276473 NC_000919.gbk
324 31.6 3022380 3021175 genome.dna 866830 868303 NC_000919.gbk
605 42.6 3023325 3022666 genome.dna 138799 138139 NC_000919.gbk
2177 52.5 3161386 3159374 genome.dna 132862 134869 NC_000919.gbk
192 31.2 3228583 3228035 genome.dna 267442 268093 NC_000919.gbk
590 30.8 3230474 3228642 genome.dna 501752 499676 NC_000919.gbk
1517 41.8 3364676 3363084 genome.dna 909677 908012 NC_000919.gbk
936 39.2 3395711 3396913 genome.dna 506431 505084 NC_000919.gbk
403 34.4 3415469 3414618 genome.dna 896626 897469 NC_000919.gbk
164 30.9 3428548 3427616 genome.dna 60602 61649 NC_000919.gbk
748 35.5 3512886 3511738 genome.dna 85874 87113 NC_000919.gbk
749 42.4 3516455 3517318 genome.dna 798296 797348 NC_000919.gbk
427 35.4 3519048 3517663 genome.dna 99988 101551 NC_000919.gbk
1070 50.9 3546479 3545397 genome.dna 872467 873631 NC_000919.gbk
454 30.5 3549622 3550470 genome.dna 83391 84213 NC_000919.gbk
418 33.3 3577570 3576767 genome.dna 132712 131902 NC_000919.gbk
436 39.7 3604488 3603367 genome.dna 472147 473362 NC_000919.gbk
445 36.0 3607701 3606505 genome.dna 74010 75033 NC_000919.gbk
360 40.3 3608433 3608005 genome.dna 1102271 1101821 NC_000919.gbk
252 39.8 3680225 3679845 genome.dna 895371 895749 NC_000919.gbk
268 30.8 3682691 3681786 genome.dna 582188 583148 NC_000919.gbk
464 39.8 3683368 3682688 genome.dna 877864 878629 NC_000919.gbk
2003 50.3 3686442 3684643 genome.dna 546958 545140 NC_000919.gbk
687 34.8 3698228 3696813 genome.dna 739667 738053 NC_000919.gbk
256 34.8 3711890 3712588 genome.dna 190084 190894 NC_000919.gbk
299 30.7 3749695 3748958 genome.dna 704798 705446 NC_000919.gbk
386 50.0 3749751 3750215 genome.dna 377707 377197 NC_000919.gbk
2690 53.8 3762599 3760023 genome.dna 78542 75905 NC_000919.gbk
391 51.8 3773009 3772662 genome.dna 988614 988986 NC_000919.gbk
698 43.7 3773827 3773072 genome.dna 987890 988643 NC_000919.gbk
1125 40.6 3776200 3774839 genome.dna 444042 442683 NC_000919.gbk
492 38.1 3784972 3782345 genome.dna 1109754 1107936 NC_000919.gbk
1279 58.7 3786717 3785644 genome.dna 759952 758728 NC_000919.gbk
682 43.0 3882715 3881462 genome.dna 374638 375925 NC_000919.gbk
513 33.7 3918901 3920391 genome.dna 1111905 1113426 NC_000919.gbk
523 36.1 3954101 3954916 genome.dna 889696 888889 NC_000919.gbk
771 40.4 3956293 3958011 genome.dna 183272 181418 NC_000919.gbk
1521 56.8 4001743 4000448 genome.dna 886888 885589 NC_000919.gbk
1025 47.6 4003479 4001842 genome.dna 320971 322705 NC_000919.gbk
262 33.2 4004518 4003706 genome.dna 845637 844725 NC_000919.gbk
256 30.6 4059979 4059527 genome.dna 69643 69172 NC_000919.gbk
404 35.4 4068636 4067902 genome.dna 124640 123761 NC_000919.gbk
720 37.3 4114440 4115846 genome.dna 68956 67639 NC_000919.gbk
385 33.1 4115888 4116970 genome.dna 746091 745017 NC_000919.gbk
2573 55.2 4139901 4137067 genome.dna 550458 553341 NC_000919.gbk
393 31.4 4196873 4197727 genome.dna 186456 187353 NC_000919.gbk
462 31.7 4197767 4198645 genome.dna 184610 185537 NC_000919.gbk
1814 46.7 4255592 4252890 genome.dna 405154 402403 NC_000919.gbk
792 33.0 4260285 4259029 genome.dna 413460 414705 NC_000919.gbk
700 31.7 4265910 4264708 genome.dna 411500 412655 NC_000919.gbk
311 31.6 4269667 4268306 genome.dna 410124 411504 NC_000919.gbk
319 30.3 4271151 4269664 genome.dna 1015120 1013497 NC_000919.gbk
297 35.6 4274186 4273242 genome.dna 408614 409754 NC_000919.gbk
258 33.3 4274647 4274189 genome.dna 408168 408618 NC_000919.gbk
603 34.3 4296705 4297769 genome.dna 165794 164786 NC_000919.gbk
392 30.6 4319027 4319845 genome.dna 359653 360511 NC_000919.gbk
150 33.3 4339580 4339843 genome.dna 262609 262897 NC_000919.gbk
724 44.9 4343498 4342359 genome.dna 220774 222024 NC_000919.gbk
2386 59.0 4345514 4343607 genome.dna 218746 220654 NC_000919.gbk
292 37.5 4373604 4372945 genome.dna 668668 669433 NC_000919.gbk
747 40.0 4379941 4378778 genome.dna 581214 579954 NC_000919.gbk
1774 44.2 4383337 4381343 genome.dna 608379 606393 NC_000919.gbk
1460 58.3 4388480 4389631 genome.dna 861877 860686 NC_000919.gbk
371 31.4 4403893 4402952 genome.dna 696645 695694 NC_000919.gbk
654 50.5 4413698 4413135 genome.dna 544393 544960 NC_000919.gbk
257 30.9 4442310 4441333 genome.dna 1137219 1136163 NC_000919.gbk
441 39.2 4448185 4447619 genome.dna 567432 567996 NC_000919.gbk
488 35.1 4448227 4449270 genome.dna 139737 140805 NC_000919.gbk
782 38.4 4451372 4449723 genome.dna 505021 503413 NC_000919.gbk
302 40.0 4482450 4482959 genome.dna 821781 821292 NC_000919.gbk
545 37.0 4482986 4483933 genome.dna 821289 820329 NC_000919.gbk
614 37.8 4489098 4488109 genome.dna 216002 217058 NC_000919.gbk
485 39.5 4489744 4489124 genome.dna 322869 323484 NC_000919.gbk
488 53.2 4490164 4489775 genome.dna 215607 215988 NC_000919.gbk
408 53.0 4490537 4490181 genome.dna 215224 215590 NC_000919.gbk
179 63.2 4490800 4490684 genome.dna 215095 215209 NC_000919.gbk
1008 37.5 4492165 4490834 genome.dna 213738 215091 NC_000919.gbk
330 36.8 4492607 4492173 genome.dna 213269 213731 NC_000919.gbk
166 45.8 4492790 4492611 genome.dna 213084 213270 NC_000919.gbk
526 52.2 4493297 4492797 genome.dna 212563 213082 NC_000919.gbk
244 38.5 4493665 4493312 genome.dna 212192 212555 NC_000919.gbk
414 37.7 4494208 4493675 genome.dna 211644 212184 NC_000919.gbk
366 46.6 4494614 4494222 genome.dna 211236 211635 NC_000919.gbk
692 54.2 4495506 4494967 genome.dna 210466 211024 NC_000919.gbk
255 45.5 4495835 4495521 genome.dna 210158 210470 NC_000919.gbk
513 64.2 4496217 4495846 genome.dna 209778 210147 NC_000919.gbk
243 50.6 4496635 4496381 genome.dna 209511 209766 NC_000919.gbk
486 55.6 4497236 4496826 genome.dna 208844 209264 NC_000919.gbk
698 48.8 4497950 4497249 genome.dna 208097 208841 NC_000919.gbk
346 52.6 4498593 4498315 genome.dna 207443 207731 NC_000919.gbk
1018 55.9 4499431 4498610 genome.dna 206612 207434 NC_000919.gbk
190 42.9 4499751 4499449 genome.dna 206272 206557 NC_000919.gbk
350 32.8 4500353 4499748 genome.dna 205635 206286 NC_000919.gbk
590 44.2 4500993 4500364 genome.dna 204995 205622 NC_000919.gbk
406 57.0 4501337 4501026 genome.dna 204640 204949 NC_000919.gbk
1894 43.7 4505956 4503842 genome.dna 476353 478405 NC_000919.gbk
589 56.4 4506523 4506053 genome.dna 253882 254353 NC_000919.gbk
595 71.0 4506994 4506620 genome.dna 253486 253861 NC_000919.gbk
415 40.2 4520431 4519847 genome.dna 374425 373894 NC_000919.gbk
589 32.1 4557783 4556779 genome.dna 690232 691246 NC_000919.gbk
559 44.3 4559154 4558477 genome.dna 1027684 1027027 NC_000919.gbk
297 32.2 4560090 4559278 genome.dna 878659 879571 NC_000919.gbk
1202 40.7 4597892 4600225 genome.dna 1002995 1005332 NC_000919.gbk
1264 51.5 4657530 4658615 genome.dna 268189 269260 NC_000919.gbk
508 31.7 4664050 4662224 genome.dna 111787 113611 NC_000919.gbk
257 34.3 4709479 4709153 genome.dna 996490 996172 NC_000919.gbk
1040 37.7 4714432 4712411 genome.dna 111723 109749 NC_000919.gbk
394 32.6 4748208 4747351 genome.dna 430025 430832 NC_000919.gbk
304 58.8 4770684 4770469 genome.dna 267194 267398 NC_000919.gbk
616 43.4 4786326 4787093 genome.dna 579804 579054 NC_000919.gbk
885 36.7 4985096 4983699 genome.dna 3 1398 NC_000919.gbk
203 68.9 4985770 4985910 genome.dna 1032620 1032464 NC_000919.gbk
965 53.5 5049054 5047222 genome.dna 939181 937273 NC_000919.gbk
270 31.2 5061686 5061066 genome.dna 1027835 1028504 NC_000919.gbk
1683 43.4 5063659 5061770 genome.dna 52589 54482 NC_000919.gbk
