818 40.5 36667 35258 genome.dna 1439654 1438325 NC_000916.gbk
379 33.8 97589 98332 genome.dna 802572 801786 NC_000916.gbk
498 39.7 110262 109636 genome.dna 106055 106673 NC_000916.gbk
231 31.4 111355 110522 genome.dna 1413596 1412849 NC_000916.gbk
222 31.2 162282 162998 genome.dna 611602 610879 NC_000916.gbk
490 33.6 166824 165547 genome.dna 1119977 1118816 NC_000916.gbk
434 31.7 192775 193791 genome.dna 314587 313621 NC_000916.gbk
709 38.9 217784 218788 genome.dna 768549 769698 NC_000916.gbk
914 37.1 219661 221034 genome.dna 205541 206948 NC_000916.gbk
939 47.8 228573 229595 genome.dna 674148 673167 NC_000916.gbk
708 35.0 250357 251541 genome.dna 966310 967552 NC_000916.gbk
290 36.2 252872 253300 genome.dna 1537459 1537942 NC_000916.gbk
342 33.8 253304 254008 genome.dna 1537983 1538658 NC_000916.gbk
281 30.1 270806 270027 genome.dna 1440484 1439728 NC_000916.gbk
693 31.8 280242 278956 genome.dna 1305590 1306964 NC_000916.gbk
1650 55.4 306633 305290 genome.dna 1750542 1749066 NC_000916.gbk
727 37.8 313270 314313 genome.dna 937348 936277 NC_000916.gbk
947 38.0 329415 330869 genome.dna 893762 892394 NC_000916.gbk
364 39.1 432443 431979 genome.dna 772375 772900 NC_000916.gbk
896 48.4 433394 432459 genome.dna 1280291 1279352 NC_000916.gbk
666 41.9 435364 434357 genome.dna 1306977 1307883 NC_000916.gbk
927 31.0 500272 497561 genome.dna 912898 915433 NC_000916.gbk
364 30.9 582944 584155 genome.dna 273586 274639 NC_000916.gbk
259 31.7 692962 692627 genome.dna 1367226 1366908 NC_000916.gbk
574 33.6 761351 760380 genome.dna 28629 29607 NC_000916.gbk
455 39.9 767499 768128 genome.dna 1626179 1625543 NC_000916.gbk
610 31.4 771082 772419 genome.dna 1457932 1456582 NC_000916.gbk
209 31.5 803045 802602 genome.dna 912192 911721 NC_000916.gbk
802 39.4 812414 811260 genome.dna 896897 897923 NC_000916.gbk
462 34.9 839867 840766 genome.dna 812249 813185 NC_000916.gbk
782 36.0 866383 867786 genome.dna 1557931 1559512 NC_000916.gbk
419 34.9 912721 911924 genome.dna 1654729 1653910 NC_000916.gbk
539 35.1 932060 931182 genome.dna 792917 793769 NC_000916.gbk
241 33.8 1002298 1002951 genome.dna 1356139 1355449 NC_000916.gbk
599 41.6 1159320 1160081 genome.dna 174368 175136 NC_000916.gbk
534 35.2 1281190 1282170 genome.dna 1265651 1264667 NC_000916.gbk
349 32.9 1310544 1309849 genome.dna 1022742 1022073 NC_000916.gbk
1189 47.3 1316909 1318201 genome.dna 590780 592019 NC_000916.gbk
1385 34.6 1356196 1353473 genome.dna 1393908 1396281 NC_000916.gbk
817 41.6 1358126 1357212 genome.dna 617826 616869 NC_000916.gbk
853 40.8 1402802 1401792 genome.dna 148862 147731 NC_000916.gbk
973 43.9 1403920 1402802 genome.dna 976796 975749 NC_000916.gbk
142 35.1 1404198 1403920 genome.dna 1515135 1515384 NC_000916.gbk
308 37.0 1408623 1408141 genome.dna 668217 667710 NC_000916.gbk
889 35.6 1422749 1425052 genome.dna 1167233 1169423 NC_000916.gbk
661 37.8 1427931 1426894 genome.dna 1107157 1108174 NC_000916.gbk
666 38.3 1434853 1435731 genome.dna 730686 729834 NC_000916.gbk
628 43.2 1436929 1437642 genome.dna 114329 113582 NC_000916.gbk
567 31.2 1493774 1492350 genome.dna 751232 749957 NC_000916.gbk
628 30.0 1504627 1506285 genome.dna 29607 31269 NC_000916.gbk
422 39.1 1544898 1546064 genome.dna 946170 947268 NC_000916.gbk
1049 55.6 1546064 1546936 genome.dna 508502 507620 NC_000916.gbk
441 33.9 1558773 1559834 genome.dna 1668569 1667654 NC_000916.gbk
829 43.7 1573036 1572017 genome.dna 561417 562395 NC_000916.gbk
1137 34.9 1598005 1595975 genome.dna 525946 527902 NC_000916.gbk
480 42.0 1600255 1600836 genome.dna 1684874 1684271 NC_000916.gbk
637 40.4 1635671 1634820 genome.dna 1640269 1639426 NC_000916.gbk
637 51.4 1636204 1635668 genome.dna 1638532 1637974 NC_000916.gbk
1243 62.1 1637078 1636206 genome.dna 1639403 1638524 NC_000916.gbk
513 30.7 1775956 1776978 genome.dna 1108184 1109210 NC_000916.gbk
80 30.5 1810557 1810381 genome.dna 132454 132637 NC_000916.gbk
831 35.4 1839441 1837903 genome.dna 1627509 1628985 NC_000916.gbk
582 32.5 1980555 1981667 genome.dna 269764 270856 NC_000916.gbk
182 31.0 2015203 2015631 genome.dna 815637 816087 NC_000916.gbk
455 31.9 2050132 2050929 genome.dna 175192 175963 NC_000916.gbk
588 42.5 2071740 2072447 genome.dna 620246 620909 NC_000916.gbk
294 47.9 2076838 2077179 genome.dna 1313570 1313270 NC_000916.gbk
583 37.2 2102354 2104732 genome.dna 1031544 1029489 NC_000916.gbk
349 37.3 2114428 2115174 genome.dna 1060004 1060760 NC_000916.gbk
865 39.3 2116495 2117718 genome.dna 1256651 1257854 NC_000916.gbk
132 31.0 2188157 2187750 genome.dna 686689 687040 NC_000916.gbk
58 33.3 2438554 2438378 genome.dna 312494 312344 NC_000916.gbk
547 34.7 2489732 2488785 genome.dna 711213 712071 NC_000916.gbk
625 32.8 2491599 2492855 genome.dna 927339 926130 NC_000916.gbk
327 30.2 2598308 2597688 genome.dna 1548805 1549432 NC_000916.gbk
641 35.4 2605113 2606180 genome.dna 1524541 1525600 NC_000916.gbk
1479 57.6 2607572 2608762 genome.dna 1522507 1523686 NC_000916.gbk
737 45.8 2608762 2609568 genome.dna 1523723 1524545 NC_000916.gbk
652 43.7 2639766 2638855 genome.dna 566589 565731 NC_000916.gbk
307 33.1 2679167 2679979 genome.dna 1678325 1679105 NC_000916.gbk
376 34.4 2701066 2701629 genome.dna 1655302 1654747 NC_000916.gbk
451 31.8 2704954 2705844 genome.dna 541196 541949 NC_000916.gbk
469 31.1 2706704 2707561 genome.dna 542051 542861 NC_000916.gbk
234 30.3 2724246 2725070 genome.dna 1368038 1367213 NC_000916.gbk
118 32.2 2771944 2772576 genome.dna 209701 209245 NC_000916.gbk
405 38.3 2788070 2787564 genome.dna 104859 105375 NC_000916.gbk
215 34.1 2869134 2868487 genome.dna 1158901 1158283 NC_000916.gbk
439 34.9 2916384 2917283 genome.dna 1362266 1363130 NC_000916.gbk
1112 43.0 2917289 2918617 genome.dna 167297 168578 NC_000916.gbk
480 32.1 2918614 2919687 genome.dna 1454815 1453693 NC_000916.gbk
490 41.8 2920770 2921360 genome.dna 1385135 1385732 NC_000916.gbk
461 33.9 2921367 2922104 genome.dna 766115 766982 NC_000916.gbk
398 41.4 2922086 2922862 genome.dna 1208192 1207286 NC_000916.gbk
809 34.6 2928002 2926713 genome.dna 695840 694580 NC_000916.gbk
521 34.2 2982496 2983455 genome.dna 631239 632151 NC_000916.gbk
631 33.5 3011957 3010824 genome.dna 838974 837900 NC_000916.gbk
613 50.2 3019705 3020373 genome.dna 743715 744390 NC_000916.gbk
173 31.2 3155124 3154672 genome.dna 99486 99054 NC_000916.gbk
364 47.8 3155863 3155369 genome.dna 736053 736533 NC_000916.gbk
479 32.4 3157424 3156435 genome.dna 1417126 1416175 NC_000916.gbk
2322 57.0 3161386 3159374 genome.dna 376905 378846 NC_000916.gbk
696 37.1 3178804 3180039 genome.dna 917612 916382 NC_000916.gbk
693 37.4 3230474 3228642 genome.dna 376710 374970 NC_000916.gbk
880 34.6 3300189 3298621 genome.dna 1429846 1431226 NC_000916.gbk
1045 38.9 3301696 3300248 genome.dna 1428436 1429846 NC_000916.gbk
1220 64.7 3302638 3301757 genome.dna 1426795 1427695 NC_000916.gbk
651 45.6 3336744 3335911 genome.dna 112662 111936 NC_000916.gbk
499 43.6 3408161 3407589 genome.dna 97763 97187 NC_000916.gbk
694 41.5 3409858 3408341 genome.dna 573965 572540 NC_000916.gbk
212 31.3 3415469 3414618 genome.dna 764364 763536 NC_000916.gbk
952 50.0 3427528 3426443 genome.dna 676605 677730 NC_000916.gbk
587 36.8 3512886 3511738 genome.dna 1092637 1091554 NC_000916.gbk
1026 60.3 3527868 3527053 genome.dna 1584561 1585323 NC_000916.gbk
513 33.5 3573115 3574479 genome.dna 572516 571280 NC_000916.gbk
534 39.1 3577570 3576767 genome.dna 548350 549112 NC_000916.gbk
1348 46.6 3592205 3590739 genome.dna 93307 94762 NC_000916.gbk
409 32.3 3603229 3601955 genome.dna 187994 189329 NC_000916.gbk
414 45.3 3608433 3608005 genome.dna 198996 199452 NC_000916.gbk
279 32.5 3622920 3623723 genome.dna 792078 792921 NC_000916.gbk
755 37.9 3635387 3634134 genome.dna 1246987 1245700 NC_000916.gbk
431 62.5 3640872 3640534 genome.dna 592020 592368 NC_000916.gbk
953 35.8 3689812 3691413 genome.dna 1358402 1360079 NC_000916.gbk
1188 44.6 3714803 3716083 genome.dna 170625 171888 NC_000916.gbk
535 32.9 3736813 3735875 genome.dna 1010414 1009475 NC_000916.gbk
971 36.9 3776200 3774839 genome.dna 1191261 1192590 NC_000916.gbk
656 41.1 3898447 3899475 genome.dna 1707164 1708100 NC_000916.gbk
273 31.2 3912529 3911285 genome.dna 1466743 1467907 NC_000916.gbk
595 31.2 3918901 3920391 genome.dna 1351796 1353161 NC_000916.gbk
525 42.4 3961248 3960622 genome.dna 751940 751286 NC_000916.gbk
895 44.3 4001743 4000448 genome.dna 21688 22939 NC_000916.gbk
1470 52.7 4003479 4001842 genome.dna 355242 356844 NC_000916.gbk
429 40.7 4039680 4040210 genome.dna 203297 203828 NC_000916.gbk
144 33.9 4079441 4080034 genome.dna 1290418 1289854 NC_000916.gbk
579 35.3 4102382 4101120 genome.dna 1203103 1201816 NC_000916.gbk
236 30.9 4137049 4136630 genome.dna 702338 701906 NC_000916.gbk
3729 60.2 4139901 4137067 genome.dna 378887 381776 NC_000916.gbk
269 31.7 4211839 4212789 genome.dna 284073 283206 NC_000916.gbk
425 32.6 4226833 4228161 genome.dna 880524 879165 NC_000916.gbk
487 36.7 4244964 4245854 genome.dna 1672184 1673024 NC_000916.gbk
156 31.4 4252799 4252404 genome.dna 1203176 1203569 NC_000916.gbk
882 43.8 4258960 4257809 genome.dna 1535478 1536624 NC_000916.gbk
469 47.5 4277861 4277370 genome.dna 1303800 1303293 NC_000916.gbk
1691 46.7 4279582 4277864 genome.dna 1305526 1303792 NC_000916.gbk
1189 41.0 4282166 4283764 genome.dna 1337345 1338863 NC_000916.gbk
484 37.5 4283764 4284855 genome.dna 1255665 1256655 NC_000916.gbk
462 34.6 4284858 4286258 genome.dna 1495714 1497001 NC_000916.gbk
207 36.6 4286272 4286874 genome.dna 1255180 1255669 NC_000916.gbk
236 34.0 4319027 4319845 genome.dna 1195303 1196125 NC_000916.gbk
377 41.5 4331847 4330699 genome.dna 911741 910616 NC_000916.gbk
665 42.1 4333114 4332293 genome.dna 729782 728960 NC_000916.gbk
1170 48.9 4343498 4342359 genome.dna 1172550 1173681 NC_000916.gbk
1791 51.5 4345514 4343607 genome.dna 1170609 1172400 NC_000916.gbk
676 54.8 4345979 4346554 genome.dna 157849 157234 NC_000916.gbk
313 34.3 4362122 4362661 genome.dna 1728774 1729380 NC_000916.gbk
461 42.7 4373604 4372945 genome.dna 543895 543214 NC_000916.gbk
490 35.4 4379941 4378778 genome.dna 952662 953898 NC_000916.gbk
352 31.8 4398393 4397095 genome.dna 550356 549333 NC_000916.gbk
644 31.9 4409618 4408062 genome.dna 1148910 1147350 NC_000916.gbk
384 39.0 4477982 4478530 genome.dna 1455302 1454846 NC_000916.gbk
356 36.1 4479596 4478769 genome.dna 187108 186325 NC_000916.gbk
222 48.7 4490164 4489775 genome.dna 18646 19039 NC_000916.gbk
137 32.6 4490537 4490181 genome.dna 17647 18097 NC_000916.gbk
502 37.0 4499431 4498610 genome.dna 3092 3818 NC_000916.gbk
175 32.0 4501337 4501026 genome.dna 967586 967895 NC_000916.gbk
708 35.0 4503772 4502588 genome.dna 966310 967552 NC_000916.gbk
967 38.8 4531124 4529898 genome.dna 1204757 1203584 NC_000916.gbk
501 42.3 4531820 4531245 genome.dna 1520388 1520979 NC_000916.gbk
731 30.4 4672431 4670269 genome.dna 458591 456539 NC_000916.gbk
667 39.6 4675687 4674863 genome.dna 1201811 1200941 NC_000916.gbk
571 37.2 4680620 4681561 genome.dna 795207 796077 NC_000916.gbk
969 38.3 4690836 4689472 genome.dna 1399901 1401251 NC_000916.gbk
607 51.7 4702353 4701286 genome.dna 1637964 1636953 NC_000916.gbk
896 40.8 4703612 4702350 genome.dna 760597 759301 NC_000916.gbk
729 37.8 4704862 4703738 genome.dna 761924 760598 NC_000916.gbk
762 42.5 4729969 4728119 genome.dna 1311739 1310269 NC_000916.gbk
1203 59.1 4730969 4730043 genome.dna 1295896 1294903 NC_000916.gbk
204 37.5 4780345 4781184 genome.dna 63728 64469 NC_000916.gbk
322 33.3 4846439 4847095 genome.dna 1273907 1274483 NC_000916.gbk
396 30.8 5019301 5018414 genome.dna 1583709 1584561 NC_000916.gbk
652 34.4 5026700 5027902 genome.dna 1726527 1725402 NC_000916.gbk
530 45.5 5049054 5047222 genome.dna 114470 116243 NC_000916.gbk
