1038 35.2 25826 28615 genome.dna 703952 701339 NC_002491.gbk
1066 38.8 30749 32122 genome.dna 1016156 1014779 NC_002491.gbk
420 40.2 50956 50333 genome.dna 150874 151492 NC_002491.gbk
534 45.9 110262 109636 genome.dna 72609 73233 NC_002491.gbk
403 49.3 165569 165111 genome.dna 74291 74729 NC_002491.gbk
163 37.9 167881 168117 genome.dna 372566 372836 NC_002491.gbk
145 49.1 168129 168296 genome.dna 285679 285520 NC_002491.gbk
726 38.2 192775 193791 genome.dna 973316 972311 NC_002491.gbk
388 30.9 222967 223722 genome.dna 595811 596504 NC_002491.gbk
1013 48.9 228573 229595 genome.dna 840705 839706 NC_002491.gbk
1854 68.4 250357 251541 genome.dna 89443 90628 NC_002491.gbk
415 38.5 252164 252709 genome.dna 91027 91576 NC_002491.gbk
490 55.4 252872 253300 genome.dna 91682 92108 NC_002491.gbk
754 46.8 253304 254008 genome.dna 92134 92833 NC_002491.gbk
283 43.8 254890 255255 genome.dna 93404 93794 NC_002491.gbk
2284 46.7 255584 259612 genome.dna 93930 97689 NC_002491.gbk
4281 49.9 259736 263959 genome.dna 97712 101894 NC_002491.gbk
415 36.7 292998 292333 genome.dna 232249 231595 NC_002491.gbk
599 31.3 301263 300298 genome.dna 863479 864487 NC_002491.gbk
1518 49.4 306633 305290 genome.dna 220318 218953 NC_002491.gbk
261 32.1 307112 306645 genome.dna 220818 220314 NC_002491.gbk
1208 57.4 313270 314313 genome.dna 964613 965714 NC_002491.gbk
311 31.6 315964 316557 genome.dna 34653 34062 NC_002491.gbk
872 35.3 316547 318016 genome.dna 1095692 1094144 NC_002491.gbk
685 43.9 338215 337490 genome.dna 808304 809027 NC_002491.gbk
544 34.8 340994 339921 genome.dna 608016 607026 NC_002491.gbk
652 36.9 345980 347242 genome.dna 661443 660066 NC_002491.gbk
477 48.6 352201 352629 genome.dna 283037 282587 NC_002491.gbk
364 47.2 352645 353037 genome.dna 282574 282169 NC_002491.gbk
229 30.7 389811 389332 genome.dna 74730 75207 NC_002491.gbk
1067 38.5 460910 458055 genome.dna 112822 115645 NC_002491.gbk
856 34.1 463248 461737 genome.dna 433727 432227 NC_002491.gbk
1219 41.6 530287 528905 genome.dna 69020 67658 NC_002491.gbk
235 39.8 692962 692627 genome.dna 1040101 1039762 NC_002491.gbk
260 40.6 697176 697469 genome.dna 169159 168850 NC_002491.gbk
2125 62.0 697515 699164 genome.dna 168809 167174 NC_002491.gbk
1062 41.3 753122 751287 genome.dna 852281 854000 NC_002491.gbk
161 40.7 755400 755185 genome.dna 44381 44558 NC_002491.gbk
699 36.3 755628 756641 genome.dna 232824 233859 NC_002491.gbk
254 40.8 757206 756736 genome.dna 232741 232297 NC_002491.gbk
258 39.6 761608 761919 genome.dna 630549 630228 NC_002491.gbk
286 55.3 761939 762196 genome.dna 630204 629949 NC_002491.gbk
850 41.2 763509 764681 genome.dna 629849 628841 NC_002491.gbk
1303 47.1 771082 772419 genome.dna 1107860 1109237 NC_002491.gbk
148 30.6 772670 773002 genome.dna 1217468 1217825 NC_002491.gbk
721 30.4 777751 779280 genome.dna 358441 359746 NC_002491.gbk
1582 35.1 779306 782008 genome.dna 359702 362375 NC_002491.gbk
180 33.0 782083 782481 genome.dna 362388 362751 NC_002491.gbk
250 46.1 783547 783816 genome.dna 1149563 1149293 NC_002491.gbk
1947 45.4 784066 786186 genome.dna 1149253 1147168 NC_002491.gbk
278 36.0 814149 814541 genome.dna 476983 476635 NC_002491.gbk
597 39.6 839867 840766 genome.dna 1173642 1172736 NC_002491.gbk
839 38.4 844582 846099 genome.dna 1063486 1065070 NC_002491.gbk
330 39.3 927840 927358 genome.dna 381649 381193 NC_002491.gbk
943 49.2 956604 955654 genome.dna 102002 102986 NC_002491.gbk
556 30.6 1087061 1085955 genome.dna 448703 447593 NC_002491.gbk
637 42.1 1154052 1153258 genome.dna 1155464 1154588 NC_002491.gbk
639 42.7 1154397 1155122 genome.dna 781089 781923 NC_002491.gbk
266 32.7 1155257 1156108 genome.dna 781922 782771 NC_002491.gbk
530 38.9 1156279 1157004 genome.dna 782778 783525 NC_002491.gbk
431 36.5 1157130 1157687 genome.dna 783502 784045 NC_002491.gbk
541 35.5 1157925 1159121 genome.dna 388195 387055 NC_002491.gbk
586 40.1 1159320 1160081 genome.dna 655461 656214 NC_002491.gbk
655 34.3 1165447 1166469 genome.dna 340408 341491 NC_002491.gbk
383 43.0 1166572 1167027 genome.dna 733296 732834 NC_002491.gbk
630 41.9 1167032 1167820 genome.dna 732822 731982 NC_002491.gbk
513 42.2 1168997 1169593 genome.dna 150233 150878 NC_002491.gbk
1257 37.0 1169670 1173152 genome.dna 745708 749431 NC_002491.gbk
936 44.1 1173165 1174124 genome.dna 459852 458877 NC_002491.gbk
1246 37.7 1180703 1178139 genome.dna 1074850 1072363 NC_002491.gbk
925 40.2 1264025 1265131 genome.dna 177046 175921 NC_002491.gbk
589 46.1 1270601 1269999 genome.dna 876825 877416 NC_002491.gbk
549 35.1 1272920 1274065 genome.dna 258978 260097 NC_002491.gbk
413 45.8 1278470 1278919 genome.dna 614249 614708 NC_002491.gbk
771 40.3 1278982 1280091 genome.dna 988092 989223 NC_002491.gbk
1489 39.1 1284598 1282733 genome.dna 1213992 1212057 NC_002491.gbk
743 56.2 1301367 1301990 genome.dna 959316 958704 NC_002491.gbk
1300 57.1 1302154 1303428 genome.dna 958695 957429 NC_002491.gbk
1882 40.5 1303620 1306001 genome.dna 41905 39445 NC_002491.gbk
102 39.1 1322427 1322284 genome.dna 1068684 1068822 NC_002491.gbk
393 34.9 1332732 1333337 genome.dna 336437 337040 NC_002491.gbk
419 35.2 1335658 1336302 genome.dna 280539 281181 NC_002491.gbk
1467 44.9 1363499 1366138 genome.dna 307975 305470 NC_002491.gbk
587 32.4 1387613 1386405 genome.dna 1111160 1112351 NC_002491.gbk
825 43.8 1470427 1469462 genome.dna 939068 938144 NC_002491.gbk
557 31.1 1475506 1474394 genome.dna 1034583 1035741 NC_002491.gbk
1333 40.0 1483266 1480684 genome.dna 195143 197606 NC_002491.gbk
492 36.3 1530248 1530991 genome.dna 171965 171209 NC_002491.gbk
1933 38.3 1540513 1543320 genome.dna 425877 423150 NC_002491.gbk
946 44.1 1543336 1544562 genome.dna 423147 422052 NC_002491.gbk
1031 43.2 1544898 1546064 genome.dna 1114069 1115230 NC_002491.gbk
1231 64.1 1546064 1546936 genome.dna 1115243 1116125 NC_002491.gbk
717 30.0 1547669 1549237 genome.dna 129833 131180 NC_002491.gbk
374 36.1 1563766 1563014 genome.dna 980835 980148 NC_002491.gbk
522 41.7 1599518 1600159 genome.dna 824989 824320 NC_002491.gbk
1487 47.8 1638449 1639855 genome.dna 405067 403627 NC_002491.gbk
475 37.6 1986118 1986840 genome.dna 407534 406760 NC_002491.gbk
498 31.9 2029109 2030257 genome.dna 823264 824239 NC_002491.gbk
101 36.8 2040877 2041047 genome.dna 1096466 1096649 NC_002491.gbk
439 30.0 2041077 2042123 genome.dna 1096664 1097627 NC_002491.gbk
590 44.7 2042130 2043083 genome.dna 336343 335335 NC_002491.gbk
567 35.7 2043101 2044030 genome.dna 335319 334392 NC_002491.gbk
689 45.9 2044045 2044779 genome.dna 334387 333640 NC_002491.gbk
237 52.0 2044934 2045170 genome.dna 333485 333245 NC_002491.gbk
1166 44.6 2045253 2046494 genome.dna 1046184 1047435 NC_002491.gbk
373 37.4 2048443 2049102 genome.dna 305466 304845 NC_002491.gbk
512 35.8 2050132 2050929 genome.dna 884939 885725 NC_002491.gbk
268 37.6 2055442 2055792 genome.dna 569415 569082 NC_002491.gbk
1770 33.2 2070405 2066956 genome.dna 1020394 1017136 NC_002491.gbk
564 43.7 2071740 2072447 genome.dna 283949 283268 NC_002491.gbk
1566 51.6 2112831 2114330 genome.dna 774234 772779 NC_002491.gbk
666 42.8 2114428 2115174 genome.dna 772774 772003 NC_002491.gbk
1075 41.4 2116495 2117718 genome.dna 770726 769505 NC_002491.gbk
969 40.0 2121733 2120321 genome.dna 124225 125680 NC_002491.gbk
541 47.8 2181519 2182154 genome.dna 613994 613391 NC_002491.gbk
982 40.8 2192856 2194133 genome.dna 406356 405087 NC_002491.gbk
354 30.6 2239913 2239125 genome.dna 451677 452577 NC_002491.gbk
566 34.8 2298807 2297113 genome.dna 1161832 1160134 NC_002491.gbk
1261 46.2 2371991 2370621 genome.dna 794350 793021 NC_002491.gbk
1162 37.0 2375035 2372933 genome.dna 366952 369085 NC_002491.gbk
1202 50.7 2487322 2486231 genome.dna 365480 364385 NC_002491.gbk
338 38.1 2488039 2487452 genome.dna 1085836 1086379 NC_002491.gbk
1139 51.9 2492889 2493971 genome.dna 145045 146119 NC_002491.gbk
697 43.1 2496092 2496946 genome.dna 807003 807813 NC_002491.gbk
1601 54.0 2563367 2561970 genome.dna 1158650 1160033 NC_002491.gbk
448 34.1 2585266 2585973 genome.dna 474390 475032 NC_002491.gbk
370 35.4 2585970 2586605 genome.dna 947092 946462 NC_002491.gbk
876 35.4 2593132 2590532 genome.dna 867054 864438 NC_002491.gbk
752 39.2 2627092 2626058 genome.dna 765269 766244 NC_002491.gbk
570 34.7 2629004 2628096 genome.dna 241631 242486 NC_002491.gbk
696 35.4 2629936 2629016 genome.dna 240656 241601 NC_002491.gbk
1330 59.3 2654735 2655739 genome.dna 717336 716328 NC_002491.gbk
628 43.4 2732234 2731251 genome.dna 1137419 1138439 NC_002491.gbk
338 44.4 2732903 2732547 genome.dna 1137039 1137405 NC_002491.gbk
172 45.6 2733144 2732947 genome.dna 1136826 1137021 NC_002491.gbk
540 47.7 2733782 2733240 genome.dna 1136288 1136849 NC_002491.gbk
1628 41.0 2735713 2733785 genome.dna 913092 911184 NC_002491.gbk
1153 48.7 2757088 2758194 genome.dna 485126 484040 NC_002491.gbk
1038 40.3 2794931 2793456 genome.dna 273924 275463 NC_002491.gbk
1089 51.9 2809298 2808294 genome.dna 438853 437839 NC_002491.gbk
364 36.6 2809923 2809306 genome.dna 713460 712836 NC_002491.gbk
386 41.0 2810663 2810151 genome.dna 713968 713461 NC_002491.gbk
623 42.2 2811487 2810744 genome.dna 664725 664008 NC_002491.gbk
1683 45.0 2813755 2811956 genome.dna 742244 740489 NC_002491.gbk
724 39.1 2835515 2837245 genome.dna 658427 660113 NC_002491.gbk
513 40.2 2884168 2883416 genome.dna 271037 271802 NC_002491.gbk
406 30.4 2885460 2884459 genome.dna 611579 610481 NC_002491.gbk
189 34.1 2923933 2923649 genome.dna 461565 461262 NC_002491.gbk
1524 45.1 2925698 2924025 genome.dna 356598 358341 NC_002491.gbk
442 38.4 2926492 2925815 genome.dna 657137 657788 NC_002491.gbk
1034 41.6 2975613 2974318 genome.dna 988049 986765 NC_002491.gbk
920 48.1 2982496 2983455 genome.dna 355907 354971 NC_002491.gbk
261 55.7 2988043 2988261 genome.dna 89025 89247 NC_002491.gbk
378 31.5 3003564 3004295 genome.dna 561056 560276 NC_002491.gbk
938 36.8 3042056 3043384 genome.dna 285681 287184 NC_002491.gbk
740 43.1 3065575 3066420 genome.dna 821418 822300 NC_002491.gbk
369 32.1 3084419 3083724 genome.dna 980990 981698 NC_002491.gbk
371 33.6 3154559 3153852 genome.dna 1112401 1113118 NC_002491.gbk
2157 50.9 3161386 3159374 genome.dna 908018 906044 NC_002491.gbk
598 31.9 3165022 3163865 genome.dna 1194120 1192971 NC_002491.gbk
991 46.7 3166099 3165062 genome.dna 1195094 1194098 NC_002491.gbk
638 32.0 3230474 3228642 genome.dna 1072361 1070549 NC_002491.gbk
550 31.7 3290769 3289561 genome.dna 444062 442946 NC_002491.gbk
870 41.2 3310237 3309242 genome.dna 764305 765280 NC_002491.gbk
448 33.0 3353699 3354838 genome.dna 131190 132225 NC_002491.gbk
1389 42.3 3364676 3363084 genome.dna 36274 34681 NC_002491.gbk
445 40.4 3408161 3407589 genome.dna 297352 296773 NC_002491.gbk
843 47.3 3413548 3412631 genome.dna 73314 74241 NC_002491.gbk
477 34.0 3415469 3414618 genome.dna 669313 670117 NC_002491.gbk
810 45.7 3427528 3426443 genome.dna 1188602 1187522 NC_002491.gbk
1248 43.6 3468186 3466690 genome.dna 924936 926427 NC_002491.gbk
620 41.7 3516455 3517318 genome.dna 379438 380299 NC_002491.gbk
1008 40.1 3519048 3517663 genome.dna 1066491 1065066 NC_002491.gbk
894 44.4 3590632 3589055 genome.dna 212058 210768 NC_002491.gbk
512 33.5 3599984 3598497 genome.dna 956051 954587 NC_002491.gbk
858 36.8 3603229 3601955 genome.dna 743511 742218 NC_002491.gbk
509 55.9 3608433 3608005 genome.dna 712765 712330 NC_002491.gbk
996 41.6 3642369 3641032 genome.dna 675346 676507 NC_002491.gbk
356 39.9 3651787 3651263 genome.dna 1149831 1150278 NC_002491.gbk
245 38.2 3680225 3679845 genome.dna 354611 354980 NC_002491.gbk
359 33.6 3683368 3682688 genome.dna 69699 68985 NC_002491.gbk
2111 51.3 3686442 3684643 genome.dna 401720 403529 NC_002491.gbk
722 50.7 3694571 3695257 genome.dna 871808 872519 NC_002491.gbk
659 32.4 3698228 3696813 genome.dna 644933 643415 NC_002491.gbk
943 37.3 3709959 3708493 genome.dna 1120384 1121851 NC_002491.gbk
1009 39.6 3714803 3716083 genome.dna 173730 172407 NC_002491.gbk
428 35.2 3730782 3732230 genome.dna 1107386 1106093 NC_002491.gbk
2643 49.5 3762599 3760023 genome.dna 177673 180274 NC_002491.gbk
591 40.4 3764478 3763501 genome.dna 805236 806214 NC_002491.gbk
333 42.0 3773009 3772662 genome.dna 149812 150178 NC_002491.gbk
1110 39.2 3776200 3774839 genome.dna 146989 148336 NC_002491.gbk
2147 40.4 3784972 3782345 genome.dna 1022982 1020363 NC_002491.gbk
1210 56.6 3786717 3785644 genome.dna 858918 857856 NC_002491.gbk
600 31.2 3918901 3920391 genome.dna 894 2373 NC_002491.gbk
675 35.0 3952362 3953393 genome.dna 314194 313168 NC_002491.gbk
458 36.1 3953386 3954039 genome.dna 313159 312493 NC_002491.gbk
374 33.8 3954101 3954916 genome.dna 312497 311678 NC_002491.gbk
1409 40.6 3956293 3958011 genome.dna 579978 581685 NC_002491.gbk
1070 56.3 4001743 4000448 genome.dna 905853 904566 NC_002491.gbk
1409 50.1 4003479 4001842 genome.dna 271777 273391 NC_002491.gbk
1390 40.1 4027241 4025196 genome.dna 185425 187414 NC_002491.gbk
238 52.9 4060248 4060021 genome.dna 1086826 1087075 NC_002491.gbk
348 35.7 4079441 4080034 genome.dna 873352 872731 NC_002491.gbk
611 33.8 4080027 4081166 genome.dna 426466 427588 NC_002491.gbk
746 38.0 4114440 4115846 genome.dna 708111 709461 NC_002491.gbk
929 38.0 4119655 4120848 genome.dna 835369 834181 NC_002491.gbk
1021 36.5 4231793 4230366 genome.dna 940450 939064 NC_002491.gbk
784 38.4 4255592 4252890 genome.dna 951051 953964 NC_002491.gbk
529 36.0 4257707 4256787 genome.dna 734156 733307 NC_002491.gbk
319 30.9 4267226 4265910 genome.dna 1032607 1033861 NC_002491.gbk
696 41.0 4268312 4267230 genome.dna 1031555 1032605 NC_002491.gbk
819 35.7 4271151 4269664 genome.dna 464110 462658 NC_002491.gbk
435 34.1 4274186 4273242 genome.dna 467708 466814 NC_002491.gbk
432 33.9 4319027 4319845 genome.dna 1211181 1212015 NC_002491.gbk
894 48.2 4334402 4333452 genome.dna 1165411 1166344 NC_002491.gbk
224 30.6 4335368 4334856 genome.dna 615112 615619 NC_002491.gbk
508 33.2 4339154 4338213 genome.dna 363481 364408 NC_002491.gbk
161 32.5 4339580 4339843 genome.dna 850657 850357 NC_002491.gbk
871 44.6 4343498 4342359 genome.dna 44593 45772 NC_002491.gbk
2250 57.4 4345514 4343607 genome.dna 583553 585536 NC_002491.gbk
372 37.2 4373604 4372945 genome.dna 175513 174817 NC_002491.gbk
378 38.3 4379941 4378778 genome.dna 762252 761043 NC_002491.gbk
1828 44.1 4383337 4381343 genome.dna 1023214 1025212 NC_002491.gbk
853 38.7 4402445 4401165 genome.dna 556944 555525 NC_002491.gbk
492 30.9 4403893 4402952 genome.dna 1041299 1042328 NC_002491.gbk
546 32.6 4442783 4444579 genome.dna 886759 888640 NC_002491.gbk
407 31.0 4444572 4445309 genome.dna 888650 889427 NC_002491.gbk
552 45.7 4448185 4447619 genome.dna 1026308 1026881 NC_002491.gbk
726 35.1 4451372 4449723 genome.dna 1173707 1175288 NC_002491.gbk
597 33.9 4451863 4453239 genome.dna 1198997 1200320 NC_002491.gbk
198 38.0 4482450 4482959 genome.dna 1218068 1218629 NC_002491.gbk
695 38.6 4482986 4483933 genome.dna 731993 731027 NC_002491.gbk
223 44.3 4488068 4487676 genome.dna 717806 717377 NC_002491.gbk
242 37.8 4489098 4488109 genome.dna 718937 717812 NC_002491.gbk
465 38.6 4489744 4489124 genome.dna 823048 822418 NC_002491.gbk
459 53.4 4490164 4489775 genome.dna 719359 718957 NC_002491.gbk
367 51.3 4490537 4490181 genome.dna 719749 719380 NC_002491.gbk
789 39.5 4492165 4490834 genome.dna 721178 719804 NC_002491.gbk
295 43.0 4492607 4492173 genome.dna 721637 721202 NC_002491.gbk
486 44.8 4493297 4492797 genome.dna 722127 721629 NC_002491.gbk
233 38.8 4493665 4493312 genome.dna 722516 722144 NC_002491.gbk
476 42.6 4494208 4493675 genome.dna 723078 722526 NC_002491.gbk
308 37.9 4494614 4494222 genome.dna 723506 723104 NC_002491.gbk
314 47.5 4494953 4494648 genome.dna 1068844 1069150 NC_002491.gbk
617 52.5 4495506 4494967 genome.dna 724066 723523 NC_002491.gbk
153 36.7 4495835 4495521 genome.dna 724403 724067 NC_002491.gbk
482 55.3 4496217 4495846 genome.dna 724785 724416 NC_002491.gbk
194 47.9 4496635 4496381 genome.dna 725068 724807 NC_002491.gbk
495 54.5 4497236 4496826 genome.dna 725698 725281 NC_002491.gbk
777 53.2 4497950 4497249 genome.dna 726398 725726 NC_002491.gbk
244 41.2 4498300 4497968 genome.dna 726749 726413 NC_002491.gbk
353 60.2 4498593 4498315 genome.dna 727034 726767 NC_002491.gbk
986 54.4 4499431 4498610 genome.dna 727894 727039 NC_002491.gbk
134 33.3 4499751 4499449 genome.dna 728251 727915 NC_002491.gbk
271 33.3 4500353 4499748 genome.dna 728942 728267 NC_002491.gbk
581 45.1 4500993 4500364 genome.dna 729652 728974 NC_002491.gbk
443 67.7 4501337 4501026 genome.dna 632889 632571 NC_002491.gbk
2533 57.1 4505956 4503842 genome.dna 634981 632896 NC_002491.gbk
534 53.5 4506523 4506053 genome.dna 635489 634988 NC_002491.gbk
615 72.4 4506994 4506620 genome.dna 635908 635536 NC_002491.gbk
817 41.7 4514011 4512740 genome.dna 603117 601557 NC_002491.gbk
530 30.4 4557783 4556779 genome.dna 909061 908026 NC_002491.gbk
446 35.7 4559154 4558477 genome.dna 222074 221384 NC_002491.gbk
478 30.5 4562421 4561336 genome.dna 1187538 1186383 NC_002491.gbk
2630 48.9 4632742 4630295 genome.dna 348608 346133 NC_002491.gbk
455 30.7 4634257 4632818 genome.dna 1084823 1083392 NC_002491.gbk
597 30.8 4635563 4634286 genome.dna 698216 696890 NC_002491.gbk
1183 38.5 4637576 4635600 genome.dna 435037 437032 NC_002491.gbk
1990 43.0 4639754 4637577 genome.dna 553163 551000 NC_002491.gbk
397 30.9 4645142 4645735 genome.dna 1156078 1155469 NC_002491.gbk
1030 40.9 4656105 4657454 genome.dna 744321 745689 NC_002491.gbk
130 31.1 4675687 4674863 genome.dna 600994 600220 NC_002491.gbk
1644 60.3 4708658 4707399 genome.dna 700741 699346 NC_002491.gbk
275 45.9 4709479 4709153 genome.dna 738853 739162 NC_002491.gbk
1323 40.0 4714432 4712411 genome.dna 871706 869786 NC_002491.gbk
1253 36.7 4770998 4773196 genome.dna 1056622 1054372 NC_002491.gbk
605 41.7 4786326 4787093 genome.dna 1216284 1217049 NC_002491.gbk
344 41.0 4834867 4834403 genome.dna 739648 739177 NC_002491.gbk
272 31.4 4869761 4870336 genome.dna 696028 695467 NC_002491.gbk
967 30.7 4872230 4874593 genome.dna 985964 983987 NC_002491.gbk
847 34.0 4886675 4885383 genome.dna 610482 609237 NC_002491.gbk
1506 44.4 4939318 4937906 genome.dna 246822 248235 NC_002491.gbk
1756 47.9 4981440 4979023 genome.dna 310408 307990 NC_002491.gbk
565 30.5 4983694 4982594 genome.dna 381899 383000 NC_002491.gbk
920 36.5 4985096 4983699 genome.dna 469321 470674 NC_002491.gbk
172 64.3 4985770 4985910 genome.dna 1068440 1068302 NC_002491.gbk
696 38.2 4988276 4989640 genome.dna 948427 947098 NC_002491.gbk
1445 41.0 5049054 5047222 genome.dna 1109243 1111073 NC_002491.gbk
1735 49.7 5063659 5061770 genome.dna 709804 711640 NC_002491.gbk
