1038 35.2 25826 28615 genome.dna 704631 702018 NC_000922.gbk
1066 38.8 30749 32122 genome.dna 1016835 1015458 NC_000922.gbk
420 40.2 50956 50333 genome.dna 151163 151781 NC_000922.gbk
534 45.9 110262 109636 genome.dna 72933 73557 NC_000922.gbk
403 49.3 165569 165111 genome.dna 74615 75053 NC_000922.gbk
163 37.9 167881 168117 genome.dna 372944 373214 NC_000922.gbk
145 49.1 168129 168296 genome.dna 286057 285898 NC_000922.gbk
726 38.2 192775 193791 genome.dna 973995 972990 NC_000922.gbk
388 30.9 222967 223722 genome.dna 596491 597184 NC_000922.gbk
1013 48.9 228573 229595 genome.dna 841384 840385 NC_000922.gbk
1854 68.4 250357 251541 genome.dna 89773 90958 NC_000922.gbk
416 38.5 252164 252709 genome.dna 91357 91906 NC_000922.gbk
490 55.4 252872 253300 genome.dna 92012 92438 NC_000922.gbk
754 46.8 253304 254008 genome.dna 92464 93163 NC_000922.gbk
283 43.8 254890 255255 genome.dna 93734 94124 NC_000922.gbk
2284 46.7 255584 259612 genome.dna 94260 98019 NC_000922.gbk
4279 49.9 259736 263959 genome.dna 98042 102224 NC_000922.gbk
599 31.3 301263 300298 genome.dna 864158 865166 NC_000922.gbk
1519 49.4 306633 305290 genome.dna 220695 219330 NC_000922.gbk
261 32.1 307112 306645 genome.dna 221195 220691 NC_000922.gbk
1208 57.4 313270 314313 genome.dna 965292 966393 NC_000922.gbk
311 31.6 315964 316557 genome.dna 34982 34391 NC_000922.gbk
885 35.5 316547 318016 genome.dna 1096343 1094795 NC_000922.gbk
685 43.9 338215 337490 genome.dna 808983 809706 NC_000922.gbk
544 34.8 340994 339921 genome.dna 608696 607706 NC_000922.gbk
652 36.9 345980 347242 genome.dna 662122 660745 NC_000922.gbk
477 48.6 352201 352629 genome.dna 283415 282965 NC_000922.gbk
364 47.2 352645 353037 genome.dna 282952 282547 NC_000922.gbk
229 30.7 389811 389332 genome.dna 75054 75531 NC_000922.gbk
1067 38.5 460910 458055 genome.dna 113151 115974 NC_000922.gbk
856 34.1 463248 461737 genome.dna 434018 432518 NC_000922.gbk
1219 41.6 530287 528905 genome.dna 69344 67982 NC_000922.gbk
235 39.8 692962 692627 genome.dna 1040780 1040441 NC_000922.gbk
260 40.6 697176 697469 genome.dna 169448 169139 NC_000922.gbk
2125 62.0 697515 699164 genome.dna 169098 167463 NC_000922.gbk
1062 41.3 753122 751287 genome.dna 852960 854679 NC_000922.gbk
161 40.7 755400 755185 genome.dna 44710 44887 NC_000922.gbk
699 36.3 755628 756641 genome.dna 233209 234244 NC_000922.gbk
254 40.8 757206 756736 genome.dna 233126 232682 NC_000922.gbk
258 39.6 761608 761919 genome.dna 631229 630908 NC_000922.gbk
286 55.3 761939 762196 genome.dna 630884 630629 NC_000922.gbk
850 41.2 763509 764681 genome.dna 630529 629521 NC_000922.gbk
1303 47.1 771082 772419 genome.dna 1108511 1109888 NC_000922.gbk
148 30.6 772670 773002 genome.dna 1221134 1221491 NC_000922.gbk
721 30.4 777751 779280 genome.dna 358819 360124 NC_000922.gbk
1581 35.1 779306 782008 genome.dna 360080 362753 NC_000922.gbk
180 33.0 782083 782481 genome.dna 362766 363129 NC_000922.gbk
250 46.1 783547 783816 genome.dna 1153157 1152887 NC_000922.gbk
1947 45.4 784066 786186 genome.dna 1152847 1150762 NC_000922.gbk
278 36.0 814149 814541 genome.dna 477273 476925 NC_000922.gbk
597 39.6 839867 840766 genome.dna 1177236 1176330 NC_000922.gbk
847 38.6 844582 846099 genome.dna 1064137 1065721 NC_000922.gbk
330 39.3 927840 927358 genome.dna 382027 381571 NC_000922.gbk
943 49.2 956604 955654 genome.dna 102331 103315 NC_000922.gbk
556 30.6 1087061 1085955 genome.dna 448994 447884 NC_000922.gbk
637 42.1 1154052 1153258 genome.dna 1159058 1158182 NC_000922.gbk
639 42.7 1154397 1155122 genome.dna 781768 782602 NC_000922.gbk
261 32.4 1155257 1156108 genome.dna 782601 783450 NC_000922.gbk
530 38.9 1156279 1157004 genome.dna 783457 784204 NC_000922.gbk
431 36.5 1157130 1157687 genome.dna 784181 784724 NC_000922.gbk
541 35.7 1157925 1159121 genome.dna 388572 387432 NC_000922.gbk
586 40.1 1159320 1160081 genome.dna 656140 656893 NC_000922.gbk
655 34.3 1165447 1166469 genome.dna 340786 341869 NC_000922.gbk
383 43.0 1166572 1167027 genome.dna 733975 733513 NC_000922.gbk
630 41.9 1167032 1167820 genome.dna 733501 732661 NC_000922.gbk
513 42.2 1168997 1169593 genome.dna 150522 151167 NC_000922.gbk
1257 37.0 1169670 1173152 genome.dna 746387 750110 NC_000922.gbk
936 44.1 1173165 1174124 genome.dna 460143 459168 NC_000922.gbk
1245 37.7 1180703 1178139 genome.dna 1075501 1073014 NC_000922.gbk
925 40.2 1264025 1265131 genome.dna 177335 176210 NC_000922.gbk
589 46.1 1270601 1269999 genome.dna 877504 878095 NC_000922.gbk
549 35.1 1272920 1274065 genome.dna 259356 260475 NC_000922.gbk
413 45.8 1278470 1278919 genome.dna 614929 615388 NC_000922.gbk
771 40.3 1278982 1280091 genome.dna 988771 989902 NC_000922.gbk
1489 39.1 1284598 1282733 genome.dna 1217658 1215723 NC_000922.gbk
743 56.2 1301367 1301990 genome.dna 959995 959383 NC_000922.gbk
1300 57.1 1302154 1303428 genome.dna 959374 958108 NC_000922.gbk
1882 40.5 1303620 1306001 genome.dna 42234 39774 NC_000922.gbk
102 39.1 1322427 1322284 genome.dna 1069335 1069473 NC_000922.gbk
393 34.9 1332732 1333337 genome.dna 336815 337418 NC_000922.gbk
419 35.2 1335658 1336302 genome.dna 280917 281559 NC_000922.gbk
1472 45.0 1363499 1366138 genome.dna 308353 305848 NC_000922.gbk
587 32.4 1387613 1386405 genome.dna 1113460 1114651 NC_000922.gbk
587 32.4 1387613 1386405 genome.dna 1111811 1113002 NC_000922.gbk
825 43.8 1470427 1469462 genome.dna 939747 938823 NC_000922.gbk
557 31.1 1475506 1474394 genome.dna 1035262 1036420 NC_000922.gbk
1333 40.0 1483266 1480684 genome.dna 195432 197895 NC_000922.gbk
492 36.3 1530248 1530991 genome.dna 172254 171498 NC_000922.gbk
1933 38.3 1540513 1543320 genome.dna 426168 423441 NC_000922.gbk
946 44.1 1543336 1544562 genome.dna 423438 422343 NC_000922.gbk
1031 43.2 1544898 1546064 genome.dna 1116369 1117530 NC_000922.gbk
1231 64.1 1546064 1546936 genome.dna 1117543 1118425 NC_000922.gbk
717 30.0 1547669 1549237 genome.dna 130122 131469 NC_000922.gbk
376 36.1 1563766 1563014 genome.dna 981514 980827 NC_000922.gbk
522 41.7 1599518 1600159 genome.dna 825668 824999 NC_000922.gbk
1487 47.8 1638449 1639855 genome.dna 405358 403918 NC_000922.gbk
475 37.6 1986118 1986840 genome.dna 407825 407051 NC_000922.gbk
498 31.9 2029109 2030257 genome.dna 823943 824918 NC_000922.gbk
101 36.8 2040877 2041047 genome.dna 1097117 1097300 NC_000922.gbk
439 30.0 2041077 2042123 genome.dna 1097315 1098278 NC_000922.gbk
590 44.7 2042130 2043083 genome.dna 336721 335713 NC_000922.gbk
576 36.0 2043101 2044030 genome.dna 335697 334770 NC_000922.gbk
689 45.9 2044045 2044779 genome.dna 334765 334018 NC_000922.gbk
237 52.0 2044934 2045170 genome.dna 333863 333623 NC_000922.gbk
1166 44.6 2045253 2046494 genome.dna 1046836 1048087 NC_000922.gbk
373 37.4 2048443 2049102 genome.dna 305844 305223 NC_000922.gbk
512 35.8 2050132 2050929 genome.dna 885618 886404 NC_000922.gbk
268 37.6 2055442 2055792 genome.dna 570096 569763 NC_000922.gbk
1770 33.2 2070405 2066956 genome.dna 1021073 1017815 NC_000922.gbk
564 43.7 2071740 2072447 genome.dna 284327 283646 NC_000922.gbk
1566 51.6 2112831 2114330 genome.dna 774912 773457 NC_000922.gbk
666 42.8 2114428 2115174 genome.dna 773452 772681 NC_000922.gbk
1075 41.4 2116495 2117718 genome.dna 771404 770183 NC_000922.gbk
977 40.3 2121733 2120321 genome.dna 124554 126009 NC_000922.gbk
541 47.8 2181519 2182154 genome.dna 614674 614071 NC_000922.gbk
972 40.6 2192856 2194133 genome.dna 406647 405378 NC_000922.gbk
354 30.6 2239913 2239125 genome.dna 451968 452868 NC_000922.gbk
566 34.7 2298807 2297113 genome.dna 1165426 1163728 NC_000922.gbk
1261 46.2 2371991 2370621 genome.dna 795029 793700 NC_000922.gbk
1162 37.0 2375035 2372933 genome.dna 367330 369463 NC_000922.gbk
1202 50.7 2487322 2486231 genome.dna 365858 364763 NC_000922.gbk
338 38.1 2488039 2487452 genome.dna 1086487 1087030 NC_000922.gbk
1139 51.9 2492889 2493971 genome.dna 145334 146408 NC_000922.gbk
703 43.5 2496092 2496946 genome.dna 807682 808492 NC_000922.gbk
1601 54.0 2563367 2561970 genome.dna 1162244 1163627 NC_000922.gbk
448 34.1 2585266 2585973 genome.dna 474680 475322 NC_000922.gbk
370 35.4 2585970 2586605 genome.dna 947771 947141 NC_000922.gbk
876 35.4 2593132 2590532 genome.dna 867733 865117 NC_000922.gbk
752 39.2 2627092 2626058 genome.dna 765947 766922 NC_000922.gbk
568 34.7 2629004 2628096 genome.dna 242016 242871 NC_000922.gbk
696 35.4 2629936 2629016 genome.dna 241041 241986 NC_000922.gbk
1330 59.3 2654735 2655739 genome.dna 718015 717007 NC_000922.gbk
628 43.4 2732234 2731251 genome.dna 1141013 1142033 NC_000922.gbk
338 44.4 2732903 2732547 genome.dna 1140633 1140999 NC_000922.gbk
172 45.6 2733144 2732947 genome.dna 1140420 1140615 NC_000922.gbk
540 47.7 2733782 2733240 genome.dna 1139882 1140443 NC_000922.gbk
1628 41.0 2735713 2733785 genome.dna 913771 911863 NC_000922.gbk
1153 48.7 2757088 2758194 genome.dna 485416 484330 NC_000922.gbk
1038 40.3 2794931 2793456 genome.dna 274302 275841 NC_000922.gbk
1088 51.9 2809298 2808294 genome.dna 439144 438130 NC_000922.gbk
364 36.6 2809923 2809306 genome.dna 714139 713515 NC_000922.gbk
386 41.0 2810663 2810151 genome.dna 714647 714140 NC_000922.gbk
623 42.2 2811487 2810744 genome.dna 665404 664687 NC_000922.gbk
1683 45.0 2813755 2811956 genome.dna 742923 741168 NC_000922.gbk
724 39.1 2835515 2837245 genome.dna 659106 660792 NC_000922.gbk
513 40.2 2884168 2883416 genome.dna 271415 272180 NC_000922.gbk
406 30.4 2885460 2884459 genome.dna 612259 611161 NC_000922.gbk
189 34.1 2923933 2923649 genome.dna 461856 461553 NC_000922.gbk
1524 45.1 2925698 2924025 genome.dna 356976 358719 NC_000922.gbk
442 38.4 2926492 2925815 genome.dna 657816 658467 NC_000922.gbk
1034 41.6 2975613 2974318 genome.dna 988728 987444 NC_000922.gbk
920 48.1 2982496 2983455 genome.dna 356285 355349 NC_000922.gbk
261 55.7 2988043 2988261 genome.dna 89355 89577 NC_000922.gbk
377 31.5 3003564 3004295 genome.dna 561737 560957 NC_000922.gbk
938 36.8 3042056 3043384 genome.dna 286059 287562 NC_000922.gbk
740 43.1 3065575 3066420 genome.dna 822097 822979 NC_000922.gbk
369 32.1 3084419 3083724 genome.dna 981669 982377 NC_000922.gbk
414 31.1 3110358 3111017 genome.dna 232634 231980 NC_000922.gbk
371 33.6 3154559 3153852 genome.dna 1114701 1115418 NC_000922.gbk
2157 50.9 3161386 3159374 genome.dna 908697 906723 NC_000922.gbk
598 31.9 3165022 3163865 genome.dna 1197717 1196568 NC_000922.gbk
991 46.7 3166099 3165062 genome.dna 1198691 1197695 NC_000922.gbk
638 32.0 3230474 3228642 genome.dna 1073012 1071200 NC_000922.gbk
550 31.7 3290769 3289561 genome.dna 444353 443237 NC_000922.gbk
870 41.2 3310237 3309242 genome.dna 764983 765958 NC_000922.gbk
448 33.0 3353699 3354838 genome.dna 131479 132514 NC_000922.gbk
1389 42.3 3364676 3363084 genome.dna 36603 35010 NC_000922.gbk
445 40.4 3408161 3407589 genome.dna 297730 297151 NC_000922.gbk
843 47.3 3413548 3412631 genome.dna 73638 74565 NC_000922.gbk
482 34.4 3415469 3414618 genome.dna 669992 670796 NC_000922.gbk
810 45.7 3427528 3426443 genome.dna 1192199 1191119 NC_000922.gbk
1248 43.6 3468186 3466690 genome.dna 925614 927105 NC_000922.gbk
620 41.7 3516455 3517318 genome.dna 379816 380677 NC_000922.gbk
1008 40.1 3519048 3517663 genome.dna 1067142 1065717 NC_000922.gbk
894 44.4 3590632 3589055 genome.dna 212435 211145 NC_000922.gbk
512 33.5 3599984 3598497 genome.dna 956730 955266 NC_000922.gbk
885 37.3 3603229 3601955 genome.dna 744190 742897 NC_000922.gbk
509 55.9 3608433 3608005 genome.dna 713444 713009 NC_000922.gbk
996 41.6 3642369 3641032 genome.dna 676025 677186 NC_000922.gbk
361 39.3 3651787 3651263 genome.dna 1153404 1153872 NC_000922.gbk
245 38.2 3680225 3679845 genome.dna 354989 355358 NC_000922.gbk
359 33.6 3683368 3682688 genome.dna 70023 69309 NC_000922.gbk
2111 51.3 3686442 3684643 genome.dna 402011 403820 NC_000922.gbk
722 50.7 3694571 3695257 genome.dna 872487 873198 NC_000922.gbk
659 32.4 3698228 3696813 genome.dna 645612 644094 NC_000922.gbk
943 37.3 3709959 3708493 genome.dna 1123979 1125446 NC_000922.gbk
1014 39.9 3714803 3716083 genome.dna 174019 172696 NC_000922.gbk
436 35.5 3730782 3732230 genome.dna 1108037 1106744 NC_000922.gbk
2643 49.5 3762599 3760023 genome.dna 177962 180563 NC_000922.gbk
591 40.4 3764478 3763501 genome.dna 805915 806893 NC_000922.gbk
333 42.0 3773009 3772662 genome.dna 150101 150467 NC_000922.gbk
1111 39.2 3776200 3774839 genome.dna 147278 148625 NC_000922.gbk
2147 40.4 3784972 3782345 genome.dna 1023661 1021042 NC_000922.gbk
1210 56.6 3786717 3785644 genome.dna 859597 858535 NC_000922.gbk
600 31.2 3918901 3920391 genome.dna 894 2373 NC_000922.gbk
675 35.0 3952362 3953393 genome.dna 314572 313546 NC_000922.gbk
458 36.1 3953386 3954039 genome.dna 313537 312871 NC_000922.gbk
374 33.8 3954101 3954916 genome.dna 312875 312056 NC_000922.gbk
1419 40.8 3956293 3958011 genome.dna 580658 582365 NC_000922.gbk
1073 56.3 4001743 4000448 genome.dna 906532 905245 NC_000922.gbk
1410 50.1 4003479 4001842 genome.dna 272155 273769 NC_000922.gbk
1390 40.1 4027241 4025196 genome.dna 185714 187703 NC_000922.gbk
238 52.9 4060248 4060021 genome.dna 1087477 1087726 NC_000922.gbk
359 36.2 4079441 4080034 genome.dna 874031 873410 NC_000922.gbk
611 33.8 4080027 4081166 genome.dna 426757 427879 NC_000922.gbk
746 38.0 4114440 4115846 genome.dna 708790 710140 NC_000922.gbk
929 38.0 4119655 4120848 genome.dna 836048 834860 NC_000922.gbk
1021 36.5 4231793 4230366 genome.dna 941129 939743 NC_000922.gbk
784 38.4 4255592 4252890 genome.dna 951730 954643 NC_000922.gbk
529 36.0 4257707 4256787 genome.dna 734835 733986 NC_000922.gbk
319 30.9 4267226 4265910 genome.dna 1033286 1034540 NC_000922.gbk
697 41.0 4268312 4267230 genome.dna 1032234 1033284 NC_000922.gbk
819 35.7 4271151 4269664 genome.dna 464401 462949 NC_000922.gbk
435 34.1 4274186 4273242 genome.dna 467998 467104 NC_000922.gbk
432 33.9 4319027 4319845 genome.dna 1214847 1215681 NC_000922.gbk
894 48.2 4334402 4333452 genome.dna 1169005 1169938 NC_000922.gbk
224 30.6 4335368 4334856 genome.dna 615792 616299 NC_000922.gbk
508 33.2 4339154 4338213 genome.dna 363859 364786 NC_000922.gbk
161 32.5 4339580 4339843 genome.dna 851336 851036 NC_000922.gbk
871 44.6 4343498 4342359 genome.dna 44922 46101 NC_000922.gbk
2250 57.4 4345514 4343607 genome.dna 584233 586216 NC_000922.gbk
372 37.2 4373604 4372945 genome.dna 175802 175106 NC_000922.gbk
378 38.3 4379941 4378778 genome.dna 762930 761721 NC_000922.gbk
1827 43.9 4383337 4381343 genome.dna 1023893 1025891 NC_000922.gbk
853 38.7 4402445 4401165 genome.dna 557625 556206 NC_000922.gbk
492 30.9 4403893 4402952 genome.dna 1041978 1043007 NC_000922.gbk
546 32.6 4442783 4444579 genome.dna 887438 889319 NC_000922.gbk
406 31.0 4444572 4445309 genome.dna 889329 890106 NC_000922.gbk
552 45.7 4448185 4447619 genome.dna 1026987 1027560 NC_000922.gbk
728 35.1 4451372 4449723 genome.dna 1177301 1178882 NC_000922.gbk
597 33.9 4451863 4453239 genome.dna 1202594 1203917 NC_000922.gbk
198 38.0 4482450 4482959 genome.dna 1221734 1222295 NC_000922.gbk
695 38.6 4482986 4483933 genome.dna 732672 731706 NC_000922.gbk
223 44.3 4488068 4487676 genome.dna 718485 718056 NC_000922.gbk
242 37.8 4489098 4488109 genome.dna 719616 718491 NC_000922.gbk
465 38.6 4489744 4489124 genome.dna 823727 823097 NC_000922.gbk
459 53.4 4490164 4489775 genome.dna 720038 719636 NC_000922.gbk
367 51.3 4490537 4490181 genome.dna 720428 720059 NC_000922.gbk
789 39.5 4492165 4490834 genome.dna 721857 720483 NC_000922.gbk
295 43.0 4492607 4492173 genome.dna 722316 721881 NC_000922.gbk
486 44.8 4493297 4492797 genome.dna 722806 722308 NC_000922.gbk
233 38.8 4493665 4493312 genome.dna 723195 722823 NC_000922.gbk
476 42.6 4494208 4493675 genome.dna 723757 723205 NC_000922.gbk
308 37.9 4494614 4494222 genome.dna 724185 723783 NC_000922.gbk
314 47.5 4494953 4494648 genome.dna 1069495 1069801 NC_000922.gbk
617 52.5 4495506 4494967 genome.dna 724745 724202 NC_000922.gbk
153 36.7 4495835 4495521 genome.dna 725082 724746 NC_000922.gbk
490 56.1 4496217 4495846 genome.dna 725464 725095 NC_000922.gbk
194 47.9 4496635 4496381 genome.dna 725747 725486 NC_000922.gbk
495 54.5 4497236 4496826 genome.dna 726377 725960 NC_000922.gbk
775 53.2 4497950 4497249 genome.dna 727077 726405 NC_000922.gbk
244 41.2 4498300 4497968 genome.dna 727428 727092 NC_000922.gbk
352 60.2 4498593 4498315 genome.dna 727713 727446 NC_000922.gbk
986 54.4 4499431 4498610 genome.dna 728573 727718 NC_000922.gbk
134 33.3 4499751 4499449 genome.dna 728930 728594 NC_000922.gbk
271 33.3 4500353 4499748 genome.dna 729621 728946 NC_000922.gbk
581 45.1 4500993 4500364 genome.dna 730331 729653 NC_000922.gbk
443 67.7 4501337 4501026 genome.dna 633569 633251 NC_000922.gbk
2528 56.9 4505956 4503842 genome.dna 635661 633576 NC_000922.gbk
547 54.8 4506523 4506053 genome.dna 636168 635694 NC_000922.gbk
615 72.4 4506994 4506620 genome.dna 636587 636215 NC_000922.gbk
817 41.7 4514011 4512740 genome.dna 603797 602237 NC_000922.gbk
530 30.4 4557783 4556779 genome.dna 909740 908705 NC_000922.gbk
471 36.6 4559154 4558477 genome.dna 222451 221761 NC_000922.gbk
478 30.5 4562421 4561336 genome.dna 1191135 1189980 NC_000922.gbk
2630 48.9 4632742 4630295 genome.dna 348986 346511 NC_000922.gbk
455 30.7 4634257 4632818 genome.dna 1085474 1084043 NC_000922.gbk
597 30.8 4635563 4634286 genome.dna 698895 697569 NC_000922.gbk
1183 38.5 4637576 4635600 genome.dna 435328 437323 NC_000922.gbk
1990 43.0 4639754 4637577 genome.dna 553844 551681 NC_000922.gbk
401 30.9 4645142 4645735 genome.dna 1159672 1159063 NC_000922.gbk
1030 40.9 4656105 4657454 genome.dna 745000 746368 NC_000922.gbk
130 31.1 4675687 4674863 genome.dna 601674 600900 NC_000922.gbk
1644 60.3 4708658 4707399 genome.dna 701420 700025 NC_000922.gbk
275 45.9 4709479 4709153 genome.dna 739532 739841 NC_000922.gbk
1323 40.0 4714432 4712411 genome.dna 872385 870465 NC_000922.gbk
1253 36.7 4770998 4773196 genome.dna 1057274 1055024 NC_000922.gbk
610 42.1 4786326 4787093 genome.dna 1219950 1220715 NC_000922.gbk
344 41.0 4834867 4834403 genome.dna 740327 739856 NC_000922.gbk
272 31.4 4869761 4870336 genome.dna 696707 696146 NC_000922.gbk
967 30.7 4872230 4874593 genome.dna 986643 984666 NC_000922.gbk
847 34.0 4886675 4885383 genome.dna 611162 609917 NC_000922.gbk
1497 44.2 4939318 4937906 genome.dna 247207 248620 NC_000922.gbk
1756 47.9 4981440 4979023 genome.dna 310786 308368 NC_000922.gbk
565 30.5 4983694 4982594 genome.dna 382277 383378 NC_000922.gbk
920 36.5 4985096 4983699 genome.dna 469611 470964 NC_000922.gbk
172 64.3 4985770 4985910 genome.dna 1069091 1068953 NC_000922.gbk
696 38.2 4988276 4989640 genome.dna 949106 947777 NC_000922.gbk
1439 40.8 5049054 5047222 genome.dna 1109894 1111724 NC_000922.gbk
1735 49.7 5063659 5061770 genome.dna 710483 712319 NC_000922.gbk
