241 30.3 24825 25448 genome.dna 414508 415153 NC_003112.gbk
2697 50.4 25826 28615 genome.dna 2078527 2081344 NC_003112.gbk
580 46.9 29669 29034 genome.dna 1895382 1896018 NC_003112.gbk
1433 46.9 30749 32122 genome.dna 383163 381741 NC_003112.gbk
2079 62.9 36667 35258 genome.dna 365977 367396 NC_003112.gbk
2482 62.0 37037 38860 genome.dna 1199653 1201465 NC_003112.gbk
398 43.0 39698 40135 genome.dna 355538 356030 NC_003112.gbk
1297 44.1 44746 43358 genome.dna 945397 946789 NC_003112.gbk
2041 52.7 47188 45107 genome.dna 1878333 1876290 NC_003112.gbk
2106 46.5 49985 47886 genome.dna 1734501 1732344 NC_003112.gbk
592 49.2 50956 50333 genome.dna 1735475 1734857 NC_003112.gbk
1951 65.5 62838 64181 genome.dna 1786060 1787395 NC_003112.gbk
510 45.3 68440 67694 genome.dna 1669628 1670381 NC_003112.gbk
2128 47.9 70479 68437 genome.dna 217816 219853 NC_003112.gbk
764 45.0 76671 77513 genome.dna 1080960 1080114 NC_003112.gbk
284 35.6 97287 96724 genome.dna 1747421 1747973 NC_003112.gbk
623 41.6 97589 98332 genome.dna 1337118 1337892 NC_003112.gbk
1510 73.4 98527 99441 genome.dna 2031270 2030364 NC_003112.gbk
1955 45.7 99451 101520 genome.dna 2029859 2027795 NC_003112.gbk
410 42.5 110262 109636 genome.dna 905520 904932 NC_003112.gbk
2377 79.9 124086 125432 genome.dna 2236549 2237893 NC_003112.gbk
2058 64.4 138613 140052 genome.dna 2058967 2060410 NC_003112.gbk
1124 45.0 140268 141428 genome.dna 1406065 1404892 NC_003112.gbk
682 37.6 151546 150683 genome.dna 742855 741970 NC_003112.gbk
878 56.9 162282 162998 genome.dna 1550177 1549448 NC_003112.gbk
810 55.9 163345 163986 genome.dna 1978224 1978866 NC_003112.gbk
660 65.3 165569 165111 genome.dna 913023 913476 NC_003112.gbk
930 39.4 166824 165547 genome.dna 1731093 1732278 NC_003112.gbk
520 38.2 166978 167643 genome.dna 1053248 1053926 NC_003112.gbk
361 71.1 167881 168117 genome.dna 332566 332800 NC_003112.gbk
263 78.4 168129 168296 genome.dna 332831 332987 NC_003112.gbk
935 52.6 168516 169325 genome.dna 1311911 1311083 NC_003112.gbk
355 35.4 170854 170375 genome.dna 2138982 2138469 NC_003112.gbk
851 38.6 172168 170891 genome.dna 12111 10839 NC_003112.gbk
458 34.1 174074 173307 genome.dna 1780495 1781254 NC_003112.gbk
688 39.5 184524 183541 genome.dna 2266468 2265499 NC_003112.gbk
705 44.0 185588 184521 genome.dna 1578175 1577164 NC_003112.gbk
854 50.9 186544 185612 genome.dna 851279 852284 NC_003112.gbk
432 47.1 192299 192775 genome.dna 1878862 1878418 NC_003112.gbk
845 42.7 192775 193791 genome.dna 2181498 2180508 NC_003112.gbk
921 56.0 193935 194756 genome.dna 589648 588829 NC_003112.gbk
806 43.3 199675 198740 genome.dna 2177428 2178358 NC_003112.gbk
2782 56.0 199780 202044 genome.dna 957275 959552 NC_003112.gbk
942 32.3 212248 209609 genome.dna 2184323 2181620 NC_003112.gbk
533 38.8 217784 218788 genome.dna 1874184 1875228 NC_003112.gbk
1383 48.0 219661 221034 genome.dna 672255 670878 NC_003112.gbk
1122 40.4 221269 222798 genome.dna 2173338 2171553 NC_003112.gbk
978 61.0 222967 223722 genome.dna 776125 776863 NC_003112.gbk
1718 53.0 224355 225995 genome.dna 586961 588473 NC_003112.gbk
916 50.6 226939 227694 genome.dna 631599 630828 NC_003112.gbk
1516 68.5 228573 229595 genome.dna 827221 828223 NC_003112.gbk
2624 74.7 230345 231841 genome.dna 1774334 1772849 NC_003112.gbk
340 35.5 237567 238178 genome.dna 2263515 2262903 NC_003112.gbk
969 45.3 245968 247005 genome.dna 837185 836144 NC_003112.gbk
2215 81.7 250357 251541 genome.dna 132263 133448 NC_003112.gbk
735 60.3 252164 252709 genome.dna 133924 134461 NC_003112.gbk
651 68.1 252872 253300 genome.dna 134561 134996 NC_003112.gbk
1008 66.5 253304 254008 genome.dna 134995 135691 NC_003112.gbk
423 43.8 254326 254823 genome.dna 135920 136421 NC_003112.gbk
453 64.2 254890 255255 genome.dna 136478 136850 NC_003112.gbk
2747 63.7 255584 259612 genome.dna 137033 141218 NC_003112.gbk
6181 66.2 259736 263959 genome.dna 141374 145550 NC_003112.gbk
652 41.1 269828 269043 genome.dna 2194482 2195271 NC_003112.gbk
706 46.2 270806 270027 genome.dna 2184492 2185263 NC_003112.gbk
601 47.1 271449 270808 genome.dna 2193035 2193653 NC_003112.gbk
2966 68.5 273440 271446 genome.dna 2161512 2159610 NC_003112.gbk
1585 66.3 275283 276347 genome.dna 806760 807825 NC_003112.gbk
1686 61.3 280242 278956 genome.dna 2262377 2261105 NC_003112.gbk
2027 60.6 281849 280260 genome.dna 998352 999933 NC_003112.gbk
710 50.0 292998 292333 genome.dna 816542 817205 NC_003112.gbk
741 51.7 293855 293088 genome.dna 815671 816499 NC_003112.gbk
200 37.7 299036 298566 genome.dna 929475 929106 NC_003112.gbk
1111 53.0 301263 300298 genome.dna 1456461 1455450 NC_003112.gbk
848 44.8 303420 302533 genome.dna 1965684 1966572 NC_003112.gbk
2120 69.1 306633 305290 genome.dna 1964062 1965424 NC_003112.gbk
574 60.9 307112 306645 genome.dna 1963495 1963951 NC_003112.gbk
474 41.9 315964 316557 genome.dna 630776 630167 NC_003112.gbk
1527 46.9 316547 318016 genome.dna 1879316 1880846 NC_003112.gbk
1693 54.1 321945 323390 genome.dna 2190304 2188861 NC_003112.gbk
406 39.9 331519 330968 genome.dna 866474 867011 NC_003112.gbk
1332 48.2 331816 333156 genome.dna 866352 865020 NC_003112.gbk
210 38.6 334075 333803 genome.dna 2168580 2168310 NC_003112.gbk
788 44.6 334964 334107 genome.dna 768522 769377 NC_003112.gbk
301 37.7 335599 335126 genome.dna 767128 767578 NC_003112.gbk
928 57.4 338215 337490 genome.dna 362931 363696 NC_003112.gbk
344 38.9 338791 338219 genome.dna 362357 362888 NC_003112.gbk
494 45.2 339901 339335 genome.dna 361262 361799 NC_003112.gbk
1133 52.7 340994 339921 genome.dna 360070 361045 NC_003112.gbk
915 48.7 342391 343203 genome.dna 2057618 2056817 NC_003112.gbk
872 55.7 343211 343993 genome.dna 2056770 2055993 NC_003112.gbk
401 42.6 343998 344564 genome.dna 2055943 2055448 NC_003112.gbk
149 31.6 345645 345899 genome.dna 5965 6214 NC_003112.gbk
1554 58.6 345980 347242 genome.dna 8826 7572 NC_003112.gbk
801 36.5 349956 348586 genome.dna 554175 552675 NC_003112.gbk
850 39.6 350815 351966 genome.dna 1323793 1324945 NC_003112.gbk
653 67.6 352201 352629 genome.dna 2179446 2179014 NC_003112.gbk
541 62.3 352645 353037 genome.dna 2179005 2178612 NC_003112.gbk
600 46.3 353367 354008 genome.dna 2048247 2047641 NC_003112.gbk
404 34.7 366712 367449 genome.dna 364866 364164 NC_003112.gbk
285 32.1 369528 368956 genome.dna 2211853 2212462 NC_003112.gbk
608 49.2 370130 369540 genome.dna 2211196 2211790 NC_003112.gbk
716 44.0 372605 373492 genome.dna 2210799 2209923 NC_003112.gbk
879 45.6 384350 385246 genome.dna 1960809 1959909 NC_003112.gbk
805 56.6 385868 385287 genome.dna 1961047 1961626 NC_003112.gbk
307 33.3 386934 386071 genome.dna 1974124 1975189 NC_003112.gbk
341 45.7 431880 431494 genome.dna 690153 689763 NC_003112.gbk
492 50.3 432443 431979 genome.dna 115372 115831 NC_003112.gbk
1228 62.1 433394 432459 genome.dna 114442 115363 NC_003112.gbk
1439 66.6 435364 434357 genome.dna 1634691 1635687 NC_003112.gbk
785 38.0 442927 444705 genome.dna 1843191 1841403 NC_003112.gbk
3046 52.4 460910 458055 genome.dna 171259 168421 NC_003112.gbk
148 32.0 461372 460923 genome.dna 1627934 1627493 NC_003112.gbk
152 30.5 526251 526580 genome.dna 2180114 2179808 NC_003112.gbk
1692 55.5 530287 528905 genome.dna 808010 809390 NC_003112.gbk
2263 62.5 533382 534971 genome.dna 660824 659228 NC_003112.gbk
423 32.3 536846 537643 genome.dna 1765071 1764300 NC_003112.gbk
230 35.1 644961 644602 genome.dna 927581 927233 NC_003112.gbk
647 34.1 692651 690918 genome.dna 1569781 1567975 NC_003112.gbk
2224 72.5 695973 694534 genome.dna 1044570 1043172 NC_003112.gbk
340 57.3 697176 697469 genome.dna 2071794 2071503 NC_003112.gbk
2589 74.7 697515 699164 genome.dna 2071411 2069776 NC_003112.gbk
826 45.6 699974 700837 genome.dna 766053 766944 NC_003112.gbk
261 44.2 703585 703950 genome.dna 1618144 1617760 NC_003112.gbk
227 35.2 705891 705376 genome.dna 1276611 1276134 NC_003112.gbk
1719 69.0 725271 724024 genome.dna 2241417 2240187 NC_003112.gbk
1075 53.1 726542 725589 genome.dna 10317 9345 NC_003112.gbk
1558 54.3 753122 751287 genome.dna 1589866 1591795 NC_003112.gbk
1453 44.6 755031 753277 genome.dna 1587907 1589680 NC_003112.gbk
278 70.0 755400 755185 genome.dna 2046188 2046401 NC_003112.gbk
1149 57.1 755628 756641 genome.dna 1891034 1889969 NC_003112.gbk
1095 53.4 761351 760380 genome.dna 335527 336502 NC_003112.gbk
386 51.0 761608 761919 genome.dna 335304 334995 NC_003112.gbk
388 73.2 761939 762196 genome.dna 334971 334698 NC_003112.gbk
814 43.3 762286 763248 genome.dna 1508952 1508028 NC_003112.gbk
1258 54.3 763509 764681 genome.dna 2208977 2207822 NC_003112.gbk
588 56.6 766454 766933 genome.dna 1470993 1470516 NC_003112.gbk
216 44.3 767354 767061 genome.dna 826754 827039 NC_003112.gbk
668 51.0 767499 768128 genome.dna 826645 826024 NC_003112.gbk
2452 58.5 768185 770122 genome.dna 825961 823993 NC_003112.gbk
805 49.1 770241 771074 genome.dna 1769548 1768690 NC_003112.gbk
1604 54.7 771082 772419 genome.dna 1768561 1767226 NC_003112.gbk
250 33.9 772670 773002 genome.dna 1991379 1991730 NC_003112.gbk
357 41.1 777307 777729 genome.dna 1705402 1705852 NC_003112.gbk
1365 47.5 777751 779280 genome.dna 1705879 1707382 NC_003112.gbk
2577 47.5 779306 782008 genome.dna 1707393 1710282 NC_003112.gbk
260 38.7 782083 782481 genome.dna 1398323 1398695 NC_003112.gbk
743 42.9 782481 783425 genome.dna 1398727 1399651 NC_003112.gbk
353 62.9 783547 783816 genome.dna 639754 640024 NC_003112.gbk
2809 62.0 784066 786186 genome.dna 785723 787847 NC_003112.gbk
212 34.3 803045 802602 genome.dna 1976991 1977432 NC_003112.gbk
1151 51.8 812975 814090 genome.dna 602069 603170 NC_003112.gbk
494 57.9 814149 814541 genome.dna 603331 603718 NC_003112.gbk
519 39.3 830229 830876 genome.dna 1713340 1713967 NC_003112.gbk
134 30.6 832337 832603 genome.dna 965807 966056 NC_003112.gbk
893 47.6 839867 840766 genome.dna 781443 782319 NC_003112.gbk
1506 46.2 841615 843360 genome.dna 867842 869543 NC_003112.gbk
1889 55.8 844582 846099 genome.dna 1462589 1461077 NC_003112.gbk
546 32.2 853003 853935 genome.dna 1454592 1453722 NC_003112.gbk
430 36.2 912721 911924 genome.dna 454051 454864 NC_003112.gbk
469 47.9 927840 927358 genome.dna 1577110 1576663 NC_003112.gbk
321 33.8 927996 928442 genome.dna 823778 823340 NC_003112.gbk
286 46.0 928432 928713 genome.dna 823348 823069 NC_003112.gbk
183 38.2 929286 928951 genome.dna 205601 205223 NC_003112.gbk
1245 38.6 931102 929441 genome.dna 771283 772957 NC_003112.gbk
730 38.9 932060 931182 genome.dna 833994 833103 NC_003112.gbk
389 39.2 932209 932796 genome.dna 589831 590410 NC_003112.gbk
273 66.7 934700 934497 genome.dna 1524939 1524729 NC_003112.gbk
1297 48.5 967560 968834 genome.dna 2148513 2149755 NC_003112.gbk
971 49.2 983011 983910 genome.dna 815387 814478 NC_003112.gbk
990 52.1 986075 986968 genome.dna 901864 901003 NC_003112.gbk
2259 54.4 990019 988067 genome.dna 573735 575670 NC_003112.gbk
873 40.5 991219 990023 genome.dna 572491 573670 NC_003112.gbk
722 50.2 991470 992150 genome.dna 627812 627134 NC_003112.gbk
1208 35.3 995970 994243 genome.dna 2168311 2166535 NC_003112.gbk
1064 56.8 997695 996727 genome.dna 790681 791614 NC_003112.gbk
211 40.0 1001658 1001365 genome.dna 411706 412027 NC_003112.gbk
853 42.3 1003896 1003036 genome.dna 1681509 1680639 NC_003112.gbk
608 31.4 1010351 1008708 genome.dna 1675310 1676834 NC_003112.gbk
1254 33.8 1046527 1048740 genome.dna 1986162 1988340 NC_003112.gbk
957 51.8 1060623 1061516 genome.dna 1648128 1648995 NC_003112.gbk
282 45.5 1085958 1085686 genome.dna 2140212 2139945 NC_003112.gbk
949 41.9 1087061 1085955 genome.dna 1425609 1426659 NC_003112.gbk
823 51.5 1087227 1087946 genome.dna 1346598 1347315 NC_003112.gbk
631 50.0 1096541 1097074 genome.dna 1760458 1759933 NC_003112.gbk
1013 52.0 1099537 1100406 genome.dna 1093750 1092898 NC_003112.gbk
1340 71.6 1100443 1101237 genome.dna 1785677 1784882 NC_003112.gbk
1003 32.9 1103446 1106844 genome.dna 1803114 1799904 NC_003112.gbk
1208 32.2 1109886 1113512 genome.dna 814399 810784 NC_003112.gbk
546 35.9 1113509 1115371 genome.dna 1241007 1239261 NC_003112.gbk
988 39.4 1119387 1118062 genome.dna 1979370 1980681 NC_003112.gbk
1256 50.4 1119665 1120909 genome.dna 469581 468330 NC_003112.gbk
811 47.4 1134065 1134883 genome.dna 1550939 1551716 NC_003112.gbk
393 40.7 1146848 1147294 genome.dna 1647686 1648118 NC_003112.gbk
1314 72.0 1150402 1149575 genome.dna 344367 345189 NC_003112.gbk
1541 34.3 1153145 1150431 genome.dna 1209915 1207356 NC_003112.gbk
901 52.1 1154052 1153258 genome.dna 2213141 2213921 NC_003112.gbk
880 55.0 1154397 1155122 genome.dna 2218893 2219622 NC_003112.gbk
849 49.8 1155257 1156108 genome.dna 2219750 2220605 NC_003112.gbk
827 52.4 1156279 1157004 genome.dna 2220821 2221541 NC_003112.gbk
681 56.9 1157130 1157687 genome.dna 185644 185086 NC_003112.gbk
1284 56.6 1157925 1159121 genome.dna 183429 182244 NC_003112.gbk
802 51.3 1159320 1160081 genome.dna 185031 184284 NC_003112.gbk
451 36.2 1160091 1160948 genome.dna 184282 183484 NC_003112.gbk
1071 39.5 1160970 1162325 genome.dna 182210 180869 NC_003112.gbk
1360 34.0 1162361 1164805 genome.dna 180813 178419 NC_003112.gbk
767 38.4 1165447 1166469 genome.dna 177821 176774 NC_003112.gbk
568 56.7 1166572 1167027 genome.dna 176741 176291 NC_003112.gbk
832 46.9 1167032 1167820 genome.dna 176205 175428 NC_003112.gbk
1053 45.6 1167824 1168975 genome.dna 201736 202909 NC_003112.gbk
682 59.6 1168997 1169593 genome.dna 191281 190696 NC_003112.gbk
1589 47.3 1169670 1173152 genome.dna 1919883 1923318 NC_003112.gbk
1358 64.2 1173165 1174124 genome.dna 1178959 1179919 NC_003112.gbk
1358 64.2 1173165 1174124 genome.dna 1146923 1147883 NC_003112.gbk
2528 49.8 1180703 1178139 genome.dna 2269639 2272234 NC_003112.gbk
445 63.3 1211683 1212024 genome.dna 36379 36049 NC_003112.gbk
742 37.5 1212161 1213231 genome.dna 1293348 1292238 NC_003112.gbk
577 33.1 1254320 1253391 genome.dna 877175 876275 NC_003112.gbk
1187 55.4 1271755 1272822 genome.dna 1963140 1962099 NC_003112.gbk
1543 60.3 1272920 1274065 genome.dna 750726 749610 NC_003112.gbk
181 34.1 1274175 1274507 genome.dna 636261 636528 NC_003112.gbk
691 43.6 1274535 1276382 genome.dna 636736 638593 NC_003112.gbk
770 38.6 1276393 1277361 genome.dna 638596 639532 NC_003112.gbk
364 34.9 1278470 1278919 genome.dna 1908354 1908819 NC_003112.gbk
953 46.2 1278982 1280091 genome.dna 1908850 1909960 NC_003112.gbk
357 43.5 1280201 1280677 genome.dna 710776 710299 NC_003112.gbk
318 40.5 1280702 1281121 genome.dna 710222 709796 NC_003112.gbk
737 41.5 1281190 1282170 genome.dna 387107 388064 NC_003112.gbk
447 45.2 1282175 1282681 genome.dna 388056 388542 NC_003112.gbk
1487 55.9 1284598 1282733 genome.dna 1972951 1971037 NC_003112.gbk
786 51.7 1285528 1284617 genome.dna 265870 265090 NC_003112.gbk
1093 39.5 1291078 1289714 genome.dna 1511390 1510004 NC_003112.gbk
835 40.8 1297979 1296492 genome.dna 367551 368835 NC_003112.gbk
1084 39.6 1299536 1300840 genome.dna 1331177 1329863 NC_003112.gbk
816 70.2 1301367 1301990 genome.dna 1329684 1329153 NC_003112.gbk
1780 69.2 1302154 1303428 genome.dna 1398133 1396888 NC_003112.gbk
2441 64.0 1303620 1306001 genome.dna 1237880 1235417 NC_003112.gbk
356 64.0 1306200 1306472 genome.dna 1235236 1234966 NC_003112.gbk
265 38.9 1309374 1309772 genome.dna 2053182 2052798 NC_003112.gbk
727 51.1 1310544 1309849 genome.dna 546263 546923 NC_003112.gbk
955 45.6 1316909 1318201 genome.dna 646367 645062 NC_003112.gbk
228 80.0 1322427 1322284 genome.dna 955785 955659 NC_003112.gbk
219 43.8 1322693 1322445 genome.dna 956060 955784 NC_003112.gbk
989 41.9 1327249 1326056 genome.dna 1796411 1795172 NC_003112.gbk
343 31.9 1327415 1328056 genome.dna 1796813 1797446 NC_003112.gbk
308 40.2 1329039 1329440 genome.dna 600428 600068 NC_003112.gbk
504 43.6 1329655 1330212 genome.dna 1735635 1736202 NC_003112.gbk
1369 38.0 1330287 1332362 genome.dna 1484238 1486353 NC_003112.gbk
354 52.3 1332403 1332732 genome.dna 1486432 1486768 NC_003112.gbk
478 40.3 1332732 1333337 genome.dna 1244169 1243548 NC_003112.gbk
939 64.5 1335658 1336302 genome.dna 845906 846554 NC_003112.gbk
1019 46.2 1336525 1337487 genome.dna 749601 748518 NC_003112.gbk
128 32.8 1348630 1348836 genome.dna 1540991 1541186 NC_003112.gbk
248 34.0 1352428 1351949 genome.dna 1040999 1041479 NC_003112.gbk
1461 38.7 1356196 1353473 genome.dna 1340738 1342901 NC_003112.gbk
626 36.1 1358126 1357212 genome.dna 1225310 1224362 NC_003112.gbk
2035 80.6 1359784 1358654 genome.dna 1304508 1303353 NC_003112.gbk
4025 77.8 1362181 1359896 genome.dna 1309078 1306798 NC_003112.gbk
814 56.4 1363250 1362525 genome.dna 2148362 2147633 NC_003112.gbk
2824 53.6 1363499 1366138 genome.dna 1409962 1412713 NC_003112.gbk
278 33.8 1392117 1391434 genome.dna 1747962 1748604 NC_003112.gbk
632 49.2 1426894 1426256 genome.dna 1626310 1625683 NC_003112.gbk
1364 58.6 1427931 1426894 genome.dna 1259943 1258908 NC_003112.gbk
950 65.4 1428285 1428911 genome.dna 801143 801770 NC_003112.gbk
950 39.3 1429248 1430537 genome.dna 1334042 1335254 NC_003112.gbk
388 31.9 1430628 1431344 genome.dna 1098996 1098327 NC_003112.gbk
403 50.0 1431761 1431390 genome.dna 3511 3157 NC_003112.gbk
252 31.0 1433876 1433409 genome.dna 780951 781392 NC_003112.gbk
923 48.3 1434853 1435731 genome.dna 944938 944062 NC_003112.gbk
483 38.0 1446005 1445229 genome.dna 1812782 1812119 NC_003112.gbk
1041 35.9 1462930 1461608 genome.dna 1883838 1882524 NC_003112.gbk
1456 56.9 1466359 1465232 genome.dna 1582257 1581111 NC_003112.gbk
271 39.1 1466738 1466361 genome.dna 1246205 1245830 NC_003112.gbk
295 65.1 1468125 1468334 genome.dna 864520 864724 NC_003112.gbk
263 40.8 1468782 1468399 genome.dna 1083494 1083134 NC_003112.gbk
1326 61.7 1470427 1469462 genome.dna 1222018 1221034 NC_003112.gbk
216 40.2 1471750 1471487 genome.dna 1222911 1222635 NC_003112.gbk
423 41.7 1477924 1477454 genome.dna 2140755 2140284 NC_003112.gbk
258 39.0 1478243 1477926 genome.dna 2141195 2140808 NC_003112.gbk
358 38.5 1479078 1478437 genome.dna 2141859 2141253 NC_003112.gbk
234 32.9 1480669 1480115 genome.dna 739276 739756 NC_003112.gbk
1179 57.9 1483266 1480684 genome.dna 1998570 1995939 NC_003112.gbk
914 35.0 1489354 1487825 genome.dna 746041 744466 NC_003112.gbk
828 50.0 1490240 1489362 genome.dna 559837 559012 NC_003112.gbk
465 49.0 1490971 1490492 genome.dna 560354 559844 NC_003112.gbk
1137 57.3 1492026 1490968 genome.dna 872761 871807 NC_003112.gbk
1881 64.9 1493774 1492350 genome.dna 1969624 1970953 NC_003112.gbk
2214 60.4 1504627 1506285 genome.dna 1621193 1619504 NC_003112.gbk
504 54.0 1506798 1506349 genome.dna 205819 206254 NC_003112.gbk
333 40.0 1514785 1514357 genome.dna 1941612 1942044 NC_003112.gbk
769 52.3 1530248 1530991 genome.dna 2177298 2176548 NC_003112.gbk
718 51.9 1531148 1531804 genome.dna 239203 238555 NC_003112.gbk
855 47.9 1531798 1532742 genome.dna 238559 237665 NC_003112.gbk
804 51.2 1532732 1533469 genome.dna 237644 236906 NC_003112.gbk
1963 67.5 1536355 1535069 genome.dna 966167 967451 NC_003112.gbk
272 36.6 1537007 1537396 genome.dna 962498 962876 NC_003112.gbk
282 34.0 1537390 1537737 genome.dna 962869 963211 NC_003112.gbk
2327 57.3 1537737 1539503 genome.dna 963213 964977 NC_003112.gbk
1112 64.8 1539520 1540236 genome.dna 965096 965804 NC_003112.gbk
3126 50.8 1540513 1543320 genome.dna 967655 970484 NC_003112.gbk
1152 55.5 1543336 1544562 genome.dna 970583 971765 NC_003112.gbk
1578 62.6 1544898 1546064 genome.dna 974073 975240 NC_003112.gbk
1451 72.8 1546064 1546936 genome.dna 975250 976141 NC_003112.gbk
1439 65.9 1558773 1559834 genome.dna 399538 398425 NC_003112.gbk
1481 64.3 1561884 1562939 genome.dna 316409 317465 NC_003112.gbk
864 55.9 1563766 1563014 genome.dna 1665018 1664334 NC_003112.gbk
1374 58.0 1573036 1572017 genome.dna 74100 73080 NC_003112.gbk
909 46.9 1584709 1585674 genome.dna 1418534 1417547 NC_003112.gbk
1030 56.3 1598005 1595975 genome.dna 27736 25678 NC_003112.gbk
979 44.4 1598229 1599338 genome.dna 1945063 1946143 NC_003112.gbk
604 35.2 1613498 1614457 genome.dna 1382346 1383357 NC_003112.gbk
474 32.1 1633374 1634744 genome.dna 819372 817989 NC_003112.gbk
1007 54.1 1635671 1634820 genome.dna 784427 783506 NC_003112.gbk
760 60.8 1636204 1635668 genome.dna 90735 91290 NC_003112.gbk
1370 69.6 1637078 1636206 genome.dna 89830 90697 NC_003112.gbk
1370 69.6 1637078 1636206 genome.dna 71835 70968 NC_003112.gbk
1647 54.6 1638449 1639855 genome.dna 13622 12173 NC_003112.gbk
1429 35.2 1992328 1990295 genome.dna 1289821 1287793 NC_003112.gbk
1475 35.2 2005482 2003347 genome.dna 55180 53029 NC_003112.gbk
401 40.8 2012054 2011395 genome.dna 2139789 2139105 NC_003112.gbk
170 30.3 2015203 2015631 genome.dna 1550723 1550258 NC_003112.gbk
1230 54.5 2034173 2033130 genome.dna 708394 709429 NC_003112.gbk
276 43.3 2034358 2034645 genome.dna 1637297 1637003 NC_003112.gbk
758 53.3 2038594 2039550 genome.dna 200696 201689 NC_003112.gbk
455 39.5 2040198 2039605 genome.dna 2010268 2009677 NC_003112.gbk
193 32.7 2040339 2040860 genome.dna 2010415 2010919 NC_003112.gbk
243 66.7 2040877 2041047 genome.dna 2010952 2011132 NC_003112.gbk
791 39.3 2041077 2042123 genome.dna 2011922 2012978 NC_003112.gbk
1045 51.3 2042130 2043083 genome.dna 2013962 2014925 NC_003112.gbk
1076 54.1 2043101 2044030 genome.dna 2015472 2016399 NC_003112.gbk
1046 69.4 2044045 2044779 genome.dna 2020128 2020875 NC_003112.gbk
338 72.4 2044934 2045170 genome.dna 228145 227908 NC_003112.gbk
1673 59.3 2045253 2046494 genome.dna 227753 226505 NC_003112.gbk
768 39.6 2047434 2048453 genome.dna 697462 698458 NC_003112.gbk
493 41.4 2048443 2049102 genome.dna 698517 699138 NC_003112.gbk
730 44.0 2050132 2050929 genome.dna 799605 800385 NC_003112.gbk
316 40.4 2055442 2055792 genome.dna 632876 632552 NC_003112.gbk
2602 42.3 2070405 2066956 genome.dna 1295161 1299301 NC_003112.gbk
825 56.4 2071740 2072447 genome.dna 1241770 1241074 NC_003112.gbk
857 34.0 2072444 2073691 genome.dna 1243010 1241762 NC_003112.gbk
497 45.5 2079241 2079792 genome.dna 1685142 1684608 NC_003112.gbk
2354 57.0 2083361 2081520 genome.dna 1421502 1423338 NC_003112.gbk
352 38.7 2085741 2085214 genome.dna 2145822 2146341 NC_003112.gbk
825 46.7 2102053 2101232 genome.dna 651879 652701 NC_003112.gbk
3549 66.2 2102354 2104732 genome.dna 651468 649083 NC_003112.gbk
889 42.3 2106065 2105019 genome.dna 591983 590927 NC_003112.gbk
1159 39.5 2177036 2175615 genome.dna 1478276 1479731 NC_003112.gbk
495 36.5 2177765 2177046 genome.dna 1476802 1477582 NC_003112.gbk
970 33.4 2181270 2179897 genome.dna 838608 837228 NC_003112.gbk
814 61.5 2181519 2182154 genome.dna 1254035 1253330 NC_003112.gbk
332 43.3 2186467 2186817 genome.dna 800726 801038 NC_003112.gbk
580 59.3 2188157 2187750 genome.dna 349199 349616 NC_003112.gbk
924 45.0 2190305 2191417 genome.dna 379524 378393 NC_003112.gbk
597 44.3 2191939 2192622 genome.dna 1384119 1383486 NC_003112.gbk
1737 61.0 2192856 2194133 genome.dna 1936249 1934953 NC_003112.gbk
1035 43.5 2198282 2200954 genome.dna 443556 446163 NC_003112.gbk
764 58.9 2203467 2202874 genome.dna 1261370 1261964 NC_003112.gbk
792 53.3 2216576 2217319 genome.dna 847079 847820 NC_003112.gbk
2881 62.1 2221311 2219248 genome.dna 1538920 1541002 NC_003112.gbk
1004 59.3 2239913 2239125 genome.dna 345343 346129 NC_003112.gbk
1428 72.0 2263993 2263058 genome.dna 1039572 1038612 NC_003112.gbk
1656 73.8 2267632 2266640 genome.dna 1762995 1761996 NC_003112.gbk
551 42.8 2306210 2305560 genome.dna 1256698 1257355 NC_003112.gbk
1836 60.7 2338271 2339743 genome.dna 1536801 1535367 NC_003112.gbk
624 41.8 2353959 2354768 genome.dna 2041936 2041072 NC_003112.gbk
332 37.5 2461266 2461811 genome.dna 1943289 1942788 NC_003112.gbk
1638 66.4 2487322 2486231 genome.dna 1939647 1938555 NC_003112.gbk
669 53.2 2488039 2487452 genome.dna 823017 822438 NC_003112.gbk
1397 66.8 2489732 2488785 genome.dna 895286 896270 NC_003112.gbk
722 43.3 2490742 2489870 genome.dna 894019 894865 NC_003112.gbk
1108 43.6 2491599 2492855 genome.dna 603869 605117 NC_003112.gbk
1533 63.7 2492889 2493971 genome.dna 1764196 1763119 NC_003112.gbk
242 38.5 2494828 2495223 genome.dna 778566 778191 NC_003112.gbk
1308 70.9 2496092 2496946 genome.dna 1299854 1300697 NC_003112.gbk
2228 67.6 2502156 2503685 genome.dna 995779 994237 NC_003112.gbk
2224 74.7 2503696 2505084 genome.dna 993771 992385 NC_003112.gbk
664 43.9 2507176 2506430 genome.dna 383367 384102 NC_003112.gbk
625 54.2 2511822 2511298 genome.dna 1427075 1427636 NC_003112.gbk
941 54.7 2552084 2552833 genome.dna 936635 937457 NC_003112.gbk
1901 62.4 2563367 2561970 genome.dna 1506575 1507964 NC_003112.gbk
512 41.5 2580340 2580921 genome.dna 593960 593366 NC_003112.gbk
412 36.8 2585266 2585973 genome.dna 594590 593963 NC_003112.gbk
1000 68.8 2585970 2586605 genome.dna 554942 554312 NC_003112.gbk
1046 53.1 2589820 2588846 genome.dna 385165 384214 NC_003112.gbk
903 41.5 2593132 2590532 genome.dna 126673 128980 NC_003112.gbk
1195 56.4 2594839 2593787 genome.dna 1650149 1649045 NC_003112.gbk
442 34.1 2595189 2595950 genome.dna 1138230 1137510 NC_003112.gbk
442 34.1 2595189 2595950 genome.dna 1170266 1169546 NC_003112.gbk
781 59.5 2598308 2597688 genome.dna 450085 450727 NC_003112.gbk
622 39.5 2599344 2598460 genome.dna 1918487 1917650 NC_003112.gbk
787 34.5 2602958 2604520 genome.dna 1037388 1035912 NC_003112.gbk
688 36.6 2605113 2606180 genome.dna 986607 987666 NC_003112.gbk
1416 54.7 2607572 2608762 genome.dna 724317 725520 NC_003112.gbk
512 35.6 2608762 2609568 genome.dna 705332 706118 NC_003112.gbk
359 33.9 2619430 2619996 genome.dna 352620 353151 NC_003112.gbk
542 61.3 2620019 2620441 genome.dna 937954 937507 NC_003112.gbk
307 50.5 2621565 2621861 genome.dna 353165 353444 NC_003112.gbk
939 51.9 2639766 2638855 genome.dna 673143 672273 NC_003112.gbk
329 36.1 2645457 2646263 genome.dna 402524 403295 NC_003112.gbk
504 40.9 2649224 2648673 genome.dna 1701837 1701279 NC_003112.gbk
560 33.4 2651794 2652813 genome.dna 1766080 1765078 NC_003112.gbk
264 33.0 2652833 2653480 genome.dna 2267140 2266504 NC_003112.gbk
1032 49.0 2654735 2655739 genome.dna 2269196 2268191 NC_003112.gbk
1622 56.7 2664862 2663609 genome.dna 173602 172345 NC_003112.gbk
458 36.4 2677723 2677067 genome.dna 1356727 1356070 NC_003112.gbk
359 34.6 2678460 2679146 genome.dna 165344 166058 NC_003112.gbk
1278 72.4 2679167 2679979 genome.dna 166085 166901 NC_003112.gbk
248 40.2 2679983 2680252 genome.dna 166904 167168 NC_003112.gbk
2058 55.6 2683421 2681736 genome.dna 1615695 1614024 NC_003112.gbk
325 36.6 2685383 2684682 genome.dna 1976317 1976995 NC_003112.gbk
295 42.5 2687612 2687956 genome.dna 1040925 1040562 NC_003112.gbk
1424 46.2 2696737 2695181 genome.dna 1534103 1532546 NC_003112.gbk
576 49.5 2701066 2701629 genome.dna 221042 220475 NC_003112.gbk
420 64.6 2728844 2728548 genome.dna 761361 761664 NC_003112.gbk
2092 43.0 2731236 2728849 genome.dna 758924 761288 NC_003112.gbk
1343 59.1 2732234 2731251 genome.dna 754547 755540 NC_003112.gbk
611 79.7 2732903 2732547 genome.dna 753842 754202 NC_003112.gbk
221 58.5 2733144 2732947 genome.dna 753632 753830 NC_003112.gbk
713 65.4 2733782 2733240 genome.dna 753018 753486 NC_003112.gbk
2744 61.4 2735713 2733785 genome.dna 751033 752947 NC_003112.gbk
878 52.3 2741372 2740491 genome.dna 845895 844851 NC_003112.gbk
419 35.4 2751259 2751993 genome.dna 925029 924312 NC_003112.gbk
599 50.0 2755854 2756510 genome.dna 1541701 1542262 NC_003112.gbk
1326 56.5 2757088 2758194 genome.dna 1616869 1615765 NC_003112.gbk
1886 61.4 2759027 2760397 genome.dna 291262 292633 NC_003112.gbk
411 43.2 2777056 2776550 genome.dna 1990421 1989917 NC_003112.gbk
743 55.6 2793288 2792647 genome.dna 1423518 1424157 NC_003112.gbk
1143 45.0 2794931 2793456 genome.dna 1420935 1419489 NC_003112.gbk
678 39.9 2795320 2796189 genome.dna 1417498 1416649 NC_003112.gbk
1354 50.2 2796565 2798007 genome.dna 102964 101491 NC_003112.gbk
1609 71.5 2809298 2808294 genome.dna 1249920 1250952 NC_003112.gbk
461 40.3 2809923 2809306 genome.dna 269973 269388 NC_003112.gbk
521 51.5 2810663 2810151 genome.dna 1455179 1454642 NC_003112.gbk
912 56.4 2811487 2810744 genome.dna 1715775 1716504 NC_003112.gbk
329 41.1 2811954 2811511 genome.dna 675196 674737 NC_003112.gbk
2276 55.6 2813755 2811956 genome.dna 485742 487551 NC_003112.gbk
2037 54.2 2835515 2837245 genome.dna 1554929 1556648 NC_003112.gbk
2152 62.1 2838878 2837343 genome.dna 281262 279720 NC_003112.gbk
600 44.3 2842935 2843582 genome.dna 1817452 1816810 NC_003112.gbk
256 32.8 2849466 2848900 genome.dna 1746899 1747418 NC_003112.gbk
1270 37.3 2851106 2849466 genome.dna 1745238 1746900 NC_003112.gbk
690 30.5 2852337 2851093 genome.dna 1743734 1745246 NC_003112.gbk
1972 48.3 2854450 2852540 genome.dna 1070573 1068662 NC_003112.gbk
1166 52.9 2859653 2858643 genome.dna 228376 229384 NC_003112.gbk
2671 47.9 2862472 2859857 genome.dna 1452051 1449447 NC_003112.gbk
1081 43.8 2862696 2863901 genome.dna 1553629 1554838 NC_003112.gbk
1682 63.3 2867225 2868415 genome.dna 563005 561811 NC_003112.gbk
694 44.7 2869134 2868487 genome.dna 2170714 2171347 NC_003112.gbk
785 54.5 2884168 2883416 genome.dna 703255 704017 NC_003112.gbk
206 48.3 2884347 2884165 genome.dna 703076 703259 NC_003112.gbk
611 42.7 2885460 2884459 genome.dna 701186 702221 NC_003112.gbk
1228 35.2 2887241 2885457 genome.dna 2016536 2018402 NC_003112.gbk
554 30.2 2889516 2887243 genome.dna 732556 734632 NC_003112.gbk
817 46.6 2891958 2891200 genome.dna 2099317 2100076 NC_003112.gbk
874 44.8 2892962 2891955 genome.dna 2097590 2098565 NC_003112.gbk
1044 50.3 2893911 2892949 genome.dna 2096632 2097601 NC_003112.gbk
700 40.8 2894873 2893923 genome.dna 2095503 2096469 NC_003112.gbk
434 34.2 2915911 2915069 genome.dna 835428 834630 NC_003112.gbk
993 41.4 2917289 2918617 genome.dna 1643098 1644388 NC_003112.gbk
355 38.4 2920770 2921360 genome.dna 663545 662906 NC_003112.gbk
445 34.3 2921367 2922104 genome.dna 662874 662136 NC_003112.gbk
652 41.2 2922086 2922862 genome.dna 662124 661356 NC_003112.gbk
348 56.7 2923933 2923649 genome.dna 1320237 1320552 NC_003112.gbk
2443 64.7 2925698 2924025 genome.dna 1318541 1320227 NC_003112.gbk
608 46.5 2926492 2925815 genome.dna 1317729 1318386 NC_003112.gbk
1425 55.7 2928002 2926713 genome.dna 1471388 1472690 NC_003112.gbk
1113 47.6 2929170 2928085 genome.dna 1705056 1703949 NC_003112.gbk
287 34.7 2950143 2949601 genome.dna 1028312 1028816 NC_003112.gbk
1753 63.2 2975613 2974318 genome.dna 1760623 1761919 NC_003112.gbk
1470 53.0 2977060 2975717 genome.dna 1267075 1265764 NC_003112.gbk
553 56.5 2981911 2981417 genome.dna 1718206 1717741 NC_003112.gbk
1365 65.1 2982496 2983455 genome.dna 1340600 1339649 NC_003112.gbk
561 38.9 2987214 2987927 genome.dna 206323 207049 NC_003112.gbk
346 70.8 2988043 2988261 genome.dna 161958 162177 NC_003112.gbk
2381 54.9 2992855 2990582 genome.dna 863974 861664 NC_003112.gbk
260 40.4 2993205 2992885 genome.dna 864278 863975 NC_003112.gbk
702 41.4 2995945 2996844 genome.dna 1623023 1622120 NC_003112.gbk
961 52.7 3009847 3009002 genome.dna 642509 643397 NC_003112.gbk
873 47.9 3010809 3009844 genome.dna 641544 642510 NC_003112.gbk
1377 57.1 3011957 3010824 genome.dna 640269 641529 NC_003112.gbk
1029 43.0 3013338 3012229 genome.dna 1656508 1655377 NC_003112.gbk
132 33.8 3016496 3016762 genome.dna 1879140 1878882 NC_003112.gbk
743 35.3 3022380 3021175 genome.dna 898203 897033 NC_003112.gbk
694 48.6 3023325 3022666 genome.dna 2042781 2042094 NC_003112.gbk
1849 71.0 3050037 3051158 genome.dna 1321430 1322567 NC_003112.gbk
1044 53.6 3051198 3052058 genome.dna 1322575 1323403 NC_003112.gbk
860 43.3 3058890 3057901 genome.dna 24650 25604 NC_003112.gbk
939 46.0 3064423 3065496 genome.dna 2076392 2077409 NC_003112.gbk
646 30.0 3083683 3082493 genome.dna 459359 460592 NC_003112.gbk
408 36.0 3084419 3083724 genome.dna 1314850 1315543 NC_003112.gbk
935 34.7 3127190 3125091 genome.dna 297675 295524 NC_003112.gbk
798 39.6 3140563 3139631 genome.dna 1018963 1019965 NC_003112.gbk
1140 72.1 3140808 3141479 genome.dna 1053998 1054724 NC_003112.gbk
1246 47.8 3147123 3145672 genome.dna 1456826 1458200 NC_003112.gbk
2765 64.0 3161386 3159374 genome.dna 1350445 1348417 NC_003112.gbk
354 32.7 3163130 3162450 genome.dna 764885 765533 NC_003112.gbk
645 35.2 3165022 3163865 genome.dna 494236 495379 NC_003112.gbk
1278 59.9 3166099 3165062 genome.dna 1184938 1185991 NC_003112.gbk
1278 59.9 3166099 3165062 genome.dna 1152902 1153955 NC_003112.gbk
1693 58.8 3166195 3167499 genome.dna 763587 764889 NC_003112.gbk
513 38.5 3169188 3169883 genome.dna 2115852 2116545 NC_003112.gbk
716 50.5 3180901 3181500 genome.dna 300825 301431 NC_003112.gbk
555 31.4 3193197 3192250 genome.dna 300271 299359 NC_003112.gbk
586 52.7 3228583 3228035 genome.dna 1651508 1650944 NC_003112.gbk
1784 45.6 3230474 3228642 genome.dna 1342997 1344851 NC_003112.gbk
593 39.4 3257866 3256754 genome.dna 2129293 2128201 NC_003112.gbk
314 41.1 3332182 3332514 genome.dna 398274 397938 NC_003112.gbk
1579 63.1 3364676 3363084 genome.dna 1246354 1247983 NC_003112.gbk
745 31.0 3372145 3370688 genome.dna 263128 264571 NC_003112.gbk
846 35.3 3373687 3372152 genome.dna 261622 263119 NC_003112.gbk
820 35.7 3375638 3373788 genome.dna 259502 261527 NC_003112.gbk
254 37.6 3375937 3375635 genome.dna 258074 258380 NC_003112.gbk
744 40.1 3378041 3377067 genome.dna 254996 256073 NC_003112.gbk
1222 47.0 3382301 3380952 genome.dna 250157 251459 NC_003112.gbk
310 36.1 3382843 3382298 genome.dna 249294 249768 NC_003112.gbk
2117 75.5 3389494 3390708 genome.dna 1524641 1523426 NC_003112.gbk
1289 51.1 3395711 3396913 genome.dna 1566264 1567461 NC_003112.gbk
631 50.5 3408161 3407589 genome.dna 2040438 2041011 NC_003112.gbk
1858 57.7 3409858 3408341 genome.dna 717667 716122 NC_003112.gbk
256 31.9 3410380 3409880 genome.dna 718477 717979 NC_003112.gbk
669 43.6 3412525 3411257 genome.dna 720755 719480 NC_003112.gbk
1124 59.1 3413548 3412631 genome.dna 706155 707028 NC_003112.gbk
943 66.5 3414435 3413773 genome.dna 1071236 1070591 NC_003112.gbk
719 44.0 3415469 3414618 genome.dna 2154527 2155325 NC_003112.gbk
657 39.8 3425582 3424782 genome.dna 442690 443479 NC_003112.gbk
1571 63.2 3427528 3426443 genome.dna 1756190 1757291 NC_003112.gbk
910 48.5 3428548 3427616 genome.dna 1723350 1722438 NC_003112.gbk
1748 52.7 3443783 3442200 genome.dna 2216641 2215174 NC_003112.gbk
370 33.0 3444907 3444146 genome.dna 2054496 2053668 NC_003112.gbk
755 48.0 3459693 3458845 genome.dna 340852 339991 NC_003112.gbk
690 36.3 3501629 3502645 genome.dna 669022 668026 NC_003112.gbk
1045 35.3 3502786 3504363 genome.dna 667959 666441 NC_003112.gbk
848 41.1 3504366 3505406 genome.dna 666421 665362 NC_003112.gbk
577 31.9 3512886 3511738 genome.dna 1913117 1914293 NC_003112.gbk
1086 55.6 3519048 3517663 genome.dna 2206003 2204581 NC_003112.gbk
174 32.1 3519771 3519349 genome.dna 300378 300777 NC_003112.gbk
641 61.3 3520193 3520687 genome.dna 820048 819538 NC_003112.gbk
738 50.9 3520698 3521420 genome.dna 566649 565926 NC_003112.gbk
572 58.8 3521609 3522118 genome.dna 1480399 1479913 NC_003112.gbk
431 32.8 3522115 3523185 genome.dna 1035374 1034237 NC_003112.gbk
1340 49.2 3525014 3526381 genome.dna 214100 212714 NC_003112.gbk
1306 36.8 3531913 3533985 genome.dna 1999880 2002031 NC_003112.gbk
165 30.2 3537641 3537204 genome.dna 1943844 1943403 NC_003112.gbk
1483 52.4 3537873 3539351 genome.dna 2111678 2113133 NC_003112.gbk
2444 61.7 3556399 3554642 genome.dna 1014426 1012734 NC_003112.gbk
1152 40.4 3566972 3568372 genome.dna 1476518 1475111 NC_003112.gbk
1003 58.0 3573115 3574479 genome.dna 1737360 1738716 NC_003112.gbk
713 45.6 3577570 3576767 genome.dna 1679783 1680590 NC_003112.gbk
2309 65.6 3590632 3589055 genome.dna 2018501 2020067 NC_003112.gbk
1988 63.2 3592205 3590739 genome.dna 1206478 1205014 NC_003112.gbk
1149 41.1 3592378 3593766 genome.dna 1388651 1387295 NC_003112.gbk
1039 47.6 3599984 3598497 genome.dna 878663 877205 NC_003112.gbk
1451 51.2 3603229 3601955 genome.dna 880738 879442 NC_003112.gbk
304 35.4 3604488 3603367 genome.dna 1327445 1328711 NC_003112.gbk
1351 57.0 3607701 3606505 genome.dna 1325571 1326666 NC_003112.gbk
614 63.8 3608433 3608005 genome.dna 1325003 1325429 NC_003112.gbk
213 47.7 3616273 3616073 genome.dna 1146045 1146243 NC_003112.gbk
213 47.7 3616273 3616073 genome.dna 1178081 1178279 NC_003112.gbk
544 69.4 3616630 3616295 genome.dna 1144514 1144856 NC_003112.gbk
544 69.4 3616630 3616295 genome.dna 1176550 1176892 NC_003112.gbk
2112 56.7 3618482 3616632 genome.dna 1141066 1142929 NC_003112.gbk
2112 56.7 3618482 3616632 genome.dna 1173102 1174965 NC_003112.gbk
331 36.1 3619075 3618557 genome.dna 1409364 1409865 NC_003112.gbk
483 61.9 3619470 3619147 genome.dna 1408721 1409102 NC_003112.gbk
722 81.7 3619938 3619552 genome.dna 1408308 1408695 NC_003112.gbk
1927 71.5 3621177 3619963 genome.dna 1406830 1408045 NC_003112.gbk
498 53.4 3621953 3621459 genome.dna 1406355 1406802 NC_003112.gbk
364 36.5 3622783 3622058 genome.dna 1371058 1371874 NC_003112.gbk
765 44.4 3622920 3623723 genome.dna 1370815 1370029 NC_003112.gbk
1793 64.7 3635387 3634134 genome.dna 1075503 1074252 NC_003112.gbk
543 69.6 3640872 3640534 genome.dna 2101872 2101533 NC_003112.gbk
3433 54.8 3649390 3645506 genome.dna 2102022 2105985 NC_003112.gbk
367 61.0 3679566 3679826 genome.dna 131595 131847 NC_003112.gbk
293 40.7 3680225 3679845 genome.dna 465398 465776 NC_003112.gbk
896 60.7 3680956 3680225 genome.dna 462609 463338 NC_003112.gbk
352 35.2 3681774 3681037 genome.dna 461794 462586 NC_003112.gbk
910 46.4 3682691 3681786 genome.dna 712029 713004 NC_003112.gbk
651 47.7 3683368 3682688 genome.dna 711313 712033 NC_003112.gbk
509 37.1 3684626 3683661 genome.dna 794157 793137 NC_003112.gbk
2788 68.2 3686442 3684643 genome.dna 796093 794299 NC_003112.gbk
1010 43.6 3689812 3691413 genome.dna 397890 396381 NC_003112.gbk
982 65.6 3694571 3695257 genome.dna 1225812 1226472 NC_003112.gbk
278 31.7 3695855 3696739 genome.dna 1924684 1923751 NC_003112.gbk
1422 47.7 3698228 3696813 genome.dna 2312 917 NC_003112.gbk
1078 51.9 3703917 3702925 genome.dna 901007 899933 NC_003112.gbk
928 52.6 3705613 3704801 genome.dna 902952 902115 NC_003112.gbk
1001 49.7 3706780 3705770 genome.dna 1033603 1032547 NC_003112.gbk
685 49.1 3711890 3712588 genome.dna 796938 796236 NC_003112.gbk
518 63.5 3714535 3714188 genome.dna 585964 586303 NC_003112.gbk
1617 55.2 3714803 3716083 genome.dna 1968840 1967556 NC_003112.gbk
375 45.2 3729128 3729583 genome.dna 60097 60514 NC_003112.gbk
517 47.5 3729711 3730679 genome.dna 358028 357140 NC_003112.gbk
407 39.7 3730782 3732230 genome.dna 869839 871201 NC_003112.gbk
339 43.8 3732230 3732727 genome.dna 778182 777687 NC_003112.gbk
902 53.5 3732844 3733638 genome.dna 889530 890322 NC_003112.gbk
870 50.2 3733793 3734647 genome.dna 890444 891281 NC_003112.gbk
404 53.9 3734665 3735045 genome.dna 1299449 1299833 NC_003112.gbk
699 44.9 3749695 3748958 genome.dna 1563974 1563239 NC_003112.gbk
600 57.7 3749751 3750215 genome.dna 1681622 1682060 NC_003112.gbk
563 38.8 3750989 3751744 genome.dna 2106079 2106838 NC_003112.gbk
3667 64.5 3762599 3760023 genome.dna 1520760 1523340 NC_003112.gbk
782 53.0 3763458 3762733 genome.dna 738445 739225 NC_003112.gbk
895 46.3 3764478 3763501 genome.dna 735661 736786 NC_003112.gbk
622 41.4 3764613 3765347 genome.dna 735663 734859 NC_003112.gbk
470 63.5 3773009 3772662 genome.dna 621591 621225 NC_003112.gbk
908 53.8 3773827 3773072 genome.dna 622356 621606 NC_003112.gbk
350 36.3 3774414 3773866 genome.dna 622865 622355 NC_003112.gbk
361 64.2 3774681 3774433 genome.dna 623126 622880 NC_003112.gbk
1928 63.7 3776200 3774839 genome.dna 306239 304868 NC_003112.gbk
865 74.7 3777786 3777271 genome.dna 2077875 2078382 NC_003112.gbk
277 37.0 3780004 3779576 genome.dna 555401 554987 NC_003112.gbk
3448 60.0 3784972 3782345 genome.dna 1656712 1659337 NC_003112.gbk
226 35.1 3785598 3785110 genome.dna 1528588 1529050 NC_003112.gbk
1555 66.2 3786717 3785644 genome.dna 1489585 1488538 NC_003112.gbk
507 55.2 3787319 3786825 genome.dna 40884 41370 NC_003112.gbk
1040 38.1 3866442 3865039 genome.dna 1791903 1790499 NC_003112.gbk
3084 51.8 3869582 3866439 genome.dna 1795161 1791957 NC_003112.gbk
1145 45.5 3882715 3881462 genome.dna 1088899 1087636 NC_003112.gbk
770 39.7 3883829 3882726 genome.dna 1090021 1088911 NC_003112.gbk
810 44.5 3889382 3888324 genome.dna 1493763 1492806 NC_003112.gbk
850 51.8 3893140 3892373 genome.dna 1907482 1908325 NC_003112.gbk
640 32.5 3918901 3920391 genome.dna 1378287 1379733 NC_003112.gbk
1088 44.7 3932105 3933280 genome.dna 329612 330767 NC_003112.gbk
2109 59.5 3933298 3934833 genome.dna 330790 332317 NC_003112.gbk
337 34.1 3952181 3951618 genome.dna 2151205 2151769 NC_003112.gbk
609 44.0 3955431 3956147 genome.dna 2267253 2267934 NC_003112.gbk
2203 58.6 3956293 3958011 genome.dna 1358502 1356789 NC_003112.gbk
374 37.9 3961248 3960622 genome.dna 1989815 1989158 NC_003112.gbk
596 57.1 3963052 3962555 genome.dna 1562522 1562039 NC_003112.gbk
553 44.3 3963804 3963091 genome.dna 1563243 1562553 NC_003112.gbk
644 40.4 3964485 3965270 genome.dna 1674197 1675004 NC_003112.gbk
668 42.7 3965404 3966168 genome.dna 1560373 1559626 NC_003112.gbk
725 45.8 3969453 3967963 genome.dna 1194275 1192988 NC_003112.gbk
725 45.8 3969453 3967963 genome.dna 1162239 1160952 NC_003112.gbk
854 49.0 3970373 3969465 genome.dna 1195237 1194313 NC_003112.gbk
854 49.0 3970373 3969465 genome.dna 1163201 1162277 NC_003112.gbk
1782 59.8 3971825 3970383 genome.dna 1197477 1196025 NC_003112.gbk
1782 59.8 3971825 3970383 genome.dna 1165441 1163989 NC_003112.gbk
311 31.2 3972869 3972135 genome.dna 1163979 1163238 NC_003112.gbk
311 31.2 3972869 3972135 genome.dna 1196015 1195274 NC_003112.gbk
2637 66.8 3974615 3972882 genome.dna 1159115 1157345 NC_003112.gbk
2637 66.8 3974615 3972882 genome.dna 1191151 1189381 NC_003112.gbk
2139 54.7 3976444 3974615 genome.dna 1160956 1159141 NC_003112.gbk
2139 54.7 3976444 3974615 genome.dna 1192992 1191177 NC_003112.gbk
188 31.5 3986036 3985365 genome.dna 548534 549173 NC_003112.gbk
1749 62.8 4001743 4000448 genome.dna 1301199 1302486 NC_003112.gbk
2456 66.2 4003479 4001842 genome.dna 1613913 1612278 NC_003112.gbk
1375 40.4 4007080 4004843 genome.dna 1817594 1819808 NC_003112.gbk
813 37.3 4012636 4011491 genome.dna 1278377 1277261 NC_003112.gbk
426 30.2 4013697 4012813 genome.dna 1646539 1647409 NC_003112.gbk
1106 44.2 4027241 4025196 genome.dna 695155 692629 NC_003112.gbk
1276 37.9 4031933 4029078 genome.dna 230562 233253 NC_003112.gbk
1321 52.2 4034399 4035643 genome.dna 1248054 1249308 NC_003112.gbk
713 44.3 4036522 4035704 genome.dna 415185 416007 NC_003112.gbk
296 37.6 4037027 4036671 genome.dna 1081694 1082051 NC_003112.gbk
451 42.9 4037132 4037767 genome.dna 1081639 1081036 NC_003112.gbk
342 40.8 4039680 4040210 genome.dna 674637 674103 NC_003112.gbk
506 54.1 4059979 4059527 genome.dna 1338569 1338116 NC_003112.gbk
354 67.1 4060248 4060021 genome.dna 1338816 1338585 NC_003112.gbk
116 32.9 4060573 4060253 genome.dna 1339125 1338822 NC_003112.gbk
539 70.0 4060971 4060579 genome.dna 1339494 1339125 NC_003112.gbk
807 53.9 4068636 4067902 genome.dna 947603 946850 NC_003112.gbk
1848 44.3 4071195 4068739 genome.dna 1202300 1204676 NC_003112.gbk
389 44.9 4071662 4071237 genome.dna 451297 450853 NC_003112.gbk
1045 50.6 4076878 4075862 genome.dna 57898 56854 NC_003112.gbk
618 45.0 4076900 4077613 genome.dna 58017 58704 NC_003112.gbk
649 40.5 4077711 4078532 genome.dna 59159 59951 NC_003112.gbk
601 48.5 4079441 4080034 genome.dna 673770 673170 NC_003112.gbk
1287 51.4 4080027 4081166 genome.dna 692573 691397 NC_003112.gbk
430 33.2 4102382 4101120 genome.dna 2075791 2074546 NC_003112.gbk
1139 53.0 4109655 4110677 genome.dna 356060 357071 NC_003112.gbk
1634 55.5 4114440 4115846 genome.dna 905683 907090 NC_003112.gbk
840 38.7 4115888 4116970 genome.dna 1718530 1719589 NC_003112.gbk
1588 57.8 4119655 4120848 genome.dna 1754935 1753741 NC_003112.gbk
4339 68.7 4139901 4137067 genome.dna 981179 978329 NC_003112.gbk
479 45.0 4140147 4140710 genome.dna 1510001 1509476 NC_003112.gbk
188 33.3 4145402 4144980 genome.dna 1001550 1002048 NC_003112.gbk
516 34.8 4151444 4150536 genome.dna 1024399 1023523 NC_003112.gbk
200 37.6 4151759 4151454 genome.dna 1024740 1024443 NC_003112.gbk
537 42.2 4196148 4196876 genome.dna 620935 620179 NC_003112.gbk
1035 57.5 4196873 4197727 genome.dna 620156 619280 NC_003112.gbk
495 40.1 4197767 4198645 genome.dna 619204 618289 NC_003112.gbk
4247 73.9 4221505 4218908 genome.dna 1631964 1634550 NC_003112.gbk
1493 63.6 4231793 4230366 genome.dna 1364163 1365948 NC_003112.gbk
1579 56.3 4233904 4232027 genome.dna 1362007 1363615 NC_003112.gbk
3699 61.8 4236582 4233919 genome.dna 1359195 1361859 NC_003112.gbk
442 36.1 4237489 4236725 genome.dna 1788309 1787529 NC_003112.gbk
673 57.1 4243540 4242965 genome.dna 697379 696806 NC_003112.gbk
590 38.6 4244964 4245854 genome.dna 400895 401777 NC_003112.gbk
207 30.8 4246180 4246626 genome.dna 17741 17228 NC_003112.gbk
710 30.4 4248098 4249303 genome.dna 342158 340925 NC_003112.gbk
385 33.8 4250722 4251348 genome.dna 339990 339357 NC_003112.gbk
3287 57.4 4255592 4252890 genome.dna 1585012 1587763 NC_003112.gbk
1015 46.5 4257707 4256787 genome.dna 16144 15220 NC_003112.gbk
1131 48.4 4258960 4257809 genome.dna 437169 438348 NC_003112.gbk
1113 41.5 4260285 4259029 genome.dna 435806 437051 NC_003112.gbk
421 30.8 4261166 4260282 genome.dna 435013 435721 NC_003112.gbk
902 48.5 4262088 4261168 genome.dna 434088 435003 NC_003112.gbk
1634 54.9 4263557 4262097 genome.dna 432566 433976 NC_003112.gbk
1076 47.7 4264711 4263620 genome.dna 431344 432412 NC_003112.gbk
754 39.9 4265910 4264708 genome.dna 430069 431341 NC_003112.gbk
848 36.3 4267226 4265910 genome.dna 428552 429890 NC_003112.gbk
1438 58.2 4268312 4267230 genome.dna 426664 427747 NC_003112.gbk
978 41.9 4269667 4268306 genome.dna 424871 426239 NC_003112.gbk
1265 45.8 4271151 4269664 genome.dna 421598 423077 NC_003112.gbk
1404 41.0 4272901 4271138 genome.dna 419828 421574 NC_003112.gbk
1054 53.1 4274186 4273242 genome.dna 418521 419508 NC_003112.gbk
345 41.3 4274647 4274189 genome.dna 418069 418525 NC_003112.gbk
604 57.7 4277861 4277370 genome.dna 1637855 1637363 NC_003112.gbk
2250 58.6 4279582 4277864 genome.dna 1639593 1637865 NC_003112.gbk
1421 46.0 4282166 4283764 genome.dna 1090505 1092059 NC_003112.gbk
1163 52.7 4283764 4284855 genome.dna 1046827 1045756 NC_003112.gbk
1891 60.9 4284858 4286258 genome.dna 1051517 1050107 NC_003112.gbk
771 53.8 4286272 4286874 genome.dna 1049695 1049053 NC_003112.gbk
1152 56.9 4318033 4319034 genome.dna 195139 196147 NC_003112.gbk
805 47.9 4319027 4319845 genome.dna 723349 722569 NC_003112.gbk
375 45.2 4323873 4323391 genome.dna 317532 318021 NC_003112.gbk
4858 68.7 4330684 4327460 genome.dna 1956469 1959685 NC_003112.gbk
1663 68.0 4331847 4330699 genome.dna 1952620 1953754 NC_003112.gbk
1123 65.2 4333114 4332293 genome.dna 205214 204404 NC_003112.gbk
1217 60.8 4334402 4333452 genome.dna 1928743 1927774 NC_003112.gbk
424 44.8 4335368 4334856 genome.dna 1929299 1928771 NC_003112.gbk
3384 53.7 4338181 4335368 genome.dna 1933364 1930574 NC_003112.gbk
800 44.7 4339154 4338213 genome.dna 1934426 1933505 NC_003112.gbk
285 51.2 4339580 4339843 genome.dna 483268 483532 NC_003112.gbk
1601 60.7 4343498 4342359 genome.dna 66978 68100 NC_003112.gbk
2903 70.5 4345514 4343607 genome.dna 584479 582550 NC_003112.gbk
940 54.9 4351702 4352475 genome.dna 915003 915783 NC_003112.gbk
564 31.0 4353827 4352538 genome.dna 1063782 1062372 NC_003112.gbk
429 43.9 4360338 4359856 genome.dna 1354502 1355063 NC_003112.gbk
2589 69.4 4365488 4367155 genome.dna 390278 388601 NC_003112.gbk
705 51.9 4373604 4372945 genome.dna 1561963 1561291 NC_003112.gbk
565 33.2 4377440 4376580 genome.dna 40010 40859 NC_003112.gbk
995 55.4 4379941 4378778 genome.dna 7492 6280 NC_003112.gbk
1025 45.4 4381030 4380014 genome.dna 208333 207301 NC_003112.gbk
2898 63.5 4383337 4381343 genome.dna 1504447 1506427 NC_003112.gbk
2984 70.0 4387762 4385783 genome.dna 488152 490045 NC_003112.gbk
1787 69.9 4388480 4389631 genome.dna 1888684 1887514 NC_003112.gbk
567 38.0 4391555 4392289 genome.dna 2022907 2023633 NC_003112.gbk
915 45.5 4392301 4393260 genome.dna 1619415 1618455 NC_003112.gbk
554 44.1 4393344 4393907 genome.dna 1355064 1355613 NC_003112.gbk
306 40.9 4393907 4394326 genome.dna 1355605 1356061 NC_003112.gbk
795 43.4 4395434 4394430 genome.dna 1079869 1078894 NC_003112.gbk
1064 56.3 4395604 4396995 genome.dna 1151319 1152696 NC_003112.gbk
1064 56.3 4395604 4396995 genome.dna 1183355 1184732 NC_003112.gbk
1725 58.0 4398393 4397095 genome.dna 840191 841496 NC_003112.gbk
1071 49.6 4402445 4401165 genome.dna 1056161 1057340 NC_003112.gbk
974 49.3 4403893 4402952 genome.dna 949827 948885 NC_003112.gbk
1115 36.7 4405841 4403886 genome.dna 1482167 1484144 NC_003112.gbk
452 48.6 4408042 4407560 genome.dna 470039 469577 NC_003112.gbk
743 58.4 4435345 4434803 genome.dna 1966589 1967153 NC_003112.gbk
498 35.5 4435653 4436702 genome.dna 267365 266441 NC_003112.gbk
375 32.6 4448185 4447619 genome.dna 951816 952377 NC_003112.gbk
2087 57.4 4451372 4449723 genome.dna 1416529 1414882 NC_003112.gbk
1035 41.4 4455549 4457003 genome.dna 491264 492731 NC_003112.gbk
734 61.8 4477982 4478530 genome.dna 658323 658854 NC_003112.gbk
787 47.3 4479596 4478769 genome.dna 365678 364868 NC_003112.gbk
571 34.9 4482321 4481200 genome.dna 124921 126115 NC_003112.gbk
619 53.3 4482450 4482959 genome.dna 118024 118528 NC_003112.gbk
883 47.7 4482986 4483933 genome.dna 118614 119541 NC_003112.gbk
1020 40.9 4484001 4485290 genome.dna 119619 120879 NC_003112.gbk
1358 46.2 4485347 4486723 genome.dna 1676931 1678344 NC_003112.gbk
563 68.9 4488068 4487676 genome.dna 164829 165198 NC_003112.gbk
1339 62.0 4489098 4488109 genome.dna 163819 164806 NC_003112.gbk
1000 72.8 4489744 4489124 genome.dna 163173 163794 NC_003112.gbk
689 74.8 4490164 4489775 genome.dna 162758 163154 NC_003112.gbk
539 68.1 4490537 4490181 genome.dna 162376 162739 NC_003112.gbk
184 68.4 4490800 4490684 genome.dna 162197 162311 NC_003112.gbk
1616 56.0 4492165 4490834 genome.dna 160643 161954 NC_003112.gbk
556 60.1 4492607 4492173 genome.dna 160197 160632 NC_003112.gbk
193 53.6 4492790 4492611 genome.dna 160010 160196 NC_003112.gbk
684 59.5 4493297 4492797 genome.dna 159499 160018 NC_003112.gbk
401 53.8 4493665 4493312 genome.dna 159127 159481 NC_003112.gbk
709 60.5 4494208 4493675 genome.dna 158580 159114 NC_003112.gbk
611 69.2 4494614 4494222 genome.dna 158174 158567 NC_003112.gbk
388 54.5 4494953 4494648 genome.dna 157853 158159 NC_003112.gbk
865 68.5 4495506 4494967 genome.dna 157311 157851 NC_003112.gbk
335 52.9 4495835 4495521 genome.dna 156978 157302 NC_003112.gbk
633 78.0 4496217 4495846 genome.dna 156598 156967 NC_003112.gbk
362 66.7 4496635 4496381 genome.dna 156113 156377 NC_003112.gbk
237 61.9 4496826 4496635 genome.dna 155922 156114 NC_003112.gbk
711 79.4 4497236 4496826 genome.dna 155506 155923 NC_003112.gbk
956 59.4 4497950 4497249 genome.dna 154830 155523 NC_003112.gbk
453 66.1 4498300 4497968 genome.dna 154491 154821 NC_003112.gbk
486 75.0 4498593 4498315 genome.dna 154204 154483 NC_003112.gbk
1295 68.0 4499431 4498610 genome.dna 153364 154198 NC_003112.gbk
302 52.0 4499751 4499449 genome.dna 153044 153359 NC_003112.gbk
712 54.2 4500353 4499748 genome.dna 152427 153048 NC_003112.gbk
893 67.0 4500993 4500364 genome.dna 151783 152428 NC_003112.gbk
465 71.6 4501337 4501026 genome.dna 150794 151106 NC_003112.gbk
538 57.0 4502117 4501644 genome.dna 1211082 1210608 NC_003112.gbk
3371 72.8 4505956 4503842 genome.dna 147401 149507 NC_003112.gbk
699 66.7 4506523 4506053 genome.dna 146912 147383 NC_003112.gbk
703 84.6 4506994 4506620 genome.dna 146423 146795 NC_003112.gbk
1585 43.5 4509286 4510932 genome.dna 1703547 1701912 NC_003112.gbk
569 37.9 4517475 4516657 genome.dna 1627235 1626416 NC_003112.gbk
114 30.9 4517758 4517976 genome.dna 2186051 2185826 NC_003112.gbk
397 42.3 4520431 4519847 genome.dna 1571832 1571349 NC_003112.gbk
826 34.8 4522627 4520816 genome.dna 209519 211496 NC_003112.gbk
2212 53.2 4523306 4525213 genome.dna 1232529 1230606 NC_003112.gbk
631 36.5 4526001 4527020 genome.dna 279589 278632 NC_003112.gbk
482 49.6 4528763 4528356 genome.dna 1624879 1624456 NC_003112.gbk
1566 57.4 4531124 4529898 genome.dna 1395589 1396786 NC_003112.gbk
869 63.0 4531820 4531245 genome.dna 985953 986544 NC_003112.gbk
604 53.2 4539402 4538833 genome.dna 1274363 1273805 NC_003112.gbk
573 33.5 4557783 4556779 genome.dna 1520500 1519489 NC_003112.gbk
326 32.3 4558484 4557780 genome.dna 653602 652939 NC_003112.gbk
1015 65.9 4559154 4558477 genome.dna 1251703 1250974 NC_003112.gbk
1185 52.5 4562421 4561336 genome.dna 1905436 1906516 NC_003112.gbk
416 44.6 4562994 4562473 genome.dna 1904844 1905357 NC_003112.gbk
1535 38.8 4567199 4569754 genome.dna 1898535 1896138 NC_003112.gbk
326 40.3 4573911 4574321 genome.dna 1178748 1178346 NC_003112.gbk
326 40.3 4573911 4574321 genome.dna 1146712 1146310 NC_003112.gbk
643 37.1 4574406 4575275 genome.dna 2114127 2113218 NC_003112.gbk
390 42.9 4592217 4591738 genome.dna 716023 715531 NC_003112.gbk
2921 59.9 4597892 4600225 genome.dna 84242 86516 NC_003112.gbk
402 33.8 4613436 4612669 genome.dna 272544 273294 NC_003112.gbk
259 31.8 4613483 4614184 genome.dna 272546 271820 NC_003112.gbk
690 43.3 4620311 4619553 genome.dna 1622078 1621304 NC_003112.gbk
1654 66.7 4644844 4643741 genome.dna 2201504 2202620 NC_003112.gbk
1593 55.1 4647455 4646079 genome.dna 2144417 2145803 NC_003112.gbk
1994 48.0 4672431 4670269 genome.dna 239386 241594 NC_003112.gbk
740 39.9 4674165 4673230 genome.dna 1973941 1973035 NC_003112.gbk
937 54.3 4675687 4674863 genome.dna 789034 789886 NC_003112.gbk
266 36.9 4676010 4676330 genome.dna 2076042 2076366 NC_003112.gbk
1056 56.5 4680620 4681561 genome.dna 560472 561408 NC_003112.gbk
1892 77.0 4702353 4701286 genome.dna 88700 89768 NC_003112.gbk
1892 77.0 4702353 4701286 genome.dna 72965 71897 NC_003112.gbk
1959 69.1 4708658 4707399 genome.dna 648864 647604 NC_003112.gbk
475 62.6 4709479 4709153 genome.dna 1390509 1390842 NC_003112.gbk
1027 35.6 4710897 4712393 genome.dna 1516515 1518024 NC_003112.gbk
1957 48.0 4714432 4712411 genome.dna 1490622 1492638 NC_003112.gbk
2055 52.8 4718921 4714953 genome.dna 409449 405843 NC_003112.gbk
2032 63.3 4719117 4720601 genome.dna 411224 409697 NC_003112.gbk
1781 53.6 4728119 4726569 genome.dna 898350 899877 NC_003112.gbk
2882 68.7 4729969 4728119 genome.dna 1189209 1187349 NC_003112.gbk
2882 68.7 4729969 4728119 genome.dna 1157173 1155313 NC_003112.gbk
1580 51.4 4733613 4735139 genome.dna 412040 413537 NC_003112.gbk
343 34.6 4748208 4747351 genome.dna 470240 471053 NC_003112.gbk
1305 54.2 4750499 4751602 genome.dna 1756044 1754955 NC_003112.gbk
638 37.4 4755209 4754301 genome.dna 167171 168092 NC_003112.gbk
1422 72.8 4756712 4755816 genome.dna 956259 957138 NC_003112.gbk
909 39.2 4766891 4765731 genome.dna 829443 828285 NC_003112.gbk
280 58.5 4770684 4770469 genome.dna 2051483 2051267 NC_003112.gbk
1643 39.4 4770998 4773196 genome.dna 577002 579192 NC_003112.gbk
472 33.1 4784192 4784938 genome.dna 1497269 1498049 NC_003112.gbk
606 43.8 4786326 4787093 genome.dna 1990599 1991373 NC_003112.gbk
312 38.6 4814473 4814072 genome.dna 1812117 1811682 NC_003112.gbk
593 57.6 4834867 4834403 genome.dna 271756 271291 NC_003112.gbk
906 54.6 4866035 4865178 genome.dna 744211 743338 NC_003112.gbk
445 30.3 4867335 4866367 genome.dna 4957 5875 NC_003112.gbk
730 50.2 4867996 4867325 genome.dna 4310 4961 NC_003112.gbk
1179 46.8 4869411 4868002 genome.dna 43185 44451 NC_003112.gbk
391 38.2 4869761 4870336 genome.dna 130903 131473 NC_003112.gbk
95 31.1 4871324 4871004 genome.dna 2230372 2230690 NC_003112.gbk
902 59.9 4875290 4875967 genome.dna 328623 327936 NC_003112.gbk
957 34.7 4911222 4909444 genome.dna 1077805 1075984 NC_003112.gbk
906 49.5 4919331 4920581 genome.dna 1916306 1917599 NC_003112.gbk
2608 59.4 4981440 4979023 genome.dna 216587 214196 NC_003112.gbk
944 42.9 4983694 4982594 genome.dna 2004145 2003041 NC_003112.gbk
1248 42.0 4985096 4983699 genome.dna 2005936 2004379 NC_003112.gbk
196 68.2 4985770 4985910 genome.dna 2006227 2006362 NC_003112.gbk
235 42.3 4985929 4986288 genome.dna 2006364 2006730 NC_003112.gbk
1066 38.0 4986512 4988146 genome.dna 2007187 2008825 NC_003112.gbk
1475 53.5 4988276 4989640 genome.dna 2090072 2091419 NC_003112.gbk
711 54.4 5004263 5003604 genome.dna 1136300 1135652 NC_003112.gbk
711 54.4 5004263 5003604 genome.dna 1168336 1167688 NC_003112.gbk
212 32.2 5004619 5004260 genome.dna 1168704 1168332 NC_003112.gbk
212 32.2 5004619 5004260 genome.dna 1136668 1136296 NC_003112.gbk
1030 69.1 5005309 5004638 genome.dna 1137346 1136674 NC_003112.gbk
1030 69.1 5005309 5004638 genome.dna 1169382 1168710 NC_003112.gbk
1475 51.4 5010680 5009268 genome.dna 438486 439797 NC_003112.gbk
1018 62.5 5022536 5021802 genome.dna 722397 721668 NC_003112.gbk
1264 49.4 5033818 5032592 genome.dna 1779041 1780292 NC_003112.gbk
935 57.9 5034549 5033818 genome.dna 1778319 1779048 NC_003112.gbk
241 46.7 5044387 5044136 genome.dna 1775829 1775583 NC_003112.gbk
275 52.3 5044671 5044405 genome.dna 1776101 1775840 NC_003112.gbk
501 35.9 5045479 5044691 genome.dna 1776856 1776097 NC_003112.gbk
2006 51.7 5049054 5047222 genome.dna 29690 27851 NC_003112.gbk
1575 53.4 5050610 5049240 genome.dna 37824 36453 NC_003112.gbk
358 43.9 5053946 5053527 genome.dna 2032097 2031674 NC_003112.gbk
2457 81.2 5055348 5053966 genome.dna 2033505 2032107 NC_003112.gbk
961 51.5 5056259 5055396 genome.dna 2034418 2033542 NC_003112.gbk
2364 68.4 5057853 5056312 genome.dna 2035990 2034442 NC_003112.gbk
292 30.2 5058399 5057866 genome.dna 2036534 2036000 NC_003112.gbk
454 44.2 5058884 5058414 genome.dna 2037009 2036538 NC_003112.gbk
208 44.9 5059187 5058948 genome.dna 2037316 2037079 NC_003112.gbk
686 46.8 5060037 5059237 genome.dna 2038239 2037372 NC_003112.gbk
588 46.4 5061686 5061066 genome.dna 187941 188565 NC_003112.gbk
2671 64.1 5063659 5061770 genome.dna 193245 191349 NC_003112.gbk
