454 30.9 62838 64181 genome.dna 69992 71207 NC_005213.gbk
289 37.0 252872 253300 genome.dna 93701 94184 NC_005213.gbk
158 31.6 352645 353037 genome.dna 397015 397426 NC_005213.gbk
359 31.3 755628 756641 genome.dna 438387 437442 NC_005213.gbk
693 32.2 1504627 1506285 genome.dna 275496 277185 NC_005213.gbk
411 35.5 1600255 1600836 genome.dna 283657 284254 NC_005213.gbk
371 32.4 2050132 2050929 genome.dna 406591 405850 NC_005213.gbk
347 30.8 2585970 2586605 genome.dna 346124 346763 NC_005213.gbk
1022 38.8 3519048 3517663 genome.dna 48852 50226 NC_005213.gbk
158 31.5 3608433 3608005 genome.dna 279557 279044 NC_005213.gbk
279 30.5 3622783 3622058 genome.dna 333861 334560 NC_005213.gbk
460 46.3 4039680 4040210 genome.dna 409771 409288 NC_005213.gbk
217 31.8 4064375 4065496 genome.dna 72157 73591 NC_005213.gbk
249 36.8 4137049 4136630 genome.dna 135772 135373 NC_005213.gbk
324 31.1 4207998 4208687 genome.dna 278261 278930 NC_005213.gbk
776 39.7 4258960 4257809 genome.dna 419355 420414 NC_005213.gbk
138 40.8 4490164 4489775 genome.dna 64144 63751 NC_005213.gbk
150 32.3 4490537 4490181 genome.dna 415778 415316 NC_005213.gbk
239 39.7 4496217 4495846 genome.dna 87470 87068 NC_005213.gbk
106 37.5 4496826 4496635 genome.dna 232467 232659 NC_005213.gbk
204 35.4 4501337 4501026 genome.dna 78117 78447 NC_005213.gbk
718 38.8 4730969 4730043 genome.dna 170449 171328 NC_005213.gbk
93 30.9 5059187 5058948 genome.dna 194470 194260 NC_005213.gbk
