594 38.3 14538 15464 genome.dna 631399 630493 NC_002935.gbk
1234 37.5 25826 28615 genome.dna 1129827 1132527 NC_002935.gbk
1596 50.8 36667 35258 genome.dna 1678596 1680033 NC_002935.gbk
1158 46.4 37037 38860 genome.dna 939898 941809 NC_002935.gbk
257 36.1 39698 40135 genome.dna 1429599 1430037 NC_002935.gbk
1182 35.5 47188 45107 genome.dna 1121803 1123918 NC_002935.gbk
433 37.1 50956 50333 genome.dna 1341256 1340680 NC_002935.gbk
1701 59.9 62838 64181 genome.dna 1574324 1572977 NC_002935.gbk
735 30.7 70479 68437 genome.dna 1770306 1768326 NC_002935.gbk
658 30.9 77642 78994 genome.dna 1516190 1517582 NC_002935.gbk
482 43.7 97287 96724 genome.dna 113936 114524 NC_002935.gbk
375 46.9 110262 109636 genome.dna 2353491 2354091 NC_002935.gbk
2236 64.6 111626 113161 genome.dna 2166483 2164962 NC_002935.gbk
664 35.2 157508 156588 genome.dna 929412 930339 NC_002935.gbk
850 57.9 162282 162998 genome.dna 1896261 1895535 NC_002935.gbk
269 36.0 165569 165111 genome.dna 1419653 1419194 NC_002935.gbk
873 39.9 166824 165547 genome.dna 1340227 1338982 NC_002935.gbk
262 49.4 167881 168117 genome.dna 826528 826291 NC_002935.gbk
195 53.7 168129 168296 genome.dna 826288 826123 NC_002935.gbk
351 34.7 168516 169325 genome.dna 1570666 1569775 NC_002935.gbk
458 42.9 170854 170375 genome.dna 1124749 1125229 NC_002935.gbk
723 38.4 192775 193791 genome.dna 1115315 1116311 NC_002935.gbk
843 33.3 212248 209609 genome.dna 1106380 1109089 NC_002935.gbk
600 40.1 217784 218788 genome.dna 1159279 1160323 NC_002935.gbk
326 31.3 218826 219599 genome.dna 1161594 1162527 NC_002935.gbk
1005 39.7 219661 221034 genome.dna 1166703 1168137 NC_002935.gbk
398 40.0 222967 223722 genome.dna 390870 391503 NC_002935.gbk
949 47.9 228573 229595 genome.dna 368724 369717 NC_002935.gbk
386 36.5 237567 238178 genome.dna 1604971 1604329 NC_002935.gbk
370 33.5 245968 247005 genome.dna 350142 351276 NC_002935.gbk
1085 52.7 248939 247989 genome.dna 903288 902361 NC_002935.gbk
1929 71.7 250357 251541 genome.dna 440422 441613 NC_002935.gbk
549 61.9 252872 253300 genome.dna 396773 397202 NC_002935.gbk
730 48.5 253304 254008 genome.dna 397268 397976 NC_002935.gbk
237 34.9 254326 254823 genome.dna 399727 400243 NC_002935.gbk
397 56.1 254890 255255 genome.dna 400286 400667 NC_002935.gbk
2029 44.7 255584 259612 genome.dna 409722 413250 NC_002935.gbk
1646 42.4 259736 263959 genome.dna 413297 417308 NC_002935.gbk
790 34.0 264271 265668 genome.dna 2239755 2241060 NC_002935.gbk
656 43.5 269828 269043 genome.dna 31288 32074 NC_002935.gbk
138 33.3 270030 269830 genome.dna 31086 31287 NC_002935.gbk
197 31.2 271449 270808 genome.dna 29349 30018 NC_002935.gbk
2262 65.4 273440 271446 genome.dna 27566 29366 NC_002935.gbk
809 40.2 275283 276347 genome.dna 373883 374918 NC_002935.gbk
1101 43.2 280242 278956 genome.dna 1988273 1986986 NC_002935.gbk
1071 45.4 281849 280260 genome.dna 817380 818958 NC_002935.gbk
552 33.3 301263 300298 genome.dna 1958273 1959425 NC_002935.gbk
466 53.8 307589 307137 genome.dna 1355711 1355270 NC_002935.gbk
936 46.7 310630 309653 genome.dna 1861302 1862349 NC_002935.gbk
626 37.1 334964 334107 genome.dna 1325457 1324557 NC_002935.gbk
1126 45.8 345980 347242 genome.dna 1938363 1937106 NC_002935.gbk
459 46.8 352201 352629 genome.dna 531310 531754 NC_002935.gbk
572 37.8 372605 373492 genome.dna 845141 846017 NC_002935.gbk
751 42.6 399153 398326 genome.dna 769058 769931 NC_002935.gbk
116 36.6 431880 431494 genome.dna 269365 269830 NC_002935.gbk
441 35.0 433394 432459 genome.dna 1349761 1348819 NC_002935.gbk
576 36.4 435364 434357 genome.dna 1163789 1164749 NC_002935.gbk
1082 41.4 460910 458055 genome.dna 1833107 1830347 NC_002935.gbk
721 33.3 463248 461737 genome.dna 1670997 1672500 NC_002935.gbk
1354 39.9 511134 509425 genome.dna 931287 932970 NC_002935.gbk
1173 40.5 530287 528905 genome.dna 2024798 2026190 NC_002935.gbk
543 41.4 533382 534971 genome.dna 867134 865499 NC_002935.gbk
679 35.3 543754 544950 genome.dna 1097889 1096755 NC_002935.gbk
1746 64.1 694412 693111 genome.dna 1261176 1259868 NC_002935.gbk
2054 67.2 695973 694534 genome.dna 1259594 1258019 NC_002935.gbk
243 42.7 697176 697469 genome.dna 543375 543672 NC_002935.gbk
1909 58.2 697515 699164 genome.dna 2075508 2073867 NC_002935.gbk
797 39.5 708773 707778 genome.dna 1076903 1075820 NC_002935.gbk
136 30.4 709289 708894 genome.dna 838430 838844 NC_002935.gbk
670 34.5 726542 725589 genome.dna 1477418 1476410 NC_002935.gbk
316 34.4 750702 751205 genome.dna 804705 804153 NC_002935.gbk
723 30.1 755031 753277 genome.dna 1737983 1736084 NC_002935.gbk
831 44.0 755628 756641 genome.dna 542181 543234 NC_002935.gbk
510 33.8 761351 760380 genome.dna 393734 394727 NC_002935.gbk
251 37.6 761608 761919 genome.dna 1824498 1824192 NC_002935.gbk
336 63.9 761939 762196 genome.dna 1824152 1823885 NC_002935.gbk
906 40.1 763509 764681 genome.dna 1823725 1822198 NC_002935.gbk
215 33.6 766454 766933 genome.dna 898766 898244 NC_002935.gbk
561 37.9 770241 771074 genome.dna 2047986 2047149 NC_002935.gbk
1185 46.2 771082 772419 genome.dna 532452 533796 NC_002935.gbk
210 33.1 782083 782481 genome.dna 1496379 1495935 NC_002935.gbk
542 34.7 782481 783425 genome.dna 1491197 1492100 NC_002935.gbk
319 57.3 783547 783816 genome.dna 1489035 1488765 NC_002935.gbk
1273 44.0 784066 786186 genome.dna 1488574 1486306 NC_002935.gbk
1626 49.4 787369 789282 genome.dna 993505 995548 NC_002935.gbk
731 48.5 798538 799257 genome.dna 234347 235064 NC_002935.gbk
235 34.0 803045 802602 genome.dna 541689 542181 NC_002935.gbk
616 41.3 808710 809492 genome.dna 960780 960039 NC_002935.gbk
620 40.5 839867 840766 genome.dna 1184539 1185475 NC_002935.gbk
1239 40.9 844582 846099 genome.dna 2037435 2035872 NC_002935.gbk
733 44.2 894744 893086 genome.dna 771400 773053 NC_002935.gbk
1231 44.8 909308 910588 genome.dna 600274 598957 NC_002935.gbk
439 50.0 927840 927358 genome.dna 726535 727027 NC_002935.gbk
539 30.9 931102 929441 genome.dna 1179858 1181598 NC_002935.gbk
1052 52.5 941591 942676 genome.dna 509269 508132 NC_002935.gbk
1012 61.5 946629 945835 genome.dna 1126565 1125797 NC_002935.gbk
656 39.0 947612 946671 genome.dna 1127513 1126568 NC_002935.gbk
517 30.2 953342 951408 genome.dna 1139700 1137669 NC_002935.gbk
1335 46.0 955638 953644 genome.dna 1311648 1313751 NC_002935.gbk
266 38.6 957261 956803 genome.dna 1844762 1844288 NC_002935.gbk
1029 54.6 997695 996727 genome.dna 1940557 1941493 NC_002935.gbk
256 31.5 1014421 1015077 genome.dna 311421 312120 NC_002935.gbk
450 41.0 1062176 1061622 genome.dna 58729 59365 NC_002935.gbk
466 34.0 1087227 1087946 genome.dna 2258717 2259497 NC_002935.gbk
1193 61.7 1100443 1101237 genome.dna 798452 797639 NC_002935.gbk
753 44.8 1154052 1153258 genome.dna 1520026 1519141 NC_002935.gbk
772 50.4 1154397 1155122 genome.dna 1532798 1531997 NC_002935.gbk
261 41.7 1155257 1156108 genome.dna 1531717 1530889 NC_002935.gbk
639 42.4 1156279 1157004 genome.dna 1530747 1529937 NC_002935.gbk
522 42.3 1157130 1157687 genome.dna 1529866 1529308 NC_002935.gbk
549 38.7 1157925 1159121 genome.dna 1525749 1524585 NC_002935.gbk
598 40.6 1159320 1160081 genome.dna 1750100 1749362 NC_002935.gbk
1596 34.9 1169670 1173152 genome.dna 1609896 1606335 NC_002935.gbk
364 47.1 1211683 1212024 genome.dna 1109488 1109098 NC_002935.gbk
807 32.1 1265611 1266930 genome.dna 1779544 1780849 NC_002935.gbk
404 37.4 1270601 1269999 genome.dna 1439075 1438478 NC_002935.gbk
348 39.2 1272920 1274065 genome.dna 214615 215908 NC_002935.gbk
410 42.4 1278470 1278919 genome.dna 1445859 1445403 NC_002935.gbk
276 40.7 1280201 1280677 genome.dna 1328702 1328234 NC_002935.gbk
1198 35.7 1284598 1282733 genome.dna 1416625 1414717 NC_002935.gbk
191 30.2 1288101 1287511 genome.dna 2084695 2085232 NC_002935.gbk
460 32.0 1292157 1291267 genome.dna 1311271 1310338 NC_002935.gbk
379 33.9 1293119 1292505 genome.dna 1661446 1660828 NC_002935.gbk
727 52.7 1301367 1301990 genome.dna 1840091 1839461 NC_002935.gbk
1417 59.4 1302154 1303428 genome.dna 1836695 1835402 NC_002935.gbk
457 39.2 1319182 1318319 genome.dna 1397212 1396357 NC_002935.gbk
148 63.4 1322427 1322284 genome.dna 1917185 1917062 NC_002935.gbk
243 43.0 1322693 1322445 genome.dna 826997 827264 NC_002935.gbk
265 38.0 1329039 1329440 genome.dna 2462779 2463157 NC_002935.gbk
436 41.3 1329655 1330212 genome.dna 1387642 1387087 NC_002935.gbk
230 38.7 1332403 1332732 genome.dna 223594 223915 NC_002935.gbk
348 40.8 1332732 1333337 genome.dna 223918 224575 NC_002935.gbk
418 38.5 1335658 1336302 genome.dna 511080 511626 NC_002935.gbk
114 31.0 1348630 1348836 genome.dna 1858035 1858236 NC_002935.gbk
467 49.0 1352428 1351949 genome.dna 684448 683944 NC_002935.gbk
1443 44.9 1363499 1366138 genome.dna 8791 11362 NC_002935.gbk
686 51.8 1381835 1382692 genome.dna 386966 386099 NC_002935.gbk
988 41.5 1395770 1396903 genome.dna 648377 649634 NC_002935.gbk
948 43.4 1399081 1400775 genome.dna 649639 651385 NC_002935.gbk
287 36.9 1400772 1401275 genome.dna 652546 653059 NC_002935.gbk
826 42.6 1402802 1401792 genome.dna 643638 644709 NC_002935.gbk
1382 53.7 1403920 1402802 genome.dna 643324 642208 NC_002935.gbk
193 39.0 1404198 1403920 genome.dna 643581 643323 NC_002935.gbk
710 45.6 1405064 1404189 genome.dna 647315 648077 NC_002935.gbk
860 39.5 1422749 1425052 genome.dna 646952 644717 NC_002935.gbk
432 41.7 1426894 1426256 genome.dna 816767 817391 NC_002935.gbk
1082 48.1 1427931 1426894 genome.dna 1971982 1970917 NC_002935.gbk
542 40.4 1428285 1428911 genome.dna 612989 613625 NC_002935.gbk
553 39.7 1429248 1430537 genome.dna 1458255 1456968 NC_002935.gbk
432 44.0 1433876 1433409 genome.dna 1882836 1883310 NC_002935.gbk
529 34.9 1434853 1435731 genome.dna 1484541 1483635 NC_002935.gbk
321 69.2 1468125 1468334 genome.dna 285651 285855 NC_002935.gbk
766 37.3 1470427 1469462 genome.dna 1675955 1677044 NC_002935.gbk
306 33.0 1471338 1470655 genome.dna 1675150 1675903 NC_002935.gbk
298 35.7 1479078 1478437 genome.dna 1819459 1818772 NC_002935.gbk
706 36.3 1483266 1480684 genome.dna 2424828 2421945 NC_002935.gbk
921 49.8 1492026 1490968 genome.dna 1755563 1754594 NC_002935.gbk
1034 34.4 1493774 1492350 genome.dna 1469000 1467449 NC_002935.gbk
575 39.5 1502595 1501795 genome.dna 489787 490567 NC_002935.gbk
2235 63.2 1512651 1514294 genome.dna 1926618 1924980 NC_002935.gbk
589 34.3 1528762 1530255 genome.dna 93039 94380 NC_002935.gbk
1361 50.6 1536355 1535069 genome.dna 765540 766848 NC_002935.gbk
506 34.6 1558773 1559834 genome.dna 2349510 2350428 NC_002935.gbk
598 35.5 1561588 1560626 genome.dna 1085793 1086717 NC_002935.gbk
905 56.0 1563766 1563014 genome.dna 356495 357281 NC_002935.gbk
722 40.4 1573036 1572017 genome.dna 1432037 1433024 NC_002935.gbk
422 41.1 1600255 1600836 genome.dna 2209255 2208691 NC_002935.gbk
431 31.0 1603000 1604352 genome.dna 1136511 1135098 NC_002935.gbk
160 30.9 1609114 1609548 genome.dna 1720168 1720630 NC_002935.gbk
963 36.2 1633374 1634744 genome.dna 661190 662567 NC_002935.gbk
1080 57.0 1637078 1636206 genome.dna 327281 326408 NC_002935.gbk
1649 52.7 1638449 1639855 genome.dna 1216322 1214867 NC_002935.gbk
470 30.2 1734028 1732952 genome.dna 632599 631543 NC_002935.gbk
446 32.6 1742860 1743672 genome.dna 577820 576947 NC_002935.gbk
1578 52.3 1782838 1781498 genome.dna 1197599 1198985 NC_002935.gbk
1096 34.7 1805059 1803281 genome.dna 290084 291839 NC_002935.gbk
1098 37.2 1806608 1805097 genome.dna 288590 290078 NC_002935.gbk
1045 42.4 1807866 1806619 genome.dna 287346 288594 NC_002935.gbk
674 30.8 1830416 1829217 genome.dna 2241388 2242600 NC_002935.gbk
1433 46.8 1847037 1842241 genome.dna 799342 804157 NC_002935.gbk
306 47.4 1860773 1860348 genome.dna 938321 937976 NC_002935.gbk
187 38.8 1862440 1862120 genome.dna 382363 382093 NC_002935.gbk
2079 52.0 1992328 1990295 genome.dna 2289207 2286981 NC_002935.gbk
1703 48.0 1994834 1996513 genome.dna 2289559 2291272 NC_002935.gbk
214 37.3 2005949 2005503 genome.dna 807363 807777 NC_002935.gbk
172 41.7 2010635 2010913 genome.dna 1568210 1567922 NC_002935.gbk
576 33.1 2021483 2019963 genome.dna 103154 104525 NC_002935.gbk
452 30.9 2028974 2027880 genome.dna 2081561 2080478 NC_002935.gbk
345 36.6 2030910 2030332 genome.dna 1007345 1006814 NC_002935.gbk
322 31.8 2040198 2039605 genome.dna 630475 629878 NC_002935.gbk
439 30.5 2050132 2050929 genome.dna 847894 848749 NC_002935.gbk
770 32.6 2053746 2055224 genome.dna 1064158 1065574 NC_002935.gbk
1896 35.6 2070405 2066956 genome.dna 883471 887266 NC_002935.gbk
243 42.9 2076838 2077179 genome.dna 739023 738681 NC_002935.gbk
469 35.7 2077218 2077982 genome.dna 739860 739056 NC_002935.gbk
292 37.2 2079241 2079792 genome.dna 1978933 1978462 NC_002935.gbk
706 31.9 2088494 2089945 genome.dna 1506044 1507391 NC_002935.gbk
1082 39.9 2112831 2114330 genome.dna 1304299 1302919 NC_002935.gbk
730 48.9 2114428 2115174 genome.dna 1301713 1300954 NC_002935.gbk
1104 41.2 2116495 2117718 genome.dna 1300955 1299674 NC_002935.gbk
1117 41.0 2121733 2120321 genome.dna 1583053 1581631 NC_002935.gbk
405 38.9 2153926 2154558 genome.dna 2431701 2432301 NC_002935.gbk
443 30.7 2158261 2157266 genome.dna 150270 149322 NC_002935.gbk
1159 38.6 2177036 2175615 genome.dna 1010860 1009342 NC_002935.gbk
638 40.0 2177765 2177046 genome.dna 1011669 1010883 NC_002935.gbk
513 30.4 2179364 2177811 genome.dna 14662 12991 NC_002935.gbk
376 34.9 2181519 2182154 genome.dna 1330664 1330055 NC_002935.gbk
1162 44.3 2192856 2194133 genome.dna 1168426 1169689 NC_002935.gbk
709 37.7 2194218 2195078 genome.dna 1752677 1751816 NC_002935.gbk
1774 55.0 2198282 2200954 genome.dna 1290760 1293565 NC_002935.gbk
2358 53.3 2221311 2219248 genome.dna 1855729 1858015 NC_002935.gbk
595 56.8 2258625 2258122 genome.dna 1381041 1380543 NC_002935.gbk
2944 47.5 2275609 2279496 genome.dna 1441387 1445341 NC_002935.gbk
667 31.0 2308348 2309736 genome.dna 471705 470373 NC_002935.gbk
3825 45.6 2310451 2314227 genome.dna 470330 466607 NC_002935.gbk
1973 55.1 2314227 2315807 genome.dna 466608 465006 NC_002935.gbk
382 32.2 2316519 2317223 genome.dna 464312 463532 NC_002935.gbk
164 36.0 2324296 2324544 genome.dna 2366693 2366429 NC_002935.gbk
1334 44.7 2338271 2339743 genome.dna 809707 811192 NC_002935.gbk
578 41.7 2351826 2352485 genome.dna 575891 575213 NC_002935.gbk
963 42.5 2359305 2358133 genome.dna 602927 604208 NC_002935.gbk
477 34.2 2472640 2473437 genome.dna 720886 720097 NC_002935.gbk
1117 49.9 2487322 2486231 genome.dna 919765 920851 NC_002935.gbk
365 35.8 2488039 2487452 genome.dna 868529 867986 NC_002935.gbk
822 41.9 2489732 2488785 genome.dna 874515 873534 NC_002935.gbk
941 45.0 2492889 2493971 genome.dna 1023433 1024504 NC_002935.gbk
355 30.0 2493971 2494816 genome.dna 1024508 1025327 NC_002935.gbk
333 34.6 2507977 2507444 genome.dna 1509048 1508538 NC_002935.gbk
292 39.0 2511822 2511298 genome.dna 2421561 2420958 NC_002935.gbk
612 38.5 2530749 2531648 genome.dna 1074928 1075810 NC_002935.gbk
547 41.6 2552084 2552833 genome.dna 114528 115257 NC_002935.gbk
869 32.8 2556170 2554698 genome.dna 908165 906599 NC_002935.gbk
1394 49.8 2563367 2561970 genome.dna 910362 908958 NC_002935.gbk
559 39.6 2563607 2564779 genome.dna 663662 664832 NC_002935.gbk
915 46.5 2570445 2569453 genome.dna 2467643 2468612 NC_002935.gbk
403 34.1 2585970 2586605 genome.dna 271953 272709 NC_002935.gbk
313 40.9 2595969 2596559 genome.dna 1511031 1510410 NC_002935.gbk
1143 47.4 2602958 2604520 genome.dna 2458034 2459588 NC_002935.gbk
1081 44.1 2606188 2607555 genome.dna 2461261 2462719 NC_002935.gbk
1805 68.6 2607572 2608762 genome.dna 2465138 2466365 NC_002935.gbk
879 51.1 2608762 2609568 genome.dna 2466369 2467206 NC_002935.gbk
557 35.9 2639766 2638855 genome.dna 834144 835065 NC_002935.gbk
307 40.8 2642181 2642648 genome.dna 1202019 1201641 NC_002935.gbk
311 39.7 2654386 2653967 genome.dna 1411415 1411826 NC_002935.gbk
1165 55.2 2654735 2655739 genome.dna 1322115 1321110 NC_002935.gbk
1136 34.9 2683421 2681736 genome.dna 355109 353408 NC_002935.gbk
249 31.7 2685383 2684682 genome.dna 541020 541689 NC_002935.gbk
781 34.2 2687417 2685498 genome.dna 1901705 1903655 NC_002935.gbk
1853 62.0 2691006 2692370 genome.dna 455276 456653 NC_002935.gbk
371 34.0 2702630 2701800 genome.dna 957690 958560 NC_002935.gbk
439 32.0 2704043 2704957 genome.dna 141607 142573 NC_002935.gbk
624 41.6 2704954 2705844 genome.dna 142672 143407 NC_002935.gbk
575 36.0 2705844 2706707 genome.dna 403881 404745 NC_002935.gbk
722 32.4 2722186 2723580 genome.dna 2042050 2043478 NC_002935.gbk
887 52.7 2724246 2725070 genome.dna 1917353 1918172 NC_002935.gbk
725 32.4 2731236 2728849 genome.dna 1156642 1159153 NC_002935.gbk
917 44.1 2732234 2731251 genome.dna 1155545 1156601 NC_002935.gbk
441 58.1 2732903 2732547 genome.dna 1153171 1153555 NC_002935.gbk
139 46.2 2733144 2732947 genome.dna 1152915 1153110 NC_002935.gbk
571 51.5 2733782 2733240 genome.dna 1152382 1152886 NC_002935.gbk
954 38.2 2735713 2733785 genome.dna 1406608 1404544 NC_002935.gbk
999 34.4 2737369 2735993 genome.dna 952601 951236 NC_002935.gbk
716 36.3 2757088 2758194 genome.dna 1055669 1056770 NC_002935.gbk
274 30.6 2788070 2787564 genome.dna 1910802 1911288 NC_002935.gbk
1110 39.8 2791079 2789028 genome.dna 1981064 1978934 NC_002935.gbk
1095 40.2 2794931 2793456 genome.dna 1315018 1316668 NC_002935.gbk
1173 52.9 2809298 2808294 genome.dna 1394026 1392937 NC_002935.gbk
353 37.6 2809923 2809306 genome.dna 1394655 1394043 NC_002935.gbk
325 36.7 2810663 2810151 genome.dna 1395185 1394693 NC_002935.gbk
720 48.0 2811487 2810744 genome.dna 1396120 1395367 NC_002935.gbk
1557 46.5 2813755 2811956 genome.dna 1369615 1367809 NC_002935.gbk
278 31.4 2841233 2840649 genome.dna 836462 837125 NC_002935.gbk
651 39.8 2859653 2858643 genome.dna 1270942 1272034 NC_002935.gbk
462 37.9 2869134 2868487 genome.dna 1380534 1379877 NC_002935.gbk
856 30.0 2887241 2885457 genome.dna 2219655 2217900 NC_002935.gbk
326 31.6 2916384 2917283 genome.dna 1262382 1261536 NC_002935.gbk
571 34.3 2917289 2918617 genome.dna 1594310 1592960 NC_002935.gbk
459 31.8 2918614 2919687 genome.dna 1592922 1591821 NC_002935.gbk
312 38.1 2920770 2921360 genome.dna 1589266 1588633 NC_002935.gbk
497 35.1 2921367 2922104 genome.dna 1588536 1587807 NC_002935.gbk
682 41.9 2922086 2922862 genome.dna 1586935 1586158 NC_002935.gbk
544 44.2 2926492 2925815 genome.dna 1195002 1195728 NC_002935.gbk
574 30.8 2928002 2926713 genome.dna 683279 681983 NC_002935.gbk
603 37.4 2966712 2967509 genome.dna 345990 345114 NC_002935.gbk
733 35.4 2975613 2974318 genome.dna 2331227 2329967 NC_002935.gbk
1116 44.5 2977060 2975717 genome.dna 1366400 1365029 NC_002935.gbk
904 44.6 2982496 2983455 genome.dna 2480309 2481254 NC_002935.gbk
327 65.3 2988043 2988261 genome.dna 516213 516432 NC_002935.gbk
959 38.4 2992855 2990582 genome.dna 2032884 2030232 NC_002935.gbk
573 30.6 2999998 3001434 genome.dna 293310 291816 NC_002935.gbk
491 39.5 3016080 3015361 genome.dna 228507 227742 NC_002935.gbk
508 44.7 3019705 3020373 genome.dna 236459 237116 NC_002935.gbk
414 41.7 3046334 3045672 genome.dna 2048999 2048426 NC_002935.gbk
358 30.8 3064304 3063432 genome.dna 876960 876063 NC_002935.gbk
670 40.7 3080104 3081720 genome.dna 1787073 1788516 NC_002935.gbk
601 38.7 3106945 3107832 genome.dna 560233 559336 NC_002935.gbk
305 39.4 3108684 3109187 genome.dna 2399845 2399359 NC_002935.gbk
271 33.7 3129712 3129173 genome.dna 1772072 1771520 NC_002935.gbk
782 45.6 3148240 3147401 genome.dna 1038771 1037949 NC_002935.gbk
657 37.6 3150266 3149277 genome.dna 1040736 1039728 NC_002935.gbk
382 31.1 3151270 3150263 genome.dna 1040783 1041827 NC_002935.gbk
403 47.1 3155863 3155369 genome.dna 475141 474673 NC_002935.gbk
582 33.2 3157424 3156435 genome.dna 477438 476406 NC_002935.gbk
2442 57.5 3161386 3159374 genome.dna 1142203 1144249 NC_002935.gbk
697 36.9 3165022 3163865 genome.dna 1399384 1400575 NC_002935.gbk
649 36.4 3166099 3165062 genome.dna 86341 87394 NC_002935.gbk
1480 51.5 3166195 3167499 genome.dna 1189691 1190987 NC_002935.gbk
756 43.7 3173816 3172911 genome.dna 1786255 1787077 NC_002935.gbk
241 33.3 3228583 3228035 genome.dna 1475939 1475348 NC_002935.gbk
242 33.7 3230474 3228642 genome.dna 1327526 1325462 NC_002935.gbk
380 30.1 3231123 3230467 genome.dna 76479 75819 NC_002935.gbk
704 34.7 3290769 3289561 genome.dna 1053531 1054668 NC_002935.gbk
714 36.1 3312061 3311105 genome.dna 1785304 1786252 NC_002935.gbk
866 37.4 3352107 3353684 genome.dna 1950741 1952253 NC_002935.gbk
575 36.4 3353699 3354838 genome.dna 1952260 1953235 NC_002935.gbk
575 31.9 3368339 3370030 genome.dna 500293 498592 NC_002935.gbk
1736 62.8 3389494 3390708 genome.dna 2200330 2201602 NC_002935.gbk
284 35.1 3394163 3393489 genome.dna 1263441 1262745 NC_002935.gbk
1022 43.0 3395711 3396913 genome.dna 2103676 2102476 NC_002935.gbk
635 37.8 3409858 3408341 genome.dna 1973523 1972041 NC_002935.gbk
455 36.7 3414435 3413773 genome.dna 2398583 2399222 NC_002935.gbk
278 34.5 3415469 3414618 genome.dna 519769 520657 NC_002935.gbk
262 35.1 3416479 3415469 genome.dna 246015 247047 NC_002935.gbk
545 35.0 3425582 3424782 genome.dna 109477 110248 NC_002935.gbk
207 35.5 3427528 3426443 genome.dna 1358605 1357393 NC_002935.gbk
1597 49.3 3443783 3442200 genome.dna 1514703 1513203 NC_002935.gbk
544 31.9 3514279 3513113 genome.dna 2208686 2207480 NC_002935.gbk
731 43.6 3516455 3517318 genome.dna 588392 589238 NC_002935.gbk
1209 43.3 3519048 3517663 genome.dna 2020291 2018899 NC_002935.gbk
503 51.3 3521609 3522118 genome.dna 641250 641751 NC_002935.gbk
1687 61.3 3523656 3524945 genome.dna 453908 455252 NC_002935.gbk
283 33.9 3540580 3539417 genome.dna 988472 989702 NC_002935.gbk
524 32.4 3541630 3540590 genome.dna 987358 988489 NC_002935.gbk
768 34.7 3548305 3549609 genome.dna 503680 505084 NC_002935.gbk
613 33.6 3549622 3550470 genome.dna 505083 505962 NC_002935.gbk
598 41.5 3569781 3570509 genome.dna 668618 669317 NC_002935.gbk
558 42.1 3577570 3576767 genome.dna 33080 33899 NC_002935.gbk
1571 47.8 3590632 3589055 genome.dna 562427 564005 NC_002935.gbk
1366 53.1 3592205 3590739 genome.dna 547581 549102 NC_002935.gbk
607 31.3 3592378 3593766 genome.dna 914055 912813 NC_002935.gbk
504 34.0 3599984 3598497 genome.dna 1195724 1197368 NC_002935.gbk
1072 43.1 3603229 3601955 genome.dna 1379837 1378565 NC_002935.gbk
996 46.7 3604488 3603367 genome.dna 1523221 1522045 NC_002935.gbk
738 38.1 3607701 3606505 genome.dna 1527691 1526584 NC_002935.gbk
368 45.1 3608433 3608005 genome.dna 1828277 1827842 NC_002935.gbk
568 39.3 3611852 3612721 genome.dna 1276807 1276057 NC_002935.gbk
407 34.3 3622920 3623723 genome.dna 1421662 1420828 NC_002935.gbk
1051 45.6 3625021 3626103 genome.dna 89228 90272 NC_002935.gbk
586 41.4 3626100 3626900 genome.dna 90273 91032 NC_002935.gbk
790 33.7 3630615 3629488 genome.dna 88040 89228 NC_002935.gbk
469 58.0 3640872 3640534 genome.dna 1558147 1557808 NC_002935.gbk
393 43.6 3651787 3651263 genome.dna 209791 210235 NC_002935.gbk
592 35.8 3682691 3681786 genome.dna 1751765 1750847 NC_002935.gbk
478 42.7 3683368 3682688 genome.dna 1571433 1570683 NC_002935.gbk
141 30.0 3684626 3683661 genome.dna 1540034 1539176 NC_002935.gbk
2104 53.0 3686442 3684643 genome.dna 1811045 1809197 NC_002935.gbk
264 30.8 3689432 3688857 genome.dna 2479571 2480174 NC_002935.gbk
576 43.5 3694571 3695257 genome.dna 1119459 1120128 NC_002935.gbk
327 45.6 3714535 3714188 genome.dna 1666311 1665966 NC_002935.gbk
1362 51.8 3714803 3716083 genome.dna 376341 377634 NC_002935.gbk
795 34.3 3727511 3725031 genome.dna 112583 110237 NC_002935.gbk
234 32.7 3732230 3732727 genome.dna 2046769 2046289 NC_002935.gbk
703 43.8 3732844 3733638 genome.dna 2464802 2464010 NC_002935.gbk
580 39.5 3733793 3734647 genome.dna 2463153 2464014 NC_002935.gbk
536 46.4 3738313 3737777 genome.dna 2052176 2051612 NC_002935.gbk
311 58.1 3744803 3745042 genome.dna 1914301 1914067 NC_002935.gbk
468 53.1 3745052 3745459 genome.dna 1913974 1913548 NC_002935.gbk
3544 74.6 3745456 3747603 genome.dna 1913499 1911339 NC_002935.gbk
1604 74.5 3747628 3748590 genome.dna 1910490 1909503 NC_002935.gbk
2696 54.9 3762599 3760023 genome.dna 2154398 2151848 NC_002935.gbk
436 34.0 3763458 3762733 genome.dna 1623908 1623167 NC_002935.gbk
482 34.5 3764478 3763501 genome.dna 1612371 1611444 NC_002935.gbk
404 52.3 3773009 3772662 genome.dna 1548875 1548533 NC_002935.gbk
489 38.2 3773827 3773072 genome.dna 1552581 1551702 NC_002935.gbk
864 45.3 3776200 3774839 genome.dna 1555534 1553917 NC_002935.gbk
1183 41.3 3784972 3782345 genome.dna 1364868 1362201 NC_002935.gbk
1379 60.2 3786717 3785644 genome.dna 1470894 1469775 NC_002935.gbk
265 32.7 3787319 3786825 genome.dna 1475320 1474822 NC_002935.gbk
1111 43.1 3882715 3881462 genome.dna 1820775 1819482 NC_002935.gbk
729 36.4 3883829 3882726 genome.dna 1821923 1820792 NC_002935.gbk
557 30.2 3918901 3920391 genome.dna 1062017 1063502 NC_002935.gbk
436 31.0 3954101 3954916 genome.dna 578866 577993 NC_002935.gbk
827 40.5 3956293 3958011 genome.dna 1504424 1502666 NC_002935.gbk
316 38.1 3963052 3962555 genome.dna 2020792 2020309 NC_002935.gbk
302 31.9 3963804 3963091 genome.dna 2021519 2020784 NC_002935.gbk
1583 59.0 4001743 4000448 genome.dna 891486 892764 NC_002935.gbk
1681 36.4 4007080 4004843 genome.dna 1387029 1384749 NC_002935.gbk
597 34.0 4012636 4011491 genome.dna 1574741 1575908 NC_002935.gbk
1562 40.5 4027241 4025196 genome.dna 1058710 1060744 NC_002935.gbk
458 32.7 4036522 4035704 genome.dna 1269697 1268848 NC_002935.gbk
136 31.8 4037027 4036671 genome.dna 2047144 2046778 NC_002935.gbk
497 49.4 4039680 4040210 genome.dna 2054406 2054883 NC_002935.gbk
625 45.5 4046883 4047521 genome.dna 2353338 2352675 NC_002935.gbk
320 38.0 4059979 4059527 genome.dna 2387331 2386878 NC_002935.gbk
201 45.6 4060248 4060021 genome.dna 825800 825551 NC_002935.gbk
202 30.3 4064375 4065496 genome.dna 2078898 2077593 NC_002935.gbk
528 35.8 4077711 4078532 genome.dna 360868 361681 NC_002935.gbk
449 41.0 4079441 4080034 genome.dna 1895539 1894915 NC_002935.gbk
643 35.5 4080027 4081166 genome.dna 1759782 1758648 NC_002935.gbk
1091 39.1 4114440 4115846 genome.dna 2386305 2384784 NC_002935.gbk
595 34.8 4115888 4116970 genome.dna 536811 537960 NC_002935.gbk
3420 54.3 4139901 4137067 genome.dna 1149233 1152095 NC_002935.gbk
273 32.7 4140147 4140710 genome.dna 2388043 2387461 NC_002935.gbk
513 30.8 4181249 4182667 genome.dna 193987 192613 NC_002935.gbk
584 34.9 4197767 4198645 genome.dna 584096 585062 NC_002935.gbk
395 32.9 4199525 4198710 genome.dna 1447667 1448444 NC_002935.gbk
745 46.6 4216300 4217559 genome.dna 2438838 2440401 NC_002935.gbk
894 36.6 4231793 4230366 genome.dna 334657 336067 NC_002935.gbk
3081 51.0 4236582 4233919 genome.dna 1723275 1726011 NC_002935.gbk
645 42.8 4244964 4245854 genome.dna 2351641 2352469 NC_002935.gbk
368 35.2 4250722 4251348 genome.dna 1140081 1140684 NC_002935.gbk
229 30.2 4252799 4252404 genome.dna 993293 992897 NC_002935.gbk
1010 50.2 4255592 4252890 genome.dna 674229 676791 NC_002935.gbk
1065 48.5 4258960 4257809 genome.dna 1625143 1623907 NC_002935.gbk
941 36.9 4263557 4262097 genome.dna 1627621 1626187 NC_002935.gbk
634 35.5 4264711 4263620 genome.dna 1628718 1627638 NC_002935.gbk
552 37.8 4268312 4267230 genome.dna 1632820 1631701 NC_002935.gbk
532 33.9 4269667 4268306 genome.dna 1634318 1632827 NC_002935.gbk
885 36.2 4271151 4269664 genome.dna 1635913 1634371 NC_002935.gbk
524 31.2 4272901 4271138 genome.dna 1638045 1636020 NC_002935.gbk
516 38.7 4274186 4273242 genome.dna 1639925 1638905 NC_002935.gbk
245 33.3 4274647 4274189 genome.dna 1640539 1640107 NC_002935.gbk
326 36.6 4277861 4277370 genome.dna 1083986 1084511 NC_002935.gbk
1630 43.1 4279582 4277864 genome.dna 1082012 1083971 NC_002935.gbk
923 30.6 4281750 4279945 genome.dna 1765715 1763885 NC_002935.gbk
633 40.7 4283764 4284855 genome.dna 1092015 1093035 NC_002935.gbk
1833 57.3 4284858 4286258 genome.dna 1111987 1113430 NC_002935.gbk
596 46.5 4286272 4286874 genome.dna 1113441 1114032 NC_002935.gbk
460 34.2 4319027 4319845 genome.dna 850102 850990 NC_002935.gbk
2432 52.6 4330684 4327460 genome.dna 1346133 1342776 NC_002935.gbk
616 46.1 4331847 4330699 genome.dna 1347293 1346153 NC_002935.gbk
1027 52.4 4334402 4333452 genome.dna 914161 915163 NC_002935.gbk
239 36.4 4335368 4334856 genome.dna 1612892 1612367 NC_002935.gbk
405 31.3 4339154 4338213 genome.dna 1491175 1490203 NC_002935.gbk
231 43.0 4339580 4339843 genome.dna 1812041 1812305 NC_002935.gbk
944 41.0 4343498 4342359 genome.dna 1757498 1756370 NC_002935.gbk
1862 52.8 4345514 4343607 genome.dna 2172629 2170793 NC_002935.gbk
1927 53.0 4365488 4367155 genome.dna 1852697 1851026 NC_002935.gbk
233 31.7 4376373 4375759 genome.dna 1074858 1074171 NC_002935.gbk
802 40.1 4378640 4377564 genome.dna 2145867 2144832 NC_002935.gbk
741 44.7 4379941 4378778 genome.dna 1320980 1319762 NC_002935.gbk
1067 56.6 4388480 4389631 genome.dna 1338842 1337609 NC_002935.gbk
1317 47.0 4398393 4397095 genome.dna 2114669 2113379 NC_002935.gbk
608 34.9 4403893 4402952 genome.dna 1463256 1462347 NC_002935.gbk
290 30.5 4409618 4408062 genome.dna 2400808 2402317 NC_002935.gbk
503 32.8 4422828 4421779 genome.dna 2164809 2163768 NC_002935.gbk
509 46.6 4435345 4434803 genome.dna 1863227 1863860 NC_002935.gbk
248 32.3 4435653 4436702 genome.dna 681979 680971 NC_002935.gbk
431 31.3 4442783 4444579 genome.dna 338926 340942 NC_002935.gbk
493 42.8 4448185 4447619 genome.dna 1354046 1353482 NC_002935.gbk
1795 51.9 4451372 4449723 genome.dna 809505 807861 NC_002935.gbk
1592 31.0 4464530 4460847 genome.dna 1267090 1263484 NC_002935.gbk
339 35.3 4477982 4478530 genome.dna 101237 101792 NC_002935.gbk
231 30.3 4479596 4478769 genome.dna 1360065 1359195 NC_002935.gbk
311 37.2 4482450 4482959 genome.dna 1335484 1334974 NC_002935.gbk
674 41.0 4482986 4483933 genome.dna 1334938 1334002 NC_002935.gbk
610 31.7 4484001 4485290 genome.dna 1334006 1332548 NC_002935.gbk
278 40.6 4486815 4487225 genome.dna 832626 832221 NC_002935.gbk
793 42.7 4489098 4488109 genome.dna 518104 519121 NC_002935.gbk
563 46.1 4489744 4489124 genome.dna 517417 518023 NC_002935.gbk
501 58.7 4490164 4489775 genome.dna 516989 517394 NC_002935.gbk
414 53.0 4490537 4490181 genome.dna 516617 516986 NC_002935.gbk
1139 44.4 4492165 4490834 genome.dna 509758 511081 NC_002935.gbk
282 37.4 4492607 4492173 genome.dna 496446 496893 NC_002935.gbk
189 50.9 4492790 4492611 genome.dna 496258 496444 NC_002935.gbk
326 49.6 4493665 4493312 genome.dna 495219 495588 NC_002935.gbk
507 43.4 4494208 4493675 genome.dna 494641 495178 NC_002935.gbk
465 53.0 4494614 4494222 genome.dna 494227 494626 NC_002935.gbk
360 52.5 4494953 4494648 genome.dna 826120 825814 NC_002935.gbk
735 57.6 4495506 4494967 genome.dna 452642 453206 NC_002935.gbk
257 44.2 4495835 4495521 genome.dna 452325 452640 NC_002935.gbk
547 65.0 4496217 4495846 genome.dna 451954 452323 NC_002935.gbk
251 53.2 4496635 4496381 genome.dna 447632 447911 NC_002935.gbk
461 50.0 4497236 4496826 genome.dna 446983 447400 NC_002935.gbk
826 54.1 4497950 4497249 genome.dna 446233 446980 NC_002935.gbk
312 54.6 4498300 4497968 genome.dna 445871 446234 NC_002935.gbk
437 66.3 4498593 4498315 genome.dna 445589 445868 NC_002935.gbk
1083 57.1 4499431 4498610 genome.dna 444730 445573 NC_002935.gbk
211 45.6 4499751 4499449 genome.dna 444403 444709 NC_002935.gbk
415 39.1 4500353 4499748 genome.dna 443750 444404 NC_002935.gbk
687 50.0 4500993 4500364 genome.dna 443097 443754 NC_002935.gbk
423 62.0 4501337 4501026 genome.dna 442759 443065 NC_002935.gbk
2671 58.0 4505956 4503842 genome.dna 437924 440105 NC_002935.gbk
576 54.5 4506523 4506053 genome.dna 437258 437726 NC_002935.gbk
605 74.0 4506994 4506620 genome.dna 436883 437255 NC_002935.gbk
1367 51.3 4514011 4512740 genome.dna 903497 904787 NC_002935.gbk
623 50.2 4514856 4514044 genome.dna 1789873 1790539 NC_002935.gbk
340 33.2 4529138 4529770 genome.dna 271449 270765 NC_002935.gbk
880 37.2 4531124 4529898 genome.dna 1162519 1163761 NC_002935.gbk
196 31.8 4539402 4538833 genome.dna 24887 25430 NC_002935.gbk
1091 51.7 4557783 4556779 genome.dna 605641 606676 NC_002935.gbk
628 44.5 4559154 4558477 genome.dna 1332495 1331820 NC_002935.gbk
646 37.4 4562421 4561336 genome.dna 1356791 1355711 NC_002935.gbk
354 38.6 4562994 4562473 genome.dna 1357359 1356837 NC_002935.gbk
222 33.3 4573911 4574321 genome.dna 1604068 1603690 NC_002935.gbk
558 40.5 4579442 4578723 genome.dna 827684 828377 NC_002935.gbk
2699 56.1 4597892 4600225 genome.dna 1551325 1549048 NC_002935.gbk
699 31.4 4616966 4614891 genome.dna 1765811 1767980 NC_002935.gbk
799 33.8 4622349 4623851 genome.dna 2327078 2325344 NC_002935.gbk
1734 43.2 4632742 4630295 genome.dna 1579136 1581566 NC_002935.gbk
1148 43.1 4635563 4634286 genome.dna 962042 963326 NC_002935.gbk
1566 45.3 4637576 4635600 genome.dna 1597882 1600090 NC_002935.gbk
2180 45.7 4639754 4637577 genome.dna 1045959 1043760 NC_002935.gbk
1636 54.6 4647455 4646079 genome.dna 216890 218279 NC_002935.gbk
1361 45.5 4656105 4657454 genome.dna 254327 252956 NC_002935.gbk
386 30.4 4662179 4661556 genome.dna 1812992 1812353 NC_002935.gbk
726 41.1 4665855 4666784 genome.dna 1610018 1610918 NC_002935.gbk
449 31.4 4667808 4666750 genome.dna 108890 107837 NC_002935.gbk
1241 38.1 4672431 4670269 genome.dna 811670 814088 NC_002935.gbk
606 36.9 4680620 4681561 genome.dna 366112 366997 NC_002935.gbk
677 35.5 4686472 4685315 genome.dna 614467 615658 NC_002935.gbk
585 46.8 4702353 4701286 genome.dna 329685 328677 NC_002935.gbk
796 44.7 4719117 4720601 genome.dna 998883 997317 NC_002935.gbk
2630 66.2 4729969 4728119 genome.dna 1080852 1079010 NC_002935.gbk
286 31.0 4730969 4730043 genome.dna 1670897 1669781 NC_002935.gbk
806 38.6 4733613 4735139 genome.dna 1537587 1536036 NC_002935.gbk
374 34.2 4748208 4747351 genome.dna 1897889 1897091 NC_002935.gbk
666 37.2 4755209 4754301 genome.dna 1439300 1440239 NC_002935.gbk
347 32.7 4756712 4755816 genome.dna 1643776 1642792 NC_002935.gbk
606 34.8 4768410 4769372 genome.dna 1068218 1069283 NC_002935.gbk
756 41.3 4769378 4770382 genome.dna 1066369 1067410 NC_002935.gbk
470 35.7 4777900 4778817 genome.dna 383769 382905 NC_002935.gbk
361 34.3 4780345 4781184 genome.dna 2325345 2324604 NC_002935.gbk
1689 50.0 4781238 4782749 genome.dna 2324586 2323065 NC_002935.gbk
796 46.9 4782875 4783885 genome.dna 911636 910619 NC_002935.gbk
611 43.6 4786326 4787093 genome.dna 1319651 1318868 NC_002935.gbk
643 39.8 4825789 4824827 genome.dna 1070297 1071326 NC_002935.gbk
489 51.0 4834867 4834403 genome.dna 1243743 1244214 NC_002935.gbk
609 37.4 4844257 4845171 genome.dna 2131430 2130533 NC_002935.gbk
568 42.6 4867996 4867325 genome.dna 724820 725510 NC_002935.gbk
850 35.0 4869411 4868002 genome.dna 1560610 1559122 NC_002935.gbk
286 38.0 4869761 4870336 genome.dna 1124163 1124742 NC_002935.gbk
879 32.2 4941502 4939844 genome.dna 807250 805624 NC_002935.gbk
649 37.8 4964420 4963467 genome.dna 1797648 1798587 NC_002935.gbk
166 57.1 4985770 4985910 genome.dna 2487711 2487567 NC_002935.gbk
1161 42.0 5001994 5003496 genome.dna 1993435 1994935 NC_002935.gbk
545 34.1 5010680 5009268 genome.dna 759110 760598 NC_002935.gbk
545 36.4 5019301 5018414 genome.dna 1962369 1961505 NC_002935.gbk
585 31.7 5020260 5019301 genome.dna 1963408 1962382 NC_002935.gbk
1594 44.6 5049054 5047222 genome.dna 1739871 1737993 NC_002935.gbk
935 38.6 5050610 5049240 genome.dna 875978 874523 NC_002935.gbk
188 30.9 5053946 5053527 genome.dna 1034915 1035287 NC_002935.gbk
1826 61.5 5055348 5053966 genome.dna 1033456 1034902 NC_002935.gbk
349 37.3 5056259 5055396 genome.dna 1032475 1033453 NC_002935.gbk
1131 51.0 5057853 5056312 genome.dna 1030793 1032422 NC_002935.gbk
