392 44.6 10521 10940 genome.dna 1806664 1807072 NC_005027.gbk
1414 46.5 10948 12453 genome.dna 1808753 1810289 NC_005027.gbk
934 50.6 12461 13429 genome.dna 1810282 1811254 NC_005027.gbk
674 39.3 13455 14342 genome.dna 1807096 1808104 NC_005027.gbk
712 41.6 14538 15464 genome.dna 1811255 1812200 NC_005027.gbk
614 33.9 15468 16463 genome.dna 1326238 1325119 NC_005027.gbk
583 36.9 25826 28615 genome.dna 6908262 6905178 NC_005027.gbk
1144 40.8 33859 32447 genome.dna 5985609 5984196 NC_005027.gbk
1972 50.7 37037 38860 genome.dna 3416687 3418610 NC_005027.gbk
516 37.7 47188 45107 genome.dna 544231 546436 NC_005027.gbk
436 41.0 50956 50333 genome.dna 3765154 3764524 NC_005027.gbk
280 32.1 59253 58054 genome.dna 2997164 2998460 NC_005027.gbk
598 31.4 62838 64181 genome.dna 3680317 3679075 NC_005027.gbk
955 31.6 70479 68437 genome.dna 4240943 4238702 NC_005027.gbk
780 31.6 77642 78994 genome.dna 2262531 2263887 NC_005027.gbk
288 31.4 96727 96284 genome.dna 5096753 5097221 NC_005027.gbk
640 51.1 97287 96724 genome.dna 2694229 2694835 NC_005027.gbk
900 63.6 110262 109636 genome.dna 3555060 3555747 NC_005027.gbk
1228 39.8 115831 114374 genome.dna 6479638 6481168 NC_005027.gbk
1535 50.3 117217 115898 genome.dna 1382310 1380945 NC_005027.gbk
677 34.2 121662 122840 genome.dna 738370 739687 NC_005027.gbk
668 34.6 124086 125432 genome.dna 4432456 4433791 NC_005027.gbk
207 31.3 151546 150683 genome.dna 3766192 3765163 NC_005027.gbk
703 49.6 162282 162998 genome.dna 2987528 2988269 NC_005027.gbk
91 40.4 168129 168296 genome.dna 4638300 4638465 NC_005027.gbk
253 30.7 168516 169325 genome.dna 4065805 4066708 NC_005027.gbk
369 37.6 170854 170375 genome.dna 5782823 5783363 NC_005027.gbk
748 33.9 172168 170891 genome.dna 6302842 6301528 NC_005027.gbk
770 38.3 186786 187982 genome.dna 1637498 1636310 NC_005027.gbk
458 30.5 217581 216430 genome.dna 4879983 4878717 NC_005027.gbk
554 37.0 217784 218788 genome.dna 1332923 1333964 NC_005027.gbk
423 35.8 218826 219599 genome.dna 3137622 3138486 NC_005027.gbk
535 36.4 227773 228555 genome.dna 1360822 1361656 NC_005027.gbk
1254 58.4 228573 229595 genome.dna 957839 959054 NC_005027.gbk
686 32.4 238222 239673 genome.dna 4122597 4120779 NC_005027.gbk
1885 69.3 250357 251541 genome.dna 4217483 4218680 NC_005027.gbk
424 37.6 252164 252709 genome.dna 4219399 4220077 NC_005027.gbk
508 53.2 252872 253300 genome.dna 4220225 4220651 NC_005027.gbk
685 46.4 253304 254008 genome.dna 6921933 6922611 NC_005027.gbk
279 40.9 254890 255255 genome.dna 6923400 6923823 NC_005027.gbk
1727 45.0 255584 259612 genome.dna 2794929 2798715 NC_005027.gbk
3829 50.2 259736 263959 genome.dna 2798944 2803234 NC_005027.gbk
524 47.3 269828 269043 genome.dna 2380461 2379597 NC_005027.gbk
1358 48.4 280242 278956 genome.dna 3516063 3517428 NC_005027.gbk
1212 47.9 281849 280260 genome.dna 5454844 5456416 NC_005027.gbk
568 35.4 301263 300298 genome.dna 5806078 5807173 NC_005027.gbk
290 31.4 302355 301621 genome.dna 2184137 2183504 NC_005027.gbk
1573 52.7 306633 305290 genome.dna 4561866 4563219 NC_005027.gbk
337 37.3 307112 306645 genome.dna 4561335 4561863 NC_005027.gbk
1212 54.3 310630 309653 genome.dna 7108383 7109364 NC_005027.gbk
276 31.6 335599 335126 genome.dna 4577818 4578298 NC_005027.gbk
147 30.9 335983 335696 genome.dna 4577392 4577734 NC_005027.gbk
773 34.3 337440 336007 genome.dna 3438676 3437095 NC_005027.gbk
418 42.9 339901 339335 genome.dna 5289274 5288731 NC_005027.gbk
633 36.6 341977 341009 genome.dna 845327 844307 NC_005027.gbk
475 50.0 352201 352629 genome.dna 5678759 5678303 NC_005027.gbk
431 53.7 352645 353037 genome.dna 5678261 5677847 NC_005027.gbk
762 38.4 357036 355618 genome.dna 2948867 2947364 NC_005027.gbk
2211 44.7 361542 357046 genome.dna 2953575 2949009 NC_005027.gbk
840 46.9 374918 375703 genome.dna 5204784 5203887 NC_005027.gbk
1637 43.8 382412 384307 genome.dna 1789941 1791855 NC_005027.gbk
195 37.0 386934 386071 genome.dna 3555886 3556918 NC_005027.gbk
1629 51.5 431263 429833 genome.dna 5408100 5406483 NC_005027.gbk
531 36.7 435364 434357 genome.dna 3139999 3140941 NC_005027.gbk
580 50.6 452937 452395 genome.dna 6083640 6083085 NC_005027.gbk
814 37.3 460910 458055 genome.dna 667247 670370 NC_005027.gbk
1703 59.6 505284 504022 genome.dna 362588 361304 NC_005027.gbk
516 39.0 506771 505281 genome.dna 2793894 2792208 NC_005027.gbk
853 37.9 518034 519071 genome.dna 5944040 5943014 NC_005027.gbk
275 30.7 526894 527520 genome.dna 2792193 2791575 NC_005027.gbk
715 39.9 537938 539215 genome.dna 5353963 5355271 NC_005027.gbk
318 34.5 572685 573470 genome.dna 6387160 6386308 NC_005027.gbk
994 40.0 574080 575378 genome.dna 3520588 3522100 NC_005027.gbk
276 47.4 697176 697469 genome.dna 4779553 4779859 NC_005027.gbk
1964 56.9 697515 699164 genome.dna 5769499 5771119 NC_005027.gbk
298 30.8 704061 704669 genome.dna 3987952 3988672 NC_005027.gbk
272 57.1 705108 705329 genome.dna 5934134 5934341 NC_005027.gbk
622 33.7 718492 719982 genome.dna 5766285 5764380 NC_005027.gbk
90 33.3 741625 741816 genome.dna 238186 238390 NC_005027.gbk
963 35.4 753122 751287 genome.dna 5593398 5591838 NC_005027.gbk
655 40.9 755628 756641 genome.dna 4852353 4853430 NC_005027.gbk
509 30.7 761351 760380 genome.dna 3805858 3804664 NC_005027.gbk
286 42.2 761608 761919 genome.dna 5469243 5468928 NC_005027.gbk
360 72.6 761939 762196 genome.dna 3599862 3599616 NC_005027.gbk
947 42.0 763509 764681 genome.dna 1365745 1366993 NC_005027.gbk
400 37.3 766454 766933 genome.dna 1444305 1444785 NC_005027.gbk
1737 49.8 768185 770122 genome.dna 1527062 1529081 NC_005027.gbk
587 42.5 770241 771074 genome.dna 3430289 3429368 NC_005027.gbk
638 34.2 777751 779280 genome.dna 2852595 2851098 NC_005027.gbk
216 33.1 782083 782481 genome.dna 2847568 2847154 NC_005027.gbk
293 47.2 783547 783816 genome.dna 3039582 3039852 NC_005027.gbk
2004 44.9 784066 786186 genome.dna 3040159 3042616 NC_005027.gbk
1009 42.1 795852 797180 genome.dna 5528045 5529317 NC_005027.gbk
705 40.1 812975 814090 genome.dna 4079981 4078814 NC_005027.gbk
331 40.9 814149 814541 genome.dna 4078711 4078312 NC_005027.gbk
308 44.4 818163 817798 genome.dna 5150921 5150534 NC_005027.gbk
376 35.1 830229 830876 genome.dna 2700383 2701043 NC_005027.gbk
698 41.9 839867 840766 genome.dna 3294813 3295791 NC_005027.gbk
960 34.5 841615 843360 genome.dna 4638504 4640304 NC_005027.gbk
1260 43.3 844582 846099 genome.dna 5907587 5909228 NC_005027.gbk
1361 51.3 866383 867786 genome.dna 3113587 3114967 NC_005027.gbk
449 32.5 868800 869759 genome.dna 3116113 3117100 NC_005027.gbk
593 30.1 894744 893086 genome.dna 6385799 6383864 NC_005027.gbk
1359 51.2 909308 910588 genome.dna 4395233 4396553 NC_005027.gbk
321 32.1 932209 932796 genome.dna 4782868 4783471 NC_005027.gbk
166 37.3 934700 934497 genome.dna 6222135 6221922 NC_005027.gbk
1636 44.5 955638 953644 genome.dna 6957195 6959247 NC_005027.gbk
367 39.4 957261 956803 genome.dna 5875548 5875074 NC_005027.gbk
447 44.9 969365 968913 genome.dna 511879 512353 NC_005027.gbk
328 39.6 970483 970908 genome.dna 4094045 4093592 NC_005027.gbk
973 36.3 990019 988067 genome.dna 5172827 5170772 NC_005027.gbk
550 41.2 991470 992150 genome.dna 6455996 6455282 NC_005027.gbk
1310 38.7 995970 994243 genome.dna 4579129 4580950 NC_005027.gbk
1056 54.3 997695 996727 genome.dna 3681308 3680348 NC_005027.gbk
403 33.8 1021882 1020917 genome.dna 4062959 4062056 NC_005027.gbk
1152 39.2 1027493 1028959 genome.dna 1252389 1250880 NC_005027.gbk
1278 51.4 1080117 1081325 genome.dna 5927933 5926685 NC_005027.gbk
1177 65.6 1081339 1082172 genome.dna 5926664 5925809 NC_005027.gbk
721 33.2 1087061 1085955 genome.dna 150469 151573 NC_005027.gbk
395 45.7 1094877 1094161 genome.dna 3014379 3013476 NC_005027.gbk
1197 62.9 1100443 1101237 genome.dna 6794944 6795739 NC_005027.gbk
236 35.2 1138546 1138941 genome.dna 3982577 3982964 NC_005027.gbk
731 44.8 1154052 1153258 genome.dna 1797871 1797073 NC_005027.gbk
522 43.7 1157130 1157687 genome.dna 2008764 2009367 NC_005027.gbk
674 41.3 1157925 1159121 genome.dna 2897714 2899184 NC_005027.gbk
712 48.5 1159320 1160081 genome.dna 5590382 5589647 NC_005027.gbk
254 36.5 1166572 1167027 genome.dna 5677426 5676889 NC_005027.gbk
678 42.2 1167032 1167820 genome.dna 2539279 2540089 NC_005027.gbk
1817 35.9 1169670 1173152 genome.dna 1610966 1607366 NC_005027.gbk
1021 49.0 1173165 1174124 genome.dna 4438654 4437694 NC_005027.gbk
1655 42.4 1180703 1178139 genome.dna 3841347 3844023 NC_005027.gbk
498 61.6 1211683 1212024 genome.dna 6073078 6072694 NC_005027.gbk
359 37.3 1250102 1250623 genome.dna 1794386 1793822 NC_005027.gbk
282 44.6 1250762 1251046 genome.dna 2369868 2369589 NC_005027.gbk
528 39.5 1260789 1261478 genome.dna 1361886 1362576 NC_005027.gbk
714 53.1 1270601 1269999 genome.dna 4403996 4404593 NC_005027.gbk
621 41.3 1271755 1272822 genome.dna 2672932 2674141 NC_005027.gbk
1209 52.5 1272920 1274065 genome.dna 1035982 1037101 NC_005027.gbk
446 43.9 1278470 1278919 genome.dna 4309100 4308629 NC_005027.gbk
718 39.1 1278982 1280091 genome.dna 3217791 3219075 NC_005027.gbk
311 39.6 1280201 1280677 genome.dna 2569838 2569370 NC_005027.gbk
203 32.0 1280702 1281121 genome.dna 2362056 2361618 NC_005027.gbk
246 33.3 1281190 1282170 genome.dna 3619450 3618499 NC_005027.gbk
1466 38.8 1284598 1282733 genome.dna 1135139 1133231 NC_005027.gbk
708 48.6 1285528 1284617 genome.dna 1136089 1135135 NC_005027.gbk
1256 36.5 1295100 1293109 genome.dna 6829128 6830871 NC_005027.gbk
850 65.1 1301367 1301990 genome.dna 5879970 5880558 NC_005027.gbk
1528 57.2 1302154 1303428 genome.dna 5348656 5347255 NC_005027.gbk
415 38.5 1310544 1309849 genome.dna 4450582 4451335 NC_005027.gbk
952 44.9 1316909 1318201 genome.dna 148944 147354 NC_005027.gbk
214 65.2 1322427 1322284 genome.dna 3380726 3380879 NC_005027.gbk
2650 41.3 1326027 1322899 genome.dna 5125625 5128739 NC_005027.gbk
573 48.8 1329655 1330212 genome.dna 3065747 3065126 NC_005027.gbk
931 34.7 1330287 1332362 genome.dna 3441787 3439756 NC_005027.gbk
523 39.9 1332732 1333337 genome.dna 3439295 3438695 NC_005027.gbk
308 33.5 1335658 1336302 genome.dna 4204182 4204806 NC_005027.gbk
787 31.6 1346334 1348487 genome.dna 3831649 3829744 NC_005027.gbk
2258 44.2 1363499 1366138 genome.dna 4704855 4701843 NC_005027.gbk
860 53.7 1375437 1376318 genome.dna 4292625 4291887 NC_005027.gbk
846 53.7 1376426 1377313 genome.dna 6213892 6214690 NC_005027.gbk
287 31.7 1391405 1390635 genome.dna 3727471 3726655 NC_005027.gbk
280 30.3 1426894 1426256 genome.dna 3859510 3860110 NC_005027.gbk
727 45.8 1427931 1426894 genome.dna 6868432 6869674 NC_005027.gbk
530 41.1 1428285 1428911 genome.dna 5508716 5508080 NC_005027.gbk
371 48.2 1431761 1431390 genome.dna 6056496 6056145 NC_005027.gbk
435 45.0 1433876 1433409 genome.dna 3004162 3004645 NC_005027.gbk
794 44.0 1434853 1435731 genome.dna 1431501 1432446 NC_005027.gbk
931 48.9 1470427 1469462 genome.dna 2496443 2497394 NC_005027.gbk
298 32.4 1479078 1478437 genome.dna 4516832 4517477 NC_005027.gbk
518 38.4 1483266 1480684 genome.dna 4747665 4750518 NC_005027.gbk
957 46.3 1492026 1490968 genome.dna 2349599 2348450 NC_005027.gbk
661 39.7 1493774 1492350 genome.dna 5041672 5043112 NC_005027.gbk
538 42.7 1502595 1501795 genome.dna 1322562 1323318 NC_005027.gbk
2084 56.2 1504627 1506285 genome.dna 808910 810716 NC_005027.gbk
387 43.0 1514785 1514357 genome.dna 7087501 7087063 NC_005027.gbk
626 31.7 1528762 1530255 genome.dna 6478047 6476466 NC_005027.gbk
244 33.7 1533499 1534146 genome.dna 2015967 2015235 NC_005027.gbk
1576 54.6 1536355 1535069 genome.dna 3553733 3552245 NC_005027.gbk
2449 42.1 1540513 1543320 genome.dna 4846880 4849790 NC_005027.gbk
979 46.2 1543336 1544562 genome.dna 4929310 4930618 NC_005027.gbk
1282 53.8 1544898 1546064 genome.dna 5766159 5767401 NC_005027.gbk
1316 66.2 1546064 1546936 genome.dna 5767520 5768393 NC_005027.gbk
856 32.4 1547669 1549237 genome.dna 5328389 5329865 NC_005027.gbk
617 36.2 1549251 1550390 genome.dna 5329861 5330890 NC_005027.gbk
218 32.1 1550947 1551351 genome.dna 6445165 6445558 NC_005027.gbk
661 35.0 1561588 1560626 genome.dna 4697451 4698447 NC_005027.gbk
1399 60.8 1561884 1562939 genome.dna 6735314 6734261 NC_005027.gbk
1095 33.8 1567041 1563904 genome.dna 6092543 6095705 NC_005027.gbk
695 36.4 1571894 1570848 genome.dna 3472890 3471735 NC_005027.gbk
909 43.6 1573036 1572017 genome.dna 3294798 3293580 NC_005027.gbk
551 30.7 1583143 1582073 genome.dna 2381871 2380866 NC_005027.gbk
936 42.2 1584521 1583277 genome.dna 6674036 6675587 NC_005027.gbk
2324 50.7 1598005 1595975 genome.dna 2883585 2885625 NC_005027.gbk
612 42.3 1598229 1599338 genome.dna 4718339 4719470 NC_005027.gbk
800 34.5 1611941 1613374 genome.dna 5655714 5654133 NC_005027.gbk
224 30.2 1626767 1627393 genome.dna 1309522 1308883 NC_005027.gbk
654 54.8 1638449 1639855 genome.dna 1462903 1461424 NC_005027.gbk
724 33.2 1661611 1662744 genome.dna 6492137 6493271 NC_005027.gbk
1094 35.6 1683506 1681842 genome.dna 5174467 5172823 NC_005027.gbk
1276 43.4 1839441 1837903 genome.dna 4328115 4329816 NC_005027.gbk
698 35.7 1945543 1946694 genome.dna 683951 685034 NC_005027.gbk
1719 40.2 1946687 1948771 genome.dna 4445939 4443875 NC_005027.gbk
312 39.3 1951419 1951823 genome.dna 3991133 3991565 NC_005027.gbk
756 46.4 1954611 1955393 genome.dna 6570567 6569760 NC_005027.gbk
289 41.4 1964215 1963802 genome.dna 4958038 4958464 NC_005027.gbk
1158 46.5 1968985 1967612 genome.dna 6730666 6729262 NC_005027.gbk
572 33.7 1970689 1969697 genome.dna 2940968 2942018 NC_005027.gbk
551 39.9 1986118 1986840 genome.dna 4441915 4441096 NC_005027.gbk
1303 40.8 1993342 1994814 genome.dna 5499799 5498329 NC_005027.gbk
224 32.6 2009604 2010017 genome.dna 6202948 6203338 NC_005027.gbk
136 32.9 2010635 2010913 genome.dna 4701444 4701729 NC_005027.gbk
70 34.1 2013261 2013100 genome.dna 4939228 4939393 NC_005027.gbk
868 31.1 2022455 2024023 genome.dna 3355183 3356905 NC_005027.gbk
191 32.2 2034358 2034645 genome.dna 764103 764424 NC_005027.gbk
726 41.0 2043101 2044030 genome.dna 156967 157897 NC_005027.gbk
679 43.0 2044045 2044779 genome.dna 158030 158789 NC_005027.gbk
301 62.3 2044934 2045170 genome.dna 158927 159173 NC_005027.gbk
1413 50.4 2045253 2046494 genome.dna 159617 160907 NC_005027.gbk
385 34.8 2048443 2049102 genome.dna 6699485 6700223 NC_005027.gbk
410 54.7 2055442 2055792 genome.dna 5271476 5271137 NC_005027.gbk
1936 36.5 2070405 2066956 genome.dna 3248885 3252431 NC_005027.gbk
676 51.6 2071740 2072447 genome.dna 776879 776189 NC_005027.gbk
808 55.8 2074702 2075532 genome.dna 4492898 4493618 NC_005027.gbk
407 43.5 2079241 2079792 genome.dna 1178674 1179253 NC_005027.gbk
599 42.6 2088494 2089945 genome.dna 5362111 5360488 NC_005027.gbk
1113 40.9 2112831 2114330 genome.dna 5385045 5383638 NC_005027.gbk
705 45.9 2114428 2115174 genome.dna 5385937 5385103 NC_005027.gbk
1092 43.9 2116495 2117718 genome.dna 1869325 1870621 NC_005027.gbk
973 38.2 2121733 2120321 genome.dna 5555413 5556844 NC_005027.gbk
526 31.0 2131621 2133054 genome.dna 6060913 6059347 NC_005027.gbk
554 37.5 2158261 2157266 genome.dna 5151074 5152061 NC_005027.gbk
2430 57.1 2163569 2165743 genome.dna 1560513 1563087 NC_005027.gbk
1142 40.4 2177036 2175615 genome.dna 4096143 4094691 NC_005027.gbk
388 32.5 2177765 2177046 genome.dna 4097010 4096173 NC_005027.gbk
439 38.9 2181519 2182154 genome.dna 6662808 6662085 NC_005027.gbk
596 42.2 2191939 2192622 genome.dna 5390195 5389523 NC_005027.gbk
1270 47.3 2192856 2194133 genome.dna 4888730 4890047 NC_005027.gbk
2438 58.3 2198282 2200954 genome.dna 1115739 1118445 NC_005027.gbk
629 33.6 2227418 2225106 genome.dna 4586328 4588524 NC_005027.gbk
639 41.8 2239913 2239125 genome.dna 5861519 5860619 NC_005027.gbk
415 43.0 2258625 2258122 genome.dna 2351362 2350843 NC_005027.gbk
1140 51.5 2267632 2266640 genome.dna 4714608 4713609 NC_005027.gbk
376 37.7 2280350 2279511 genome.dna 357368 356465 NC_005027.gbk
375 31.3 2301204 2300401 genome.dna 6214768 6215521 NC_005027.gbk
369 34.3 2306210 2305560 genome.dna 1430411 1431044 NC_005027.gbk
207 40.5 2324296 2324544 genome.dna 2277819 2278092 NC_005027.gbk
631 31.4 2336995 2338260 genome.dna 3864815 3866180 NC_005027.gbk
213 30.5 2376550 2377092 genome.dna 926592 927168 NC_005027.gbk
1036 31.9 2390748 2392775 genome.dna 5226251 5228345 NC_005027.gbk
169 41.8 2397840 2398106 genome.dna 5229341 5229632 NC_005027.gbk
426 34.3 2472640 2473437 genome.dna 720398 721325 NC_005027.gbk
1318 52.8 2487322 2486231 genome.dna 2671136 2669969 NC_005027.gbk
419 39.4 2488039 2487452 genome.dna 5345441 5344868 NC_005027.gbk
913 45.9 2489732 2488785 genome.dna 3637930 3638881 NC_005027.gbk
746 33.8 2491599 2492855 genome.dna 5302793 5304074 NC_005027.gbk
1081 48.0 2492889 2493971 genome.dna 4974619 4975702 NC_005027.gbk
780 43.8 2496092 2496946 genome.dna 3488014 3487153 NC_005027.gbk
1049 43.6 2503696 2505084 genome.dna 6612575 6611213 NC_005027.gbk
1117 39.8 2549178 2550395 genome.dna 528696 527259 NC_005027.gbk
1219 45.5 2563367 2561970 genome.dna 4099921 4098289 NC_005027.gbk
1351 43.8 2575279 2573756 genome.dna 5033732 5032208 NC_005027.gbk
400 38.8 2580340 2580921 genome.dna 949933 950575 NC_005027.gbk
444 38.0 2585266 2585973 genome.dna 949303 949930 NC_005027.gbk
475 40.9 2585970 2586605 genome.dna 2620260 2619600 NC_005027.gbk
487 32.5 2597527 2596643 genome.dna 1636054 1634866 NC_005027.gbk
656 33.3 2605113 2606180 genome.dna 219986 218957 NC_005027.gbk
1402 53.0 2607572 2608762 genome.dna 5779233 5780457 NC_005027.gbk
379 32.4 2608762 2609568 genome.dna 2893359 2894241 NC_005027.gbk
946 34.2 2624113 2625573 genome.dna 5120239 5121715 NC_005027.gbk
1120 54.5 2627092 2626058 genome.dna 6929710 6928648 NC_005027.gbk
1052 51.5 2628084 2627089 genome.dna 6930771 6929685 NC_005027.gbk
885 43.9 2629936 2629016 genome.dna 6932929 6931999 NC_005027.gbk
813 63.2 2637907 2637311 genome.dna 4489678 4490314 NC_005027.gbk
1138 56.0 2654735 2655739 genome.dna 1364550 1365579 NC_005027.gbk
613 30.5 2664862 2663609 genome.dna 2720783 2722154 NC_005027.gbk
600 33.1 2687417 2685498 genome.dna 4316164 4318267 NC_005027.gbk
746 36.9 2688488 2689942 genome.dna 3588712 3590266 NC_005027.gbk
182 30.0 2689954 2690532 genome.dna 6564185 6563351 NC_005027.gbk
1140 51.3 2691006 2692370 genome.dna 4667343 4668846 NC_005027.gbk
161 42.9 2702947 2702738 genome.dna 2391933 2392131 NC_005027.gbk
668 46.0 2704954 2705844 genome.dna 6695289 6694446 NC_005027.gbk
369 30.8 2720363 2721325 genome.dna 1848991 1848037 NC_005027.gbk
1068 34.7 2726216 2727934 genome.dna 5055368 5053376 NC_005027.gbk
1175 35.0 2731236 2728849 genome.dna 3778017 3775971 NC_005027.gbk
680 47.4 2732234 2731251 genome.dna 3779252 3778208 NC_005027.gbk
378 44.8 2732903 2732547 genome.dna 3779618 3779261 NC_005027.gbk
511 47.4 2733782 2733240 genome.dna 6577659 6577128 NC_005027.gbk
1044 36.7 2735713 2733785 genome.dna 6545869 6548362 NC_005027.gbk
661 34.4 2757088 2758194 genome.dna 3479572 3480772 NC_005027.gbk
968 37.1 2765355 2764123 genome.dna 3948831 3947592 NC_005027.gbk
579 33.2 2775696 2773681 genome.dna 6556800 6554673 NC_005027.gbk
476 30.4 2791280 2792458 genome.dna 3225232 3224011 NC_005027.gbk
827 41.0 2794931 2793456 genome.dna 1428049 1426594 NC_005027.gbk
894 45.5 2809298 2808294 genome.dna 3696980 3695879 NC_005027.gbk
341 39.6 2810663 2810151 genome.dna 2388583 2388046 NC_005027.gbk
774 47.6 2811487 2810744 genome.dna 2845759 2845018 NC_005027.gbk
1790 48.1 2813755 2811956 genome.dna 4410352 4412131 NC_005027.gbk
507 34.4 2835515 2837245 genome.dna 3003374 3001358 NC_005027.gbk
1614 45.5 2854450 2852540 genome.dna 2601971 2600093 NC_005027.gbk
530 31.6 2859653 2858643 genome.dna 5254744 5255845 NC_005027.gbk
1800 57.4 2864092 2865492 genome.dna 7111970 7110497 NC_005027.gbk
1418 53.5 2867225 2868415 genome.dna 6936231 6935037 NC_005027.gbk
497 41.4 2884168 2883416 genome.dna 6834088 6833335 NC_005027.gbk
206 30.3 2885460 2884459 genome.dna 3880487 3879389 NC_005027.gbk
408 37.2 2916384 2917283 genome.dna 2914404 2915304 NC_005027.gbk
915 40.4 2917289 2918617 genome.dna 814353 815736 NC_005027.gbk
404 37.9 2920770 2921360 genome.dna 5021363 5020745 NC_005027.gbk
462 35.1 2921367 2922104 genome.dna 4328146 4327384 NC_005027.gbk
696 43.3 2922086 2922862 genome.dna 5453941 5454730 NC_005027.gbk
482 37.5 2926492 2925815 genome.dna 5701668 5700978 NC_005027.gbk
495 41.8 2928002 2926713 genome.dna 1193533 1195039 NC_005027.gbk
1019 46.3 2929170 2928085 genome.dna 3279081 3280233 NC_005027.gbk
874 36.3 2975613 2974318 genome.dna 541471 542800 NC_005027.gbk
1104 42.7 2977060 2975717 genome.dna 4350476 4351796 NC_005027.gbk
755 45.8 2982496 2983455 genome.dna 3832050 3833184 NC_005027.gbk
294 61.4 2988043 2988261 genome.dna 5677835 5677613 NC_005027.gbk
846 31.7 2999998 3001434 genome.dna 7096270 7094812 NC_005027.gbk
478 38.8 3019705 3020373 genome.dna 3570857 3571640 NC_005027.gbk
530 34.4 3034517 3033456 genome.dna 4952588 4953827 NC_005027.gbk
1041 39.3 3042056 3043384 genome.dna 5907340 5905906 NC_005027.gbk
663 34.1 3073082 3074083 genome.dna 7025748 7026762 NC_005027.gbk
357 38.4 3102771 3102235 genome.dna 6084697 6085243 NC_005027.gbk
301 32.9 3108684 3109187 genome.dna 2277207 2277696 NC_005027.gbk
1333 46.5 3147123 3145672 genome.dna 6497992 6499450 NC_005027.gbk
112 31.7 3155372 3155127 genome.dna 2978519 2978780 NC_005027.gbk
258 50.3 3155863 3155369 genome.dna 3806569 3805957 NC_005027.gbk
277 32.6 3156400 3155882 genome.dna 4132631 4132106 NC_005027.gbk
586 34.7 3157424 3156435 genome.dna 2097312 2098392 NC_005027.gbk
2382 54.8 3161386 3159374 genome.dna 4489596 4487469 NC_005027.gbk
276 32.4 3163130 3162450 genome.dna 2971417 2970631 NC_005027.gbk
622 34.3 3166099 3165062 genome.dna 5554556 5553476 NC_005027.gbk
950 47.5 3166195 3167499 genome.dna 1689918 1691202 NC_005027.gbk
324 32.1 3178804 3180039 genome.dna 145983 147264 NC_005027.gbk
167 30.0 3239936 3239133 genome.dna 2159034 2158152 NC_005027.gbk
485 34.5 3278435 3279220 genome.dna 5946406 5945494 NC_005027.gbk
392 34.4 3306810 3308309 genome.dna 5471106 5472927 NC_005027.gbk
480 31.3 3333801 3332713 genome.dna 6046861 6048019 NC_005027.gbk
857 47.7 3344476 3343682 genome.dna 188376 189222 NC_005027.gbk
617 34.7 3353699 3354838 genome.dna 5329861 5330890 NC_005027.gbk
911 34.9 3364676 3363084 genome.dna 4846761 4844853 NC_005027.gbk
261 31.7 3364794 3365690 genome.dna 6223453 6224287 NC_005027.gbk
1013 38.4 3368339 3370030 genome.dna 1543823 1542062 NC_005027.gbk
724 37.1 3395711 3396913 genome.dna 5200862 5202038 NC_005027.gbk
1369 38.7 3396993 3399131 genome.dna 5198832 5200932 NC_005027.gbk
332 34.7 3408161 3407589 genome.dna 1435465 1434796 NC_005027.gbk
699 33.2 3409858 3408341 genome.dna 2595812 2597426 NC_005027.gbk
399 30.9 3412525 3411257 genome.dna 3272352 3273984 NC_005027.gbk
855 50.4 3413548 3412631 genome.dna 6949071 6948132 NC_005027.gbk
223 33.0 3415469 3414618 genome.dna 1391589 1390758 NC_005027.gbk
558 31.2 3416479 3415469 genome.dna 5274642 5273622 NC_005027.gbk
478 36.2 3427528 3426443 genome.dna 3623409 3624624 NC_005027.gbk
439 35.2 3428548 3427616 genome.dna 4975705 4976596 NC_005027.gbk
203 30.7 3465394 3464954 genome.dna 2860344 2859867 NC_005027.gbk
746 32.8 3466688 3465462 genome.dna 1802912 1804127 NC_005027.gbk
431 31.3 3478244 3479224 genome.dna 6027564 6026406 NC_005027.gbk
602 32.5 3487569 3486097 genome.dna 5848436 5846912 NC_005027.gbk
559 48.8 3516455 3517318 genome.dna 4003463 4004447 NC_005027.gbk
916 41.0 3519048 3517663 genome.dna 2390451 2388564 NC_005027.gbk
188 34.4 3519771 3519349 genome.dna 6213463 6213889 NC_005027.gbk
576 54.9 3521609 3522118 genome.dna 3225747 3225228 NC_005027.gbk
1063 32.0 3531913 3533985 genome.dna 5082459 5085018 NC_005027.gbk
484 31.7 3557435 3556470 genome.dna 3228131 3227093 NC_005027.gbk
599 42.7 3577570 3576767 genome.dna 4072587 4073415 NC_005027.gbk
1048 44.0 3578861 3579880 genome.dna 6048094 6049105 NC_005027.gbk
540 36.6 3586091 3587221 genome.dna 1159285 1160347 NC_005027.gbk
1954 55.0 3590632 3589055 genome.dna 4467163 4468927 NC_005027.gbk
1726 53.4 3592205 3590739 genome.dna 6369825 6371445 NC_005027.gbk
798 38.1 3592378 3593766 genome.dna 1870617 1871946 NC_005027.gbk
527 34.7 3599984 3598497 genome.dna 2928822 2927403 NC_005027.gbk
573 35.8 3604488 3603367 genome.dna 1121961 1120812 NC_005027.gbk
876 41.2 3607701 3606505 genome.dna 6976236 6975120 NC_005027.gbk
409 46.0 3608433 3608005 genome.dna 6377218 6376759 NC_005027.gbk
294 45.4 3619470 3619147 genome.dna 2362510 2362177 NC_005027.gbk
752 37.2 3621177 3619963 genome.dna 3995365 3996511 NC_005027.gbk
591 38.1 3622920 3623723 genome.dna 2973153 2972325 NC_005027.gbk
1460 53.3 3635387 3634134 genome.dna 3257870 3259133 NC_005027.gbk
701 38.1 3635748 3636938 genome.dna 6600709 6601963 NC_005027.gbk
492 64.3 3640872 3640534 genome.dna 1535384 1534982 NC_005027.gbk
477 46.7 3651787 3651263 genome.dna 6680452 6680932 NC_005027.gbk
979 49.8 3653449 3652523 genome.dna 4042825 4043734 NC_005027.gbk
217 32.3 3680225 3679845 genome.dna 3389017 3388639 NC_005027.gbk
791 51.9 3680956 3680225 genome.dna 296285 295499 NC_005027.gbk
2136 51.7 3686442 3684643 genome.dna 6299253 6297456 NC_005027.gbk
318 32.3 3689432 3688857 genome.dna 1204508 1205219 NC_005027.gbk
955 40.8 3689812 3691413 genome.dna 1982258 1983941 NC_005027.gbk
437 35.5 3698228 3696813 genome.dna 4088107 4086469 NC_005027.gbk
1512 54.0 3714803 3716083 genome.dna 3634210 3635530 NC_005027.gbk
1357 36.1 3727511 3725031 genome.dna 2074240 2071699 NC_005027.gbk
627 38.7 3732844 3733638 genome.dna 4855705 4854895 NC_005027.gbk
626 40.4 3733793 3734647 genome.dna 1934972 1934120 NC_005027.gbk
547 33.8 3736813 3735875 genome.dna 138583 139510 NC_005027.gbk
358 34.1 3738313 3737777 genome.dna 3467205 3466671 NC_005027.gbk
501 53.8 3749751 3750215 genome.dna 5552547 5552070 NC_005027.gbk
1593 55.4 3762599 3760023 genome.dna 4866549 4863849 NC_005027.gbk
546 36.1 3764478 3763501 genome.dna 6941549 6942554 NC_005027.gbk
436 30.1 3766362 3767522 genome.dna 4868996 4870088 NC_005027.gbk
369 48.2 3773009 3772662 genome.dna 6916558 6916204 NC_005027.gbk
707 46.7 3773827 3773072 genome.dna 6917306 6916577 NC_005027.gbk
1247 42.7 3776200 3774839 genome.dna 6919309 6917833 NC_005027.gbk
423 35.5 3780567 3780001 genome.dna 204268 204925 NC_005027.gbk
1239 36.3 3784972 3782345 genome.dna 4559942 4557104 NC_005027.gbk
1284 55.0 3786717 3785644 genome.dna 6388538 6387410 NC_005027.gbk
1213 37.2 3863434 3861956 genome.dna 5220508 5222011 NC_005027.gbk
1186 45.4 3882715 3881462 genome.dna 3936697 3938002 NC_005027.gbk
727 35.0 3883829 3882726 genome.dna 6481164 6482334 NC_005027.gbk
853 40.3 3889382 3888324 genome.dna 2164702 2165893 NC_005027.gbk
834 48.3 3898447 3899475 genome.dna 5547440 5546369 NC_005027.gbk
169 39.2 3899801 3899535 genome.dna 5229341 5229632 NC_005027.gbk
692 32.6 3911288 3910026 genome.dna 7133153 7134518 NC_005027.gbk
673 33.8 3918901 3920391 genome.dna 2130112 2131612 NC_005027.gbk
995 49.0 3926541 3925651 genome.dna 5143795 5142811 NC_005027.gbk
512 50.0 3963052 3962555 genome.dna 1782521 1783022 NC_005027.gbk
328 35.1 3963804 3963091 genome.dna 4888020 4888752 NC_005027.gbk
1418 68.1 3970373 3969465 genome.dna 4243890 4242978 NC_005027.gbk
841 34.8 3974615 3972882 genome.dna 4003504 4001632 NC_005027.gbk
144 30.4 3984884 3985300 genome.dna 2640266 2639852 NC_005027.gbk
1587 59.6 4001743 4000448 genome.dna 6662965 6664252 NC_005027.gbk
1966 55.8 4003479 4001842 genome.dna 6509099 6507443 NC_005027.gbk
671 38.7 4013697 4012813 genome.dna 1976746 1977658 NC_005027.gbk
1079 38.3 4027241 4025196 genome.dna 5825029 5822908 NC_005027.gbk
309 32.4 4036522 4035704 genome.dna 3986914 3987688 NC_005027.gbk
514 44.9 4057927 4057307 genome.dna 5467429 5466712 NC_005027.gbk
334 39.5 4059979 4059527 genome.dna 5343782 5343248 NC_005027.gbk
244 32.8 4071662 4071237 genome.dna 6006371 6005903 NC_005027.gbk
923 44.8 4076878 4075862 genome.dna 6884825 6885932 NC_005027.gbk
496 33.2 4077711 4078532 genome.dna 2012435 2011604 NC_005027.gbk
171 34.0 4079133 4079423 genome.dna 4415394 4415067 NC_005027.gbk
443 42.3 4079441 4080034 genome.dna 2639250 2639877 NC_005027.gbk
594 32.1 4080027 4081166 genome.dna 5318551 5319721 NC_005027.gbk
379 30.2 4102382 4101120 genome.dna 4912718 4914002 NC_005027.gbk
504 33.3 4114259 4113273 genome.dna 6461987 6460979 NC_005027.gbk
1077 40.2 4114440 4115846 genome.dna 891741 893190 NC_005027.gbk
579 60.1 4137049 4136630 genome.dna 2019730 2019280 NC_005027.gbk
362 39.8 4140147 4140710 genome.dna 5344370 5343860 NC_005027.gbk
388 31.7 4199525 4198710 genome.dna 1348146 1347240 NC_005027.gbk
495 39.7 4200650 4199670 genome.dna 4213685 4214741 NC_005027.gbk
1483 50.6 4231793 4230366 genome.dna 628773 627345 NC_005027.gbk
3341 56.2 4236582 4233919 genome.dna 1771071 1768338 NC_005027.gbk
374 38.1 4244964 4245854 genome.dna 3519583 3520531 NC_005027.gbk
461 32.6 4257707 4256787 genome.dna 2538297 2539206 NC_005027.gbk
524 39.4 4274186 4273242 genome.dna 4420684 4421662 NC_005027.gbk
450 43.8 4277861 4277370 genome.dna 5316629 5316044 NC_005027.gbk
1593 49.8 4282166 4283764 genome.dna 6875685 6873996 NC_005027.gbk
1174 52.5 4283764 4284855 genome.dna 6784427 6785555 NC_005027.gbk
1912 61.1 4284858 4286258 genome.dna 6813142 6814678 NC_005027.gbk
754 59.0 4286272 4286874 genome.dna 6814850 6815441 NC_005027.gbk
1520 44.0 4302196 4303860 genome.dna 6950939 6949079 NC_005027.gbk
315 32.8 4319027 4319845 genome.dna 6661963 6661108 NC_005027.gbk
4048 58.5 4330684 4327460 genome.dna 6540042 6536790 NC_005027.gbk
1242 53.1 4331847 4330699 genome.dna 2668633 2667463 NC_005027.gbk
586 38.3 4333114 4332293 genome.dna 6443939 6443096 NC_005027.gbk
1018 52.6 4334402 4333452 genome.dna 4965372 4966332 NC_005027.gbk
601 34.8 4339154 4338213 genome.dna 4429154 4428182 NC_005027.gbk
218 46.6 4339580 4339843 genome.dna 3735290 3735563 NC_005027.gbk
641 39.8 4342070 4340889 genome.dna 1885050 1886373 NC_005027.gbk
1131 46.3 4343498 4342359 genome.dna 4781696 4782872 NC_005027.gbk
2206 54.5 4345514 4343607 genome.dna 4868834 4866719 NC_005027.gbk
224 31.3 4362071 4361421 genome.dna 2523287 2523899 NC_005027.gbk
1980 53.1 4365488 4367155 genome.dna 4469119 4470799 NC_005027.gbk
801 44.5 4379941 4378778 genome.dna 5695421 5696615 NC_005027.gbk
1047 41.4 4387762 4385783 genome.dna 1918711 1920718 NC_005027.gbk
1487 57.8 4388480 4389631 genome.dna 2821245 2822433 NC_005027.gbk
123 30.0 4393344 4393907 genome.dna 2963667 2962887 NC_005027.gbk
1224 45.3 4398393 4397095 genome.dna 6959447 6960761 NC_005027.gbk
1029 45.8 4402445 4401165 genome.dna 3728853 3727473 NC_005027.gbk
612 35.8 4403893 4402952 genome.dna 772202 771197 NC_005027.gbk
828 30.3 4405841 4403886 genome.dna 4211571 4213689 NC_005027.gbk
650 35.2 4409761 4410900 genome.dna 3265393 3264247 NC_005027.gbk
613 36.2 4435653 4436702 genome.dna 1529084 1530245 NC_005027.gbk
791 40.4 4442310 4441333 genome.dna 2506309 2507494 NC_005027.gbk
596 31.8 4442783 4444579 genome.dna 5724110 5726120 NC_005027.gbk
578 45.5 4448185 4447619 genome.dna 619532 618944 NC_005027.gbk
950 45.1 4448227 4449270 genome.dna 619559 620705 NC_005027.gbk
4330 54.2 4464530 4460847 genome.dna 5312654 5308913 NC_005027.gbk
350 35.8 4477982 4478530 genome.dna 3124895 3124274 NC_005027.gbk
372 34.8 4482450 4482959 genome.dna 6928592 6927986 NC_005027.gbk
556 36.8 4482986 4483933 genome.dna 6928009 6927001 NC_005027.gbk
618 30.2 4485347 4486723 genome.dna 4295791 4297138 NC_005027.gbk
242 45.8 4486815 4487225 genome.dna 1189101 1189608 NC_005027.gbk
115 34.1 4488068 4487676 genome.dna 6798877 6799510 NC_005027.gbk
799 42.3 4489098 4488109 genome.dna 6797796 6798792 NC_005027.gbk
442 36.2 4489744 4489124 genome.dna 629490 628869 NC_005027.gbk
549 62.8 4490164 4489775 genome.dna 6797353 6797737 NC_005027.gbk
351 44.3 4490537 4490181 genome.dna 6796903 6797287 NC_005027.gbk
597 40.5 4492165 4490834 genome.dna 4202819 4204214 NC_005027.gbk
365 44.6 4492607 4492173 genome.dna 4202047 4202542 NC_005027.gbk
518 45.9 4493297 4492797 genome.dna 4201350 4201884 NC_005027.gbk
337 45.9 4493665 4493312 genome.dna 4200853 4201303 NC_005027.gbk
493 41.6 4494208 4493675 genome.dna 4200305 4200851 NC_005027.gbk
421 53.0 4494614 4494222 genome.dna 4199838 4200240 NC_005027.gbk
682 52.8 4495506 4494967 genome.dna 4198934 4199525 NC_005027.gbk
253 44.1 4495835 4495521 genome.dna 4198528 4198876 NC_005027.gbk
484 61.0 4496217 4495846 genome.dna 4198080 4198449 NC_005027.gbk
114 39.0 4496826 4496635 genome.dna 4197404 4197623 NC_005027.gbk
432 46.6 4497236 4496826 genome.dna 4196809 4197226 NC_005027.gbk
666 43.6 4497950 4497249 genome.dna 4196160 4196871 NC_005027.gbk
286 48.1 4498300 4497968 genome.dna 4195705 4196065 NC_005027.gbk
372 56.8 4498593 4498315 genome.dna 4195375 4195645 NC_005027.gbk
999 54.0 4499431 4498610 genome.dna 4194480 4195341 NC_005027.gbk
238 42.5 4499751 4499449 genome.dna 4194059 4194383 NC_005027.gbk
488 45.5 4500993 4500364 genome.dna 4192691 4193378 NC_005027.gbk
398 63.2 4501337 4501026 genome.dna 4192030 4192357 NC_005027.gbk
296 34.9 4502117 4501644 genome.dna 6087670 6088150 NC_005027.gbk
1969 50.1 4505956 4503842 genome.dna 2817863 2815775 NC_005027.gbk
498 47.1 4506523 4506053 genome.dna 4186169 4186643 NC_005027.gbk
575 70.2 4506994 4506620 genome.dna 4185729 4186095 NC_005027.gbk
416 33.5 4514856 4514044 genome.dna 6964029 6963267 NC_005027.gbk
355 32.1 4518864 4519643 genome.dna 1899389 1900178 NC_005027.gbk
758 57.6 4531820 4531245 genome.dna 3311473 3312100 NC_005027.gbk
435 32.5 4537307 4538584 genome.dna 2741995 2743363 NC_005027.gbk
627 34.8 4557783 4556779 genome.dna 3389983 3389020 NC_005027.gbk
588 43.4 4559154 4558477 genome.dna 798959 798251 NC_005027.gbk
1011 47.1 4562421 4561336 genome.dna 986428 987715 NC_005027.gbk
556 35.4 4584899 4583883 genome.dna 2259814 2258764 NC_005027.gbk
2296 52.4 4597892 4600225 genome.dna 1702646 1700393 NC_005027.gbk
237 30.1 4613483 4614184 genome.dna 4687218 4686309 NC_005027.gbk
655 31.0 4622349 4623851 genome.dna 1943976 1945569 NC_005027.gbk
2483 47.1 4632742 4630295 genome.dna 4475977 4478470 NC_005027.gbk
892 37.0 4634257 4632818 genome.dna 3534224 3535748 NC_005027.gbk
1296 47.7 4635563 4634286 genome.dna 693322 691981 NC_005027.gbk
1395 40.0 4637576 4635600 genome.dna 4971928 4969726 NC_005027.gbk
2456 50.1 4639754 4637577 genome.dna 1369231 1371442 NC_005027.gbk
748 40.3 4665855 4666784 genome.dna 3443810 3442865 NC_005027.gbk
1364 37.9 4672431 4670269 genome.dna 6656202 6653838 NC_005027.gbk
471 40.1 4680620 4681561 genome.dna 3633139 3634153 NC_005027.gbk
686 34.4 4686472 4685315 genome.dna 2297266 2298565 NC_005027.gbk
534 30.5 4700495 4699365 genome.dna 602079 600825 NC_005027.gbk
1139 53.9 4702353 4701286 genome.dna 1313064 1311885 NC_005027.gbk
707 33.0 4703612 4702350 genome.dna 1316657 1315247 NC_005027.gbk
1356 55.5 4704862 4703738 genome.dna 4904738 4905881 NC_005027.gbk
1475 53.5 4708658 4707399 genome.dna 2571441 2569896 NC_005027.gbk
380 51.4 4709479 4709153 genome.dna 6563104 6562777 NC_005027.gbk
321 55.1 4714592 4714873 genome.dna 4524394 4524112 NC_005027.gbk
543 30.7 4729969 4728119 genome.dna 760687 758953 NC_005027.gbk
601 37.7 4730969 4730043 genome.dna 4348268 4349126 NC_005027.gbk
1360 44.6 4733613 4735139 genome.dna 5281207 5282749 NC_005027.gbk
1869 60.6 4752903 4754309 genome.dna 2985257 2983763 NC_005027.gbk
572 32.7 4755209 4754301 genome.dna 1540680 1539798 NC_005027.gbk
664 41.5 4756712 4755816 genome.dna 4056287 4055402 NC_005027.gbk
755 36.1 4766891 4765731 genome.dna 3391969 3393274 NC_005027.gbk
279 55.4 4770684 4770469 genome.dna 4974377 4974623 NC_005027.gbk
1430 36.6 4770998 4773196 genome.dna 4501421 4498985 NC_005027.gbk
369 34.7 4780345 4781184 genome.dna 4720342 4721158 NC_005027.gbk
1917 55.4 4781238 4782749 genome.dna 1942291 1943911 NC_005027.gbk
743 46.4 4786326 4787093 genome.dna 3767569 3766804 NC_005027.gbk
539 31.3 4788410 4787304 genome.dna 4576830 4575726 NC_005027.gbk
712 40.9 4789295 4788411 genome.dna 2971400 2972267 NC_005027.gbk
132 35.8 4798346 4797948 genome.dna 6164295 6163938 NC_005027.gbk
132 35.8 4804978 4804580 genome.dna 6164295 6163938 NC_005027.gbk
554 40.5 4829201 4829899 genome.dna 5061762 5062482 NC_005027.gbk
318 40.4 4834867 4834403 genome.dna 2039096 2038562 NC_005027.gbk
837 45.3 4844257 4845171 genome.dna 7049907 7050891 NC_005027.gbk
849 39.8 4914105 4915127 genome.dna 2126370 2127399 NC_005027.gbk
821 30.4 4941502 4939844 genome.dna 2499143 2497538 NC_005027.gbk
545 45.9 4944773 4943487 genome.dna 4678378 4677022 NC_005027.gbk
424 30.8 4964420 4963467 genome.dna 221323 222268 NC_005027.gbk
1775 43.1 4981440 4979023 genome.dna 4874058 4871364 NC_005027.gbk
147 33.3 4985929 4986288 genome.dna 3985326 3985767 NC_005027.gbk
660 33.0 4988276 4989640 genome.dna 6395112 6396510 NC_005027.gbk
483 36.3 4992272 4991421 genome.dna 2560456 2561305 NC_005027.gbk
1019 57.9 5018328 5017552 genome.dna 3825810 3824961 NC_005027.gbk
207 30.6 5040111 5039689 genome.dna 4419177 4419603 NC_005027.gbk
1414 43.3 5049054 5047222 genome.dna 6810909 6812694 NC_005027.gbk
1899 64.8 5055348 5053966 genome.dna 5519559 5520999 NC_005027.gbk
545 31.6 5056259 5055396 genome.dna 5518519 5519410 NC_005027.gbk
1162 53.9 5057853 5056312 genome.dna 5516974 5518498 NC_005027.gbk
1344 52.4 5063659 5061770 genome.dna 4947532 4949536 NC_005027.gbk
