1354 60.9 1179 2171 genome.dna 1216859 1215866 NC_004070.gbk
1023 33.4 5629 7497 genome.dna 1122196 1120195 NC_004070.gbk
522 31.2 15468 16463 genome.dna 1213286 1212308 NC_004070.gbk
1217 37.2 25826 28615 genome.dna 172645 175288 NC_004070.gbk
487 40.4 29669 29034 genome.dna 664508 665108 NC_004070.gbk
735 42.6 36667 35258 genome.dna 1623034 1621687 NC_004070.gbk
2046 54.4 37037 38860 genome.dna 1206657 1204950 NC_004070.gbk
427 46.9 39698 40135 genome.dna 1715794 1715350 NC_004070.gbk
1225 39.4 47188 45107 genome.dna 1543647 1541631 NC_004070.gbk
550 43.7 50956 50333 genome.dna 1377587 1376951 NC_004070.gbk
589 31.2 59253 58054 genome.dna 1611537 1612662 NC_004070.gbk
1918 64.7 77642 78994 genome.dna 600281 601634 NC_004070.gbk
576 47.2 97287 96724 genome.dna 1832309 1831748 NC_004070.gbk
1253 62.9 98527 99441 genome.dna 1468082 1467155 NC_004070.gbk
1195 36.5 99451 101520 genome.dna 1466702 1464749 NC_004070.gbk
741 52.4 110262 109636 genome.dna 1113976 1113370 NC_004070.gbk
998 35.5 118825 120366 genome.dna 925384 923851 NC_004070.gbk
319 31.2 140268 141428 genome.dna 333159 334341 NC_004070.gbk
228 34.8 165569 165111 genome.dna 196532 196979 NC_004070.gbk
465 37.1 166978 167643 genome.dna 831871 832501 NC_004070.gbk
133 40.8 168129 168296 genome.dna 1848522 1848672 NC_004070.gbk
554 35.4 168516 169325 genome.dna 385972 386800 NC_004070.gbk
378 37.3 170854 170375 genome.dna 1215215 1214723 NC_004070.gbk
782 40.0 192775 193791 genome.dna 191305 190288 NC_004070.gbk
549 38.5 207819 208589 genome.dna 1615460 1614680 NC_004070.gbk
1013 30.6 212248 209609 genome.dna 469639 472438 NC_004070.gbk
330 35.2 237567 238178 genome.dna 1363189 1363837 NC_004070.gbk
854 44.0 248939 247989 genome.dna 928578 929499 NC_004070.gbk
1991 73.6 250357 251541 genome.dna 474236 475433 NC_004070.gbk
388 34.4 252164 252709 genome.dna 150471 151011 NC_004070.gbk
577 62.7 252872 253300 genome.dna 365652 366078 NC_004070.gbk
832 55.5 253304 254008 genome.dna 366183 366873 NC_004070.gbk
353 39.9 254326 254823 genome.dna 808711 809212 NC_004070.gbk
352 51.6 254890 255255 genome.dna 809276 809642 NC_004070.gbk
2053 43.8 255584 259612 genome.dna 94351 97918 NC_004070.gbk
2452 45.3 259736 263959 genome.dna 98008 101632 NC_004070.gbk
1225 46.3 280242 278956 genome.dna 47217 48492 NC_004070.gbk
959 50.1 281849 280260 genome.dna 44241 45789 NC_004070.gbk
498 38.3 292998 292333 genome.dna 679973 680624 NC_004070.gbk
662 34.9 301263 300298 genome.dna 114779 113801 NC_004070.gbk
406 34.7 303420 302533 genome.dna 1726686 1725903 NC_004070.gbk
1567 52.7 306633 305290 genome.dna 1512931 1511566 NC_004070.gbk
262 37.3 307112 306645 genome.dna 1513855 1513381 NC_004070.gbk
631 37.2 334964 334107 genome.dna 508728 509619 NC_004070.gbk
1255 50.1 345980 347242 genome.dna 552519 553791 NC_004070.gbk
522 57.1 352201 352629 genome.dna 1676493 1676046 NC_004070.gbk
477 50.8 352645 353037 genome.dna 1676026 1675633 NC_004070.gbk
912 56.7 355354 354581 genome.dna 502035 502800 NC_004070.gbk
666 34.3 362158 363087 genome.dna 311380 312301 NC_004070.gbk
648 42.3 372605 373492 genome.dna 329408 330272 NC_004070.gbk
507 34.0 386934 386071 genome.dna 1631556 1630674 NC_004070.gbk
672 43.8 399153 398326 genome.dna 1469961 1469121 NC_004070.gbk
808 35.7 413001 411592 genome.dna 1571571 1573011 NC_004070.gbk
2512 53.3 426927 424789 genome.dna 1825310 1823111 NC_004070.gbk
255 34.8 431880 431494 genome.dna 134212 134578 NC_004070.gbk
399 32.6 433394 432459 genome.dna 613439 614375 NC_004070.gbk
1163 54.4 435364 434357 genome.dna 1222166 1221152 NC_004070.gbk
1215 43.9 460910 458055 genome.dna 1281278 1278629 NC_004070.gbk
1182 41.6 530287 528905 genome.dna 197059 198421 NC_004070.gbk
1354 47.6 533382 534971 genome.dna 1125793 1124248 NC_004070.gbk
737 35.7 537938 539215 genome.dna 1614660 1613457 NC_004070.gbk
101 34.6 680017 679742 genome.dna 1032293 1032053 NC_004070.gbk
180 34.7 697176 697469 genome.dna 1787372 1787081 NC_004070.gbk
2051 59.4 697515 699164 genome.dna 1787046 1785414 NC_004070.gbk
1422 61.3 725271 724024 genome.dna 276894 278034 NC_004070.gbk
866 42.3 755628 756641 genome.dna 1618147 1617118 NC_004070.gbk
241 36.3 761608 761919 genome.dna 607607 607922 NC_004070.gbk
284 55.6 761939 762196 genome.dna 608287 608581 NC_004070.gbk
1017 43.3 763509 764681 genome.dna 1050652 1049344 NC_004070.gbk
410 45.5 766454 766933 genome.dna 297774 298257 NC_004070.gbk
200 37.1 767354 767061 genome.dna 265647 265956 NC_004070.gbk
661 42.6 770241 771074 genome.dna 814431 815232 NC_004070.gbk
959 42.7 771082 772419 genome.dna 737446 738637 NC_004070.gbk
1925 38.2 779306 782008 genome.dna 1491096 1488291 NC_004070.gbk
240 33.0 782083 782481 genome.dna 1488086 1487735 NC_004070.gbk
459 33.0 782481 783425 genome.dna 944755 943909 NC_004070.gbk
326 55.1 783547 783816 genome.dna 1692343 1692073 NC_004070.gbk
2065 49.7 784066 786186 genome.dna 1686957 1684824 NC_004070.gbk
1132 38.5 787369 789282 genome.dna 1123942 1122322 NC_004070.gbk
848 41.5 797270 798493 genome.dna 669293 670505 NC_004070.gbk
602 46.0 798538 799257 genome.dna 672527 673133 NC_004070.gbk
202 37.5 803045 802602 genome.dna 1618592 1618136 NC_004070.gbk
458 37.2 830229 830876 genome.dna 869247 868596 NC_004070.gbk
1535 49.6 844582 846099 genome.dna 461571 460077 NC_004070.gbk
401 45.9 927840 927358 genome.dna 393251 393719 NC_004070.gbk
1052 32.7 931102 929441 genome.dna 1177574 1175912 NC_004070.gbk
283 36.0 932209 932796 genome.dna 1524767 1524194 NC_004070.gbk
89 32.8 934700 934497 genome.dna 849843 849657 NC_004070.gbk
1303 56.5 937176 936079 genome.dna 1767475 1766386 NC_004070.gbk
578 34.3 939859 940740 genome.dna 210874 211741 NC_004070.gbk
2101 50.4 955638 953644 genome.dna 1455596 1453460 NC_004070.gbk
298 34.6 957261 956803 genome.dna 1479404 1478888 NC_004070.gbk
1682 45.6 995970 994243 genome.dna 1089424 1087699 NC_004070.gbk
862 51.4 997695 996727 genome.dna 1363964 1364906 NC_004070.gbk
83 30.0 1001658 1001365 genome.dna 136087 136408 NC_004070.gbk
1132 43.4 1040649 1039456 genome.dna 389203 390397 NC_004070.gbk
710 35.3 1087061 1085955 genome.dna 1584076 1585231 NC_004070.gbk
395 30.0 1100443 1101237 genome.dna 661509 662373 NC_004070.gbk
592 35.7 1129588 1128602 genome.dna 1735098 1735962 NC_004070.gbk
362 31.1 1154052 1153258 genome.dna 1068898 1068037 NC_004070.gbk
834 51.0 1154397 1155122 genome.dna 1809228 1809996 NC_004070.gbk
362 37.5 1155257 1156108 genome.dna 1810129 1811170 NC_004070.gbk
749 49.2 1156279 1157004 genome.dna 367195 367924 NC_004070.gbk
516 45.4 1157130 1157687 genome.dna 367953 368511 NC_004070.gbk
668 45.7 1159320 1160081 genome.dna 1704666 1703916 NC_004070.gbk
383 31.5 1160091 1160948 genome.dna 1703904 1703109 NC_004070.gbk
418 43.9 1166572 1167027 genome.dna 1513385 1512962 NC_004070.gbk
643 30.1 1169670 1173152 genome.dna 974052 970941 NC_004070.gbk
252 48.6 1174256 1174645 genome.dna 866117 866531 NC_004070.gbk
1844 40.0 1180703 1178139 genome.dna 1838814 1836258 NC_004070.gbk
639 34.0 1203627 1202668 genome.dna 1551958 1550935 NC_004070.gbk
488 65.1 1211683 1212024 genome.dna 965323 964987 NC_004070.gbk
497 38.8 1260789 1261478 genome.dna 283630 284317 NC_004070.gbk
630 31.9 1265611 1266930 genome.dna 276586 275215 NC_004070.gbk
963 45.6 1271755 1272822 genome.dna 1109787 1110816 NC_004070.gbk
1333 53.0 1272920 1274065 genome.dna 177633 178776 NC_004070.gbk
464 46.7 1278470 1278919 genome.dna 286039 286534 NC_004070.gbk
235 32.4 1280702 1281121 genome.dna 1574574 1574121 NC_004070.gbk
561 41.3 1285528 1284617 genome.dna 1179745 1178872 NC_004070.gbk
730 54.2 1301367 1301990 genome.dna 325282 325873 NC_004070.gbk
1519 58.1 1302154 1303428 genome.dna 663269 664499 NC_004070.gbk
315 54.5 1306200 1306472 genome.dna 1172231 1171955 NC_004070.gbk
266 46.2 1322693 1322445 genome.dna 517176 516915 NC_004070.gbk
570 51.2 1329655 1330212 genome.dna 702229 702748 NC_004070.gbk
181 31.6 1332403 1332732 genome.dna 1608875 1609175 NC_004070.gbk
443 35.7 1332732 1333337 genome.dna 1130149 1129552 NC_004070.gbk
521 40.4 1335658 1336302 genome.dna 75937 76576 NC_004070.gbk
1737 41.4 1356196 1353473 genome.dna 1486008 1483776 NC_004070.gbk
1554 47.3 1363499 1366138 genome.dna 862779 865266 NC_004070.gbk
427 36.1 1426894 1426256 genome.dna 43503 44058 NC_004070.gbk
1101 52.6 1427931 1426894 genome.dna 42313 43336 NC_004070.gbk
744 53.2 1428285 1428911 genome.dna 324430 325060 NC_004070.gbk
677 43.0 1429248 1430537 genome.dna 612164 613379 NC_004070.gbk
650 41.9 1436929 1437642 genome.dna 36043 36748 NC_004070.gbk
1411 57.2 1458435 1457257 genome.dna 1380528 1381716 NC_004070.gbk
741 55.0 1459094 1458447 genome.dna 1382391 1383051 NC_004070.gbk
709 50.0 1459750 1459094 genome.dna 131927 132587 NC_004070.gbk
270 37.5 1478243 1477926 genome.dna 267246 267624 NC_004070.gbk
306 34.3 1479078 1478437 genome.dna 266024 266657 NC_004070.gbk
1806 42.5 1483266 1480684 genome.dna 158247 160749 NC_004070.gbk
613 33.6 1501778 1500630 genome.dna 1471231 1470082 NC_004070.gbk
913 39.0 1528762 1530255 genome.dna 1185774 1184364 NC_004070.gbk
639 47.5 1533499 1534146 genome.dna 395208 394560 NC_004070.gbk
588 30.3 1543336 1544562 genome.dna 725442 726852 NC_004070.gbk
866 53.7 1563766 1563014 genome.dna 1133877 1133181 NC_004070.gbk
680 47.5 1599518 1600159 genome.dna 1083426 1082799 NC_004070.gbk
613 39.4 1635671 1634820 genome.dna 575065 575920 NC_004070.gbk
248 33.9 1636204 1635668 genome.dna 707773 708367 NC_004070.gbk
1317 67.4 1637078 1636206 genome.dna 706904 707774 NC_004070.gbk
894 37.6 1647128 1648552 genome.dna 1666833 1665426 NC_004070.gbk
1091 41.1 1751217 1749904 genome.dna 882892 881485 NC_004070.gbk
606 44.4 1763515 1764231 genome.dna 951354 950652 NC_004070.gbk
264 31.1 1858446 1858988 genome.dna 1028694 1029282 NC_004070.gbk
494 56.8 1860773 1860348 genome.dna 670523 670964 NC_004070.gbk
871 60.7 1990078 1989440 genome.dna 492982 493624 NC_004070.gbk
357 44.2 2009604 2010017 genome.dna 175474 175930 NC_004070.gbk
149 33.7 2010635 2010913 genome.dna 300164 299885 NC_004070.gbk
486 31.0 2029109 2030257 genome.dna 692248 693235 NC_004070.gbk
148 39.6 2040877 2041047 genome.dna 1848324 1848507 NC_004070.gbk
626 34.7 2041077 2042123 genome.dna 34649 35657 NC_004070.gbk
738 37.5 2042130 2043083 genome.dna 1519249 1518274 NC_004070.gbk
791 43.0 2043101 2044030 genome.dna 1516793 1515854 NC_004070.gbk
673 43.3 2044045 2044779 genome.dna 1515865 1515130 NC_004070.gbk
162 37.3 2044934 2045170 genome.dna 1518214 1517989 NC_004070.gbk
1117 43.1 2045253 2046494 genome.dna 1515116 1513883 NC_004070.gbk
428 40.0 2048443 2049102 genome.dna 326888 327524 NC_004070.gbk
532 32.7 2050132 2050929 genome.dna 216418 217306 NC_004070.gbk
2271 37.9 2070405 2066956 genome.dna 5320 8740 NC_004070.gbk
214 34.3 2076838 2077179 genome.dna 1286507 1286168 NC_004070.gbk
881 52.0 2077218 2077982 genome.dna 1287315 1286559 NC_004070.gbk
350 41.5 2079241 2079792 genome.dna 467688 467208 NC_004070.gbk
338 31.2 2097009 2097755 genome.dna 897609 896910 NC_004070.gbk
989 38.4 2112831 2114330 genome.dna 244253 245672 NC_004070.gbk
850 52.6 2114428 2115174 genome.dna 240410 241181 NC_004070.gbk
1217 44.4 2116495 2117718 genome.dna 242568 243795 NC_004070.gbk
1256 43.0 2121733 2120321 genome.dna 969786 968283 NC_004070.gbk
722 39.9 2122379 2123242 genome.dna 444002 444845 NC_004070.gbk
1873 59.6 2125493 2126887 genome.dna 446727 448152 NC_004070.gbk
421 39.6 2153926 2154558 genome.dna 1367379 1366737 NC_004070.gbk
443 30.6 2184700 2183675 genome.dna 1024359 1023339 NC_004070.gbk
290 40.8 2188157 2187750 genome.dna 398526 398148 NC_004070.gbk
1430 50.5 2192856 2194133 genome.dna 91684 90427 NC_004070.gbk
603 44.4 2216576 2217319 genome.dna 675933 676626 NC_004070.gbk
897 55.7 2218378 2219073 genome.dna 165068 165773 NC_004070.gbk
708 41.1 2237016 2237987 genome.dna 849605 848666 NC_004070.gbk
895 33.3 2338271 2339743 genome.dna 1087491 1086087 NC_004070.gbk
1292 52.3 2487322 2486231 genome.dna 3479 4595 NC_004070.gbk
376 32.4 2488039 2487452 genome.dna 4664 5234 NC_004070.gbk
1067 52.2 2489732 2488785 genome.dna 32643 33606 NC_004070.gbk
1205 50.6 2492889 2493971 genome.dna 850584 851664 NC_004070.gbk
561 42.7 2585970 2586605 genome.dna 703508 704165 NC_004070.gbk
1442 39.3 2593132 2590532 genome.dna 872538 874668 NC_004070.gbk
427 32.2 2597527 2596643 genome.dna 307851 308574 NC_004070.gbk
814 47.3 2627092 2626058 genome.dna 254270 255194 NC_004070.gbk
918 46.6 2628084 2627089 genome.dna 253207 254278 NC_004070.gbk
2330 46.5 2634501 2637176 genome.dna 58682 61325 NC_004070.gbk
554 45.8 2637907 2637311 genome.dna 850010 850550 NC_004070.gbk
779 43.5 2639766 2638855 genome.dna 1883182 1884097 NC_004070.gbk
355 33.3 2645012 2644386 genome.dna 1477193 1476587 NC_004070.gbk
1056 50.0 2654735 2655739 genome.dna 231382 232393 NC_004070.gbk
336 37.1 2668329 2668766 genome.dna 162960 163446 NC_004070.gbk
761 37.5 2697304 2698272 genome.dna 1503407 1504400 NC_004070.gbk
824 51.0 2698450 2699247 genome.dna 1504488 1505298 NC_004070.gbk
805 46.2 2699262 2700104 genome.dna 1505314 1506226 NC_004070.gbk
297 64.6 2702947 2702738 genome.dna 1790854 1790650 NC_004070.gbk
648 34.0 2704043 2704957 genome.dna 358856 359765 NC_004070.gbk
513 34.3 2704954 2705844 genome.dna 359828 360554 NC_004070.gbk
639 36.1 2706704 2707561 genome.dna 360554 361409 NC_004070.gbk
569 40.9 2712101 2712862 genome.dna 492163 492958 NC_004070.gbk
1061 48.4 2716618 2717745 genome.dna 1712425 1711291 NC_004070.gbk
1188 66.1 2724246 2725070 genome.dna 1395662 1394837 NC_004070.gbk
932 30.8 2726216 2727934 genome.dna 858108 859836 NC_004070.gbk
1411 34.3 2731236 2728849 genome.dna 556463 558824 NC_004070.gbk
719 43.7 2732234 2731251 genome.dna 555165 556209 NC_004070.gbk
475 62.4 2732903 2732547 genome.dna 593584 593944 NC_004070.gbk
186 50.0 2733144 2732947 genome.dna 593328 593526 NC_004070.gbk
548 51.2 2733782 2733240 genome.dna 592756 593287 NC_004070.gbk
1745 40.6 2735713 2733785 genome.dna 404397 406341 NC_004070.gbk
382 31.7 2741372 2740491 genome.dna 281699 282596 NC_004070.gbk
1379 56.3 2757088 2758194 genome.dna 1870222 1869100 NC_004070.gbk
1263 48.7 2765355 2764123 genome.dna 589437 590661 NC_004070.gbk
549 36.1 2767679 2768455 genome.dna 819106 819883 NC_004070.gbk
883 40.1 2768546 2769589 genome.dna 819875 820949 NC_004070.gbk
410 46.0 2777056 2776550 genome.dna 1081516 1080952 NC_004070.gbk
516 31.2 2781410 2782864 genome.dna 941438 940130 NC_004070.gbk
243 40.6 2806364 2806672 genome.dna 1043254 1042918 NC_004070.gbk
1287 57.4 2809298 2808294 genome.dna 54604 55603 NC_004070.gbk
336 32.2 2809923 2809306 genome.dna 1832915 1832318 NC_004070.gbk
539 39.5 2811487 2810744 genome.dna 270224 270941 NC_004070.gbk
1708 49.2 2813755 2811956 genome.dna 1846487 1844738 NC_004070.gbk
349 32.5 2833872 2833114 genome.dna 331367 330737 NC_004070.gbk
683 33.9 2835515 2837245 genome.dna 1839877 1841569 NC_004070.gbk
455 31.6 2839971 2839006 genome.dna 1822755 1821819 NC_004070.gbk
1110 33.4 2854450 2852540 genome.dna 646500 648378 NC_004070.gbk
703 35.5 2864092 2865492 genome.dna 506968 508315 NC_004070.gbk
903 32.3 2887241 2885457 genome.dna 193753 195538 NC_004070.gbk
302 38.1 2900715 2899810 genome.dna 880640 879755 NC_004070.gbk
1764 55.4 2902776 2901247 genome.dna 886583 888116 NC_004070.gbk
1027 56.9 2903705 2902830 genome.dna 885693 886581 NC_004070.gbk
262 42.3 2903995 2903705 genome.dna 885397 885706 NC_004070.gbk
614 33.0 2905083 2904019 genome.dna 891259 890206 NC_004070.gbk
517 42.7 2926492 2925815 genome.dna 591914 592595 NC_004070.gbk
535 31.1 2928002 2926713 genome.dna 1066969 1065676 NC_004070.gbk
1588 43.1 2932697 2934979 genome.dna 1596439 1598767 NC_004070.gbk
785 47.6 2966712 2967509 genome.dna 314438 315230 NC_004070.gbk
1470 53.6 2975613 2974318 genome.dna 1508416 1509694 NC_004070.gbk
883 36.9 2977060 2975717 genome.dna 1729986 1731255 NC_004070.gbk
708 38.3 2982496 2983455 genome.dna 1399754 1398836 NC_004070.gbk
335 67.1 2988043 2988261 genome.dna 76693 76912 NC_004070.gbk
515 32.0 3010809 3009844 genome.dna 818315 819110 NC_004070.gbk
551 40.9 3019705 3020373 genome.dna 1613428 1612756 NC_004070.gbk
247 30.1 3022380 3021175 genome.dna 809868 811116 NC_004070.gbk
413 40.6 3046334 3045672 genome.dna 813820 814423 NC_004070.gbk
749 42.8 3068393 3066702 genome.dna 637560 639507 NC_004070.gbk
356 31.7 3072423 3072995 genome.dna 1575559 1575001 NC_004070.gbk
470 37.8 3084419 3083724 genome.dna 1057008 1056276 NC_004070.gbk
833 45.7 3148240 3147401 genome.dna 320850 320067 NC_004070.gbk
637 35.9 3149284 3148253 genome.dna 318071 317069 NC_004070.gbk
685 36.7 3150266 3149277 genome.dna 319120 318067 NC_004070.gbk
494 38.1 3154559 3153852 genome.dna 301714 302404 NC_004070.gbk
2444 56.3 3161386 3159374 genome.dna 1037512 1035520 NC_004070.gbk
351 37.3 3228583 3228035 genome.dna 1876468 1875925 NC_004070.gbk
685 34.7 3230474 3228642 genome.dna 802818 804615 NC_004070.gbk
1250 42.3 3233243 3234655 genome.dna 1398668 1397288 NC_004070.gbk
648 34.2 3265816 3266967 genome.dna 916842 915642 NC_004070.gbk
1621 45.0 3364676 3363084 genome.dna 1891228 1892848 NC_004070.gbk
1750 47.7 3368339 3370030 genome.dna 1815067 1813438 NC_004070.gbk
1717 61.1 3389494 3390708 genome.dna 1536139 1534924 NC_004070.gbk
951 41.7 3395711 3396913 genome.dna 106968 108165 NC_004070.gbk
672 39.0 3409858 3408341 genome.dna 40831 42286 NC_004070.gbk
732 42.9 3413548 3412631 genome.dna 1511558 1510691 NC_004070.gbk
497 33.8 3415469 3414618 genome.dna 1640701 1639951 NC_004070.gbk
403 36.5 3427528 3426443 genome.dna 598636 599659 NC_004070.gbk
1160 44.8 3514279 3513113 genome.dna 429670 430828 NC_004070.gbk
885 49.1 3516455 3517318 genome.dna 1182285 1181430 NC_004070.gbk
1140 44.8 3519048 3517663 genome.dna 1682753 1681409 NC_004070.gbk
922 52.0 3527868 3527053 genome.dna 937287 936483 NC_004070.gbk
799 33.6 3548305 3549609 genome.dna 1026123 1027485 NC_004070.gbk
663 38.8 3549622 3550470 genome.dna 1027484 1028321 NC_004070.gbk
644 32.8 3573115 3574479 genome.dna 457990 459277 NC_004070.gbk
1786 51.7 3590632 3589055 genome.dna 899291 900854 NC_004070.gbk
1763 56.5 3592205 3590739 genome.dna 1888529 1887047 NC_004070.gbk
928 36.1 3592378 3593766 genome.dna 1181278 1179937 NC_004070.gbk
439 36.8 3599984 3598497 genome.dna 288658 289969 NC_004070.gbk
1151 41.3 3603229 3601955 genome.dna 1848105 1846824 NC_004070.gbk
746 36.4 3607701 3606505 genome.dna 1211237 1210157 NC_004070.gbk
182 33.1 3619938 3619552 genome.dna 243781 244261 NC_004070.gbk
783 39.0 3621177 3619963 genome.dna 835568 834440 NC_004070.gbk
1509 57.7 3635387 3634134 genome.dna 853536 854793 NC_004070.gbk
433 42.2 3651787 3651263 genome.dna 180766 181282 NC_004070.gbk
835 44.7 3682691 3681786 genome.dna 376678 377575 NC_004070.gbk
469 38.4 3683368 3682688 genome.dna 416742 417435 NC_004070.gbk
2395 57.8 3686442 3684643 genome.dna 789309 791142 NC_004070.gbk
740 51.1 3694571 3695257 genome.dna 680756 681410 NC_004070.gbk
412 36.2 3698228 3696813 genome.dna 200130 201576 NC_004070.gbk
639 41.9 3711890 3712588 genome.dna 356753 357449 NC_004070.gbk
393 41.9 3732230 3732727 genome.dna 815594 816083 NC_004070.gbk
540 34.2 3736813 3735875 genome.dna 534687 535611 NC_004070.gbk
547 43.0 3738313 3737777 genome.dna 12240 12783 NC_004070.gbk
187 34.3 3744803 3745042 genome.dna 1090060 1090312 NC_004070.gbk
2585 55.2 3745456 3747603 genome.dna 345237 347418 NC_004070.gbk
1119 49.5 3747628 3748590 genome.dna 343765 344779 NC_004070.gbk
1040 45.2 3762599 3760023 genome.dna 1187997 1190280 NC_004070.gbk
684 43.6 3764478 3763501 genome.dna 610297 611188 NC_004070.gbk
411 53.6 3773009 3772662 genome.dna 520903 521251 NC_004070.gbk
740 45.6 3773827 3773072 genome.dna 631791 632523 NC_004070.gbk
233 48.7 3774681 3774433 genome.dna 624455 624728 NC_004070.gbk
1422 46.2 3776200 3774839 genome.dna 896466 894903 NC_004070.gbk
351 36.9 3777786 3777271 genome.dna 1385338 1385821 NC_004070.gbk
1726 42.5 3784972 3782345 genome.dna 1100979 1098501 NC_004070.gbk
1230 61.6 3786717 3785644 genome.dna 1830164 1829183 NC_004070.gbk
1187 46.0 3882715 3881462 genome.dna 1409721 1408470 NC_004070.gbk
762 37.5 3889382 3888324 genome.dna 1596230 1595132 NC_004070.gbk
1244 50.0 3921930 3923132 genome.dna 169575 170772 NC_004070.gbk
997 46.0 3952362 3953393 genome.dna 273404 274469 NC_004070.gbk
554 42.7 3953386 3954039 genome.dna 274469 275162 NC_004070.gbk
521 33.4 3954101 3954916 genome.dna 272309 273155 NC_004070.gbk
788 42.0 3956293 3958011 genome.dna 1701580 1699723 NC_004070.gbk
986 62.3 3966155 3966877 genome.dna 1039878 1040619 NC_004070.gbk
1577 57.2 4001743 4000448 genome.dna 527703 529011 NC_004070.gbk
1847 54.1 4003479 4001842 genome.dna 1634601 1632996 NC_004070.gbk
1596 37.0 4007080 4004843 genome.dna 1717971 1715808 NC_004070.gbk
453 33.8 4012636 4011491 genome.dna 1648232 1647158 NC_004070.gbk
1438 42.4 4027241 4025196 genome.dna 542137 544096 NC_004070.gbk
550 36.0 4036522 4035704 genome.dna 237366 238206 NC_004070.gbk
278 33.0 4037132 4037767 genome.dna 683590 682867 NC_004070.gbk
228 49.3 4060248 4060021 genome.dna 1582475 1582235 NC_004070.gbk
510 35.7 4068636 4067902 genome.dna 1679964 1679217 NC_004070.gbk
1280 32.3 4071195 4068739 genome.dna 390993 393249 NC_004070.gbk
371 30.7 4076900 4077613 genome.dna 1197712 1197040 NC_004070.gbk
697 30.2 4097614 4096277 genome.dna 1042295 1040915 NC_004070.gbk
1153 41.9 4114440 4115846 genome.dna 755536 756877 NC_004070.gbk
544 32.6 4115888 4116970 genome.dna 1560899 1559798 NC_004070.gbk
3503 56.1 4139901 4137067 genome.dna 1580168 1577339 NC_004070.gbk
227 33.9 4140147 4140710 genome.dna 1583131 1582639 NC_004070.gbk
410 35.9 4196148 4196876 genome.dna 88421 89141 NC_004070.gbk
305 32.6 4207998 4208687 genome.dna 350939 351638 NC_004070.gbk
1068 35.0 4209249 4211753 genome.dna 1770630 1768212 NC_004070.gbk
417 32.8 4211839 4212789 genome.dna 1774966 1775740 NC_004070.gbk
175 32.3 4215997 4216284 genome.dna 162559 162838 NC_004070.gbk
1406 48.7 4216300 4217559 genome.dna 1689358 1687978 NC_004070.gbk
473 37.7 4217612 4218277 genome.dna 1768200 1767531 NC_004070.gbk
633 39.6 4244964 4245854 genome.dna 1053601 1052728 NC_004070.gbk
529 32.9 4250428 4249388 genome.dna 845450 846434 NC_004070.gbk
338 34.6 4250722 4251348 genome.dna 386796 387390 NC_004070.gbk
850 45.4 4255592 4252890 genome.dna 1563887 1561367 NC_004070.gbk
1097 50.4 4258960 4257809 genome.dna 1199034 1197714 NC_004070.gbk
660 31.9 4260285 4259029 genome.dna 1200422 1199057 NC_004070.gbk
529 36.4 4262088 4261168 genome.dna 1129371 1128405 NC_004070.gbk
468 31.7 4265910 4264708 genome.dna 472607 473882 NC_004070.gbk
361 36.3 4268312 4267230 genome.dna 1404398 1403387 NC_004070.gbk
261 30.4 4271151 4269664 genome.dna 322541 321095 NC_004070.gbk
795 42.5 4274186 4273242 genome.dna 1408000 1406986 NC_004070.gbk
463 32.0 4319027 4319845 genome.dna 217981 218854 NC_004070.gbk
2799 49.1 4330684 4327460 genome.dna 615776 618923 NC_004070.gbk
690 44.2 4331847 4330699 genome.dna 614418 615501 NC_004070.gbk
280 37.8 4335368 4334856 genome.dna 609849 610308 NC_004070.gbk
2346 40.2 4338181 4335368 genome.dna 1194282 1191480 NC_004070.gbk
456 30.7 4339154 4338213 genome.dna 943881 942948 NC_004070.gbk
173 42.2 4339580 4339843 genome.dna 929558 929801 NC_004070.gbk
1201 49.4 4343498 4342359 genome.dna 1521962 1520771 NC_004070.gbk
1894 56.0 4345514 4343607 genome.dna 1524015 1522188 NC_004070.gbk
494 41.1 4373604 4372945 genome.dna 668533 669217 NC_004070.gbk
709 42.5 4379941 4378778 genome.dna 1625520 1624323 NC_004070.gbk
1122 59.2 4388480 4389631 genome.dna 1074960 1073763 NC_004070.gbk
226 31.1 4393907 4394326 genome.dna 1828107 1827696 NC_004070.gbk
1374 48.0 4398393 4397095 genome.dna 147636 148929 NC_004070.gbk
847 42.2 4402445 4401165 genome.dna 696379 697537 NC_004070.gbk
351 34.2 4403893 4402952 genome.dna 695326 696226 NC_004070.gbk
835 32.4 4405841 4403886 genome.dna 1836130 1834147 NC_004070.gbk
255 37.4 4408042 4407560 genome.dna 1500366 1499904 NC_004070.gbk
511 30.5 4409761 4410900 genome.dna 496936 498061 NC_004070.gbk
1667 51.3 4413004 4411424 genome.dna 1792421 1793954 NC_004070.gbk
830 62.0 4413698 4413135 genome.dna 1791840 1792401 NC_004070.gbk
683 37.5 4482986 4483933 genome.dna 1374108 1373172 NC_004070.gbk
636 31.8 4484001 4485290 genome.dna 1373183 1371860 NC_004070.gbk
218 38.2 4486815 4487225 genome.dna 571292 570929 NC_004070.gbk
170 46.8 4488068 4487676 genome.dna 78836 79223 NC_004070.gbk
869 46.6 4489098 4488109 genome.dna 77883 78822 NC_004070.gbk
566 46.4 4489744 4489124 genome.dna 1861055 1860443 NC_004070.gbk
551 66.9 4490164 4489775 genome.dna 77481 77838 NC_004070.gbk
442 58.6 4490537 4490181 genome.dna 77071 77437 NC_004070.gbk
187 65.8 4490800 4490684 genome.dna 76937 77054 NC_004070.gbk
1025 37.7 4492165 4490834 genome.dna 74483 75788 NC_004070.gbk
397 45.6 4492607 4492173 genome.dna 74026 74467 NC_004070.gbk
180 49.1 4492790 4492611 genome.dna 73628 73811 NC_004070.gbk
575 54.8 4493297 4492797 genome.dna 73119 73614 NC_004070.gbk
302 47.0 4493665 4493312 genome.dna 72744 73101 NC_004070.gbk
489 45.1 4494208 4493675 genome.dna 72103 72640 NC_004070.gbk
433 48.1 4494614 4494222 genome.dna 71502 71901 NC_004070.gbk
237 43.6 4494953 4494648 genome.dna 1616678 1616948 NC_004070.gbk
763 61.6 4495506 4494967 genome.dna 70608 71151 NC_004070.gbk
278 47.0 4495835 4495521 genome.dna 70279 70585 NC_004070.gbk
522 64.2 4496217 4495846 genome.dna 69832 70201 NC_004070.gbk
272 54.4 4496635 4496381 genome.dna 69547 69808 NC_004070.gbk
140 47.3 4496826 4496635 genome.dna 69315 69522 NC_004070.gbk
472 54.5 4497236 4496826 genome.dna 68892 69306 NC_004070.gbk
757 56.8 4497950 4497249 genome.dna 68262 68889 NC_004070.gbk
343 56.0 4498300 4497968 genome.dna 67878 68223 NC_004070.gbk
441 67.4 4498593 4498315 genome.dna 67584 67863 NC_004070.gbk
1061 56.5 4499431 4498610 genome.dna 66612 67446 NC_004070.gbk
147 40.2 4499751 4499449 genome.dna 66298 66595 NC_004070.gbk
511 41.5 4500353 4499748 genome.dna 65675 66299 NC_004070.gbk
618 52.7 4500993 4500364 genome.dna 65025 65652 NC_004070.gbk
426 60.8 4501337 4501026 genome.dna 64469 64778 NC_004070.gbk
2404 60.3 4505956 4503842 genome.dna 228963 231042 NC_004070.gbk
604 53.2 4506523 4506053 genome.dna 228008 228479 NC_004070.gbk
510 69.9 4506994 4506620 genome.dna 227574 227988 NC_004070.gbk
487 44.2 4531820 4531245 genome.dna 1729387 1729954 NC_004070.gbk
498 32.5 4542308 4541385 genome.dna 1735958 1736780 NC_004070.gbk
507 31.3 4557783 4556779 genome.dna 1889859 1888836 NC_004070.gbk
593 42.5 4559154 4558477 genome.dna 220160 220823 NC_004070.gbk
640 34.5 4562421 4561336 genome.dna 1284352 1285426 NC_004070.gbk
230 32.1 4562994 4562473 genome.dna 1065684 1065192 NC_004070.gbk
1318 44.1 4597892 4600225 genome.dna 450504 452637 NC_004070.gbk
322 30.4 4622349 4623851 genome.dna 1461919 1460080 NC_004070.gbk
1003 39.1 4632742 4630295 genome.dna 1021697 1019432 NC_004070.gbk
709 30.8 4656105 4657454 genome.dna 353005 354343 NC_004070.gbk
1652 38.6 4672431 4670269 genome.dna 958029 955710 NC_004070.gbk
383 33.7 4688923 4688132 genome.dna 679081 679945 NC_004070.gbk
768 31.6 4690836 4689472 genome.dna 52050 53343 NC_004070.gbk
718 45.1 4702353 4701286 genome.dna 708610 709651 NC_004070.gbk
315 45.0 4709479 4709153 genome.dna 1586361 1586046 NC_004070.gbk
406 30.5 4730969 4730043 genome.dna 688262 689288 NC_004070.gbk
867 38.4 4766891 4765731 genome.dna 156816 158037 NC_004070.gbk
1280 33.8 4770998 4773196 genome.dna 1376554 1374169 NC_004070.gbk
537 30.2 4773468 4774511 genome.dna 400509 401511 NC_004070.gbk
249 32.2 4780345 4781184 genome.dna 1603110 1602162 NC_004070.gbk
1946 55.9 4781238 4782749 genome.dna 1463461 1461934 NC_004070.gbk
656 42.7 4786326 4787093 genome.dna 475673 476432 NC_004070.gbk
1032 53.6 4825789 4824827 genome.dna 970862 969848 NC_004070.gbk
552 38.9 4829201 4829899 genome.dna 413431 414142 NC_004070.gbk
360 41.4 4834867 4834403 genome.dna 309011 309560 NC_004070.gbk
649 45.0 4867996 4867325 genome.dna 499246 499939 NC_004070.gbk
909 37.2 4869411 4868002 genome.dna 440703 442254 NC_004070.gbk
313 33.7 4869761 4870336 genome.dna 1215744 1215204 NC_004070.gbk
1274 32.4 4924099 4922195 genome.dna 444846 446709 NC_004070.gbk
1506 52.4 4932696 4934039 genome.dna 823351 824683 NC_004070.gbk
418 33.3 4936111 4935389 genome.dna 821669 821003 NC_004070.gbk
1799 53.9 4946843 4945446 genome.dna 1048193 1046792 NC_004070.gbk
1799 53.9 4946843 4945446 genome.dna 1048193 1046792 NC_004070.gbk
274 47.0 4948499 4948188 genome.dna 1043568 1043256 NC_004070.gbk
344 33.0 4956801 4956184 genome.dna 494658 495294 NC_004070.gbk
344 33.0 4956801 4956184 genome.dna 494658 495294 NC_004070.gbk
797 45.9 4969043 4968228 genome.dna 479788 478978 NC_004070.gbk
241 39.8 4974776 4974429 genome.dna 1668920 1668602 NC_004070.gbk
199 69.8 4985770 4985910 genome.dna 208269 208404 NC_004070.gbk
834 33.9 4988276 4989640 genome.dna 808379 807002 NC_004070.gbk
513 39.3 5010680 5009268 genome.dna 1501980 1500519 NC_004070.gbk
371 31.0 5017538 5016804 genome.dna 935645 934991 NC_004070.gbk
391 32.6 5019301 5018414 genome.dna 938190 937302 NC_004070.gbk
866 37.9 5026700 5027902 genome.dna 505754 506948 NC_004070.gbk
1299 36.9 5049054 5047222 genome.dna 967282 965518 NC_004070.gbk
1122 41.4 5050610 5049240 genome.dna 354515 355898 NC_004070.gbk
222 31.3 5053946 5053527 genome.dna 551515 551932 NC_004070.gbk
1968 65.5 5055348 5053966 genome.dna 550096 551503 NC_004070.gbk
573 34.5 5056259 5055396 genome.dna 549059 549935 NC_004070.gbk
1169 54.1 5057853 5056312 genome.dna 547535 549044 NC_004070.gbk
239 31.2 5060037 5059237 genome.dna 545755 546472 NC_004070.gbk
311 31.4 5061686 5061066 genome.dna 280946 280232 NC_004070.gbk
2042 49.0 5063659 5061770 genome.dna 1867884 1865985 NC_004070.gbk
