381 41.1 1026 565 genome.dna 3756561 3757026 NC_004663.gbk
1065 50.6 1179 2171 genome.dna 2680908 2681946 NC_004663.gbk
749 41.6 14538 15464 genome.dna 3478876 3479842 NC_004663.gbk
1697 43.3 25826 28615 genome.dna 4164927 4162077 NC_004663.gbk
949 36.9 33859 32447 genome.dna 1886728 1885378 NC_004663.gbk
1960 48.9 37037 38860 genome.dna 3456601 3458401 NC_004663.gbk
295 30.6 39022 39633 genome.dna 3176510 3177134 NC_004663.gbk
417 45.2 39698 40135 genome.dna 4168846 4168393 NC_004663.gbk
1411 48.6 44746 43358 genome.dna 5884612 5885923 NC_004663.gbk
1528 40.8 47188 45107 genome.dna 5097041 5099138 NC_004663.gbk
1387 36.2 49985 47886 genome.dna 5211702 5209458 NC_004663.gbk
447 44.8 50956 50333 genome.dna 2525125 2525740 NC_004663.gbk
1790 61.7 62838 64181 genome.dna 2474871 2476206 NC_004663.gbk
1500 35.9 70479 68437 genome.dna 5613721 5611651 NC_004663.gbk
667 51.9 97287 96724 genome.dna 2996476 2995903 NC_004663.gbk
376 41.0 110262 109636 genome.dna 806551 805969 NC_004663.gbk
1565 52.2 117217 115898 genome.dna 982997 984314 NC_004663.gbk
372 42.2 165569 165111 genome.dna 4457046 4457481 NC_004663.gbk
990 42.1 166824 165547 genome.dna 1691143 1689940 NC_004663.gbk
376 32.1 166978 167643 genome.dna 4798866 4799562 NC_004663.gbk
212 40.0 167881 168117 genome.dna 1127066 1126805 NC_004663.gbk
114 37.3 168129 168296 genome.dna 1126784 1126595 NC_004663.gbk
360 34.7 170854 170375 genome.dna 3841887 3842343 NC_004663.gbk
1462 55.9 186786 187982 genome.dna 1699795 1700983 NC_004663.gbk
381 30.6 217784 218788 genome.dna 4880577 4879608 NC_004663.gbk
265 30.3 218826 219599 genome.dna 4375853 4376627 NC_004663.gbk
806 36.2 219661 221034 genome.dna 4842594 4843935 NC_004663.gbk
542 36.8 222967 223722 genome.dna 5553615 5552877 NC_004663.gbk
1173 37.1 238222 239673 genome.dna 5354536 5353084 NC_004663.gbk
818 42.0 245968 247005 genome.dna 1697837 1696841 NC_004663.gbk
1975 72.5 250357 251541 genome.dna 3395106 3393921 NC_004663.gbk
491 42.9 252164 252709 genome.dna 3393571 3393028 NC_004663.gbk
525 55.3 252872 253300 genome.dna 3392967 3392523 NC_004663.gbk
740 46.6 253304 254008 genome.dna 3392508 3391809 NC_004663.gbk
423 62.1 254890 255255 genome.dna 3391228 3390853 NC_004663.gbk
2089 44.7 255584 259612 genome.dna 3390749 3386936 NC_004663.gbk
2032 48.0 259736 263959 genome.dna 3386830 3382546 NC_004663.gbk
1177 48.0 269046 267925 genome.dna 800149 799024 NC_004663.gbk
1045 65.2 269828 269043 genome.dna 802772 801998 NC_004663.gbk
139 30.3 270030 269830 genome.dna 803619 803418 NC_004663.gbk
581 43.7 270806 270027 genome.dna 799020 798327 NC_004663.gbk
250 30.3 271449 270808 genome.dna 803414 802784 NC_004663.gbk
2060 61.9 273440 271446 genome.dna 801918 800220 NC_004663.gbk
1270 47.2 280242 278956 genome.dna 4153440 4152165 NC_004663.gbk
742 40.1 281849 280260 genome.dna 4962819 4964343 NC_004663.gbk
727 38.9 301263 300298 genome.dna 3897136 3898129 NC_004663.gbk
1533 50.0 306633 305290 genome.dna 2403997 2405509 NC_004663.gbk
186 36.6 307112 306645 genome.dna 2083445 2083880 NC_004663.gbk
409 47.0 307589 307137 genome.dna 3545043 3544620 NC_004663.gbk
903 45.9 313270 314313 genome.dna 4964450 4965473 NC_004663.gbk
391 40.9 315964 316557 genome.dna 2070562 2069980 NC_004663.gbk
1169 39.3 321945 323390 genome.dna 4726265 4727807 NC_004663.gbk
170 32.0 335983 335696 genome.dna 3396053 3395753 NC_004663.gbk
407 30.0 337440 336007 genome.dna 3146403 3144918 NC_004663.gbk
827 52.1 338215 337490 genome.dna 4993843 4993075 NC_004663.gbk
328 32.7 339901 339335 genome.dna 2071114 2070592 NC_004663.gbk
383 41.5 341977 341009 genome.dna 3818217 3819204 NC_004663.gbk
506 35.1 342391 343203 genome.dna 4994658 4995429 NC_004663.gbk
700 36.1 345980 347242 genome.dna 2522568 2521263 NC_004663.gbk
705 37.5 349956 348586 genome.dna 1637528 1635992 NC_004663.gbk
471 48.6 352201 352629 genome.dna 5048995 5049457 NC_004663.gbk
381 48.8 352645 353037 genome.dna 5049463 5049850 NC_004663.gbk
2251 45.4 361542 357046 genome.dna 684917 680306 NC_004663.gbk
639 35.9 362158 363087 genome.dna 5409432 5410407 NC_004663.gbk
625 43.4 366712 367449 genome.dna 1491239 1491986 NC_004663.gbk
429 31.7 386934 386071 genome.dna 2087635 2086630 NC_004663.gbk
647 39.7 399153 398326 genome.dna 1711903 1711066 NC_004663.gbk
1234 50.0 400586 399423 genome.dna 658162 659308 NC_004663.gbk
344 30.8 401330 400590 genome.dna 2699692 2698954 NC_004663.gbk
376 40.7 424707 424243 genome.dna 2514308 2514803 NC_004663.gbk
394 48.8 431880 431494 genome.dna 1662146 1661771 NC_004663.gbk
387 41.4 432443 431979 genome.dna 919438 918976 NC_004663.gbk
1030 53.8 433394 432459 genome.dna 920376 919434 NC_004663.gbk
724 38.7 460910 458055 genome.dna 5734499 5737139 NC_004663.gbk
926 46.1 481917 480919 genome.dna 5076444 5075451 NC_004663.gbk
1640 54.6 485144 483705 genome.dna 3416795 3415334 NC_004663.gbk
2608 53.4 500272 497561 genome.dna 1220208 1217556 NC_004663.gbk
335 43.3 503049 502735 genome.dna 5500129 5500444 NC_004663.gbk
1530 51.6 505284 504022 genome.dna 4884623 4885880 NC_004663.gbk
1330 45.5 506771 505281 genome.dna 4883106 4884564 NC_004663.gbk
695 34.1 517107 516073 genome.dna 4885883 4886903 NC_004663.gbk
473 30.4 525365 524040 genome.dna 3146541 3147915 NC_004663.gbk
1251 42.1 530287 528905 genome.dna 3004234 3005602 NC_004663.gbk
1694 49.0 533382 534971 genome.dna 2129213 2127614 NC_004663.gbk
496 31.6 536846 537643 genome.dna 2576496 2575719 NC_004663.gbk
1050 44.4 564264 565418 genome.dna 2117564 2116439 NC_004663.gbk
751 34.5 574080 575378 genome.dna 590712 592119 NC_004663.gbk
1248 44.6 694412 693111 genome.dna 3416947 3418258 NC_004663.gbk
221 40.0 697176 697469 genome.dna 2295867 2295594 NC_004663.gbk
2102 59.7 697515 699164 genome.dna 2295550 2293912 NC_004663.gbk
1795 54.5 715386 716795 genome.dna 1018444 1016995 NC_004663.gbk
1311 42.8 717006 718472 genome.dna 1019695 1021135 NC_004663.gbk
1957 57.5 718492 719982 genome.dna 603174 601683 NC_004663.gbk
864 43.5 755628 756641 genome.dna 1131471 1130451 NC_004663.gbk
202 30.7 757206 756736 genome.dna 4882873 4882399 NC_004663.gbk
529 32.8 761351 760380 genome.dna 4165015 4165990 NC_004663.gbk
242 37.1 761608 761919 genome.dna 5684845 5684527 NC_004663.gbk
369 63.9 761939 762196 genome.dna 5684506 5684236 NC_004663.gbk
928 41.8 763509 764681 genome.dna 5781026 5782193 NC_004663.gbk
390 42.4 766454 766933 genome.dna 3203363 3203828 NC_004663.gbk
1572 45.9 768185 770122 genome.dna 5221916 5219825 NC_004663.gbk
721 41.7 770241 771074 genome.dna 4724544 4725408 NC_004663.gbk
2056 43.2 779306 782008 genome.dna 4383288 4386411 NC_004663.gbk
271 42.7 783547 783816 genome.dna 3456446 3456176 NC_004663.gbk
1910 44.9 784066 786186 genome.dna 3201836 3199709 NC_004663.gbk
1080 35.6 787369 789282 genome.dna 4241974 4240030 NC_004663.gbk
555 41.2 794943 795722 genome.dna 4167980 4167077 NC_004663.gbk
162 30.7 803045 802602 genome.dna 1815575 1815119 NC_004663.gbk
853 43.0 805628 804636 genome.dna 1402793 1401638 NC_004663.gbk
1495 59.6 812414 811260 genome.dna 4887820 4888975 NC_004663.gbk
789 37.6 812975 814090 genome.dna 6006375 6007461 NC_004663.gbk
430 51.6 814149 814541 genome.dna 3144175 3143794 NC_004663.gbk
3163 52.9 814656 817529 genome.dna 1429970 1432820 NC_004663.gbk
415 35.4 830229 830876 genome.dna 2492877 2493567 NC_004663.gbk
670 47.2 833305 834240 genome.dna 6154323 6155247 NC_004663.gbk
655 37.2 839867 840766 genome.dna 3545117 3546077 NC_004663.gbk
370 30.5 841615 843360 genome.dna 5116152 5114433 NC_004663.gbk
1306 47.2 844582 846099 genome.dna 2671082 2672813 NC_004663.gbk
512 37.8 858630 859340 genome.dna 847129 846391 NC_004663.gbk
1480 52.3 909308 910588 genome.dna 2974937 2976224 NC_004663.gbk
297 36.8 927840 927358 genome.dna 187010 187463 NC_004663.gbk
1005 32.4 931102 929441 genome.dna 1689903 1688235 NC_004663.gbk
523 31.2 932060 931182 genome.dna 5092869 5091960 NC_004663.gbk
296 30.9 932209 932796 genome.dna 1548136 1548718 NC_004663.gbk
702 32.6 933233 934465 genome.dna 775418 776675 NC_004663.gbk
1331 39.0 955638 953644 genome.dna 417545 415535 NC_004663.gbk
294 33.8 957261 956803 genome.dna 415536 415101 NC_004663.gbk
2246 48.4 964883 967162 genome.dna 2472242 2474534 NC_004663.gbk
555 34.4 983011 983910 genome.dna 1517314 1516363 NC_004663.gbk
1128 56.9 997695 996727 genome.dna 3906122 3905174 NC_004663.gbk
2771 75.2 1010351 1008708 genome.dna 2830273 2828638 NC_004663.gbk
212 31.3 1039117 1038716 genome.dna 332026 332452 NC_004663.gbk
688 35.8 1087061 1085955 genome.dna 1847870 1846796 NC_004663.gbk
1216 65.2 1100443 1101237 genome.dna 2568917 2569712 NC_004663.gbk
414 33.7 1134065 1134883 genome.dna 4716494 4717211 NC_004663.gbk
714 43.9 1154052 1153258 genome.dna 787463 786539 NC_004663.gbk
719 46.9 1154397 1155122 genome.dna 5049971 5050808 NC_004663.gbk
815 53.2 1156279 1157004 genome.dna 2809356 2810067 NC_004663.gbk
502 42.6 1157130 1157687 genome.dna 2818587 2819148 NC_004663.gbk
700 44.4 1157925 1159121 genome.dna 2519794 2518621 NC_004663.gbk
764 48.3 1159320 1160081 genome.dna 4837202 4836467 NC_004663.gbk
709 35.3 1165447 1166469 genome.dna 5544691 5543650 NC_004663.gbk
685 42.6 1167032 1167820 genome.dna 5542243 5541475 NC_004663.gbk
517 48.3 1168997 1169593 genome.dna 4395850 4396453 NC_004663.gbk
1522 34.8 1169670 1173152 genome.dna 2801112 2797308 NC_004663.gbk
1932 38.8 1180703 1178139 genome.dna 3979004 3976415 NC_004663.gbk
494 35.9 1202667 1201900 genome.dna 2634330 2635086 NC_004663.gbk
1641 61.4 1221233 1222429 genome.dna 1763847 1762677 NC_004663.gbk
1041 50.7 1248508 1249548 genome.dna 3418287 3419346 NC_004663.gbk
562 31.0 1260493 1259267 genome.dna 268071 269322 NC_004663.gbk
506 37.8 1260789 1261478 genome.dna 1826399 1827089 NC_004663.gbk
1157 42.9 1269779 1268505 genome.dna 5281140 5282472 NC_004663.gbk
810 39.2 1271755 1272822 genome.dna 4106570 4107629 NC_004663.gbk
1149 47.8 1272920 1274065 genome.dna 1031446 1030315 NC_004663.gbk
551 36.0 1278982 1280091 genome.dna 4839882 4838862 NC_004663.gbk
359 41.7 1280201 1280677 genome.dna 5605189 5604757 NC_004663.gbk
298 32.0 1281190 1282170 genome.dna 2368955 2369990 NC_004663.gbk
349 42.9 1282175 1282681 genome.dna 1879857 1879377 NC_004663.gbk
1853 44.5 1284598 1282733 genome.dna 5357977 5356033 NC_004663.gbk
319 38.5 1288101 1287511 genome.dna 5095822 5096374 NC_004663.gbk
676 51.8 1301367 1301990 genome.dna 4997660 4998323 NC_004663.gbk
1346 53.2 1302154 1303428 genome.dna 4998325 4999570 NC_004663.gbk
325 61.8 1306200 1306472 genome.dna 3529229 3528956 NC_004663.gbk
764 52.8 1310544 1309849 genome.dna 1931267 1930604 NC_004663.gbk
387 40.3 1312030 1312560 genome.dna 2974759 2974288 NC_004663.gbk
557 36.8 1316909 1318201 genome.dna 671689 670231 NC_004663.gbk
260 41.4 1320316 1319996 genome.dna 2164731 2164398 NC_004663.gbk
237 45.0 1322693 1322445 genome.dna 2088035 2088290 NC_004663.gbk
512 51.0 1329655 1330212 genome.dna 4171766 4171235 NC_004663.gbk
456 37.8 1332732 1333337 genome.dna 1367665 1367047 NC_004663.gbk
863 30.8 1333507 1335396 genome.dna 1104703 1102657 NC_004663.gbk
373 39.3 1335658 1336302 genome.dna 5780444 5781014 NC_004663.gbk
328 43.6 1352428 1351949 genome.dna 717246 717726 NC_004663.gbk
1722 39.2 1356196 1353473 genome.dna 1380396 1378179 NC_004663.gbk
1715 47.2 1363499 1366138 genome.dna 1107774 1110351 NC_004663.gbk
1170 64.0 1381835 1382692 genome.dna 6172020 6172845 NC_004663.gbk
336 31.2 1426894 1426256 genome.dna 4334440 4335067 NC_004663.gbk
669 35.9 1429248 1430537 genome.dna 853045 854230 NC_004663.gbk
457 43.8 1433876 1433409 genome.dna 6037171 6036715 NC_004663.gbk
686 41.3 1434853 1435731 genome.dna 1098409 1099303 NC_004663.gbk
250 36.1 1468782 1468399 genome.dna 5995645 5995270 NC_004663.gbk
854 46.8 1470427 1469462 genome.dna 5527974 5527125 NC_004663.gbk
355 33.0 1471338 1470655 genome.dna 1376956 1376272 NC_004663.gbk
753 30.3 1477420 1475516 genome.dna 4966834 4968697 NC_004663.gbk
285 31.2 1477924 1477454 genome.dna 1928348 1928822 NC_004663.gbk
210 32.0 1478243 1477926 genome.dna 5222339 5221979 NC_004663.gbk
509 36.1 1483266 1480684 genome.dna 3983915 3986750 NC_004663.gbk
569 36.8 1490240 1489362 genome.dna 1845745 1844686 NC_004663.gbk
1067 40.2 1493774 1492350 genome.dna 4084643 4086011 NC_004663.gbk
2518 65.5 1499091 1497427 genome.dna 678645 676965 NC_004663.gbk
592 30.5 1501778 1500630 genome.dna 836313 837480 NC_004663.gbk
1120 64.1 1502595 1501795 genome.dna 5411704 5412517 NC_004663.gbk
1786 52.3 1504627 1506285 genome.dna 1650147 1651887 NC_004663.gbk
221 32.6 1506798 1506349 genome.dna 2316541 2316049 NC_004663.gbk
438 37.3 1507655 1507128 genome.dna 640261 639754 NC_004663.gbk
403 36.3 1519100 1518525 genome.dna 3026557 3025987 NC_004663.gbk
2281 57.1 1521264 1519120 genome.dna 3028607 3026573 NC_004663.gbk
1308 38.9 1522968 1521280 genome.dna 3030332 3028625 NC_004663.gbk
565 32.4 1543336 1544562 genome.dna 373621 374992 NC_004663.gbk
1125 46.1 1544898 1546064 genome.dna 978357 977226 NC_004663.gbk
1153 57.5 1546064 1546936 genome.dna 977197 976336 NC_004663.gbk
1341 42.8 1547669 1549237 genome.dna 1507882 1506319 NC_004663.gbk
841 41.9 1558773 1559834 genome.dna 4035392 4034453 NC_004663.gbk
604 32.2 1561588 1560626 genome.dna 617476 618376 NC_004663.gbk
981 58.1 1563766 1563014 genome.dna 2052023 2051276 NC_004663.gbk
778 36.8 1571894 1570848 genome.dna 4563351 4564485 NC_004663.gbk
994 44.1 1573036 1572017 genome.dna 767596 768631 NC_004663.gbk
932 35.5 1574710 1573235 genome.dna 2055612 2054157 NC_004663.gbk
378 32.6 1584521 1583277 genome.dna 5703957 5702706 NC_004663.gbk
1324 33.9 1598005 1595975 genome.dna 3688413 3690453 NC_004663.gbk
734 40.1 1598229 1599338 genome.dna 5065532 5066630 NC_004663.gbk
664 49.8 1599518 1600159 genome.dna 194774 194156 NC_004663.gbk
1026 55.8 1614552 1615325 genome.dna 1676854 1676080 NC_004663.gbk
1000 45.2 1615316 1616422 genome.dna 1676069 1674968 NC_004663.gbk
753 45.3 1635671 1634820 genome.dna 2130043 2129194 NC_004663.gbk
650 53.9 1636204 1635668 genome.dna 574813 575383 NC_004663.gbk
1312 68.0 1637078 1636206 genome.dna 573895 574783 NC_004663.gbk
1509 48.7 1638449 1639855 genome.dna 1521528 1520052 NC_004663.gbk
1455 33.6 1732656 1729534 genome.dna 5587384 5584072 NC_004663.gbk
1526 61.9 1980555 1981667 genome.dna 4353783 4352673 NC_004663.gbk
570 40.8 1981773 1982474 genome.dna 3604294 3603598 NC_004663.gbk
305 36.2 2005949 2005503 genome.dna 6034027 6034402 NC_004663.gbk
411 46.9 2008746 2008288 genome.dna 1385792 1385255 NC_004663.gbk
551 50.7 2014583 2015038 genome.dna 1803246 1803705 NC_004663.gbk
119 33.3 2040877 2041047 genome.dna 4989389 4989575 NC_004663.gbk
752 36.8 2042130 2043083 genome.dna 4989661 4990669 NC_004663.gbk
706 41.2 2043101 2044030 genome.dna 979444 978556 NC_004663.gbk
723 47.3 2044045 2044779 genome.dna 4891811 4892558 NC_004663.gbk
284 57.7 2044934 2045170 genome.dna 4334342 4334105 NC_004663.gbk
1336 50.2 2045253 2046494 genome.dna 4334087 4332824 NC_004663.gbk
141 34.3 2055442 2055792 genome.dna 3203880 3204273 NC_004663.gbk
1676 33.2 2070405 2066956 genome.dna 277800 281184 NC_004663.gbk
642 44.7 2071740 2072447 genome.dna 4717220 4717877 NC_004663.gbk
569 46.2 2074702 2075532 genome.dna 3754449 3753744 NC_004663.gbk
412 45.7 2079241 2079792 genome.dna 5172132 5172675 NC_004663.gbk
618 34.9 2106065 2105019 genome.dna 5982631 5981614 NC_004663.gbk
1824 62.7 2112831 2114330 genome.dna 4386998 4388453 NC_004663.gbk
1003 61.9 2114428 2115174 genome.dna 4388468 4389221 NC_004663.gbk
1413 50.7 2116495 2117718 genome.dna 4390579 4391791 NC_004663.gbk
329 37.5 2117752 2118168 genome.dna 3180725 3180299 NC_004663.gbk
1092 39.4 2121733 2120321 genome.dna 3544589 3543131 NC_004663.gbk
1455 44.4 2131621 2133054 genome.dna 1751806 1750324 NC_004663.gbk
943 37.2 2177036 2175615 genome.dna 5866073 5867459 NC_004663.gbk
356 30.7 2177765 2177046 genome.dna 5865336 5866077 NC_004663.gbk
706 43.9 2179364 2177811 genome.dna 1789859 1791359 NC_004663.gbk
335 34.2 2181519 2182154 genome.dna 1643151 1642548 NC_004663.gbk
147 30.5 2188157 2187750 genome.dna 1943973 1944354 NC_004663.gbk
636 46.4 2191939 2192622 genome.dna 1941370 1942012 NC_004663.gbk
1051 43.8 2192856 2194133 genome.dna 4119352 4120645 NC_004663.gbk
174 35.2 2217316 2217645 genome.dna 5052335 5051984 NC_004663.gbk
920 61.5 2218378 2219073 genome.dna 426326 425642 NC_004663.gbk
436 30.2 2246565 2247398 genome.dna 1190381 1191191 NC_004663.gbk
585 56.8 2258625 2258122 genome.dna 1655821 1655317 NC_004663.gbk
1087 51.4 2267632 2266640 genome.dna 1939569 1940571 NC_004663.gbk
248 33.6 2290600 2290133 genome.dna 4453483 4452979 NC_004663.gbk
616 36.6 2298807 2297113 genome.dna 4071554 4069874 NC_004663.gbk
214 46.1 2324296 2324544 genome.dna 1766803 1766557 NC_004663.gbk
757 35.4 2359305 2358133 genome.dna 3961872 3963015 NC_004663.gbk
1342 57.2 2487322 2486231 genome.dna 3971213 3972317 NC_004663.gbk
321 38.8 2488039 2487452 genome.dna 6011528 6010958 NC_004663.gbk
866 43.5 2489732 2488785 genome.dna 927607 926689 NC_004663.gbk
340 32.4 2490742 2489870 genome.dna 769688 768863 NC_004663.gbk
1076 46.0 2492889 2493971 genome.dna 5547965 5546852 NC_004663.gbk
779 45.4 2496092 2496946 genome.dna 5693106 5692305 NC_004663.gbk
315 36.5 2507977 2507444 genome.dna 1744669 1745215 NC_004663.gbk
397 31.4 2537412 2536813 genome.dna 2740584 2741226 NC_004663.gbk
748 45.4 2552084 2552833 genome.dna 495535 496306 NC_004663.gbk
1605 49.0 2578455 2579960 genome.dna 425163 423633 NC_004663.gbk
669 51.9 2580340 2580921 genome.dna 766765 767338 NC_004663.gbk
401 37.9 2583574 2584629 genome.dna 764438 765431 NC_004663.gbk
544 43.6 2585266 2585973 genome.dna 766158 766743 NC_004663.gbk
532 40.8 2585970 2586605 genome.dna 2063587 2064265 NC_004663.gbk
539 41.1 2598308 2597688 genome.dna 5413254 5412639 NC_004663.gbk
545 31.5 2605113 2606180 genome.dna 654311 653312 NC_004663.gbk
1324 52.9 2607572 2608762 genome.dna 657586 656401 NC_004663.gbk
467 33.9 2608762 2609568 genome.dna 651779 651008 NC_004663.gbk
743 40.7 2642732 2643580 genome.dna 1709366 1708511 NC_004663.gbk
382 30.5 2645012 2644386 genome.dna 1497562 1496932 NC_004663.gbk
265 35.8 2645457 2646263 genome.dna 776705 777467 NC_004663.gbk
967 32.6 2648577 2646652 genome.dna 2617983 2615820 NC_004663.gbk
1001 36.4 2649493 2651343 genome.dna 2365260 2367039 NC_004663.gbk
996 47.0 2651794 2652813 genome.dna 650743 649702 NC_004663.gbk
1581 71.9 2654735 2655739 genome.dna 5614913 5613902 NC_004663.gbk
482 39.4 2677723 2677067 genome.dna 5054874 5055489 NC_004663.gbk
442 39.5 2701066 2701629 genome.dna 5983252 5982670 NC_004663.gbk
332 52.9 2710820 2710485 genome.dna 3906591 3906249 NC_004663.gbk
958 50.2 2711183 2712019 genome.dna 4121091 4121934 NC_004663.gbk
1002 35.2 2731236 2728849 genome.dna 771762 774225 NC_004663.gbk
299 46.0 2732234 2731251 genome.dna 2061224 2062244 NC_004663.gbk
402 56.0 2732903 2732547 genome.dna 512407 512758 NC_004663.gbk
510 50.3 2733782 2733240 genome.dna 511432 511990 NC_004663.gbk
1694 41.3 2735713 2733785 genome.dna 509420 511361 NC_004663.gbk
423 33.0 2742385 2741537 genome.dna 4031330 4032236 NC_004663.gbk
379 30.6 2746160 2745411 genome.dna 2245451 2244722 NC_004663.gbk
1087 59.0 2755752 2754499 genome.dna 2594277 2593086 NC_004663.gbk
769 35.2 2757088 2758194 genome.dna 160648 161716 NC_004663.gbk
1446 51.0 2759027 2760397 genome.dna 5043716 5045063 NC_004663.gbk
410 32.9 2760640 2761329 genome.dna 906701 906005 NC_004663.gbk
1433 53.5 2765355 2764123 genome.dna 6005102 6006326 NC_004663.gbk
393 41.8 2777056 2776550 genome.dna 2272921 2273392 NC_004663.gbk
335 35.4 2788070 2787564 genome.dna 1702089 1701609 NC_004663.gbk
1151 50.4 2791280 2792458 genome.dna 877493 878660 NC_004663.gbk
313 32.2 2793288 2792647 genome.dna 605606 606278 NC_004663.gbk
1244 39.7 2794931 2793456 genome.dna 1519708 1518211 NC_004663.gbk
1240 59.7 2809298 2808294 genome.dna 4202454 4203486 NC_004663.gbk
368 33.2 2809923 2809306 genome.dna 2489246 2488640 NC_004663.gbk
293 37.0 2810663 2810151 genome.dna 2058250 2057740 NC_004663.gbk
481 33.9 2811487 2810744 genome.dna 774260 775004 NC_004663.gbk
1711 45.0 2813755 2811956 genome.dna 1072421 1074185 NC_004663.gbk
687 48.7 2833872 2833114 genome.dna 5820358 5819608 NC_004663.gbk
1086 32.6 2854450 2852540 genome.dna 1824086 1822217 NC_004663.gbk
498 35.7 2859653 2858643 genome.dna 1256779 1255840 NC_004663.gbk
679 33.8 2862696 2863901 genome.dna 2401759 2402929 NC_004663.gbk
1770 56.3 2864092 2865492 genome.dna 5046656 5048060 NC_004663.gbk
470 35.8 2869134 2868487 genome.dna 1429236 1429848 NC_004663.gbk
834 37.7 2883083 2881677 genome.dna 5516023 5517337 NC_004663.gbk
539 40.3 2884168 2883416 genome.dna 923308 924061 NC_004663.gbk
1093 35.2 2887241 2885457 genome.dna 4365598 4367434 NC_004663.gbk
617 46.2 2916384 2917283 genome.dna 215093 215945 NC_004663.gbk
1378 51.1 2917289 2918617 genome.dna 215954 217241 NC_004663.gbk
675 32.8 2918614 2919687 genome.dna 217237 218278 NC_004663.gbk
707 47.3 2919703 2920770 genome.dna 218281 219406 NC_004663.gbk
598 46.0 2920770 2921360 genome.dna 1708512 1707921 NC_004663.gbk
613 38.1 2921367 2922104 genome.dna 1707750 1707030 NC_004663.gbk
732 48.0 2922086 2922862 genome.dna 1706922 1706166 NC_004663.gbk
636 48.5 2922856 2923488 genome.dna 1706104 1705492 NC_004663.gbk
1297 37.0 2925698 2924025 genome.dna 5727226 5729026 NC_004663.gbk
469 37.8 2926492 2925815 genome.dna 2579172 2579862 NC_004663.gbk
692 37.1 2928002 2926713 genome.dna 2743992 2745225 NC_004663.gbk
964 43.6 2929170 2928085 genome.dna 1439113 1438045 NC_004663.gbk
2751 57.8 2932697 2934979 genome.dna 6216913 6214684 NC_004663.gbk
680 41.8 2966712 2967509 genome.dna 6214671 6213942 NC_004663.gbk
946 41.8 2975613 2974318 genome.dna 5684087 5682812 NC_004663.gbk
1163 43.8 2977060 2975717 genome.dna 1501725 1502994 NC_004663.gbk
931 48.9 2982496 2983455 genome.dna 5710228 5711179 NC_004663.gbk
333 68.1 2988043 2988261 genome.dna 3367255 3367036 NC_004663.gbk
915 38.1 2992855 2990582 genome.dna 1107368 1104842 NC_004663.gbk
1189 40.5 2997034 2998686 genome.dna 856009 854377 NC_004663.gbk
455 63.8 3002657 3002334 genome.dna 4392097 4392421 NC_004663.gbk
557 35.1 3009847 3009002 genome.dna 1606820 1606022 NC_004663.gbk
343 31.4 3010809 3009844 genome.dna 1607590 1606813 NC_004663.gbk
912 30.6 3017580 3019268 genome.dna 913860 912165 NC_004663.gbk
586 48.6 3019705 3020373 genome.dna 5828202 5828919 NC_004663.gbk
851 38.5 3042056 3043384 genome.dna 1125326 1124015 NC_004663.gbk
511 39.4 3043567 3044349 genome.dna 703680 703035 NC_004663.gbk
407 37.2 3046334 3045672 genome.dna 5104046 5104637 NC_004663.gbk
640 36.7 3058890 3057901 genome.dna 1503426 1504383 NC_004663.gbk
419 31.7 3064304 3063432 genome.dna 6020329 6021226 NC_004663.gbk
855 42.7 3064423 3065496 genome.dna 2410435 2409424 NC_004663.gbk
1183 63.5 3065575 3066420 genome.dna 6085500 6084666 NC_004663.gbk
197 42.4 3084634 3084873 genome.dna 1427344 1427143 NC_004663.gbk
202 31.3 3129712 3129173 genome.dna 5173195 5172652 NC_004663.gbk
2276 46.3 3132141 3129835 genome.dna 4618975 4616659 NC_004663.gbk
473 34.1 3148240 3147401 genome.dna 2449868 2449076 NC_004663.gbk
2335 55.5 3161386 3159374 genome.dna 707674 705640 NC_004663.gbk
576 44.0 3169188 3169883 genome.dna 4794722 4794026 NC_004663.gbk
699 52.2 3180901 3181500 genome.dna 4372593 4373196 NC_004663.gbk
1030 33.4 3230474 3228642 genome.dna 4171160 4169330 NC_004663.gbk
710 31.1 3276884 3278356 genome.dna 1083699 1085097 NC_004663.gbk
4596 58.5 3303128 3306640 genome.dna 2155854 2159412 NC_004663.gbk
1549 42.2 3364676 3363084 genome.dna 1547933 1546313 NC_004663.gbk
670 31.8 3372145 3370688 genome.dna 5292435 5290992 NC_004663.gbk
753 32.7 3373687 3372152 genome.dna 5293957 5292472 NC_004663.gbk
1112 36.8 3375638 3373788 genome.dna 5295971 5294039 NC_004663.gbk
192 30.4 3375937 3375635 genome.dna 5296367 5296058 NC_004663.gbk
726 38.5 3378041 3377067 genome.dna 5298553 5297476 NC_004663.gbk
266 30.5 3382843 3382298 genome.dna 113182 112705 NC_004663.gbk
889 32.0 3384645 3382846 genome.dna 5300295 5298678 NC_004663.gbk
613 34.4 3393361 3391478 genome.dna 661447 663307 NC_004663.gbk
301 31.1 3394163 3393489 genome.dna 2677004 2677679 NC_004663.gbk
1022 42.1 3395711 3396913 genome.dna 4796406 4797606 NC_004663.gbk
980 66.8 3414435 3413773 genome.dna 6075271 6074629 NC_004663.gbk
529 39.0 3415469 3414618 genome.dna 5580471 5581281 NC_004663.gbk
604 33.9 3416479 3415469 genome.dna 4712368 4711360 NC_004663.gbk
736 36.8 3417731 3416595 genome.dna 4336186 4335139 NC_004663.gbk
1081 47.1 3427528 3426443 genome.dna 2610364 2611441 NC_004663.gbk
787 33.6 3477877 3476636 genome.dna 5110361 5109179 NC_004663.gbk
413 31.5 3478244 3479224 genome.dna 1638899 1637747 NC_004663.gbk
678 31.9 3487569 3486097 genome.dna 5936964 5938383 NC_004663.gbk
577 33.1 3511745 3510762 genome.dna 4355502 4356438 NC_004663.gbk
581 53.3 3514279 3513113 genome.dna 739127 740444 NC_004663.gbk
669 47.2 3516455 3517318 genome.dna 1978424 1979306 NC_004663.gbk
718 40.0 3519048 3517663 genome.dna 4323695 4322213 NC_004663.gbk
477 47.8 3521609 3522118 genome.dna 3143713 3143197 NC_004663.gbk
805 41.1 3525014 3526381 genome.dna 6134481 6133245 NC_004663.gbk
1747 40.5 3531913 3533985 genome.dna 667114 664996 NC_004663.gbk
210 31.9 3537641 3537204 genome.dna 2722265 2722712 NC_004663.gbk
778 35.6 3540580 3539417 genome.dna 456595 455440 NC_004663.gbk
1826 31.8 3563489 3566569 genome.dna 2821588 2824621 NC_004663.gbk
715 52.2 3570531 3571184 genome.dna 2973094 2972467 NC_004663.gbk
659 41.2 3577570 3576767 genome.dna 980331 979494 NC_004663.gbk
828 50.6 3586091 3587221 genome.dna 1563924 1564905 NC_004663.gbk
1531 51.7 3590632 3589055 genome.dna 5615707 5617231 NC_004663.gbk
1772 55.1 3592205 3590739 genome.dna 5002007 5003486 NC_004663.gbk
573 36.6 3599984 3598497 genome.dna 4991684 4992998 NC_004663.gbk
563 36.4 3607701 3606505 genome.dna 5765918 5766956 NC_004663.gbk
319 39.7 3608433 3608005 genome.dna 5099361 5099826 NC_004663.gbk
465 32.1 3622920 3623723 genome.dna 3476834 3476030 NC_004663.gbk
654 32.9 3625021 3626103 genome.dna 2450812 2449831 NC_004663.gbk
963 55.9 3635387 3634134 genome.dna 917401 916120 NC_004663.gbk
276 39.3 3640872 3640534 genome.dna 672128 671771 NC_004663.gbk
910 35.6 3642369 3641032 genome.dna 13287 14586 NC_004663.gbk
1859 36.0 3649390 3645506 genome.dna 2131383 2135088 NC_004663.gbk
368 42.9 3651787 3651263 genome.dna 2803542 2803098 NC_004663.gbk
807 50.0 3653449 3652523 genome.dna 130669 129835 NC_004663.gbk
478 36.9 3680956 3680225 genome.dna 5092981 5093695 NC_004663.gbk
717 38.0 3682691 3681786 genome.dna 4990754 4991636 NC_004663.gbk
2141 52.8 3686442 3684643 genome.dna 778425 780207 NC_004663.gbk
1545 46.5 3689812 3691413 genome.dna 4074305 4072733 NC_004663.gbk
667 44.2 3692248 3691502 genome.dna 1034108 1034834 NC_004663.gbk
798 57.2 3694571 3695257 genome.dna 2681951 2682614 NC_004663.gbk
336 33.1 3698228 3696813 genome.dna 3406313 3404798 NC_004663.gbk
295 34.8 3732230 3732727 genome.dna 4107988 4108471 NC_004663.gbk
622 37.1 3732844 3733638 genome.dna 869337 870159 NC_004663.gbk
730 45.0 3733793 3734647 genome.dna 5677785 5678634 NC_004663.gbk
297 45.8 3734665 3735045 genome.dna 5678655 5679009 NC_004663.gbk
409 39.6 3738313 3737777 genome.dna 5779874 5780411 NC_004663.gbk
465 30.8 3751815 3753179 genome.dna 5213070 5211774 NC_004663.gbk
3020 54.3 3762599 3760023 genome.dna 6019464 6016875 NC_004663.gbk
247 32.2 3763458 3762733 genome.dna 5782189 5783002 NC_004663.gbk
652 41.7 3764478 3763501 genome.dna 4822164 4823238 NC_004663.gbk
341 55.2 3773009 3772662 genome.dna 3112999 3113353 NC_004663.gbk
621 41.8 3773827 3773072 genome.dna 1096273 1095595 NC_004663.gbk
1468 50.8 3776200 3774839 genome.dna 1970362 1971685 NC_004663.gbk
213 31.5 3780004 3779576 genome.dna 4151171 4150691 NC_004663.gbk
2162 42.3 3784972 3782345 genome.dna 5208018 5205399 NC_004663.gbk
1344 62.2 3786717 3785644 genome.dna 6036691 6035656 NC_004663.gbk
691 30.9 3866442 3865039 genome.dna 367214 368588 NC_004663.gbk
1013 41.5 3882715 3881462 genome.dna 4829079 4827825 NC_004663.gbk
649 31.7 3883829 3882726 genome.dna 4830188 4829105 NC_004663.gbk
1565 47.8 3886800 3888260 genome.dna 1984780 1986331 NC_004663.gbk
860 44.2 3889382 3888324 genome.dna 5809742 5810804 NC_004663.gbk
423 36.7 3893814 3893233 genome.dna 586779 587373 NC_004663.gbk
768 45.6 3909216 3909983 genome.dna 291255 290469 NC_004663.gbk
1224 47.4 3921930 3923132 genome.dna 2162677 2161450 NC_004663.gbk
886 34.0 3928680 3929900 genome.dna 167325 166149 NC_004663.gbk
504 49.4 3963052 3962555 genome.dna 5055528 5056008 NC_004663.gbk
294 30.3 3963804 3963091 genome.dna 5096381 5097041 NC_004663.gbk
634 51.7 3967961 3967344 genome.dna 499517 500123 NC_004663.gbk
1376 50.3 3969453 3967963 genome.dna 501091 502549 NC_004663.gbk
1453 68.9 3970373 3969465 genome.dna 500143 501052 NC_004663.gbk
181 31.3 3984884 3985300 genome.dna 5864330 5864705 NC_004663.gbk
203 35.1 3986036 3985365 genome.dna 5864731 5865280 NC_004663.gbk
1637 61.4 4001743 4000448 genome.dna 5994408 5993127 NC_004663.gbk
1737 50.1 4003479 4001842 genome.dna 731246 729632 NC_004663.gbk
693 42.9 4004518 4003706 genome.dna 5732533 5731744 NC_004663.gbk
1289 31.9 4007080 4004843 genome.dna 873670 871453 NC_004663.gbk
1042 42.6 4012636 4011491 genome.dna 1768029 1766895 NC_004663.gbk
1721 40.3 4027241 4025196 genome.dna 1096349 1098350 NC_004663.gbk
488 32.1 4036522 4035704 genome.dna 4104983 4105778 NC_004663.gbk
748 31.2 4047693 4049018 genome.dna 152824 151534 NC_004663.gbk
369 45.6 4050959 4050219 genome.dna 497129 497936 NC_004663.gbk
605 49.0 4057927 4057307 genome.dna 3754920 3755505 NC_004663.gbk
319 42.6 4059399 4059037 genome.dna 6167541 6167904 NC_004663.gbk
280 36.2 4059979 4059527 genome.dna 2721471 2721027 NC_004663.gbk
205 32.7 4060971 4060579 genome.dna 2722105 2721760 NC_004663.gbk
166 30.6 4064375 4065496 genome.dna 1793672 1792274 NC_004663.gbk
528 43.2 4065493 4066116 genome.dna 1792270 1791649 NC_004663.gbk
456 33.1 4068636 4067902 genome.dna 1688202 1687458 NC_004663.gbk
347 36.7 4079441 4080034 genome.dna 3987867 3988449 NC_004663.gbk
426 30.5 4102382 4101120 genome.dna 1703371 1702210 NC_004663.gbk
1095 37.3 4114440 4115846 genome.dna 769886 771440 NC_004663.gbk
3141 52.2 4139901 4137067 genome.dna 714363 717204 NC_004663.gbk
412 42.6 4140147 4140710 genome.dna 1846599 1846113 NC_004663.gbk
606 34.9 4200650 4199670 genome.dna 5768015 5769110 NC_004663.gbk
708 36.2 4211839 4212789 genome.dna 3724601 3723701 NC_004663.gbk
400 32.4 4217612 4218277 genome.dna 2050106 2049449 NC_004663.gbk
906 35.0 4231793 4230366 genome.dna 371488 372832 NC_004663.gbk
684 40.7 4244964 4245854 genome.dna 1927836 1926987 NC_004663.gbk
986 41.5 4255592 4252890 genome.dna 5754874 5751553 NC_004663.gbk
512 32.1 4262088 4261168 genome.dna 4823234 4824209 NC_004663.gbk
381 30.9 4263557 4262097 genome.dna 4441593 4440189 NC_004663.gbk
372 33.8 4264711 4263620 genome.dna 4442915 4441796 NC_004663.gbk
532 31.5 4267226 4265910 genome.dna 4445503 4444261 NC_004663.gbk
496 35.9 4268312 4267230 genome.dna 4447033 4445764 NC_004663.gbk
716 32.9 4269667 4268306 genome.dna 4722327 4721028 NC_004663.gbk
819 37.6 4271151 4269664 genome.dna 4448579 4447130 NC_004663.gbk
651 37.7 4274186 4273242 genome.dna 4452069 4451154 NC_004663.gbk
1507 42.4 4279582 4277864 genome.dna 2603211 2601513 NC_004663.gbk
1538 40.7 4281750 4279945 genome.dna 4589766 4591572 NC_004663.gbk
1574 50.1 4282166 4283764 genome.dna 2336199 2334702 NC_004663.gbk
1001 45.8 4283764 4284855 genome.dna 2330990 2329928 NC_004663.gbk
1664 53.9 4284858 4286258 genome.dna 2334625 2333230 NC_004663.gbk
501 43.8 4286272 4286874 genome.dna 2333188 2332585 NC_004663.gbk
487 35.7 4319027 4319845 genome.dna 5260209 5259405 NC_004663.gbk
327 43.3 4323873 4323391 genome.dna 2569716 2570211 NC_004663.gbk
299 31.8 4325254 4324433 genome.dna 1193310 1192542 NC_004663.gbk
2485 40.7 4330684 4327460 genome.dna 690249 693477 NC_004663.gbk
626 38.2 4331847 4330699 genome.dna 689073 690240 NC_004663.gbk
526 34.6 4339154 4338213 genome.dna 3177144 3178107 NC_004663.gbk
165 38.4 4339580 4339843 genome.dna 4420730 4420475 NC_004663.gbk
640 37.9 4342070 4340889 genome.dna 781572 782892 NC_004663.gbk
790 43.4 4343498 4342359 genome.dna 1548745 1549936 NC_004663.gbk
2338 59.8 4345514 4343607 genome.dna 6041038 6042955 NC_004663.gbk
514 35.0 4351702 4352475 genome.dna 5041829 5042603 NC_004663.gbk
1178 42.7 4353827 4352538 genome.dna 2997812 2996510 NC_004663.gbk
1702 36.1 4357222 4354763 genome.dna 3001483 2999047 NC_004663.gbk
2104 55.8 4365488 4367155 genome.dna 1483096 1481407 NC_004663.gbk
338 35.5 4373604 4372945 genome.dna 2494469 2495171 NC_004663.gbk
651 36.7 4377440 4376580 genome.dna 2977599 2976687 NC_004663.gbk
691 37.7 4379941 4378778 genome.dna 2064358 2065618 NC_004663.gbk
508 36.1 4383748 4384500 genome.dna 153824 153041 NC_004663.gbk
1816 45.6 4387762 4385783 genome.dna 4373901 4375794 NC_004663.gbk
760 51.2 4388480 4389631 genome.dna 4109130 4110423 NC_004663.gbk
297 31.8 4391555 4392289 genome.dna 5702090 5701391 NC_004663.gbk
152 35.5 4393344 4393907 genome.dna 1365428 1366019 NC_004663.gbk
1212 47.0 4398393 4397095 genome.dna 2316053 2314781 NC_004663.gbk
787 42.8 4402445 4401165 genome.dna 2833892 2832632 NC_004663.gbk
576 30.5 4403893 4402952 genome.dna 5540781 5539854 NC_004663.gbk
614 31.8 4409618 4408062 genome.dna 5777209 5775697 NC_004663.gbk
533 34.5 4409761 4410900 genome.dna 4143557 4142525 NC_004663.gbk
1532 47.4 4413004 4411424 genome.dna 3493410 3491838 NC_004663.gbk
821 62.2 4413698 4413135 genome.dna 3494041 3493474 NC_004663.gbk
541 31.0 4435653 4436702 genome.dna 2819242 2820175 NC_004663.gbk
312 45.4 4447190 4446837 genome.dna 5981117 5981489 NC_004663.gbk
397 36.9 4448185 4447619 genome.dna 4820722 4820155 NC_004663.gbk
1052 46.8 4471827 4470898 genome.dna 3015129 3014211 NC_004663.gbk
377 36.6 4477982 4478530 genome.dna 3399338 3399851 NC_004663.gbk
336 30.8 4479596 4478769 genome.dna 5552839 5552092 NC_004663.gbk
515 31.1 4482321 4481200 genome.dna 3895266 3894189 NC_004663.gbk
361 34.3 4482450 4482959 genome.dna 506655 507210 NC_004663.gbk
601 37.5 4482986 4483933 genome.dna 5120936 5121905 NC_004663.gbk
448 55.2 4486815 4487225 genome.dna 5615055 5615502 NC_004663.gbk
719 40.1 4489098 4488109 genome.dna 3365362 3364369 NC_004663.gbk
639 51.2 4489744 4489124 genome.dna 3365979 3365373 NC_004663.gbk
500 51.9 4490164 4489775 genome.dna 3366485 3366095 NC_004663.gbk
387 49.6 4490537 4490181 genome.dna 3366877 3366496 NC_004663.gbk
1065 38.9 4492165 4490834 genome.dna 3369413 3368069 NC_004663.gbk
352 42.5 4492607 4492173 genome.dna 3369864 3369417 NC_004663.gbk
141 44.4 4492790 4492611 genome.dna 3370072 3369895 NC_004663.gbk
544 51.3 4493297 4492797 genome.dna 3370600 3370081 NC_004663.gbk
252 39.3 4493665 4493312 genome.dna 3370950 3370605 NC_004663.gbk
512 42.4 4494208 4493675 genome.dna 3371541 3370971 NC_004663.gbk
368 44.6 4494614 4494222 genome.dna 3371954 3371558 NC_004663.gbk
353 53.5 4494953 4494648 genome.dna 3372306 3372006 NC_004663.gbk
649 51.4 4495506 4494967 genome.dna 3372870 3372312 NC_004663.gbk
257 47.5 4495835 4495521 genome.dna 3373190 3372872 NC_004663.gbk
501 62.6 4496217 4495846 genome.dna 3373576 3373210 NC_004663.gbk
304 58.9 4496635 4496381 genome.dna 3373848 3373578 NC_004663.gbk
528 59.0 4497236 4496826 genome.dna 3374482 3374047 NC_004663.gbk
791 54.5 4497950 4497249 genome.dna 3375237 3374505 NC_004663.gbk
366 58.0 4498593 4498315 genome.dna 3375958 3375688 NC_004663.gbk
1064 55.1 4499431 4498610 genome.dna 3376803 3375978 NC_004663.gbk
185 41.3 4499751 4499449 genome.dna 3377099 3376808 NC_004663.gbk
415 36.5 4500353 4499748 genome.dna 3377742 3377115 NC_004663.gbk
655 52.7 4500993 4500364 genome.dna 3378359 3377741 NC_004663.gbk
362 55.0 4501337 4501026 genome.dna 3378683 3378377 NC_004663.gbk
2642 56.0 4505956 4503842 genome.dna 3380885 3378767 NC_004663.gbk
522 53.2 4506523 4506053 genome.dna 3381417 3380940 NC_004663.gbk
611 73.2 4506994 4506620 genome.dna 3381962 3381560 NC_004663.gbk
447 36.5 4514856 4514044 genome.dna 1657090 1657765 NC_004663.gbk
255 34.0 4520431 4519847 genome.dna 2605535 2606111 NC_004663.gbk
322 33.8 4523180 4522629 genome.dna 834138 833583 NC_004663.gbk
748 35.6 4531124 4529898 genome.dna 4879595 4878473 NC_004663.gbk
577 46.1 4531820 4531245 genome.dna 654882 654315 NC_004663.gbk
524 32.6 4557783 4556779 genome.dna 5035189 5034088 NC_004663.gbk
602 43.7 4559154 4558477 genome.dna 5121957 5122608 NC_004663.gbk
282 35.1 4562994 4562473 genome.dna 4373256 4373784 NC_004663.gbk
2496 68.9 4575473 4577092 genome.dna 3461348 3459740 NC_004663.gbk
1470 47.9 4597892 4600225 genome.dna 1540986 1543161 NC_004663.gbk
2759 42.7 4612485 4609363 genome.dna 364110 367215 NC_004663.gbk
556 36.8 4651246 4650551 genome.dna 198045 197340 NC_004663.gbk
1585 44.1 4664050 4662224 genome.dna 2320194 2322057 NC_004663.gbk
1509 37.1 4672431 4670269 genome.dna 808553 810920 NC_004663.gbk
416 40.4 4675687 4674863 genome.dna 675173 674369 NC_004663.gbk
977 50.1 4702353 4701286 genome.dna 2531304 2530167 NC_004663.gbk
1347 53.0 4703612 4702350 genome.dna 3708454 3707251 NC_004663.gbk
1539 62.0 4704862 4703738 genome.dna 3707201 3706070 NC_004663.gbk
350 51.6 4709479 4709153 genome.dna 2797240 2796925 NC_004663.gbk
2389 63.1 4729969 4728119 genome.dna 2605061 2603258 NC_004663.gbk
1376 45.5 4733613 4735139 genome.dna 3549148 3550687 NC_004663.gbk
647 38.0 4755209 4754301 genome.dna 6191219 6192146 NC_004663.gbk
1148 31.2 4770998 4773196 genome.dna 3413276 3410819 NC_004663.gbk
677 44.5 4786326 4787093 genome.dna 5102704 5103463 NC_004663.gbk
463 30.5 4788410 4787304 genome.dna 1078650 1077534 NC_004663.gbk
733 42.3 4789295 4788411 genome.dna 1077498 1076613 NC_004663.gbk
942 47.5 4825789 4824827 genome.dna 2580878 2581859 NC_004663.gbk
316 33.3 4846439 4847095 genome.dna 1584724 1585363 NC_004663.gbk
631 34.7 4914105 4915127 genome.dna 4686297 4687314 NC_004663.gbk
1421 41.1 4941502 4939844 genome.dna 2622503 2624168 NC_004663.gbk
449 31.1 4969043 4968228 genome.dna 4324611 4323798 NC_004663.gbk
957 34.3 4985096 4983699 genome.dna 2697456 2698869 NC_004663.gbk
208 71.1 4985770 4985910 genome.dna 4820914 4821076 NC_004663.gbk
819 35.2 4988276 4989640 genome.dna 5973379 5971981 NC_004663.gbk
304 33.0 5017538 5016804 genome.dna 1646210 1645520 NC_004663.gbk
1022 60.0 5018328 5017552 genome.dna 1647026 1646267 NC_004663.gbk
477 37.2 5019301 5018414 genome.dna 1647909 1647033 NC_004663.gbk
624 34.0 5021463 5020423 genome.dna 5631 6741 NC_004663.gbk
1108 45.2 5026700 5027902 genome.dna 3016819 3015625 NC_004663.gbk
1703 45.4 5049054 5047222 genome.dna 685279 687124 NC_004663.gbk
1294 62.0 5055348 5053966 genome.dna 885278 886796 NC_004663.gbk
306 32.1 5056259 5055396 genome.dna 891697 892594 NC_004663.gbk
1146 54.0 5057853 5056312 genome.dna 890024 891608 NC_004663.gbk
163 37.5 5059187 5058948 genome.dna 888685 888943 NC_004663.gbk
1687 46.2 5063659 5061770 genome.dna 4173703 4171816 NC_004663.gbk
