363 42.6 10521 10940 genome.dna 314298 313893 NC_002745.gbk
793 42.9 14538 15464 genome.dna 313866 312951 NC_002745.gbk
1266 38.4 25826 28615 genome.dna 1724727 1722096 NC_002745.gbk
369 34.2 29669 29034 genome.dna 1705987 1705396 NC_002745.gbk
687 37.4 36667 35258 genome.dna 1307164 1308505 NC_002745.gbk
2193 53.1 37037 38860 genome.dna 1086093 1087941 NC_002745.gbk
401 42.1 39698 40135 genome.dna 1665625 1665172 NC_002745.gbk
1110 38.2 47188 45107 genome.dna 1210010 1212071 NC_002745.gbk
504 40.2 50956 50333 genome.dna 1191031 1191655 NC_002745.gbk
483 32.9 59253 58054 genome.dna 1807574 1808843 NC_002745.gbk
703 40.1 93925 92960 genome.dna 896908 897868 NC_002745.gbk
558 43.0 97287 96724 genome.dna 1696975 1697536 NC_002745.gbk
470 37.9 104909 106057 genome.dna 2216719 2217826 NC_002745.gbk
779 53.6 110262 109636 genome.dna 1588621 1588021 NC_002745.gbk
1409 42.9 111626 113161 genome.dna 185184 186672 NC_002745.gbk
991 41.6 166824 165547 genome.dna 1192088 1193288 NC_002745.gbk
121 36.7 168129 168296 genome.dna 1333706 1333856 NC_002745.gbk
433 33.8 168516 169325 genome.dna 1722081 1721208 NC_002745.gbk
458 43.6 170854 170375 genome.dna 1101883 1102366 NC_002745.gbk
997 41.6 186786 187982 genome.dna 593637 594789 NC_002745.gbk
564 30.5 187993 189078 genome.dna 291346 292390 NC_002745.gbk
186 33.6 191679 192110 genome.dna 1572117 1572504 NC_002745.gbk
787 37.9 192775 193791 genome.dna 1512151 1511152 NC_002745.gbk
1673 43.9 199780 202044 genome.dna 403403 401174 NC_002745.gbk
595 37.5 217784 218788 genome.dna 209167 208135 NC_002745.gbk
357 30.8 218826 219599 genome.dna 206867 206102 NC_002745.gbk
1460 48.2 219661 221034 genome.dna 927320 925940 NC_002745.gbk
584 39.9 222967 223722 genome.dna 1509704 1508978 NC_002745.gbk
937 46.3 228573 229595 genome.dna 1701336 1700361 NC_002745.gbk
937 42.4 233849 232686 genome.dna 268423 267238 NC_002745.gbk
2054 75.3 250357 251541 genome.dna 590789 591974 NC_002745.gbk
504 41.4 252164 252709 genome.dna 575387 575936 NC_002745.gbk
602 67.4 252872 253300 genome.dna 576116 576539 NC_002745.gbk
768 51.5 253304 254008 genome.dna 576746 577439 NC_002745.gbk
334 34.4 254326 254823 genome.dna 577710 578211 NC_002745.gbk
418 57.6 254890 255255 genome.dna 578253 578622 NC_002745.gbk
2134 45.2 255584 259612 genome.dna 579619 583171 NC_002745.gbk
2466 45.5 259736 263959 genome.dna 583307 586931 NC_002745.gbk
802 37.6 275283 276347 genome.dna 1887312 1886274 NC_002745.gbk
859 39.8 280242 278956 genome.dna 1051698 1052838 NC_002745.gbk
872 47.0 281849 280260 genome.dna 1050087 1051569 NC_002745.gbk
766 45.5 293855 293088 genome.dna 2471580 2470800 NC_002745.gbk
1627 54.1 306633 305290 genome.dna 1567566 1566210 NC_002745.gbk
336 34.6 307112 306645 genome.dna 1568030 1567565 NC_002745.gbk
806 37.0 310630 309653 genome.dna 2427312 2428317 NC_002745.gbk
690 42.1 334964 334107 genome.dna 824107 825019 NC_002745.gbk
1294 49.3 345980 347242 genome.dna 2154269 2153003 NC_002745.gbk
543 57.7 352201 352629 genome.dna 2290678 2290240 NC_002745.gbk
465 52.3 352645 353037 genome.dna 2290221 2289828 NC_002745.gbk
954 57.3 355354 354581 genome.dna 141022 141799 NC_002745.gbk
746 33.5 357036 355618 genome.dna 495180 496644 NC_002745.gbk
2689 41.6 361542 357046 genome.dna 490663 495163 NC_002745.gbk
748 38.6 362158 363087 genome.dna 1820174 1821128 NC_002745.gbk
618 41.9 372605 373492 genome.dna 518063 518903 NC_002745.gbk
629 35.8 386934 386071 genome.dna 2176947 2176086 NC_002745.gbk
832 44.2 399153 398326 genome.dna 753253 754093 NC_002745.gbk
1019 38.4 413001 411592 genome.dna 2085012 2083527 NC_002745.gbk
681 31.3 414371 413001 genome.dna 219406 220861 NC_002745.gbk
544 32.4 417112 416177 genome.dna 2083531 2082571 NC_002745.gbk
348 41.3 424707 424243 genome.dna 2701401 2700864 NC_002745.gbk
2194 52.0 426927 424789 genome.dna 2703248 2701397 NC_002745.gbk
402 47.2 431880 431494 genome.dna 525947 526328 NC_002745.gbk
402 33.8 433394 432459 genome.dna 1179862 1180744 NC_002745.gbk
1341 60.8 435364 434357 genome.dna 1145817 1146819 NC_002745.gbk
1191 42.3 460910 458055 genome.dna 1696573 1693942 NC_002745.gbk
729 32.2 463248 461737 genome.dna 907311 908787 NC_002745.gbk
294 51.8 509102 508848 genome.dna 2466267 2466000 NC_002745.gbk
190 41.6 509350 509099 genome.dna 2466518 2466266 NC_002745.gbk
265 30.2 515161 515775 genome.dna 205848 205353 NC_002745.gbk
1019 45.5 518034 519071 genome.dna 2261244 2260242 NC_002745.gbk
1335 45.0 530287 528905 genome.dna 565626 566991 NC_002745.gbk
1517 46.8 533382 534971 genome.dna 994215 995778 NC_002745.gbk
210 32.4 587151 587651 genome.dna 820228 820714 NC_002745.gbk
572 33.7 599597 601615 genome.dna 2313160 2311024 NC_002745.gbk
257 44.2 697176 697469 genome.dna 2074317 2074032 NC_002745.gbk
1990 57.3 697515 699164 genome.dna 2073957 2072340 NC_002745.gbk
883 42.1 755628 756641 genome.dna 2095547 2094521 NC_002745.gbk
510 30.4 761351 760380 genome.dna 1508977 1508017 NC_002745.gbk
308 41.7 761608 761919 genome.dna 1680988 1680679 NC_002745.gbk
274 54.2 761939 762196 genome.dna 1680342 1680057 NC_002745.gbk
424 46.5 766454 766933 genome.dna 1641656 1641179 NC_002745.gbk
220 37.9 767354 767061 genome.dna 1628331 1628040 NC_002745.gbk
1859 45.7 768185 770122 genome.dna 540883 542977 NC_002745.gbk
551 38.9 770241 771074 genome.dna 545412 546216 NC_002745.gbk
1235 46.3 771082 772419 genome.dna 2227223 2225867 NC_002745.gbk
289 34.7 777307 777729 genome.dna 1258477 1258945 NC_002745.gbk
301 42.1 782083 782481 genome.dna 1263267 1263618 NC_002745.gbk
557 36.6 782481 783425 genome.dna 1263786 1264704 NC_002745.gbk
322 53.9 783547 783816 genome.dna 1265804 1266074 NC_002745.gbk
2174 50.1 784066 786186 genome.dna 1266442 1268539 NC_002745.gbk
1077 41.4 795852 797180 genome.dna 2188686 2187345 NC_002745.gbk
920 44.0 797270 798493 genome.dna 153762 154941 NC_002745.gbk
764 52.3 798538 799257 genome.dna 150925 151633 NC_002745.gbk
203 32.4 803045 802602 genome.dna 2096004 2095539 NC_002745.gbk
560 35.3 805628 804636 genome.dna 650609 651548 NC_002745.gbk
437 31.0 808710 809492 genome.dna 2279770 2279065 NC_002745.gbk
1723 47.8 809514 811193 genome.dna 2281471 2279806 NC_002745.gbk
885 43.1 812975 814090 genome.dna 1576791 1575699 NC_002745.gbk
445 53.6 814149 814541 genome.dna 865726 866107 NC_002745.gbk
446 35.3 830229 830876 genome.dna 2242086 2241399 NC_002745.gbk
844 44.1 839867 840766 genome.dna 1536988 1536100 NC_002745.gbk
1655 51.6 844582 846099 genome.dna 547570 549058 NC_002745.gbk
867 32.7 856625 858271 genome.dna 676149 678192 NC_002745.gbk
449 50.3 927840 927358 genome.dna 843241 843706 NC_002745.gbk
953 32.7 931102 929441 genome.dna 1562049 1560369 NC_002745.gbk
369 32.6 932209 932796 genome.dna 1616041 1615414 NC_002745.gbk
667 39.3 933233 934465 genome.dna 1083865 1082512 NC_002745.gbk
114 35.1 934700 934497 genome.dna 1368242 1368053 NC_002745.gbk
502 31.4 949769 948918 genome.dna 1360936 1361788 NC_002745.gbk
287 34.0 957261 956803 genome.dna 2268582 2268066 NC_002745.gbk
457 40.7 994093 993584 genome.dna 1430000 1429499 NC_002745.gbk
1858 50.7 995970 994243 genome.dna 1060927 1062646 NC_002745.gbk
901 53.8 997695 996727 genome.dna 544264 545197 NC_002745.gbk
309 34.8 1067553 1068080 genome.dna 2601699 2602191 NC_002745.gbk
661 33.1 1087061 1085955 genome.dna 1933434 1932396 NC_002745.gbk
347 31.5 1099537 1100406 genome.dna 819381 820221 NC_002745.gbk
776 49.5 1100443 1101237 genome.dna 1433541 1432584 NC_002745.gbk
523 38.3 1134065 1134883 genome.dna 1660335 1659561 NC_002745.gbk
264 31.7 1138546 1138941 genome.dna 633527 633896 NC_002745.gbk
579 35.6 1154052 1153258 genome.dna 1950478 1949719 NC_002745.gbk
804 49.0 1154397 1155122 genome.dna 1245198 1245966 NC_002745.gbk
398 43.0 1155257 1156108 genome.dna 1246147 1247029 NC_002745.gbk
704 45.9 1156279 1157004 genome.dna 1247165 1247888 NC_002745.gbk
551 44.8 1157130 1157687 genome.dna 1247906 1248461 NC_002745.gbk
625 40.4 1159320 1160081 genome.dna 1248833 1249604 NC_002745.gbk
398 32.9 1160091 1160948 genome.dna 1249610 1250393 NC_002745.gbk
405 44.6 1166572 1167027 genome.dna 2152970 2152529 NC_002745.gbk
940 32.7 1169670 1173152 genome.dna 1744145 1740947 NC_002745.gbk
1082 54.2 1173165 1174124 genome.dna 1738217 1737272 NC_002745.gbk
1972 40.6 1180703 1178139 genome.dna 1291027 1293646 NC_002745.gbk
806 39.9 1203627 1202668 genome.dna 2246928 2245959 NC_002745.gbk
494 38.4 1205533 1204619 genome.dna 2248951 2247967 NC_002745.gbk
511 31.1 1248508 1249548 genome.dna 1516322 1517291 NC_002745.gbk
576 40.1 1260789 1261478 genome.dna 1533296 1532570 NC_002745.gbk
907 33.7 1265611 1266930 genome.dna 349844 348536 NC_002745.gbk
981 44.7 1271755 1272822 genome.dna 1676290 1675264 NC_002745.gbk
1439 58.6 1272920 1274065 genome.dna 1675242 1674102 NC_002745.gbk
397 40.7 1278470 1278919 genome.dna 1719164 1718693 NC_002745.gbk
505 32.4 1278982 1280091 genome.dna 1828318 1827274 NC_002745.gbk
537 55.1 1280201 1280677 genome.dna 1825431 1824966 NC_002745.gbk
247 33.9 1280702 1281121 genome.dna 1565774 1565384 NC_002745.gbk
617 41.6 1285528 1284617 genome.dna 1563830 1562948 NC_002745.gbk
530 31.6 1292157 1291267 genome.dna 1096181 1097096 NC_002745.gbk
615 43.5 1293119 1292505 genome.dna 1035713 1035107 NC_002745.gbk
2183 50.8 1295100 1293109 genome.dna 1037691 1035702 NC_002745.gbk
839 65.1 1301367 1301990 genome.dna 827629 828217 NC_002745.gbk
1565 59.8 1302154 1303428 genome.dna 1707403 1706140 NC_002745.gbk
365 60.7 1306200 1306472 genome.dna 1510982 1510709 NC_002745.gbk
856 57.1 1310544 1309849 genome.dna 761021 760352 NC_002745.gbk
985 39.6 1316909 1318201 genome.dna 2087544 2086293 NC_002745.gbk
246 43.0 1322693 1322445 genome.dna 2170592 2170337 NC_002745.gbk
301 39.8 1329039 1329440 genome.dna 184758 184374 NC_002745.gbk
536 45.9 1329655 1330212 genome.dna 1668772 1668253 NC_002745.gbk
248 36.9 1332403 1332732 genome.dna 504380 504698 NC_002745.gbk
547 43.0 1332732 1333337 genome.dna 504704 505301 NC_002745.gbk
639 46.5 1335658 1336302 genome.dna 2298134 2297486 NC_002745.gbk
272 31.8 1352428 1351949 genome.dna 745595 746078 NC_002745.gbk
1650 38.2 1356196 1353473 genome.dna 2632361 2634770 NC_002745.gbk
1670 49.9 1363499 1366138 genome.dna 7004 9674 NC_002745.gbk
1197 65.3 1381835 1382692 genome.dna 1018957 1019779 NC_002745.gbk
844 42.0 1425057 1426040 genome.dna 2800210 2801227 NC_002745.gbk
450 35.5 1426894 1426256 genome.dna 1049509 1050076 NC_002745.gbk
1117 50.0 1427931 1426894 genome.dna 1048478 1049507 NC_002745.gbk
723 51.7 1428285 1428911 genome.dna 2164022 2163392 NC_002745.gbk
1176 43.8 1429248 1430537 genome.dna 1178527 1179835 NC_002745.gbk
372 41.8 1433876 1433409 genome.dna 1926578 1926122 NC_002745.gbk
581 36.7 1434853 1435731 genome.dna 1402002 1402890 NC_002745.gbk
609 41.2 1436929 1437642 genome.dna 1043200 1043905 NC_002745.gbk
1268 51.2 1458435 1457257 genome.dna 399115 400297 NC_002745.gbk
591 35.9 1462930 1461608 genome.dna 2704808 2703437 NC_002745.gbk
276 67.2 1468125 1468334 genome.dna 856790 856991 NC_002745.gbk
970 51.6 1470427 1469462 genome.dna 892269 893187 NC_002745.gbk
600 33.5 1475506 1474394 genome.dna 1089566 1090688 NC_002745.gbk
284 31.2 1477924 1477454 genome.dna 33691 34171 NC_002745.gbk
240 33.7 1478243 1477926 genome.dna 1626894 1626540 NC_002745.gbk
1882 43.5 1483266 1480684 genome.dna 1818593 1816178 NC_002745.gbk
885 46.6 1492026 1490968 genome.dna 1605768 1604820 NC_002745.gbk
1118 39.6 1493774 1492350 genome.dna 1288296 1289841 NC_002745.gbk
537 30.5 1501778 1500630 genome.dna 750280 751462 NC_002745.gbk
1533 48.5 1502956 1504452 genome.dna 1770243 1768776 NC_002745.gbk
270 33.3 1506798 1506349 genome.dna 1537486 1537036 NC_002745.gbk
517 40.8 1515559 1514879 genome.dna 74204 73508 NC_002745.gbk
368 38.7 1519100 1518525 genome.dna 2126664 2126103 NC_002745.gbk
2054 54.1 1521264 1519120 genome.dna 2128711 2126683 NC_002745.gbk
1374 43.1 1522968 1521280 genome.dna 2130406 2128729 NC_002745.gbk
692 33.1 1528762 1530255 genome.dna 740267 741641 NC_002745.gbk
529 38.0 1531148 1531804 genome.dna 1640854 1640119 NC_002745.gbk
535 32.5 1531798 1532742 genome.dna 1640130 1639119 NC_002745.gbk
697 43.0 1532732 1533469 genome.dna 1637294 1636541 NC_002745.gbk
550 43.7 1533499 1534146 genome.dna 2793790 2794429 NC_002745.gbk
679 35.7 1536355 1535069 genome.dna 1732200 1731078 NC_002745.gbk
1772 40.9 1540513 1543320 genome.dna 1421908 1419175 NC_002745.gbk
923 43.3 1543336 1544562 genome.dna 1419162 1417893 NC_002745.gbk
1337 51.6 1544898 1546064 genome.dna 1231258 1232425 NC_002745.gbk
1244 65.1 1546064 1546936 genome.dna 1232446 1233355 NC_002745.gbk
785 41.4 1561588 1560626 genome.dna 2197064 2198042 NC_002745.gbk
762 47.3 1563766 1563014 genome.dna 2474258 2473571 NC_002745.gbk
194 32.8 1576123 1576893 genome.dna 2335083 2334300 NC_002745.gbk
445 35.3 1576893 1577582 genome.dna 2334287 2333615 NC_002745.gbk
638 33.0 1598229 1599338 genome.dna 2237395 2236330 NC_002745.gbk
692 50.5 1599518 1600159 genome.dna 1642307 1641683 NC_002745.gbk
421 30.3 1617930 1618712 genome.dna 137239 138019 NC_002745.gbk
2094 67.0 1638449 1639855 genome.dna 1551968 1550561 NC_002745.gbk
1484 52.8 1768623 1769945 genome.dna 2442150 2440872 NC_002745.gbk
1182 39.0 1800077 1801579 genome.dna 625395 626796 NC_002745.gbk
1568 55.1 1862075 1860786 genome.dna 1831137 1832430 NC_002745.gbk
1245 40.5 1993342 1994814 genome.dna 2697737 2696246 NC_002745.gbk
1843 51.6 1994834 1996513 genome.dna 2695986 2694276 NC_002745.gbk
157 30.6 2015203 2015631 genome.dna 1751133 1751634 NC_002745.gbk
653 35.1 2041077 2042123 genome.dna 1212850 1213837 NC_002745.gbk
802 39.6 2042130 2043083 genome.dna 955149 956091 NC_002745.gbk
723 39.4 2043101 2044030 genome.dna 1213829 1214756 NC_002745.gbk
828 55.0 2044045 2044779 genome.dna 1214742 1215483 NC_002745.gbk
277 64.3 2044934 2045170 genome.dna 1215917 1216151 NC_002745.gbk
1397 49.4 2045253 2046494 genome.dna 956102 957347 NC_002745.gbk
384 36.2 2048443 2049102 genome.dna 513539 514157 NC_002745.gbk
569 35.7 2050132 2050929 genome.dna 521191 521965 NC_002745.gbk
422 30.1 2059718 2061022 genome.dna 905972 907181 NC_002745.gbk
2199 36.8 2070405 2066956 genome.dna 531216 534723 NC_002745.gbk
332 31.5 2074702 2075532 genome.dna 2270398 2271130 NC_002745.gbk
933 53.6 2077218 2077982 genome.dna 312701 311939 NC_002745.gbk
388 46.3 2079241 2079792 genome.dna 1303928 1303451 NC_002745.gbk
1798 50.1 2096741 2095152 genome.dna 2378335 2376730 NC_002745.gbk
1697 43.6 2099496 2097796 genome.dna 1546962 1545312 NC_002745.gbk
1073 41.0 2112831 2114330 genome.dna 884237 885635 NC_002745.gbk
850 51.6 2114428 2115174 genome.dna 880110 880872 NC_002745.gbk
1252 45.1 2116495 2117718 genome.dna 882391 883633 NC_002745.gbk
1328 46.9 2121733 2120321 genome.dna 1736014 1734256 NC_002745.gbk
430 34.3 2153926 2154558 genome.dna 1947371 1946741 NC_002745.gbk
887 31.4 2179364 2177811 genome.dna 120727 122320 NC_002745.gbk
327 33.5 2181519 2182154 genome.dna 1827268 1826635 NC_002745.gbk
1379 47.7 2192856 2194133 genome.dna 1773790 1772527 NC_002745.gbk
2198 54.2 2198282 2200954 genome.dna 1349288 1351994 NC_002745.gbk
590 44.7 2216576 2217319 genome.dna 1186413 1187106 NC_002745.gbk
673 42.4 2239913 2239125 genome.dna 984033 984804 NC_002745.gbk
475 46.6 2258625 2258122 genome.dna 1754734 1754239 NC_002745.gbk
564 31.5 2267632 2266640 genome.dna 2596929 2597985 NC_002745.gbk
331 30.6 2275290 2274685 genome.dna 243278 242651 NC_002745.gbk
432 30.6 2306210 2305560 genome.dna 1902948 1902324 NC_002745.gbk
2568 49.9 2310451 2314227 genome.dna 2456402 2452712 NC_002745.gbk
2178 60.3 2314227 2315807 genome.dna 2452723 2451163 NC_002745.gbk
521 37.2 2316519 2317223 genome.dna 2450603 2449925 NC_002745.gbk
702 37.2 2322430 2321456 genome.dna 1474140 1473099 NC_002745.gbk
113 33.3 2324296 2324544 genome.dna 417962 418214 NC_002745.gbk
756 31.4 2336995 2338260 genome.dna 2687246 2685872 NC_002745.gbk
677 48.3 2351826 2352485 genome.dna 483070 483730 NC_002745.gbk
469 35.3 2378840 2379481 genome.dna 2448373 2447719 NC_002745.gbk
1087 44.0 2463282 2462086 genome.dna 2384867 2383745 NC_002745.gbk
536 33.4 2463567 2464547 genome.dna 370175 371177 NC_002745.gbk
1372 56.4 2487322 2486231 genome.dna 410256 411354 NC_002745.gbk
402 36.7 2488039 2487452 genome.dna 530644 531217 NC_002745.gbk
1034 50.3 2489732 2488785 genome.dna 528565 529531 NC_002745.gbk
382 30.6 2490742 2489870 genome.dna 524244 525093 NC_002745.gbk
829 34.8 2491599 2492855 genome.dna 1705180 1703833 NC_002745.gbk
1195 50.6 2492889 2493971 genome.dna 2169391 2168314 NC_002745.gbk
445 32.2 2493971 2494816 genome.dna 2168328 2167491 NC_002745.gbk
694 43.8 2546335 2547111 genome.dna 2537597 2536829 NC_002745.gbk
361 32.6 2552084 2552833 genome.dna 2543765 2543069 NC_002745.gbk
1820 59.6 2563367 2561970 genome.dna 1906904 1905518 NC_002745.gbk
582 45.2 2585970 2586605 genome.dna 1490410 1489750 NC_002745.gbk
1105 38.8 2593132 2590532 genome.dna 1237196 1239266 NC_002745.gbk
476 35.9 2597527 2596643 genome.dna 1534166 1533428 NC_002745.gbk
566 35.3 2605113 2606180 genome.dna 1374539 1375538 NC_002745.gbk
1331 50.1 2607572 2608762 genome.dna 1376946 1378161 NC_002745.gbk
1023 54.4 2628084 2627089 genome.dna 960027 961110 NC_002745.gbk
721 38.0 2629004 2628096 genome.dna 968628 969510 NC_002745.gbk
848 42.6 2629936 2629016 genome.dna 958015 958942 NC_002745.gbk
2455 48.8 2634501 2637176 genome.dna 164456 167066 NC_002745.gbk
795 45.2 2639766 2638855 genome.dna 2566622 2565755 NC_002745.gbk
346 42.9 2654386 2653967 genome.dna 1430440 1430011 NC_002745.gbk
1017 48.4 2654735 2655739 genome.dna 832684 833695 NC_002745.gbk
581 30.9 2704043 2704957 genome.dna 681668 680738 NC_002745.gbk
737 38.8 2706704 2707561 genome.dna 682501 681664 NC_002745.gbk
1418 48.8 2722186 2723580 genome.dna 425833 424444 NC_002745.gbk
1000 59.6 2724246 2725070 genome.dna 1979784 1978962 NC_002745.gbk
1283 39.1 2726216 2727934 genome.dna 1931261 1929524 NC_002745.gbk
1525 37.6 2731236 2728849 genome.dna 1115370 1117773 NC_002745.gbk
867 50.9 2732234 2731251 genome.dna 1114312 1115371 NC_002745.gbk
489 62.4 2732903 2732547 genome.dna 1711072 1710715 NC_002745.gbk
200 53.1 2733144 2732947 genome.dna 1711319 1711118 NC_002745.gbk
579 51.5 2733782 2733240 genome.dna 1711866 1711347 NC_002745.gbk
1837 42.6 2735713 2733785 genome.dna 1715960 1714022 NC_002745.gbk
439 32.4 2746160 2745411 genome.dna 306258 306999 NC_002745.gbk
1087 62.1 2755752 2754499 genome.dna 1731030 1729761 NC_002745.gbk
1373 55.6 2757088 2758194 genome.dna 1654447 1653328 NC_002745.gbk
1307 49.9 2765355 2764123 genome.dna 797509 796282 NC_002745.gbk
466 31.5 2766822 2767682 genome.dna 1077953 1078751 NC_002745.gbk
597 38.2 2767679 2768455 genome.dna 1078756 1079566 NC_002745.gbk
774 36.3 2768546 2769589 genome.dna 1079565 1080639 NC_002745.gbk
533 46.2 2770193 2769657 genome.dna 2620606 2620084 NC_002745.gbk
544 55.2 2777056 2776550 genome.dna 1760211 1760676 NC_002745.gbk
388 32.9 2788070 2787564 genome.dna 1955401 1955902 NC_002745.gbk
1197 38.1 2794931 2793456 genome.dna 1542650 1544135 NC_002745.gbk
1337 59.4 2809298 2808294 genome.dna 1677296 1676291 NC_002745.gbk
386 36.3 2809923 2809306 genome.dna 1677930 1677327 NC_002745.gbk
2105 52.7 2813755 2811956 genome.dna 1662562 1660795 NC_002745.gbk
740 37.9 2859653 2858643 genome.dna 2664072 2665137 NC_002745.gbk
723 35.9 2864092 2865492 genome.dna 1492706 1491413 NC_002745.gbk
423 35.2 2869134 2868487 genome.dna 1581848 1581224 NC_002745.gbk
846 47.6 2891958 2891200 genome.dna 788950 789712 NC_002745.gbk
732 35.3 2892962 2891955 genome.dna 787997 788954 NC_002745.gbk
903 40.1 2893911 2892949 genome.dna 787039 788011 NC_002745.gbk
509 31.8 2894873 2893923 genome.dna 789830 790859 NC_002745.gbk
515 38.0 2906057 2905173 genome.dna 939672 940575 NC_002745.gbk
849 33.0 2917289 2918617 genome.dna 2782864 2781613 NC_002745.gbk
406 41.0 2920770 2921360 genome.dna 2780041 2779462 NC_002745.gbk
716 39.5 2922086 2922862 genome.dna 2778769 2778010 NC_002745.gbk
545 43.2 2922856 2923488 genome.dna 2778014 2777381 NC_002745.gbk
471 38.7 2926492 2925815 genome.dna 1516246 1515586 NC_002745.gbk
3351 64.2 2932697 2934979 genome.dna 258865 261115 NC_002745.gbk
770 48.7 2966712 2967509 genome.dna 261137 261893 NC_002745.gbk
1364 50.6 2975613 2974318 genome.dna 12792 14079 NC_002745.gbk
892 36.9 2977060 2975717 genome.dna 1658126 1659401 NC_002745.gbk
726 41.6 2982496 2983455 genome.dna 822227 823163 NC_002745.gbk
361 70.8 2988043 2988261 genome.dna 2297294 2297075 NC_002745.gbk
685 30.8 2988414 2989868 genome.dna 557494 556111 NC_002745.gbk
566 38.1 3016080 3015361 genome.dna 423609 424365 NC_002745.gbk
671 53.4 3019705 3020373 genome.dna 2189588 2188925 NC_002745.gbk
671 52.6 3019705 3020373 genome.dna 153072 153735 NC_002745.gbk
913 44.6 3024334 3023318 genome.dna 875597 876623 NC_002745.gbk
1646 51.6 3063296 3061821 genome.dna 1713597 1712103 NC_002745.gbk
491 32.1 3065575 3066420 genome.dna 1592000 1591109 NC_002745.gbk
1422 43.2 3080104 3081720 genome.dna 234937 233344 NC_002745.gbk
477 37.0 3084419 3083724 genome.dna 1805510 1804814 NC_002745.gbk
818 45.4 3148240 3147401 genome.dna 697356 698154 NC_002745.gbk
906 44.1 3150266 3149277 genome.dna 127533 126537 NC_002745.gbk
778 39.8 3151270 3150263 genome.dna 128541 127548 NC_002745.gbk
270 32.3 3155124 3154672 genome.dna 2328985 2328538 NC_002745.gbk
445 50.6 3155863 3155369 genome.dna 2330802 2331297 NC_002745.gbk
348 41.3 3156400 3155882 genome.dna 2331805 2331298 NC_002745.gbk
571 34.6 3157424 3156435 genome.dna 2327674 2326651 NC_002745.gbk
2513 58.2 3161386 3159374 genome.dna 812934 814926 NC_002745.gbk
587 32.2 3166099 3165062 genome.dna 2484681 2483673 NC_002745.gbk
839 33.0 3166195 3167499 genome.dna 2486041 2484682 NC_002745.gbk
431 32.3 3169188 3169883 genome.dna 2614398 2613708 NC_002745.gbk
561 31.4 3178804 3180039 genome.dna 2330740 2329480 NC_002745.gbk
635 45.4 3180901 3181500 genome.dna 2076703 2077330 NC_002745.gbk
282 34.9 3228583 3228035 genome.dna 1278451 1279030 NC_002745.gbk
775 36.7 3230474 3228642 genome.dna 1125254 1127036 NC_002745.gbk
1697 52.5 3233243 3234655 genome.dna 1732547 1733909 NC_002745.gbk
864 37.8 3265816 3266967 genome.dna 920454 921582 NC_002745.gbk
906 45.7 3310237 3309242 genome.dna 965692 966679 NC_002745.gbk
1128 46.7 3314908 3313691 genome.dna 2186049 2184864 NC_002745.gbk
583 38.3 3344476 3343682 genome.dna 189808 190549 NC_002745.gbk
1600 44.3 3364676 3363084 genome.dna 1397079 1398681 NC_002745.gbk
293 31.8 3365704 3366279 genome.dna 388151 388697 NC_002745.gbk
1152 38.0 3366849 3368273 genome.dna 497473 498901 NC_002745.gbk
1959 53.5 3368339 3370030 genome.dna 498964 500605 NC_002745.gbk
1056 44.9 3395711 3396913 genome.dna 1753082 1751879 NC_002745.gbk
683 37.9 3402984 3403889 genome.dna 829362 828459 NC_002745.gbk
612 36.5 3409858 3408341 genome.dna 1047001 1048486 NC_002745.gbk
766 44.3 3413548 3412631 genome.dna 1739074 1738216 NC_002745.gbk
447 32.4 3415469 3414618 genome.dna 2291721 2290917 NC_002745.gbk
446 30.6 3416479 3415469 genome.dna 1401011 1402001 NC_002745.gbk
538 36.5 3425582 3424782 genome.dna 1755602 1754831 NC_002745.gbk
191 35.1 3427528 3426443 genome.dna 1506682 1505515 NC_002745.gbk
1643 50.5 3443783 3442200 genome.dna 2421613 2420077 NC_002745.gbk
654 30.6 3477877 3476636 genome.dna 2637780 2636625 NC_002745.gbk
631 38.6 3479267 3480127 genome.dna 1802405 1801556 NC_002745.gbk
780 36.7 3494931 3493498 genome.dna 898447 899905 NC_002745.gbk
475 30.2 3496046 3494928 genome.dna 899901 901116 NC_002745.gbk
503 30.0 3511745 3510762 genome.dna 754224 755208 NC_002745.gbk
796 43.5 3516455 3517318 genome.dna 1041403 1040542 NC_002745.gbk
1286 43.9 3519048 3517663 genome.dna 571153 572554 NC_002745.gbk
276 33.5 3520193 3520687 genome.dna 918707 919301 NC_002745.gbk
530 50.3 3521609 3522118 genome.dna 1041603 1042086 NC_002745.gbk
954 53.8 3527868 3527053 genome.dna 1391990 1391138 NC_002745.gbk
265 37.7 3537011 3536586 genome.dna 863112 862689 NC_002745.gbk
638 30.3 3546973 3548205 genome.dna 245558 246830 NC_002745.gbk
1547 52.3 3548305 3549609 genome.dna 246832 248101 NC_002745.gbk
1000 49.8 3549622 3550470 genome.dna 248102 248942 NC_002745.gbk
902 53.5 3557692 3558888 genome.dna 560471 559256 NC_002745.gbk
601 31.7 3573115 3574479 genome.dna 1643575 1642306 NC_002745.gbk
496 34.2 3575248 3576147 genome.dna 1961320 1960372 NC_002745.gbk
677 42.1 3577570 3576767 genome.dna 2149289 2148458 NC_002745.gbk
567 41.9 3578361 3577567 genome.dna 2148475 2147683 NC_002745.gbk
1457 51.5 3590632 3589055 genome.dna 434504 436046 NC_002745.gbk
1694 54.4 3592205 3590739 genome.dna 433013 434480 NC_002745.gbk
920 34.2 3592378 3593766 genome.dna 1565368 1564030 NC_002745.gbk
506 42.2 3599984 3598497 genome.dna 1513478 1512167 NC_002745.gbk
1095 41.4 3603229 3601955 genome.dna 1663840 1662577 NC_002745.gbk
808 36.0 3607701 3606505 genome.dna 1200542 1201637 NC_002745.gbk
435 43.6 3608433 3608005 genome.dna 1507926 1507476 NC_002745.gbk
1091 42.2 3608793 3610373 genome.dna 284133 282603 NC_002745.gbk
938 42.7 3621177 3619963 genome.dna 1655590 1654447 NC_002745.gbk
240 35.7 3621953 3621459 genome.dna 1658042 1657619 NC_002745.gbk
417 30.5 3622920 3623723 genome.dna 1084819 1085647 NC_002745.gbk
1571 58.2 3635387 3634134 genome.dna 2165288 2164049 NC_002745.gbk
664 33.4 3635748 3636938 genome.dna 280758 279612 NC_002745.gbk
447 42.9 3651787 3651263 genome.dna 602711 603182 NC_002745.gbk
934 52.2 3653449 3652523 genome.dna 218495 219395 NC_002745.gbk
242 37.3 3680225 3679845 genome.dna 2123359 2122999 NC_002745.gbk
803 39.2 3682691 3681786 genome.dna 1603590 1602690 NC_002745.gbk
407 34.2 3683368 3682688 genome.dna 1216266 1216998 NC_002745.gbk
2322 56.7 3686442 3684643 genome.dna 1620664 1618840 NC_002745.gbk
748 50.9 3694571 3695257 genome.dna 632357 633014 NC_002745.gbk
840 38.8 3698228 3696813 genome.dna 568645 570100 NC_002745.gbk
762 51.5 3711890 3712588 genome.dna 1631489 1630802 NC_002745.gbk
275 37.3 3714535 3714188 genome.dna 905159 905519 NC_002745.gbk
1549 52.8 3714803 3716083 genome.dna 1700314 1699027 NC_002745.gbk
357 40.1 3732230 3732727 genome.dna 546555 547032 NC_002745.gbk
674 43.7 3732844 3733638 genome.dna 2680698 2679879 NC_002745.gbk
709 42.0 3733793 3734647 genome.dna 2679887 2679035 NC_002745.gbk
345 48.1 3734665 3735045 genome.dna 2679022 2678650 NC_002745.gbk
555 47.5 3738313 3737777 genome.dna 540087 540627 NC_002745.gbk
221 36.5 3745052 3745459 genome.dna 783109 783508 NC_002745.gbk
1898 42.5 3745456 3747603 genome.dna 783419 785576 NC_002745.gbk
496 39.8 3747628 3748590 genome.dna 785693 786665 NC_002745.gbk
2770 51.6 3762599 3760023 genome.dna 946643 949253 NC_002745.gbk
602 41.0 3764478 3763501 genome.dna 1176465 1177383 NC_002745.gbk
414 53.5 3773009 3772662 genome.dna 1225913 1226264 NC_002745.gbk
726 42.7 3773827 3773072 genome.dna 1225073 1225811 NC_002745.gbk
209 41.9 3774681 3774433 genome.dna 1224107 1224383 NC_002745.gbk
1532 51.2 3776200 3774839 genome.dna 1222305 1223673 NC_002745.gbk
391 41.8 3777786 3777271 genome.dna 2186359 2186830 NC_002745.gbk
229 31.2 3780567 3780001 genome.dna 2374875 2374239 NC_002745.gbk
2082 44.8 3784972 3782345 genome.dna 1649144 1646513 NC_002745.gbk
1416 63.5 3786717 3785644 genome.dna 1280569 1281613 NC_002745.gbk
802 37.0 3889382 3888324 genome.dna 1957984 1956913 NC_002745.gbk
414 34.7 3909216 3909983 genome.dna 2077690 2078476 NC_002745.gbk
595 31.1 3918901 3920391 genome.dna 1964985 1963527 NC_002745.gbk
736 34.8 3921930 3923132 genome.dna 2512998 2511765 NC_002745.gbk
321 33.5 3930070 3930801 genome.dna 14729 15425 NC_002745.gbk
956 45.7 3952362 3953393 genome.dna 482041 483067 NC_002745.gbk
594 38.7 3954101 3954916 genome.dna 877328 878150 NC_002745.gbk
1709 45.0 3956293 3958011 genome.dna 1251910 1253614 NC_002745.gbk
907 55.8 3966155 3966877 genome.dna 1911459 1910730 NC_002745.gbk
1360 36.6 3976444 3974615 genome.dna 2707849 2705968 NC_002745.gbk
241 36.9 3984884 3985300 genome.dna 760351 759931 NC_002745.gbk
1084 39.2 3994559 3995977 genome.dna 1988702 1990082 NC_002745.gbk
1593 57.5 4001743 4000448 genome.dna 837556 838861 NC_002745.gbk
2046 55.6 4003479 4001842 genome.dna 2179405 2177794 NC_002745.gbk
1663 36.8 4007080 4004843 genome.dna 1667826 1665636 NC_002745.gbk
1187 49.3 4012636 4011491 genome.dna 2492276 2493419 NC_002745.gbk
1859 45.1 4027241 4025196 genome.dna 1970498 1968494 NC_002745.gbk
622 46.1 4036522 4035704 genome.dna 731770 730894 NC_002745.gbk
289 34.2 4037132 4037767 genome.dna 1354128 1353519 NC_002745.gbk
1380 40.3 4054763 4056430 genome.dna 214541 212900 NC_002745.gbk
306 40.4 4059399 4059037 genome.dna 279257 278900 NC_002745.gbk
225 30.7 4059979 4059527 genome.dna 20291 20738 NC_002745.gbk
287 58.6 4060248 4060021 genome.dna 412746 412989 NC_002745.gbk
532 38.9 4068636 4067902 genome.dna 572958 573705 NC_002745.gbk
1544 34.7 4071195 4068739 genome.dna 840847 843220 NC_002745.gbk
487 45.0 4079441 4080034 genome.dna 1131654 1132242 NC_002745.gbk
612 31.0 4080027 4081166 genome.dna 1618275 1617150 NC_002745.gbk
188 34.1 4086876 4086421 genome.dna 1030750 1030315 NC_002745.gbk
350 32.4 4102382 4101120 genome.dna 1406728 1407994 NC_002745.gbk
1136 44.6 4114440 4115846 genome.dna 20769 22170 NC_002745.gbk
550 32.4 4115888 4116970 genome.dna 2122934 2121785 NC_002745.gbk
3695 57.3 4139901 4137067 genome.dna 814933 817780 NC_002745.gbk
259 34.6 4140147 4140710 genome.dna 412191 412695 NC_002745.gbk
392 33.3 4199525 4198710 genome.dna 746330 747092 NC_002745.gbk
278 30.8 4215531 4215974 genome.dna 377803 377359 NC_002745.gbk
216 37.1 4215997 4216284 genome.dna 377358 377073 NC_002745.gbk
1619 56.9 4216300 4217559 genome.dna 377059 375712 NC_002745.gbk
1212 44.8 4231793 4230366 genome.dna 1074321 1075728 NC_002745.gbk
549 32.0 4250428 4249388 genome.dna 1334735 1335713 NC_002745.gbk
367 32.8 4250722 4251348 genome.dna 1721193 1720569 NC_002745.gbk
190 30.2 4252799 4252404 genome.dna 2554863 2554470 NC_002745.gbk
935 45.7 4255592 4252890 genome.dna 806410 808942 NC_002745.gbk
1072 46.6 4258960 4257809 genome.dna 1165781 1166954 NC_002745.gbk
612 34.2 4262088 4261168 genome.dna 2140382 2139311 NC_002745.gbk
635 30.4 4267226 4265910 genome.dna 1161546 1162896 NC_002745.gbk
473 43.5 4268312 4267230 genome.dna 1160579 1161545 NC_002745.gbk
774 31.9 4269667 4268306 genome.dna 2139297 2137938 NC_002745.gbk
756 31.6 4271151 4269664 genome.dna 992490 993975 NC_002745.gbk
789 41.1 4274186 4273242 genome.dna 1156722 1157658 NC_002745.gbk
288 32.2 4274647 4274189 genome.dna 1156275 1156707 NC_002745.gbk
1608 43.0 4279582 4277864 genome.dna 2099307 2101077 NC_002745.gbk
1330 41.9 4282166 4283764 genome.dna 2102501 2104031 NC_002745.gbk
1073 46.6 4283764 4284855 genome.dna 2104033 2105080 NC_002745.gbk
1116 55.2 4284858 4286258 genome.dna 2105093 2106464 NC_002745.gbk
608 48.9 4286272 4286874 genome.dna 2106464 2107037 NC_002745.gbk
455 33.6 4319027 4319845 genome.dna 522678 523572 NC_002745.gbk
365 34.8 4323873 4323391 genome.dna 1432385 1431905 NC_002745.gbk
2862 49.3 4330684 4327460 genome.dna 1183130 1186304 NC_002745.gbk
380 44.7 4331847 4330699 genome.dna 1182037 1183138 NC_002745.gbk
282 36.4 4335368 4334856 genome.dna 1175974 1176466 NC_002745.gbk
2535 41.6 4338181 4335368 genome.dna 1171309 1174063 NC_002745.gbk
567 33.8 4339154 4338213 genome.dna 1264718 1265690 NC_002745.gbk
161 38.8 4339580 4339843 genome.dna 1621009 1621261 NC_002745.gbk
1151 46.8 4343498 4342359 genome.dna 1613378 1612238 NC_002745.gbk
1924 54.2 4345514 4343607 genome.dna 1615346 1613513 NC_002745.gbk
1188 37.2 4365488 4367155 genome.dna 768455 770333 NC_002745.gbk
776 41.5 4370220 4371221 genome.dna 2260008 2259000 NC_002745.gbk
393 35.3 4373604 4372945 genome.dna 2393239 2392552 NC_002745.gbk
775 42.9 4379941 4378778 genome.dna 833833 835024 NC_002745.gbk
1978 47.0 4383337 4381343 genome.dna 1338626 1340615 NC_002745.gbk
1166 61.9 4388480 4389631 genome.dna 1844411 1843214 NC_002745.gbk
239 30.0 4391555 4392289 genome.dna 1611295 1610542 NC_002745.gbk
1326 45.4 4398393 4397095 genome.dna 22447 23731 NC_002745.gbk
874 43.3 4402445 4401165 genome.dna 1304039 1305278 NC_002745.gbk
585 34.8 4403893 4402952 genome.dna 1302046 1302982 NC_002745.gbk
1711 53.5 4413004 4411424 genome.dna 422533 421009 NC_002745.gbk
827 62.4 4413698 4413135 genome.dna 423118 422548 NC_002745.gbk
403 30.9 4419630 4418704 genome.dna 1926117 1925166 NC_002745.gbk
403 30.4 4429982 4429287 genome.dna 1153088 1153775 NC_002745.gbk
956 33.8 4442783 4444579 genome.dna 1128025 1129792 NC_002745.gbk
449 39.6 4448185 4447619 genome.dna 1569061 1568503 NC_002745.gbk
420 33.6 4479596 4478769 genome.dna 1629141 1628334 NC_002745.gbk
245 30.8 4482450 4482959 genome.dna 1197819 1198308 NC_002745.gbk
792 40.0 4482986 4483933 genome.dna 1198300 1199236 NC_002745.gbk
236 47.0 4486815 4487225 genome.dna 1346492 1346129 NC_002745.gbk
191 47.9 4488068 4487676 genome.dna 2295094 2294725 NC_002745.gbk
797 41.8 4489098 4488109 genome.dna 2296055 2295110 NC_002745.gbk
558 45.2 4489744 4489124 genome.dna 1760919 1761522 NC_002745.gbk
581 62.0 4490164 4489775 genome.dna 2296519 2296129 NC_002745.gbk
430 51.7 4490537 4490181 genome.dna 2296908 2296542 NC_002745.gbk
173 65.8 4490800 4490684 genome.dna 2297044 2296930 NC_002745.gbk
1025 40.6 4492165 4490834 genome.dna 2299443 2298150 NC_002745.gbk
391 44.4 4492607 4492173 genome.dna 2299883 2299442 NC_002745.gbk
161 45.5 4492790 4492611 genome.dna 2300079 2299899 NC_002745.gbk
609 56.1 4493297 4492797 genome.dna 2300596 2300095 NC_002745.gbk
317 46.2 4493665 4493312 genome.dna 2300976 2300616 NC_002745.gbk
476 44.3 4494208 4493675 genome.dna 2301543 2301006 NC_002745.gbk
431 50.4 4494614 4494222 genome.dna 2301966 2301567 NC_002745.gbk
238 48.5 4494953 4494648 genome.dna 1334309 1334579 NC_002745.gbk
801 61.5 4495506 4494967 genome.dna 2302745 2302205 NC_002745.gbk
328 52.5 4495835 4495521 genome.dna 2303089 2302771 NC_002745.gbk
526 67.5 4496217 4495846 genome.dna 2303493 2303124 NC_002745.gbk
258 48.0 4496635 4496381 genome.dna 2303788 2303524 NC_002745.gbk
153 40.0 4496826 4496635 genome.dna 2304021 2303811 NC_002745.gbk
524 55.2 4497236 4496826 genome.dna 2304445 2304010 NC_002745.gbk
800 56.2 4497950 4497249 genome.dna 2305101 2304447 NC_002745.gbk
349 52.3 4498300 4497968 genome.dna 2305478 2305124 NC_002745.gbk
427 65.2 4498593 4498315 genome.dna 2305785 2305506 NC_002745.gbk
1134 59.4 4499431 4498610 genome.dna 2306685 2305851 NC_002745.gbk
174 38.3 4499751 4499449 genome.dna 2306993 2306717 NC_002745.gbk
480 39.8 4500353 4499748 genome.dna 2307616 2306992 NC_002745.gbk
571 43.5 4500993 4500364 genome.dna 2308305 2307642 NC_002745.gbk
440 65.7 4501337 4501026 genome.dna 2308641 2308332 NC_002745.gbk
2672 58.9 4505956 4503842 genome.dna 588491 590573 NC_002745.gbk
650 59.6 4506523 4506053 genome.dna 587898 588369 NC_002745.gbk
503 66.9 4506994 4506620 genome.dna 587419 587833 NC_002745.gbk
1040 32.2 4523306 4525213 genome.dna 2090306 2092235 NC_002745.gbk
902 38.3 4531124 4529898 genome.dna 210390 209205 NC_002745.gbk
521 42.8 4531820 4531245 genome.dna 761371 761965 NC_002745.gbk
1527 34.5 4546959 4549529 genome.dna 2460402 2457996 NC_002745.gbk
136 30.4 4549526 4549894 genome.dna 2457993 2457678 NC_002745.gbk
1113 52.3 4557783 4556779 genome.dna 970541 969551 NC_002745.gbk
587 42.6 4559154 4558477 genome.dna 1205481 1206126 NC_002745.gbk
658 34.6 4562421 4561336 genome.dna 1505490 1504425 NC_002745.gbk
1649 52.1 4575473 4577092 genome.dna 1844782 1846375 NC_002745.gbk
1336 41.8 4597892 4600225 genome.dna 2117716 2115565 NC_002745.gbk
565 34.0 4622349 4623851 genome.dna 1299243 1300965 NC_002745.gbk
906 33.0 4640126 4641844 genome.dna 304501 306256 NC_002745.gbk
965 35.7 4647455 4646079 genome.dna 2576832 2575473 NC_002745.gbk
1775 56.8 4656105 4657454 genome.dna 383840 382481 NC_002745.gbk
1368 37.5 4664050 4662224 genome.dna 770344 772126 NC_002745.gbk
780 39.8 4665855 4666784 genome.dna 2799252 2798343 NC_002745.gbk
823 50.8 4670140 4669394 genome.dna 401132 400379 NC_002745.gbk
1623 39.3 4672431 4670269 genome.dna 1972694 1970501 NC_002745.gbk
784 42.8 4680620 4681561 genome.dna 1702955 1702028 NC_002745.gbk
400 35.5 4689462 4688920 genome.dna 2461965 2461428 NC_002745.gbk
824 32.5 4690836 4689472 genome.dna 1975261 1973965 NC_002745.gbk
1840 56.9 4694568 4693180 genome.dna 2373124 2371744 NC_002745.gbk
1017 42.8 4703612 4702350 genome.dna 181492 182755 NC_002745.gbk
719 51.8 4704862 4703738 genome.dna 2163372 2162241 NC_002745.gbk
1422 51.8 4708658 4707399 genome.dna 2172026 2170709 NC_002745.gbk
362 51.0 4709479 4709153 genome.dna 1124616 1124931 NC_002745.gbk
1546 48.0 4719117 4720601 genome.dna 1965655 1967194 NC_002745.gbk
1067 44.6 4729969 4728119 genome.dna 2097591 2099280 NC_002745.gbk
448 34.2 4730969 4730043 genome.dna 599247 600324 NC_002745.gbk
939 41.7 4766891 4765731 genome.dna 480604 481747 NC_002745.gbk
603 54.3 4775884 4776414 genome.dna 1242039 1242585 NC_002745.gbk
896 47.4 4776424 4777755 genome.dna 1242650 1244054 NC_002745.gbk
268 38.2 4780345 4781184 genome.dna 1296690 1297509 NC_002745.gbk
2103 61.1 4781238 4782749 genome.dna 1297637 1299134 NC_002745.gbk
628 41.5 4786326 4787093 genome.dna 835145 835907 NC_002745.gbk
975 47.9 4825789 4824827 genome.dna 1736959 1736035 NC_002745.gbk
619 44.7 4829201 4829899 genome.dna 1729372 1728667 NC_002745.gbk
400 43.0 4834867 4834403 genome.dna 1909448 1908977 NC_002745.gbk
433 32.8 4837408 4836659 genome.dna 43716 44460 NC_002745.gbk
1108 48.4 4838481 4837408 genome.dna 244448 245546 NC_002745.gbk
945 33.7 4911222 4909444 genome.dna 239370 241377 NC_002745.gbk
562 32.3 4914105 4915127 genome.dna 290119 291175 NC_002745.gbk
1045 48.7 4926494 4925484 genome.dna 966681 967662 NC_002745.gbk
1609 46.6 4939318 4937906 genome.dna 2796511 2797930 NC_002745.gbk
568 34.9 4951144 4951938 genome.dna 191530 192292 NC_002745.gbk
619 30.9 4962494 4961517 genome.dna 967654 968617 NC_002745.gbk
649 37.9 4964420 4963467 genome.dna 284494 285430 NC_002745.gbk
1995 58.7 4974416 4972974 genome.dna 310016 311453 NC_002745.gbk
1995 58.7 4974416 4972974 genome.dna 310016 311453 NC_002745.gbk
1995 58.7 4974416 4972974 genome.dna 310016 311453 NC_002745.gbk
1157 42.1 4985096 4983699 genome.dna 516 1878 NC_002745.gbk
186 65.1 4985770 4985910 genome.dna 2814602 2814464 NC_002745.gbk
859 33.2 4988276 4989640 genome.dna 2813834 2812454 NC_002745.gbk
1131 42.0 4994663 4993335 genome.dna 2770496 2771735 NC_002745.gbk
1131 42.0 4994663 4993335 genome.dna 2770496 2771735 NC_002745.gbk
1079 40.9 5010680 5009268 genome.dna 2310912 2309577 NC_002745.gbk
492 32.8 5019301 5018414 genome.dna 1392954 1392036 NC_002745.gbk
583 32.0 5026700 5027902 genome.dna 1024357 1023202 NC_002745.gbk
1505 40.9 5049054 5047222 genome.dna 2211888 2210082 NC_002745.gbk
1151 42.3 5050610 5049240 genome.dna 527066 528419 NC_002745.gbk
259 34.1 5053946 5053527 genome.dna 2155579 2155174 NC_002745.gbk
1991 64.8 5055348 5053966 genome.dna 2157011 2155598 NC_002745.gbk
655 36.6 5056259 5055396 genome.dna 2157899 2157032 NC_002745.gbk
1183 54.3 5057853 5056312 genome.dna 2159438 2157929 NC_002745.gbk
169 43.3 5059187 5058948 genome.dna 2160930 2160717 NC_002745.gbk
322 34.1 5060037 5059237 genome.dna 2161701 2160972 NC_002745.gbk
343 32.2 5061686 5061066 genome.dna 2810511 2809791 NC_002745.gbk
2025 51.4 5063659 5061770 genome.dna 2812388 2810510 NC_002745.gbk
777 38.3 310630 309653 genome.dna 6876 5904 NC_003140.gbk
417 36.3 1484840 1484115 genome.dna 19131 19758 NC_003140.gbk
1641 58.7 1862075 1860786 genome.dna 14420 15710 NC_003140.gbk
