500 34.3 24825 25448 genome.dna 470144 470774 NC_004061.gbk
704 55.4 29669 29034 genome.dna 472546 471940 NC_004061.gbk
2892 70.5 37037 38860 genome.dna 472762 474592 NC_004061.gbk
907 65.4 50956 50333 genome.dna 475332 474708 NC_004061.gbk
1224 56.7 59530 61035 genome.dna 621989 620507 NC_004061.gbk
690 43.7 68440 67694 genome.dna 619707 620457 NC_004061.gbk
1286 64.1 98527 99441 genome.dna 143633 142754 NC_004061.gbk
1825 39.4 99451 101520 genome.dna 142789 140650 NC_004061.gbk
1665 51.5 102940 104847 genome.dna 608407 606457 NC_004061.gbk
1087 43.2 104909 106057 genome.dna 606438 605271 NC_004061.gbk
914 63.7 110262 109636 genome.dna 205282 205894 NC_004061.gbk
573 54.1 165569 165111 genome.dna 594333 593853 NC_004061.gbk
333 63.4 167881 168117 genome.dna 88099 87862 NC_004061.gbk
278 70.9 168129 168296 genome.dna 87857 87689 NC_004061.gbk
536 48.4 170854 170375 genome.dna 617469 617967 NC_004061.gbk
286 33.3 191679 192110 genome.dna 57049 57493 NC_004061.gbk
539 50.7 192299 192775 genome.dna 57568 58033 NC_004061.gbk
854 54.0 193935 194756 genome.dna 58126 58879 NC_004061.gbk
1432 64.1 199675 198740 genome.dna 31391 30452 NC_004061.gbk
3329 63.5 199780 202044 genome.dna 31531 33805 NC_004061.gbk
1417 52.6 217581 216430 genome.dna 52305 51159 NC_004061.gbk
1365 58.1 217784 218788 genome.dna 52468 53473 NC_004061.gbk
1067 64.1 218826 219599 genome.dna 53488 54265 NC_004061.gbk
1897 60.1 219661 221034 genome.dna 55539 56919 NC_004061.gbk
1092 47.8 245968 247005 genome.dna 50112 49077 NC_004061.gbk
2391 89.8 250357 251541 genome.dna 562511 561326 NC_004061.gbk
302 33.9 251779 252162 genome.dna 48277 47893 NC_004061.gbk
1038 80.6 252164 252709 genome.dna 47889 47343 NC_004061.gbk
724 73.2 252872 253300 genome.dna 47316 46887 NC_004061.gbk
980 61.7 253304 254008 genome.dna 46886 46190 NC_004061.gbk
574 50.9 254326 254823 genome.dna 45943 45445 NC_004061.gbk
525 72.1 254890 255255 genome.dna 45396 45006 NC_004061.gbk
7457 83.1 255584 259612 genome.dna 44801 40772 NC_004061.gbk
7924 85.7 259736 263959 genome.dna 40704 36462 NC_004061.gbk
382 65.6 277924 278196 genome.dna 35993 35720 NC_004061.gbk
1911 55.0 281849 280260 genome.dna 35579 33998 NC_004061.gbk
372 57.6 300274 299978 genome.dna 438142 437842 NC_004061.gbk
576 57.5 307589 307137 genome.dna 437282 437738 NC_004061.gbk
2021 61.2 321945 323390 genome.dna 437134 435682 NC_004061.gbk
1486 49.3 331816 333156 genome.dna 91920 93264 NC_004061.gbk
252 38.8 345645 345899 genome.dna 426285 426528 NC_004061.gbk
1647 56.8 345980 347242 genome.dna 426563 427817 NC_004061.gbk
642 64.1 352201 352629 genome.dna 430597 430156 NC_004061.gbk
633 72.3 352645 353037 genome.dna 430140 429747 NC_004061.gbk
988 52.9 372605 373492 genome.dna 94594 93736 NC_004061.gbk
393 43.8 431880 431494 genome.dna 409461 409848 NC_004061.gbk
610 61.5 432443 431979 genome.dna 408943 409399 NC_004061.gbk
1441 69.8 433394 432459 genome.dna 408000 408936 NC_004061.gbk
1377 58.8 435364 434357 genome.dna 406815 407832 NC_004061.gbk
3854 57.9 460910 458055 genome.dna 405063 402180 NC_004061.gbk
1756 51.6 463248 461737 genome.dna 406645 405136 NC_004061.gbk
442 37.1 526894 527520 genome.dna 448719 448119 NC_004061.gbk
2215 60.8 533382 534971 genome.dna 578999 577409 NC_004061.gbk
497 77.1 697176 697469 genome.dna 18274 18565 NC_004061.gbk
2903 83.1 697515 699164 genome.dna 18622 20269 NC_004061.gbk
725 36.5 726542 725589 genome.dna 180193 181126 NC_004061.gbk
3229 80.7 753122 751287 genome.dna 60901 59047 NC_004061.gbk
1895 47.9 755031 753277 genome.dna 62754 61014 NC_004061.gbk
425 88.7 755400 755185 genome.dna 63048 62832 NC_004061.gbk
1222 55.0 755628 756641 genome.dna 63280 64294 NC_004061.gbk
408 56.9 761608 761919 genome.dna 427916 428240 NC_004061.gbk
425 75.9 761939 762196 genome.dna 428246 428501 NC_004061.gbk
1427 56.5 763509 764681 genome.dna 428638 429640 NC_004061.gbk
704 64.5 766454 766933 genome.dna 425894 425414 NC_004061.gbk
770 50.7 767499 768128 genome.dna 425352 424731 NC_004061.gbk
3437 84.8 768185 770122 genome.dna 424666 422824 NC_004061.gbk
2281 71.6 777751 779280 genome.dna 420411 418923 NC_004061.gbk
2992 56.0 779306 782008 genome.dna 418907 416303 NC_004061.gbk
336 45.7 782083 782481 genome.dna 416245 415870 NC_004061.gbk
999 48.8 782481 783425 genome.dna 415848 414909 NC_004061.gbk
350 58.4 783547 783816 genome.dna 414808 414538 NC_004061.gbk
3410 74.2 784066 786186 genome.dna 414265 412141 NC_004061.gbk
2263 71.4 787369 789282 genome.dna 411720 409914 NC_004061.gbk
1673 58.4 797270 798493 genome.dna 577380 576150 NC_004061.gbk
909 54.9 798538 799257 genome.dna 576117 575406 NC_004061.gbk
824 36.9 803587 804633 genome.dna 365091 366102 NC_004061.gbk
796 40.1 832101 831100 genome.dna 476369 475409 NC_004061.gbk
1990 57.5 844582 846099 genome.dna 477624 479136 NC_004061.gbk
461 45.2 927840 927358 genome.dna 281801 282293 NC_004061.gbk
274 47.7 928432 928713 genome.dna 281679 281391 NC_004061.gbk
1288 65.8 932060 931182 genome.dna 202047 202926 NC_004061.gbk
336 33.5 932209 932796 genome.dna 280778 281387 NC_004061.gbk
1296 61.7 956604 955654 genome.dna 96081 97032 NC_004061.gbk
675 62.7 994093 993584 genome.dna 69050 68546 NC_004061.gbk
2456 64.9 995970 994243 genome.dna 70818 69105 NC_004061.gbk
367 65.9 996273 996016 genome.dna 71219 70961 NC_004061.gbk
1486 70.8 997695 996727 genome.dna 72326 71357 NC_004061.gbk
987 67.8 1002298 1002951 genome.dna 64978 64336 NC_004061.gbk
310 56.4 1085958 1085686 genome.dna 589914 590151 NC_004061.gbk
1134 44.7 1087061 1085955 genome.dna 588845 589889 NC_004061.gbk
712 43.6 1087227 1087946 genome.dna 588737 588017 NC_004061.gbk
1362 67.4 1100443 1101237 genome.dna 481373 482168 NC_004061.gbk
2358 36.5 1109886 1113512 genome.dna 498482 502022 NC_004061.gbk
1088 30.1 1113509 1115371 genome.dna 502033 503842 NC_004061.gbk
2187 74.1 1119387 1118062 genome.dna 505191 503862 NC_004061.gbk
1176 46.7 1121679 1122809 genome.dna 505592 506693 NC_004061.gbk
920 50.4 1143476 1142628 genome.dna 330707 329918 NC_004061.gbk
1208 62.6 1150402 1149575 genome.dna 255247 254425 NC_004061.gbk
1131 61.6 1154052 1153258 genome.dna 256082 255296 NC_004061.gbk
1223 81.0 1154397 1155122 genome.dna 256369 257104 NC_004061.gbk
880 49.1 1155257 1156108 genome.dna 257145 257949 NC_004061.gbk
1003 60.7 1156279 1157004 genome.dna 258046 258769 NC_004061.gbk
648 53.6 1157130 1157687 genome.dna 258818 259376 NC_004061.gbk
1429 52.9 1157925 1159121 genome.dna 259480 260677 NC_004061.gbk
917 54.6 1159320 1160081 genome.dna 260727 261477 NC_004061.gbk
1351 37.5 1162361 1164805 genome.dna 261669 264069 NC_004061.gbk
537 46.6 1166572 1167027 genome.dna 264144 264603 NC_004061.gbk
4258 54.9 1169670 1173152 genome.dna 264634 268120 NC_004061.gbk
1064 37.1 1174650 1175972 genome.dna 117359 116021 NC_004061.gbk
2729 50.8 1180703 1178139 genome.dna 469984 467566 NC_004061.gbk
864 60.0 1270601 1269999 genome.dna 200514 199917 NC_004061.gbk
1243 50.4 1271755 1272822 genome.dna 138017 139091 NC_004061.gbk
1656 63.1 1272920 1274065 genome.dna 139147 140254 NC_004061.gbk
431 56.4 1274175 1274507 genome.dna 140288 140621 NC_004061.gbk
537 50.6 1280201 1280677 genome.dna 506723 507203 NC_004061.gbk
563 57.4 1280702 1281121 genome.dna 509329 509758 NC_004061.gbk
1025 48.3 1281190 1282170 genome.dna 507206 508178 NC_004061.gbk
1580 59.4 1284598 1282733 genome.dna 511542 509784 NC_004061.gbk
852 45.8 1285528 1284617 genome.dna 512446 511561 NC_004061.gbk
1014 41.5 1291078 1289714 genome.dna 513703 512542 NC_004061.gbk
863 47.2 1292157 1291267 genome.dna 514965 514110 NC_004061.gbk
310 40.9 1292504 1292172 genome.dna 515322 514995 NC_004061.gbk
597 48.1 1293119 1292505 genome.dna 515891 515321 NC_004061.gbk
3417 72.3 1295100 1293109 genome.dna 517867 515887 NC_004061.gbk
1003 51.2 1296067 1295105 genome.dna 518779 517906 NC_004061.gbk
181 32.3 1298919 1299233 genome.dna 519107 519443 NC_004061.gbk
956 72.3 1301367 1301990 genome.dna 521152 521746 NC_004061.gbk
1951 69.4 1302154 1303428 genome.dna 521831 523115 NC_004061.gbk
3998 76.8 1303620 1306001 genome.dna 523304 525638 NC_004061.gbk
1239 32.0 1306869 1308749 genome.dna 525740 527606 NC_004061.gbk
742 45.8 1310544 1309849 genome.dna 528360 527661 NC_004061.gbk
2381 59.5 1312639 1314408 genome.dna 528590 530336 NC_004061.gbk
2199 56.2 1314401 1316176 genome.dna 530359 532102 NC_004061.gbk
581 75.9 1332403 1332732 genome.dna 533551 533881 NC_004061.gbk
2633 62.0 1333507 1335396 genome.dna 533995 535873 NC_004061.gbk
702 47.4 1335658 1336302 genome.dna 535945 536590 NC_004061.gbk
1904 70.7 1359784 1358654 genome.dna 193912 192781 NC_004061.gbk
3865 73.8 1362181 1359896 genome.dna 196254 193962 NC_004061.gbk
2097 67.5 1363499 1366138 genome.dna 198832 196354 NC_004061.gbk
644 61.7 1433876 1433409 genome.dna 101885 102362 NC_004061.gbk
1341 68.0 1434853 1435731 genome.dna 101547 100662 NC_004061.gbk
1506 54.8 1466359 1465232 genome.dna 99142 100297 NC_004061.gbk
417 95.5 1468125 1468334 genome.dna 539844 539634 NC_004061.gbk
1284 60.3 1470427 1469462 genome.dna 295765 296725 NC_004061.gbk
648 44.6 1471338 1470655 genome.dna 294986 295643 NC_004061.gbk
379 60.9 1471750 1471487 genome.dna 539291 539555 NC_004061.gbk
557 38.0 1479078 1478437 genome.dna 488854 489505 NC_004061.gbk
3309 52.1 1483266 1480684 genome.dna 485212 487798 NC_004061.gbk
1274 65.1 1490240 1489362 genome.dna 484099 484975 NC_004061.gbk
1908 62.8 1493774 1492350 genome.dna 482211 483531 NC_004061.gbk
2300 58.5 1504627 1506285 genome.dna 450030 451734 NC_004061.gbk
661 58.2 1507655 1507128 genome.dna 331316 330851 NC_004061.gbk
977 54.7 1530248 1530991 genome.dna 333043 333787 NC_004061.gbk
2968 48.7 1540513 1543320 genome.dna 333884 336656 NC_004061.gbk
1153 53.9 1543336 1544562 genome.dna 336667 337849 NC_004061.gbk
981 59.1 1563766 1563014 genome.dna 338020 338713 NC_004061.gbk
942 41.2 1587226 1588224 genome.dna 322601 321599 NC_004061.gbk
779 61.6 1600255 1600836 genome.dna 113674 114256 NC_004061.gbk
2088 66.1 1638449 1639855 genome.dna 112091 113513 NC_004061.gbk
1118 44.4 1945543 1946694 genome.dna 270066 271212 NC_004061.gbk
2856 61.2 1946687 1948771 genome.dna 271186 273292 NC_004061.gbk
442 30.9 1950810 1950142 genome.dna 371693 371024 NC_004061.gbk
325 43.1 1950974 1951390 genome.dna 371944 372346 NC_004061.gbk
497 56.6 1951419 1951823 genome.dna 372350 372761 NC_004061.gbk
574 42.6 1951839 1952513 genome.dna 372772 373453 NC_004061.gbk
817 35.5 1952589 1953806 genome.dna 373508 374738 NC_004061.gbk
550 36.3 1953828 1954583 genome.dna 374751 375513 NC_004061.gbk
1261 74.6 1954611 1955393 genome.dna 375528 376311 NC_004061.gbk
828 57.3 1955568 1956287 genome.dna 376388 377105 NC_004061.gbk
1173 50.0 1956304 1957413 genome.dna 377280 378408 NC_004061.gbk
778 44.2 1962314 1961529 genome.dna 86784 87561 NC_004061.gbk
357 62.5 1962586 1962317 genome.dna 86512 86785 NC_004061.gbk
1658 56.2 1968985 1967612 genome.dna 80867 82235 NC_004061.gbk
743 38.2 1970689 1969697 genome.dna 79220 80216 NC_004061.gbk
900 34.7 1972410 1970686 genome.dna 77553 79224 NC_004061.gbk
232 35.4 1972671 1972985 genome.dna 77377 77071 NC_004061.gbk
446 33.8 2001616 2000516 genome.dna 367643 366599 NC_004061.gbk
385 51.5 2011254 2010925 genome.dna 513762 514107 NC_004061.gbk
1093 48.9 2029109 2030257 genome.dna 402171 401232 NC_004061.gbk
1227 51.5 2034173 2033130 genome.dna 369491 370541 NC_004061.gbk
1057 51.4 2038594 2039550 genome.dna 383733 384678 NC_004061.gbk
270 72.2 2040877 2041047 genome.dna 384781 384946 NC_004061.gbk
769 39.3 2043101 2044030 genome.dna 385043 385976 NC_004061.gbk
876 55.1 2044045 2044779 genome.dna 385983 386718 NC_004061.gbk
304 57.7 2044934 2045170 genome.dna 386788 387028 NC_004061.gbk
684 50.7 2048443 2049102 genome.dna 387084 387726 NC_004061.gbk
813 35.5 2049102 2050112 genome.dna 387722 388709 NC_004061.gbk
844 47.5 2050132 2050929 genome.dna 388744 389539 NC_004061.gbk
2321 69.1 2051245 2052678 genome.dna 389596 391030 NC_004061.gbk
406 46.8 2055442 2055792 genome.dna 391111 391459 NC_004061.gbk
863 30.5 2070545 2071747 genome.dna 325579 326779 NC_004061.gbk
734 51.8 2071740 2072447 genome.dna 326771 327461 NC_004061.gbk
1557 65.2 2101027 2099981 genome.dna 129782 130829 NC_004061.gbk
1310 53.2 2107755 2106565 genome.dna 128276 129371 NC_004061.gbk
368 39.1 2112446 2112817 genome.dna 128049 127659 NC_004061.gbk
710 53.3 2181519 2182154 genome.dna 117604 118231 NC_004061.gbk
512 71.9 2186467 2186817 genome.dna 203858 204182 NC_004061.gbk
944 62.6 2187600 2186929 genome.dna 204950 204290 NC_004061.gbk
1538 53.5 2192856 2194133 genome.dna 126367 127636 NC_004061.gbk
931 67.5 2203467 2202874 genome.dna 297654 298245 NC_004061.gbk
737 49.8 2216576 2217319 genome.dna 296819 297530 NC_004061.gbk
2540 55.8 2224700 2222766 genome.dna 292268 294209 NC_004061.gbk
880 48.6 2239913 2239125 genome.dna 291292 292075 NC_004061.gbk
1391 55.4 2487322 2486231 genome.dna 206654 207743 NC_004061.gbk
583 47.8 2488039 2487452 genome.dna 206032 206581 NC_004061.gbk
1833 88.9 2489732 2488785 genome.dna 184008 183060 NC_004061.gbk
895 47.5 2490742 2489870 genome.dna 184956 184077 NC_004061.gbk
1502 59.5 2492889 2493971 genome.dna 185287 186373 NC_004061.gbk
766 44.2 2493971 2494816 genome.dna 186369 187197 NC_004061.gbk
1140 59.1 2495226 2496035 genome.dna 187361 188171 NC_004061.gbk
1348 49.7 2559536 2560804 genome.dna 623319 622077 NC_004061.gbk
690 50.0 2580340 2580921 genome.dna 118265 118847 NC_004061.gbk
528 43.8 2580921 2581499 genome.dna 118849 119356 NC_004061.gbk
1023 44.9 2583574 2584629 genome.dna 121036 122086 NC_004061.gbk
492 39.2 2584640 2585269 genome.dna 122082 122691 NC_004061.gbk
690 50.2 2585266 2585973 genome.dna 122707 123379 NC_004061.gbk
772 54.3 2585970 2586605 genome.dna 123386 124016 NC_004061.gbk
3112 53.2 2593132 2590532 genome.dna 309635 312197 NC_004061.gbk
1070 50.3 2594839 2593787 genome.dna 308451 309480 NC_004061.gbk
777 45.9 2597527 2596643 genome.dna 307631 308405 NC_004061.gbk
1089 48.9 2605113 2606180 genome.dna 306521 305513 NC_004061.gbk
1626 54.4 2606188 2607555 genome.dna 305512 304156 NC_004061.gbk
1997 74.4 2607572 2608762 genome.dna 304119 302919 NC_004061.gbk
971 54.3 2608762 2609568 genome.dna 302933 302117 NC_004061.gbk
620 48.5 2619430 2619996 genome.dna 301234 300700 NC_004061.gbk
641 69.8 2620019 2620441 genome.dna 300659 300251 NC_004061.gbk
2172 63.6 2624113 2625573 genome.dna 299892 298431 NC_004061.gbk
1594 70.6 2654735 2655739 genome.dna 328784 329783 NC_004061.gbk
455 47.3 2678460 2679146 genome.dna 364846 364117 NC_004061.gbk
1427 81.0 2679167 2679979 genome.dna 364093 363280 NC_004061.gbk
409 74.7 2679983 2680252 genome.dna 363278 363026 NC_004061.gbk
588 40.5 2685383 2684682 genome.dna 362212 362845 NC_004061.gbk
2200 65.0 2696737 2695181 genome.dna 360591 362139 NC_004061.gbk
1056 60.5 2724246 2725070 genome.dna 188996 188189 NC_004061.gbk
431 69.9 2728844 2728548 genome.dna 137639 137942 NC_004061.gbk
2004 39.8 2731236 2728849 genome.dna 135238 137635 NC_004061.gbk
1326 57.7 2732234 2731251 genome.dna 134239 135229 NC_004061.gbk
613 78.6 2732903 2732547 genome.dna 133728 134085 NC_004061.gbk
309 75.0 2733144 2732947 genome.dna 133489 133687 NC_004061.gbk
1018 86.0 2733782 2733240 genome.dna 132878 133418 NC_004061.gbk
2681 57.4 2735713 2733785 genome.dna 130946 132875 NC_004061.gbk
1323 66.1 2741372 2740491 genome.dna 358927 359806 NC_004061.gbk
1409 56.7 2757088 2758194 genome.dna 287919 289023 NC_004061.gbk
1916 61.0 2759027 2760397 genome.dna 289172 290543 NC_004061.gbk
1911 55.4 2794931 2793456 genome.dna 357258 358731 NC_004061.gbk
2190 69.9 2796565 2798007 genome.dna 356981 355535 NC_004061.gbk
529 35.0 2801608 2800607 genome.dna 353304 354258 NC_004061.gbk
945 57.6 2801685 2802443 genome.dna 353241 352524 NC_004061.gbk
836 48.8 2802440 2803225 genome.dna 352503 351717 NC_004061.gbk
2137 51.7 2813755 2811956 genome.dna 349956 351711 NC_004061.gbk
2067 51.6 2835515 2837245 genome.dna 275139 273396 NC_004061.gbk
1668 47.3 2838878 2837343 genome.dna 369345 367800 NC_004061.gbk
1396 43.3 2854450 2852540 genome.dna 399432 401211 NC_004061.gbk
2295 47.5 2856571 2854454 genome.dna 397314 399408 NC_004061.gbk
1276 55.7 2859653 2858643 genome.dna 396170 397181 NC_004061.gbk
1713 60.9 2862696 2863901 genome.dna 395894 394697 NC_004061.gbk
2074 60.1 2864092 2865492 genome.dna 394631 393230 NC_004061.gbk
558 37.0 2865788 2866900 genome.dna 393094 391984 NC_004061.gbk
426 65.6 2890870 2890553 genome.dna 592520 592826 NC_004061.gbk
1374 43.8 2895155 2896582 genome.dna 592435 590974 NC_004061.gbk
1435 73.6 2916384 2917283 genome.dna 104584 105484 NC_004061.gbk
1563 53.6 2917289 2918617 genome.dna 105491 106799 NC_004061.gbk
1348 54.0 2918614 2919687 genome.dna 106795 107863 NC_004061.gbk
1391 55.8 2919703 2920770 genome.dna 107889 108957 NC_004061.gbk
744 52.8 2920770 2921360 genome.dna 108957 109551 NC_004061.gbk
858 49.2 2921367 2922104 genome.dna 109557 110292 NC_004061.gbk
1258 69.4 2922086 2922862 genome.dna 110273 111050 NC_004061.gbk
726 55.1 2922856 2923488 genome.dna 111043 111667 NC_004061.gbk
418 64.8 2923933 2923649 genome.dna 341898 341616 NC_004061.gbk
2853 77.9 2925698 2924025 genome.dna 343617 341937 NC_004061.gbk
1813 62.4 2928002 2926713 genome.dna 345725 344438 NC_004061.gbk
1512 58.4 2929170 2928085 genome.dna 346875 345789 NC_004061.gbk
1715 59.6 2975613 2974318 genome.dna 348193 346909 NC_004061.gbk
1360 60.5 2982496 2983455 genome.dna 348468 349428 NC_004061.gbk
429 88.9 2988043 2988261 genome.dna 349546 349765 NC_004061.gbk
809 56.7 3046334 3045672 genome.dna 143816 144473 NC_004061.gbk
1190 61.7 3065575 3066420 genome.dna 144619 145459 NC_004061.gbk
302 50.0 3086967 3087251 genome.dna 145503 145794 NC_004061.gbk
1549 64.9 3166099 3165062 genome.dna 320195 319166 NC_004061.gbk
1785 56.4 3166195 3167499 genome.dna 320275 321574 NC_004061.gbk
1489 45.8 3372145 3370688 genome.dna 178666 180127 NC_004061.gbk
1829 51.9 3373687 3372152 genome.dna 177129 178635 NC_004061.gbk
1958 48.0 3375638 3373788 genome.dna 175197 177045 NC_004061.gbk
479 75.0 3375937 3375635 genome.dna 174898 175201 NC_004061.gbk
605 55.8 3376497 3375934 genome.dna 174364 174856 NC_004061.gbk
901 67.8 3377049 3376507 genome.dna 173807 174350 NC_004061.gbk
1498 66.0 3378041 3377067 genome.dna 172817 173786 NC_004061.gbk
3357 51.7 3380764 3378038 genome.dna 170088 172821 NC_004061.gbk
2156 71.7 3382301 3380952 genome.dna 168673 170017 NC_004061.gbk
644 60.6 3382843 3382298 genome.dna 168170 168677 NC_004061.gbk
3099 75.7 3384645 3382846 genome.dna 166374 168168 NC_004061.gbk
1104 70.1 3385418 3384744 genome.dna 165597 166269 NC_004061.gbk
476 57.7 3385876 3385436 genome.dna 165159 165540 NC_004061.gbk
1544 56.6 3395711 3396913 genome.dna 189117 190329 NC_004061.gbk
1823 42.7 3396993 3399131 genome.dna 190382 192512 NC_004061.gbk
1172 45.7 3412525 3411257 genome.dna 181236 182493 NC_004061.gbk
900 50.0 3415469 3414618 genome.dna 216322 217114 NC_004061.gbk
1676 61.1 3421622 3420405 genome.dna 94714 95938 NC_004061.gbk
1782 72.6 3427528 3426443 genome.dna 103527 102465 NC_004061.gbk
529 44.3 3428721 3429263 genome.dna 103729 104260 NC_004061.gbk
1258 63.4 3516455 3517318 genome.dna 536829 537687 NC_004061.gbk
1636 50.2 3519048 3517663 genome.dna 539097 537705 NC_004061.gbk
831 42.8 3599984 3598497 genome.dna 640402 639040 NC_004061.gbk
313 30.3 3601941 3601321 genome.dna 641021 640436 NC_004061.gbk
1469 49.2 3603229 3601955 genome.dna 315533 316820 NC_004061.gbk
1608 64.8 3604488 3603367 genome.dna 314385 315489 NC_004061.gbk
1372 58.4 3607701 3606505 genome.dna 313180 314272 NC_004061.gbk
463 58.6 3616630 3616295 genome.dna 638704 639040 NC_004061.gbk
1617 42.5 3618482 3616632 genome.dna 636875 638705 NC_004061.gbk
323 32.1 3619075 3618557 genome.dna 636347 636845 NC_004061.gbk
721 84.9 3619938 3619552 genome.dna 635862 636249 NC_004061.gbk
1975 72.5 3621177 3619963 genome.dna 634609 635824 NC_004061.gbk
670 40.3 3622920 3623723 genome.dna 313017 312207 NC_004061.gbk
1984 67.8 3635387 3634134 genome.dna 316891 318145 NC_004061.gbk
464 48.0 3651787 3651263 genome.dna 282302 282758 NC_004061.gbk
426 50.4 3680225 3679845 genome.dna 283164 282783 NC_004061.gbk
779 42.9 3682691 3681786 genome.dna 284094 283257 NC_004061.gbk
1086 74.3 3683368 3682688 genome.dna 284771 284090 NC_004061.gbk
935 46.1 3684626 3683661 genome.dna 285847 284908 NC_004061.gbk
2886 69.7 3686442 3684643 genome.dna 287669 285863 NC_004061.gbk
1732 54.1 3698228 3696813 genome.dna 75094 76552 NC_004061.gbk
1800 60.7 3709959 3708493 genome.dna 252940 254377 NC_004061.gbk
600 37.1 3711890 3712588 genome.dna 232787 232079 NC_004061.gbk
480 59.4 3714535 3714188 genome.dna 233209 232864 NC_004061.gbk
762 72.2 3729128 3729583 genome.dna 216016 215560 NC_004061.gbk
1065 58.2 3732844 3733638 genome.dna 215462 214670 NC_004061.gbk
830 44.8 3733793 3734647 genome.dna 214655 213797 NC_004061.gbk
811 67.8 3738313 3737777 genome.dna 213255 213789 NC_004061.gbk
1145 54.2 3742499 3743362 genome.dna 231857 230996 NC_004061.gbk
1308 71.7 3743408 3744202 genome.dna 230969 230162 NC_004061.gbk
817 51.3 3749695 3748958 genome.dna 278599 279304 NC_004061.gbk
652 56.6 3749751 3750215 genome.dna 278556 278070 NC_004061.gbk
792 45.4 3750989 3751744 genome.dna 278047 277294 NC_004061.gbk
1008 51.2 3764478 3763501 genome.dna 439233 438285 NC_004061.gbk
488 33.8 3764613 3765347 genome.dna 439398 440130 NC_004061.gbk
1390 53.3 3766362 3767522 genome.dna 430933 432091 NC_004061.gbk
594 76.3 3773009 3772662 genome.dna 435239 435587 NC_004061.gbk
1005 56.2 3773827 3773072 genome.dna 434412 435201 NC_004061.gbk
516 40.7 3774414 3773866 genome.dna 433894 434422 NC_004061.gbk
302 59.2 3774681 3774433 genome.dna 433640 433898 NC_004061.gbk
1768 57.8 3776200 3774839 genome.dna 432203 433556 NC_004061.gbk
1695 48.5 3779493 3777940 genome.dna 443648 445205 NC_004061.gbk
343 91.7 3782025 3781840 genome.dna 443029 443212 NC_004061.gbk
2929 48.5 3784972 3782345 genome.dna 440180 442832 NC_004061.gbk
731 71.5 3886357 3885899 genome.dna 280217 280682 NC_004061.gbk
788 63.2 3893814 3893233 genome.dna 279529 280114 NC_004061.gbk
1968 49.7 3956293 3958011 genome.dna 269855 268139 NC_004061.gbk
582 50.0 3963052 3962555 genome.dna 457645 457141 NC_004061.gbk
771 51.1 3963804 3963091 genome.dna 458371 457660 NC_004061.gbk
753 53.7 3967961 3967344 genome.dna 459287 458651 NC_004061.gbk
2013 49.1 3976444 3974615 genome.dna 467446 465637 NC_004061.gbk
592 61.3 3984884 3985300 genome.dna 455983 455620 NC_004061.gbk
812 48.2 3986036 3985365 genome.dna 454945 455605 NC_004061.gbk
1927 68.8 4001743 4000448 genome.dna 453543 454848 NC_004061.gbk
2600 69.1 4003479 4001842 genome.dna 451889 453551 NC_004061.gbk
1174 43.3 4034399 4035643 genome.dna 66444 67683 NC_004061.gbk
824 42.3 4036522 4035704 genome.dna 68484 67689 NC_004061.gbk
809 63.2 4039680 4040210 genome.dna 91736 91193 NC_004061.gbk
499 51.7 4059979 4059527 genome.dna 595615 595162 NC_004061.gbk
439 86.7 4060248 4060021 genome.dna 595899 595671 NC_004061.gbk
495 60.2 4060971 4060579 genome.dna 596304 595962 NC_004061.gbk
2573 52.7 4071195 4068739 genome.dna 598657 596476 NC_004061.gbk
566 39.6 4076900 4077613 genome.dna 586162 586852 NC_004061.gbk
1276 47.3 4080027 4081166 genome.dna 586880 588011 NC_004061.gbk
1772 60.8 4102382 4101120 genome.dna 479203 480451 NC_004061.gbk
2354 76.5 4114440 4115846 genome.dna 583184 584582 NC_004061.gbk
1861 56.9 4231793 4230366 genome.dna 228644 230075 NC_004061.gbk
4508 73.4 4236582 4233919 genome.dna 224712 227379 NC_004061.gbk
1738 73.3 4250428 4249388 genome.dna 223436 224486 NC_004061.gbk
548 39.1 4250722 4251348 genome.dna 223287 222654 NC_004061.gbk
3673 64.5 4255592 4252890 genome.dna 219582 222207 NC_004061.gbk
1987 79.7 4258960 4257809 genome.dna 234638 233483 NC_004061.gbk
1690 56.9 4260285 4259029 genome.dna 235942 234685 NC_004061.gbk
1007 46.4 4262088 4261168 genome.dna 237208 236287 NC_004061.gbk
1215 46.6 4264711 4263620 genome.dna 239771 238706 NC_004061.gbk
1547 61.9 4265910 4264708 genome.dna 240833 239771 NC_004061.gbk
1408 47.0 4267226 4265910 genome.dna 242241 240918 NC_004061.gbk
2225 57.3 4272901 4271138 genome.dna 247878 246171 NC_004061.gbk
1059 51.9 4274186 4273242 genome.dna 249136 248197 NC_004061.gbk
726 66.5 4277861 4277370 genome.dna 249785 249308 NC_004061.gbk
2868 72.0 4279582 4277864 genome.dna 251505 249789 NC_004061.gbk
951 53.3 4304965 4304195 genome.dna 146599 145840 NC_004061.gbk
848 32.1 4316738 4318033 genome.dna 146861 148160 NC_004061.gbk
818 46.8 4319027 4319845 genome.dna 148227 149052 NC_004061.gbk
1013 48.0 4320238 4321083 genome.dna 149081 149903 NC_004061.gbk
505 47.8 4323873 4323391 genome.dna 150423 149937 NC_004061.gbk
5425 74.6 4330684 4327460 genome.dna 153737 150503 NC_004061.gbk
1689 65.7 4331847 4330699 genome.dna 154908 153750 NC_004061.gbk
816 43.5 4333114 4332293 genome.dna 155867 155045 NC_004061.gbk
1161 54.5 4334402 4333452 genome.dna 156821 155879 NC_004061.gbk
448 40.7 4335368 4334856 genome.dna 157365 156894 NC_004061.gbk
3694 54.5 4338181 4335368 genome.dna 160178 157361 NC_004061.gbk
910 42.8 4339154 4338213 genome.dna 161145 160206 NC_004061.gbk
342 63.2 4339580 4339843 genome.dna 161308 161578 NC_004061.gbk
1850 69.7 4343498 4342359 genome.dna 162771 161634 NC_004061.gbk
3332 81.0 4345514 4343607 genome.dna 164790 162873 NC_004061.gbk
1876 65.8 4353827 4352538 genome.dna 209090 207800 NC_004061.gbk
1345 59.5 4354760 4353831 genome.dna 210023 209093 NC_004061.gbk
2814 52.1 4357222 4354763 genome.dna 212487 210042 NC_004061.gbk
902 59.9 4373604 4372945 genome.dna 449448 448788 NC_004061.gbk
1079 57.2 4377440 4376580 genome.dna 494420 495272 NC_004061.gbk
1609 62.8 4378640 4377564 genome.dna 493143 494223 NC_004061.gbk
1522 59.7 4379941 4378778 genome.dna 491927 493094 NC_004061.gbk
3050 64.8 4383337 4381343 genome.dna 97082 99080 NC_004061.gbk
2038 79.8 4388480 4389631 genome.dna 446465 445325 NC_004061.gbk
661 42.4 4391555 4392289 genome.dna 447382 448123 NC_004061.gbk
1322 60.1 4392301 4393260 genome.dna 584744 585707 NC_004061.gbk
473 52.3 4393907 4394326 genome.dna 585684 586131 NC_004061.gbk
1754 60.0 4398393 4397095 genome.dna 600097 598804 NC_004061.gbk
745 60.6 4399815 4398820 genome.dna 601061 600137 NC_004061.gbk
1403 52.7 4401072 4399819 genome.dna 602302 601066 NC_004061.gbk
955 30.5 4405841 4403886 genome.dna 605225 603476 NC_004061.gbk
674 54.8 4435345 4434803 genome.dna 610368 610923 NC_004061.gbk
731 58.0 4448185 4447619 genome.dna 21428 21992 NC_004061.gbk
1218 52.4 4448227 4449270 genome.dna 21403 20389 NC_004061.gbk
2422 63.5 4451372 4449723 genome.dna 610238 608570 NC_004061.gbk
794 46.1 4479596 4478769 genome.dna 544490 543668 NC_004061.gbk
541 48.3 4481228 4480755 genome.dna 545553 545079 NC_004061.gbk
650 58.2 4482450 4482959 genome.dna 545790 546294 NC_004061.gbk
979 46.3 4482986 4483933 genome.dna 546329 547274 NC_004061.gbk
570 68.8 4488068 4487676 genome.dna 547813 547396 NC_004061.gbk
1868 86.0 4489098 4488109 genome.dna 548857 547867 NC_004061.gbk
1094 78.2 4489744 4489124 genome.dna 549506 548885 NC_004061.gbk
793 89.2 4490164 4489775 genome.dna 549924 549531 NC_004061.gbk
564 74.6 4490537 4490181 genome.dna 550298 549941 NC_004061.gbk
214 78.9 4490800 4490684 genome.dna 550527 550410 NC_004061.gbk
2146 73.5 4492165 4490834 genome.dna 551880 550560 NC_004061.gbk
634 65.7 4492607 4492173 genome.dna 552325 551890 NC_004061.gbk
267 64.9 4492790 4492611 genome.dna 552509 552329 NC_004061.gbk
873 81.4 4493297 4492797 genome.dna 553021 552517 NC_004061.gbk
431 60.9 4493665 4493312 genome.dna 553402 553036 NC_004061.gbk
776 64.0 4494208 4493675 genome.dna 553979 553403 NC_004061.gbk
616 69.2 4494614 4494222 genome.dna 554343 553950 NC_004061.gbk
545 81.2 4494953 4494648 genome.dna 554679 554373 NC_004061.gbk
968 78.8 4495506 4494967 genome.dna 555236 554696 NC_004061.gbk
505 70.2 4495835 4495521 genome.dna 555566 555251 NC_004061.gbk
698 88.6 4496217 4495846 genome.dna 555958 555589 NC_004061.gbk
439 73.8 4496635 4496381 genome.dna 556344 556089 NC_004061.gbk
224 60.7 4496826 4496635 genome.dna 556538 556340 NC_004061.gbk
791 86.8 4497236 4496826 genome.dna 556948 556537 NC_004061.gbk
1280 83.3 4497950 4497249 genome.dna 557662 556960 NC_004061.gbk
547 75.5 4498300 4497968 genome.dna 558014 557681 NC_004061.gbk
525 79.3 4498593 4498315 genome.dna 558311 558032 NC_004061.gbk
1515 78.8 4499431 4498610 genome.dna 559149 558327 NC_004061.gbk
396 61.0 4499751 4499449 genome.dna 559467 559164 NC_004061.gbk
983 72.1 4500353 4499748 genome.dna 560069 559463 NC_004061.gbk
1040 72.6 4500993 4500364 genome.dna 560716 560086 NC_004061.gbk
655 99.0 4501337 4501026 genome.dna 561064 560752 NC_004061.gbk
3766 80.3 4505956 4503842 genome.dna 564678 562569 NC_004061.gbk
861 83.3 4506523 4506053 genome.dna 565250 564779 NC_004061.gbk
723 87.0 4506994 4506620 genome.dna 565683 565308 NC_004061.gbk
226 36.8 4507413 4507126 genome.dna 566100 565812 NC_004061.gbk
385 44.5 4507791 4507432 genome.dna 566483 566111 NC_004061.gbk
401 48.4 4508190 4507801 genome.dna 566871 566484 NC_004061.gbk
1678 60.4 4531124 4529898 genome.dna 569276 568061 NC_004061.gbk
1321 59.1 4557783 4556779 genome.dna 571804 570793 NC_004061.gbk
1018 66.2 4559154 4558477 genome.dna 572520 571833 NC_004061.gbk
1470 58.4 4562421 4561336 genome.dna 574181 573098 NC_004061.gbk
864 78.9 4562994 4562473 genome.dna 574741 574219 NC_004061.gbk
664 51.0 4614245 4614820 genome.dna 580880 580301 NC_004061.gbk
1593 63.2 4644844 4643741 genome.dna 490999 489883 NC_004061.gbk
907 71.4 4645142 4645735 genome.dna 491312 491903 NC_004061.gbk
833 46.2 4659594 4658794 genome.dna 29641 30466 NC_004061.gbk
927 48.3 4675687 4674863 genome.dna 624109 623299 NC_004061.gbk
329 42.7 4676010 4676330 genome.dna 624273 624639 NC_004061.gbk
2583 95.9 4708658 4707399 genome.dna 628066 626806 NC_004061.gbk
439 62.3 4709479 4709153 genome.dna 628538 628211 NC_004061.gbk
2250 51.9 4714432 4712411 genome.dna 630673 628696 NC_004061.gbk
2205 66.5 4723858 4722380 genome.dna 632231 630755 NC_004061.gbk
2873 67.9 4729969 4728119 genome.dna 634153 632299 NC_004061.gbk
702 37.3 4748208 4747351 genome.dna 590217 590988 NC_004061.gbk
1209 57.2 4756712 4755816 genome.dna 50248 51127 NC_004061.gbk
324 63.6 4770684 4770469 genome.dna 612386 612167 NC_004061.gbk
844 73.7 4775884 4776414 genome.dna 612946 613477 NC_004061.gbk
2159 73.8 4776424 4777755 genome.dna 613488 614820 NC_004061.gbk
688 41.8 4780345 4781184 genome.dna 339965 340754 NC_004061.gbk
813 51.8 4784192 4784938 genome.dna 615618 616392 NC_004061.gbk
875 50.4 4786326 4787093 genome.dna 341523 340758 NC_004061.gbk
1711 79.1 4825789 4824827 genome.dna 338919 339882 NC_004061.gbk
1379 71.5 4866035 4865178 genome.dna 25213 26071 NC_004061.gbk
297 56.5 4875073 4874828 genome.dna 489501 489762 NC_004061.gbk
3386 61.3 4981440 4979023 genome.dna 11137 8725 NC_004061.gbk
960 41.1 4983694 4982594 genome.dna 12392 11291 NC_004061.gbk
2006 76.7 4985096 4983699 genome.dna 13761 12396 NC_004061.gbk
254 84.4 4985770 4985910 genome.dna 14179 14323 NC_004061.gbk
362 47.7 4985929 4986288 genome.dna 14336 14681 NC_004061.gbk
2084 57.1 4986512 4988146 genome.dna 14916 16530 NC_004061.gbk
1360 48.7 4988276 4989640 genome.dna 16572 17943 NC_004061.gbk
2468 59.7 5049054 5047222 genome.dna 28051 26224 NC_004061.gbk
1514 48.5 5050610 5049240 genome.dna 29500 28114 NC_004061.gbk
486 52.6 5053946 5053527 genome.dna 8204 8621 NC_004061.gbk
2523 83.0 5055348 5053966 genome.dna 6782 8183 NC_004061.gbk
1070 57.6 5056259 5055396 genome.dna 5885 6761 NC_004061.gbk
2459 72.7 5057853 5056312 genome.dna 4286 5819 NC_004061.gbk
473 38.9 5058399 5057866 genome.dna 3739 4273 NC_004061.gbk
417 41.7 5058884 5058414 genome.dna 3236 3728 NC_004061.gbk
441 82.3 5059187 5058948 genome.dna 2886 3126 NC_004061.gbk
1168 63.1 5060037 5059237 genome.dna 2025 2844 NC_004061.gbk
2688 64.4 5063659 5061770 genome.dna 0 1896 NC_004061.gbk
