415 38.9 29669 29034 genome.dna 277131 277692 NC_002771.gbk
354 35.5 50956 50333 genome.dna 836448 835857 NC_002771.gbk
1321 41.4 118825 120366 genome.dna 403444 405025 NC_002771.gbk
179 51.6 167881 168117 genome.dna 847811 847619 NC_002771.gbk
254 34.1 170854 170375 genome.dna 102807 103257 NC_002771.gbk
1788 66.3 250357 251541 genome.dna 481420 480229 NC_002771.gbk
633 42.9 253304 254008 genome.dna 9295 9985 NC_002771.gbk
364 48.3 254890 255255 genome.dna 339659 339290 NC_002771.gbk
1994 37.7 255584 259612 genome.dna 677749 674098 NC_002771.gbk
1315 33.8 259736 263959 genome.dna 674096 669815 NC_002771.gbk
457 46.8 352201 352629 genome.dna 601695 602130 NC_002771.gbk
375 48.0 352645 353037 genome.dna 602129 602540 NC_002771.gbk
493 32.0 386934 386071 genome.dna 119692 118831 NC_002771.gbk
757 30.8 460910 458055 genome.dna 302599 305083 NC_002771.gbk
715 34.0 463248 461737 genome.dna 888825 887460 NC_002771.gbk
619 36.3 755628 756641 genome.dna 125663 124754 NC_002771.gbk
298 57.6 761939 762196 genome.dna 387019 386761 NC_002771.gbk
903 43.4 763509 764681 genome.dna 415695 416952 NC_002771.gbk
344 42.1 766454 766933 genome.dna 683755 683260 NC_002771.gbk
212 38.8 783547 783816 genome.dna 386692 386425 NC_002771.gbk
820 36.1 795852 797180 genome.dna 770150 771443 NC_002771.gbk
721 37.2 797270 798493 genome.dna 321228 320040 NC_002771.gbk
509 37.4 798538 799257 genome.dna 769443 770142 NC_002771.gbk
1312 44.1 844582 846099 genome.dna 477185 478661 NC_002771.gbk
312 43.7 927840 927358 genome.dna 415225 415663 NC_002771.gbk
943 44.3 941591 942676 genome.dna 764196 765375 NC_002771.gbk
544 36.4 955638 953644 genome.dna 626047 624199 NC_002771.gbk
264 36.1 957261 956803 genome.dna 729980 729512 NC_002771.gbk
1539 45.4 995970 994243 genome.dna 720014 718304 NC_002771.gbk
191 33.7 996273 996016 genome.dna 720346 720082 NC_002771.gbk
712 52.2 1100443 1101237 genome.dna 663306 662445 NC_002771.gbk
488 33.3 1154052 1153258 genome.dna 696392 695642 NC_002771.gbk
382 38.9 1155257 1156108 genome.dna 657831 656946 NC_002771.gbk
605 40.5 1156279 1157004 genome.dna 253045 252313 NC_002771.gbk
383 32.1 1157130 1157687 genome.dna 252314 251750 NC_002771.gbk
1497 40.2 1303620 1306001 genome.dna 636318 633789 NC_002771.gbk
404 40.5 1329655 1330212 genome.dna 382010 381497 NC_002771.gbk
185 35.1 1332403 1332732 genome.dna 55737 56040 NC_002771.gbk
430 34.6 1335658 1336302 genome.dna 697036 696391 NC_002771.gbk
695 36.6 1358126 1357212 genome.dna 76010 75080 NC_002771.gbk
1570 44.5 1363499 1366138 genome.dna 154668 157332 NC_002771.gbk
543 42.0 1428285 1428911 genome.dna 370534 371161 NC_002771.gbk
1486 36.4 1483266 1480684 genome.dna 98341 95917 NC_002771.gbk
225 31.0 1490971 1490492 genome.dna 444129 444579 NC_002771.gbk
487 35.2 1502595 1501795 genome.dna 425210 424439 NC_002771.gbk
97 36.4 2040877 2041047 genome.dna 384280 384466 NC_002771.gbk
615 33.1 2041077 2042123 genome.dna 173374 174352 NC_002771.gbk
140 36.6 2044934 2045170 genome.dna 419957 420179 NC_002771.gbk
272 31.3 2048443 2049102 genome.dna 56611 57316 NC_002771.gbk
217 33.0 2055442 2055792 genome.dna 8189 8540 NC_002771.gbk
1011 38.1 2121733 2120321 genome.dna 277973 279401 NC_002771.gbk
546 37.1 2192856 2194133 genome.dna 591694 590449 NC_002771.gbk
757 51.9 2218378 2219073 genome.dna 715574 716306 NC_002771.gbk
1097 45.6 2487322 2486231 genome.dna 176396 175286 NC_002771.gbk
357 38.0 2488039 2487452 genome.dna 961771 961210 NC_002771.gbk
804 42.5 2489732 2488785 genome.dna 134387 135353 NC_002771.gbk
1013 43.5 2492889 2493971 genome.dna 113288 114368 NC_002771.gbk
750 38.9 2628084 2627089 genome.dna 332763 333867 NC_002771.gbk
344 42.3 2654386 2653967 genome.dna 616930 617368 NC_002771.gbk
917 44.2 2654735 2655739 genome.dna 51033 52083 NC_002771.gbk
333 37.1 2668329 2668766 genome.dna 713576 714056 NC_002771.gbk
308 32.9 2724246 2725070 genome.dna 739696 740470 NC_002771.gbk
705 36.0 2732234 2731251 genome.dna 411826 410881 NC_002771.gbk
418 57.9 2732903 2732547 genome.dna 306854 307205 NC_002771.gbk
120 38.9 2733144 2732947 genome.dna 306643 306838 NC_002771.gbk
1230 34.5 2735713 2733785 genome.dna 916590 918360 NC_002771.gbk
1108 47.3 2757088 2758194 genome.dna 689046 687930 NC_002771.gbk
277 31.7 2766822 2767682 genome.dna 511692 510852 NC_002771.gbk
681 32.7 2809298 2808294 genome.dna 790001 790949 NC_002771.gbk
581 41.7 2811487 2810744 genome.dna 740473 741199 NC_002771.gbk
513 35.8 2813755 2811956 genome.dna 389648 387911 NC_002771.gbk
939 43.9 2864092 2865492 genome.dna 943384 942031 NC_002771.gbk
378 30.7 2926492 2925815 genome.dna 93232 92560 NC_002771.gbk
634 41.1 2975613 2974318 genome.dna 39560 40826 NC_002771.gbk
204 47.1 2988043 2988261 genome.dna 695643 695424 NC_002771.gbk
618 45.1 3019705 3020373 genome.dna 369844 370534 NC_002771.gbk
344 32.3 3065575 3066420 genome.dna 738625 737791 NC_002771.gbk
2056 48.8 3161386 3159374 genome.dna 102751 100777 NC_002771.gbk
64 33.3 3255463 3255302 genome.dna 428018 428171 NC_002771.gbk
613 34.0 3265816 3266967 genome.dna 944672 943475 NC_002771.gbk
1386 39.0 3364676 3363084 genome.dna 839416 837802 NC_002771.gbk
1160 35.2 3368339 3370030 genome.dna 109825 108190 NC_002771.gbk
788 35.5 3395711 3396913 genome.dna 275948 277130 NC_002771.gbk
643 38.9 3549622 3550470 genome.dna 763250 764195 NC_002771.gbk
457 30.5 3599984 3598497 genome.dna 92583 91275 NC_002771.gbk
751 35.1 3603229 3601955 genome.dna 390870 389607 NC_002771.gbk
1361 50.9 3635387 3634134 genome.dna 398000 396758 NC_002771.gbk
587 34.1 3682691 3681786 genome.dna 445029 445911 NC_002771.gbk
2145 52.4 3686442 3684643 genome.dna 291865 290029 NC_002771.gbk
581 42.5 3694571 3695257 genome.dna 730818 731484 NC_002771.gbk
597 30.5 3698228 3696813 genome.dna 832623 831216 NC_002771.gbk
463 40.4 3738313 3737777 genome.dna 682530 681948 NC_002771.gbk
470 54.6 3745052 3745459 genome.dna 664574 665030 NC_002771.gbk
2533 54.0 3745456 3747603 genome.dna 665063 667199 NC_002771.gbk
1138 50.8 3747628 3748590 genome.dna 663545 664571 NC_002771.gbk
441 35.0 3764478 3763501 genome.dna 348261 347370 NC_002771.gbk
354 47.4 3773009 3772662 genome.dna 566244 565890 NC_002771.gbk
594 39.2 3773827 3773072 genome.dna 566911 566233 NC_002771.gbk
194 45.6 3774681 3774433 genome.dna 567177 566910 NC_002771.gbk
1186 42.6 3776200 3774839 genome.dna 400362 401712 NC_002771.gbk
658 33.3 3784972 3782345 genome.dna 687894 685272 NC_002771.gbk
1174 53.5 3786717 3785644 genome.dna 295762 296782 NC_002771.gbk
176 34.3 3787319 3786825 genome.dna 386357 385955 NC_002771.gbk
628 54.4 4001743 4000448 genome.dna 632291 633662 NC_002771.gbk
1417 42.0 4003479 4001842 genome.dna 800909 802529 NC_002771.gbk
253 32.1 4037132 4037767 genome.dna 344708 344033 NC_002771.gbk
313 38.0 4039680 4040210 genome.dna 567344 567896 NC_002771.gbk
783 33.0 4114440 4115846 genome.dna 629702 628334 NC_002771.gbk
3100 49.9 4139901 4137067 genome.dna 865939 868774 NC_002771.gbk
177 33.0 4215997 4216284 genome.dna 713286 713577 NC_002771.gbk
757 41.8 4255592 4252890 genome.dna 113138 110534 NC_002771.gbk
529 36.3 4274186 4273242 genome.dna 600938 600038 NC_002771.gbk
420 30.3 4319027 4319845 genome.dna 15425 16184 NC_002771.gbk
215 30.9 4323873 4323391 genome.dna 662492 661952 NC_002771.gbk
1141 38.1 4338181 4335368 genome.dna 802540 805207 NC_002771.gbk
518 36.8 4343498 4342359 genome.dna 894455 895607 NC_002771.gbk
1633 48.3 4345514 4343607 genome.dna 255962 257762 NC_002771.gbk
544 36.3 4383337 4381343 genome.dna 626047 624199 NC_002771.gbk
1175 48.3 4388480 4389631 genome.dna 854670 855801 NC_002771.gbk
288 31.6 4391555 4392289 genome.dna 667229 667901 NC_002771.gbk
185 32.8 4393907 4394326 genome.dna 685280 684839 NC_002771.gbk
286 45.0 4488068 4487676 genome.dna 693404 693041 NC_002771.gbk
211 30.1 4489098 4488109 genome.dna 694405 693403 NC_002771.gbk
547 44.7 4489744 4489124 genome.dna 875401 874801 NC_002771.gbk
403 46.6 4490164 4489775 genome.dna 694820 694409 NC_002771.gbk
331 52.4 4490537 4490181 genome.dna 695222 694823 NC_002771.gbk
187 65.8 4490800 4490684 genome.dna 695342 695228 NC_002771.gbk
671 31.6 4492165 4490834 genome.dna 698454 697029 NC_002771.gbk
293 35.9 4492607 4492173 genome.dna 698894 698456 NC_002771.gbk
203 33.1 4493665 4493312 genome.dna 699953 699596 NC_002771.gbk
483 43.2 4494208 4493675 genome.dna 700505 699965 NC_002771.gbk
378 44.2 4494614 4494222 genome.dna 700907 700508 NC_002771.gbk
668 53.4 4495506 4494967 genome.dna 701651 701105 NC_002771.gbk
209 35.8 4495835 4495521 genome.dna 701980 701653 NC_002771.gbk
438 52.8 4496217 4495846 genome.dna 702386 701990 NC_002771.gbk
232 44.2 4496635 4496381 genome.dna 702627 702360 NC_002771.gbk
159 46.7 4496826 4496635 genome.dna 702824 702626 NC_002771.gbk
387 45.1 4497236 4496826 genome.dna 703254 702825 NC_002771.gbk
586 42.1 4497950 4497249 genome.dna 703907 703253 NC_002771.gbk
321 47.3 4498300 4497968 genome.dna 704249 703916 NC_002771.gbk
449 69.2 4498593 4498315 genome.dna 704524 704248 NC_002771.gbk
990 55.2 4499431 4498610 genome.dna 705369 704523 NC_002771.gbk
291 40.2 4501337 4501026 genome.dna 708016 707704 NC_002771.gbk
2546 57.7 4505956 4503842 genome.dna 516656 514568 NC_002771.gbk
547 48.7 4506523 4506053 genome.dna 517120 516649 NC_002771.gbk
460 61.0 4506994 4506620 genome.dna 517590 517176 NC_002771.gbk
910 44.3 4557783 4556779 genome.dna 915592 916591 NC_002771.gbk
1150 32.8 4672431 4670269 genome.dna 940428 938202 NC_002771.gbk
1214 37.1 4714432 4712411 genome.dna 850680 848475 NC_002771.gbk
163 33.8 4770684 4770469 genome.dna 148880 149090 NC_002771.gbk
363 31.2 4780345 4781184 genome.dna 254882 255626 NC_002771.gbk
1893 53.2 4781238 4782749 genome.dna 253359 254883 NC_002771.gbk
496 44.2 4786326 4787093 genome.dna 553093 553840 NC_002771.gbk
876 44.4 4825789 4824827 genome.dna 718285 717304 NC_002771.gbk
329 37.7 4834867 4834403 genome.dna 351701 352226 NC_002771.gbk
343 38.4 4869761 4870336 genome.dna 837045 836496 NC_002771.gbk
196 68.2 4985770 4985910 genome.dna 163372 163225 NC_002771.gbk
610 30.3 4988276 4989640 genome.dna 13292 14621 NC_002771.gbk
482 30.3 5010680 5009268 genome.dna 327440 325931 NC_002771.gbk
2008 68.0 5055348 5053966 genome.dna 312993 311565 NC_002771.gbk
465 31.4 5056259 5055396 genome.dna 313844 313004 NC_002771.gbk
1124 52.3 5057853 5056312 genome.dna 315430 313843 NC_002771.gbk
266 32.2 5061686 5061066 genome.dna 135361 136045 NC_002771.gbk
1499 44.9 5063659 5061770 genome.dna 296871 298707 NC_002771.gbk
