1078 35.7 25826 28615 genome.dna 133922 136532 NC_003361.gbk
1070 37.2 30749 32122 genome.dna 1006931 1008308 NC_003361.gbk
437 40.0 50956 50333 genome.dna 747063 746448 NC_003361.gbk
512 45.9 110262 109636 genome.dna 397179 397797 NC_003361.gbk
381 45.5 165569 165111 genome.dna 398842 399286 NC_003361.gbk
162 36.4 167881 168117 genome.dna 514244 513974 NC_003361.gbk
148 50.9 168129 168296 genome.dna 598371 598530 NC_003361.gbk
707 36.9 192775 193791 genome.dna 1052184 1053189 NC_003361.gbk
1002 49.7 228573 229595 genome.dna 56 1052 NC_003361.gbk
538 30.7 230345 231841 genome.dna 513956 512210 NC_003361.gbk
1862 68.9 250357 251541 genome.dna 807635 806450 NC_003361.gbk
410 38.5 252164 252709 genome.dna 806040 805491 NC_003361.gbk
503 57.6 252872 253300 genome.dna 805385 804959 NC_003361.gbk
746 46.8 253304 254008 genome.dna 804937 804238 NC_003361.gbk
270 41.0 254890 255255 genome.dna 803671 803278 NC_003361.gbk
2305 46.9 255584 259612 genome.dna 803141 799382 NC_003361.gbk
4300 49.8 259736 263959 genome.dna 799355 795173 NC_003361.gbk
448 36.5 292998 292333 genome.dna 614015 614669 NC_003361.gbk
576 30.3 301263 300298 genome.dna 1151324 1150304 NC_003361.gbk
1510 49.7 306633 305290 genome.dna 625855 627211 NC_003361.gbk
262 32.7 307112 306645 genome.dna 625355 625856 NC_003361.gbk
1208 57.4 313270 314313 genome.dna 1060793 1059692 NC_003361.gbk
358 33.7 315964 316557 genome.dna 365837 365246 NC_003361.gbk
883 36.4 316547 318016 genome.dna 932778 934311 NC_003361.gbk
692 43.5 338215 337490 genome.dna 30138 29415 NC_003361.gbk
594 35.0 340994 339921 genome.dna 234952 235942 NC_003361.gbk
609 34.4 345980 347242 genome.dna 178510 179845 NC_003361.gbk
470 47.6 352201 352629 genome.dna 602541 602994 NC_003361.gbk
348 43.9 352645 353037 genome.dna 603007 603412 NC_003361.gbk
1054 37.7 460910 458055 genome.dna 784576 781753 NC_003361.gbk
784 34.2 463248 461737 genome.dna 461816 463316 NC_003361.gbk
207 30.0 526894 527520 genome.dna 1154947 1155490 NC_003361.gbk
1189 41.1 530287 528905 genome.dna 393827 392465 NC_003361.gbk
215 35.1 692962 692627 genome.dna 982757 983090 NC_003361.gbk
255 40.6 697176 697469 genome.dna 735192 735501 NC_003361.gbk
2125 61.6 697515 699164 genome.dna 735551 737186 NC_003361.gbk
1058 41.6 753122 751287 genome.dna 1162403 1160684 NC_003361.gbk
161 40.7 755400 755185 genome.dna 374316 374493 NC_003361.gbk
741 37.1 755628 756641 genome.dna 613444 612409 NC_003361.gbk
265 38.8 757206 756736 genome.dna 613526 613970 NC_003361.gbk
287 40.6 761608 761919 genome.dna 210215 210536 NC_003361.gbk
285 54.1 761939 762196 genome.dna 210563 210812 NC_003361.gbk
849 40.2 763509 764681 genome.dna 210928 211936 NC_003361.gbk
1303 48.4 771082 772419 genome.dna 905867 904490 NC_003361.gbk
733 32.1 777751 779280 genome.dna 528328 527023 NC_003361.gbk
1549 33.0 779306 782008 genome.dna 527067 524403 NC_003361.gbk
251 46.1 783547 783816 genome.dna 868197 868467 NC_003361.gbk
2005 46.5 784066 786186 genome.dna 868514 870599 NC_003361.gbk
568 38.2 839867 840766 genome.dna 843714 844611 NC_003361.gbk
607 30.1 841615 843360 genome.dna 190777 192550 NC_003361.gbk
850 40.2 844582 846099 genome.dna 964629 963051 NC_003361.gbk
340 39.2 927840 927358 genome.dna 505233 505686 NC_003361.gbk
944 48.9 956604 955654 genome.dna 795054 794070 NC_003361.gbk
612 30.1 1087061 1085955 genome.dna 444618 445728 NC_003361.gbk
654 41.8 1154052 1153258 genome.dna 862289 863165 NC_003361.gbk
646 43.7 1154397 1155122 genome.dna 57651 56820 NC_003361.gbk
273 32.0 1155257 1156108 genome.dna 56821 55972 NC_003361.gbk
537 40.3 1156279 1157004 genome.dna 55957 55234 NC_003361.gbk
443 37.7 1157130 1157687 genome.dna 55233 54690 NC_003361.gbk
539 37.2 1157925 1159121 genome.dna 498731 499871 NC_003361.gbk
593 40.2 1159320 1160081 genome.dna 184508 183755 NC_003361.gbk
648 36.1 1165447 1166469 genome.dna 545628 544548 NC_003361.gbk
362 45.5 1166572 1167027 genome.dna 104376 104841 NC_003361.gbk
648 43.8 1167032 1167820 genome.dna 104850 105690 NC_003361.gbk
560 48.9 1168997 1169593 genome.dna 747708 747069 NC_003361.gbk
1089 36.9 1169670 1173152 genome.dna 91743 88014 NC_003361.gbk
937 44.1 1173165 1174124 genome.dna 430315 431290 NC_003361.gbk
1293 37.9 1180703 1178139 genome.dna 953457 955938 NC_003361.gbk
620 45.3 1270601 1269999 genome.dna 1138011 1137420 NC_003361.gbk
568 35.3 1272920 1274065 genome.dna 665037 666156 NC_003361.gbk
414 45.8 1278470 1278919 genome.dna 228695 228236 NC_003361.gbk
763 41.2 1278982 1280091 genome.dna 1037556 1036449 NC_003361.gbk
346 36.9 1280201 1280677 genome.dna 1035092 1034627 NC_003361.gbk
1368 37.3 1284598 1282733 genome.dna 356939 355004 NC_003361.gbk
730 55.2 1301367 1301990 genome.dna 1066097 1066709 NC_003361.gbk
1287 55.6 1302154 1303428 genome.dna 1066718 1067984 NC_003361.gbk
1892 40.1 1303620 1306001 genome.dna 372826 370369 NC_003361.gbk
103 39.1 1322427 1322284 genome.dna 959371 959233 NC_003361.gbk
419 34.7 1332732 1333337 genome.dna 549450 548847 NC_003361.gbk
407 37.5 1335658 1336302 genome.dna 605044 604399 NC_003361.gbk
1483 46.5 1363499 1366138 genome.dna 577300 579793 NC_003361.gbk
570 30.8 1387613 1386405 genome.dna 902585 901397 NC_003361.gbk
800 41.7 1470427 1469462 genome.dna 1086150 1087089 NC_003361.gbk
233 37.5 1478243 1477926 genome.dna 977022 976662 NC_003361.gbk
1351 39.3 1483266 1480684 genome.dna 698602 696139 NC_003361.gbk
546 38.0 1530248 1530991 genome.dna 732382 733138 NC_003361.gbk
2015 39.0 1540513 1543320 genome.dna 471037 473764 NC_003361.gbk
929 41.7 1543336 1544562 genome.dna 473760 474858 NC_003361.gbk
1047 43.3 1544898 1546064 genome.dna 899686 898519 NC_003361.gbk
1210 62.7 1546064 1546936 genome.dna 898511 897635 NC_003361.gbk
736 31.5 1547669 1549237 genome.dna 767534 766193 NC_003361.gbk
369 39.4 1563766 1563014 genome.dna 1044827 1045511 NC_003361.gbk
1541 48.9 1638449 1639855 genome.dna 486663 488109 NC_003361.gbk
459 36.2 1986118 1986840 genome.dna 484198 484972 NC_003361.gbk
551 34.8 2029109 2030257 genome.dna 16738 15742 NC_003361.gbk
100 32.7 2040877 2041047 genome.dna 932001 931818 NC_003361.gbk
450 31.4 2041077 2042123 genome.dna 931803 930852 NC_003361.gbk
601 46.3 2042130 2043083 genome.dna 549570 550578 NC_003361.gbk
600 38.0 2043101 2044030 genome.dna 550581 551508 NC_003361.gbk
726 47.7 2044045 2044779 genome.dna 551512 552259 NC_003361.gbk
247 52.0 2044934 2045170 genome.dna 552370 552604 NC_003361.gbk
1187 45.1 2045253 2046494 genome.dna 976645 975394 NC_003361.gbk
403 37.8 2048443 2049102 genome.dna 579804 580428 NC_003361.gbk
472 33.7 2050132 2050929 genome.dna 1130089 1129288 NC_003361.gbk
262 39.4 2055442 2055792 genome.dna 271629 271962 NC_003361.gbk
1731 34.9 2070405 2066956 genome.dna 1002690 1005948 NC_003361.gbk
582 44.6 2071740 2072447 genome.dna 600092 600764 NC_003361.gbk
1596 54.5 2112831 2114330 genome.dna 64505 65960 NC_003361.gbk
710 44.3 2114428 2115174 genome.dna 65963 66731 NC_003361.gbk
1045 38.7 2116495 2117718 genome.dna 67996 69217 NC_003361.gbk
1012 41.9 2121733 2120321 genome.dna 773189 771743 NC_003361.gbk
513 44.6 2181519 2182154 genome.dna 228914 229520 NC_003361.gbk
997 41.5 2192856 2194133 genome.dna 485408 486647 NC_003361.gbk
708 35.2 2298807 2297113 genome.dna 855427 857128 NC_003361.gbk
570 34.5 2350811 2351833 genome.dna 571513 572539 NC_003361.gbk
536 30.4 2366723 2365644 genome.dna 520954 519871 NC_003361.gbk
1262 46.2 2371991 2370621 genome.dna 43994 45323 NC_003361.gbk
1399 37.2 2375035 2372933 genome.dna 519872 517742 NC_003361.gbk
1288 51.5 2487322 2486231 genome.dna 521316 522411 NC_003361.gbk
346 37.1 2488039 2487452 genome.dna 942591 942039 NC_003361.gbk
711 39.7 2489732 2488785 genome.dna 653801 654707 NC_003361.gbk
402 30.3 2490742 2489870 genome.dna 940769 939893 NC_003361.gbk
1171 53.5 2492889 2493971 genome.dna 752871 751785 NC_003361.gbk
344 33.7 2493971 2494816 genome.dna 751808 750956 NC_003361.gbk
718 45.8 2496092 2496946 genome.dna 31435 30625 NC_003361.gbk
1590 52.0 2563367 2561970 genome.dna 858507 857124 NC_003361.gbk
445 36.5 2585266 2585973 genome.dna 415734 415092 NC_003361.gbk
327 33.3 2585970 2586605 genome.dna 1078323 1078968 NC_003361.gbk
859 34.8 2593132 2590532 genome.dna 1147743 1150329 NC_003361.gbk
679 35.9 2605113 2606180 genome.dna 648124 649156 NC_003361.gbk
1441 57.2 2607572 2608762 genome.dna 650574 651750 NC_003361.gbk
422 32.8 2608762 2609568 genome.dna 651742 652516 NC_003361.gbk
782 38.1 2627092 2626058 genome.dna 72927 71958 NC_003361.gbk
568 34.7 2629004 2628096 genome.dna 685192 686101 NC_003361.gbk
703 36.0 2629936 2629016 genome.dna 684201 685185 NC_003361.gbk
1334 59.3 2654735 2655739 genome.dna 120336 121344 NC_003361.gbk
660 43.0 2732234 2731251 genome.dna 880210 879184 NC_003361.gbk
360 44.4 2732903 2732547 genome.dna 880588 880222 NC_003361.gbk
168 43.9 2733144 2732947 genome.dna 880801 880606 NC_003361.gbk
539 47.7 2733782 2733240 genome.dna 881339 880778 NC_003361.gbk
1629 41.0 2735713 2733785 genome.dna 1109659 1111567 NC_003361.gbk
1126 48.9 2757088 2758194 genome.dna 405033 406116 NC_003361.gbk
988 38.4 2794931 2793456 genome.dna 610579 609043 NC_003361.gbk
1071 51.3 2809298 2808294 genome.dna 456176 457190 NC_003361.gbk
373 36.4 2809923 2809306 genome.dna 124285 124909 NC_003361.gbk
382 42.6 2810663 2810151 genome.dna 123779 124286 NC_003361.gbk
585 40.1 2811487 2810744 genome.dna 174881 175598 NC_003361.gbk
1727 44.9 2813755 2811956 genome.dna 94921 96676 NC_003361.gbk
765 39.0 2835515 2837245 genome.dna 181542 179847 NC_003361.gbk
463 39.8 2884168 2883416 genome.dna 676067 676832 NC_003361.gbk
384 30.6 2885460 2884459 genome.dna 231382 232486 NC_003361.gbk
190 34.1 2923933 2923649 genome.dna 428598 428901 NC_003361.gbk
1524 45.4 2925698 2924025 genome.dna 530166 528420 NC_003361.gbk
467 39.9 2926492 2925815 genome.dna 182836 182185 NC_003361.gbk
1024 40.2 2975613 2974318 genome.dna 1037599 1038880 NC_003361.gbk
907 46.7 2982496 2983455 genome.dna 530334 531270 NC_003361.gbk
261 54.3 2988043 2988261 genome.dna 808049 807827 NC_003361.gbk
379 30.3 3003564 3004295 genome.dna 280210 280990 NC_003361.gbk
379 32.0 3005969 3006700 genome.dna 280210 280990 NC_003361.gbk
897 35.8 3042056 3043384 genome.dna 598272 596889 NC_003361.gbk
736 42.5 3065575 3066420 genome.dna 18528 17658 NC_003361.gbk
370 33.9 3154559 3153852 genome.dna 901342 900625 NC_003361.gbk
2076 51.9 3161386 3159374 genome.dna 1114740 1116711 NC_003361.gbk
174 31.2 3228583 3228035 genome.dna 130413 130920 NC_003361.gbk
649 31.8 3230474 3228642 genome.dna 955941 957759 NC_003361.gbk
1417 43.0 3364676 3363084 genome.dna 367507 365881 NC_003361.gbk
459 40.8 3408161 3407589 genome.dna 588630 589209 NC_003361.gbk
833 47.3 3413548 3412631 genome.dna 397873 398800 NC_003361.gbk
777 45.4 3427528 3426443 genome.dna 830406 831486 NC_003361.gbk
1256 44.2 3468186 3466690 genome.dna 1097751 1096257 NC_003361.gbk
580 42.0 3516455 3517318 genome.dna 507447 506583 NC_003361.gbk
977 39.4 3519048 3517663 genome.dna 961624 963055 NC_003361.gbk
497 35.6 3578361 3577567 genome.dna 215494 216283 NC_003361.gbk
1785 52.1 3590632 3589055 genome.dna 659019 657480 NC_003361.gbk
969 39.7 3592205 3590739 genome.dna 660108 659034 NC_003361.gbk
928 36.4 3599984 3598497 genome.dna 1069367 1070792 NC_003361.gbk
900 37.6 3603229 3601955 genome.dna 93654 94947 NC_003361.gbk
525 58.6 3608433 3608005 genome.dna 124973 125399 NC_003361.gbk
1008 41.8 3642369 3641032 genome.dna 163408 162247 NC_003361.gbk
396 41.4 3651787 3651263 genome.dna 867954 867480 NC_003361.gbk
190 30.1 3680225 3679845 genome.dna 531630 531261 NC_003361.gbk
339 31.8 3683368 3682688 genome.dna 394506 393792 NC_003361.gbk
2116 50.3 3686442 3684643 genome.dna 490139 488330 NC_003361.gbk
725 50.2 3694571 3695257 genome.dna 1142984 1142294 NC_003361.gbk
639 31.3 3698228 3696813 genome.dna 195576 197094 NC_003361.gbk
903 38.2 3709959 3708493 genome.dna 897300 895833 NC_003361.gbk
964 38.6 3714803 3716083 genome.dna 723261 721947 NC_003361.gbk
458 35.5 3730782 3732230 genome.dna 906506 907793 NC_003361.gbk
2603 48.7 3762599 3760023 genome.dna 719489 716894 NC_003361.gbk
333 41.7 3773009 3772662 genome.dna 748131 747765 NC_003361.gbk
1088 40.4 3776200 3774839 genome.dna 750930 749586 NC_003361.gbk
1793 40.7 3784972 3782345 genome.dna 1000093 1002721 NC_003361.gbk
1232 58.0 3786717 3785644 genome.dna 1155892 1156945 NC_003361.gbk
452 38.0 3953386 3954039 genome.dna 572551 573217 NC_003361.gbk
351 33.0 3954101 3954916 genome.dna 573213 574017 NC_003361.gbk
1390 39.3 3956293 3958011 genome.dna 260560 258826 NC_003361.gbk
232 30.8 3963052 3962555 genome.dna 209145 208614 NC_003361.gbk
252 30.2 3963804 3963091 genome.dna 171131 170486 NC_003361.gbk
1040 54.1 4001743 4000448 genome.dna 1116889 1118164 NC_003361.gbk
1401 50.1 4003479 4001842 genome.dna 676807 678421 NC_003361.gbk
1329 39.3 4027241 4025196 genome.dna 708033 706044 NC_003361.gbk
200 31.4 4059979 4059527 genome.dna 941336 940817 NC_003361.gbk
228 52.9 4060248 4060021 genome.dna 941605 941356 NC_003361.gbk
350 37.6 4079441 4080034 genome.dna 1141461 1142082 NC_003361.gbk
532 31.9 4080027 4081166 genome.dna 470447 469319 NC_003361.gbk
744 38.1 4114440 4115846 genome.dna 129752 128333 NC_003361.gbk
955 37.4 4119655 4120848 genome.dna 5352 6543 NC_003361.gbk
973 36.1 4231793 4230366 genome.dna 1084765 1086154 NC_003361.gbk
764 39.3 4255592 4252890 genome.dna 1074368 1071455 NC_003361.gbk
566 38.3 4257707 4256787 genome.dna 103504 104362 NC_003361.gbk
400 30.4 4264711 4263620 genome.dna 987214 986137 NC_003361.gbk
625 33.4 4265910 4264708 genome.dna 988277 987122 NC_003361.gbk
386 33.2 4267226 4265910 genome.dna 990280 989020 NC_003361.gbk
692 40.2 4268312 4267230 genome.dna 991330 990283 NC_003361.gbk
806 34.7 4271151 4269664 genome.dna 426031 427483 NC_003361.gbk
472 35.7 4274186 4273242 genome.dna 422154 423048 NC_003361.gbk
414 32.5 4319027 4319845 genome.dna 353723 354560 NC_003361.gbk
907 48.2 4334402 4333452 genome.dna 851884 850954 NC_003361.gbk
202 30.9 4335368 4334856 genome.dna 227826 227328 NC_003361.gbk
496 33.6 4339154 4338213 genome.dna 523303 522388 NC_003361.gbk
155 34.2 4339580 4339843 genome.dna 1164008 1164305 NC_003361.gbk
888 44.7 4343498 4342359 genome.dna 374522 375701 NC_003361.gbk
2262 58.2 4345514 4343607 genome.dna 256967 254972 NC_003361.gbk
185 35.9 4363012 4362680 genome.dna 647588 647894 NC_003361.gbk
396 37.0 4373604 4372945 genome.dna 725077 724375 NC_003361.gbk
371 37.4 4379941 4378778 genome.dna 75934 77146 NC_003361.gbk
1866 44.8 4383337 4381343 genome.dna 999830 997832 NC_003361.gbk
497 31.8 4403893 4402952 genome.dna 981553 980524 NC_003361.gbk
215 32.2 4408042 4407560 genome.dna 100005 100467 NC_003361.gbk
527 31.8 4442783 4444579 genome.dna 1128295 1126411 NC_003361.gbk
562 46.3 4448185 4447619 genome.dna 996764 996191 NC_003361.gbk
691 35.7 4451372 4449723 genome.dna 843642 842058 NC_003361.gbk
578 32.7 4451863 4453239 genome.dna 821800 820477 NC_003361.gbk
187 34.1 4482450 4482959 genome.dna 360829 361390 NC_003361.gbk
706 37.7 4482986 4483933 genome.dna 105676 106642 NC_003361.gbk
225 42.9 4488068 4487676 genome.dna 119869 120298 NC_003361.gbk
230 37.9 4489098 4488109 genome.dna 118679 119861 NC_003361.gbk
452 38.8 4489744 4489124 genome.dna 16964 17594 NC_003361.gbk
442 53.7 4490164 4489775 genome.dna 118311 118710 NC_003361.gbk
365 52.2 4490537 4490181 genome.dna 117922 118291 NC_003361.gbk
802 40.8 4492165 4490834 genome.dna 116493 117867 NC_003361.gbk
271 38.6 4492607 4492173 genome.dna 116034 116469 NC_003361.gbk
465 45.9 4493297 4492797 genome.dna 115544 116042 NC_003361.gbk
232 37.3 4493665 4493312 genome.dna 115157 115529 NC_003361.gbk
480 43.2 4494208 4493675 genome.dna 114583 115135 NC_003361.gbk
300 36.4 4494614 4494222 genome.dna 114150 114552 NC_003361.gbk
294 47.5 4494953 4494648 genome.dna 959208 958902 NC_003361.gbk
609 50.8 4495506 4494967 genome.dna 113589 114132 NC_003361.gbk
486 56.9 4496217 4495846 genome.dna 112863 113232 NC_003361.gbk
196 43.4 4496635 4496381 genome.dna 112577 112829 NC_003361.gbk
110 35.6 4496826 4496635 genome.dna 112366 112585 NC_003361.gbk
505 56.0 4497236 4496826 genome.dna 111944 112361 NC_003361.gbk
777 52.9 4497950 4497249 genome.dna 111246 111918 NC_003361.gbk
240 40.2 4498300 4497968 genome.dna 110902 111238 NC_003361.gbk
349 59.1 4498593 4498315 genome.dna 110617 110884 NC_003361.gbk
981 54.1 4499431 4498610 genome.dna 109757 110612 NC_003361.gbk
289 38.1 4500353 4499748 genome.dna 108709 109384 NC_003361.gbk
567 42.2 4500993 4500364 genome.dna 108027 108693 NC_003361.gbk
443 66.7 4501337 4501026 genome.dna 207233 207551 NC_003361.gbk
2548 56.7 4505956 4503842 genome.dna 205141 207226 NC_003361.gbk
551 54.2 4506523 4506053 genome.dna 204626 205100 NC_003361.gbk
621 71.5 4506994 4506620 genome.dna 204211 204583 NC_003361.gbk
807 39.9 4514011 4512740 genome.dna 240162 241656 NC_003361.gbk
521 30.9 4557783 4556779 genome.dna 1113690 1114728 NC_003361.gbk
497 41.1 4559154 4558477 genome.dna 624085 624781 NC_003361.gbk
507 31.5 4562421 4561336 genome.dna 831482 832622 NC_003361.gbk
2608 47.6 4632742 4630295 genome.dna 537529 539980 NC_003361.gbk
548 33.4 4634257 4632818 genome.dna 943643 945071 NC_003361.gbk
563 30.3 4635563 4634286 genome.dna 139863 141192 NC_003361.gbk
1179 39.0 4637576 4635600 genome.dna 459983 457994 NC_003361.gbk
2021 42.7 4639754 4637577 genome.dna 286549 288709 NC_003361.gbk
408 34.9 4645142 4645735 genome.dna 861671 862280 NC_003361.gbk
962 38.5 4656105 4657454 genome.dna 93136 91768 NC_003361.gbk
1659 61.1 4708658 4707399 genome.dna 137130 138525 NC_003361.gbk
1302 38.3 4714432 4712411 genome.dna 1143094 1145008 NC_003361.gbk
1208 35.7 4770998 4773196 genome.dna 966214 968464 NC_003361.gbk
549 40.4 4786326 4787093 genome.dna 359232 359997 NC_003361.gbk
340 37.1 4834867 4834403 genome.dna 97515 97986 NC_003361.gbk
840 34.3 4886675 4885383 genome.dna 232489 233737 NC_003361.gbk
842 40.6 4927471 4926491 genome.dna 73882 72919 NC_003361.gbk
1521 43.4 4939318 4937906 genome.dna 688828 690241 NC_003361.gbk
1752 48.2 4981440 4979023 genome.dna 574864 577285 NC_003361.gbk
570 30.5 4983694 4982594 genome.dna 504995 503894 NC_003361.gbk
948 37.7 4985096 4983699 genome.dna 420802 419449 NC_003361.gbk
725 37.8 4988276 4989640 genome.dna 1077002 1078334 NC_003361.gbk
1412 41.1 5049054 5047222 genome.dna 904483 902653 NC_003361.gbk
1730 49.0 5063659 5061770 genome.dna 127939 126103 NC_003361.gbk
677 32.4 4114440 4115846 genome.dna 3732 5109 NC_004720.gbk
