648 36.3 10948 12453 genome.dna 1857847 1856410 NC_003364.gbk
390 30.3 14538 15464 genome.dna 481581 482499 NC_003364.gbk
519 34.4 36667 35258 genome.dna 1523719 1525009 NC_003364.gbk
519 34.4 36667 35258 genome.dna 2064535 2063245 NC_003364.gbk
625 32.8 62838 64181 genome.dna 2061271 2062555 NC_003364.gbk
620 40.9 93925 92960 genome.dna 609001 608029 NC_003364.gbk
477 40.6 110262 109636 genome.dna 151220 151856 NC_003364.gbk
543 38.4 153705 152758 genome.dna 1831409 1830509 NC_003364.gbk
262 30.8 163345 163986 genome.dna 1959420 1958853 NC_003364.gbk
474 33.8 166824 165547 genome.dna 705297 706509 NC_003364.gbk
563 42.4 207819 208589 genome.dna 1849243 1850029 NC_003364.gbk
476 37.6 217784 218788 genome.dna 1706447 1707503 NC_003364.gbk
565 30.0 219661 221034 genome.dna 1709938 1711228 NC_003364.gbk
892 45.6 228573 229595 genome.dna 314502 313491 NC_003364.gbk
932 38.1 230345 231841 genome.dna 1087879 1086451 NC_003364.gbk
880 40.6 233849 232686 genome.dna 2200660 2201869 NC_003364.gbk
252 31.5 253304 254008 genome.dna 1846292 1846961 NC_003364.gbk
540 39.3 270806 270027 genome.dna 620182 619441 NC_003364.gbk
380 31.0 280242 278956 genome.dna 114439 115882 NC_003364.gbk
485 36.8 292998 292333 genome.dna 1176529 1177219 NC_003364.gbk
1111 38.5 329415 330869 genome.dna 1483633 1482196 NC_003364.gbk
225 36.5 352645 353037 genome.dna 369757 370198 NC_003364.gbk
388 49.2 431880 431494 genome.dna 1788786 1789167 NC_003364.gbk
307 36.1 432443 431979 genome.dna 1959887 1959431 NC_003364.gbk
890 47.8 433394 432459 genome.dna 428574 429492 NC_003364.gbk
639 41.6 435364 434357 genome.dna 1168093 1167175 NC_003364.gbk
365 37.6 452937 452395 genome.dna 2196348 2196990 NC_003364.gbk
295 42.1 692962 692627 genome.dna 1383205 1383517 NC_003364.gbk
342 30.0 699974 700837 genome.dna 1412807 1413683 NC_003364.gbk
412 37.6 755628 756641 genome.dna 1448633 1447601 NC_003364.gbk
228 31.1 782481 783425 genome.dna 499380 500382 NC_003364.gbk
322 31.0 798538 799257 genome.dna 866540 867206 NC_003364.gbk
527 35.6 805628 804636 genome.dna 1740358 1739404 NC_003364.gbk
900 39.4 839555 838230 genome.dna 1641494 1640225 NC_003364.gbk
984 35.0 844582 846099 genome.dna 1084777 1083328 NC_003364.gbk
402 32.1 912721 911924 genome.dna 1223829 1223052 NC_003364.gbk
195 34.7 937554 938135 genome.dna 303366 302853 NC_003364.gbk
312 31.7 987143 988024 genome.dna 617460 618456 NC_003364.gbk
603 46.7 1020383 1019685 genome.dna 734234 734879 NC_003364.gbk
448 30.7 1129588 1128602 genome.dna 1834886 1833815 NC_003364.gbk
430 34.2 1159320 1160081 genome.dna 1750219 1749502 NC_003364.gbk
103 32.2 1168997 1169593 genome.dna 715653 715014 NC_003364.gbk
221 31.5 1280201 1280677 genome.dna 1974923 1975376 NC_003364.gbk
680 32.9 1286027 1287475 genome.dna 2048115 2046660 NC_003364.gbk
192 32.2 1310544 1309849 genome.dna 1222150 1222960 NC_003364.gbk
789 32.4 1346334 1348487 genome.dna 847358 845501 NC_003364.gbk
1351 34.6 1356196 1353473 genome.dna 1636095 1638465 NC_003364.gbk
270 30.2 1427931 1426894 genome.dna 118751 119684 NC_003364.gbk
376 31.3 1428285 1428911 genome.dna 937760 938396 NC_003364.gbk
248 34.0 1433876 1433409 genome.dna 1622104 1621615 NC_003364.gbk
398 32.4 1436929 1437642 genome.dna 114325 113620 NC_003364.gbk
894 41.0 1458435 1457257 genome.dna 718328 717143 NC_003364.gbk
766 45.2 1470427 1469462 genome.dna 1571840 1572713 NC_003364.gbk
506 33.0 1493774 1492350 genome.dna 1745791 1747042 NC_003364.gbk
649 32.4 1504627 1506285 genome.dna 1763872 1765585 NC_003364.gbk
851 38.9 1536355 1535069 genome.dna 990479 989249 NC_003364.gbk
1444 41.3 1537737 1539503 genome.dna 395969 397715 NC_003364.gbk
621 35.2 1543336 1544562 genome.dna 1574823 1575975 NC_003364.gbk
970 41.8 1544898 1546064 genome.dna 1373688 1374837 NC_003364.gbk
932 49.1 1546064 1546936 genome.dna 1374833 1375715 NC_003364.gbk
518 31.8 1558773 1559834 genome.dna 1853152 1852228 NC_003364.gbk
378 30.3 1561588 1560626 genome.dna 1610177 1611008 NC_003364.gbk
412 34.4 1592635 1591727 genome.dna 1583066 1582220 NC_003364.gbk
850 30.3 1598005 1595975 genome.dna 1748863 1747150 NC_003364.gbk
913 42.7 1735237 1734179 genome.dna 33477 32433 NC_003364.gbk
533 41.1 1763515 1764231 genome.dna 1355872 1355107 NC_003364.gbk
241 38.6 2009604 2010017 genome.dna 1588142 1588583 NC_003364.gbk
260 35.8 2011254 2010925 genome.dna 1531862 1531526 NC_003364.gbk
140 33.3 2015203 2015631 genome.dna 376960 376558 NC_003364.gbk
466 39.1 2044045 2044779 genome.dna 1232892 1232160 NC_003364.gbk
272 33.3 2048443 2049102 genome.dna 564569 565148 NC_003364.gbk
567 43.5 2071740 2072447 genome.dna 1650035 1649369 NC_003364.gbk
351 31.1 2073776 2074690 genome.dna 2061171 2060280 NC_003364.gbk
545 41.7 2074702 2075532 genome.dna 2101419 2100669 NC_003364.gbk
479 33.0 2091759 2090755 genome.dna 206833 205915 NC_003364.gbk
1178 41.0 2102354 2104732 genome.dna 1444891 1442455 NC_003364.gbk
138 30.7 2111138 2111554 genome.dna 789003 789447 NC_003364.gbk
692 33.6 2112831 2114330 genome.dna 1065828 1067253 NC_003364.gbk
651 42.6 2114428 2115174 genome.dna 1065168 1064397 NC_003364.gbk
2829 50.8 2198282 2200954 genome.dna 876499 879124 NC_003364.gbk
507 35.7 2209283 2210113 genome.dna 1136949 1136145 NC_003364.gbk
2139 48.5 2310451 2314227 genome.dna 2167485 2171370 NC_003364.gbk
1443 54.2 2314227 2315807 genome.dna 2171366 2172788 NC_003364.gbk
491 36.2 2450865 2451701 genome.dna 829328 828590 NC_003364.gbk
727 35.6 2542867 2544249 genome.dna 1058770 1057423 NC_003364.gbk
902 39.5 2563367 2561970 genome.dna 1628144 1629473 NC_003364.gbk
324 33.5 2585970 2586605 genome.dna 507788 507116 NC_003364.gbk
674 38.0 2605113 2606180 genome.dna 1465583 1464581 NC_003364.gbk
446 33.1 2607572 2608762 genome.dna 1466856 1465623 NC_003364.gbk
987 48.1 2627092 2626058 genome.dna 767215 766252 NC_003364.gbk
300 34.3 2637907 2637311 genome.dna 1458972 1458414 NC_003364.gbk
348 31.2 2645012 2644386 genome.dna 1397226 1396590 NC_003364.gbk
579 40.1 2657649 2656798 genome.dna 1945484 1944662 NC_003364.gbk
1059 35.7 2683421 2681736 genome.dna 820819 822553 NC_003364.gbk
1286 48.7 2755752 2754499 genome.dna 966719 968039 NC_003364.gbk
360 31.0 2767679 2768455 genome.dna 1713836 1714598 NC_003364.gbk
456 35.9 2864092 2865492 genome.dna 1768811 1767515 NC_003364.gbk
238 33.5 2869134 2868487 genome.dna 898498 899122 NC_003364.gbk
418 32.1 2916384 2917283 genome.dna 563218 564067 NC_003364.gbk
368 30.4 2918614 2919687 genome.dna 561670 562717 NC_003364.gbk
263 37.4 2920770 2921360 genome.dna 560622 561195 NC_003364.gbk
688 43.2 2922086 2922862 genome.dna 579519 578757 NC_003364.gbk
706 33.7 2975613 2974318 genome.dna 1880873 1882229 NC_003364.gbk
194 31.5 2981911 2981417 genome.dna 2086925 2086418 NC_003364.gbk
545 31.9 3013338 3012229 genome.dna 557544 558699 NC_003364.gbk
363 31.6 3016080 3015361 genome.dna 1345065 1345782 NC_003364.gbk
217 30.5 3019705 3020373 genome.dna 723651 722970 NC_003364.gbk
434 33.7 3027219 3026053 genome.dna 1598872 1597756 NC_003364.gbk
760 49.0 3111014 3111736 genome.dna 1177221 1177956 NC_003364.gbk
192 30.9 3135924 3135382 genome.dna 478760 479291 NC_003364.gbk
353 39.0 3156400 3155882 genome.dna 567305 566786 NC_003364.gbk
600 43.2 3336744 3335911 genome.dna 316748 316022 NC_003364.gbk
420 31.1 3378041 3377067 genome.dna 928340 927290 NC_003364.gbk
531 44.2 3408161 3407589 genome.dna 871051 870481 NC_003364.gbk
387 30.6 3409858 3408341 genome.dna 122810 124073 NC_003364.gbk
169 31.0 3415469 3414618 genome.dna 672479 671708 NC_003364.gbk
754 42.5 3427528 3426443 genome.dna 1126101 1124994 NC_003364.gbk
555 34.1 3512886 3511738 genome.dna 1213036 1211821 NC_003364.gbk
374 32.9 3516455 3517318 genome.dna 117826 118762 NC_003364.gbk
1008 40.7 3519048 3517663 genome.dna 460694 462119 NC_003364.gbk
502 52.9 3521609 3522118 genome.dna 139954 139465 NC_003364.gbk
522 32.8 3522115 3523185 genome.dna 126794 125654 NC_003364.gbk
399 31.0 3541630 3540590 genome.dna 695931 694974 NC_003364.gbk
477 34.0 3549622 3550470 genome.dna 2077368 2078175 NC_003364.gbk
1171 44.1 3590632 3589055 genome.dna 2017199 2018717 NC_003364.gbk
167 36.5 3608433 3608005 genome.dna 914548 913960 NC_003364.gbk
711 36.3 3635387 3634134 genome.dna 444967 443674 NC_003364.gbk
1154 43.8 3714803 3716083 genome.dna 316933 318205 NC_003364.gbk
730 48.4 3732844 3733638 genome.dna 2038166 2038955 NC_003364.gbk
515 34.1 3736813 3735875 genome.dna 148391 149345 NC_003364.gbk
507 30.4 3742499 3743362 genome.dna 704429 705305 NC_003364.gbk
861 34.0 3776200 3774839 genome.dna 2014138 2015440 NC_003364.gbk
283 34.1 3780567 3780001 genome.dna 1825712 1826315 NC_003364.gbk
505 42.1 3898447 3899475 genome.dna 412176 413277 NC_003364.gbk
469 34.3 3918901 3920391 genome.dna 890813 892013 NC_003364.gbk
468 42.5 3961248 3960622 genome.dna 385856 386474 NC_003364.gbk
691 31.4 3969453 3967963 genome.dna 1787510 1786175 NC_003364.gbk
316 31.9 3972869 3972135 genome.dna 1537170 1536366 NC_003364.gbk
209 31.0 3986036 3985365 genome.dna 5151 4482 NC_003364.gbk
740 35.8 4001743 4000448 genome.dna 451183 452443 NC_003364.gbk
1477 51.4 4003479 4001842 genome.dna 2109507 2111100 NC_003364.gbk
662 37.3 4013697 4012813 genome.dna 674453 673598 NC_003364.gbk
151 32.6 4040654 4040304 genome.dna 79163 78824 NC_003364.gbk
171 34.7 4079441 4080034 genome.dna 1408765 1408201 NC_003364.gbk
215 32.1 4137049 4136630 genome.dna 597500 597911 NC_003364.gbk
754 35.9 4231793 4230366 genome.dna 1575971 1577330 NC_003364.gbk
1269 38.9 4279582 4277864 genome.dna 1979167 1977496 NC_003364.gbk
419 31.8 4283764 4284855 genome.dna 1173679 1174552 NC_003364.gbk
259 37.9 4319027 4319845 genome.dna 1931137 1930450 NC_003364.gbk
1262 41.8 4330684 4327460 genome.dna 551242 554317 NC_003364.gbk
384 38.6 4331847 4330699 genome.dna 550212 551253 NC_003364.gbk
395 35.9 4373604 4372945 genome.dna 601191 600519 NC_003364.gbk
214 30.5 4379941 4378778 genome.dna 1020881 1019654 NC_003364.gbk
355 31.9 4398393 4397095 genome.dna 570925 569923 NC_003364.gbk
566 37.4 4402445 4401165 genome.dna 437817 436656 NC_003364.gbk
681 33.8 4409618 4408062 genome.dna 1503754 1505260 NC_003364.gbk
648 42.9 4444572 4445309 genome.dna 397716 398430 NC_003364.gbk
189 32.4 4479596 4478769 genome.dna 1126886 1126097 NC_003364.gbk
190 41.2 4490164 4489775 genome.dna 1894598 1895000 NC_003364.gbk
105 34.9 4490537 4490181 genome.dna 1832375 1831916 NC_003364.gbk
334 32.3 4499431 4498610 genome.dna 447886 447145 NC_003364.gbk
128 42.7 4499751 4499449 genome.dna 1160349 1160595 NC_003364.gbk
218 38.0 4501337 4501026 genome.dna 1727793 1728114 NC_003364.gbk
800 38.0 4531124 4529898 genome.dna 1503203 1502051 NC_003364.gbk
578 44.8 4531820 4531245 genome.dna 1463326 1462747 NC_003364.gbk
624 36.3 4542308 4541385 genome.dna 1422791 1422002 NC_003364.gbk
550 36.6 4680620 4681561 genome.dna 311159 312053 NC_003364.gbk
690 32.8 4703612 4702350 genome.dna 1969124 1967774 NC_003364.gbk
721 38.8 4729969 4728119 genome.dna 331089 329400 NC_003364.gbk
869 43.0 4730969 4730043 genome.dna 1976284 1975372 NC_003364.gbk
847 38.7 4766891 4765731 genome.dna 1440908 1439756 NC_003364.gbk
660 46.7 4812444 4811680 genome.dna 623958 624723 NC_003364.gbk
922 43.0 4838481 4837408 genome.dna 783824 782750 NC_003364.gbk
837 36.1 4859267 4858077 genome.dna 1376016 1377216 NC_003364.gbk
721 49.6 4859998 4859297 genome.dna 828600 827895 NC_003364.gbk
541 32.9 4860774 4860004 genome.dna 1469936 1469156 NC_003364.gbk
957 46.6 4927471 4926491 genome.dna 768180 767211 NC_003364.gbk
767 37.7 4929420 4928401 genome.dna 1423804 1422790 NC_003364.gbk
767 37.7 4929420 4928401 genome.dna 1423804 1422790 NC_003364.gbk
361 30.2 5014534 5013698 genome.dna 1758010 1758814 NC_003364.gbk
803 48.0 5018328 5017552 genome.dna 833439 832686 NC_003364.gbk
410 32.6 5020260 5019301 genome.dna 835330 834391 NC_003364.gbk
553 36.2 5021463 5020423 genome.dna 836585 835352 NC_003364.gbk
440 37.6 5034549 5033818 genome.dna 1675057 1674319 NC_003364.gbk
752 41.8 5049054 5047222 genome.dna 1802364 1800555 NC_003364.gbk
