645 48.1 1179 2171 genome.dna 889802 888833 NC_004567.gbk
1062 37.8 5629 7497 genome.dna 2918828 2920871 NC_004567.gbk
386 43.2 10521 10940 genome.dna 3280326 3279930 NC_004567.gbk
772 43.2 14538 15464 genome.dna 2036923 2036002 NC_004567.gbk
557 32.4 15468 16463 genome.dna 2871483 2870481 NC_004567.gbk
1230 36.2 25826 28615 genome.dna 1378500 1381149 NC_004567.gbk
447 38.6 29669 29034 genome.dna 1909671 1909077 NC_004567.gbk
720 40.4 36667 35258 genome.dna 1443549 1444896 NC_004567.gbk
2108 50.6 37037 38860 genome.dna 1940616 1938777 NC_004567.gbk
454 45.0 39698 40135 genome.dna 1798387 1797940 NC_004567.gbk
636 31.0 44746 43358 genome.dna 2410635 2411976 NC_004567.gbk
1358 39.9 47188 45107 genome.dna 1480672 1482712 NC_004567.gbk
1549 36.8 49985 47886 genome.dna 1800664 1798396 NC_004567.gbk
522 44.2 50956 50333 genome.dna 1465581 1466202 NC_004567.gbk
1736 60.0 62838 64181 genome.dna 1068056 1066709 NC_004567.gbk
695 31.2 77642 78994 genome.dna 337087 338419 NC_004567.gbk
600 56.1 83450 83959 genome.dna 3286815 3287352 NC_004567.gbk
552 36.5 93925 92960 genome.dna 720605 719630 NC_004567.gbk
270 32.4 96727 96284 genome.dna 187330 186886 NC_004567.gbk
638 51.1 97287 96724 genome.dna 271074 271638 NC_004567.gbk
1194 58.8 98527 99441 genome.dna 1780510 1779610 NC_004567.gbk
1227 32.6 99451 101520 genome.dna 1779611 1777526 NC_004567.gbk
971 40.5 104909 106057 genome.dna 213328 214486 NC_004567.gbk
373 35.1 140268 141428 genome.dna 3203867 3202766 NC_004567.gbk
967 46.0 166824 165547 genome.dna 1466574 1467801 NC_004567.gbk
574 38.0 168516 169325 genome.dna 1381160 1381985 NC_004567.gbk
449 43.5 170854 170375 genome.dna 1926498 1926006 NC_004567.gbk
849 42.4 192775 193791 genome.dna 690726 691743 NC_004567.gbk
1589 46.9 199780 202044 genome.dna 1260050 1257743 NC_004567.gbk
454 33.2 208739 209521 genome.dna 67604 68351 NC_004567.gbk
597 35.5 217784 218788 genome.dna 476965 477991 NC_004567.gbk
422 37.4 218826 219599 genome.dna 479245 479992 NC_004567.gbk
1342 46.4 219661 221034 genome.dna 712176 713580 NC_004567.gbk
529 38.1 222967 223722 genome.dna 3043574 3044288 NC_004567.gbk
356 35.1 237567 238178 genome.dna 672432 671784 NC_004567.gbk
403 30.8 247002 247961 genome.dna 793923 794913 NC_004567.gbk
871 44.2 248939 247989 genome.dna 843591 844521 NC_004567.gbk
1928 71.8 250357 251541 genome.dna 1914103 1912915 NC_004567.gbk
499 41.5 252164 252709 genome.dna 586062 586611 NC_004567.gbk
585 65.2 252872 253300 genome.dna 587628 588054 NC_004567.gbk
719 47.1 253304 254008 genome.dna 588154 588844 NC_004567.gbk
342 47.5 254890 255255 genome.dna 589607 589976 NC_004567.gbk
2069 44.7 255584 259612 genome.dna 939960 943575 NC_004567.gbk
2508 44.8 259736 263959 genome.dna 943592 947234 NC_004567.gbk
253 30.1 271449 270808 genome.dna 101063 101717 NC_004567.gbk
967 41.8 280242 278956 genome.dna 2419897 2418655 NC_004567.gbk
916 47.2 281849 280260 genome.dna 2421449 2419916 NC_004567.gbk
585 46.9 292998 292333 genome.dna 2861015 2861723 NC_004567.gbk
636 43.7 293855 293088 genome.dna 2862967 2863783 NC_004567.gbk
730 38.3 301263 300298 genome.dna 499654 500662 NC_004567.gbk
403 35.5 302355 301621 genome.dna 2434791 2435427 NC_004567.gbk
393 32.0 303420 302533 genome.dna 1802866 1801915 NC_004567.gbk
1442 49.0 306633 305290 genome.dna 1528331 1529720 NC_004567.gbk
1084 50.9 313270 314313 genome.dna 2095086 2094081 NC_004567.gbk
890 33.0 329415 330869 genome.dna 2751333 2752746 NC_004567.gbk
731 40.2 334964 334107 genome.dna 714514 715399 NC_004567.gbk
1234 48.7 345980 347242 genome.dna 2133302 2131985 NC_004567.gbk
512 55.7 352201 352629 genome.dna 978984 979428 NC_004567.gbk
460 53.1 352645 353037 genome.dna 979441 979834 NC_004567.gbk
635 43.3 372605 373492 genome.dna 648785 649682 NC_004567.gbk
519 34.4 386934 386071 genome.dna 301989 302853 NC_004567.gbk
736 42.4 399153 398326 genome.dna 2496323 2495456 NC_004567.gbk
739 32.4 413001 411592 genome.dna 167689 169195 NC_004567.gbk
417 43.3 424707 424243 genome.dna 2611665 2611116 NC_004567.gbk
2245 47.5 426927 424789 genome.dna 2613853 2611630 NC_004567.gbk
465 32.7 433394 432459 genome.dna 2407146 2406210 NC_004567.gbk
1064 50.8 435364 434357 genome.dna 481150 482173 NC_004567.gbk
375 30.4 457861 457211 genome.dna 697158 696525 NC_004567.gbk
1181 42.4 460910 458055 genome.dna 2100297 2097627 NC_004567.gbk
359 46.2 503049 502735 genome.dna 3212197 3211882 NC_004567.gbk
749 40.5 504017 503193 genome.dna 3210514 3209668 NC_004567.gbk
1477 50.2 505284 504022 genome.dna 3211846 3210562 NC_004567.gbk
1235 43.4 506771 505281 genome.dna 3213664 3212197 NC_004567.gbk
232 31.1 515161 515775 genome.dna 2515805 2515301 NC_004567.gbk
234 32.1 526894 527520 genome.dna 1437010 1437577 NC_004567.gbk
1340 46.8 530287 528905 genome.dna 576648 578028 NC_004567.gbk
1545 47.1 533382 534971 genome.dna 1138709 1140242 NC_004567.gbk
1196 43.4 695973 694534 genome.dna 2525217 2523816 NC_004567.gbk
230 41.9 697176 697469 genome.dna 665003 665288 NC_004567.gbk
2008 58.4 697515 699164 genome.dna 665343 666969 NC_004567.gbk
252 30.8 704061 704669 genome.dna 1863768 1864401 NC_004567.gbk
724 39.0 727813 726815 genome.dna 1059261 1060269 NC_004567.gbk
1415 44.0 734875 736791 genome.dna 3128943 3127068 NC_004567.gbk
882 42.8 755628 756641 genome.dna 659207 660254 NC_004567.gbk
284 42.7 761608 761919 genome.dna 1450654 1450963 NC_004567.gbk
289 54.3 761939 762196 genome.dna 1451344 1451623 NC_004567.gbk
391 44.9 766454 766933 genome.dna 1428799 1429282 NC_004567.gbk
215 40.7 767354 767061 genome.dna 1398669 1398984 NC_004567.gbk
1802 45.5 768185 770122 genome.dna 496381 498619 NC_004567.gbk
504 34.1 770241 771074 genome.dna 2931722 2930930 NC_004567.gbk
1168 43.5 771082 772419 genome.dna 759739 761095 NC_004567.gbk
1904 38.3 779306 782008 genome.dna 1843367 1840790 NC_004567.gbk
270 36.1 782083 782481 genome.dna 1840768 1840414 NC_004567.gbk
419 33.8 782481 783425 genome.dna 1833193 1832269 NC_004567.gbk
300 50.6 783547 783816 genome.dna 1919637 1919367 NC_004567.gbk
231 33.1 803045 802602 genome.dna 658272 658755 NC_004567.gbk
409 34.4 808581 807679 genome.dna 1143594 1144476 NC_004567.gbk
547 36.4 808710 809492 genome.dna 1831255 1830544 NC_004567.gbk
1717 49.0 809514 811193 genome.dna 927174 928857 NC_004567.gbk
895 40.5 812414 811260 genome.dna 2712740 2713913 NC_004567.gbk
486 30.8 820003 820902 genome.dna 1220979 1221810 NC_004567.gbk
1147 32.9 827924 825780 genome.dna 3096914 3094697 NC_004567.gbk
510 35.3 830229 830876 genome.dna 2926636 2925988 NC_004567.gbk
770 41.6 839867 840766 genome.dna 1709427 1708536 NC_004567.gbk
1638 49.8 844582 846099 genome.dna 500765 502265 NC_004567.gbk
835 32.3 856625 858271 genome.dna 754185 756315 NC_004567.gbk
502 34.8 858630 859340 genome.dna 1410353 1411040 NC_004567.gbk
1359 48.8 909308 910588 genome.dna 2264348 2263061 NC_004567.gbk
450 43.9 927840 927358 genome.dna 735714 736185 NC_004567.gbk
1112 34.8 931102 929441 genome.dna 1459364 1461059 NC_004567.gbk
353 38.4 932209 932796 genome.dna 1829091 1828491 NC_004567.gbk
576 35.0 933233 934465 genome.dna 250641 252036 NC_004567.gbk
86 31.1 934700 934497 genome.dna 1553083 1553278 NC_004567.gbk
1240 38.4 953342 951408 genome.dna 833820 835683 NC_004567.gbk
634 30.0 990019 988067 genome.dna 2669094 2667093 NC_004567.gbk
507 36.6 991470 992150 genome.dna 2844811 2844121 NC_004567.gbk
1704 46.4 995970 994243 genome.dna 1157415 1159146 NC_004567.gbk
187 38.3 996273 996016 genome.dna 1157149 1157416 NC_004567.gbk
920 35.8 1016836 1015307 genome.dna 2791020 2792502 NC_004567.gbk
1202 44.2 1040649 1039456 genome.dna 3007513 3008737 NC_004567.gbk
787 50.5 1100443 1101237 genome.dna 1690329 1689378 NC_004567.gbk
690 39.8 1154052 1153258 genome.dna 233083 232291 NC_004567.gbk
848 54.2 1154397 1155122 genome.dna 1858874 1858070 NC_004567.gbk
417 42.1 1155257 1156108 genome.dna 1857968 1857089 NC_004567.gbk
745 45.7 1156279 1157004 genome.dna 1856889 1856166 NC_004567.gbk
534 44.6 1157130 1157687 genome.dna 1856165 1855601 NC_004567.gbk
719 46.0 1159320 1160081 genome.dna 1855482 1854702 NC_004567.gbk
304 30.6 1160970 1162325 genome.dna 1853864 1852586 NC_004567.gbk
391 41.9 1166572 1167027 genome.dna 1522734 1523178 NC_004567.gbk
1317 33.4 1169670 1173152 genome.dna 1718081 1714730 NC_004567.gbk
654 44.4 1173165 1174124 genome.dna 1530523 1531294 NC_004567.gbk
2028 41.4 1180703 1178139 genome.dna 2076208 2073517 NC_004567.gbk
671 40.0 1203627 1202668 genome.dna 2766840 2767836 NC_004567.gbk
691 36.9 1204622 1203627 genome.dna 2765845 2766844 NC_004567.gbk
1070 46.2 1264025 1265131 genome.dna 2923724 2924843 NC_004567.gbk
884 35.9 1265611 1266930 genome.dna 1996908 1998258 NC_004567.gbk
976 43.6 1271755 1272822 genome.dna 2064133 2063098 NC_004567.gbk
1290 49.7 1272920 1274065 genome.dna 2062789 2061646 NC_004567.gbk
433 43.0 1278470 1278919 genome.dna 1382629 1383145 NC_004567.gbk
470 45.2 1280201 1280677 genome.dna 1317657 1318137 NC_004567.gbk
278 42.3 1280702 1281121 genome.dna 1454011 1454431 NC_004567.gbk
540 37.2 1284598 1282733 genome.dna 2328603 2330355 NC_004567.gbk
659 48.2 1285528 1284617 genome.dna 1456996 1457887 NC_004567.gbk
180 40.0 1285773 1285525 genome.dna 1456773 1457004 NC_004567.gbk
800 60.9 1301367 1301990 genome.dna 721354 720763 NC_004567.gbk
1642 60.1 1302154 1303428 genome.dna 1911095 1909829 NC_004567.gbk
335 54.5 1306200 1306472 genome.dna 1697901 1697625 NC_004567.gbk
1596 42.2 1312639 1314408 genome.dna 2574860 2573108 NC_004567.gbk
1147 33.9 1314401 1316176 genome.dna 2573109 2571321 NC_004567.gbk
1075 42.3 1316909 1318201 genome.dna 319865 318548 NC_004567.gbk
255 44.3 1322693 1322445 genome.dna 458581 458827 NC_004567.gbk
562 48.8 1329655 1330212 genome.dna 1881213 1880694 NC_004567.gbk
215 32.7 1332403 1332732 genome.dna 644700 645009 NC_004567.gbk
488 40.4 1332732 1333337 genome.dna 645024 645624 NC_004567.gbk
565 42.7 1335658 1336302 genome.dna 963426 964077 NC_004567.gbk
801 40.6 1336525 1337487 genome.dna 1184252 1183277 NC_004567.gbk
253 32.0 1352428 1351949 genome.dna 2367244 2367748 NC_004567.gbk
1670 48.2 1363499 1366138 genome.dna 6675 9237 NC_004567.gbk
471 38.9 1391405 1390635 genome.dna 1520459 1521272 NC_004567.gbk
402 35.6 1426894 1426256 genome.dna 2422029 2421450 NC_004567.gbk
877 41.5 1427931 1426894 genome.dna 2423047 2422021 NC_004567.gbk
757 53.7 1428285 1428911 genome.dna 2144062 2143432 NC_004567.gbk
1280 45.8 1429248 1430537 genome.dna 2142280 2140999 NC_004567.gbk
646 38.9 1434853 1435731 genome.dna 2384768 2385638 NC_004567.gbk
554 37.3 1436929 1437642 genome.dna 2428362 2427630 NC_004567.gbk
304 36.2 1437843 1438295 genome.dna 1710836 1710377 NC_004567.gbk
281 67.2 1468125 1468334 genome.dna 36679 36880 NC_004567.gbk
180 34.9 1468782 1468399 genome.dna 195749 195398 NC_004567.gbk
292 43.3 1478243 1477926 genome.dna 1400250 1400607 NC_004567.gbk
293 32.9 1479078 1478437 genome.dna 1398996 1399632 NC_004567.gbk
1814 41.9 1483266 1480684 genome.dna 1210181 1212608 NC_004567.gbk
872 55.0 1484840 1484115 genome.dna 811875 812610 NC_004567.gbk
159 30.1 1490971 1490492 genome.dna 1783468 1782988 NC_004567.gbk
893 47.2 1492026 1490968 genome.dna 1784455 1783477 NC_004567.gbk
566 30.9 1501778 1500630 genome.dna 517650 518787 NC_004567.gbk
408 33.6 1502595 1501795 genome.dna 206279 206993 NC_004567.gbk
212 30.1 1506798 1506349 genome.dna 2893559 2894042 NC_004567.gbk
825 30.7 1525473 1523818 genome.dna 1587245 1585583 NC_004567.gbk
899 35.0 1547669 1549237 genome.dna 1023889 1025329 NC_004567.gbk
578 33.0 1549251 1550390 genome.dna 1025321 1026317 NC_004567.gbk
611 39.1 1557428 1558144 genome.dna 1533544 1532818 NC_004567.gbk
574 33.0 1561588 1560626 genome.dna 2927376 2928264 NC_004567.gbk
911 57.2 1563766 1563014 genome.dna 2828344 2827651 NC_004567.gbk
809 41.3 1573036 1572017 genome.dna 3090263 3089258 NC_004567.gbk
701 48.3 1599518 1600159 genome.dna 1428059 1428689 NC_004567.gbk
245 30.7 1626767 1627393 genome.dna 1753455 1752846 NC_004567.gbk
740 44.4 1635671 1634820 genome.dna 1087413 1088256 NC_004567.gbk
572 48.9 1636204 1635668 genome.dna 1085723 1086272 NC_004567.gbk
1148 57.7 1637078 1636206 genome.dna 1083488 1084352 NC_004567.gbk
2019 63.1 1638449 1639855 genome.dna 1407209 1408646 NC_004567.gbk
816 42.6 1656775 1657761 genome.dna 3226405 3225376 NC_004567.gbk
696 37.5 1664731 1665621 genome.dna 3225354 3224451 NC_004567.gbk
320 30.1 1742342 1741713 genome.dna 1761544 1760938 NC_004567.gbk
368 30.3 1745705 1744989 genome.dna 1393472 1394219 NC_004567.gbk
1436 52.5 1768623 1769945 genome.dna 2514918 2513619 NC_004567.gbk
555 39.5 1813209 1812400 genome.dna 1872626 1871834 NC_004567.gbk
153 34.6 2010635 2010913 genome.dna 1420882 1420609 NC_004567.gbk
157 32.4 2015203 2015631 genome.dna 2115698 2116181 NC_004567.gbk
100 30.9 2040877 2041047 genome.dna 1403242 1403422 NC_004567.gbk
659 34.1 2041077 2042123 genome.dna 1482753 1483800 NC_004567.gbk
677 35.9 2042130 2043083 genome.dna 562295 563267 NC_004567.gbk
535 32.8 2043101 2044030 genome.dna 1524547 1525480 NC_004567.gbk
583 40.3 2044045 2044779 genome.dna 1525466 1526195 NC_004567.gbk
196 39.2 2044934 2045170 genome.dna 1483838 1484084 NC_004567.gbk
1152 43.9 2045253 2046494 genome.dna 1526213 1527446 NC_004567.gbk
426 37.6 2048443 2049102 genome.dna 646287 646953 NC_004567.gbk
509 33.8 2050132 2050929 genome.dna 410279 411056 NC_004567.gbk
1945 33.1 2070405 2066956 genome.dna 487337 490865 NC_004567.gbk
574 38.9 2071740 2072447 genome.dna 2437912 2438671 NC_004567.gbk
307 33.7 2073776 2074690 genome.dna 395149 396046 NC_004567.gbk
357 31.7 2074702 2075532 genome.dna 403835 404540 NC_004567.gbk
175 34.3 2076838 2077179 genome.dna 512928 513264 NC_004567.gbk
346 39.6 2079241 2079792 genome.dna 202844 203330 NC_004567.gbk
921 50.7 2086038 2087372 genome.dna 1134481 1133125 NC_004567.gbk
1756 45.4 2099496 2097796 genome.dna 170176 171853 NC_004567.gbk
1140 42.6 2102354 2104732 genome.dna 1731825 1729428 NC_004567.gbk
982 37.3 2112831 2114330 genome.dna 1348911 1350318 NC_004567.gbk
789 48.0 2114428 2115174 genome.dna 1345127 1345925 NC_004567.gbk
1331 48.5 2116495 2117718 genome.dna 1347222 1348461 NC_004567.gbk
1297 45.2 2121733 2120321 genome.dna 1713569 1711808 NC_004567.gbk
721 39.7 2122379 2123242 genome.dna 3129913 3129067 NC_004567.gbk
1037 47.3 2158261 2157266 genome.dna 79285 78280 NC_004567.gbk
709 36.4 2183367 2182216 genome.dna 2832355 2833549 NC_004567.gbk
1268 48.8 2192856 2194133 genome.dna 2506059 2504802 NC_004567.gbk
583 44.0 2216576 2217319 genome.dna 2399698 2398984 NC_004567.gbk
838 57.6 2218378 2219073 genome.dna 3174883 3174154 NC_004567.gbk
1196 57.2 2222606 2221689 genome.dna 2953771 2954692 NC_004567.gbk
768 42.6 2237016 2237987 genome.dna 2615367 2616411 NC_004567.gbk
763 45.8 2239913 2239125 genome.dna 1531314 1532073 NC_004567.gbk
429 33.8 2246565 2247398 genome.dna 330436 331336 NC_004567.gbk
647 35.2 2267632 2266640 genome.dna 1861108 1860109 NC_004567.gbk
336 33.7 2275290 2274685 genome.dna 887291 886661 NC_004567.gbk
1869 49.8 2310451 2314227 genome.dna 1368131 1371824 NC_004567.gbk
2100 56.7 2314227 2315807 genome.dna 1371813 1373373 NC_004567.gbk
427 34.4 2316519 2317223 genome.dna 1373934 1374624 NC_004567.gbk
700 31.8 2359305 2358133 genome.dna 2742415 2743621 NC_004567.gbk
395 32.1 2378840 2379481 genome.dna 1361768 1361114 NC_004567.gbk
1367 55.5 2487322 2486231 genome.dna 2850249 2849148 NC_004567.gbk
429 40.3 2488039 2487452 genome.dna 486760 487318 NC_004567.gbk
1046 50.5 2489732 2488785 genome.dna 420926 421907 NC_004567.gbk
349 31.0 2490742 2489870 genome.dna 412981 413848 NC_004567.gbk
1155 48.9 2492889 2493971 genome.dna 2148690 2147607 NC_004567.gbk
437 33.7 2493971 2494816 genome.dna 2147615 2146748 NC_004567.gbk
659 35.0 2513105 2511876 genome.dna 1543480 1544653 NC_004567.gbk
746 32.6 2542867 2544249 genome.dna 1558115 1559465 NC_004567.gbk
944 32.3 2556170 2554698 genome.dna 1191258 1192761 NC_004567.gbk
1454 50.2 2563367 2561970 genome.dna 1009355 1010738 NC_004567.gbk
565 30.5 2571743 2570592 genome.dna 2326109 2325089 NC_004567.gbk
1453 46.1 2578455 2579960 genome.dna 3174103 3172678 NC_004567.gbk
476 46.6 2585970 2586605 genome.dna 2550886 2550235 NC_004567.gbk
1159 38.6 2593132 2590532 genome.dna 1673701 1671553 NC_004567.gbk
714 38.6 2605113 2606180 genome.dna 1508802 1509822 NC_004567.gbk
1358 52.8 2607572 2608762 genome.dna 1511225 1512425 NC_004567.gbk
572 39.3 2608762 2609568 genome.dna 1512414 1513212 NC_004567.gbk
741 30.3 2624113 2625573 genome.dna 2915179 2913721 NC_004567.gbk
1035 52.0 2628084 2627089 genome.dna 1150260 1151340 NC_004567.gbk
769 38.7 2629936 2629016 genome.dna 1148277 1149207 NC_004567.gbk
813 31.5 2631627 2629990 genome.dna 184867 183205 NC_004567.gbk
2416 48.0 2634501 2637176 genome.dna 3285214 3282610 NC_004567.gbk
597 49.0 2637907 2637311 genome.dna 2149282 2148703 NC_004567.gbk
750 42.8 2639766 2638855 genome.dna 691786 692707 NC_004567.gbk
227 31.5 2645457 2646263 genome.dna 751848 751083 NC_004567.gbk
357 45.1 2654386 2653967 genome.dna 1658060 1657625 NC_004567.gbk
897 46.2 2654735 2655739 genome.dna 724978 726001 NC_004567.gbk
733 41.9 2679167 2679979 genome.dna 2091945 2091138 NC_004567.gbk
290 30.8 2685383 2684682 genome.dna 657466 658192 NC_004567.gbk
274 30.6 2693565 2694197 genome.dna 2567376 2566782 NC_004567.gbk
757 37.5 2697304 2698272 genome.dna 533142 534117 NC_004567.gbk
855 50.4 2698450 2699247 genome.dna 534154 534961 NC_004567.gbk
819 45.9 2699262 2700104 genome.dna 534978 535896 NC_004567.gbk
277 66.1 2702947 2702738 genome.dna 921008 921209 NC_004567.gbk
580 30.8 2704043 2704957 genome.dna 997830 998772 NC_004567.gbk
634 38.9 2704954 2705844 genome.dna 996206 996962 NC_004567.gbk
735 39.5 2706704 2707561 genome.dna 996958 997834 NC_004567.gbk
478 34.5 2707951 2708811 genome.dna 1796294 1797137 NC_004567.gbk
461 34.9 2712101 2712862 genome.dna 2696702 2697458 NC_004567.gbk
1111 63.6 2724246 2725070 genome.dna 522052 522880 NC_004567.gbk
1239 37.2 2726216 2727934 genome.dna 3269261 3271073 NC_004567.gbk
496 36.0 2731236 2728849 genome.dna 1424271 1426689 NC_004567.gbk
767 46.7 2732234 2731251 genome.dna 1423216 1424263 NC_004567.gbk
439 60.2 2732903 2732547 genome.dna 1388798 1389155 NC_004567.gbk
135 46.2 2733144 2732947 genome.dna 1388567 1388762 NC_004567.gbk
562 47.0 2733782 2733240 genome.dna 1388024 1388546 NC_004567.gbk
1251 36.3 2735713 2733785 genome.dna 1385838 1387803 NC_004567.gbk
1369 55.6 2757088 2758194 genome.dna 1969012 1967887 NC_004567.gbk
1222 47.5 2765355 2764123 genome.dna 1723247 1722008 NC_004567.gbk
551 36.3 2766822 2767682 genome.dna 293418 292584 NC_004567.gbk
539 34.5 2767679 2768455 genome.dna 292585 291769 NC_004567.gbk
842 38.1 2768546 2769589 genome.dna 291773 290702 NC_004567.gbk
461 49.7 2777056 2776550 genome.dna 2107391 2107853 NC_004567.gbk
577 30.8 2781410 2782864 genome.dna 1562117 1563485 NC_004567.gbk
1112 39.1 2794931 2793456 genome.dna 2380420 2381905 NC_004567.gbk
465 32.6 2795320 2796189 genome.dna 1056330 1057209 NC_004567.gbk
251 36.8 2806364 2806672 genome.dna 2472476 2472128 NC_004567.gbk
1244 53.9 2809298 2808294 genome.dna 2065161 2064150 NC_004567.gbk
354 34.0 2809923 2809306 genome.dna 2065790 2065178 NC_004567.gbk
751 48.8 2811487 2810744 genome.dna 2037788 2037059 NC_004567.gbk
1933 51.4 2813755 2811956 genome.dna 1793465 1791668 NC_004567.gbk
334 32.0 2833872 2833114 genome.dna 2002852 2003491 NC_004567.gbk
629 32.2 2835515 2837245 genome.dna 1272687 1274376 NC_004567.gbk
511 33.7 2839971 2839006 genome.dna 752169 753072 NC_004567.gbk
1160 31.0 2854450 2852540 genome.dna 1692252 1690341 NC_004567.gbk
726 35.3 2864092 2865492 genome.dna 1579486 1580785 NC_004567.gbk
880 31.4 2898013 2896643 genome.dna 2598107 2599475 NC_004567.gbk
501 38.3 2900715 2899810 genome.dna 995051 995894 NC_004567.gbk
280 33.8 2901220 2900693 genome.dna 1012454 1013000 NC_004567.gbk
1656 53.5 2902776 2901247 genome.dna 1006622 1008161 NC_004567.gbk
942 53.5 2903705 2902830 genome.dna 1005718 1006633 NC_004567.gbk
256 42.7 2903995 2903705 genome.dna 1005428 1005719 NC_004567.gbk
540 34.5 2905083 2904019 genome.dna 1004383 1005439 NC_004567.gbk
462 36.9 2906057 2905173 genome.dna 861713 862544 NC_004567.gbk
1035 41.9 2917289 2918617 genome.dna 2280581 2279294 NC_004567.gbk
413 39.0 2920770 2921360 genome.dna 2278637 2278010 NC_004567.gbk
586 39.2 2921367 2922104 genome.dna 2278036 2277310 NC_004567.gbk
732 46.1 2922086 2922862 genome.dna 2277317 2276558 NC_004567.gbk
545 42.3 2926492 2925815 genome.dna 1701662 1700975 NC_004567.gbk
1064 47.1 2929170 2928085 genome.dna 189594 188520 NC_004567.gbk
2970 59.1 2932697 2934979 genome.dna 2949058 2951317 NC_004567.gbk
690 39.6 2966712 2967509 genome.dna 2951353 2952175 NC_004567.gbk
1334 50.0 2975613 2974318 genome.dna 448813 450085 NC_004567.gbk
1310 48.1 2977060 2975717 genome.dna 1408814 1410191 NC_004567.gbk
755 33.6 2981302 2977892 genome.dna 1336384 1339381 NC_004567.gbk
716 38.0 2982496 2983455 genome.dna 695481 696420 NC_004567.gbk
984 32.8 2983684 2985450 genome.dna 1026445 1028179 NC_004567.gbk
338 70.0 2988043 2988261 genome.dna 964251 964470 NC_004567.gbk
651 34.0 2988414 2989868 genome.dna 2383497 2382129 NC_004567.gbk
173 31.7 3002657 3002334 genome.dna 1878196 1878544 NC_004567.gbk
427 35.6 3016080 3015361 genome.dna 768997 769750 NC_004567.gbk
585 50.2 3019705 3020373 genome.dna 444088 444736 NC_004567.gbk
943 45.1 3024334 3023318 genome.dna 2127661 2126629 NC_004567.gbk
470 36.2 3040207 3039428 genome.dna 2287955 2287130 NC_004567.gbk
409 37.4 3046334 3045672 genome.dna 2934630 2934060 NC_004567.gbk
715 34.7 3050037 3051158 genome.dna 2716261 2715139 NC_004567.gbk
1877 56.3 3063296 3061821 genome.dna 929240 930692 NC_004567.gbk
725 41.9 3068393 3066702 genome.dna 1889786 1891754 NC_004567.gbk
460 30.2 3069350 3068412 genome.dna 1888847 1889765 NC_004567.gbk
475 38.5 3084419 3083724 genome.dna 1706796 1706079 NC_004567.gbk
897 46.2 3137830 3136895 genome.dna 1186079 1187009 NC_004567.gbk
1849 58.2 3139235 3137823 genome.dna 1185966 1184583 NC_004567.gbk
755 42.9 3148240 3147401 genome.dna 2765054 2765849 NC_004567.gbk
489 36.6 3154559 3153852 genome.dna 1377521 1378238 NC_004567.gbk
251 34.8 3155124 3154672 genome.dna 1354147 1354549 NC_004567.gbk
117 34.5 3155372 3155127 genome.dna 1354551 1354797 NC_004567.gbk
412 45.8 3155863 3155369 genome.dna 1364713 1364221 NC_004567.gbk
282 36.6 3156400 3155882 genome.dna 1366884 1366416 NC_004567.gbk
642 36.1 3157424 3156435 genome.dna 1354840 1355839 NC_004567.gbk
2501 57.9 3161386 3159374 genome.dna 705173 707177 NC_004567.gbk
1439 41.5 3171157 3172854 genome.dna 1015131 1016775 NC_004567.gbk
214 33.7 3228583 3228035 genome.dna 2082305 2081720 NC_004567.gbk
674 33.1 3230474 3228642 genome.dna 1905303 1903488 NC_004567.gbk
1406 46.3 3233243 3234655 genome.dna 2029622 2028236 NC_004567.gbk
455 35.8 3320342 3321007 genome.dna 813466 814108 NC_004567.gbk
208 33.3 3332182 3332514 genome.dna 2925314 2924930 NC_004567.gbk
218 30.9 3360862 3360233 genome.dna 1756205 1755563 NC_004567.gbk
1615 45.4 3364676 3363084 genome.dna 2588420 2586797 NC_004567.gbk
1725 47.6 3368339 3370030 genome.dna 236049 237693 NC_004567.gbk
961 40.9 3395711 3396913 genome.dna 286485 287682 NC_004567.gbk
600 48.4 3408161 3407589 genome.dna 247889 248453 NC_004567.gbk
658 39.7 3409858 3408341 genome.dna 2424498 2423043 NC_004567.gbk
619 40.2 3413548 3412631 genome.dna 1529685 1530531 NC_004567.gbk
682 45.5 3414435 3413773 genome.dna 2022824 2023481 NC_004567.gbk
469 35.5 3415469 3414618 genome.dna 978087 978876 NC_004567.gbk
407 30.4 3416479 3415469 genome.dna 2289888 2288826 NC_004567.gbk
204 38.7 3427528 3426443 genome.dna 1838319 1837149 NC_004567.gbk
826 42.4 3455799 3454780 genome.dna 1353290 1352288 NC_004567.gbk
898 35.8 3477877 3476636 genome.dna 310325 311501 NC_004567.gbk
298 44.3 3500331 3500732 genome.dna 2544399 2544000 NC_004567.gbk
842 49.5 3516455 3517318 genome.dna 1454568 1455438 NC_004567.gbk
1217 45.3 3519048 3517663 genome.dna 581312 582725 NC_004567.gbk
242 36.1 3520193 3520687 genome.dna 2022661 2022076 NC_004567.gbk
581 57.6 3521609 3522118 genome.dna 2429964 2429478 NC_004567.gbk
524 32.1 3522115 3523185 genome.dna 2429495 2428364 NC_004567.gbk
1576 55.8 3523656 3524945 genome.dna 450436 451717 NC_004567.gbk
997 58.6 3527868 3527053 genome.dna 686508 687264 NC_004567.gbk
1438 37.1 3531913 3533985 genome.dna 781732 779575 NC_004567.gbk
342 44.0 3537641 3537204 genome.dna 1248903 1248423 NC_004567.gbk
816 38.2 3540580 3539417 genome.dna 3091491 3090327 NC_004567.gbk
1046 47.7 3546479 3545397 genome.dna 157078 158185 NC_004567.gbk
757 33.8 3546973 3548205 genome.dna 151221 152475 NC_004567.gbk
1306 45.1 3548305 3549609 genome.dna 152584 153874 NC_004567.gbk
796 39.9 3549622 3550470 genome.dna 153878 154763 NC_004567.gbk
2012 43.0 3551956 3554016 genome.dna 3076550 3074498 NC_004567.gbk
416 34.6 3557692 3558888 genome.dna 2855373 2854089 NC_004567.gbk
614 41.5 3577570 3576767 genome.dna 100249 101074 NC_004567.gbk
464 36.6 3578361 3577567 genome.dna 99432 100224 NC_004567.gbk
1824 51.5 3590632 3589055 genome.dna 844614 846171 NC_004567.gbk
1043 38.7 3592378 3593766 genome.dna 1455430 1456774 NC_004567.gbk
462 36.0 3599984 3598497 genome.dna 1699462 1698151 NC_004567.gbk
1106 40.7 3603229 3601955 genome.dna 1794787 1793506 NC_004567.gbk
319 35.9 3608433 3608005 genome.dna 218243 217778 NC_004567.gbk
781 39.6 3621177 3619963 genome.dna 1970633 1969472 NC_004567.gbk
1522 56.8 3635387 3634134 genome.dna 2145380 2144141 NC_004567.gbk
422 43.2 3651787 3651263 genome.dna 641948 642455 NC_004567.gbk
1041 57.6 3653449 3652523 genome.dna 3139244 3138353 NC_004567.gbk
790 40.1 3682691 3681786 genome.dna 1782548 1781639 NC_004567.gbk
391 32.2 3683368 3682688 genome.dna 1484499 1485195 NC_004567.gbk
2310 56.1 3686442 3684643 genome.dna 1817705 1815869 NC_004567.gbk
749 53.6 3694571 3695257 genome.dna 747475 748168 NC_004567.gbk
428 35.7 3698228 3696813 genome.dna 579544 581035 NC_004567.gbk
536 32.3 3700404 3701453 genome.dna 2570684 2569655 NC_004567.gbk
644 44.9 3711890 3712588 genome.dna 1971384 1970691 NC_004567.gbk
405 52.1 3734665 3735045 genome.dna 551915 552308 NC_004567.gbk
499 31.7 3736813 3735875 genome.dna 1728593 1727651 NC_004567.gbk
522 41.5 3738313 3737777 genome.dna 495760 496303 NC_004567.gbk
161 30.6 3744803 3745042 genome.dna 641115 640884 NC_004567.gbk
2398 51.7 3745456 3747603 genome.dna 640746 638580 NC_004567.gbk
999 46.5 3747628 3748590 genome.dna 638553 637542 NC_004567.gbk
2993 53.5 3762599 3760023 genome.dna 1721892 1719288 NC_004567.gbk
669 41.3 3764478 3763501 genome.dna 1612922 1613846 NC_004567.gbk
397 53.6 3773009 3772662 genome.dna 1494568 1494925 NC_004567.gbk
752 44.9 3773827 3773072 genome.dna 1493670 1494411 NC_004567.gbk
226 46.8 3774681 3774433 genome.dna 1492438 1492711 NC_004567.gbk
1426 47.6 3776200 3774839 genome.dna 1490887 1492342 NC_004567.gbk
363 38.4 3777786 3777271 genome.dna 710127 710604 NC_004567.gbk
1543 41.7 3784972 3782345 genome.dna 2057211 2054568 NC_004567.gbk
1350 56.8 3786717 3785644 genome.dna 2080099 2078956 NC_004567.gbk
1096 42.9 3882715 3881462 genome.dna 17453 18692 NC_004567.gbk
735 36.4 3889382 3888324 genome.dna 2061034 2059933 NC_004567.gbk
450 34.9 3909216 3909983 genome.dna 386605 387382 NC_004567.gbk
589 32.5 3918901 3920391 genome.dna 1044412 1045876 NC_004567.gbk
710 33.6 3921930 3923132 genome.dna 1461424 1462621 NC_004567.gbk
853 37.4 3928680 3929900 genome.dna 2527462 2526274 NC_004567.gbk
954 44.3 3952362 3953393 genome.dna 1582223 1583291 NC_004567.gbk
626 45.5 3953386 3954039 genome.dna 2126637 2125944 NC_004567.gbk
513 34.8 3954101 3954916 genome.dna 2125919 2125094 NC_004567.gbk
1764 47.6 3956293 3958011 genome.dna 1852547 1850837 NC_004567.gbk
1009 59.9 3966155 3966877 genome.dna 744895 745630 NC_004567.gbk
709 54.8 3967961 3967344 genome.dna 1263731 1264355 NC_004567.gbk
445 36.5 3989266 3990012 genome.dna 2708485 2707594 NC_004567.gbk
1002 36.1 3994559 3995977 genome.dna 47238 48669 NC_004567.gbk
422 33.2 3996022 3996702 genome.dna 78235 77560 NC_004567.gbk
1665 59.9 4001743 4000448 genome.dna 728190 729519 NC_004567.gbk
1916 53.9 4003479 4001842 genome.dna 429203 430817 NC_004567.gbk
727 35.8 4012636 4011491 genome.dna 2906564 2905451 NC_004567.gbk
615 36.5 4013697 4012813 genome.dna 2273007 2272146 NC_004567.gbk
1791 43.3 4027241 4025196 genome.dna 1040840 1042880 NC_004567.gbk
594 41.9 4036522 4035704 genome.dna 3021915 3021087 NC_004567.gbk
323 32.5 4037132 4037767 genome.dna 1665237 1665864 NC_004567.gbk
333 43.4 4059399 4059037 genome.dna 2978566 2978191 NC_004567.gbk
257 35.6 4059979 4059527 genome.dna 13278 13731 NC_004567.gbk
207 53.0 4060248 4060021 genome.dna 10836 11073 NC_004567.gbk
528 36.2 4068636 4067902 genome.dna 583126 583894 NC_004567.gbk
1348 34.0 4071195 4068739 genome.dna 733253 735689 NC_004567.gbk
428 31.2 4077711 4078532 genome.dna 516780 517572 NC_004567.gbk
480 43.5 4079441 4080034 genome.dna 2048199 2047590 NC_004567.gbk
324 39.3 4086876 4086421 genome.dna 1271969 1272416 NC_004567.gbk
814 30.4 4097614 4096277 genome.dna 392219 393575 NC_004567.gbk
1128 40.9 4114440 4115846 genome.dna 13746 15171 NC_004567.gbk
481 33.8 4115888 4116970 genome.dna 468265 469393 NC_004567.gbk
3619 56.4 4139901 4137067 genome.dna 707211 710067 NC_004567.gbk
264 34.2 4140147 4140710 genome.dna 10195 10798 NC_004567.gbk
1067 47.3 4186931 4185840 genome.dna 3253971 3252834 NC_004567.gbk
1080 33.7 4209249 4211753 genome.dna 2315864 2318309 NC_004567.gbk
410 35.4 4211839 4212789 genome.dna 2314751 2313947 NC_004567.gbk
185 37.1 4215997 4216284 genome.dna 2807650 2807347 NC_004567.gbk
1474 52.4 4216300 4217559 genome.dna 3160700 3159329 NC_004567.gbk
483 35.7 4217612 4218277 genome.dna 2320033 2320747 NC_004567.gbk
1052 39.9 4231793 4230366 genome.dna 1944619 1943206 NC_004567.gbk
582 33.9 4250428 4249388 genome.dna 2911723 2912701 NC_004567.gbk
325 39.7 4250722 4251348 genome.dna 1381985 1382588 NC_004567.gbk
872 45.9 4255592 4252890 genome.dna 675571 677935 NC_004567.gbk
1108 48.9 4258960 4257809 genome.dna 1980377 1979093 NC_004567.gbk
652 33.0 4260285 4259029 genome.dna 1981753 1980406 NC_004567.gbk
365 30.8 4263557 4262097 genome.dna 1339443 1340754 NC_004567.gbk
407 32.6 4264711 4263620 genome.dna 1983867 1982775 NC_004567.gbk
625 30.8 4267226 4265910 genome.dna 1985246 1983866 NC_004567.gbk
488 41.9 4268312 4267230 genome.dna 1986503 1985537 NC_004567.gbk
662 31.2 4269667 4268306 genome.dna 463649 465038 NC_004567.gbk
896 36.8 4271151 4269664 genome.dna 908183 906530 NC_004567.gbk
803 42.5 4274186 4273242 genome.dna 1990046 1989086 NC_004567.gbk
285 34.7 4274647 4274189 genome.dna 1990505 1990079 NC_004567.gbk
458 32.8 4319027 4319845 genome.dna 411602 412493 NC_004567.gbk
349 37.2 4323873 4323391 genome.dna 1689369 1688877 NC_004567.gbk
2787 49.3 4330684 4327460 genome.dna 2403831 2400654 NC_004567.gbk
551 37.5 4331847 4330699 genome.dna 1614563 1615646 NC_004567.gbk
247 33.8 4335368 4334856 genome.dna 1612453 1612903 NC_004567.gbk
2451 42.1 4338181 4335368 genome.dna 1976535 1973736 NC_004567.gbk
513 34.1 4339154 4338213 genome.dna 1832257 1831255 NC_004567.gbk
164 43.0 4339580 4339843 genome.dna 1919864 1920119 NC_004567.gbk
880 46.6 4343498 4342359 genome.dna 1826478 1825335 NC_004567.gbk
1858 54.3 4345514 4343607 genome.dna 1828448 1826579 NC_004567.gbk
477 36.5 4351702 4352475 genome.dna 84443 83696 NC_004567.gbk
255 31.6 4353827 4352538 genome.dna 2451374 2452868 NC_004567.gbk
250 31.4 4362071 4361421 genome.dna 1961583 1960917 NC_004567.gbk
896 44.1 4370220 4371221 genome.dna 1392585 1391553 NC_004567.gbk
513 41.8 4373604 4372945 genome.dna 574780 574096 NC_004567.gbk
281 31.8 4376373 4375759 genome.dna 1289923 1290532 NC_004567.gbk
759 40.9 4379941 4378778 genome.dna 726121 727324 NC_004567.gbk
2034 49.5 4383337 4381343 genome.dna 3158580 3156582 NC_004567.gbk
1157 62.9 4388480 4389631 genome.dna 1189934 1191122 NC_004567.gbk
1365 48.6 4398393 4397095 genome.dna 2910391 2911681 NC_004567.gbk
483 35.4 4402445 4401165 genome.dna 826638 825342 NC_004567.gbk
597 37.5 4403893 4402952 genome.dna 1442078 1443014 NC_004567.gbk
290 33.8 4408042 4407560 genome.dna 749278 749740 NC_004567.gbk
499 42.9 4448185 4447619 genome.dna 1452949 1453507 NC_004567.gbk
516 33.3 4471827 4470898 genome.dna 2265226 2264350 NC_004567.gbk
265 31.7 4479596 4478769 genome.dna 3113357 3112472 NC_004567.gbk
727 38.6 4482986 4483933 genome.dna 1470264 1471218 NC_004567.gbk
525 31.7 4484001 4485290 genome.dna 1471214 1472558 NC_004567.gbk
354 44.0 4486815 4487225 genome.dna 1225180 1224799 NC_004567.gbk
165 42.9 4488068 4487676 genome.dna 966485 966869 NC_004567.gbk
886 47.6 4489098 4488109 genome.dna 965519 966464 NC_004567.gbk
598 48.3 4489744 4489124 genome.dna 2108054 2108663 NC_004567.gbk
560 62.0 4490164 4489775 genome.dna 965043 965433 NC_004567.gbk
419 55.2 4490537 4490181 genome.dna 964653 965019 NC_004567.gbk
194 65.8 4490800 4490684 genome.dna 964506 964626 NC_004567.gbk
1054 41.7 4492165 4490834 genome.dna 962067 963363 NC_004567.gbk
375 45.1 4492607 4492173 genome.dna 961634 962066 NC_004567.gbk
136 42.6 4492790 4492611 genome.dna 961420 961603 NC_004567.gbk
546 48.8 4493297 4492797 genome.dna 960905 961406 NC_004567.gbk
291 44.4 4493665 4493312 genome.dna 960519 960885 NC_004567.gbk
549 50.0 4494208 4493675 genome.dna 959948 960485 NC_004567.gbk
400 48.1 4494614 4494222 genome.dna 959523 959919 NC_004567.gbk
219 44.6 4494953 4494648 genome.dna 1999726 1999996 NC_004567.gbk
762 61.0 4495506 4494967 genome.dna 958741 959284 NC_004567.gbk
295 44.6 4495835 4495521 genome.dna 958401 958713 NC_004567.gbk
492 61.8 4496217 4495846 genome.dna 957999 958368 NC_004567.gbk
289 50.6 4496635 4496381 genome.dna 957687 957957 NC_004567.gbk
159 46.7 4496826 4496635 genome.dna 957470 957665 NC_004567.gbk
475 52.2 4497236 4496826 genome.dna 957046 957481 NC_004567.gbk
814 55.6 4497950 4497249 genome.dna 956390 957044 NC_004567.gbk
335 55.0 4498300 4497968 genome.dna 956030 956378 NC_004567.gbk
415 63.7 4498593 4498315 genome.dna 955734 956010 NC_004567.gbk
1071 58.4 4499431 4498610 genome.dna 954852 955692 NC_004567.gbk
165 37.3 4499751 4499449 genome.dna 954535 954829 NC_004567.gbk
499 41.4 4500353 4499748 genome.dna 953912 954536 NC_004567.gbk
587 45.9 4500993 4500364 genome.dna 953264 953894 NC_004567.gbk
458 64.7 4501337 4501026 genome.dna 952918 953227 NC_004567.gbk
2609 57.5 4505956 4503842 genome.dna 949871 951968 NC_004567.gbk
612 55.1 4506523 4506053 genome.dna 949259 949730 NC_004567.gbk
524 68.4 4506994 4506620 genome.dna 948829 949243 NC_004567.gbk
323 42.3 4518446 4518081 genome.dna 1392749 1393097 NC_004567.gbk
328 30.5 4518864 4519643 genome.dna 135872 136667 NC_004567.gbk
941 30.9 4523306 4525213 genome.dna 663156 661173 NC_004567.gbk
800 36.5 4531124 4529898 genome.dna 479988 481158 NC_004567.gbk
495 40.4 4531820 4531245 genome.dna 1508202 1508778 NC_004567.gbk
592 34.2 4557783 4556779 genome.dna 387821 388838 NC_004567.gbk
568 42.7 4559154 4558477 genome.dna 1476333 1476987 NC_004567.gbk
696 37.0 4562421 4561336 genome.dna 988560 989646 NC_004567.gbk
268 34.8 4562994 4562473 genome.dna 1834199 1833677 NC_004567.gbk
361 30.0 4574406 4575275 genome.dna 498767 499655 NC_004567.gbk
597 40.7 4579442 4578723 genome.dna 680515 681244 NC_004567.gbk
555 33.6 4584899 4583883 genome.dna 231679 230767 NC_004567.gbk
1882 45.8 4597892 4600225 genome.dna 526772 528944 NC_004567.gbk
485 33.6 4603858 4604907 genome.dna 2437411 2436436 NC_004567.gbk
1814 42.7 4619510 4616988 genome.dna 26752 29149 NC_004567.gbk
426 30.0 4620311 4619553 genome.dna 3168151 3168919 NC_004567.gbk
1052 38.7 4634257 4632818 genome.dna 25293 26733 NC_004567.gbk
629 40.5 4635563 4634286 genome.dna 22992 24132 NC_004567.gbk
1644 40.9 4639754 4637577 genome.dna 21098 23003 NC_004567.gbk
1532 43.0 4664050 4662224 genome.dna 893920 895729 NC_004567.gbk
1640 41.7 4672431 4670269 genome.dna 1038556 1040824 NC_004567.gbk
958 43.0 4686472 4685315 genome.dna 1517036 1518170 NC_004567.gbk
748 31.8 4690836 4689472 genome.dna 2910075 2908776 NC_004567.gbk
1726 55.1 4694568 4693180 genome.dna 106391 107756 NC_004567.gbk
431 35.3 4695646 4694897 genome.dna 520418 519680 NC_004567.gbk
722 44.6 4702353 4701286 genome.dna 1086315 1087344 NC_004567.gbk
1288 55.6 4704862 4703738 genome.dna 1069687 1070806 NC_004567.gbk
1358 50.6 4708658 4707399 genome.dna 457162 458455 NC_004567.gbk
325 48.0 4709479 4709153 genome.dna 2050213 2049901 NC_004567.gbk
349 31.5 4721633 4722259 genome.dna 1681246 1680547 NC_004567.gbk
377 30.3 4730969 4730043 genome.dna 2155573 2154544 NC_004567.gbk
962 41.4 4766891 4765731 genome.dna 230756 229610 NC_004567.gbk
1359 34.5 4770998 4773196 genome.dna 1467823 1470241 NC_004567.gbk
567 51.2 4775884 4776414 genome.dna 1668942 1668399 NC_004567.gbk
812 46.3 4776424 4777755 genome.dna 1668382 1666963 NC_004567.gbk
228 34.1 4780345 4781184 genome.dna 342260 342983 NC_004567.gbk
1927 57.0 4781238 4782749 genome.dna 773807 772280 NC_004567.gbk
657 41.7 4786326 4787093 genome.dna 727350 728109 NC_004567.gbk
961 47.7 4825789 4824827 genome.dna 1714617 1713654 NC_004567.gbk
615 44.1 4829201 4829899 genome.dna 37769 38477 NC_004567.gbk
393 44.8 4834867 4834403 genome.dna 1995635 1995122 NC_004567.gbk
602 32.4 4840266 4839379 genome.dna 1220077 1220968 NC_004567.gbk
367 31.1 4843920 4843159 genome.dna 1888095 1888851 NC_004567.gbk
721 31.7 4859267 4858077 genome.dna 2858549 2859776 NC_004567.gbk
801 53.8 4859998 4859297 genome.dna 2654355 2653650 NC_004567.gbk
719 45.3 4860774 4860004 genome.dna 2655135 2654355 NC_004567.gbk
609 44.4 4862968 4862042 genome.dna 2656985 2656106 NC_004567.gbk
946 39.2 4869411 4868002 genome.dna 1488792 1490340 NC_004567.gbk
335 35.5 4869761 4870336 genome.dna 1927065 1926501 NC_004567.gbk
1935 55.7 4922174 4920702 genome.dna 2801220 2799768 NC_004567.gbk
1935 55.7 4922174 4920702 genome.dna 2801220 2799768 NC_004567.gbk
1547 46.2 4939318 4937906 genome.dna 991499 990077 NC_004567.gbk
1514 50.0 4946843 4945446 genome.dna 3244344 3242952 NC_004567.gbk
1514 50.0 4946843 4945446 genome.dna 3244344 3242952 NC_004567.gbk
940 35.4 4948191 4946869 genome.dna 259438 260764 NC_004567.gbk
295 49.5 4948499 4948188 genome.dna 2677053 2676726 NC_004567.gbk
674 36.5 4964420 4963467 genome.dna 3231043 3231979 NC_004567.gbk
819 48.3 4969043 4968228 genome.dna 425265 424455 NC_004567.gbk
2055 62.0 4974416 4972974 genome.dna 2470478 2469035 NC_004567.gbk
2055 62.0 4974416 4972974 genome.dna 2470478 2469035 NC_004567.gbk
2055 62.0 4974416 4972974 genome.dna 2470478 2469035 NC_004567.gbk
1136 41.9 4985096 4983699 genome.dna 0 1368 NC_004567.gbk
874 35.4 4988276 4989640 genome.dna 3300907 3299515 NC_004567.gbk
755 33.6 4994663 4993335 genome.dna 1395748 1394443 NC_004567.gbk
755 33.6 4994663 4993335 genome.dna 1395748 1394443 NC_004567.gbk
1200 42.7 5010680 5009268 genome.dna 2412320 2413628 NC_004567.gbk
387 30.1 5014534 5013698 genome.dna 812630 813467 NC_004567.gbk
373 31.7 5017538 5016804 genome.dna 687276 687951 NC_004567.gbk
400 32.5 5019301 5018414 genome.dna 684788 685673 NC_004567.gbk
865 36.6 5026700 5027902 genome.dna 1578263 1579469 NC_004567.gbk
1374 38.1 5049054 5047222 genome.dna 761632 763450 NC_004567.gbk
1101 38.9 5050610 5049240 genome.dna 418118 419501 NC_004567.gbk
247 31.1 5053946 5053527 genome.dna 2134704 2134275 NC_004567.gbk
1994 65.9 5055348 5053966 genome.dna 2136119 2134715 NC_004567.gbk
245 33.3 5056259 5055396 genome.dna 2137088 2136143 NC_004567.gbk
1150 52.9 5057853 5056312 genome.dna 2138632 2137117 NC_004567.gbk
187 47.7 5059187 5058948 genome.dna 2139971 2139758 NC_004567.gbk
266 31.9 5060037 5059237 genome.dna 2140722 2140008 NC_004567.gbk
254 30.7 5061686 5061066 genome.dna 2853749 2853014 NC_004567.gbk
2035 49.8 5063659 5061770 genome.dna 3299497 3297586 NC_004567.gbk
