590 40.7 9676 9014 genome.dna 384436 383764 NC_004757.gbk
2289 53.5 25826 28615 genome.dna 1604216 1601477 NC_004757.gbk
602 47.8 29669 29034 genome.dna 2685088 2684419 NC_004757.gbk
2125 64.0 36667 35258 genome.dna 543336 541929 NC_004757.gbk
2525 62.2 37037 38860 genome.dna 2794062 2792247 NC_004757.gbk
2153 49.6 47188 45107 genome.dna 1999885 1997827 NC_004757.gbk
2187 49.5 49985 47886 genome.dna 413692 411526 NC_004757.gbk
630 50.8 50956 50333 genome.dna 2445012 2445618 NC_004757.gbk
1355 53.3 59253 58054 genome.dna 1391570 1390388 NC_004757.gbk
2087 69.1 62838 64181 genome.dna 1744967 1743623 NC_004757.gbk
1037 50.0 70479 68437 genome.dna 1801303 1799197 NC_004757.gbk
558 54.2 73530 74042 genome.dna 1194075 1194585 NC_004757.gbk
834 40.5 74039 75028 genome.dna 1193006 1192019 NC_004757.gbk
340 52.6 79385 79098 genome.dna 1695377 1695668 NC_004757.gbk
327 54.9 79633 79382 genome.dna 1714057 1714306 NC_004757.gbk
801 52.4 97589 98332 genome.dna 2041125 2040324 NC_004757.gbk
1396 68.4 98527 99441 genome.dna 1287245 1286267 NC_004757.gbk
1213 40.7 99451 101520 genome.dna 1286271 1284123 NC_004757.gbk
524 44.1 110262 109636 genome.dna 949325 949964 NC_004757.gbk
478 35.8 140268 141428 genome.dna 2308957 2310043 NC_004757.gbk
689 42.4 151546 150683 genome.dna 2697052 2697919 NC_004757.gbk
906 59.1 162282 162998 genome.dna 306196 306922 NC_004757.gbk
791 54.5 163345 163986 genome.dna 1869891 1870575 NC_004757.gbk
721 68.0 165569 165111 genome.dna 1597528 1597078 NC_004757.gbk
1017 45.5 166824 165547 genome.dna 1598744 1597514 NC_004757.gbk
672 47.9 166978 167643 genome.dna 1598890 1599565 NC_004757.gbk
349 61.0 167881 168117 genome.dna 1599633 1599870 NC_004757.gbk
271 80.4 168129 168296 genome.dna 1599907 1600063 NC_004757.gbk
951 50.7 168516 169325 genome.dna 2790762 2791578 NC_004757.gbk
572 53.9 170854 170375 genome.dna 1053988 1053508 NC_004757.gbk
481 30.5 191434 190133 genome.dna 1924705 1925977 NC_004757.gbk
245 35.6 191679 192110 genome.dna 2400129 2399706 NC_004757.gbk
411 42.7 192299 192775 genome.dna 2399343 2398857 NC_004757.gbk
890 46.5 192775 193791 genome.dna 2398369 2397379 NC_004757.gbk
747 39.0 199675 198740 genome.dna 1564453 1563478 NC_004757.gbk
2769 54.9 199780 202044 genome.dna 1564553 1566830 NC_004757.gbk
854 33.8 212248 209609 genome.dna 643439 640637 NC_004757.gbk
700 38.1 217784 218788 genome.dna 1618878 1617849 NC_004757.gbk
1354 47.0 219661 221034 genome.dna 2002540 2003926 NC_004757.gbk
955 59.4 222967 223722 genome.dna 1243203 1243938 NC_004757.gbk
1692 53.0 224355 225995 genome.dna 2021312 2022827 NC_004757.gbk
210 44.0 226078 226338 genome.dna 698518 698287 NC_004757.gbk
850 48.5 226939 227694 genome.dna 697711 696934 NC_004757.gbk
1495 65.7 228573 229595 genome.dna 2684275 2683267 NC_004757.gbk
307 34.8 230144 229656 genome.dna 510536 511034 NC_004757.gbk
2616 75.9 230345 231841 genome.dna 1985202 1986666 NC_004757.gbk
1445 45.9 238222 239673 genome.dna 1981536 1983006 NC_004757.gbk
434 32.5 247002 247961 genome.dna 2686901 2685887 NC_004757.gbk
2176 81.5 250357 251541 genome.dna 451897 453088 NC_004757.gbk
2176 81.5 250357 251541 genome.dna 2229327 2228136 NC_004757.gbk
750 56.9 252164 252709 genome.dna 2227551 2227017 NC_004757.gbk
623 64.5 252872 253300 genome.dna 2226893 2226461 NC_004757.gbk
935 60.3 253304 254008 genome.dna 2226472 2225767 NC_004757.gbk
390 43.7 254326 254823 genome.dna 2225463 2224947 NC_004757.gbk
473 66.1 254890 255255 genome.dna 2224877 2224502 NC_004757.gbk
4457 65.6 255584 259612 genome.dna 2224167 2220093 NC_004757.gbk
3437 65.2 259736 263959 genome.dna 2219947 2215732 NC_004757.gbk
687 47.8 269828 269043 genome.dna 314816 314009 NC_004757.gbk
723 43.9 270806 270027 genome.dna 1927534 1928311 NC_004757.gbk
3006 70.0 273440 271446 genome.dna 50258 52157 NC_004757.gbk
1541 64.0 275283 276347 genome.dna 485266 486334 NC_004757.gbk
359 65.2 277924 278196 genome.dna 2397167 2396894 NC_004757.gbk
1617 56.6 280242 278956 genome.dna 956174 957491 NC_004757.gbk
1930 57.5 281849 280260 genome.dna 954610 956173 NC_004757.gbk
1275 59.8 301263 300298 genome.dna 953349 954363 NC_004757.gbk
460 35.3 302355 301621 genome.dna 658985 659783 NC_004757.gbk
609 40.1 303420 302533 genome.dna 709273 710215 NC_004757.gbk
2072 67.5 306633 305290 genome.dna 707879 709238 NC_004757.gbk
529 55.1 307112 306645 genome.dna 707351 707810 NC_004757.gbk
559 63.7 307589 307137 genome.dna 706707 707151 NC_004757.gbk
1562 70.1 313270 314313 genome.dna 2249871 2248809 NC_004757.gbk
597 37.9 314487 315470 genome.dna 2248447 2247529 NC_004757.gbk
459 49.2 315964 316557 genome.dna 399734 399110 NC_004757.gbk
1688 52.4 316547 318016 genome.dna 399073 397627 NC_004757.gbk
1822 59.1 321945 323390 genome.dna 1448093 1446638 NC_004757.gbk
929 38.0 329415 330869 genome.dna 2161274 2159942 NC_004757.gbk
397 40.5 331519 330968 genome.dna 2383526 2382989 NC_004757.gbk
1433 52.5 331816 333156 genome.dna 2383767 2385135 NC_004757.gbk
387 49.6 333638 333228 genome.dna 2312899 2312485 NC_004757.gbk
185 38.4 334075 333803 genome.dna 2371793 2372063 NC_004757.gbk
793 45.1 334964 334107 genome.dna 1996976 1997843 NC_004757.gbk
269 33.1 335599 335126 genome.dna 80919 80448 NC_004757.gbk
292 47.3 335983 335696 genome.dna 81486 81150 NC_004757.gbk
1026 40.9 337440 336007 genome.dna 83125 81661 NC_004757.gbk
1008 61.8 338215 337490 genome.dna 83854 83131 NC_004757.gbk
235 30.5 338791 338219 genome.dna 84506 83888 NC_004757.gbk
936 54.6 342391 343203 genome.dna 2591374 2590561 NC_004757.gbk
933 58.1 343211 343993 genome.dna 2590542 2589726 NC_004757.gbk
399 43.5 343998 344564 genome.dna 2589727 2589247 NC_004757.gbk
164 41.0 345645 345899 genome.dna 2586525 2586273 NC_004757.gbk
1561 58.9 345980 347242 genome.dna 2000392 2001646 NC_004757.gbk
640 66.2 352201 352629 genome.dna 1619858 1619423 NC_004757.gbk
582 66.2 352645 353037 genome.dna 1619412 1619019 NC_004757.gbk
573 42.2 353367 354008 genome.dna 882920 883520 NC_004757.gbk
458 42.1 366712 367449 genome.dna 1760278 1761013 NC_004757.gbk
342 34.8 369528 368956 genome.dna 1095932 1096517 NC_004757.gbk
755 45.8 372605 373492 genome.dna 777122 778001 NC_004757.gbk
375 65.5 374452 374739 genome.dna 1714295 1714592 NC_004757.gbk
395 32.8 374918 375703 genome.dna 798952 799828 NC_004757.gbk
619 45.2 379620 380252 genome.dna 2695850 2695247 NC_004757.gbk
213 35.2 386934 386071 genome.dna 360362 359297 NC_004757.gbk
164 31.0 418603 419019 genome.dna 1716246 1715874 NC_004757.gbk
284 37.2 431880 431494 genome.dna 2000305 1999915 NC_004757.gbk
448 32.3 433394 432459 genome.dna 1803646 1802695 NC_004757.gbk
403 34.5 435364 434357 genome.dna 1569315 1568391 NC_004757.gbk
1610 53.0 460910 458055 genome.dna 482436 485193 NC_004757.gbk
1852 55.5 463248 461737 genome.dna 479869 481363 NC_004757.gbk
123 30.1 466819 467094 genome.dna 763176 762840 NC_004757.gbk
405 63.1 509102 508848 genome.dna 770814 771069 NC_004757.gbk
259 48.2 509350 509099 genome.dna 770521 770818 NC_004757.gbk
311 33.5 517457 517939 genome.dna 1263675 1264290 NC_004757.gbk
848 38.4 522787 521576 genome.dna 1647295 1646128 NC_004757.gbk
723 37.3 523994 522816 genome.dna 952056 953193 NC_004757.gbk
1260 44.4 525365 524040 genome.dna 2333312 2331983 NC_004757.gbk
202 33.0 526251 526580 genome.dna 2042270 2041955 NC_004757.gbk
1681 56.1 530287 528905 genome.dna 1957372 1956022 NC_004757.gbk
1873 52.9 533382 534971 genome.dna 2707229 2708837 NC_004757.gbk
166 45.3 536233 536394 genome.dna 1214504 1214336 NC_004757.gbk
237 32.8 644961 644602 genome.dna 1058239 1057891 NC_004757.gbk
703 34.5 692651 690918 genome.dna 2593829 2595770 NC_004757.gbk
276 40.6 692962 692627 genome.dna 2593478 2593817 NC_004757.gbk
326 53.1 697176 697469 genome.dna 34604 34895 NC_004757.gbk
2655 75.5 697515 699164 genome.dna 34934 36578 NC_004757.gbk
893 49.1 699974 700837 genome.dna 1984238 1985132 NC_004757.gbk
1242 54.1 708773 707778 genome.dna 560907 559926 NC_004757.gbk
391 49.6 709289 708894 genome.dna 1683654 1684086 NC_004757.gbk
113 36.0 747822 747553 genome.dna 516602 516857 NC_004757.gbk
2284 59.7 753122 751287 genome.dna 260720 262976 NC_004757.gbk
1074 41.3 755031 753277 genome.dna 258711 260514 NC_004757.gbk
264 59.2 755400 755185 genome.dna 257933 258146 NC_004757.gbk
1257 58.8 755628 756641 genome.dna 257675 256661 NC_004757.gbk
1177 55.4 761351 760380 genome.dna 2068169 2069138 NC_004757.gbk
389 53.4 761608 761919 genome.dna 1413103 1412791 NC_004757.gbk
397 67.5 761939 762196 genome.dna 1412779 1412521 NC_004757.gbk
1332 58.4 763509 764681 genome.dna 1412390 1411358 NC_004757.gbk
584 57.2 766454 766933 genome.dna 1794390 1793868 NC_004757.gbk
662 48.7 767499 768128 genome.dna 563219 563840 NC_004757.gbk
2627 62.8 768185 770122 genome.dna 563924 565856 NC_004757.gbk
867 51.0 770241 771074 genome.dna 565924 566767 NC_004757.gbk
1659 56.5 771082 772419 genome.dna 566947 568324 NC_004757.gbk
213 33.3 775618 775163 genome.dna 2774477 2774012 NC_004757.gbk
330 38.7 777307 777729 genome.dna 823591 824023 NC_004757.gbk
1484 50.8 777751 779280 genome.dna 824075 825548 NC_004757.gbk
2425 46.3 779306 782008 genome.dna 825642 828312 NC_004757.gbk
381 48.3 782083 782481 genome.dna 828362 828716 NC_004757.gbk
665 38.3 782481 783425 genome.dna 828816 829743 NC_004757.gbk
352 59.6 783547 783816 genome.dna 213428 213158 NC_004757.gbk
2843 62.1 784066 786186 genome.dna 212964 210837 NC_004757.gbk
1724 37.6 799578 801830 genome.dna 1181726 1179530 NC_004757.gbk
299 37.2 803045 802602 genome.dna 1530151 1529677 NC_004757.gbk
422 30.7 812414 811260 genome.dna 677067 675882 NC_004757.gbk
1309 56.7 812975 814090 genome.dna 660303 661395 NC_004757.gbk
490 58.3 814149 814541 genome.dna 661467 661857 NC_004757.gbk
171 30.7 832337 832603 genome.dna 2578851 2579085 NC_004757.gbk
1342 47.5 839555 838230 genome.dna 129399 128124 NC_004757.gbk
1101 57.5 839867 840766 genome.dna 1594183 1593226 NC_004757.gbk
621 48.5 841615 843360 genome.dna 14627 12863 NC_004757.gbk
1992 59.3 844582 846099 genome.dna 2559822 2558313 NC_004757.gbk
637 44.1 858630 859340 genome.dna 723450 722763 NC_004757.gbk
1307 34.3 899255 901552 genome.dna 1179407 1176953 NC_004757.gbk
510 45.2 901717 902241 genome.dna 2714454 2713812 NC_004757.gbk
1916 66.4 909308 910588 genome.dna 1828187 1826918 NC_004757.gbk
632 36.8 911748 910651 genome.dna 1792884 1793865 NC_004757.gbk
375 31.3 912721 911924 genome.dna 1449063 1448199 NC_004757.gbk
512 49.3 927840 927358 genome.dna 468235 468691 NC_004757.gbk
400 42.0 927996 928442 genome.dna 468140 467696 NC_004757.gbk
231 36.4 928432 928713 genome.dna 467713 467401 NC_004757.gbk
1368 42.4 931102 929441 genome.dna 1614852 1616538 NC_004757.gbk
790 43.7 932060 931182 genome.dna 1613956 1614847 NC_004757.gbk
411 39.3 932209 932796 genome.dna 2107879 2107291 NC_004757.gbk
133 37.5 934700 934497 genome.dna 1018621 1018810 NC_004757.gbk
1403 65.3 970301 969369 genome.dna 2028991 2028085 NC_004757.gbk
1177 60.0 987143 988024 genome.dna 1574511 1573623 NC_004757.gbk
1650 42.1 990019 988067 genome.dna 1168640 1166660 NC_004757.gbk
737 35.2 991219 990023 genome.dna 1169830 1168633 NC_004757.gbk
1264 37.3 995970 994243 genome.dna 2372059 2373787 NC_004757.gbk
199 39.2 1001658 1001365 genome.dna 230166 230463 NC_004757.gbk
731 36.8 1005407 1004268 genome.dna 1550592 1549437 NC_004757.gbk
447 35.0 1013085 1012423 genome.dna 1067399 1066781 NC_004757.gbk
1616 36.8 1046527 1048740 genome.dna 1291977 1289571 NC_004757.gbk
254 44.7 1069781 1070074 genome.dna 1196463 1196190 NC_004757.gbk
443 51.1 1070142 1070561 genome.dna 1196194 1195699 NC_004757.gbk
292 48.3 1085958 1085686 genome.dna 356742 357015 NC_004757.gbk
1054 43.6 1087061 1085955 genome.dna 77026 78160 NC_004757.gbk
737 47.7 1087227 1087946 genome.dna 313981 313306 NC_004757.gbk
570 51.7 1096541 1097074 genome.dna 1436598 1436034 NC_004757.gbk
639 50.2 1099537 1100406 genome.dna 134975 135812 NC_004757.gbk
1320 68.9 1100443 1101237 genome.dna 617853 617058 NC_004757.gbk
1341 48.3 1119387 1118062 genome.dna 845430 844095 NC_004757.gbk
246 34.5 1138546 1138941 genome.dna 1273629 1274010 NC_004757.gbk
1372 73.5 1150402 1149575 genome.dna 2688419 2687597 NC_004757.gbk
994 54.5 1154052 1153258 genome.dna 305310 306129 NC_004757.gbk
926 60.8 1154397 1155122 genome.dna 1853953 1853197 NC_004757.gbk
605 50.3 1155257 1156108 genome.dna 1853123 1852238 NC_004757.gbk
811 51.3 1156279 1157004 genome.dna 1852084 1851370 NC_004757.gbk
671 54.4 1157130 1157687 genome.dna 1851265 1850707 NC_004757.gbk
1386 54.7 1157925 1159121 genome.dna 1849050 1847808 NC_004757.gbk
831 49.6 1159320 1160081 genome.dna 1850704 1849912 NC_004757.gbk
398 37.0 1160091 1160948 genome.dna 1849874 1849046 NC_004757.gbk
1274 45.5 1160970 1162325 genome.dna 1847782 1846414 NC_004757.gbk
1338 36.4 1162361 1164805 genome.dna 1846412 1844135 NC_004757.gbk
519 49.0 1166572 1167027 genome.dna 1843529 1843067 NC_004757.gbk
672 59.2 1168997 1169593 genome.dna 1843046 1842392 NC_004757.gbk
3167 47.1 1169670 1173152 genome.dna 2139963 2136453 NC_004757.gbk
1379 64.4 1173165 1174124 genome.dna 1108609 1109578 NC_004757.gbk
730 33.3 1174650 1175972 genome.dna 1109546 1110923 NC_004757.gbk
1812 51.0 1180703 1178139 genome.dna 1839273 1841895 NC_004757.gbk
517 48.7 1209647 1209126 genome.dna 1193523 1193019 NC_004757.gbk
846 44.7 1212161 1213231 genome.dna 1121486 1120427 NC_004757.gbk
1212 48.2 1227164 1225995 genome.dna 186245 185072 NC_004757.gbk
2028 46.1 1229320 1227176 genome.dna 188452 186241 NC_004757.gbk
452 30.7 1254320 1253391 genome.dna 545682 546567 NC_004757.gbk
1016 34.1 1259270 1255587 genome.dna 1520300 1523564 NC_004757.gbk
944 38.2 1260493 1259267 genome.dna 1517675 1518917 NC_004757.gbk
865 54.0 1260789 1261478 genome.dna 2313900 2313177 NC_004757.gbk
952 38.3 1261506 1262828 genome.dna 1409076 1407717 NC_004757.gbk
1146 50.7 1271755 1272822 genome.dna 1237155 1238217 NC_004757.gbk
1674 64.0 1272920 1274065 genome.dna 1238213 1239329 NC_004757.gbk
1087 44.4 1274535 1276382 genome.dna 1239914 1241762 NC_004757.gbk
783 40.2 1276393 1277361 genome.dna 1241785 1242718 NC_004757.gbk
512 50.7 1278470 1278919 genome.dna 1561205 1560725 NC_004757.gbk
1101 49.5 1278982 1280091 genome.dna 861711 862803 NC_004757.gbk
322 41.4 1280201 1280677 genome.dna 2795958 2796453 NC_004757.gbk
747 46.3 1281190 1282170 genome.dna 2797020 2798019 NC_004757.gbk
2481 59.3 1284598 1282733 genome.dna 1260142 1261987 NC_004757.gbk
742 46.3 1285528 1284617 genome.dna 1259191 1260085 NC_004757.gbk
461 46.6 1289161 1289652 genome.dna 2439072 2438586 NC_004757.gbk
1192 41.5 1291078 1289714 genome.dna 2679003 2677644 NC_004757.gbk
523 31.3 1292157 1291267 genome.dna 1098898 1098001 NC_004757.gbk
480 36.2 1297979 1296492 genome.dna 2381669 2380301 NC_004757.gbk
327 49.5 1298919 1299233 genome.dna 995547 995889 NC_004757.gbk
1060 37.8 1299536 1300840 genome.dna 37793 39113 NC_004757.gbk
996 74.6 1301367 1301990 genome.dna 39096 39741 NC_004757.gbk
1921 71.4 1302154 1303428 genome.dna 39801 41082 NC_004757.gbk
3410 67.1 1303620 1306001 genome.dna 41192 43616 NC_004757.gbk
431 37.5 1310544 1309849 genome.dna 254895 255582 NC_004757.gbk
3441 49.1 1326027 1322899 genome.dna 1205421 1202319 NC_004757.gbk
822 36.0 1327249 1326056 genome.dna 1206600 1205439 NC_004757.gbk
272 31.6 1327415 1328056 genome.dna 1206751 1207366 NC_004757.gbk
321 41.2 1329039 1329440 genome.dna 5412 5856 NC_004757.gbk
625 54.1 1329655 1330212 genome.dna 220935 220410 NC_004757.gbk
425 58.5 1332403 1332732 genome.dna 472264 472588 NC_004757.gbk
2431 58.2 1333507 1335396 genome.dna 1906445 1904522 NC_004757.gbk
868 61.3 1335658 1336302 genome.dna 2088556 2089327 NC_004757.gbk
971 45.4 1336525 1337487 genome.dna 1612698 1611603 NC_004757.gbk
221 42.6 1348630 1348836 genome.dna 2621311 2621107 NC_004757.gbk
858 55.8 1363250 1362525 genome.dna 2786590 2785882 NC_004757.gbk
3519 62.0 1363499 1366138 genome.dna 370117 372664 NC_004757.gbk
667 49.8 1391405 1390635 genome.dna 1322726 1323566 NC_004757.gbk
481 42.6 1392117 1391434 genome.dna 1588322 1589009 NC_004757.gbk
1137 31.9 1392768 1395197 genome.dna 1587554 1585049 NC_004757.gbk
677 52.3 1426894 1426256 genome.dna 106446 105813 NC_004757.gbk
1390 59.5 1427931 1426894 genome.dna 107516 106457 NC_004757.gbk
346 32.6 1430628 1431344 genome.dna 126779 126116 NC_004757.gbk
247 37.7 1431761 1431390 genome.dna 1812338 1811990 NC_004757.gbk
658 30.9 1433239 1431776 genome.dna 2048716 2050270 NC_004757.gbk
339 37.4 1433876 1433409 genome.dna 837080 837542 NC_004757.gbk
965 52.2 1434853 1435731 genome.dna 2612534 2613413 NC_004757.gbk
320 38.2 1445214 1444792 genome.dna 395888 395459 NC_004757.gbk
297 32.1 1446962 1446084 genome.dna 397408 396688 NC_004757.gbk
1130 44.2 1458435 1457257 genome.dna 2450710 2451889 NC_004757.gbk
1469 55.7 1466359 1465232 genome.dna 137821 138952 NC_004757.gbk
310 66.7 1468125 1468334 genome.dna 1431947 1431743 NC_004757.gbk
425 49.6 1468782 1468399 genome.dna 1838837 1838453 NC_004757.gbk
1353 64.0 1470427 1469462 genome.dna 1623256 1624201 NC_004757.gbk
671 50.0 1471338 1470655 genome.dna 1622622 1623237 NC_004757.gbk
180 36.6 1471750 1471487 genome.dna 1622097 1622361 NC_004757.gbk
1234 53.1 1475506 1474394 genome.dna 2245037 2243927 NC_004757.gbk
1753 42.6 1477420 1475516 genome.dna 2247025 2245147 NC_004757.gbk
470 45.2 1477924 1477454 genome.dna 400290 399819 NC_004757.gbk
271 37.6 1478243 1477926 genome.dna 400752 400386 NC_004757.gbk
523 39.4 1479078 1478437 genome.dna 401432 400748 NC_004757.gbk
2740 54.6 1483266 1480684 genome.dna 1236933 1234323 NC_004757.gbk
508 37.0 1489354 1487825 genome.dna 1288740 1287246 NC_004757.gbk
827 49.8 1490240 1489362 genome.dna 2532989 2532125 NC_004757.gbk
411 41.1 1490971 1490492 genome.dna 2533540 2533045 NC_004757.gbk
1132 56.7 1492026 1490968 genome.dna 2534510 2533499 NC_004757.gbk
1847 63.8 1493774 1492350 genome.dna 2535902 2534570 NC_004757.gbk
2170 57.5 1504627 1506285 genome.dna 2560101 2561772 NC_004757.gbk
2170 57.5 1504627 1506285 genome.dna 2567611 2569282 NC_004757.gbk
527 56.7 1506798 1506349 genome.dna 668952 669393 NC_004757.gbk
809 50.8 1530248 1530991 genome.dna 1643128 1643875 NC_004757.gbk
1884 65.2 1536355 1535069 genome.dna 2579142 2580426 NC_004757.gbk
224 34.4 1537007 1537396 genome.dna 1133398 1133791 NC_004757.gbk
254 35.0 1537390 1537737 genome.dna 1133784 1134138 NC_004757.gbk
2393 57.5 1537737 1539503 genome.dna 1134139 1135903 NC_004757.gbk
1137 67.4 1539520 1540236 genome.dna 2578159 2578855 NC_004757.gbk
2071 53.7 1540513 1543320 genome.dna 2580586 2583445 NC_004757.gbk
1046 51.2 1543336 1544562 genome.dna 2583466 2584744 NC_004757.gbk
1272 51.6 1544898 1546064 genome.dna 64416 65610 NC_004757.gbk
1157 57.7 1546064 1546936 genome.dna 65612 66488 NC_004757.gbk
352 44.3 1550947 1551351 genome.dna 249018 249429 NC_004757.gbk
635 46.3 1551348 1552034 genome.dna 249425 250130 NC_004757.gbk
282 35.8 1552047 1552472 genome.dna 250126 250543 NC_004757.gbk
908 37.4 1553863 1555155 genome.dna 251462 252740 NC_004757.gbk
358 36.9 1555196 1555705 genome.dna 252793 253309 NC_004757.gbk
1416 61.6 1561884 1562939 genome.dna 903724 904903 NC_004757.gbk
1093 62.0 1563766 1563014 genome.dna 1923956 1924706 NC_004757.gbk
1675 33.5 1567041 1563904 genome.dna 387652 384523 NC_004757.gbk
1248 54.8 1573036 1572017 genome.dna 738289 739297 NC_004757.gbk
604 34.6 1584709 1585674 genome.dna 1824463 1823455 NC_004757.gbk
1836 55.8 1598005 1595975 genome.dna 679794 681915 NC_004757.gbk
1169 54.3 1598229 1599338 genome.dna 679695 678609 NC_004757.gbk
793 40.7 1607969 1609105 genome.dna 2468172 2469390 NC_004757.gbk
1494 39.4 1609565 1611733 genome.dna 2469536 2471792 NC_004757.gbk
471 34.5 1613498 1614457 genome.dna 648573 647526 NC_004757.gbk
1432 50.8 1631952 1633361 genome.dna 2440427 2441936 NC_004757.gbk
704 41.4 1635671 1634820 genome.dna 1110978 1111893 NC_004757.gbk
755 60.2 1636204 1635668 genome.dna 737674 738220 NC_004757.gbk
1246 61.0 1637078 1636206 genome.dna 736793 737675 NC_004757.gbk
1008 33.8 1669675 1667978 genome.dna 1117424 1118984 NC_004757.gbk
702 35.2 1670708 1669659 genome.dna 1116257 1117289 NC_004757.gbk
1127 53.6 1767252 1768205 genome.dna 621965 621047 NC_004757.gbk
687 30.2 1768623 1769945 genome.dna 2327518 2328838 NC_004757.gbk
685 44.9 1778827 1779630 genome.dna 1872775 1873609 NC_004757.gbk
694 32.7 1785077 1783707 genome.dna 49331 48008 NC_004757.gbk
501 31.9 1793263 1792295 genome.dna 2151255 2150244 NC_004757.gbk
291 31.2 1793872 1793363 genome.dna 2152786 2152246 NC_004757.gbk
78 33.8 1902167 1901913 genome.dna 203228 202940 NC_004757.gbk
585 40.0 1928122 1927325 genome.dna 675093 675876 NC_004757.gbk
294 43.3 1934361 1934720 genome.dna 2617884 2617566 NC_004757.gbk
626 51.1 1934724 1935302 genome.dna 2617541 2616968 NC_004757.gbk
1177 60.0 1935437 1936324 genome.dna 58862 58001 NC_004757.gbk
535 45.5 1936321 1937376 genome.dna 57962 57038 NC_004757.gbk
1616 47.3 1937404 1939404 genome.dna 2019755 2017541 NC_004757.gbk
648 65.4 1939436 1939933 genome.dna 2017467 2016957 NC_004757.gbk
937 53.6 1942291 1943163 genome.dna 2011723 2010874 NC_004757.gbk
1519 65.2 1943163 1944215 genome.dna 2010183 2009106 NC_004757.gbk
681 79.8 1944254 1944643 genome.dna 2077606 2078002 NC_004757.gbk
367 34.1 1944653 1945297 genome.dna 2078047 2078668 NC_004757.gbk
1143 45.1 1945543 1946694 genome.dna 2714682 2715813 NC_004757.gbk
2770 60.7 1946687 1948771 genome.dna 2715860 2717945 NC_004757.gbk
404 45.3 1950974 1951390 genome.dna 331549 331963 NC_004757.gbk
504 55.2 1951419 1951823 genome.dna 331968 332373 NC_004757.gbk
510 37.5 1951839 1952513 genome.dna 332389 333061 NC_004757.gbk
987 40.5 1952589 1953806 genome.dna 333075 334308 NC_004757.gbk
722 45.8 1953828 1954583 genome.dna 334347 335091 NC_004757.gbk
1210 70.4 1954611 1955393 genome.dna 335158 335941 NC_004757.gbk
662 49.8 1955568 1956287 genome.dna 335978 336773 NC_004757.gbk
1350 59.3 1956304 1957413 genome.dna 336794 337907 NC_004757.gbk
493 41.4 1957413 1958375 genome.dna 338079 339093 NC_004757.gbk
887 36.2 1958502 1960208 genome.dna 339274 340675 NC_004757.gbk
431 37.2 1960240 1961193 genome.dna 340703 341603 NC_004757.gbk
773 44.6 1962314 1961529 genome.dna 502522 501724 NC_004757.gbk
353 56.8 1962586 1962317 genome.dna 502890 502614 NC_004757.gbk
1058 62.5 1963383 1962607 genome.dna 503712 502905 NC_004757.gbk
437 51.3 1964215 1963802 genome.dna 504651 504177 NC_004757.gbk
1059 46.8 1965221 1964208 genome.dna 505658 504665 NC_004757.gbk
243 32.1 1967603 1967157 genome.dna 2270036 2270489 NC_004757.gbk
1656 63.8 1968985 1967612 genome.dna 2268582 2270019 NC_004757.gbk
1105 53.6 1970689 1969697 genome.dna 2266673 2267669 NC_004757.gbk
1107 42.8 1972410 1970686 genome.dna 2265037 2266684 NC_004757.gbk
253 42.2 1972671 1972985 genome.dna 2262085 2261755 NC_004757.gbk
392 51.2 1974025 1973615 genome.dna 1723236 1723707 NC_004757.gbk
446 33.5 1975483 1974065 genome.dna 1721744 1723190 NC_004757.gbk
667 58.3 1975728 1976600 genome.dna 1720227 1721055 NC_004757.gbk
764 48.9 1986118 1986840 genome.dna 2720089 2720800 NC_004757.gbk
483 39.5 2012054 2011395 genome.dna 1105099 1105795 NC_004757.gbk
2660 70.6 2022455 2024023 genome.dna 2659526 2661200 NC_004757.gbk
4164 72.7 2024016 2026580 genome.dna 2661192 2663796 NC_004757.gbk
452 30.3 2028974 2027880 genome.dna 2744263 2743198 NC_004757.gbk
1269 55.1 2034173 2033130 genome.dna 786771 787821 NC_004757.gbk
783 49.0 2038594 2039550 genome.dna 1590087 1589055 NC_004757.gbk
549 48.4 2040198 2039605 genome.dna 1776092 1775495 NC_004757.gbk
251 66.7 2040877 2041047 genome.dna 1776707 1776890 NC_004757.gbk
735 42.6 2041077 2042123 genome.dna 1776967 1777987 NC_004757.gbk
1172 55.3 2042130 2043083 genome.dna 1777995 1778952 NC_004757.gbk
1004 49.8 2043101 2044030 genome.dna 1778955 1779894 NC_004757.gbk
930 60.6 2044045 2044779 genome.dna 1779949 1780693 NC_004757.gbk
348 71.1 2044934 2045170 genome.dna 1780860 1781106 NC_004757.gbk
1745 62.1 2045253 2046494 genome.dna 1781139 1782381 NC_004757.gbk
768 41.4 2047434 2048453 genome.dna 1782508 1783540 NC_004757.gbk
457 40.1 2048443 2049102 genome.dna 2370613 2369965 NC_004757.gbk
737 47.7 2050132 2050929 genome.dna 1650581 1649816 NC_004757.gbk
329 42.0 2055442 2055792 genome.dna 698887 698536 NC_004757.gbk
950 48.2 2057749 2058777 genome.dna 2522638 2521591 NC_004757.gbk
2639 50.8 2070405 2066956 genome.dna 11564 8099 NC_004757.gbk
786 55.1 2071740 2072447 genome.dna 1145345 1144670 NC_004757.gbk
947 38.0 2072444 2073691 genome.dna 1146585 1145337 NC_004757.gbk
429 47.3 2079241 2079792 genome.dna 1310817 1310340 NC_004757.gbk
715 43.1 2102053 2101232 genome.dna 2563325 2562497 NC_004757.gbk
715 43.1 2102053 2101232 genome.dna 2570835 2570007 NC_004757.gbk
3312 62.4 2102354 2104732 genome.dna 2565700 2563324 NC_004757.gbk
3312 62.4 2102354 2104732 genome.dna 2573210 2570834 NC_004757.gbk
444 50.0 2111138 2111554 genome.dna 904930 905410 NC_004757.gbk
1792 63.1 2112831 2114330 genome.dna 1583904 1582467 NC_004757.gbk
955 59.0 2114428 2115174 genome.dna 1582471 1581679 NC_004757.gbk
723 36.2 2115176 2116495 genome.dna 1581683 1580375 NC_004757.gbk
594 50.3 2138606 2139226 genome.dna 829810 830452 NC_004757.gbk
727 51.4 2139226 2139882 genome.dna 830458 831118 NC_004757.gbk
786 50.4 2139951 2140691 genome.dna 831222 831966 NC_004757.gbk
375 40.4 2140906 2141388 genome.dna 832141 832591 NC_004757.gbk
2345 54.0 2141385 2143340 genome.dna 832632 834684 NC_004757.gbk
488 44.4 2143337 2143894 genome.dna 834680 835205 NC_004757.gbk
312 36.1 2143891 2144349 genome.dna 835212 835722 NC_004757.gbk
730 47.2 2169627 2170376 genome.dna 2632237 2631508 NC_004757.gbk
912 63.6 2170388 2171023 genome.dna 2631512 2630852 NC_004757.gbk
4478 57.6 2171266 2174868 genome.dna 2634782 2638418 NC_004757.gbk
380 35.6 2181519 2182154 genome.dna 2794191 2794797 NC_004757.gbk
377 47.5 2186467 2186817 genome.dna 2064624 2064315 NC_004757.gbk
565 63.6 2188157 2187750 genome.dna 1555805 1556195 NC_004757.gbk
1036 45.3 2190305 2191417 genome.dna 1557923 1556831 NC_004757.gbk
1765 52.0 2198282 2200954 genome.dna 1091903 1089056 NC_004757.gbk
774 57.8 2216576 2217319 genome.dna 2116601 2115905 NC_004757.gbk
2957 62.1 2221311 2219248 genome.dna 2623399 2621326 NC_004757.gbk
1052 61.6 2239913 2239125 genome.dna 2393812 2394607 NC_004757.gbk
1392 65.9 2263993 2263058 genome.dna 1625179 1624234 NC_004757.gbk
1056 48.9 2267632 2266640 genome.dna 977893 978886 NC_004757.gbk
3647 47.2 2275609 2279496 genome.dna 905416 909172 NC_004757.gbk
390 30.9 2291401 2290679 genome.dna 1265054 1264313 NC_004757.gbk
349 31.5 2476352 2475468 genome.dna 2035977 2036676 NC_004757.gbk
1639 67.8 2487322 2486231 genome.dna 1971593 1970501 NC_004757.gbk
634 50.8 2488039 2487452 genome.dna 1972255 1971667 NC_004757.gbk
1279 61.3 2489732 2488785 genome.dna 1973978 1973027 NC_004757.gbk
770 44.1 2490742 2489870 genome.dna 1974991 1974154 NC_004757.gbk
1136 44.7 2491599 2492855 genome.dna 2067983 2066732 NC_004757.gbk
1416 58.3 2492889 2493971 genome.dna 2066733 2065653 NC_004757.gbk
771 46.2 2493971 2494816 genome.dna 2065657 2064787 NC_004757.gbk
348 44.3 2494828 2495223 genome.dna 1632759 1632375 NC_004757.gbk
1525 52.8 2503696 2505084 genome.dna 940106 941486 NC_004757.gbk
653 41.0 2507176 2506430 genome.dna 1854922 1854178 NC_004757.gbk
420 46.3 2507977 2507444 genome.dna 967618 967126 NC_004757.gbk
135 36.2 2542454 2542221 genome.dna 763451 763175 NC_004757.gbk
2165 71.5 2563367 2561970 genome.dna 2478981 2480370 NC_004757.gbk
372 38.5 2580340 2580921 genome.dna 2599892 2599283 NC_004757.gbk
473 40.5 2585266 2585973 genome.dna 2600560 2599888 NC_004757.gbk
902 65.4 2585970 2586605 genome.dna 2410644 2411316 NC_004757.gbk
1052 49.0 2589820 2588846 genome.dna 931664 930707 NC_004757.gbk
550 39.3 2595189 2595950 genome.dna 36728 37457 NC_004757.gbk
652 50.0 2595969 2596559 genome.dna 694038 693411 NC_004757.gbk
895 51.5 2597527 2596643 genome.dna 472643 473522 NC_004757.gbk
824 58.0 2598308 2597688 genome.dna 1861299 1861932 NC_004757.gbk
735 42.9 2599344 2598460 genome.dna 1860291 1861242 NC_004757.gbk
733 38.5 2605113 2606180 genome.dna 17398 16372 NC_004757.gbk
1451 57.2 2607572 2608762 genome.dna 752733 753927 NC_004757.gbk
543 35.3 2608762 2609568 genome.dna 753979 754807 NC_004757.gbk
528 38.9 2619430 2619996 genome.dna 76452 76998 NC_004757.gbk
447 65.3 2621565 2621861 genome.dna 1549324 1549021 NC_004757.gbk
351 36.3 2645457 2646263 genome.dna 31184 30419 NC_004757.gbk
1529 70.0 2654735 2655739 genome.dna 364572 363570 NC_004757.gbk
356 32.2 2655847 2656716 genome.dna 1092046 1092952 NC_004757.gbk
288 37.5 2674846 2675376 genome.dna 1275244 1275739 NC_004757.gbk
343 36.7 2678460 2679146 genome.dna 1977619 1976893 NC_004757.gbk
1258 71.5 2679167 2679979 genome.dna 1976868 1976058 NC_004757.gbk
288 49.4 2679983 2680252 genome.dna 1976059 1975762 NC_004757.gbk
521 39.2 2685383 2684682 genome.dna 1530825 1530153 NC_004757.gbk
1759 44.7 2687417 2685498 genome.dna 961472 959531 NC_004757.gbk
1179 45.0 2691006 2692370 genome.dna 430160 431546 NC_004757.gbk
672 35.8 2693453 2692521 genome.dna 1682679 1681761 NC_004757.gbk
468 36.3 2694345 2695058 genome.dna 2498018 2498651 NC_004757.gbk
1657 52.6 2696737 2695181 genome.dna 2414870 2413307 NC_004757.gbk
560 33.4 2707951 2708811 genome.dna 2003945 2004851 NC_004757.gbk
439 72.8 2728844 2728548 genome.dna 1037386 1037077 NC_004757.gbk
2150 42.2 2731236 2728849 genome.dna 1039803 1037436 NC_004757.gbk
1020 58.9 2732234 2731251 genome.dna 1040859 1039821 NC_004757.gbk
561 71.2 2732903 2732547 genome.dna 1041287 1040927 NC_004757.gbk
212 56.9 2733144 2732947 genome.dna 1041496 1041298 NC_004757.gbk
685 70.8 2733782 2733240 genome.dna 1042115 1041620 NC_004757.gbk
2569 56.0 2735713 2733785 genome.dna 1044148 1042240 NC_004757.gbk
1018 53.5 2741372 2740491 genome.dna 1550894 1551776 NC_004757.gbk
1962 68.1 2755752 2754499 genome.dna 1865345 1866593 NC_004757.gbk
308 36.7 2756503 2756949 genome.dna 222983 222533 NC_004757.gbk
1408 56.7 2757088 2758194 genome.dna 1049050 1050139 NC_004757.gbk
1773 57.2 2759027 2760397 genome.dna 2109391 2108014 NC_004757.gbk
657 43.4 2760640 2761329 genome.dna 1539239 1538549 NC_004757.gbk
679 41.6 2766822 2767682 genome.dna 2024030 2024939 NC_004757.gbk
743 45.7 2767679 2768455 genome.dna 2024948 2025725 NC_004757.gbk
125 30.5 2771944 2772576 genome.dna 221456 221024 NC_004757.gbk
1366 43.4 2794931 2793456 genome.dna 449858 451349 NC_004757.gbk
1518 53.1 2796565 2798007 genome.dna 362051 360560 NC_004757.gbk
1539 71.0 2809298 2808294 genome.dna 247918 248959 NC_004757.gbk
464 40.1 2809923 2809306 genome.dna 247312 247900 NC_004757.gbk
525 53.5 2810663 2810151 genome.dna 246770 247316 NC_004757.gbk
940 59.4 2811487 2810744 genome.dna 246048 246774 NC_004757.gbk
338 46.8 2811954 2811511 genome.dna 2444257 2444716 NC_004757.gbk
2395 58.6 2813755 2811956 genome.dna 2442463 2444245 NC_004757.gbk
2076 61.1 2838878 2837343 genome.dna 2616695 2615165 NC_004757.gbk
1903 46.5 2854450 2852540 genome.dna 795524 797465 NC_004757.gbk
1152 53.3 2859653 2858643 genome.dna 2408969 2409998 NC_004757.gbk
2490 45.5 2862472 2859857 genome.dna 682036 684682 NC_004757.gbk
466 41.7 2869764 2869216 genome.dna 2810172 2809590 NC_004757.gbk
745 31.1 2871686 2869944 genome.dna 2811935 2810198 NC_004757.gbk
395 33.2 2884168 2883416 genome.dna 1817577 1818336 NC_004757.gbk
1017 32.4 2887241 2885457 genome.dna 1930066 1928317 NC_004757.gbk
405 39.3 2890358 2889900 genome.dna 2428041 2427597 NC_004757.gbk
1374 45.0 2895155 2896582 genome.dna 729550 731041 NC_004757.gbk
992 41.2 2917289 2918617 genome.dna 950644 951943 NC_004757.gbk
262 39.1 2920770 2921360 genome.dna 702102 701463 NC_004757.gbk
462 35.0 2921367 2922104 genome.dna 701395 700645 NC_004757.gbk
717 43.8 2922086 2922862 genome.dna 700546 699769 NC_004757.gbk
332 59.1 2923933 2923649 genome.dna 2117284 2116966 NC_004757.gbk
2377 64.1 2925698 2924025 genome.dna 2119011 2117292 NC_004757.gbk
680 48.4 2926492 2925815 genome.dna 2119788 2119116 NC_004757.gbk
1487 57.0 2928002 2926713 genome.dna 2121264 2119968 NC_004757.gbk
1285 53.3 2929170 2928085 genome.dna 372681 373788 NC_004757.gbk
1699 60.3 2975613 2974318 genome.dna 220195 218881 NC_004757.gbk
1512 55.0 2977060 2975717 genome.dna 1140157 1141477 NC_004757.gbk
1509 72.0 2982496 2983455 genome.dna 2084118 2083164 NC_004757.gbk
755 51.3 2987214 2987927 genome.dna 2407543 2408254 NC_004757.gbk
352 69.4 2988043 2988261 genome.dna 463810 464029 NC_004757.gbk
3036 61.9 2992855 2990582 genome.dna 1867602 1869873 NC_004757.gbk
334 46.7 2993205 2992885 genome.dna 1867289 1867601 NC_004757.gbk
455 65.7 3002657 3002334 genome.dna 1120084 1120405 NC_004757.gbk
1024 47.3 3011957 3010824 genome.dna 2022942 2024028 NC_004757.gbk
721 32.4 3013338 3012229 genome.dna 2025727 2026837 NC_004757.gbk
114 33.8 3016496 3016762 genome.dna 2399675 2399417 NC_004757.gbk
1009 42.8 3022380 3021175 genome.dna 1620046 1621204 NC_004757.gbk
963 44.1 3027219 3026053 genome.dna 2157521 2158763 NC_004757.gbk
2051 65.2 3042056 3043384 genome.dna 993052 994396 NC_004757.gbk
1650 64.0 3050037 3051158 genome.dna 988709 989816 NC_004757.gbk
892 49.0 3051198 3052058 genome.dna 989816 990695 NC_004757.gbk
776 42.5 3058890 3057901 genome.dna 130534 129565 NC_004757.gbk
483 31.3 3064304 3063432 genome.dna 2076231 2077161 NC_004757.gbk
89 31.4 3100258 3100503 genome.dna 317502 317295 NC_004757.gbk
226 39.6 3100493 3100777 genome.dna 597827 598118 NC_004757.gbk
1185 76.6 3140808 3141479 genome.dna 2033968 2033320 NC_004757.gbk
295 34.2 3145018 3144548 genome.dna 2292426 2292885 NC_004757.gbk
1456 50.8 3147123 3145672 genome.dna 2210728 2209231 NC_004757.gbk
2986 68.2 3161386 3159374 genome.dna 853879 851791 NC_004757.gbk
529 40.9 3163130 3162450 genome.dna 2490996 2490309 NC_004757.gbk
321 31.1 3163884 3163123 genome.dna 2491892 2490995 NC_004757.gbk
983 45.2 3165022 3163865 genome.dna 2493805 2492641 NC_004757.gbk
1318 60.9 3166099 3165062 genome.dna 2494845 2493825 NC_004757.gbk
998 40.2 3166195 3167499 genome.dna 34444 33133 NC_004757.gbk
1048 41.0 3171157 3172854 genome.dna 475399 477142 NC_004757.gbk
439 52.6 3195210 3194782 genome.dna 519759 520161 NC_004757.gbk
236 49.4 3195440 3195210 genome.dna 519526 519760 NC_004757.gbk
542 51.6 3228583 3228035 genome.dna 2310747 2310168 NC_004757.gbk
1860 49.6 3230474 3228642 genome.dna 1018825 1020640 NC_004757.gbk
650 32.5 3276884 3278356 genome.dna 1207445 1208876 NC_004757.gbk
892 39.4 3290769 3289561 genome.dna 213760 214957 NC_004757.gbk
175 31.4 3332182 3332514 genome.dna 2389286 2388971 NC_004757.gbk
921 33.9 3372145 3370688 genome.dna 1909139 1907693 NC_004757.gbk
888 36.8 3373687 3372152 genome.dna 1910687 1909205 NC_004757.gbk
1226 37.3 3375638 3373788 genome.dna 1912719 1910772 NC_004757.gbk
279 38.6 3375937 3375635 genome.dna 1913089 1912783 NC_004757.gbk
288 31.7 3376497 3375934 genome.dna 1913750 1913144 NC_004757.gbk
707 40.6 3378041 3377067 genome.dna 1915370 1914269 NC_004757.gbk
1207 45.4 3382301 3380952 genome.dna 1919138 1917860 NC_004757.gbk
286 33.5 3382843 3382298 genome.dna 1919623 1919134 NC_004757.gbk
306 34.2 3385876 3385436 genome.dna 1922415 1922046 NC_004757.gbk
1795 63.4 3389494 3390708 genome.dna 2573828 2575055 NC_004757.gbk
775 36.1 3395711 3396913 genome.dna 2316813 2318064 NC_004757.gbk
2025 53.1 3396993 3399131 genome.dna 328408 326320 NC_004757.gbk
271 30.1 3401812 3402438 genome.dna 2061368 2060723 NC_004757.gbk
348 39.2 3408161 3407589 genome.dna 79472 78836 NC_004757.gbk
1938 59.4 3409858 3408341 genome.dna 758424 759942 NC_004757.gbk
307 39.3 3410380 3409880 genome.dna 757819 758320 NC_004757.gbk
1070 46.2 3412525 3411257 genome.dna 755853 757146 NC_004757.gbk
1112 58.0 3413548 3412631 genome.dna 754810 755704 NC_004757.gbk
888 59.3 3414435 3413773 genome.dna 1898373 1899024 NC_004757.gbk
769 48.0 3415469 3414618 genome.dna 751239 752058 NC_004757.gbk
1627 65.6 3427528 3426443 genome.dna 2029160 2030333 NC_004757.gbk
887 45.8 3428548 3427616 genome.dna 474435 473496 NC_004757.gbk
273 35.0 3428721 3429263 genome.dna 2083132 2082565 NC_004757.gbk
394 32.2 3444907 3444146 genome.dna 1270004 1269233 NC_004757.gbk
770 45.6 3459693 3458845 genome.dna 650835 651696 NC_004757.gbk
391 48.9 3465394 3464954 genome.dna 1737278 1736777 NC_004757.gbk
552 35.5 3479267 3480127 genome.dna 1621227 1622088 NC_004757.gbk
495 30.1 3487569 3486097 genome.dna 2756158 2757505 NC_004757.gbk
1777 68.7 3514279 3513113 genome.dna 1472942 1471769 NC_004757.gbk
869 48.9 3516455 3517318 genome.dna 406491 405603 NC_004757.gbk
1760 56.1 3519048 3517663 genome.dna 54840 56238 NC_004757.gbk
616 59.9 3520193 3520687 genome.dna 54052 53560 NC_004757.gbk
592 59.0 3521609 3522118 genome.dna 948623 948125 NC_004757.gbk
444 30.8 3522115 3523185 genome.dna 948135 947004 NC_004757.gbk
1328 35.6 3531913 3533985 genome.dna 357103 359209 NC_004757.gbk
1110 38.1 3533985 3535520 genome.dna 1880789 1882325 NC_004757.gbk
1481 48.2 3537873 3539351 genome.dna 1764110 1765541 NC_004757.gbk
988 41.5 3568380 3569747 genome.dna 554551 553114 NC_004757.gbk
803 55.1 3569781 3570509 genome.dna 553118 552428 NC_004757.gbk
1054 58.7 3573115 3574479 genome.dna 2140069 2141431 NC_004757.gbk
443 32.2 3577570 3576767 genome.dna 1555565 1554719 NC_004757.gbk
633 42.2 3585196 3584423 genome.dna 2093219 2093951 NC_004757.gbk
2286 64.5 3590632 3589055 genome.dna 123321 121761 NC_004757.gbk
1981 60.4 3592205 3590739 genome.dna 124796 123332 NC_004757.gbk
1202 43.3 3592378 3593766 genome.dna 1272074 1273421 NC_004757.gbk
1011 48.6 3599984 3598497 genome.dna 177361 178765 NC_004757.gbk
1503 55.3 3603229 3601955 genome.dna 174182 175415 NC_004757.gbk
740 51.4 3607701 3606505 genome.dna 169898 170984 NC_004757.gbk
584 62.4 3608433 3608005 genome.dna 169379 169805 NC_004757.gbk
395 48.6 3619470 3619147 genome.dna 1584255 1583925 NC_004757.gbk
527 57.9 3621953 3621459 genome.dna 1584759 1584279 NC_004757.gbk
695 48.1 3622783 3622058 genome.dna 2110958 2110217 NC_004757.gbk
846 48.1 3622920 3623723 genome.dna 2111002 2111830 NC_004757.gbk
1765 64.0 3635387 3634134 genome.dna 1562483 1561232 NC_004757.gbk
1592 56.1 3642369 3641032 genome.dna 20165 21533 NC_004757.gbk
689 32.0 3644657 3643221 genome.dna 18114 19614 NC_004757.gbk
3607 59.3 3649390 3645506 genome.dna 26788 22873 NC_004757.gbk
499 53.7 3651787 3651263 genome.dna 474481 474985 NC_004757.gbk
392 63.2 3679566 3679826 genome.dna 1053489 1053219 NC_004757.gbk
357 45.5 3680225 3679845 genome.dna 2523018 2522640 NC_004757.gbk
958 62.4 3680956 3680225 genome.dna 2523740 2523014 NC_004757.gbk
977 51.9 3682691 3681786 genome.dna 2524685 2523794 NC_004757.gbk
636 46.9 3683368 3682688 genome.dna 2525508 2524770 NC_004757.gbk
455 38.7 3684626 3683661 genome.dna 2526723 2525919 NC_004757.gbk
2728 66.8 3686442 3684643 genome.dna 2528588 2526791 NC_004757.gbk
743 56.8 3689432 3688857 genome.dna 2531895 2531292 NC_004757.gbk
2104 60.8 3689812 3691413 genome.dna 2044162 2042578 NC_004757.gbk
1614 53.4 3698228 3696813 genome.dna 1755805 1754413 NC_004757.gbk
359 43.5 3702410 3702844 genome.dna 1393781 1394186 NC_004757.gbk
1157 54.7 3703917 3702925 genome.dna 626724 625635 NC_004757.gbk
1148 60.1 3704788 3703907 genome.dna 627599 626720 NC_004757.gbk
1074 61.9 3705613 3704801 genome.dna 628442 627608 NC_004757.gbk
1346 59.2 3706780 3705770 genome.dna 631781 630773 NC_004757.gbk
507 65.4 3714535 3714188 genome.dna 1556461 1556827 NC_004757.gbk
1660 57.3 3714803 3716083 genome.dna 1554055 1552747 NC_004757.gbk
274 33.3 3727604 3728134 genome.dna 1531381 1530805 NC_004757.gbk
562 61.1 3729128 3729583 genome.dna 496560 496134 NC_004757.gbk
1171 44.6 3730782 3732230 genome.dna 88659 90042 NC_004757.gbk
373 43.9 3732230 3732727 genome.dna 90038 90551 NC_004757.gbk
876 47.5 3732844 3733638 genome.dna 91192 92002 NC_004757.gbk
752 44.6 3733793 3734647 genome.dna 92025 92859 NC_004757.gbk
608 36.3 3735878 3735108 genome.dna 2587320 2586564 NC_004757.gbk
776 41.9 3736813 3735875 genome.dna 2588231 2587316 NC_004757.gbk
791 38.3 3739983 3738898 genome.dna 1118991 1120062 NC_004757.gbk
562 31.5 3742499 3743362 genome.dna 390107 389129 NC_004757.gbk
735 50.4 3749695 3748958 genome.dna 166019 166718 NC_004757.gbk
524 55.3 3749751 3750215 genome.dna 165522 166008 NC_004757.gbk
728 42.7 3750989 3751744 genome.dna 164627 163838 NC_004757.gbk
692 31.7 3751815 3753179 genome.dna 2639791 2638405 NC_004757.gbk
3721 67.1 3762599 3760023 genome.dna 2609854 2612446 NC_004757.gbk
730 46.9 3763458 3762733 genome.dna 1788014 1787249 NC_004757.gbk
929 48.9 3764478 3763501 genome.dna 544581 543546 NC_004757.gbk
592 42.1 3764613 3765347 genome.dna 544615 545383 NC_004757.gbk
531 34.1 3766362 3767522 genome.dna 375030 376098 NC_004757.gbk
480 64.3 3773009 3772662 genome.dna 1809122 1809521 NC_004757.gbk
915 55.5 3773827 3773072 genome.dna 1808308 1809121 NC_004757.gbk
395 36.4 3774414 3773866 genome.dna 1807788 1808298 NC_004757.gbk
349 62.4 3774681 3774433 genome.dna 1807490 1807760 NC_004757.gbk
1816 62.7 3776200 3774839 genome.dna 1595256 1596603 NC_004757.gbk
398 44.4 3780004 3779576 genome.dna 2063793 2064282 NC_004757.gbk
2852 60.0 3784972 3782345 genome.dna 2086853 2084261 NC_004757.gbk
1567 70.2 3786717 3785644 genome.dna 2088387 2087355 NC_004757.gbk
484 47.2 3787319 3786825 genome.dna 2798535 2799078 NC_004757.gbk
1117 41.9 3866442 3865039 genome.dna 1202304 1200891 NC_004757.gbk
1238 46.5 3882715 3881462 genome.dna 2343827 2342558 NC_004757.gbk
851 40.2 3883829 3882726 genome.dna 1411353 1410231 NC_004757.gbk
2870 56.4 3894156 3896603 genome.dna 1684528 1686862 NC_004757.gbk
394 35.4 3912529 3911285 genome.dna 43970 45188 NC_004757.gbk
635 33.3 3918901 3920391 genome.dna 2250379 2251840 NC_004757.gbk
275 32.7 3952181 3951618 genome.dna 1284112 1283569 NC_004757.gbk
2168 58.2 3956293 3958011 genome.dna 1436836 1438543 NC_004757.gbk
506 37.5 3960197 3959163 genome.dna 1034691 1033716 NC_004757.gbk
565 46.3 3961248 3960622 genome.dna 1035467 1034798 NC_004757.gbk
599 58.4 3963052 3962555 genome.dna 1531878 1531386 NC_004757.gbk
526 41.5 3963804 3963091 genome.dna 1542704 1541996 NC_004757.gbk
1357 50.5 3969453 3967963 genome.dna 933583 934855 NC_004757.gbk
953 50.0 3970373 3969465 genome.dna 932619 933528 NC_004757.gbk
1624 52.4 3971825 3970383 genome.dna 569550 571056 NC_004757.gbk
359 32.7 3972869 3972135 genome.dna 931896 932595 NC_004757.gbk
1776 47.7 3974615 3972882 genome.dna 928336 926614 NC_004757.gbk
1528 41.0 3976444 3974615 genome.dna 930180 928344 NC_004757.gbk
465 36.2 3996022 3996702 genome.dna 2448330 2447625 NC_004757.gbk
1661 60.6 4001743 4000448 genome.dna 1131080 1129793 NC_004757.gbk
2345 64.2 4003479 4001842 genome.dna 1133215 1131520 NC_004757.gbk
753 43.1 4013697 4012813 genome.dna 736508 735587 NC_004757.gbk
532 35.1 4014558 4013788 genome.dna 1818355 1819117 NC_004757.gbk
2217 51.9 4027241 4025196 genome.dna 1890486 1892532 NC_004757.gbk
1463 38.9 4031933 4029078 genome.dna 1453366 1456156 NC_004757.gbk
1397 54.8 4034399 4035643 genome.dna 1741510 1740271 NC_004757.gbk
746 48.5 4036522 4035704 genome.dna 52204 53026 NC_004757.gbk
300 36.8 4037027 4036671 genome.dna 255966 255612 NC_004757.gbk
453 43.0 4037132 4037767 genome.dna 256050 256653 NC_004757.gbk
341 43.4 4059399 4059037 genome.dna 1532421 1532073 NC_004757.gbk
442 48.3 4059979 4059527 genome.dna 234032 233576 NC_004757.gbk
760 50.2 4068636 4067902 genome.dna 394568 395351 NC_004757.gbk
1964 49.7 4071195 4068739 genome.dna 392343 394545 NC_004757.gbk
356 39.9 4071662 4071237 genome.dna 1011568 1012024 NC_004757.gbk
1063 49.7 4076878 4075862 genome.dna 1052338 1051294 NC_004757.gbk
734 47.9 4076900 4077613 genome.dna 1052534 1053251 NC_004757.gbk
580 36.8 4077711 4078532 genome.dna 445938 446751 NC_004757.gbk
318 31.7 4078582 4079136 genome.dna 446808 447369 NC_004757.gbk
689 53.1 4079441 4080034 genome.dna 306959 307571 NC_004757.gbk
1215 49.0 4080027 4081166 genome.dna 307607 308807 NC_004757.gbk
124 43.9 4086196 4086327 genome.dna 745481 745610 NC_004757.gbk
544 41.4 4088112 4086889 genome.dna 654706 653464 NC_004757.gbk
419 33.7 4102382 4101120 genome.dna 2113595 2114849 NC_004757.gbk
1713 58.5 4114440 4115846 genome.dna 233469 232071 NC_004757.gbk
893 42.6 4115888 4116970 genome.dna 1546963 1548052 NC_004757.gbk
4397 69.6 4139901 4137067 genome.dna 2679118 2681950 NC_004757.gbk
560 50.3 4140147 4140710 genome.dna 2677644 2677194 NC_004757.gbk
3578 60.4 4236582 4233919 genome.dna 405570 402912 NC_004757.gbk
633 51.6 4243540 4242965 genome.dna 2370690 2371242 NC_004757.gbk
941 54.4 4244964 4245854 genome.dna 2304081 2303226 NC_004757.gbk
161 30.2 4246180 4246626 genome.dna 1428162 1427751 NC_004757.gbk
547 44.4 4250722 4251348 genome.dna 651698 652310 NC_004757.gbk
449 30.8 4251341 4252093 genome.dna 652350 653139 NC_004757.gbk
3447 61.2 4255592 4252890 genome.dna 877410 880140 NC_004757.gbk
1331 55.3 4258960 4257809 genome.dna 1084444 1085593 NC_004757.gbk
1247 47.1 4260285 4259029 genome.dna 1083136 1084375 NC_004757.gbk
1026 53.0 4262088 4261168 genome.dna 1081344 1082262 NC_004757.gbk
1693 54.6 4263557 4262097 genome.dna 1078920 1080342 NC_004757.gbk
1050 48.7 4264711 4263620 genome.dna 1077857 1078931 NC_004757.gbk
1061 45.0 4265910 4264708 genome.dna 1076626 1077793 NC_004757.gbk
635 41.9 4267226 4265910 genome.dna 1075206 1076622 NC_004757.gbk
1475 60.5 4268312 4267230 genome.dna 1074124 1075210 NC_004757.gbk
1097 43.1 4269667 4268306 genome.dna 1072679 1074038 NC_004757.gbk
751 38.1 4271151 4269664 genome.dna 1071117 1072683 NC_004757.gbk
1425 40.5 4272901 4271138 genome.dna 1069378 1071121 NC_004757.gbk
1059 53.7 4274186 4273242 genome.dna 1068141 1069095 NC_004757.gbk
458 51.9 4274647 4274189 genome.dna 1067679 1068126 NC_004757.gbk
644 60.1 4277861 4277370 genome.dna 1444615 1444123 NC_004757.gbk
2229 56.6 4279582 4277864 genome.dna 1446323 1444619 NC_004757.gbk
970 33.0 4281750 4279945 genome.dna 1686858 1688697 NC_004757.gbk
1591 50.5 4282166 4283764 genome.dna 1441309 1439776 NC_004757.gbk
1171 52.6 4283764 4284855 genome.dna 746277 747348 NC_004757.gbk
2011 63.9 4284858 4286258 genome.dna 744035 745448 NC_004757.gbk
778 57.1 4286272 4286874 genome.dna 745615 746281 NC_004757.gbk
925 34.5 4316738 4318033 genome.dna 963854 965201 NC_004757.gbk
1164 53.6 4318033 4319034 genome.dna 965253 966264 NC_004757.gbk
744 46.5 4319027 4319845 genome.dna 966330 967104 NC_004757.gbk
394 45.4 4319858 4320235 genome.dna 1707355 1706971 NC_004757.gbk
811 44.6 4320238 4321083 genome.dna 667436 666629 NC_004757.gbk
429 40.2 4323873 4323391 genome.dna 617062 616513 NC_004757.gbk
4853 69.3 4330684 4327460 genome.dna 1797722 1794524 NC_004757.gbk
1471 58.5 4331847 4330699 genome.dna 1798898 1797746 NC_004757.gbk
959 57.4 4333114 4332293 genome.dna 668249 667442 NC_004757.gbk
1298 61.2 4334402 4333452 genome.dna 704464 705436 NC_004757.gbk
451 43.7 4335368 4334856 genome.dna 1245549 1245066 NC_004757.gbk
2827 52.8 4338181 4335368 genome.dna 1248411 1245591 NC_004757.gbk
788 44.9 4339154 4338213 genome.dna 1249384 1248412 NC_004757.gbk
259 50.0 4339580 4339843 genome.dna 2540657 2540393 NC_004757.gbk
1616 59.9 4343498 4342359 genome.dna 2105092 2103982 NC_004757.gbk
2932 73.1 4345514 4343607 genome.dna 2107230 2105295 NC_004757.gbk
568 31.6 4353827 4352538 genome.dna 2576627 2578034 NC_004757.gbk
642 61.9 4360338 4359856 genome.dna 28651 29176 NC_004757.gbk
2651 70.3 4365488 4367155 genome.dna 1952566 1954234 NC_004757.gbk
914 65.6 4373604 4372945 genome.dna 1879253 1879913 NC_004757.gbk
1571 63.5 4379941 4378778 genome.dna 363264 362085 NC_004757.gbk
2970 64.8 4383337 4381343 genome.dna 366654 364635 NC_004757.gbk
1768 68.0 4388480 4389631 genome.dna 713833 714997 NC_004757.gbk
408 38.0 4391555 4392289 genome.dna 846212 845453 NC_004757.gbk
1038 50.0 4392301 4393260 genome.dna 1414595 1415558 NC_004757.gbk
596 48.7 4393344 4393907 genome.dna 1805319 1804710 NC_004757.gbk
338 42.0 4393907 4394326 genome.dna 1804718 1804271 NC_004757.gbk
899 43.3 4395434 4394430 genome.dna 558896 559901 NC_004757.gbk
1674 55.6 4395604 4396995 genome.dna 2404724 2406089 NC_004757.gbk
1848 62.6 4398393 4397095 genome.dna 1402071 1400772 NC_004757.gbk
140 36.7 4398693 4398493 genome.dna 1403756 1403555 NC_004757.gbk
461 36.3 4399815 4398820 genome.dna 1404753 1403874 NC_004757.gbk
664 39.5 4401072 4399819 genome.dna 1405943 1404752 NC_004757.gbk
1248 55.4 4402445 4401165 genome.dna 1407139 1405948 NC_004757.gbk
1033 51.3 4403893 4402952 genome.dna 2136037 2135083 NC_004757.gbk
1084 39.3 4405841 4403886 genome.dna 1879036 1877221 NC_004757.gbk
459 48.3 4408042 4407560 genome.dna 712794 712317 NC_004757.gbk
884 38.3 4409618 4408062 genome.dna 26859 28377 NC_004757.gbk
868 64.7 4413698 4413135 genome.dna 2690755 2691319 NC_004757.gbk
1969 79.7 4422828 4421779 genome.dna 893009 891959 NC_004757.gbk
771 65.2 4435345 4434803 genome.dna 96034 95488 NC_004757.gbk
715 38.8 4435653 4436702 genome.dna 97799 98744 NC_004757.gbk
563 63.5 4447190 4446837 genome.dna 1822331 1822694 NC_004757.gbk
413 36.4 4448185 4447619 genome.dna 976595 976037 NC_004757.gbk
2044 57.3 4451372 4449723 genome.dna 2451918 2453553 NC_004757.gbk
5004 61.5 4464530 4460847 genome.dna 1754287 1750573 NC_004757.gbk
736 46.5 4479596 4478769 genome.dna 1759451 1760282 NC_004757.gbk
271 38.5 4481228 4480755 genome.dna 2125003 2124544 NC_004757.gbk
748 37.5 4482321 4481200 genome.dna 2126199 2125083 NC_004757.gbk
626 57.6 4482450 4482959 genome.dna 2127443 2128001 NC_004757.gbk
981 48.4 4482986 4483933 genome.dna 2128062 2129037 NC_004757.gbk
1018 39.2 4484001 4485290 genome.dna 2129033 2130314 NC_004757.gbk
1580 54.4 4485347 4486723 genome.dna 1980081 1981527 NC_004757.gbk
552 69.5 4488068 4487676 genome.dna 466674 467067 NC_004757.gbk
1278 58.9 4489098 4488109 genome.dna 465677 466688 NC_004757.gbk
782 57.4 4489744 4489124 genome.dna 465021 465648 NC_004757.gbk
684 76.0 4490164 4489775 genome.dna 464617 465007 NC_004757.gbk
514 62.9 4490537 4490181 genome.dna 464217 464577 NC_004757.gbk
1899 67.8 4492165 4490834 genome.dna 462477 463803 NC_004757.gbk
406 45.1 4492607 4492173 genome.dna 462026 462488 NC_004757.gbk
194 49.1 4492790 4492611 genome.dna 461839 462025 NC_004757.gbk
709 64.8 4493297 4492797 genome.dna 461300 461834 NC_004757.gbk
363 46.2 4493665 4493312 genome.dna 460924 461284 NC_004757.gbk
555 52.3 4494208 4493675 genome.dna 460367 460910 NC_004757.gbk
530 60.8 4494614 4494222 genome.dna 459960 460356 NC_004757.gbk
331 52.5 4494953 4494648 genome.dna 459582 459888 NC_004757.gbk
879 67.4 4495506 4494967 genome.dna 459032 459572 NC_004757.gbk
339 55.4 4495835 4495521 genome.dna 458700 459018 NC_004757.gbk
597 69.9 4496217 4495846 genome.dna 458314 458683 NC_004757.gbk
291 53.8 4496635 4496381 genome.dna 457978 458233 NC_004757.gbk
189 48.4 4496826 4496635 genome.dna 457787 457982 NC_004757.gbk
695 77.6 4497236 4496826 genome.dna 457363 457780 NC_004757.gbk
1003 67.9 4497950 4497249 genome.dna 456626 457274 NC_004757.gbk
380 54.5 4498300 4497968 genome.dna 456257 456590 NC_004757.gbk
453 70.8 4498593 4498315 genome.dna 455964 456249 NC_004757.gbk
1261 65.4 4499431 4498610 genome.dna 455122 455959 NC_004757.gbk
285 43.3 4499751 4499449 genome.dna 454790 455126 NC_004757.gbk
693 53.7 4500353 4499748 genome.dna 454173 454794 NC_004757.gbk
802 56.5 4500993 4500364 genome.dna 453505 454153 NC_004757.gbk
521 76.5 4501337 4501026 genome.dna 453149 453458 NC_004757.gbk
633 59.7 4502117 4501644 genome.dna 942957 942492 NC_004757.gbk
3300 70.6 4505956 4503842 genome.dna 2231448 2229357 NC_004757.gbk
682 64.7 4506523 4506053 genome.dna 2231991 2231520 NC_004757.gbk
714 84.7 4506994 4506620 genome.dna 2232445 2232067 NC_004757.gbk
401 40.5 4520431 4519847 genome.dna 1842378 1841898 NC_004757.gbk
2142 52.1 4523306 4525213 genome.dna 519226 517315 NC_004757.gbk
724 37.3 4526001 4527020 genome.dna 1410184 1409158 NC_004757.gbk
1195 61.6 4527383 4528252 genome.dna 1610593 1609723 NC_004757.gbk
509 52.6 4528763 4528356 genome.dna 1232726 1232309 NC_004757.gbk
874 39.7 4531124 4529898 genome.dna 1570661 1569479 NC_004757.gbk
874 65.1 4531820 4531245 genome.dna 17994 17394 NC_004757.gbk
393 33.2 4558484 4557780 genome.dna 2334164 2334887 NC_004757.gbk
979 67.0 4559154 4558477 genome.dna 2333464 2334145 NC_004757.gbk
1215 53.4 4562421 4561336 genome.dna 2142300 2143410 NC_004757.gbk
437 42.0 4562994 4562473 genome.dna 2141562 2142198 NC_004757.gbk
1634 37.8 4567199 4569754 genome.dna 2517171 2519484 NC_004757.gbk
349 46.2 4573911 4574321 genome.dna 2804495 2804084 NC_004757.gbk
1515 38.0 4588553 4586358 genome.dna 2656332 2653860 NC_004757.gbk
434 45.5 4592217 4591738 genome.dna 1996893 1996344 NC_004757.gbk
2285 58.1 4597892 4600225 genome.dna 2388625 2386219 NC_004757.gbk
636 40.9 4613436 4612669 genome.dna 2492661 2491881 NC_004757.gbk
279 35.2 4613483 4614184 genome.dna 2494909 2495686 NC_004757.gbk
1269 43.5 4634257 4632818 genome.dna 2453577 2455065 NC_004757.gbk
1608 55.6 4635563 4634286 genome.dna 2192467 2193769 NC_004757.gbk
2472 50.8 4639754 4637577 genome.dna 2192351 2190146 NC_004757.gbk
1743 69.6 4644844 4643741 genome.dna 747496 748618 NC_004757.gbk
1460 47.7 4664050 4662224 genome.dna 2804088 2802438 NC_004757.gbk
2073 49.7 4672431 4670269 genome.dna 1609663 1607428 NC_004757.gbk
722 41.9 4674165 4673230 genome.dna 379188 378222 NC_004757.gbk
1003 53.3 4675687 4674863 genome.dna 1737612 1738440 NC_004757.gbk
1100 58.8 4680620 4681561 genome.dna 643562 644489 NC_004757.gbk
442 33.6 4681558 4682298 genome.dna 644519 645299 NC_004757.gbk
1465 60.8 4700495 4699365 genome.dna 2356377 2355231 NC_004757.gbk
1388 60.1 4702353 4701286 genome.dna 511367 512426 NC_004757.gbk
530 30.6 4703612 4702350 genome.dna 2466230 2464955 NC_004757.gbk
695 54.8 4704862 4703738 genome.dna 527441 528536 NC_004757.gbk
2033 72.5 4708658 4707399 genome.dna 1122603 1123863 NC_004757.gbk
460 62.0 4709479 4709153 genome.dna 1122054 1122381 NC_004757.gbk
1803 54.9 4728119 4726569 genome.dna 761245 762757 NC_004757.gbk
532 39.3 4729969 4728119 genome.dna 134849 133175 NC_004757.gbk
916 46.2 4730969 4730043 genome.dna 2044380 2045304 NC_004757.gbk
1736 54.4 4733613 4735139 genome.dna 230540 232043 NC_004757.gbk
764 31.7 4750000 4748153 genome.dna 696454 694615 NC_004757.gbk
702 41.9 4756712 4755816 genome.dna 716735 717581 NC_004757.gbk
844 37.2 4766891 4765731 genome.dna 759958 761134 NC_004757.gbk
296 57.8 4770684 4770469 genome.dna 1124142 1124367 NC_004757.gbk
1919 43.4 4770998 4773196 genome.dna 1637568 1639761 NC_004757.gbk
823 73.3 4775884 4776414 genome.dna 2448813 2449335 NC_004757.gbk
1928 66.4 4776424 4777755 genome.dna 2449368 2450700 NC_004757.gbk
778 49.6 4786326 4787093 genome.dna 1923754 1922995 NC_004757.gbk
565 57.3 4834867 4834403 genome.dna 2495698 2496163 NC_004757.gbk
987 53.9 4866035 4865178 genome.dna 633670 634513 NC_004757.gbk
754 52.8 4867996 4867325 genome.dna 1544320 1543657 NC_004757.gbk
417 41.0 4869761 4870336 genome.dna 1054532 1053980 NC_004757.gbk
165 35.2 4875073 4874828 genome.dna 1536851 1537094 NC_004757.gbk
465 32.8 4911222 4909444 genome.dna 1460458 1458664 NC_004757.gbk
2769 61.4 4981440 4979023 genome.dna 2960 5390 NC_004757.gbk
840 39.4 4983694 4982594 genome.dna 1790 2912 NC_004757.gbk
1468 52.8 4985096 4983699 genome.dna 210 1590 NC_004757.gbk
203 65.9 4985770 4985910 genome.dna 444862 444727 NC_004757.gbk
169 33.7 4985929 4986288 genome.dna 444688 444328 NC_004757.gbk
1277 38.1 4986512 4988146 genome.dna 444030 442185 NC_004757.gbk
1568 55.7 4988276 4989640 genome.dna 442127 440771 NC_004757.gbk
395 31.3 4999353 5000237 genome.dna 2747427 2748342 NC_004757.gbk
715 47.0 5017538 5016804 genome.dna 1880057 1880765 NC_004757.gbk
995 57.8 5018328 5017552 genome.dna 1088079 1088880 NC_004757.gbk
436 31.7 5019301 5018414 genome.dna 1087134 1088070 NC_004757.gbk
1042 41.0 5026700 5027902 genome.dna 853953 855147 NC_004757.gbk
2115 54.6 5049054 5047222 genome.dna 244065 245913 NC_004757.gbk
1621 53.6 5050610 5049240 genome.dna 242651 244028 NC_004757.gbk
467 50.4 5053946 5053527 genome.dna 241983 242406 NC_004757.gbk
2437 82.1 5055348 5053966 genome.dna 240572 241955 NC_004757.gbk
1089 55.1 5056259 5055396 genome.dna 239657 240542 NC_004757.gbk
2354 69.4 5057853 5056312 genome.dna 238112 239654 NC_004757.gbk
445 38.8 5058399 5057866 genome.dna 237563 238100 NC_004757.gbk
469 49.4 5058884 5058414 genome.dna 237089 237563 NC_004757.gbk
829 49.3 5060037 5059237 genome.dna 235918 236728 NC_004757.gbk
532 43.2 5061686 5061066 genome.dna 2700448 2699803 NC_004757.gbk
2770 65.4 5063659 5061770 genome.dna 2702342 2700422 NC_004757.gbk
