554 39.2 9676 9014 genome.dna 1097266 1097959 NC_002945.gbk
380 32.9 14538 15464 genome.dna 2701392 2702307 NC_002945.gbk
1164 35.9 25826 28615 genome.dna 1816030 1818745 NC_002945.gbk
1620 50.6 36667 35258 genome.dna 2466761 2468198 NC_002945.gbk
1142 46.2 37037 38860 genome.dna 1295539 1297426 NC_002945.gbk
370 42.9 39698 40135 genome.dna 2135117 2134685 NC_002945.gbk
422 36.4 50956 50333 genome.dna 1561079 1561706 NC_002945.gbk
1173 50.2 87882 86185 genome.dna 4041025 4039378 NC_002945.gbk
565 45.5 97287 96724 genome.dna 1354768 1355383 NC_002945.gbk
350 40.8 110262 109636 genome.dna 4256976 4257600 NC_002945.gbk
326 32.4 111355 110522 genome.dna 3165922 3165091 NC_002945.gbk
2324 67.4 111626 113161 genome.dna 550693 552217 NC_002945.gbk
884 39.2 140268 141428 genome.dna 2113360 2112115 NC_002945.gbk
688 39.5 157508 156588 genome.dna 4042804 4041877 NC_002945.gbk
864 58.6 162282 162998 genome.dna 1504789 1505569 NC_002945.gbk
256 34.7 165569 165111 genome.dna 2970783 2970318 NC_002945.gbk
816 40.9 166824 165547 genome.dna 1562119 1563376 NC_002945.gbk
242 45.5 167881 168117 genome.dna 2298974 2298737 NC_002945.gbk
184 48.1 168129 168296 genome.dna 2298738 2298573 NC_002945.gbk
451 34.0 168516 169325 genome.dna 3196098 3195228 NC_002945.gbk
460 45.6 170854 170375 genome.dna 3275504 3275018 NC_002945.gbk
776 42.0 192775 193791 genome.dna 3295559 3294554 NC_002945.gbk
2240 48.0 199780 202044 genome.dna 1262717 1260437 NC_002945.gbk
577 38.1 217784 218788 genome.dna 1850961 1852020 NC_002945.gbk
359 30.7 218826 219599 genome.dna 1853227 1854112 NC_002945.gbk
1054 40.9 219661 221034 genome.dna 1858024 1859437 NC_002945.gbk
466 45.1 222967 223722 genome.dna 650931 651636 NC_002945.gbk
363 30.3 226939 227694 genome.dna 2334872 2333945 NC_002945.gbk
885 45.3 228573 229595 genome.dna 605752 606742 NC_002945.gbk
902 33.4 236050 233861 genome.dna 957046 959209 NC_002945.gbk
278 35.5 245968 247005 genome.dna 571501 572611 NC_002945.gbk
1091 52.5 248939 247989 genome.dna 1221558 1220619 NC_002945.gbk
1958 73.2 250357 251541 genome.dna 786589 787780 NC_002945.gbk
589 66.9 252872 253300 genome.dna 736257 736686 NC_002945.gbk
699 48.0 253304 254008 genome.dna 736752 737460 NC_002945.gbk
261 31.9 254326 254823 genome.dna 750044 750581 NC_002945.gbk
335 48.0 254890 255255 genome.dna 750617 751010 NC_002945.gbk
2049 44.7 255584 259612 genome.dna 761575 765094 NC_002945.gbk
2368 43.0 259736 263959 genome.dna 765138 769089 NC_002945.gbk
776 51.6 269828 269043 genome.dna 503384 504143 NC_002945.gbk
262 37.6 271449 270808 genome.dna 502037 501368 NC_002945.gbk
2176 61.4 273440 271446 genome.dna 511244 509600 NC_002945.gbk
755 40.6 275283 276347 genome.dna 2951596 2950522 NC_002945.gbk
1025 42.5 280242 278956 genome.dna 866774 868043 NC_002945.gbk
1133 44.1 281849 280260 genome.dna 1068643 1070215 NC_002945.gbk
543 34.1 301263 300298 genome.dna 918476 917306 NC_002945.gbk
429 49.3 307589 307137 genome.dna 2828388 2827944 NC_002945.gbk
192 31.1 315964 316557 genome.dna 3618743 3619412 NC_002945.gbk
927 34.2 329415 330869 genome.dna 279464 277928 NC_002945.gbk
654 39.5 334964 334107 genome.dna 1592285 1593191 NC_002945.gbk
1101 45.4 345980 347242 genome.dna 1468356 1469613 NC_002945.gbk
495 51.8 352201 352629 genome.dna 3810092 3809648 NC_002945.gbk
402 51.2 352645 353037 genome.dna 3809652 3809196 NC_002945.gbk
886 36.3 357036 355618 genome.dna 4267778 4266311 NC_002945.gbk
2184 43.8 361542 357046 genome.dna 4272354 4267770 NC_002945.gbk
562 37.3 372605 373492 genome.dna 1120472 1121330 NC_002945.gbk
788 46.6 399153 398326 genome.dna 3282789 3283638 NC_002945.gbk
1579 51.6 431263 429833 genome.dna 2678149 2676493 NC_002945.gbk
157 31.5 431880 431494 genome.dna 2976093 2976522 NC_002945.gbk
419 31.7 433394 432459 genome.dna 1549910 1550870 NC_002945.gbk
682 39.1 435364 434357 genome.dna 1855307 1856231 NC_002945.gbk
1198 43.7 460910 458055 genome.dna 2718388 2715757 NC_002945.gbk
842 35.8 463248 461737 genome.dna 2457484 2459032 NC_002945.gbk
309 51.9 509102 508848 genome.dna 3724570 3724828 NC_002945.gbk
210 48.6 509350 509099 genome.dna 3724298 3724574 NC_002945.gbk
1071 37.6 530287 528905 genome.dna 3969658 3971101 NC_002945.gbk
810 41.0 543754 544950 genome.dna 3546796 3547915 NC_002945.gbk
1305 41.7 544947 546572 genome.dna 2644006 2645704 NC_002945.gbk
253 43.8 697176 697469 genome.dna 3789916 3789613 NC_002945.gbk
1994 59.0 697515 699164 genome.dna 529626 531249 NC_002945.gbk
253 32.5 704061 704669 genome.dna 2988480 2989134 NC_002945.gbk
534 33.3 726542 725589 genome.dna 2991544 2992738 NC_002945.gbk
2015 54.5 731182 729131 genome.dna 1309475 1307450 NC_002945.gbk
865 47.4 755628 756641 genome.dna 3791217 3790182 NC_002945.gbk
195 31.5 757206 756736 genome.dna 1856227 1856740 NC_002945.gbk
525 32.8 761351 760380 genome.dna 654013 655021 NC_002945.gbk
243 36.6 761608 761919 genome.dna 2708524 2708209 NC_002945.gbk
344 66.3 761939 762196 genome.dna 2708195 2707934 NC_002945.gbk
250 35.9 766454 766933 genome.dna 1207158 1206663 NC_002945.gbk
602 38.7 770241 771074 genome.dna 3993221 3992378 NC_002945.gbk
1130 42.9 771082 772419 genome.dna 3809072 3807725 NC_002945.gbk
304 52.8 783547 783816 genome.dna 3050297 3050027 NC_002945.gbk
725 44.8 784066 786186 genome.dna 3049146 3046887 NC_002945.gbk
1476 45.7 787369 789282 genome.dna 1401213 1402905 NC_002945.gbk
810 41.6 795852 797180 genome.dna 3657992 3656708 NC_002945.gbk
181 32.4 803045 802602 genome.dna 3791690 3791213 NC_002945.gbk
665 39.1 812975 814090 genome.dna 2456328 2455188 NC_002945.gbk
437 50.7 814149 814541 genome.dna 2062415 2062820 NC_002945.gbk
2184 55.7 814656 817529 genome.dna 2066228 2069054 NC_002945.gbk
462 36.2 818265 819005 genome.dna 3125875 3125098 NC_002945.gbk
539 31.0 820003 820902 genome.dna 2269554 2268711 NC_002945.gbk
1018 49.1 821973 823061 genome.dna 3095752 3094669 NC_002945.gbk
1065 39.7 839555 838230 genome.dna 1344188 1345466 NC_002945.gbk
645 42.2 839867 840766 genome.dna 3160806 3159909 NC_002945.gbk
1201 38.8 844582 846099 genome.dna 3986181 3984663 NC_002945.gbk
127 30.3 851060 851452 genome.dna 4150363 4150723 NC_002945.gbk
533 39.4 858630 859340 genome.dna 701044 700282 NC_002945.gbk
1370 50.4 909308 910588 genome.dna 3683376 3684726 NC_002945.gbk
445 35.4 912721 911924 genome.dna 570918 569982 NC_002945.gbk
388 43.7 927840 927358 genome.dna 3426330 3425847 NC_002945.gbk
837 35.9 957805 959187 genome.dna 1883603 1882271 NC_002945.gbk
609 37.8 983011 983910 genome.dna 894103 893095 NC_002945.gbk
1099 58.0 997695 996727 genome.dna 2586391 2587324 NC_002945.gbk
511 52.2 1070142 1070561 genome.dna 1025149 1025650 NC_002945.gbk
443 34.9 1087227 1087946 genome.dna 249102 248310 NC_002945.gbk
1303 66.7 1100443 1101237 genome.dna 3031045 3030253 NC_002945.gbk
386 35.8 1113509 1115371 genome.dna 722978 721250 NC_002945.gbk
731 34.5 1125945 1124593 genome.dna 3647333 3646163 NC_002945.gbk
532 31.2 1129588 1128602 genome.dna 1435263 1434285 NC_002945.gbk
2055 42.2 1131750 1134008 genome.dna 1616118 1618419 NC_002945.gbk
756 49.0 1154052 1153258 genome.dna 3130533 3129675 NC_002945.gbk
797 50.6 1154397 1155122 genome.dna 3156498 3155634 NC_002945.gbk
449 40.4 1155257 1156108 genome.dna 3155623 3154807 NC_002945.gbk
669 44.8 1156279 1157004 genome.dna 3149673 3148887 NC_002945.gbk
491 40.7 1157130 1157687 genome.dna 3148716 3148158 NC_002945.gbk
580 40.4 1157925 1159121 genome.dna 3139527 3138285 NC_002945.gbk
1738 35.9 1169670 1173152 genome.dna 1731706 1735261 NC_002945.gbk
410 37.7 1270601 1269999 genome.dna 2694355 2694943 NC_002945.gbk
422 44.6 1278470 1278919 genome.dna 2987513 2987048 NC_002945.gbk
596 39.9 1278982 1280091 genome.dna 1581500 1582520 NC_002945.gbk
310 42.2 1280201 1280677 genome.dna 1587995 1588460 NC_002945.gbk
209 33.6 1280702 1281121 genome.dna 2825521 2825050 NC_002945.gbk
439 38.7 1281190 1282170 genome.dna 3290475 3289473 NC_002945.gbk
1481 38.8 1284598 1282733 genome.dna 2956604 2954687 NC_002945.gbk
427 44.1 1289161 1289652 genome.dna 659282 658790 NC_002945.gbk
447 32.7 1292157 1291267 genome.dna 1631612 1632539 NC_002945.gbk
383 34.5 1293119 1292505 genome.dna 2435933 2436545 NC_002945.gbk
1550 44.5 1295100 1293109 genome.dna 3361481 3359759 NC_002945.gbk
636 48.2 1301367 1301990 genome.dna 2731338 2730693 NC_002945.gbk
1653 62.3 1302154 1303428 genome.dna 2727651 2726370 NC_002945.gbk
1374 63.9 1311761 1310685 genome.dna 4062785 4063826 NC_002945.gbk
693 43.7 1316909 1318201 genome.dna 3189022 3187588 NC_002945.gbk
492 32.2 1319182 1318319 genome.dna 1802980 1803883 NC_002945.gbk
204 38.0 1320316 1319996 genome.dna 3535858 3536164 NC_002945.gbk
523 43.4 1332732 1333337 genome.dna 4097960 4097348 NC_002945.gbk
1226 46.0 1333507 1335396 genome.dna 2549597 2547653 NC_002945.gbk
414 39.9 1335658 1336302 genome.dna 827943 828489 NC_002945.gbk
705 38.0 1358126 1357212 genome.dna 1674142 1675288 NC_002945.gbk
1486 46.6 1363499 1366138 genome.dna 7301 9818 NC_002945.gbk
606 49.1 1381835 1382692 genome.dna 641200 640255 NC_002945.gbk
925 34.1 1413714 1412101 genome.dna 93985 95452 NC_002945.gbk
607 34.9 1416808 1415858 genome.dna 92362 93313 NC_002945.gbk
1091 32.4 1418834 1416819 genome.dna 90434 92363 NC_002945.gbk
865 42.6 1425057 1426040 genome.dna 3123199 3124318 NC_002945.gbk
410 40.8 1426894 1426256 genome.dna 1067999 1068647 NC_002945.gbk
1031 46.2 1427931 1426894 genome.dna 904554 905649 NC_002945.gbk
573 46.2 1428285 1428911 genome.dna 3651618 3650994 NC_002945.gbk
477 48.9 1433876 1433409 genome.dna 2804480 2804954 NC_002945.gbk
528 33.8 1434853 1435731 genome.dna 3023698 3022795 NC_002945.gbk
821 32.0 1451498 1453288 genome.dna 2055192 2053272 NC_002945.gbk
975 43.2 1458435 1457257 genome.dna 1483896 1485066 NC_002945.gbk
685 49.0 1459094 1458447 genome.dna 2785924 2785267 NC_002945.gbk
345 34.6 1459750 1459094 genome.dna 2786667 2785920 NC_002945.gbk
289 61.5 1468125 1468334 genome.dna 4025768 4025564 NC_002945.gbk
218 34.1 1468782 1468399 genome.dna 3390238 3390637 NC_002945.gbk
820 43.5 1470427 1469462 genome.dna 2464419 2465355 NC_002945.gbk
322 33.3 1471338 1470655 genome.dna 2463730 2464423 NC_002945.gbk
323 34.3 1479078 1478437 genome.dna 2686993 2686357 NC_002945.gbk
385 38.1 1483266 1480684 genome.dna 43545 46455 NC_002945.gbk
960 50.3 1492026 1490968 genome.dna 2618045 2616986 NC_002945.gbk
1036 38.6 1493774 1492350 genome.dna 3003160 3001621 NC_002945.gbk
534 33.2 1501778 1500630 genome.dna 3675843 3676995 NC_002945.gbk
308 37.1 1506798 1506349 genome.dna 2609720 2610113 NC_002945.gbk
2155 60.4 1512651 1514294 genome.dna 3390169 3388525 NC_002945.gbk
755 51.6 1515559 1514879 genome.dna 1149554 1148873 NC_002945.gbk
1023 33.2 1518297 1515565 genome.dna 1152133 1149550 NC_002945.gbk
472 43.6 1519100 1518525 genome.dna 1156299 1156869 NC_002945.gbk
2115 63.1 1521264 1519120 genome.dna 1154170 1156300 NC_002945.gbk
1787 51.5 1522968 1521280 genome.dna 1152458 1154174 NC_002945.gbk
344 34.4 1531148 1531804 genome.dna 314740 314107 NC_002945.gbk
524 35.2 1531798 1532742 genome.dna 314091 313188 NC_002945.gbk
502 40.1 1533499 1534146 genome.dna 388177 388846 NC_002945.gbk
350 30.5 1534199 1534990 genome.dna 3635844 3636612 NC_002945.gbk
1519 53.3 1536355 1535069 genome.dna 999936 1001232 NC_002945.gbk
1838 48.4 1537737 1539503 genome.dna 3659524 3661297 NC_002945.gbk
677 44.0 1539520 1540236 genome.dna 3661296 3662088 NC_002945.gbk
916 41.0 1544898 1546064 genome.dna 1062430 1063594 NC_002945.gbk
838 52.2 1546064 1546936 genome.dna 1063606 1064518 NC_002945.gbk
536 33.1 1549251 1550390 genome.dna 1809766 1808725 NC_002945.gbk
482 32.7 1558773 1559834 genome.dna 1780121 1781171 NC_002945.gbk
811 50.6 1563766 1563014 genome.dna 579446 580196 NC_002945.gbk
611 35.3 1598229 1599338 genome.dna 1374193 1373020 NC_002945.gbk
432 44.7 1600255 1600836 genome.dna 389611 390184 NC_002945.gbk
735 44.3 1621487 1622377 genome.dna 3917715 3916803 NC_002945.gbk
822 39.3 1622382 1623413 genome.dna 3916807 3915766 NC_002945.gbk
938 37.2 1633374 1634744 genome.dna 3593309 3591911 NC_002945.gbk
613 38.5 1635671 1634820 genome.dna 3602397 3601482 NC_002945.gbk
444 38.9 1636204 1635668 genome.dna 3830529 3831138 NC_002945.gbk
1153 58.7 1637078 1636206 genome.dna 399687 400554 NC_002945.gbk
1247 53.5 1652381 1653892 genome.dna 848143 846610 NC_002945.gbk
725 35.9 1807866 1806619 genome.dna 946810 948070 NC_002945.gbk
828 51.2 1834370 1835260 genome.dna 2865490 2866231 NC_002945.gbk
143 30.6 1841727 1842110 genome.dna 3009868 3010318 NC_002945.gbk
2301 50.7 1847037 1842241 genome.dna 3631299 3635841 NC_002945.gbk
462 32.4 1849141 1848239 genome.dna 3406543 3407470 NC_002945.gbk
375 30.1 1862075 1860786 genome.dna 3963356 3964598 NC_002945.gbk
103 33.7 1924289 1923957 genome.dna 3067075 3066718 NC_002945.gbk
1020 37.3 1994834 1996513 genome.dna 1428207 1429794 NC_002945.gbk
181 36.4 2005949 2005503 genome.dna 968193 967803 NC_002945.gbk
184 43.8 2010635 2010913 genome.dna 3194727 3194445 NC_002945.gbk
153 37.0 2034358 2034645 genome.dna 3019078 3019393 NC_002945.gbk
673 36.2 2042130 2043083 genome.dna 626724 625716 NC_002945.gbk
433 32.0 2043101 2044030 genome.dna 2495934 2496843 NC_002945.gbk
655 42.7 2044045 2044779 genome.dna 1670185 1670929 NC_002945.gbk
1016 42.0 2045253 2046494 genome.dna 2497262 2498513 NC_002945.gbk
473 34.8 2050132 2050929 genome.dna 1127539 1128334 NC_002945.gbk
388 32.0 2057749 2058777 genome.dna 285509 286676 NC_002945.gbk
334 33.8 2064690 2065280 genome.dna 86562 87168 NC_002945.gbk
1903 37.9 2070405 2066956 genome.dna 1139413 1143118 NC_002945.gbk
318 31.0 2073776 2074690 genome.dna 748805 749714 NC_002945.gbk
456 38.8 2074702 2075532 genome.dna 1280989 1280275 NC_002945.gbk
476 36.9 2077218 2077982 genome.dna 2916098 2916920 NC_002945.gbk
852 33.9 2099496 2097796 genome.dna 2741726 2743367 NC_002945.gbk
738 47.0 2114428 2115174 genome.dna 1647461 1648262 NC_002945.gbk
1191 44.6 2116495 2117718 genome.dna 1648263 1649517 NC_002945.gbk
1131 40.9 2121733 2120321 genome.dna 1801554 1802973 NC_002945.gbk
407 35.4 2153926 2154558 genome.dna 941861 941210 NC_002945.gbk
476 30.8 2158261 2157266 genome.dna 2149371 2148366 NC_002945.gbk
2690 55.8 2163569 2165743 genome.dna 2146391 2144168 NC_002945.gbk
393 38.8 2181519 2182154 genome.dna 1584873 1585479 NC_002945.gbk
500 37.8 2191939 2192622 genome.dna 2901654 2902329 NC_002945.gbk
1232 46.7 2192856 2194133 genome.dna 1898941 1900216 NC_002945.gbk
1529 55.7 2198282 2200954 genome.dna 1662792 1659960 NC_002945.gbk
234 32.0 2218378 2219073 genome.dna 822321 821664 NC_002945.gbk
2243 49.3 2221311 2219248 genome.dna 3383789 3386066 NC_002945.gbk
1971 47.5 2227418 2225106 genome.dna 3168261 3165921 NC_002945.gbk
499 33.8 2227588 2228490 genome.dna 141239 142184 NC_002945.gbk
389 33.2 2239913 2239125 genome.dna 1670947 1671757 NC_002945.gbk
536 52.4 2258625 2258122 genome.dna 2175006 2175504 NC_002945.gbk
698 35.2 2300071 2298971 genome.dna 1791546 1792629 NC_002945.gbk
750 35.4 2308348 2309736 genome.dna 2581056 2579508 NC_002945.gbk
1597 47.3 2310451 2314227 genome.dna 1288699 1292398 NC_002945.gbk
1989 56.7 2314227 2315807 genome.dna 1292436 1294113 NC_002945.gbk
171 35.8 2324296 2324544 genome.dna 2099372 2099678 NC_002945.gbk
739 42.6 2336995 2338260 genome.dna 2883807 2885157 NC_002945.gbk
417 34.6 2472640 2473437 genome.dna 3458501 3459284 NC_002945.gbk
717 33.6 2477692 2478756 genome.dna 1009408 1010527 NC_002945.gbk
1156 50.4 2487322 2486231 genome.dna 1239625 1240699 NC_002945.gbk
460 39.6 2488039 2487452 genome.dna 1134360 1133784 NC_002945.gbk
831 44.2 2489732 2488785 genome.dna 1136928 1135947 NC_002945.gbk
573 33.4 2491599 2492855 genome.dna 601591 602998 NC_002945.gbk
931 45.0 2492889 2493971 genome.dna 1453543 1454617 NC_002945.gbk
1167 44.7 2503696 2505084 genome.dna 185241 186669 NC_002945.gbk
830 42.6 2513105 2511876 genome.dna 537526 536242 NC_002945.gbk
341 32.0 2513827 2513102 genome.dna 538188 537522 NC_002945.gbk
758 37.3 2515088 2513820 genome.dna 539567 538247 NC_002945.gbk
760 43.2 2530749 2531648 genome.dna 2208818 2207906 NC_002945.gbk
635 38.1 2536745 2535825 genome.dna 742375 741469 NC_002945.gbk
509 39.2 2552084 2552833 genome.dna 574764 574008 NC_002945.gbk
1356 49.5 2563367 2561970 genome.dna 1228937 1227512 NC_002945.gbk
461 37.8 2563607 2564779 genome.dna 3590867 3589640 NC_002945.gbk
433 36.7 2585970 2586605 genome.dna 4053241 4052503 NC_002945.gbk
267 39.1 2595969 2596559 genome.dna 3114660 3114036 NC_002945.gbk
507 41.4 2597527 2596643 genome.dna 1924178 1924943 NC_002945.gbk
911 39.9 2602958 2604520 genome.dna 1793268 1794819 NC_002945.gbk
595 32.6 2605113 2606180 genome.dna 2435776 2434663 NC_002945.gbk
1408 56.5 2607572 2608762 genome.dna 1796492 1797725 NC_002945.gbk
675 40.4 2629004 2628096 genome.dna 1434289 1433413 NC_002945.gbk
627 41.0 2639766 2638855 genome.dna 1109722 1110643 NC_002945.gbk
441 30.6 2642048 2641143 genome.dna 1187271 1186188 NC_002945.gbk
654 41.0 2642732 2643580 genome.dna 3273217 3274150 NC_002945.gbk
563 31.5 2649493 2651343 genome.dna 817484 819356 NC_002945.gbk
285 36.9 2652833 2653480 genome.dna 2273154 2272593 NC_002945.gbk
354 44.4 2654386 2653967 genome.dna 2947239 2947650 NC_002945.gbk
1070 50.7 2654735 2655739 genome.dna 1609634 1610654 NC_002945.gbk
508 39.7 2677723 2677067 genome.dna 3307553 3306833 NC_002945.gbk
704 34.5 2687417 2685498 genome.dna 1497224 1495229 NC_002945.gbk
1330 49.8 2691006 2692370 genome.dna 77649 76263 NC_002945.gbk
494 35.3 2712101 2712862 genome.dna 2172852 2172084 NC_002945.gbk
662 37.5 2714816 2715706 genome.dna 2270443 2269540 NC_002945.gbk
1049 35.0 2726216 2727934 genome.dna 1420451 1418555 NC_002945.gbk
1002 32.0 2731236 2728849 genome.dna 1845122 1847618 NC_002945.gbk
951 45.3 2732234 2731251 genome.dna 1844097 1845123 NC_002945.gbk
437 59.0 2732903 2732547 genome.dna 1838548 1838938 NC_002945.gbk
153 41.9 2733144 2732947 genome.dna 1838292 1838487 NC_002945.gbk
533 47.3 2733782 2733240 genome.dna 1837637 1838243 NC_002945.gbk
980 40.8 2735713 2733785 genome.dna 2910724 2908645 NC_002945.gbk
588 34.2 2757088 2758194 genome.dna 3340448 3339344 NC_002945.gbk
125 30.9 2771944 2772576 genome.dna 2147579 2146985 NC_002945.gbk
1535 41.9 2791079 2789028 genome.dna 876421 878581 NC_002945.gbk
433 39.1 2791280 2792458 genome.dna 469353 470613 NC_002945.gbk
1128 41.7 2794931 2793456 genome.dna 1623309 1621764 NC_002945.gbk
1234 54.6 2809298 2808294 genome.dna 2891690 2890655 NC_002945.gbk
314 34.1 2809923 2809306 genome.dna 2892277 2891686 NC_002945.gbk
310 37.9 2810663 2810151 genome.dna 2892840 2892273 NC_002945.gbk
766 49.0 2811487 2810744 genome.dna 2899017 2898261 NC_002945.gbk
1588 46.6 2813755 2811956 genome.dna 2865251 2863415 NC_002945.gbk
777 44.8 2859653 2858643 genome.dna 2379117 2380191 NC_002945.gbk
276 32.0 2869134 2868487 genome.dna 732269 731555 NC_002945.gbk
183 30.1 2903705 2902830 genome.dna 3395520 3394596 NC_002945.gbk
305 30.6 2916384 2917283 genome.dna 2361085 2360230 NC_002945.gbk
488 37.5 2917289 2918617 genome.dna 1784948 1786265 NC_002945.gbk
473 33.5 2918614 2919687 genome.dna 1786261 1787404 NC_002945.gbk
417 41.6 2920770 2921360 genome.dna 1788029 1788650 NC_002945.gbk
434 34.2 2921367 2922104 genome.dna 1788659 1789397 NC_002945.gbk
648 43.2 2922086 2922862 genome.dna 1790218 1791022 NC_002945.gbk
552 43.7 2926492 2925815 genome.dna 1924939 1925632 NC_002945.gbk
609 32.6 2928002 2926713 genome.dna 3557975 3559328 NC_002945.gbk
673 36.4 2975613 2974318 genome.dna 4245187 4243927 NC_002945.gbk
1129 43.3 2977060 2975717 genome.dna 2847381 2846022 NC_002945.gbk
268 36.4 2981911 2981417 genome.dna 3626822 3626369 NC_002945.gbk
929 47.5 2982496 2983455 genome.dna 4335687 4336695 NC_002945.gbk
326 67.1 2988043 2988261 genome.dna 3828349 3828127 NC_002945.gbk
483 42.7 3019705 3020373 genome.dna 568240 568915 NC_002945.gbk
430 42.5 3046334 3045672 genome.dna 3993826 3993217 NC_002945.gbk
762 35.4 3050037 3051158 genome.dna 3408327 3409434 NC_002945.gbk
288 35.8 3129712 3129173 genome.dna 1957389 1956858 NC_002945.gbk
863 47.3 3137830 3136895 genome.dna 2727941 2728850 NC_002945.gbk
973 38.5 3139235 3137823 genome.dna 614187 615492 NC_002945.gbk
776 37.6 3147123 3145672 genome.dna 3542338 3543922 NC_002945.gbk
124 36.6 3155372 3155127 genome.dna 3436247 3436499 NC_002945.gbk
531 57.2 3155863 3155369 genome.dna 3664770 3664236 NC_002945.gbk
511 31.3 3157424 3156435 genome.dna 3666302 3665237 NC_002945.gbk
300 34.4 3157972 3158883 genome.dna 1593187 1594216 NC_002945.gbk
2356 56.3 3161386 3159374 genome.dna 1822440 1824537 NC_002945.gbk
205 31.9 3163130 3162450 genome.dna 1763224 1763905 NC_002945.gbk
219 30.1 3163884 3163123 genome.dna 3685873 3686605 NC_002945.gbk
623 34.7 3166099 3165062 genome.dna 1775649 1776699 NC_002945.gbk
869 51.2 3166195 3167499 genome.dna 1760757 1762071 NC_002945.gbk
1491 43.0 3171157 3172854 genome.dna 2582702 2584349 NC_002945.gbk
614 36.2 3173816 3172911 genome.dna 4041822 4041021 NC_002945.gbk
657 35.2 3178804 3180039 genome.dna 528379 527161 NC_002945.gbk
395 32.8 3182488 3181565 genome.dna 2506050 2506980 NC_002945.gbk
311 35.0 3228583 3228035 genome.dna 3015805 3015175 NC_002945.gbk
1838 59.9 3233243 3234655 genome.dna 1916797 1915126 NC_002945.gbk
455 32.6 3257866 3256754 genome.dna 2242913 2243954 NC_002945.gbk
472 37.9 3278435 3279220 genome.dna 1730106 1730910 NC_002945.gbk
855 39.8 3290769 3289561 genome.dna 3341626 3340444 NC_002945.gbk
669 30.3 3306810 3308309 genome.dna 1920222 1921683 NC_002945.gbk
433 37.6 3314908 3313691 genome.dna 3648514 3647329 NC_002945.gbk
279 41.6 3332182 3332514 genome.dna 3386933 3387257 NC_002945.gbk
852 34.1 3352107 3353684 genome.dna 1811253 1809795 NC_002945.gbk
256 45.5 3355116 3355481 genome.dna 2524690 2525059 NC_002945.gbk
128 33.7 3355485 3355811 genome.dna 2525055 2525385 NC_002945.gbk
830 32.5 3372145 3370688 genome.dna 3480898 3482494 NC_002945.gbk
843 32.4 3373687 3372152 genome.dna 3479240 3480902 NC_002945.gbk
1186 39.5 3375638 3373788 genome.dna 3477342 3479244 NC_002945.gbk
228 33.0 3375937 3375635 genome.dna 3477032 3477332 NC_002945.gbk
522 39.0 3378041 3377067 genome.dna 3474390 3475623 NC_002945.gbk
1336 49.4 3382301 3380952 genome.dna 3470520 3471858 NC_002945.gbk
1745 61.3 3389494 3390708 genome.dna 404192 402902 NC_002945.gbk
853 42.2 3395711 3396913 genome.dna 494869 496027 NC_002945.gbk
1332 37.2 3396993 3399131 genome.dna 492804 494877 NC_002945.gbk
658 38.2 3402984 3403889 genome.dna 2462772 2463678 NC_002945.gbk
626 38.9 3409858 3408341 genome.dna 902940 904524 NC_002945.gbk
274 31.1 3412525 3411257 genome.dna 2715761 2714297 NC_002945.gbk
539 41.3 3414435 3413773 genome.dna 443411 444095 NC_002945.gbk
291 33.1 3415469 3414618 genome.dna 3824522 3823751 NC_002945.gbk
346 36.1 3416479 3415469 genome.dna 4089565 4088527 NC_002945.gbk
192 36.2 3427528 3426443 genome.dna 2831209 2830003 NC_002945.gbk
999 41.3 3439860 3438547 genome.dna 290494 291817 NC_002945.gbk
1512 45.5 3443783 3442200 genome.dna 3118577 3117095 NC_002945.gbk
720 41.8 3516455 3517318 genome.dna 3724175 3723329 NC_002945.gbk
1165 42.6 3519048 3517663 genome.dna 3967019 3965609 NC_002945.gbk
499 51.3 3521609 3522118 genome.dna 3613226 3612701 NC_002945.gbk
401 33.7 3522115 3523185 genome.dna 3614512 3613222 NC_002945.gbk
935 55.9 3527868 3527053 genome.dna 913555 914332 NC_002945.gbk
963 36.0 3531913 3533985 genome.dna 3296413 3298642 NC_002945.gbk
671 37.5 3540580 3539417 genome.dna 713961 715053 NC_002945.gbk
499 32.8 3541630 3540590 genome.dna 712780 713965 NC_002945.gbk
560 40.7 3569781 3570509 genome.dna 3581949 3581262 NC_002945.gbk
564 40.7 3577570 3576767 genome.dna 509574 508776 NC_002945.gbk
1328 50.2 3590632 3589055 genome.dna 3766415 3764837 NC_002945.gbk
1651 54.3 3592205 3590739 genome.dna 3784147 3782557 NC_002945.gbk
435 34.0 3599984 3598497 genome.dna 1925628 1927020 NC_002945.gbk
1116 44.3 3603229 3601955 genome.dna 2873540 2872268 NC_002945.gbk
990 44.3 3604488 3603367 genome.dna 3137047 3135883 NC_002945.gbk
642 37.0 3607701 3606505 genome.dna 3147193 3146098 NC_002945.gbk
392 47.3 3608433 3608005 genome.dna 2713887 2713476 NC_002945.gbk
468 34.4 3611852 3612721 genome.dna 2540850 2541621 NC_002945.gbk
199 30.4 3621953 3621459 genome.dna 1438950 1439436 NC_002945.gbk
435 34.9 3622920 3623723 genome.dna 2973371 2972498 NC_002945.gbk
1458 54.8 3635387 3634134 genome.dna 78923 77645 NC_002945.gbk
478 60.7 3640872 3640534 genome.dna 3187592 3187253 NC_002945.gbk
400 46.4 3651787 3651263 genome.dna 4135999 4135540 NC_002945.gbk
584 33.6 3682691 3681786 genome.dna 2614744 2613841 NC_002945.gbk
448 41.8 3683368 3682688 genome.dna 3197124 3196401 NC_002945.gbk
2139 53.9 3686442 3684643 genome.dna 2671317 2669355 NC_002945.gbk
669 40.4 3689812 3691413 genome.dna 1781170 1782754 NC_002945.gbk
537 45.5 3694571 3695257 genome.dna 3289441 3288757 NC_002945.gbk
359 34.8 3698228 3696813 genome.dna 3306837 3305364 NC_002945.gbk
970 46.7 3703917 3702925 genome.dna 2663033 2661977 NC_002945.gbk
744 43.4 3704788 3703907 genome.dna 2663868 2663049 NC_002945.gbk
705 44.4 3705613 3704801 genome.dna 2664716 2663864 NC_002945.gbk
580 37.0 3706780 3705770 genome.dna 2665783 2664712 NC_002945.gbk
223 30.7 3711890 3712588 genome.dna 99718 100486 NC_002945.gbk
320 43.7 3714535 3714188 genome.dna 2448434 2448077 NC_002945.gbk
681 51.1 3714803 3716083 genome.dna 615984 617373 NC_002945.gbk
180 34.1 3732230 3732727 genome.dna 3991988 3991421 NC_002945.gbk
774 45.7 3732844 3733638 genome.dna 2476888 2477734 NC_002945.gbk
650 43.9 3733793 3734647 genome.dna 3988451 3987521 NC_002945.gbk
385 50.4 3734665 3735045 genome.dna 3987522 3987102 NC_002945.gbk
415 31.0 3736813 3735875 genome.dna 1363975 1363039 NC_002945.gbk
585 48.9 3738313 3737777 genome.dna 4001141 4000490 NC_002945.gbk
330 61.3 3744803 3745042 genome.dna 3371518 3371278 NC_002945.gbk
578 60.6 3745052 3745459 genome.dna 3371244 3370791 NC_002945.gbk
3734 79.9 3745456 3747603 genome.dna 3370726 3368644 NC_002945.gbk
1664 76.8 3747628 3748590 genome.dna 3365938 3364963 NC_002945.gbk
2725 55.4 3762599 3760023 genome.dna 463019 460472 NC_002945.gbk
404 36.0 3763458 3762733 genome.dna 2388888 2388135 NC_002945.gbk
435 33.7 3764478 3763501 genome.dna 1726857 1727784 NC_002945.gbk
389 55.7 3773009 3772662 genome.dna 3170769 3170427 NC_002945.gbk
562 40.0 3773827 3773072 genome.dna 3172873 3172180 NC_002945.gbk
1371 48.6 3776200 3774839 genome.dna 3182801 3181223 NC_002945.gbk
832 40.2 3784972 3782345 genome.dna 2843937 2841222 NC_002945.gbk
291 31.6 3873467 3874063 genome.dna 4017797 4017161 NC_002945.gbk
800 47.2 3882715 3881462 genome.dna 2693640 2692392 NC_002945.gbk
789 41.4 3883829 3882726 genome.dna 2706410 2705279 NC_002945.gbk
425 41.5 3893814 3893233 genome.dna 137356 137947 NC_002945.gbk
895 41.1 3908071 3909228 genome.dna 955674 954480 NC_002945.gbk
908 34.8 3917101 3918687 genome.dna 869578 868039 NC_002945.gbk
659 32.9 3918901 3920391 genome.dna 3742260 3743688 NC_002945.gbk
644 34.1 3921930 3923132 genome.dna 4140711 4139580 NC_002945.gbk
283 30.2 3926541 3925651 genome.dna 2545098 2546001 NC_002945.gbk
690 30.3 3933298 3934833 genome.dna 880631 879008 NC_002945.gbk
1060 40.7 3945541 3944261 genome.dna 3840058 3838708 NC_002945.gbk
292 34.9 3952181 3951618 genome.dna 137978 138551 NC_002945.gbk
935 40.7 3956293 3958011 genome.dna 3109520 3107771 NC_002945.gbk
357 41.6 3963052 3962555 genome.dna 3967563 3967083 NC_002945.gbk
322 32.2 3963804 3963091 genome.dna 3968255 3967559 NC_002945.gbk
945 52.5 3970373 3969465 genome.dna 1436054 1437053 NC_002945.gbk
1006 34.6 3994559 3995977 genome.dna 173427 174948 NC_002945.gbk
1490 55.3 4001743 4000448 genome.dna 1145010 1146300 NC_002945.gbk
1774 52.4 4003479 4001842 genome.dna 1909170 1910931 NC_002945.gbk
1588 36.9 4007080 4004843 genome.dna 2877646 2875273 NC_002945.gbk
370 33.9 4012636 4011491 genome.dna 2449610 2448533 NC_002945.gbk
524 35.0 4013697 4012813 genome.dna 845421 844536 NC_002945.gbk
1714 44.4 4027241 4025196 genome.dna 3331235 3329159 NC_002945.gbk
437 33.2 4036522 4035704 genome.dna 2377236 2376405 NC_002945.gbk
171 31.4 4037027 4036671 genome.dna 3992386 3991984 NC_002945.gbk
459 46.8 4039680 4040210 genome.dna 4004659 4005148 NC_002945.gbk
214 30.7 4050959 4050219 genome.dna 2373718 2372914 NC_002945.gbk
1587 46.9 4054763 4056430 genome.dna 951873 950190 NC_002945.gbk
256 37.8 4059399 4059037 genome.dna 3393232 3392875 NC_002945.gbk
321 38.7 4059979 4059527 genome.dna 59398 59857 NC_002945.gbk
341 32.3 4077711 4078532 genome.dna 591233 592121 NC_002945.gbk
482 44.5 4079441 4080034 genome.dna 1505607 1506222 NC_002945.gbk
703 34.1 4080027 4081166 genome.dna 2651213 2650085 NC_002945.gbk
144 32.1 4081395 4081658 genome.dna 2195859 2195607 NC_002945.gbk
323 40.6 4086876 4086421 genome.dna 3117037 3116566 NC_002945.gbk
841 45.9 4114259 4113273 genome.dna 1637406 1636419 NC_002945.gbk
551 36.9 4115888 4116970 genome.dna 3794048 3792821 NC_002945.gbk
2558 56.8 4139901 4137067 genome.dna 1829106 1832025 NC_002945.gbk
251 34.6 4140147 4140710 genome.dna 58575 59070 NC_002945.gbk
911 39.1 4231793 4230366 genome.dna 553632 555027 NC_002945.gbk
731 33.1 4233904 4232027 genome.dna 2461111 2462773 NC_002945.gbk
2981 51.4 4236582 4233919 genome.dna 2491686 2494392 NC_002945.gbk
638 43.0 4244964 4245854 genome.dna 1782753 1783611 NC_002945.gbk
214 35.3 4252799 4252404 genome.dna 1287966 1288392 NC_002945.gbk
933 47.2 4255592 4252890 genome.dna 3575131 3572281 NC_002945.gbk
1071 46.8 4258960 4257809 genome.dna 2390038 2388898 NC_002945.gbk
748 35.9 4263557 4262097 genome.dna 2392636 2391151 NC_002945.gbk
466 37.4 4264711 4263620 genome.dna 2393865 2392632 NC_002945.gbk
591 36.6 4268312 4267230 genome.dna 2397989 2396909 NC_002945.gbk
549 32.2 4269667 4268306 genome.dna 2399518 2397985 NC_002945.gbk
927 39.0 4271151 4269664 genome.dna 2401122 2399514 NC_002945.gbk
565 31.5 4272901 4271138 genome.dna 2407479 2405439 NC_002945.gbk
261 33.6 4274647 4274189 genome.dna 2410250 2409818 NC_002945.gbk
393 42.9 4277861 4277370 genome.dna 3317745 3317238 NC_002945.gbk
1718 45.1 4279582 4277864 genome.dna 3319601 3317744 NC_002945.gbk
882 31.6 4281750 4279945 genome.dna 1737502 1739446 NC_002945.gbk
650 41.0 4283764 4284855 genome.dna 3310084 3309073 NC_002945.gbk
1873 59.1 4284858 4286258 genome.dna 3302635 3301213 NC_002945.gbk
511 43.2 4286272 4286874 genome.dna 3301189 3300592 NC_002945.gbk
446 32.8 4319027 4319845 genome.dna 1129602 1130556 NC_002945.gbk
236 35.4 4323873 4323391 genome.dna 3030183 3029703 NC_002945.gbk
2399 52.2 4330684 4327460 genome.dna 1553779 1557127 NC_002945.gbk
762 43.8 4331847 4330699 genome.dna 1552649 1553780 NC_002945.gbk
1057 52.1 4334402 4333452 genome.dna 1237555 1238563 NC_002945.gbk
207 32.7 4335368 4334856 genome.dna 1726256 1726865 NC_002945.gbk
470 33.9 4339154 4338213 genome.dna 3051449 3050453 NC_002945.gbk
192 38.4 4339580 4339843 genome.dna 2678258 2678519 NC_002945.gbk
955 44.5 4343498 4342359 genome.dna 2622058 2620909 NC_002945.gbk
1822 53.8 4345514 4343607 genome.dna 420863 422741 NC_002945.gbk
227 30.7 4362071 4361421 genome.dna 2685984 2685312 NC_002945.gbk
2025 56.2 4365488 4367155 genome.dna 2752202 2750525 NC_002945.gbk
414 39.1 4376373 4375759 genome.dna 2208926 2209526 NC_002945.gbk
810 41.5 4378640 4377564 genome.dna 443316 442281 NC_002945.gbk
687 42.1 4379941 4378778 genome.dna 1610656 1611895 NC_002945.gbk
1258 44.8 4383337 4381343 genome.dna 1626546 1624443 NC_002945.gbk
1065 58.1 4388480 4389631 genome.dna 1563503 1564715 NC_002945.gbk
1446 50.4 4398393 4397095 genome.dna 437786 436487 NC_002945.gbk
912 42.4 4402445 4401165 genome.dna 2995550 2994062 NC_002945.gbk
512 33.8 4403893 4402952 genome.dna 2997405 2996460 NC_002945.gbk
372 34.2 4409618 4408062 genome.dna 3800915 3799493 NC_002945.gbk
1197 53.3 4422828 4421779 genome.dna 3362844 3363885 NC_002945.gbk
512 47.4 4435345 4434803 genome.dna 2793953 2794601 NC_002945.gbk
2114 55.4 4442783 4444579 genome.dna 1741695 1743447 NC_002945.gbk
200 37.1 4445733 4446089 genome.dna 1744570 1744948 NC_002945.gbk
498 40.6 4448185 4447619 genome.dna 2826087 2825523 NC_002945.gbk
1792 51.7 4451372 4449723 genome.dna 1057152 1055490 NC_002945.gbk
1506 33.1 4464530 4460847 genome.dna 2366465 2362886 NC_002945.gbk
1710 61.2 4468982 4467675 genome.dna 558545 559832 NC_002945.gbk
299 33.6 4477982 4478530 genome.dna 3905539 3905014 NC_002945.gbk
479 32.1 4482321 4481200 genome.dna 3162950 3161780 NC_002945.gbk
158 33.3 4482450 4482959 genome.dna 519415 518821 NC_002945.gbk
601 36.5 4482986 4483933 genome.dna 1578472 1579411 NC_002945.gbk
501 31.7 4484001 4485290 genome.dna 1579407 1580781 NC_002945.gbk
222 34.8 4486815 4487225 genome.dna 1101931 1101475 NC_002945.gbk
813 43.6 4489098 4488109 genome.dna 3826207 3825163 NC_002945.gbk
570 45.6 4489744 4489124 genome.dna 3826960 3826354 NC_002945.gbk
520 57.0 4490164 4489775 genome.dna 3827388 3826968 NC_002945.gbk
439 57.3 4490537 4490181 genome.dna 3827766 3827391 NC_002945.gbk
161 57.9 4490800 4490684 genome.dna 3828095 3827981 NC_002945.gbk
1127 42.8 4492165 4490834 genome.dna 826621 827947 NC_002945.gbk
275 38.1 4492607 4492173 genome.dna 817011 817452 NC_002945.gbk
171 51.9 4492790 4492611 genome.dna 816814 817012 NC_002945.gbk
300 47.5 4493665 4493312 genome.dna 815761 816130 NC_002945.gbk
496 42.0 4494208 4493675 genome.dna 815219 815759 NC_002945.gbk
419 48.5 4494614 4494222 genome.dna 814797 815196 NC_002945.gbk
281 45.5 4494953 4494648 genome.dna 2298572 2298266 NC_002945.gbk
749 58.2 4495506 4494967 genome.dna 813880 814444 NC_002945.gbk
242 41.0 4495835 4495521 genome.dna 813563 813881 NC_002945.gbk
542 66.7 4496217 4495846 genome.dna 813194 813563 NC_002945.gbk
465 50.0 4497236 4496826 genome.dna 806931 807348 NC_002945.gbk
802 50.2 4497950 4497249 genome.dna 806103 806928 NC_002945.gbk
434 66.3 4498593 4498315 genome.dna 805232 805514 NC_002945.gbk
1078 57.1 4499431 4498610 genome.dna 804349 805192 NC_002945.gbk
174 38.2 4499751 4499449 genome.dna 803900 804203 NC_002945.gbk
401 38.9 4500353 4499748 genome.dna 803229 803901 NC_002945.gbk
680 51.2 4500993 4500364 genome.dna 802576 803230 NC_002945.gbk
421 62.0 4501337 4501026 genome.dna 802254 802560 NC_002945.gbk
436 46.3 4502117 4501644 genome.dna 2115548 2116028 NC_002945.gbk
2692 58.7 4505956 4503842 genome.dna 784253 786359 NC_002945.gbk
569 53.8 4506523 4506053 genome.dna 783702 784173 NC_002945.gbk
579 70.7 4506994 4506620 genome.dna 783328 783703 NC_002945.gbk
314 32.4 4529138 4529770 genome.dna 4053824 4054499 NC_002945.gbk
999 43.1 4531124 4529898 genome.dna 1854108 1855311 NC_002945.gbk
581 47.6 4531820 4531245 genome.dna 14912 15611 NC_002945.gbk
198 31.6 4539402 4538833 genome.dna 12467 13016 NC_002945.gbk
295 44.3 4549526 4549894 genome.dna 303777 304134 NC_002945.gbk
571 33.1 4549962 4551341 genome.dna 3112441 3111223 NC_002945.gbk
1095 51.3 4557783 4556779 genome.dna 3680880 3679869 NC_002945.gbk
633 49.1 4559154 4558477 genome.dna 1580805 1581504 NC_002945.gbk
761 41.0 4562421 4561336 genome.dna 2829473 2828384 NC_002945.gbk
323 39.3 4562994 4562473 genome.dna 2830000 2829469 NC_002945.gbk
277 32.7 4590788 4591669 genome.dna 2779973 2779151 NC_002945.gbk
174 32.6 4613483 4614184 genome.dna 3576811 3576169 NC_002945.gbk
1020 32.4 4616966 4614891 genome.dna 2007934 2005759 NC_002945.gbk
804 35.7 4622349 4623851 genome.dna 3643967 3642209 NC_002945.gbk
1054 40.3 4635563 4634286 genome.dna 1357082 1358297 NC_002945.gbk
1440 43.7 4637576 4635600 genome.dna 1756967 1754801 NC_002945.gbk
2314 49.0 4639754 4637577 genome.dna 1490347 1488151 NC_002945.gbk
467 36.2 4651246 4650551 genome.dna 213203 212468 NC_002945.gbk
817 39.6 4672431 4670269 genome.dna 1058726 1061042 NC_002945.gbk
272 30.5 4675687 4674863 genome.dna 2996436 2995566 NC_002945.gbk
595 42.4 4680620 4681561 genome.dna 603007 603937 NC_002945.gbk
1410 56.5 4700495 4699365 genome.dna 1691889 1690740 NC_002945.gbk
536 47.1 4702353 4701286 genome.dna 3829532 3830528 NC_002945.gbk
344 52.0 4709479 4709153 genome.dna 4336691 4337042 NC_002945.gbk
859 40.1 4729969 4728119 genome.dna 221915 220187 NC_002945.gbk
307 34.2 4730969 4730043 genome.dna 2455117 2454010 NC_002945.gbk
1178 42.1 4733613 4735139 genome.dna 3164458 3162946 NC_002945.gbk
396 36.5 4748208 4747351 genome.dna 1503109 1503925 NC_002945.gbk
1294 44.2 4752903 4754309 genome.dna 2982076 2983483 NC_002945.gbk
991 44.1 4766891 4765731 genome.dna 1205426 1206593 NC_002945.gbk
263 56.9 4770684 4770469 genome.dna 1453211 1453454 NC_002945.gbk
502 36.1 4777900 4778817 genome.dna 627684 626805 NC_002945.gbk
411 42.3 4778952 4779437 genome.dna 4261767 4262241 NC_002945.gbk
705 43.0 4782875 4783885 genome.dna 1229954 1228967 NC_002945.gbk
599 40.9 4786326 4787093 genome.dna 1611891 1612677 NC_002945.gbk
579 38.4 4825789 4824827 genome.dna 3326469 3325437 NC_002945.gbk
476 31.3 4828130 4826943 genome.dna 222480 223722 NC_002945.gbk
501 50.7 4834867 4834403 genome.dna 3731262 3731727 NC_002945.gbk
241 31.0 4837408 4836659 genome.dna 386973 386202 NC_002945.gbk
1061 49.6 4838481 4837408 genome.dna 2268709 2267635 NC_002945.gbk
563 33.5 4839358 4838507 genome.dna 3097885 3097057 NC_002945.gbk
647 47.5 4867996 4867325 genome.dna 3427916 3427226 NC_002945.gbk
328 37.8 4869761 4870336 genome.dna 3276156 3275589 NC_002945.gbk
528 34.7 4881331 4882347 genome.dna 3679849 3678979 NC_002945.gbk
1221 46.2 4886675 4885383 genome.dna 2708871 2710347 NC_002945.gbk
517 33.2 4964420 4963467 genome.dna 3760797 3761724 NC_002945.gbk
163 57.1 4985770 4985910 genome.dna 4344889 4344745 NC_002945.gbk
551 35.6 5019301 5018414 genome.dna 1037463 1038378 NC_002945.gbk
653 34.6 5020260 5019301 genome.dna 1043765 1044782 NC_002945.gbk
489 31.8 5021463 5020423 genome.dna 1042581 1043706 NC_002945.gbk
1385 43.0 5049054 5047222 genome.dna 3804591 3802716 NC_002945.gbk
908 39.6 5050610 5049240 genome.dna 1138507 1137019 NC_002945.gbk
1819 59.7 5055348 5053966 genome.dna 1463889 1465350 NC_002945.gbk
304 36.7 5056259 5055396 genome.dna 1462932 1463850 NC_002945.gbk
1692 51.7 5057853 5056312 genome.dna 1461276 1462926 NC_002945.gbk
154 40.3 5059187 5058948 genome.dna 1459093 1459339 NC_002945.gbk
280 30.3 5060037 5059237 genome.dna 1458292 1459045 NC_002945.gbk
