552 39.2 9676 9014 genome.dna 1096854 1097547 NC_002755.gbk
380 33.2 14538 15464 genome.dna 2730078 2730993 NC_002755.gbk
1164 35.9 25826 28615 genome.dna 1821571 1824286 NC_002755.gbk
1620 50.6 36667 35258 genome.dna 2484888 2486325 NC_002755.gbk
1142 46.2 37037 38860 genome.dna 1293655 1295542 NC_002755.gbk
367 43.1 39698 40135 genome.dna 2142182 2141696 NC_002755.gbk
422 36.4 50956 50333 genome.dna 1564231 1564885 NC_002755.gbk
1173 50.2 87882 86185 genome.dna 4095935 4094288 NC_002755.gbk
565 45.5 97287 96724 genome.dna 1353008 1353623 NC_002755.gbk
350 40.8 110262 109636 genome.dna 4313026 4313650 NC_002755.gbk
326 32.4 111355 110522 genome.dna 3203559 3202728 NC_002755.gbk
2324 67.4 111626 113161 genome.dna 551123 552647 NC_002755.gbk
887 39.2 140268 141428 genome.dna 2120372 2119127 NC_002755.gbk
688 39.5 157508 156588 genome.dna 4097714 4096787 NC_002755.gbk
863 58.6 162282 162998 genome.dna 1507968 1508748 NC_002755.gbk
256 34.7 165569 165111 genome.dna 3009089 3008624 NC_002755.gbk
816 40.9 166824 165547 genome.dna 1565298 1566555 NC_002755.gbk
242 45.5 167881 168117 genome.dna 2317393 2317156 NC_002755.gbk
184 48.1 168129 168296 genome.dna 2317157 2316992 NC_002755.gbk
451 34.0 168516 169325 genome.dna 3233790 3232920 NC_002755.gbk
460 45.6 170854 170375 genome.dna 3313134 3312648 NC_002755.gbk
776 42.0 192775 193791 genome.dna 3333376 3332371 NC_002755.gbk
2240 48.0 199780 202044 genome.dna 1260893 1258613 NC_002755.gbk
577 38.1 217784 218788 genome.dna 1856482 1857541 NC_002755.gbk
355 30.7 218826 219599 genome.dna 1858748 1859633 NC_002755.gbk
1058 41.1 219661 221034 genome.dna 1863544 1864957 NC_002755.gbk
466 45.3 222967 223722 genome.dna 651185 651845 NC_002755.gbk
363 30.6 226939 227694 genome.dna 2355224 2354369 NC_002755.gbk
894 45.6 228573 229595 genome.dna 605968 606958 NC_002755.gbk
900 32.9 236050 233861 genome.dna 956190 958353 NC_002755.gbk
278 35.5 245968 247005 genome.dna 571986 573096 NC_002755.gbk
1091 52.5 248939 247989 genome.dna 1219733 1218794 NC_002755.gbk
1958 73.2 250357 251541 genome.dna 786794 787985 NC_002755.gbk
589 66.9 252872 253300 genome.dna 736466 736895 NC_002755.gbk
700 48.0 253304 254008 genome.dna 736961 737669 NC_002755.gbk
261 31.9 254326 254823 genome.dna 750248 750785 NC_002755.gbk
335 48.0 254890 255255 genome.dna 750821 751214 NC_002755.gbk
2049 44.7 255584 259612 genome.dna 761761 765298 NC_002755.gbk
2368 43.0 259736 263959 genome.dna 765342 769293 NC_002755.gbk
776 51.6 269828 269043 genome.dna 503814 504573 NC_002755.gbk
262 37.6 271449 270808 genome.dna 502467 501798 NC_002755.gbk
2176 61.4 273440 271446 genome.dna 511680 510030 NC_002755.gbk
759 40.8 275283 276347 genome.dna 2989948 2988829 NC_002755.gbk
1025 42.5 280242 278956 genome.dna 866725 867994 NC_002755.gbk
1133 44.1 281849 280260 genome.dna 1068217 1069789 NC_002755.gbk
543 34.1 301263 300298 genome.dna 917555 916385 NC_002755.gbk
429 49.3 307589 307137 genome.dna 2857078 2856634 NC_002755.gbk
192 31.1 315964 316557 genome.dna 3659053 3659722 NC_002755.gbk
654 39.5 334964 334107 genome.dna 1595832 1596738 NC_002755.gbk
1101 45.4 345980 347242 genome.dna 1469861 1471118 NC_002755.gbk
495 51.8 352201 352629 genome.dna 3848339 3847895 NC_002755.gbk
402 51.2 352645 353037 genome.dna 3847899 3847443 NC_002755.gbk
886 36.3 357036 355618 genome.dna 4323828 4322361 NC_002755.gbk
2184 43.7 361542 357046 genome.dna 4328410 4323820 NC_002755.gbk
562 37.3 372605 373492 genome.dna 1120059 1120917 NC_002755.gbk
779 46.3 399153 398326 genome.dna 3320419 3321268 NC_002755.gbk
1579 51.6 431263 429833 genome.dna 2706814 2705158 NC_002755.gbk
157 31.5 431880 431494 genome.dna 3014399 3014828 NC_002755.gbk
419 31.7 433394 432459 genome.dna 1553089 1554049 NC_002755.gbk
682 39.1 435364 434357 genome.dna 1860828 1861752 NC_002755.gbk
1198 43.7 460910 458055 genome.dna 2747071 2744440 NC_002755.gbk
838 35.6 463248 461737 genome.dna 2475613 2477161 NC_002755.gbk
309 51.9 509102 508848 genome.dna 3763267 3763525 NC_002755.gbk
210 48.6 509350 509099 genome.dna 3762995 3763271 NC_002755.gbk
1071 37.6 530287 528905 genome.dna 4018582 4020025 NC_002755.gbk
810 41.0 543754 544950 genome.dna 3587157 3588276 NC_002755.gbk
1305 41.7 544947 546572 genome.dna 2673265 2674963 NC_002755.gbk
2771 34.8 667991 661605 genome.dna 1866209 1872590 NC_002755.gbk
253 43.8 697176 697469 genome.dna 3828164 3827861 NC_002755.gbk
1994 59.0 697515 699164 genome.dna 530056 531679 NC_002755.gbk
258 32.5 704061 704669 genome.dna 3026780 3027434 NC_002755.gbk
526 33.0 726542 725589 genome.dna 3029844 3031038 NC_002755.gbk
2020 54.8 731182 729131 genome.dna 1307714 1305689 NC_002755.gbk
865 47.4 755628 756641 genome.dna 3829465 3828430 NC_002755.gbk
525 32.8 761351 760380 genome.dna 654222 655230 NC_002755.gbk
243 36.6 761608 761919 genome.dna 2737210 2736895 NC_002755.gbk
344 66.3 761939 762196 genome.dna 2736881 2736620 NC_002755.gbk
250 35.9 766454 766933 genome.dna 1206033 1205538 NC_002755.gbk
596 38.7 770241 771074 genome.dna 4042085 4041266 NC_002755.gbk
1130 42.9 771082 772419 genome.dna 3847319 3845972 NC_002755.gbk
304 52.8 783547 783816 genome.dna 3088470 3088200 NC_002755.gbk
725 44.8 784066 786186 genome.dna 3087319 3085060 NC_002755.gbk
1478 45.7 787369 789282 genome.dna 1399456 1401148 NC_002755.gbk
820 41.8 795852 797180 genome.dna 3698354 3697070 NC_002755.gbk
181 32.4 803045 802602 genome.dna 3829938 3829461 NC_002755.gbk
665 39.1 812975 814090 genome.dna 2474457 2473317 NC_002755.gbk
444 51.5 814149 814541 genome.dna 2069288 2069693 NC_002755.gbk
2181 55.8 814656 817529 genome.dna 2073101 2075927 NC_002755.gbk
462 36.2 818265 819005 genome.dna 3163568 3162791 NC_002755.gbk
539 31.0 820003 820902 genome.dna 2287973 2287130 NC_002755.gbk
1018 49.1 821973 823061 genome.dna 3133394 3132311 NC_002755.gbk
1065 39.7 839555 838230 genome.dna 1342428 1343706 NC_002755.gbk
645 42.2 839867 840766 genome.dna 3198494 3197546 NC_002755.gbk
1201 38.8 844582 846099 genome.dna 4035070 4033552 NC_002755.gbk
127 30.3 851060 851452 genome.dna 4206381 4206741 NC_002755.gbk
1370 50.4 909308 910588 genome.dna 3723733 3725083 NC_002755.gbk
388 43.7 927840 927358 genome.dna 3465578 3465095 NC_002755.gbk
1160 44.8 933233 934465 genome.dna 1031880 1030590 NC_002755.gbk
197 34.4 957261 956803 genome.dna 2764995 2764515 NC_002755.gbk
837 35.9 957805 959187 genome.dna 1889009 1887677 NC_002755.gbk
609 37.8 983011 983910 genome.dna 893182 892174 NC_002755.gbk
1099 58.0 997695 996727 genome.dna 2604639 2605572 NC_002755.gbk
511 52.2 1070142 1070561 genome.dna 1024696 1025197 NC_002755.gbk
443 34.9 1087227 1087946 genome.dna 249020 248228 NC_002755.gbk
1298 67.0 1100443 1101237 genome.dna 3069202 3068401 NC_002755.gbk
391 35.9 1113509 1115371 genome.dna 723136 721450 NC_002755.gbk
731 34.5 1125945 1124593 genome.dna 3687699 3686529 NC_002755.gbk
532 31.2 1129588 1128602 genome.dna 1436603 1435625 NC_002755.gbk
2055 42.2 1131750 1134008 genome.dna 1619672 1621973 NC_002755.gbk
756 49.0 1154052 1153258 genome.dna 3168172 3167314 NC_002755.gbk
797 50.6 1154397 1155122 genome.dna 3194135 3193271 NC_002755.gbk
452 40.4 1155257 1156108 genome.dna 3193260 3192444 NC_002755.gbk
669 44.8 1156279 1157004 genome.dna 3187347 3186525 NC_002755.gbk
491 40.7 1157130 1157687 genome.dna 3186354 3185796 NC_002755.gbk
580 40.5 1157925 1159121 genome.dna 3177124 3175924 NC_002755.gbk
1738 35.9 1169670 1173152 genome.dna 1747846 1751401 NC_002755.gbk
410 37.7 1270601 1269999 genome.dna 2723041 2723629 NC_002755.gbk
422 44.6 1278470 1278919 genome.dna 3025813 3025348 NC_002755.gbk
588 39.7 1278982 1280091 genome.dna 1585047 1586067 NC_002755.gbk
310 42.2 1280201 1280677 genome.dna 1591524 1592007 NC_002755.gbk
439 38.7 1281190 1282170 genome.dna 3328107 3327105 NC_002755.gbk
1481 38.8 1284598 1282733 genome.dna 2994911 2992994 NC_002755.gbk
427 44.1 1289161 1289652 genome.dna 659491 658999 NC_002755.gbk
452 33.1 1292157 1291267 genome.dna 1635143 1636070 NC_002755.gbk
383 34.5 1293119 1292505 genome.dna 2454233 2454845 NC_002755.gbk
1550 44.5 1295100 1293109 genome.dna 3400657 3398935 NC_002755.gbk
636 48.2 1301367 1301990 genome.dna 2760020 2759375 NC_002755.gbk
1649 62.3 1302154 1303428 genome.dna 2756333 2755052 NC_002755.gbk
1407 62.8 1311761 1310685 genome.dna 4117627 4118734 NC_002755.gbk
693 43.7 1316909 1318201 genome.dna 3226657 3225223 NC_002755.gbk
492 32.2 1319182 1318319 genome.dna 1808539 1809424 NC_002755.gbk
204 38.0 1320316 1319996 genome.dna 3576217 3576523 NC_002755.gbk
523 43.4 1332732 1333337 genome.dna 4152813 4152201 NC_002755.gbk
1226 46.0 1333507 1335396 genome.dna 2567847 2565903 NC_002755.gbk
414 39.9 1335658 1336302 genome.dna 828311 828857 NC_002755.gbk
705 38.0 1358126 1357212 genome.dna 1677552 1678698 NC_002755.gbk
1486 46.6 1363499 1366138 genome.dna 7301 9818 NC_002755.gbk
434 33.6 1375437 1376318 genome.dna 864551 865298 NC_002755.gbk
606 49.1 1381835 1382692 genome.dna 641408 640463 NC_002755.gbk
933 34.3 1413714 1412101 genome.dna 93940 95407 NC_002755.gbk
607 34.9 1416808 1415858 genome.dna 92317 93268 NC_002755.gbk
1094 32.4 1418834 1416819 genome.dna 90389 92312 NC_002755.gbk
865 42.6 1425057 1426040 genome.dna 3160892 3162011 NC_002755.gbk
410 40.8 1426894 1426256 genome.dna 1067573 1068221 NC_002755.gbk
1031 46.2 1427931 1426894 genome.dna 903633 904728 NC_002755.gbk
573 46.2 1428285 1428911 genome.dna 3691984 3691360 NC_002755.gbk
479 48.9 1433876 1433409 genome.dna 2833170 2833644 NC_002755.gbk
528 33.8 1434853 1435731 genome.dna 3061846 3060943 NC_002755.gbk
822 32.2 1451498 1453288 genome.dna 2062065 2060145 NC_002755.gbk
975 43.2 1458435 1457257 genome.dna 1487076 1488246 NC_002755.gbk
685 49.0 1459094 1458447 genome.dna 2814614 2813957 NC_002755.gbk
345 34.6 1459750 1459094 genome.dna 2815357 2814610 NC_002755.gbk
289 61.5 1468125 1468334 genome.dna 4080772 4080568 NC_002755.gbk
218 34.1 1468782 1468399 genome.dna 3429481 3429880 NC_002755.gbk
820 43.5 1470427 1469462 genome.dna 2482548 2483484 NC_002755.gbk
323 34.3 1479078 1478437 genome.dna 2715657 2715021 NC_002755.gbk
385 38.1 1483266 1480684 genome.dna 43505 46415 NC_002755.gbk
960 50.3 1492026 1490968 genome.dna 2647304 2646245 NC_002755.gbk
1035 38.6 1493774 1492350 genome.dna 3041459 3039920 NC_002755.gbk
534 33.2 1501778 1500630 genome.dna 3716313 3717354 NC_002755.gbk
310 37.1 1506798 1506349 genome.dna 2638979 2639372 NC_002755.gbk
2155 60.4 1512651 1514294 genome.dna 3429412 3427768 NC_002755.gbk
755 51.6 1515559 1514879 genome.dna 1149151 1148470 NC_002755.gbk
1022 33.2 1518297 1515565 genome.dna 1151763 1149147 NC_002755.gbk
472 43.6 1519100 1518525 genome.dna 1155896 1156466 NC_002755.gbk
2115 63.1 1521264 1519120 genome.dna 1153767 1155897 NC_002755.gbk
1787 51.5 1522968 1521280 genome.dna 1152055 1153771 NC_002755.gbk
344 34.4 1531148 1531804 genome.dna 316572 315897 NC_002755.gbk
524 35.2 1531798 1532742 genome.dna 315881 314978 NC_002755.gbk
502 40.1 1533499 1534146 genome.dna 387207 387876 NC_002755.gbk
350 30.5 1534199 1534990 genome.dna 3676154 3676922 NC_002755.gbk
1520 53.3 1536355 1535069 genome.dna 999483 1000779 NC_002755.gbk
1838 48.4 1537737 1539503 genome.dna 3699886 3701659 NC_002755.gbk
676 44.0 1539520 1540236 genome.dna 3701658 3702450 NC_002755.gbk
911 40.7 1544898 1546064 genome.dna 1061976 1063140 NC_002755.gbk
837 52.2 1546064 1546936 genome.dna 1063152 1064064 NC_002755.gbk
536 33.1 1549251 1550390 genome.dna 1815307 1814266 NC_002755.gbk
482 32.7 1558773 1559834 genome.dna 1785662 1786712 NC_002755.gbk
811 50.6 1563766 1563014 genome.dna 579815 580565 NC_002755.gbk
448 43.4 1576893 1577582 genome.dna 2103049 2103787 NC_002755.gbk
611 35.3 1598229 1599338 genome.dna 1372437 1371264 NC_002755.gbk
432 44.7 1600255 1600836 genome.dna 388641 389214 NC_002755.gbk
735 44.3 1621487 1622377 genome.dna 3966642 3965730 NC_002755.gbk
822 39.3 1622382 1623413 genome.dna 3965725 3964693 NC_002755.gbk
935 37.2 1633374 1634744 genome.dna 3633608 3632210 NC_002755.gbk
602 38.2 1635671 1634820 genome.dna 3642708 3641793 NC_002755.gbk
444 38.9 1636204 1635668 genome.dna 3868780 3869389 NC_002755.gbk
1153 58.7 1637078 1636206 genome.dna 398717 399584 NC_002755.gbk
1686 54.6 1638449 1639855 genome.dna 2092408 2090956 NC_002755.gbk
1247 53.7 1652381 1653892 genome.dna 848094 846561 NC_002755.gbk
895 49.5 1834370 1835260 genome.dna 2894098 2894926 NC_002755.gbk
2311 50.8 1847037 1842241 genome.dna 3671609 3676151 NC_002755.gbk
462 32.4 1849141 1848239 genome.dna 3445786 3446713 NC_002755.gbk
373 30.4 1862075 1860786 genome.dna 4012280 4013522 NC_002755.gbk
103 33.7 1924289 1923957 genome.dna 3105238 3104884 NC_002755.gbk
310 34.8 1982477 1983436 genome.dna 1693079 1693979 NC_002755.gbk
1020 37.3 1994834 1996513 genome.dna 1429547 1431134 NC_002755.gbk
181 36.4 2005949 2005503 genome.dna 967737 967347 NC_002755.gbk
184 43.8 2010635 2010913 genome.dna 3232419 3232137 NC_002755.gbk
673 36.2 2042130 2043083 genome.dna 626931 625923 NC_002755.gbk
433 32.0 2043101 2044030 genome.dna 2514058 2514967 NC_002755.gbk
655 42.7 2044045 2044779 genome.dna 1673595 1674339 NC_002755.gbk
1016 42.0 2045253 2046494 genome.dna 2515386 2516637 NC_002755.gbk
185 36.1 2055442 2055792 genome.dna 856367 855965 NC_002755.gbk
392 32.3 2057749 2058777 genome.dna 287299 288466 NC_002755.gbk
333 33.3 2064690 2065280 genome.dna 86517 87123 NC_002755.gbk
1903 37.9 2070405 2066956 genome.dna 1139010 1142715 NC_002755.gbk
318 31.0 2073776 2074690 genome.dna 749009 749918 NC_002755.gbk
456 38.8 2074702 2075532 genome.dna 1279107 1278393 NC_002755.gbk
476 36.9 2077218 2077982 genome.dna 2944778 2945600 NC_002755.gbk
868 34.1 2099496 2097796 genome.dna 2770408 2772049 NC_002755.gbk
738 47.0 2114428 2115174 genome.dna 1650871 1651672 NC_002755.gbk
1191 44.6 2116495 2117718 genome.dna 1651673 1652927 NC_002755.gbk
1135 41.1 2121733 2120321 genome.dna 1807095 1808514 NC_002755.gbk
409 35.4 2153926 2154558 genome.dna 941006 940355 NC_002755.gbk
470 31.3 2158261 2157266 genome.dna 2156382 2155377 NC_002755.gbk
2690 55.8 2163569 2165743 genome.dna 2153402 2151179 NC_002755.gbk
393 38.8 2181519 2182154 genome.dna 1588420 1589026 NC_002755.gbk
500 37.8 2191939 2192622 genome.dna 2930340 2931015 NC_002755.gbk
1232 46.7 2192856 2194133 genome.dna 1904403 1905678 NC_002755.gbk
1529 55.7 2198282 2200954 genome.dna 1666202 1663370 NC_002755.gbk
234 32.0 2218378 2219073 genome.dna 822689 822032 NC_002755.gbk
2252 49.5 2221311 2219248 genome.dna 3423032 3425309 NC_002755.gbk
1971 47.5 2227418 2225106 genome.dna 3205898 3203558 NC_002755.gbk
496 33.8 2227588 2228490 genome.dna 141184 142135 NC_002755.gbk
389 33.2 2239913 2239125 genome.dna 1674357 1675167 NC_002755.gbk
536 52.4 2258625 2258122 genome.dna 2180702 2181200 NC_002755.gbk
698 35.2 2300071 2298971 genome.dna 1797087 1798170 NC_002755.gbk
750 35.4 2308348 2309736 genome.dna 2599305 2597757 NC_002755.gbk
1597 47.3 2310451 2314227 genome.dna 1286815 1290514 NC_002755.gbk
1988 56.7 2314227 2315807 genome.dna 1290552 1292229 NC_002755.gbk
171 35.8 2324296 2324544 genome.dna 2106384 2106690 NC_002755.gbk
739 42.6 2336995 2338260 genome.dna 2912502 2913852 NC_002755.gbk
417 34.6 2472640 2473437 genome.dna 3498876 3499659 NC_002755.gbk
717 33.6 2477692 2478756 genome.dna 1008955 1010074 NC_002755.gbk
1157 50.7 2487322 2486231 genome.dna 1237802 1238876 NC_002755.gbk
460 39.6 2488039 2487452 genome.dna 1133952 1133376 NC_002755.gbk
831 44.2 2489732 2488785 genome.dna 1136525 1135544 NC_002755.gbk
567 33.2 2491599 2492855 genome.dna 601726 603214 NC_002755.gbk
931 45.0 2492889 2493971 genome.dna 1455035 1456109 NC_002755.gbk
1167 44.7 2503696 2505084 genome.dna 185219 186647 NC_002755.gbk
377 32.0 2513827 2513102 genome.dna 538684 537952 NC_002755.gbk
758 37.3 2515088 2513820 genome.dna 539997 538677 NC_002755.gbk
760 43.2 2530749 2531648 genome.dna 2227234 2226322 NC_002755.gbk
635 38.1 2536745 2535825 genome.dna 742684 741673 NC_002755.gbk
510 39.2 2552084 2552833 genome.dna 575249 574493 NC_002755.gbk
1356 49.5 2563367 2561970 genome.dna 1227112 1225687 NC_002755.gbk
461 37.8 2563607 2564779 genome.dna 3631166 3629939 NC_002755.gbk
279 39.3 2595969 2596559 genome.dna 3152355 3151731 NC_002755.gbk
507 41.4 2597527 2596643 genome.dna 1929639 1930404 NC_002755.gbk
911 39.9 2602958 2604520 genome.dna 1798809 1800360 NC_002755.gbk
584 32.6 2605113 2606180 genome.dna 2454007 2452963 NC_002755.gbk
1408 56.5 2607572 2608762 genome.dna 1801997 1803266 NC_002755.gbk
675 40.4 2629004 2628096 genome.dna 1435629 1434753 NC_002755.gbk
627 41.0 2639766 2638855 genome.dna 1109310 1110231 NC_002755.gbk
441 30.6 2642048 2641143 genome.dna 1186869 1185786 NC_002755.gbk
654 41.0 2642732 2643580 genome.dna 3310847 3311780 NC_002755.gbk
563 31.5 2649493 2651343 genome.dna 818104 819724 NC_002755.gbk
285 37.6 2652833 2653480 genome.dna 2291573 2291012 NC_002755.gbk
354 44.4 2654386 2653967 genome.dna 2985546 2985957 NC_002755.gbk
1070 50.7 2654735 2655739 genome.dna 1613189 1614209 NC_002755.gbk
508 39.7 2677723 2677067 genome.dna 3345370 3344650 NC_002755.gbk
704 34.5 2687417 2685498 genome.dna 1500403 1498408 NC_002755.gbk
1330 49.8 2691006 2692370 genome.dna 77603 76217 NC_002755.gbk
440 33.1 2712101 2712862 genome.dna 1034644 1033852 NC_002755.gbk
662 37.5 2714816 2715706 genome.dna 2288862 2287959 NC_002755.gbk
1049 35.0 2726216 2727934 genome.dna 1421791 1419895 NC_002755.gbk
1002 32.0 2731236 2728849 genome.dna 1850664 1853160 NC_002755.gbk
951 45.3 2732234 2731251 genome.dna 1849639 1850665 NC_002755.gbk
437 59.0 2732903 2732547 genome.dna 1844090 1844480 NC_002755.gbk
153 41.9 2733144 2732947 genome.dna 1843834 1844029 NC_002755.gbk
485 45.8 2733782 2733240 genome.dna 1843230 1843785 NC_002755.gbk
980 40.8 2735713 2733785 genome.dna 2939410 2937331 NC_002755.gbk
588 34.2 2757088 2758194 genome.dna 3379624 3378520 NC_002755.gbk
125 30.9 2771944 2772576 genome.dna 2154626 2153996 NC_002755.gbk
1535 41.9 2791079 2789028 genome.dna 876375 878532 NC_002755.gbk
435 39.1 2791280 2792458 genome.dna 468425 469685 NC_002755.gbk
1128 41.7 2794931 2793456 genome.dna 1626844 1625299 NC_002755.gbk
1234 54.6 2809298 2808294 genome.dna 2920376 2919341 NC_002755.gbk
314 34.1 2809923 2809306 genome.dna 2920963 2920372 NC_002755.gbk
310 37.9 2810663 2810151 genome.dna 2921526 2920959 NC_002755.gbk
766 49.0 2811487 2810744 genome.dna 2927703 2926947 NC_002755.gbk
1586 46.4 2813755 2811956 genome.dna 2893940 2892155 NC_002755.gbk
777 44.8 2859653 2858643 genome.dna 2397294 2398368 NC_002755.gbk
276 32.0 2869134 2868487 genome.dna 732478 731764 NC_002755.gbk
183 30.1 2903705 2902830 genome.dna 3434763 3433839 NC_002755.gbk
305 30.6 2916384 2917283 genome.dna 2381510 2380655 NC_002755.gbk
488 37.5 2917289 2918617 genome.dna 1790462 1791806 NC_002755.gbk
473 33.5 2918614 2919687 genome.dna 1791802 1792945 NC_002755.gbk
417 41.6 2920770 2921360 genome.dna 1793570 1794191 NC_002755.gbk
434 34.2 2921367 2922104 genome.dna 1794203 1794938 NC_002755.gbk
662 43.6 2922086 2922862 genome.dna 1795759 1796563 NC_002755.gbk
552 43.7 2926492 2925815 genome.dna 1930400 1931093 NC_002755.gbk
601 32.5 2928002 2926713 genome.dna 3598276 3599629 NC_002755.gbk
673 36.4 2975613 2974318 genome.dna 4301236 4299976 NC_002755.gbk
1120 43.1 2977060 2975717 genome.dna 2876073 2874714 NC_002755.gbk
263 36.4 2981911 2981417 genome.dna 3667132 3666679 NC_002755.gbk
934 47.5 2982496 2983455 genome.dna 4394031 4395039 NC_002755.gbk
326 67.1 2988043 2988261 genome.dna 3866600 3866378 NC_002755.gbk
483 42.7 3019705 3020373 genome.dna 568669 569344 NC_002755.gbk
430 42.5 3046334 3045672 genome.dna 4042714 4042105 NC_002755.gbk
762 35.4 3050037 3051158 genome.dna 3447570 3448677 NC_002755.gbk
858 47.0 3137830 3136895 genome.dna 2756623 2757532 NC_002755.gbk
973 38.5 3139235 3137823 genome.dna 614404 615709 NC_002755.gbk
776 37.6 3147123 3145672 genome.dna 3582700 3584284 NC_002755.gbk
324 40.3 3155124 3154672 genome.dna 3480927 3481371 NC_002755.gbk
124 36.6 3155372 3155127 genome.dna 3475495 3475747 NC_002755.gbk
530 59.2 3155863 3155369 genome.dna 3705156 3704601 NC_002755.gbk
302 34.4 3157972 3158883 genome.dna 1596734 1597763 NC_002755.gbk
2356 56.3 3161386 3159374 genome.dna 1827858 1830078 NC_002755.gbk
205 31.9 3163130 3162450 genome.dna 1778012 1778693 NC_002755.gbk
216 30.6 3163884 3163123 genome.dna 3726251 3726962 NC_002755.gbk
623 34.7 3166099 3165062 genome.dna 1781190 1782240 NC_002755.gbk
869 51.2 3166195 3167499 genome.dna 1775545 1776859 NC_002755.gbk
1488 42.8 3171157 3172854 genome.dna 2600951 2602598 NC_002755.gbk
614 36.2 3173816 3172911 genome.dna 4096732 4095931 NC_002755.gbk
657 35.2 3178804 3180039 genome.dna 528809 527591 NC_002755.gbk
311 35.0 3228583 3228035 genome.dna 3053953 3053323 NC_002755.gbk
1838 59.9 3233243 3234655 genome.dna 1922258 1920587 NC_002755.gbk
455 32.6 3257866 3256754 genome.dna 2261329 2262370 NC_002755.gbk
472 37.9 3278435 3279220 genome.dna 1746246 1747050 NC_002755.gbk
855 39.8 3290769 3289561 genome.dna 3380802 3379620 NC_002755.gbk
664 30.1 3306810 3308309 genome.dna 1925683 1927144 NC_002755.gbk
433 37.6 3314908 3313691 genome.dna 3688880 3687695 NC_002755.gbk
279 41.6 3332182 3332514 genome.dna 3426176 3426500 NC_002755.gbk
852 34.1 3352107 3353684 genome.dna 1816794 1815336 NC_002755.gbk
256 45.5 3355116 3355481 genome.dna 2542939 2543308 NC_002755.gbk
128 33.7 3355485 3355811 genome.dna 2543304 2543634 NC_002755.gbk
829 32.4 3372145 3370688 genome.dna 3521273 3522869 NC_002755.gbk
843 32.4 3373687 3372152 genome.dna 3519612 3521277 NC_002755.gbk
1188 39.5 3375638 3373788 genome.dna 3517717 3519619 NC_002755.gbk
228 33.0 3375937 3375635 genome.dna 3517407 3517707 NC_002755.gbk
522 39.0 3378041 3377067 genome.dna 3514765 3515998 NC_002755.gbk
1336 49.4 3382301 3380952 genome.dna 3510895 3512233 NC_002755.gbk
1745 61.3 3389494 3390708 genome.dna 403222 401932 NC_002755.gbk
853 42.2 3395711 3396913 genome.dna 495299 496457 NC_002755.gbk
1332 37.2 3396993 3399131 genome.dna 493234 495307 NC_002755.gbk
658 38.2 3402984 3403889 genome.dna 2480898 2481807 NC_002755.gbk
626 38.9 3409858 3408341 genome.dna 902019 903603 NC_002755.gbk
274 31.1 3412525 3411257 genome.dna 2744444 2742980 NC_002755.gbk
542 41.8 3414435 3413773 genome.dna 442482 443166 NC_002755.gbk
291 33.1 3415469 3414618 genome.dna 3862892 3861998 NC_002755.gbk
346 36.1 3416479 3415469 genome.dna 4144471 4143433 NC_002755.gbk
192 36.2 3427528 3426443 genome.dna 2859899 2858693 NC_002755.gbk
999 41.3 3439860 3438547 genome.dna 292284 293607 NC_002755.gbk
1512 45.5 3443783 3442200 genome.dna 3156270 3154788 NC_002755.gbk
711 41.7 3516455 3517318 genome.dna 3762860 3762026 NC_002755.gbk
1167 42.6 3519048 3517663 genome.dna 4015942 4014532 NC_002755.gbk
501 51.3 3521609 3522118 genome.dna 3653537 3653012 NC_002755.gbk
401 33.7 3522115 3523185 genome.dna 3654823 3653533 NC_002755.gbk
931 55.5 3527868 3527053 genome.dna 912634 913411 NC_002755.gbk
963 36.0 3531913 3533985 genome.dna 3334233 3336459 NC_002755.gbk
671 37.5 3540580 3539417 genome.dna 714161 715253 NC_002755.gbk
560 40.7 3569781 3570509 genome.dna 3622269 3621561 NC_002755.gbk
564 40.7 3577570 3576767 genome.dna 510004 509206 NC_002755.gbk
1329 50.2 3590632 3589055 genome.dna 3804952 3803374 NC_002755.gbk
1651 54.3 3592205 3590739 genome.dna 3822395 3820805 NC_002755.gbk
435 34.0 3599984 3598497 genome.dna 1931089 1932481 NC_002755.gbk
1116 44.3 3603229 3601955 genome.dna 2902235 2900963 NC_002755.gbk
989 44.4 3604488 3603367 genome.dna 3174686 3173522 NC_002755.gbk
642 37.0 3607701 3606505 genome.dna 3184831 3183736 NC_002755.gbk
392 47.3 3608433 3608005 genome.dna 2742570 2742159 NC_002755.gbk
468 33.5 3611852 3612721 genome.dna 2559066 2559873 NC_002755.gbk
199 30.4 3621953 3621459 genome.dna 1440290 1440776 NC_002755.gbk
435 34.9 3622920 3623723 genome.dna 3011638 3010804 NC_002755.gbk
1459 54.8 3635387 3634134 genome.dna 78877 77599 NC_002755.gbk
478 60.7 3640872 3640534 genome.dna 3225227 3224888 NC_002755.gbk
400 46.4 3651787 3651263 genome.dna 4192017 4191558 NC_002755.gbk
584 33.6 3682691 3681786 genome.dna 2644003 2643100 NC_002755.gbk
448 41.8 3683368 3682688 genome.dna 3234871 3234148 NC_002755.gbk
2139 53.9 3686442 3684643 genome.dna 2700578 2698616 NC_002755.gbk
669 40.4 3689812 3691413 genome.dna 1786711 1788295 NC_002755.gbk
537 45.5 3694571 3695257 genome.dna 3327073 3326389 NC_002755.gbk
359 34.8 3698228 3696813 genome.dna 3344654 3343181 NC_002755.gbk
970 46.7 3703917 3702925 genome.dna 2692300 2691238 NC_002755.gbk
749 41.6 3704788 3703907 genome.dna 2693129 2692310 NC_002755.gbk
705 44.4 3705613 3704801 genome.dna 2693977 2693125 NC_002755.gbk
580 37.0 3706780 3705770 genome.dna 2695044 2693973 NC_002755.gbk
223 30.7 3711890 3712588 genome.dna 99673 100441 NC_002755.gbk
320 43.7 3714535 3714188 genome.dna 2466563 2466206 NC_002755.gbk
681 51.1 3714803 3716083 genome.dna 616201 617590 NC_002755.gbk
180 34.1 3732230 3732727 genome.dna 4040876 4040309 NC_002755.gbk
774 45.7 3732844 3733638 genome.dna 2495015 2495861 NC_002755.gbk
650 43.9 3733793 3734647 genome.dna 4037340 4036410 NC_002755.gbk
385 50.4 3734665 3735045 genome.dna 4036411 4035991 NC_002755.gbk
406 30.6 3736813 3735875 genome.dna 1362220 1361284 NC_002755.gbk
583 48.3 3738313 3737777 genome.dna 4056102 4055493 NC_002755.gbk
330 61.3 3744803 3745042 genome.dna 3410694 3410454 NC_002755.gbk
578 60.6 3745052 3745459 genome.dna 3410420 3409967 NC_002755.gbk
3782 80.1 3745456 3747603 genome.dna 3409998 3407820 NC_002755.gbk
1664 76.8 3747628 3748590 genome.dna 3405114 3404139 NC_002755.gbk
2725 55.4 3762599 3760023 genome.dna 462091 459544 NC_002755.gbk
404 36.0 3763458 3762733 genome.dna 2407119 2406312 NC_002755.gbk
435 33.7 3764478 3763501 genome.dna 1742997 1743924 NC_002755.gbk
389 55.7 3773009 3772662 genome.dna 3208406 3208064 NC_002755.gbk
562 40.0 3773827 3773072 genome.dna 3210510 3209817 NC_002755.gbk
1371 48.6 3776200 3774839 genome.dna 3220437 3218859 NC_002755.gbk
833 40.2 3784972 3782345 genome.dna 2872629 2869914 NC_002755.gbk
291 31.6 3873467 3874063 genome.dna 4072800 4072164 NC_002755.gbk
800 47.2 3882715 3881462 genome.dna 2722326 2721078 NC_002755.gbk
789 41.4 3883829 3882726 genome.dna 2735096 2733965 NC_002755.gbk
895 41.1 3908071 3909228 genome.dna 954818 953624 NC_002755.gbk
908 34.8 3917101 3918687 genome.dna 869529 867990 NC_002755.gbk
659 32.9 3918901 3920391 genome.dna 3780852 3782280 NC_002755.gbk
644 34.1 3921930 3923132 genome.dna 4196702 4195598 NC_002755.gbk
283 30.2 3926541 3925651 genome.dna 2563348 2564251 NC_002755.gbk
690 30.3 3933298 3934833 genome.dna 880597 878959 NC_002755.gbk
1058 40.7 3945541 3944261 genome.dna 3887552 3886202 NC_002755.gbk
935 40.9 3956293 3958011 genome.dna 3147149 3145412 NC_002755.gbk
357 41.6 3963052 3962555 genome.dna 4016486 4016006 NC_002755.gbk
317 31.7 3963804 3963091 genome.dna 4017178 4016482 NC_002755.gbk
939 52.2 3970373 3969465 genome.dna 1437463 1438393 NC_002755.gbk
1006 34.6 3994559 3995977 genome.dna 173453 174929 NC_002755.gbk
1490 55.3 4001743 4000448 genome.dna 1144607 1145897 NC_002755.gbk
1773 52.4 4003479 4001842 genome.dna 1914630 1916391 NC_002755.gbk
1588 36.9 4007080 4004843 genome.dna 2906350 2903968 NC_002755.gbk
370 33.9 4012636 4011491 genome.dna 2467808 2466662 NC_002755.gbk
524 35.0 4013697 4012813 genome.dna 845372 844487 NC_002755.gbk
1714 44.4 4027241 4025196 genome.dna 3368959 3366919 NC_002755.gbk
435 33.2 4036522 4035704 genome.dna 2395431 2394582 NC_002755.gbk
171 31.4 4037027 4036671 genome.dna 4041274 4040872 NC_002755.gbk
459 46.8 4039680 4040210 genome.dna 4059662 4060151 NC_002755.gbk
203 32.1 4050959 4050219 genome.dna 2391799 2391091 NC_002755.gbk
1581 46.7 4054763 4056430 genome.dna 951016 949333 NC_002755.gbk
256 37.8 4059399 4059037 genome.dna 3432475 3432118 NC_002755.gbk
321 38.7 4059979 4059527 genome.dna 59352 59811 NC_002755.gbk
482 38.9 4068636 4067902 genome.dna 4014325 4013563 NC_002755.gbk
341 32.3 4077711 4078532 genome.dna 591450 592338 NC_002755.gbk
482 44.5 4079441 4080034 genome.dna 1508786 1509401 NC_002755.gbk
708 34.4 4080027 4081166 genome.dna 2680517 2679344 NC_002755.gbk
144 32.1 4081395 4081658 genome.dna 2201556 2201304 NC_002755.gbk
323 40.6 4086876 4086421 genome.dna 3154730 3154259 NC_002755.gbk
841 45.9 4114259 4113273 genome.dna 1640784 1639776 NC_002755.gbk
551 36.9 4115888 4116970 genome.dna 3832296 3831069 NC_002755.gbk
2558 56.8 4139901 4137067 genome.dna 1834623 1837566 NC_002755.gbk
251 34.6 4140147 4140710 genome.dna 58529 59024 NC_002755.gbk
911 39.1 4231793 4230366 genome.dna 554062 555457 NC_002755.gbk
731 33.1 4233904 4232027 genome.dna 2479240 2480902 NC_002755.gbk
2992 51.5 4236582 4233919 genome.dna 2509810 2512516 NC_002755.gbk
637 43.0 4244964 4245854 genome.dna 1788264 1789152 NC_002755.gbk
214 35.3 4252799 4252404 genome.dna 1286082 1286508 NC_002755.gbk
933 47.2 4255592 4252890 genome.dna 3615430 3612580 NC_002755.gbk
1071 46.8 4258960 4257809 genome.dna 2408281 2407075 NC_002755.gbk
748 35.9 4263557 4262097 genome.dna 2410813 2409328 NC_002755.gbk
466 37.4 4264711 4263620 genome.dna 2412042 2410809 NC_002755.gbk
591 36.6 4268312 4267230 genome.dna 2416166 2415086 NC_002755.gbk
549 31.6 4269667 4268306 genome.dna 2417695 2416162 NC_002755.gbk
927 39.0 4271151 4269664 genome.dna 2419437 2417691 NC_002755.gbk
563 31.5 4272901 4271138 genome.dna 2425778 2423738 NC_002755.gbk
667 40.6 4274186 4273242 genome.dna 2427960 2426925 NC_002755.gbk
261 33.6 4274647 4274189 genome.dna 2428549 2428117 NC_002755.gbk
393 42.9 4277861 4277370 genome.dna 3355505 3354998 NC_002755.gbk
1702 44.8 4279582 4277864 genome.dna 3357361 3355504 NC_002755.gbk
840 34.4 4281750 4279945 genome.dna 2445483 2447295 NC_002755.gbk
650 41.0 4283764 4284855 genome.dna 3347844 3346833 NC_002755.gbk
1879 59.4 4284858 4286258 genome.dna 3340452 3339030 NC_002755.gbk
511 43.2 4286272 4286874 genome.dna 3339006 3338409 NC_002755.gbk
446 32.8 4319027 4319845 genome.dna 1129195 1130149 NC_002755.gbk
236 35.4 4323873 4323391 genome.dna 3068331 3067851 NC_002755.gbk
2399 52.2 4330684 4327460 genome.dna 1556958 1560306 NC_002755.gbk
723 43.4 4331847 4330699 genome.dna 1555864 1556959 NC_002755.gbk
1057 52.1 4334402 4333452 genome.dna 1235750 1236740 NC_002755.gbk
207 32.7 4335368 4334856 genome.dna 1742396 1743005 NC_002755.gbk
470 33.9 4339154 4338213 genome.dna 3089621 3088625 NC_002755.gbk
192 38.4 4339580 4339843 genome.dna 2706923 2707184 NC_002755.gbk
955 44.5 4343498 4342359 genome.dna 2651317 2650168 NC_002755.gbk
1816 53.6 4345514 4343607 genome.dna 419894 421772 NC_002755.gbk
227 30.7 4362071 4361421 genome.dna 2714648 2713976 NC_002755.gbk
2025 56.2 4365488 4367155 genome.dna 2780887 2779210 NC_002755.gbk
414 39.1 4376373 4375759 genome.dna 2227342 2227942 NC_002755.gbk
810 41.5 4378640 4377564 genome.dna 442387 441352 NC_002755.gbk
687 42.1 4379941 4378778 genome.dna 1614211 1615450 NC_002755.gbk
1258 44.8 4383337 4381343 genome.dna 1630156 1627978 NC_002755.gbk
1065 58.3 4388480 4389631 genome.dna 1566673 1567894 NC_002755.gbk
1446 50.4 4398393 4397095 genome.dna 436857 435558 NC_002755.gbk
512 33.8 4403893 4402952 genome.dna 3035703 3034758 NC_002755.gbk
368 33.9 4409618 4408062 genome.dna 3839162 3837740 NC_002755.gbk
1197 53.3 4422828 4421779 genome.dna 3402020 3403061 NC_002755.gbk
512 47.4 4435345 4434803 genome.dna 2822643 2823291 NC_002755.gbk
2114 55.4 4442783 4444579 genome.dna 1757834 1759586 NC_002755.gbk
883 50.6 4444572 4445309 genome.dna 1759588 1760332 NC_002755.gbk
242 31.7 4445320 4445718 genome.dna 1760328 1760709 NC_002755.gbk
200 37.1 4445733 4446089 genome.dna 1760705 1761083 NC_002755.gbk
498 40.6 4448185 4447619 genome.dna 2854777 2854213 NC_002755.gbk
1792 51.7 4451372 4449723 genome.dna 1056698 1055036 NC_002755.gbk
1710 61.2 4468982 4467675 genome.dna 558975 560262 NC_002755.gbk
299 33.6 4477982 4478530 genome.dna 3954466 3953941 NC_002755.gbk
219 30.1 4479596 4478769 genome.dna 2868159 2867349 NC_002755.gbk
479 31.9 4482321 4481200 genome.dna 3200587 3199417 NC_002755.gbk
158 33.3 4482450 4482959 genome.dna 519845 519251 NC_002755.gbk
601 36.5 4482986 4483933 genome.dna 1582019 1582958 NC_002755.gbk
501 31.7 4484001 4485290 genome.dna 1582954 1584328 NC_002755.gbk
222 34.8 4486815 4487225 genome.dna 1101519 1101063 NC_002755.gbk
813 43.6 4489098 4488109 genome.dna 3864454 3863410 NC_002755.gbk
570 45.6 4489744 4489124 genome.dna 3865211 3864605 NC_002755.gbk
526 57.8 4490164 4489775 genome.dna 3865639 3865219 NC_002755.gbk
439 57.3 4490537 4490181 genome.dna 3866017 3865642 NC_002755.gbk
161 57.9 4490800 4490684 genome.dna 3866346 3866232 NC_002755.gbk
1127 42.8 4492165 4490834 genome.dna 826989 828315 NC_002755.gbk
273 38.1 4492607 4492173 genome.dna 817379 817820 NC_002755.gbk
171 51.9 4492790 4492611 genome.dna 817182 817380 NC_002755.gbk
300 47.5 4493665 4493312 genome.dna 816129 816498 NC_002755.gbk
496 42.0 4494208 4493675 genome.dna 815587 816127 NC_002755.gbk
419 48.5 4494614 4494222 genome.dna 815165 815564 NC_002755.gbk
281 45.5 4494953 4494648 genome.dna 2316991 2316685 NC_002755.gbk
749 58.2 4495506 4494967 genome.dna 814247 814811 NC_002755.gbk
242 41.0 4495835 4495521 genome.dna 813930 814248 NC_002755.gbk
542 66.7 4496217 4495846 genome.dna 813561 813930 NC_002755.gbk
465 50.0 4497236 4496826 genome.dna 807298 807715 NC_002755.gbk
802 50.2 4497950 4497249 genome.dna 806470 807295 NC_002755.gbk
434 66.3 4498593 4498315 genome.dna 805599 805881 NC_002755.gbk
1078 57.1 4499431 4498610 genome.dna 804716 805559 NC_002755.gbk
174 38.2 4499751 4499449 genome.dna 804105 804408 NC_002755.gbk
401 38.9 4500353 4499748 genome.dna 803434 804106 NC_002755.gbk
680 51.2 4500993 4500364 genome.dna 802781 803435 NC_002755.gbk
421 62.0 4501337 4501026 genome.dna 802459 802765 NC_002755.gbk
436 46.3 4502117 4501644 genome.dna 2122560 2123040 NC_002755.gbk
2692 58.7 4505956 4503842 genome.dna 784458 786564 NC_002755.gbk
568 53.2 4506523 4506053 genome.dna 783907 784378 NC_002755.gbk
579 70.7 4506994 4506620 genome.dna 783533 783908 NC_002755.gbk
314 32.4 4529138 4529770 genome.dna 4108734 4109409 NC_002755.gbk
999 43.1 4531124 4529898 genome.dna 1859629 1860832 NC_002755.gbk
584 47.6 4531820 4531245 genome.dna 14913 15612 NC_002755.gbk
198 31.6 4539402 4538833 genome.dna 12467 13016 NC_002755.gbk
571 33.1 4549962 4551341 genome.dna 3150082 3148864 NC_002755.gbk
1095 51.3 4557783 4556779 genome.dna 3721238 3720227 NC_002755.gbk
633 49.1 4559154 4558477 genome.dna 1584361 1585051 NC_002755.gbk
761 41.0 4562421 4561336 genome.dna 2858163 2857074 NC_002755.gbk
323 39.3 4562994 4562473 genome.dna 2858690 2858159 NC_002755.gbk
277 32.7 4590788 4591669 genome.dna 2808663 2807841 NC_002755.gbk
174 32.6 4613483 4614184 genome.dna 3617194 3616468 NC_002755.gbk
1020 32.4 4616966 4614891 genome.dna 2014896 2012721 NC_002755.gbk
804 35.7 4622349 4623851 genome.dna 3684277 3682519 NC_002755.gbk
1054 40.3 4635563 4634286 genome.dna 1355322 1356537 NC_002755.gbk
1440 43.7 4637576 4635600 genome.dna 1771755 1769589 NC_002755.gbk
2280 48.6 4639754 4637577 genome.dna 1493526 1491330 NC_002755.gbk
467 36.2 4651246 4650551 genome.dna 213123 212388 NC_002755.gbk
817 39.6 4672431 4670269 genome.dna 1058272 1060588 NC_002755.gbk
272 30.5 4675687 4674863 genome.dna 3034734 3033864 NC_002755.gbk
606 42.4 4680620 4681561 genome.dna 603214 604153 NC_002755.gbk
536 47.1 4702353 4701286 genome.dna 3867783 3868779 NC_002755.gbk
344 52.0 4709479 4709153 genome.dna 4395035 4395386 NC_002755.gbk
859 40.1 4729969 4728119 genome.dna 221835 220107 NC_002755.gbk
307 34.2 4730969 4730043 genome.dna 2473246 2472139 NC_002755.gbk
1166 41.9 4733613 4735139 genome.dna 3202095 3200583 NC_002755.gbk
396 36.5 4748208 4747351 genome.dna 1506288 1507104 NC_002755.gbk
1294 44.2 4752903 4754309 genome.dna 3020376 3021783 NC_002755.gbk
991 44.1 4766891 4765731 genome.dna 1204301 1205468 NC_002755.gbk
263 56.9 4770684 4770469 genome.dna 1454703 1454946 NC_002755.gbk
502 36.1 4777900 4778817 genome.dna 627891 627012 NC_002755.gbk
411 42.3 4778952 4779437 genome.dna 4317817 4318291 NC_002755.gbk
1707 50.9 4781238 4782749 genome.dna 4132009 4130455 NC_002755.gbk
705 43.0 4782875 4783885 genome.dna 1228129 1227142 NC_002755.gbk
599 40.9 4786326 4787093 genome.dna 1615446 1616232 NC_002755.gbk
579 38.4 4825789 4824827 genome.dna 3364229 3363197 NC_002755.gbk
475 31.3 4828130 4826943 genome.dna 222400 223642 NC_002755.gbk
501 50.7 4834867 4834403 genome.dna 3769959 3770424 NC_002755.gbk
241 31.0 4837408 4836659 genome.dna 385970 385232 NC_002755.gbk
1061 49.6 4838481 4837408 genome.dna 2287128 2286054 NC_002755.gbk
563 33.5 4839358 4838507 genome.dna 3135525 3134697 NC_002755.gbk
647 47.5 4867996 4867325 genome.dna 3467164 3466474 NC_002755.gbk
328 37.8 4869761 4870336 genome.dna 3313786 3313219 NC_002755.gbk
528 34.7 4881331 4882347 genome.dna 3720207 3719337 NC_002755.gbk
1221 46.2 4886675 4885383 genome.dna 2737554 2739030 NC_002755.gbk
419 30.0 4914105 4915127 genome.dna 2139766 2140921 NC_002755.gbk
517 33.2 4964420 4963467 genome.dna 3799334 3800261 NC_002755.gbk
163 57.1 4985770 4985910 genome.dna 4403233 4403089 NC_002755.gbk
551 35.6 5019301 5018414 genome.dna 1037011 1037926 NC_002755.gbk
653 34.6 5020260 5019301 genome.dna 1043311 1044328 NC_002755.gbk
489 30.7 5021463 5020423 genome.dna 1042127 1043252 NC_002755.gbk
1385 43.0 5049054 5047222 genome.dna 3842838 3840963 NC_002755.gbk
907 39.6 5050610 5049240 genome.dna 1138158 1136616 NC_002755.gbk
1819 59.7 5055348 5053966 genome.dna 1465381 1466842 NC_002755.gbk
304 36.7 5056259 5055396 genome.dna 1464424 1465342 NC_002755.gbk
1692 51.7 5057853 5056312 genome.dna 1462768 1464418 NC_002755.gbk
154 40.3 5059187 5058948 genome.dna 1460585 1460831 NC_002755.gbk
280 30.3 5060037 5059237 genome.dna 1459784 1460537 NC_002755.gbk
