219 33.3 1026 565 genome.dna 1050420 1050819 NC_002578.gbk
731 38.4 36667 35258 genome.dna 1552172 1553519 NC_002578.gbk
642 33.7 62838 64181 genome.dna 665520 666831 NC_002578.gbk
505 34.1 93925 92960 genome.dna 822435 823365 NC_002578.gbk
129 30.4 123485 122910 genome.dna 493312 493873 NC_002578.gbk
1224 40.3 138613 140052 genome.dna 861265 862747 NC_002578.gbk
346 32.7 153705 152758 genome.dna 359321 358496 NC_002578.gbk
942 39.5 186786 187982 genome.dna 1261032 1259850 NC_002578.gbk
265 30.9 222967 223722 genome.dna 855041 855731 NC_002578.gbk
817 43.0 228573 229595 genome.dna 1025204 1024241 NC_002578.gbk
1051 36.5 230345 231841 genome.dna 1270358 1268915 NC_002578.gbk
925 40.9 233849 232686 genome.dna 317503 316312 NC_002578.gbk
294 37.0 252872 253300 genome.dna 380827 380368 NC_002578.gbk
267 32.4 253304 254008 genome.dna 380355 379701 NC_002578.gbk
260 35.0 271449 270808 genome.dna 1331059 1330417 NC_002578.gbk
589 31.2 275283 276347 genome.dna 332258 333260 NC_002578.gbk
866 42.1 281849 280260 genome.dna 56312 57788 NC_002578.gbk
226 36.2 352645 353037 genome.dna 459779 459389 NC_002578.gbk
595 30.0 357036 355618 genome.dna 442144 440689 NC_002578.gbk
340 33.3 432443 431979 genome.dna 604062 603606 NC_002578.gbk
843 42.5 433394 432459 genome.dna 604981 604063 NC_002578.gbk
615 38.6 435364 434357 genome.dna 1380194 1379300 NC_002578.gbk
266 30.3 452937 452395 genome.dna 112671 111963 NC_002578.gbk
1228 43.3 485144 483705 genome.dna 266537 265163 NC_002578.gbk
223 35.0 503049 502735 genome.dna 788129 788435 NC_002578.gbk
416 32.8 550604 551389 genome.dna 797692 798460 NC_002578.gbk
387 31.0 757677 758612 genome.dna 1021982 1021004 NC_002578.gbk
527 31.3 761351 760380 genome.dna 461931 462900 NC_002578.gbk
356 35.3 767499 768128 genome.dna 1413833 1413215 NC_002578.gbk
622 30.1 771082 772419 genome.dna 598062 599424 NC_002578.gbk
729 36.0 812975 814090 genome.dna 9572 10652 NC_002578.gbk
317 42.0 814149 814541 genome.dna 1414198 1413829 NC_002578.gbk
426 32.4 839867 840766 genome.dna 1363176 1362324 NC_002578.gbk
483 32.3 912721 911924 genome.dna 1276573 1275760 NC_002578.gbk
440 31.1 932060 931182 genome.dna 654341 655160 NC_002578.gbk
497 33.5 987143 988024 genome.dna 564717 565617 NC_002578.gbk
529 37.1 1159320 1160081 genome.dna 578775 577998 NC_002578.gbk
461 33.6 1202667 1201900 genome.dna 1462211 1461476 NC_002578.gbk
476 36.9 1310544 1309849 genome.dna 1020282 1020999 NC_002578.gbk
1381 40.2 1363499 1366138 genome.dna 1127182 1124791 NC_002578.gbk
758 38.9 1425057 1426040 genome.dna 1242627 1243671 NC_002578.gbk
384 35.8 1426894 1426256 genome.dna 81341 81953 NC_002578.gbk
602 33.9 1427931 1426894 genome.dna 88268 87251 NC_002578.gbk
412 41.2 1433876 1433409 genome.dna 377782 378244 NC_002578.gbk
1376 46.6 1521264 1519120 genome.dna 1357153 1355155 NC_002578.gbk
1082 35.0 1522968 1521280 genome.dna 1358907 1357149 NC_002578.gbk
660 32.6 1536355 1535069 genome.dna 876378 877554 NC_002578.gbk
711 32.4 1543336 1544562 genome.dna 1486664 1485461 NC_002578.gbk
640 37.5 1544898 1546064 genome.dna 1382177 1381079 NC_002578.gbk
958 52.3 1546064 1546936 genome.dna 1381105 1380220 NC_002578.gbk
1015 33.2 1598005 1595975 genome.dna 1234970 1233326 NC_002578.gbk
397 37.1 1672245 1672835 genome.dna 1492525 1493170 NC_002578.gbk
1616 39.0 1754157 1752061 genome.dna 42840 44850 NC_002578.gbk
529 36.1 1778827 1779630 genome.dna 1250441 1249628 NC_002578.gbk
1195 44.9 1862075 1860786 genome.dna 174598 175878 NC_002578.gbk
336 44.0 2009604 2010017 genome.dna 1077111 1076709 NC_002578.gbk
127 34.6 2010635 2010913 genome.dna 62324 62051 NC_002578.gbk
350 38.0 2030910 2030332 genome.dna 129279 129822 NC_002578.gbk
494 37.1 2044045 2044779 genome.dna 192627 193434 NC_002578.gbk
1025 39.3 2112831 2114330 genome.dna 203116 204562 NC_002578.gbk
725 46.3 2114428 2115174 genome.dna 202375 203116 NC_002578.gbk
705 34.8 2121733 2120321 genome.dna 965584 963949 NC_002578.gbk
3046 53.6 2198282 2200954 genome.dna 104602 107212 NC_002578.gbk
584 47.3 2203467 2202874 genome.dna 1084623 1084035 NC_002578.gbk
659 40.8 2209283 2210113 genome.dna 650603 649781 NC_002578.gbk
626 33.1 2210106 2211050 genome.dna 649785 648834 NC_002578.gbk
751 35.9 2352527 2353639 genome.dna 255895 256981 NC_002578.gbk
827 33.7 2542867 2544249 genome.dna 66183 67533 NC_002578.gbk
390 30.5 2585970 2586605 genome.dna 839601 838947 NC_002578.gbk
450 33.3 2605113 2606180 genome.dna 857299 858268 NC_002578.gbk
872 42.9 2628084 2627089 genome.dna 274274 275240 NC_002578.gbk
212 30.9 2645457 2646263 genome.dna 1561131 1560378 NC_002578.gbk
459 30.6 2651794 2652813 genome.dna 1039022 1037792 NC_002578.gbk
559 35.3 2657649 2656798 genome.dna 25388 24533 NC_002578.gbk
444 32.0 2712101 2712862 genome.dna 791013 791751 NC_002578.gbk
460 30.4 2714816 2715706 genome.dna 729626 728690 NC_002578.gbk
294 33.5 2724246 2725070 genome.dna 968168 968894 NC_002578.gbk
509 35.6 2735713 2733785 genome.dna 351792 349809 NC_002578.gbk
1369 53.0 2755752 2754499 genome.dna 110752 111970 NC_002578.gbk
433 32.7 2864092 2865492 genome.dna 548513 549803 NC_002578.gbk
250 33.3 2890358 2889900 genome.dna 504411 504825 NC_002578.gbk
738 32.9 2975613 2974318 genome.dna 496444 497770 NC_002578.gbk
208 32.6 3019705 3020373 genome.dna 721068 721809 NC_002578.gbk
340 40.7 3065575 3066420 genome.dna 958649 959495 NC_002578.gbk
532 32.0 3157424 3156435 genome.dna 471372 470397 NC_002578.gbk
486 36.0 3180042 3180794 genome.dna 910795 911581 NC_002578.gbk
70 31.3 3253389 3253051 genome.dna 1018006 1017718 NC_002578.gbk
629 33.0 3314908 3313691 genome.dna 243656 242507 NC_002578.gbk
401 31.9 3336744 3335911 genome.dna 691550 692318 NC_002578.gbk
655 30.8 3372145 3370688 genome.dna 1027671 1026261 NC_002578.gbk
745 35.6 3375638 3373788 genome.dna 1031064 1029156 NC_002578.gbk
203 38.3 3375937 3375635 genome.dna 1031375 1031060 NC_002578.gbk
456 33.8 3378041 3377067 genome.dna 1033278 1032255 NC_002578.gbk
586 38.5 3402984 3403889 genome.dna 1324940 1324079 NC_002578.gbk
477 44.0 3408161 3407589 genome.dna 1170686 1170143 NC_002578.gbk
638 40.7 3409858 3408341 genome.dna 1305780 1307205 NC_002578.gbk
948 44.1 3427528 3426443 genome.dna 881942 883025 NC_002578.gbk
636 32.4 3455799 3454780 genome.dna 176978 178040 NC_002578.gbk
587 36.1 3516455 3517318 genome.dna 967090 967921 NC_002578.gbk
1156 41.6 3519048 3517663 genome.dna 1219870 1218511 NC_002578.gbk
484 50.3 3521609 3522118 genome.dna 326749 327223 NC_002578.gbk
502 33.4 3522115 3523185 genome.dna 1179258 1178175 NC_002578.gbk
520 30.4 3549622 3550470 genome.dna 121679 122564 NC_002578.gbk
458 31.8 3557435 3556470 genome.dna 306688 305671 NC_002578.gbk
667 40.7 3577570 3576767 genome.dna 1336198 1335406 NC_002578.gbk
1440 46.5 3592205 3590739 genome.dna 222078 223536 NC_002578.gbk
373 40.0 3608433 3608005 genome.dna 1184296 1183849 NC_002578.gbk
344 30.2 3622783 3622058 genome.dna 1080511 1079755 NC_002578.gbk
667 35.2 3635387 3634134 genome.dna 1564680 1563369 NC_002578.gbk
568 32.7 3700404 3701453 genome.dna 1499735 1500767 NC_002578.gbk
1239 45.7 3714803 3716083 genome.dna 600771 602052 NC_002578.gbk
553 31.6 3736813 3735875 genome.dna 934706 935711 NC_002578.gbk
592 39.9 3742499 3743362 genome.dna 376658 375836 NC_002578.gbk
888 35.6 3776200 3774839 genome.dna 544412 545783 NC_002578.gbk
436 43.0 3893814 3893233 genome.dna 920536 919987 NC_002578.gbk
621 39.0 3898447 3899475 genome.dna 1281588 1280565 NC_002578.gbk
348 32.9 3917101 3918687 genome.dna 1064597 1066148 NC_002578.gbk
1120 30.5 3939697 3942345 genome.dna 1223853 1225950 NC_002578.gbk
375 34.6 3952181 3951618 genome.dna 576216 576699 NC_002578.gbk
683 31.6 3969453 3967963 genome.dna 471556 472840 NC_002578.gbk
736 37.2 4001743 4000448 genome.dna 949423 950629 NC_002578.gbk
1362 46.9 4003479 4001842 genome.dna 42563 40925 NC_002578.gbk
438 41.6 4039680 4040210 genome.dna 425499 426039 NC_002578.gbk
255 38.2 4059399 4059037 genome.dna 700101 699696 NC_002578.gbk
157 30.3 4079441 4080034 genome.dna 345646 346210 NC_002578.gbk
925 42.8 4186931 4185840 genome.dna 727809 726690 NC_002578.gbk
425 34.3 4217612 4218277 genome.dna 648851 648179 NC_002578.gbk
726 31.6 4231793 4230366 genome.dna 209117 210473 NC_002578.gbk
635 32.0 4279582 4277864 genome.dna 731293 729631 NC_002578.gbk
124 31.2 4319027 4319845 genome.dna 1348259 1348979 NC_002578.gbk
1344 43.9 4330684 4327460 genome.dna 842745 839601 NC_002578.gbk
242 34.8 4331847 4330699 genome.dna 843775 842728 NC_002578.gbk
887 43.3 4343498 4342359 genome.dna 1161176 1162274 NC_002578.gbk
1726 48.6 4345514 4343607 genome.dna 1159318 1161160 NC_002578.gbk
411 39.0 4345979 4346554 genome.dna 446663 446057 NC_002578.gbk
397 37.8 4373604 4372945 genome.dna 943934 944660 NC_002578.gbk
482 30.9 4379941 4378778 genome.dna 1148183 1149410 NC_002578.gbk
974 38.2 4398393 4397095 genome.dna 1414338 1415646 NC_002578.gbk
163 30.8 4409618 4408062 genome.dna 1499654 1498280 NC_002578.gbk
504 40.7 4413698 4413135 genome.dna 153412 152887 NC_002578.gbk
951 43.8 4442783 4444579 genome.dna 1072838 1074542 NC_002578.gbk
689 43.4 4444572 4445309 genome.dna 1074551 1075274 NC_002578.gbk
355 33.7 4477982 4478530 genome.dna 583347 582828 NC_002578.gbk
192 38.9 4490164 4489775 genome.dna 1104803 1104410 NC_002578.gbk
237 37.9 4496217 4495846 genome.dna 1318480 1318081 NC_002578.gbk
400 34.6 4499431 4498610 genome.dna 1321775 1321073 NC_002578.gbk
251 37.9 4501337 4501026 genome.dna 472844 473159 NC_002578.gbk
147 33.3 4506994 4506620 genome.dna 88439 88868 NC_002578.gbk
240 30.1 4528763 4528356 genome.dna 1462666 1462207 NC_002578.gbk
348 30.9 4531820 4531245 genome.dna 859880 860432 NC_002578.gbk
582 35.1 4542308 4541385 genome.dna 273466 274264 NC_002578.gbk
410 36.0 4559154 4558477 genome.dna 1363300 1363936 NC_002578.gbk
512 34.6 4560090 4559278 genome.dna 677717 676874 NC_002578.gbk
534 35.2 4680620 4681561 genome.dna 602048 602936 NC_002578.gbk
823 33.5 4690836 4689472 genome.dna 551842 553210 NC_002578.gbk
756 31.6 4732978 4731332 genome.dna 873778 872131 NC_002578.gbk
750 36.5 4766891 4765731 genome.dna 80617 79462 NC_002578.gbk
1115 41.8 4781238 4782749 genome.dna 1166004 1167471 NC_002578.gbk
967 45.2 4838481 4837408 genome.dna 128743 127627 NC_002578.gbk
530 31.5 4839358 4838507 genome.dna 728689 727813 NC_002578.gbk
837 34.3 4859267 4858077 genome.dna 1263395 1264604 NC_002578.gbk
641 32.0 4929420 4928401 genome.dna 272306 273338 NC_002578.gbk
641 32.0 4929420 4928401 genome.dna 272306 273338 NC_002578.gbk
633 32.1 4956187 4955039 genome.dna 800025 798816 NC_002578.gbk
633 32.1 4956187 4955039 genome.dna 800025 798816 NC_002578.gbk
633 32.1 4956187 4955039 genome.dna 800025 798816 NC_002578.gbk
718 33.5 5026700 5027902 genome.dna 558202 559351 NC_002578.gbk
