538 35.7 25826 28615 genome.dna 422775 425472 NC_005090.gbk
1369 46.9 30749 32122 genome.dna 1648746 1647378 NC_005090.gbk
958 40.7 33859 32447 genome.dna 361540 362854 NC_005090.gbk
1534 50.5 36667 35258 genome.dna 2009270 2010767 NC_005090.gbk
2095 50.9 37037 38860 genome.dna 1661548 1663354 NC_005090.gbk
1222 34.2 49985 47886 genome.dna 238278 240426 NC_005090.gbk
473 43.2 50956 50333 genome.dna 191315 190667 NC_005090.gbk
284 36.4 59253 58054 genome.dna 1023155 1021970 NC_005090.gbk
1522 53.9 62838 64181 genome.dna 1818322 1819672 NC_005090.gbk
393 34.7 81805 82428 genome.dna 1717230 1716603 NC_005090.gbk
574 45.0 97287 96724 genome.dna 742739 742184 NC_005090.gbk
1189 62.5 98527 99441 genome.dna 2005201 2004319 NC_005090.gbk
636 33.4 99451 101520 genome.dna 209207 207158 NC_005090.gbk
779 56.0 110262 109636 genome.dna 1740067 1739368 NC_005090.gbk
366 30.2 111355 110522 genome.dna 1104643 1105504 NC_005090.gbk
327 36.4 165569 165111 genome.dna 759581 760031 NC_005090.gbk
737 34.9 166824 165547 genome.dna 1955722 1954510 NC_005090.gbk
492 45.9 170854 170375 genome.dna 599727 600213 NC_005090.gbk
309 32.5 172168 170891 genome.dna 2002951 2001748 NC_005090.gbk
422 32.2 174074 173307 genome.dna 1800365 1799612 NC_005090.gbk
322 31.2 180546 179476 genome.dna 1799616 1798506 NC_005090.gbk
328 30.2 185588 184521 genome.dna 1394532 1395519 NC_005090.gbk
463 33.6 186544 185612 genome.dna 653966 654968 NC_005090.gbk
1753 44.8 199780 202044 genome.dna 267323 269597 NC_005090.gbk
756 30.9 212248 209609 genome.dna 1770771 1768113 NC_005090.gbk
646 37.2 217784 218788 genome.dna 1975937 1974923 NC_005090.gbk
380 30.5 218826 219599 genome.dna 2021472 2020617 NC_005090.gbk
1171 42.6 219661 221034 genome.dna 1166756 1168145 NC_005090.gbk
1050 41.4 221269 222798 genome.dna 1407679 1406341 NC_005090.gbk
428 33.8 222967 223722 genome.dna 1168572 1169280 NC_005090.gbk
151 41.2 226078 226338 genome.dna 190627 190384 NC_005090.gbk
563 35.1 226939 227694 genome.dna 826884 826158 NC_005090.gbk
904 45.8 228573 229595 genome.dna 1715288 1716260 NC_005090.gbk
996 33.3 230345 231841 genome.dna 1467931 1466092 NC_005090.gbk
544 40.1 252164 252709 genome.dna 455517 456048 NC_005090.gbk
548 56.3 252872 253300 genome.dna 456074 456500 NC_005090.gbk
834 54.2 253304 254008 genome.dna 456528 457233 NC_005090.gbk
421 55.6 254890 255255 genome.dna 457863 458238 NC_005090.gbk
689 46.2 269828 269043 genome.dna 912387 913170 NC_005090.gbk
112 30.8 270030 269830 genome.dna 1976170 1975933 NC_005090.gbk
690 41.1 270806 270027 genome.dna 973510 972691 NC_005090.gbk
197 31.4 271449 270808 genome.dna 748444 749089 NC_005090.gbk
1041 48.4 275283 276347 genome.dna 364429 365452 NC_005090.gbk
1126 41.5 280242 278956 genome.dna 844205 845465 NC_005090.gbk
790 46.0 281849 280260 genome.dna 1777680 1779213 NC_005090.gbk
965 56.0 288581 287820 genome.dna 275495 276236 NC_005090.gbk
569 34.7 301263 300298 genome.dna 165422 164381 NC_005090.gbk
1584 52.5 306633 305290 genome.dna 1033745 1035092 NC_005090.gbk
369 40.6 307112 306645 genome.dna 1033283 1033745 NC_005090.gbk
412 45.1 307589 307137 genome.dna 1561002 1560501 NC_005090.gbk
365 42.3 308443 307844 genome.dna 1645567 1646137 NC_005090.gbk
1028 54.0 309481 308480 genome.dna 1644635 1645571 NC_005090.gbk
1270 57.5 313270 314313 genome.dna 59554 58519 NC_005090.gbk
916 58.3 338215 337490 genome.dna 1987264 1987987 NC_005090.gbk
384 40.4 339901 339335 genome.dna 1961563 1961068 NC_005090.gbk
866 42.8 340994 339921 genome.dna 68755 69724 NC_005090.gbk
720 39.8 341977 341009 genome.dna 2052273 2053356 NC_005090.gbk
703 44.1 342391 343203 genome.dna 108865 108112 NC_005090.gbk
463 30.0 343211 343993 genome.dna 1869471 1868664 NC_005090.gbk
1237 49.4 345980 347242 genome.dna 338192 339458 NC_005090.gbk
887 39.8 349956 348586 genome.dna 2107157 2108582 NC_005090.gbk
499 52.3 352201 352629 genome.dna 2019997 2019577 NC_005090.gbk
389 48.0 352645 353037 genome.dna 2019565 2019175 NC_005090.gbk
1464 47.3 357036 355618 genome.dna 1148019 1146636 NC_005090.gbk
3707 46.4 361542 357046 genome.dna 1152439 1148020 NC_005090.gbk
612 36.5 362158 363087 genome.dna 451404 452352 NC_005090.gbk
485 37.5 372605 373492 genome.dna 441157 441973 NC_005090.gbk
391 37.6 381747 382328 genome.dna 1403984 1404554 NC_005090.gbk
530 34.3 386934 386071 genome.dna 1235749 1234825 NC_005090.gbk
577 32.1 400586 399423 genome.dna 921609 922734 NC_005090.gbk
1104 38.9 406489 405197 genome.dna 1756937 1758224 NC_005090.gbk
456 31.2 408325 407348 genome.dna 1755351 1756341 NC_005090.gbk
315 39.0 423054 423548 genome.dna 391797 391377 NC_005090.gbk
364 45.6 431880 431494 genome.dna 502386 502758 NC_005090.gbk
368 33.3 433394 432459 genome.dna 568802 567887 NC_005090.gbk
165 30.7 433843 434310 genome.dna 660655 661174 NC_005090.gbk
694 41.8 435364 434357 genome.dna 1650122 1649198 NC_005090.gbk
436 30.3 437057 438238 genome.dna 1465610 1464590 NC_005090.gbk
1129 41.2 460910 458055 genome.dna 1570046 1572731 NC_005090.gbk
1211 42.7 530287 528905 genome.dna 75138 76482 NC_005090.gbk
205 31.1 692962 692627 genome.dna 1009426 1009747 NC_005090.gbk
1996 70.4 694412 693111 genome.dna 644456 643154 NC_005090.gbk
1717 57.2 695973 694534 genome.dna 645884 644468 NC_005090.gbk
153 32.3 697176 697469 genome.dna 306905 306635 NC_005090.gbk
2217 63.3 697515 699164 genome.dna 306544 304903 NC_005090.gbk
286 39.6 703585 703950 genome.dna 626314 625957 NC_005090.gbk
1223 40.5 753122 751287 genome.dna 1783909 1782046 NC_005090.gbk
165 37.1 755400 755185 genome.dna 617578 617365 NC_005090.gbk
727 38.6 755628 756641 genome.dna 1513305 1514301 NC_005090.gbk
462 32.1 761351 760380 genome.dna 1503326 1502423 NC_005090.gbk
255 38.8 761608 761919 genome.dna 502863 503175 NC_005090.gbk
353 68.3 761939 762196 genome.dna 503184 503442 NC_005090.gbk
941 43.8 763509 764681 genome.dna 503559 504636 NC_005090.gbk
455 46.8 766454 766933 genome.dna 759100 759589 NC_005090.gbk
1533 43.9 768185 770122 genome.dna 605807 607754 NC_005090.gbk
1124 43.7 771082 772419 genome.dna 774439 775780 NC_005090.gbk
272 39.2 777307 777729 genome.dna 1919689 1920118 NC_005090.gbk
1920 37.5 779306 782008 genome.dna 1916514 1919334 NC_005090.gbk
282 50.0 783547 783816 genome.dna 1018456 1018729 NC_005090.gbk
1026 37.7 784066 786186 genome.dna 850158 852369 NC_005090.gbk
181 32.8 803045 802602 genome.dna 71059 71470 NC_005090.gbk
433 38.0 841615 843360 genome.dna 223355 224960 NC_005090.gbk
1623 52.0 844582 846099 genome.dna 81954 83478 NC_005090.gbk
2615 71.4 894744 893086 genome.dna 587923 586267 NC_005090.gbk
325 48.0 895052 894741 genome.dna 588234 587919 NC_005090.gbk
471 41.2 904530 905147 genome.dna 425508 426123 NC_005090.gbk
1429 50.7 909308 910588 genome.dna 981651 980352 NC_005090.gbk
376 45.9 927840 927358 genome.dna 836929 837385 NC_005090.gbk
371 36.3 932209 932796 genome.dna 497258 496703 NC_005090.gbk
273 68.3 934700 934497 genome.dna 1403780 1403984 NC_005090.gbk
284 35.9 937554 938135 genome.dna 264037 264610 NC_005090.gbk
356 39.4 957261 956803 genome.dna 1295412 1295844 NC_005090.gbk
1819 48.1 990019 988067 genome.dna 1358337 1356405 NC_005090.gbk
571 37.5 991219 990023 genome.dna 1359431 1358336 NC_005090.gbk
849 52.7 997695 996727 genome.dna 1137485 1138484 NC_005090.gbk
732 38.6 1019692 1018730 genome.dna 116440 117394 NC_005090.gbk
1839 40.7 1046527 1048740 genome.dna 1362041 1359656 NC_005090.gbk
886 45.0 1085633 1084560 genome.dna 1233661 1232482 NC_005090.gbk
260 34.5 1099537 1100406 genome.dna 1997337 1996518 NC_005090.gbk
1073 37.6 1131750 1134008 genome.dna 1741173 1743720 NC_005090.gbk
247 31.0 1134065 1134883 genome.dna 1591715 1591064 NC_005090.gbk
635 37.9 1150402 1149575 genome.dna 164333 163565 NC_005090.gbk
517 33.3 1154052 1153258 genome.dna 1607432 1606673 NC_005090.gbk
790 51.7 1154397 1155122 genome.dna 196565 195749 NC_005090.gbk
395 37.4 1155257 1156108 genome.dna 195746 194678 NC_005090.gbk
751 52.7 1156279 1157004 genome.dna 237273 237999 NC_005090.gbk
534 40.1 1157130 1157687 genome.dna 310471 311032 NC_005090.gbk
483 36.5 1157925 1159121 genome.dna 769605 768528 NC_005090.gbk
637 43.7 1159320 1160081 genome.dna 1953747 1953060 NC_005090.gbk
377 30.2 1160970 1162325 genome.dna 2105350 2106415 NC_005090.gbk
584 36.2 1165447 1166469 genome.dna 99985 99028 NC_005090.gbk
420 43.2 1166572 1167027 genome.dna 62080 61624 NC_005090.gbk
745 47.6 1167032 1167820 genome.dna 61628 60827 NC_005090.gbk
416 41.4 1168997 1169593 genome.dna 1618319 1618871 NC_005090.gbk
1919 40.8 1169670 1173152 genome.dna 1886757 1883220 NC_005090.gbk
989 50.8 1173165 1174124 genome.dna 614809 613873 NC_005090.gbk
499 34.5 1202667 1201900 genome.dna 1081427 1082216 NC_005090.gbk
1008 48.5 1248508 1249548 genome.dna 643088 642041 NC_005090.gbk
218 38.0 1250762 1251046 genome.dna 166755 167073 NC_005090.gbk
458 36.4 1260789 1261478 genome.dna 908866 909541 NC_005090.gbk
809 57.8 1270601 1269999 genome.dna 1894659 1895256 NC_005090.gbk
741 39.2 1271755 1272822 genome.dna 826169 825137 NC_005090.gbk
1141 47.2 1272920 1274065 genome.dna 1453256 1454390 NC_005090.gbk
674 37.4 1274535 1276382 genome.dna 1202225 1200647 NC_005090.gbk
723 37.0 1276393 1277361 genome.dna 1200645 1199673 NC_005090.gbk
475 50.6 1280201 1280677 genome.dna 293274 293745 NC_005090.gbk
266 35.6 1280702 1281121 genome.dna 293745 294153 NC_005090.gbk
263 37.2 1282175 1282681 genome.dna 1833553 1833085 NC_005090.gbk
1526 41.8 1284598 1282733 genome.dna 1897122 1895262 NC_005090.gbk
323 33.5 1288101 1287511 genome.dna 1234225 1233667 NC_005090.gbk
348 34.4 1289161 1289652 genome.dna 81309 80748 NC_005090.gbk
908 34.8 1291078 1289714 genome.dna 1693907 1692593 NC_005090.gbk
916 69.5 1301367 1301990 genome.dna 2092281 2092869 NC_005090.gbk
1454 55.8 1302154 1303428 genome.dna 60835 59581 NC_005090.gbk
1439 42.5 1303620 1306001 genome.dna 1872860 1870448 NC_005090.gbk
232 41.6 1306200 1306472 genome.dna 501645 501921 NC_005090.gbk
596 45.9 1310544 1309849 genome.dna 1576440 1577142 NC_005090.gbk
1154 44.1 1316909 1318201 genome.dna 400983 399669 NC_005090.gbk
573 49.7 1329655 1330212 genome.dna 1296210 1296759 NC_005090.gbk
923 33.5 1330287 1332362 genome.dna 1984230 1985865 NC_005090.gbk
188 34.3 1332403 1332732 genome.dna 1594711 1594399 NC_005090.gbk
267 34.4 1332732 1333337 genome.dna 669456 670029 NC_005090.gbk
1834 46.9 1333507 1335396 genome.dna 1635251 1637108 NC_005090.gbk
273 34.8 1352428 1351949 genome.dna 1563566 1564034 NC_005090.gbk
1352 35.3 1356196 1353473 genome.dna 415628 417827 NC_005090.gbk
718 37.2 1358126 1357212 genome.dna 802292 803231 NC_005090.gbk
1692 49.9 1363499 1366138 genome.dna 358617 361104 NC_005090.gbk
972 43.7 1395770 1396903 genome.dna 1600956 1599795 NC_005090.gbk
1370 40.2 1399081 1400775 genome.dna 1599784 1598053 NC_005090.gbk
259 35.6 1400772 1401275 genome.dna 1597327 1596790 NC_005090.gbk
1032 46.5 1402802 1401792 genome.dna 756105 757107 NC_005090.gbk
1137 44.4 1403920 1402802 genome.dna 753254 754376 NC_005090.gbk
743 49.0 1409822 1409043 genome.dna 1727642 1726811 NC_005090.gbk
524 43.0 1410370 1409819 genome.dna 1728178 1727638 NC_005090.gbk
1799 50.6 1412114 1410378 genome.dna 1729914 1728174 NC_005090.gbk
1110 35.6 1413714 1412101 genome.dna 1731393 1729923 NC_005090.gbk
444 40.6 1414369 1413719 genome.dna 1732042 1731394 NC_005090.gbk
638 37.3 1416808 1415858 genome.dna 1732961 1732043 NC_005090.gbk
1042 35.0 1418834 1416819 genome.dna 1734909 1732968 NC_005090.gbk
680 38.2 1422749 1425052 genome.dna 750033 752175 NC_005090.gbk
434 37.6 1426894 1426256 genome.dna 1014738 1014147 NC_005090.gbk
1110 50.7 1427931 1426894 genome.dna 2045173 2046184 NC_005090.gbk
709 50.5 1428285 1428911 genome.dna 1572734 1573361 NC_005090.gbk
1030 38.3 1429248 1430537 genome.dna 200322 201570 NC_005090.gbk
376 38.9 1433876 1433409 genome.dna 197198 196739 NC_005090.gbk
739 44.0 1434853 1435731 genome.dna 2103145 2104033 NC_005090.gbk
613 42.7 1436929 1437642 genome.dna 594117 593406 NC_005090.gbk
776 39.3 1466359 1465232 genome.dna 574318 575413 NC_005090.gbk
602 44.3 1467907 1467197 genome.dna 736392 735696 NC_005090.gbk
412 52.9 1468782 1468399 genome.dna 1095689 1096076 NC_005090.gbk
721 36.9 1475506 1474394 genome.dna 148297 147184 NC_005090.gbk
1045 31.0 1477420 1475516 genome.dna 1958538 1956702 NC_005090.gbk
1288 45.2 1483266 1480684 genome.dna 1199267 1196807 NC_005090.gbk
207 33.1 1490971 1490492 genome.dna 543473 543896 NC_005090.gbk
942 35.8 1493774 1492350 genome.dna 1677321 1676019 NC_005090.gbk
372 30.2 1499091 1497427 genome.dna 49265 47408 NC_005090.gbk
286 35.0 1506798 1506349 genome.dna 1939434 1938975 NC_005090.gbk
733 37.4 1527781 1528740 genome.dna 1471746 1470795 NC_005090.gbk
657 32.4 1528762 1530255 genome.dna 1470799 1469455 NC_005090.gbk
1195 44.5 1536355 1535069 genome.dna 1398478 1397209 NC_005090.gbk
1040 39.5 1537737 1539503 genome.dna 1812832 1814674 NC_005090.gbk
1313 52.1 1544898 1546064 genome.dna 1027668 1028847 NC_005090.gbk
1191 61.1 1546064 1546936 genome.dna 1028843 1029728 NC_005090.gbk
1399 43.5 1547669 1549237 genome.dna 1748655 1747119 NC_005090.gbk
231 36.8 1550947 1551351 genome.dna 1214558 1214180 NC_005090.gbk
272 35.3 1555196 1555705 genome.dna 517525 518038 NC_005090.gbk
257 33.3 1558773 1559834 genome.dna 1230880 1229887 NC_005090.gbk
517 36.8 1575561 1574770 genome.dna 1708952 1708175 NC_005090.gbk
876 39.7 1598229 1599338 genome.dna 1838242 1839355 NC_005090.gbk
195 31.7 1609114 1609548 genome.dna 1275148 1274683 NC_005090.gbk
574 30.6 1633374 1634744 genome.dna 1902041 1903421 NC_005090.gbk
1240 38.1 1756920 1758824 genome.dna 1489511 1487585 NC_005090.gbk
718 59.1 1758941 1759468 genome.dna 1487531 1487000 NC_005090.gbk
860 36.8 1759692 1761089 genome.dna 1486902 1485492 NC_005090.gbk
1176 43.0 1761092 1762381 genome.dna 1485496 1484221 NC_005090.gbk
868 37.6 1762389 1763510 genome.dna 1484235 1483089 NC_005090.gbk
877 58.6 1763515 1764231 genome.dna 1483085 1482434 NC_005090.gbk
341 35.2 1764218 1764715 genome.dna 1482438 1481955 NC_005090.gbk
899 34.9 1768623 1769945 genome.dna 689955 688722 NC_005090.gbk
2105 72.6 1782838 1781498 genome.dna 1669095 1670409 NC_005090.gbk
309 34.6 1819842 1820456 genome.dna 727137 727776 NC_005090.gbk
806 34.8 1830416 1829217 genome.dna 980348 979154 NC_005090.gbk
1427 52.0 1862075 1860786 genome.dna 714311 715565 NC_005090.gbk
752 46.0 1903087 1902248 genome.dna 1828269 1827567 NC_005090.gbk
1096 37.1 1937404 1939404 genome.dna 1973211 1970805 NC_005090.gbk
300 33.1 1939436 1939933 genome.dna 1037546 1038023 NC_005090.gbk
269 35.2 1942291 1943163 genome.dna 1162185 1163025 NC_005090.gbk
380 45.0 1944254 1944643 genome.dna 604582 604960 NC_005090.gbk
723 35.9 1945543 1946694 genome.dna 1909926 1910985 NC_005090.gbk
1130 40.8 1946687 1948771 genome.dna 1018291 1016041 NC_005090.gbk
229 36.8 1951419 1951823 genome.dna 1583473 1582978 NC_005090.gbk
939 54.0 1954611 1955393 genome.dna 1701959 1702751 NC_005090.gbk
258 30.0 1955568 1956287 genome.dna 1991214 1991931 NC_005090.gbk
762 39.3 1956304 1957413 genome.dna 1510135 1509085 NC_005090.gbk
264 44.4 1962586 1962317 genome.dna 1426763 1426496 NC_005090.gbk
731 46.4 1963383 1962607 genome.dna 1979765 1980509 NC_005090.gbk
1152 44.3 1968985 1967612 genome.dna 2090820 2089515 NC_005090.gbk
648 33.6 1970689 1969697 genome.dna 1898988 1897962 NC_005090.gbk
544 33.8 1980555 1981667 genome.dna 2066809 2065720 NC_005090.gbk
1782 42.5 1992328 1990295 genome.dna 8179 6223 NC_005090.gbk
315 41.7 2009604 2010017 genome.dna 132221 132659 NC_005090.gbk
356 36.8 2030910 2030332 genome.dna 2098417 2097832 NC_005090.gbk
644 33.6 2034173 2033130 genome.dna 1903434 1904448 NC_005090.gbk
400 33.4 2038594 2039550 genome.dna 148396 149359 NC_005090.gbk
618 38.1 2041077 2042123 genome.dna 1891758 1890762 NC_005090.gbk
422 44.0 2042130 2043083 genome.dna 1890753 1889760 NC_005090.gbk
561 37.5 2043101 2044030 genome.dna 520484 521423 NC_005090.gbk
671 44.5 2044045 2044779 genome.dna 617213 616469 NC_005090.gbk
281 59.5 2044934 2045170 genome.dna 616383 616152 NC_005090.gbk
1265 47.1 2045253 2046494 genome.dna 616071 614829 NC_005090.gbk
223 32.8 2048443 2049102 genome.dna 600203 600776 NC_005090.gbk
533 37.5 2050132 2050929 genome.dna 1965031 1964254 NC_005090.gbk
260 36.8 2055442 2055792 genome.dna 1258539 1258176 NC_005090.gbk
1612 32.8 2070405 2066956 genome.dna 1192408 1189423 NC_005090.gbk
1648 52.1 2102354 2104732 genome.dna 782076 779652 NC_005090.gbk
1398 46.6 2131621 2133054 genome.dna 932154 930630 NC_005090.gbk
747 54.8 2133668 2134339 genome.dna 115868 116444 NC_005090.gbk
695 43.6 2147794 2146931 genome.dna 1123976 1123133 NC_005090.gbk
439 49.8 2148473 2147781 genome.dna 1124778 1123977 NC_005090.gbk
1291 51.3 2150965 2148479 genome.dna 1127637 1124793 NC_005090.gbk
312 35.4 2151764 2151228 genome.dna 1122593 1122095 NC_005090.gbk
536 33.4 2162123 2163253 genome.dna 1275206 1276322 NC_005090.gbk
1480 66.0 2166931 2167989 genome.dna 1067427 1068495 NC_005090.gbk
1041 58.1 2168013 2168828 genome.dna 1068516 1069329 NC_005090.gbk
1101 63.9 2168825 2169616 genome.dna 1069325 1070063 NC_005090.gbk
513 36.8 2169627 2170376 genome.dna 1070059 1070785 NC_005090.gbk
771 53.2 2170388 2171023 genome.dna 1070794 1071412 NC_005090.gbk
2873 55.9 2171266 2174868 genome.dna 1071501 1075104 NC_005090.gbk
296 33.8 2181519 2182154 genome.dna 1965427 1966036 NC_005090.gbk
565 49.5 2203467 2202874 genome.dna 1142624 1143194 NC_005090.gbk
491 38.4 2216576 2217319 genome.dna 294156 294843 NC_005090.gbk
773 32.8 2221311 2219248 genome.dna 1474650 1472946 NC_005090.gbk
796 47.9 2239913 2239125 genome.dna 419073 418254 NC_005090.gbk
518 47.2 2258625 2258122 genome.dna 1514356 1514857 NC_005090.gbk
692 41.5 2298807 2297113 genome.dna 634025 635735 NC_005090.gbk
657 48.8 2351826 2352485 genome.dna 1840335 1840986 NC_005090.gbk
1315 56.4 2487322 2486231 genome.dna 1300027 1301128 NC_005090.gbk
401 44.4 2488039 2487452 genome.dna 1967958 1967379 NC_005090.gbk
1167 56.0 2489732 2488785 genome.dna 1552494 1551564 NC_005090.gbk
650 32.1 2491599 2492855 genome.dna 1502422 1501111 NC_005090.gbk
1255 53.7 2492889 2493971 genome.dna 774015 772947 NC_005090.gbk
450 34.2 2493971 2494816 genome.dna 220311 219459 NC_005090.gbk
581 41.5 2496092 2496946 genome.dna 292463 293255 NC_005090.gbk
706 39.6 2542867 2544249 genome.dna 814621 815905 NC_005090.gbk
859 50.0 2552084 2552833 genome.dna 2010874 2011636 NC_005090.gbk
482 41.3 2585970 2586605 genome.dna 1021978 1021330 NC_005090.gbk
1261 38.7 2593132 2590532 genome.dna 1437518 1435292 NC_005090.gbk
323 31.5 2597527 2596643 genome.dna 1879155 1878273 NC_005090.gbk
614 34.2 2605113 2606180 genome.dna 1985884 1986856 NC_005090.gbk
1414 57.3 2607572 2608762 genome.dna 1296755 1297964 NC_005090.gbk
399 31.9 2608762 2609568 genome.dna 1720155 1720923 NC_005090.gbk
711 44.7 2639766 2638855 genome.dna 336894 337722 NC_005090.gbk
1068 56.0 2642732 2643580 genome.dna 1413684 1412850 NC_005090.gbk
379 35.7 2645012 2644386 genome.dna 1844593 1843981 NC_005090.gbk
1022 45.1 2654735 2655739 genome.dna 342466 341464 NC_005090.gbk
414 30.5 2658535 2657786 genome.dna 1172516 1171793 NC_005090.gbk
896 52.0 2679167 2679979 genome.dna 1772022 1772829 NC_005090.gbk
149 34.6 2679983 2680252 genome.dna 1772825 1773068 NC_005090.gbk
729 32.4 2683421 2681736 genome.dna 235606 237148 NC_005090.gbk
449 39.1 2701066 2701629 genome.dna 935381 934832 NC_005090.gbk
206 32.0 2724246 2725070 genome.dna 204438 203664 NC_005090.gbk
814 50.6 2732234 2731251 genome.dna 1258683 1259676 NC_005090.gbk
417 53.8 2732903 2732547 genome.dna 779092 779446 NC_005090.gbk
143 46.9 2733144 2732947 genome.dna 778792 778987 NC_005090.gbk
479 45.8 2733782 2733240 genome.dna 778223 778754 NC_005090.gbk
1552 43.7 2735713 2733785 genome.dna 776616 778227 NC_005090.gbk
1923 68.9 2755752 2754499 genome.dna 1398652 1399945 NC_005090.gbk
561 34.3 2757088 2758194 genome.dna 1553598 1552560 NC_005090.gbk
1211 51.1 2791280 2792458 genome.dna 1561101 1562265 NC_005090.gbk
498 31.3 2800594 2799272 genome.dna 262838 264041 NC_005090.gbk
1130 51.4 2809298 2808294 genome.dna 1719298 1718290 NC_005090.gbk
306 32.2 2809923 2809306 genome.dna 436068 435498 NC_005090.gbk
296 38.7 2810663 2810151 genome.dna 2110227 2109738 NC_005090.gbk
413 31.0 2811487 2810744 genome.dna 982469 981755 NC_005090.gbk
1862 49.7 2813755 2811956 genome.dna 1682067 1683831 NC_005090.gbk
524 35.1 2828026 2828805 genome.dna 573599 574322 NC_005090.gbk
703 40.2 2828802 2829785 genome.dna 647409 648243 NC_005090.gbk
584 34.6 2838878 2837343 genome.dna 437946 439428 NC_005090.gbk
618 42.9 2859653 2858643 genome.dna 2100777 2101839 NC_005090.gbk
282 33.0 2869134 2868487 genome.dna 295439 294839 NC_005090.gbk
508 38.9 2884168 2883416 genome.dna 1809127 1809862 NC_005090.gbk
1134 31.4 2887241 2885457 genome.dna 256428 258138 NC_005090.gbk
938 38.2 2917289 2918617 genome.dna 1506028 1504729 NC_005090.gbk
324 35.0 2920770 2921360 genome.dna 603104 603722 NC_005090.gbk
436 34.0 2921367 2922104 genome.dna 603734 604457 NC_005090.gbk
738 46.9 2922086 2922862 genome.dna 65712 64947 NC_005090.gbk
341 41.6 2922856 2923488 genome.dna 88784 88094 NC_005090.gbk
1022 31.0 2925698 2924025 genome.dna 1264234 1265896 NC_005090.gbk
802 35.8 2929563 2931326 genome.dna 433867 435502 NC_005090.gbk
1361 51.0 2975613 2974318 genome.dna 827817 829104 NC_005090.gbk
703 39.0 2982496 2983455 genome.dna 448256 449207 NC_005090.gbk
652 45.0 2987214 2987927 genome.dna 335417 336098 NC_005090.gbk
302 59.7 2988043 2988261 genome.dna 1606664 1606445 NC_005090.gbk
2301 51.2 2992855 2990582 genome.dna 333256 335473 NC_005090.gbk
657 46.5 3023325 3022666 genome.dna 1840335 1840986 NC_005090.gbk
787 34.6 3042056 3043384 genome.dna 1670517 1671837 NC_005090.gbk
398 34.7 3046334 3045672 genome.dna 1173772 1173208 NC_005090.gbk
619 36.8 3058890 3057901 genome.dna 2024993 2025932 NC_005090.gbk
432 32.5 3064304 3063432 genome.dna 2086062 2085177 NC_005090.gbk
678 39.1 3064423 3065496 genome.dna 2086163 2087165 NC_005090.gbk
1133 62.5 3065575 3066420 genome.dna 1651080 1650231 NC_005090.gbk
1617 42.1 3076165 3077973 genome.dna 555926 557768 NC_005090.gbk
1521 60.7 3077983 3079080 genome.dna 557772 558849 NC_005090.gbk
1366 58.2 3079077 3080102 genome.dna 558845 559865 NC_005090.gbk
1569 47.6 3080104 3081720 genome.dna 559861 561439 NC_005090.gbk
387 31.4 3109585 3110331 genome.dna 276268 277072 NC_005090.gbk
416 32.6 3127356 3128189 genome.dna 1110149 1109381 NC_005090.gbk
308 36.0 3154559 3153852 genome.dna 342556 343273 NC_005090.gbk
91 32.1 3155372 3155127 genome.dna 388993 389224 NC_005090.gbk
442 45.8 3155863 3155369 genome.dna 1146143 1146620 NC_005090.gbk
532 32.2 3157424 3156435 genome.dna 1908932 1907840 NC_005090.gbk
2293 53.5 3161386 3159374 genome.dna 1861360 1859383 NC_005090.gbk
917 35.9 3166195 3167499 genome.dna 233006 234305 NC_005090.gbk
678 36.1 3174746 3173826 genome.dna 948619 949558 NC_005090.gbk
695 31.9 3178804 3180039 genome.dna 1143218 1144448 NC_005090.gbk
224 33.3 3228583 3228035 genome.dna 2104796 2105339 NC_005090.gbk
662 32.8 3230474 3228642 genome.dna 1519034 1520843 NC_005090.gbk
370 32.8 3268214 3268972 genome.dna 2104029 2104800 NC_005090.gbk
1014 45.4 3282525 3281119 genome.dna 1337172 1335822 NC_005090.gbk
1096 39.1 3284277 3282703 genome.dna 1341834 1343373 NC_005090.gbk
451 39.5 3286145 3286675 genome.dna 741272 741788 NC_005090.gbk
825 41.6 3289547 3288372 genome.dna 1335797 1334666 NC_005090.gbk
1082 44.8 3290769 3289561 genome.dna 2089358 2088185 NC_005090.gbk
427 33.7 3291639 3290800 genome.dna 2088166 2087182 NC_005090.gbk
869 46.8 3295088 3293715 genome.dna 1329861 1328514 NC_005090.gbk
154 38.2 3298548 3298330 genome.dna 1340130 1340337 NC_005090.gbk
1471 50.3 3300189 3298621 genome.dna 1331418 1329888 NC_005090.gbk
2256 68.1 3301696 3300248 genome.dna 1332890 1331435 NC_005090.gbk
1021 71.8 3302638 3301757 genome.dna 1334216 1333304 NC_005090.gbk
1553 43.9 3364676 3363084 genome.dna 2097701 2096099 NC_005090.gbk
706 30.0 3372145 3370688 genome.dna 486900 488391 NC_005090.gbk
1102 36.9 3373687 3372152 genome.dna 485380 486901 NC_005090.gbk
1208 37.1 3375638 3373788 genome.dna 483529 485377 NC_005090.gbk
276 40.0 3375937 3375635 genome.dna 483223 483526 NC_005090.gbk
277 34.4 3376497 3375934 genome.dna 482651 483224 NC_005090.gbk
595 40.1 3378041 3377067 genome.dna 481046 482036 NC_005090.gbk
254 35.8 3385876 3385436 genome.dna 471311 471701 NC_005090.gbk
548 35.6 3402984 3403889 genome.dna 91909 91057 NC_005090.gbk
292 35.8 3408161 3407589 genome.dna 599197 599728 NC_005090.gbk
743 38.1 3409858 3408341 genome.dna 449998 451375 NC_005090.gbk
814 49.8 3413548 3412631 genome.dna 161250 160380 NC_005090.gbk
348 31.9 3415469 3414618 genome.dna 651893 652697 NC_005090.gbk
657 35.4 3416479 3415469 genome.dna 362859 363891 NC_005090.gbk
895 54.5 3425582 3424782 genome.dna 1127766 1128525 NC_005090.gbk
1125 49.2 3427528 3426443 genome.dna 1791357 1790274 NC_005090.gbk
1736 52.7 3443783 3442200 genome.dna 739162 740656 NC_005090.gbk
886 42.0 3455799 3454780 genome.dna 1080411 1081425 NC_005090.gbk
1476 53.3 3477877 3476636 genome.dna 444538 445762 NC_005090.gbk
593 33.0 3512886 3511738 genome.dna 1035908 1037039 NC_005090.gbk
951 51.2 3516455 3517318 genome.dna 1293046 1293907 NC_005090.gbk
1225 42.7 3519048 3517663 genome.dna 439428 440832 NC_005090.gbk
431 46.0 3521609 3522118 genome.dna 2007113 2006618 NC_005090.gbk
1012 59.1 3527868 3527053 genome.dna 903258 902469 NC_005090.gbk
1316 33.9 3531913 3533985 genome.dna 1847230 1845136 NC_005090.gbk
643 38.2 3573115 3574479 genome.dna 2008390 2007115 NC_005090.gbk
502 37.2 3577570 3576767 genome.dna 747657 748443 NC_005090.gbk
1816 52.9 3590632 3589055 genome.dna 1517049 1515483 NC_005090.gbk
1764 54.4 3592205 3590739 genome.dna 1788884 1787438 NC_005090.gbk
384 30.5 3598404 3597445 genome.dna 398420 399323 NC_005090.gbk
898 34.9 3599984 3598497 genome.dna 1937448 1936035 NC_005090.gbk
932 44.4 3604488 3603367 genome.dna 1254606 1253526 NC_005090.gbk
735 36.8 3607701 3606505 genome.dna 64416 63336 NC_005090.gbk
560 61.8 3608433 3608005 genome.dna 1892721 1892307 NC_005090.gbk
1581 57.1 3635387 3634134 genome.dna 83474 84725 NC_005090.gbk
568 76.8 3640872 3640534 genome.dna 399658 399319 NC_005090.gbk
298 46.4 3679566 3679826 genome.dna 1803965 1803713 NC_005090.gbk
512 43.0 3680956 3680225 genome.dna 103246 104035 NC_005090.gbk
632 38.9 3682691 3681786 genome.dna 1246957 1246057 NC_005090.gbk
472 38.0 3683368 3682688 genome.dna 1792070 1791353 NC_005090.gbk
273 32.2 3684626 3683661 genome.dna 1293903 1294728 NC_005090.gbk
2296 56.8 3686442 3684643 genome.dna 1575757 1573966 NC_005090.gbk
643 38.5 3689812 3691413 genome.dna 1518511 1517071 NC_005090.gbk
733 50.2 3694571 3695257 genome.dna 545099 544406 NC_005090.gbk
1287 45.2 3698228 3696813 genome.dna 2099916 2098518 NC_005090.gbk
361 39.4 3702410 3702844 genome.dna 1468847 1468433 NC_005090.gbk
308 30.7 3711660 3710149 genome.dna 1947360 1948656 NC_005090.gbk
492 37.4 3711890 3712588 genome.dna 521419 522109 NC_005090.gbk
1462 52.6 3714803 3716083 genome.dna 1779224 1780520 NC_005090.gbk
739 45.1 3732844 3733638 genome.dna 1720086 1719297 NC_005090.gbk
594 39.4 3733793 3734647 genome.dna 110088 110913 NC_005090.gbk
334 47.3 3734665 3735045 genome.dna 1595077 1594711 NC_005090.gbk
292 34.8 3737076 3737717 genome.dna 291815 292463 NC_005090.gbk
453 47.5 3749751 3750215 genome.dna 1792498 1792078 NC_005090.gbk
2770 50.9 3762599 3760023 genome.dna 595671 598245 NC_005090.gbk
432 30.5 3766362 3767522 genome.dna 330531 329463 NC_005090.gbk
341 47.3 3773009 3772662 genome.dna 540431 540788 NC_005090.gbk
530 35.8 3773827 3773072 genome.dna 539721 540435 NC_005090.gbk
250 47.9 3774681 3774433 genome.dna 538699 538933 NC_005090.gbk
1156 40.4 3776200 3774839 genome.dna 537258 538599 NC_005090.gbk
785 69.6 3777786 3777271 genome.dna 2012129 2011637 NC_005090.gbk
2189 45.9 3784972 3782345 genome.dna 322188 324756 NC_005090.gbk
1416 61.9 3786717 3785644 genome.dna 1429003 1430056 NC_005090.gbk
1242 43.2 3866442 3865039 genome.dna 860091 861540 NC_005090.gbk
4208 61.9 3869582 3866439 genome.dna 856964 860099 NC_005090.gbk
977 41.4 3870837 3869665 genome.dna 855817 856954 NC_005090.gbk
1171 42.9 3882715 3881462 genome.dna 1252167 1250931 NC_005090.gbk
495 42.8 3893814 3893233 genome.dna 656391 656961 NC_005090.gbk
542 31.1 3898328 3897126 genome.dna 637087 638224 NC_005090.gbk
258 30.7 3909216 3909983 genome.dna 414475 413752 NC_005090.gbk
527 32.9 3918901 3920391 genome.dna 1790274 1788924 NC_005090.gbk
422 39.8 3952181 3951618 genome.dna 653402 653930 NC_005090.gbk
744 42.2 3952362 3953393 genome.dna 1839424 1840336 NC_005090.gbk
628 44.7 3954101 3954916 genome.dna 1841058 1841889 NC_005090.gbk
1551 44.5 3956293 3958011 genome.dna 1501104 1499391 NC_005090.gbk
475 41.8 3961248 3960622 genome.dna 413752 413122 NC_005090.gbk
880 33.8 3969453 3967963 genome.dna 975092 973712 NC_005090.gbk
282 35.5 3970373 3969465 genome.dna 975970 975091 NC_005090.gbk
168 33.6 3986036 3985365 genome.dna 1575862 1576444 NC_005090.gbk
1412 52.8 4001743 4000448 genome.dna 1430065 1431334 NC_005090.gbk
1887 52.4 4003479 4001842 genome.dna 221713 223372 NC_005090.gbk
1318 41.4 4027241 4025196 genome.dna 1689815 1691768 NC_005090.gbk
1166 44.0 4028828 4027398 genome.dna 654964 656389 NC_005090.gbk
317 31.0 4034399 4035643 genome.dna 1713778 1714918 NC_005090.gbk
555 47.5 4036522 4035704 genome.dna 1244274 1245045 NC_005090.gbk
262 30.4 4037132 4037767 genome.dna 5273 5900 NC_005090.gbk
526 51.5 4039680 4040210 genome.dna 1685162 1685708 NC_005090.gbk
224 34.2 4059979 4059527 genome.dna 1249273 1248820 NC_005090.gbk
205 41.9 4060248 4060021 genome.dna 1763265 1763007 NC_005090.gbk
923 43.6 4076878 4075862 genome.dna 525923 524861 NC_005090.gbk
393 37.1 4076900 4077613 genome.dna 2106411 2107083 NC_005090.gbk
333 36.4 4079441 4080034 genome.dna 1694003 1694615 NC_005090.gbk
518 30.6 4080027 4081166 genome.dna 1621796 1620755 NC_005090.gbk
856 38.6 4114440 4115846 genome.dna 351128 352550 NC_005090.gbk
2042 49.7 4139901 4137067 genome.dna 1541100 1543710 NC_005090.gbk
308 36.6 4140147 4140710 genome.dna 1763778 1763289 NC_005090.gbk
509 33.6 4200650 4199670 genome.dna 104031 104955 NC_005090.gbk
2894 63.2 4221505 4218908 genome.dna 1137259 1134697 NC_005090.gbk
549 38.9 4244964 4245854 genome.dna 1229891 1229063 NC_005090.gbk
333 35.6 4250722 4251348 genome.dna 2031310 2031916 NC_005090.gbk
965 50.1 4255592 4252890 genome.dna 1210130 1212710 NC_005090.gbk
846 44.0 4257707 4256787 genome.dna 1913982 1914879 NC_005090.gbk
960 43.4 4258960 4257809 genome.dna 229984 228826 NC_005090.gbk
770 31.1 4260285 4259029 genome.dna 231412 230008 NC_005090.gbk
470 32.4 4263557 4262097 genome.dna 1421725 1423045 NC_005090.gbk
994 42.2 4268312 4267230 genome.dna 1934430 1933371 NC_005090.gbk
554 39.1 4274186 4273242 genome.dna 174114 173202 NC_005090.gbk
365 43.6 4277861 4277370 genome.dna 100476 100005 NC_005090.gbk
1895 49.9 4279582 4277864 genome.dna 102168 100479 NC_005090.gbk
1421 47.3 4282166 4283764 genome.dna 609361 610921 NC_005090.gbk
1301 55.4 4283764 4284855 genome.dna 1709551 1710685 NC_005090.gbk
460 32.9 4284858 4286258 genome.dna 546674 545405 NC_005090.gbk
240 37.5 4286272 4286874 genome.dna 1709100 1709604 NC_005090.gbk
289 30.9 4319027 4319845 genome.dna 66005 66725 NC_005090.gbk
394 32.8 4325410 4326024 genome.dna 633334 633961 NC_005090.gbk
3269 55.4 4330684 4327460 genome.dna 2030075 2026805 NC_005090.gbk
978 42.0 4331847 4330699 genome.dna 1946661 1945527 NC_005090.gbk
559 38.5 4333114 4332293 genome.dna 449208 449979 NC_005090.gbk
445 31.4 4334402 4333452 genome.dna 1263320 1264151 NC_005090.gbk
185 33.3 4335368 4334856 genome.dna 775776 776217 NC_005090.gbk
1723 41.6 4338181 4335368 genome.dna 180929 183677 NC_005090.gbk
309 31.8 4339154 4338213 genome.dna 572722 573610 NC_005090.gbk
159 34.9 4339580 4339843 genome.dna 774353 774077 NC_005090.gbk
630 38.5 4342070 4340889 genome.dna 1203956 1202597 NC_005090.gbk
1040 43.0 4343498 4342359 genome.dna 669334 668209 NC_005090.gbk
2363 57.6 4345514 4343607 genome.dna 496674 494778 NC_005090.gbk
539 54.6 4348720 4348133 genome.dna 1145606 1146131 NC_005090.gbk
528 32.0 4353827 4352538 genome.dna 1995073 1996522 NC_005090.gbk
578 35.2 4377440 4376580 genome.dna 1416665 1415828 NC_005090.gbk
995 40.7 4379941 4378778 genome.dna 995898 997104 NC_005090.gbk
989 44.3 4383337 4381343 genome.dna 547251 549207 NC_005090.gbk
991 32.7 4387762 4385783 genome.dna 543372 541524 NC_005090.gbk
1585 61.2 4388480 4389631 genome.dna 1894491 1893330 NC_005090.gbk
281 34.1 4395434 4394430 genome.dna 217333 216490 NC_005090.gbk
1387 50.2 4398393 4397095 genome.dna 1952141 1950893 NC_005090.gbk
472 36.5 4403893 4402952 genome.dna 1874880 1875783 NC_005090.gbk
265 31.2 4409618 4408062 genome.dna 910921 912310 NC_005090.gbk
525 40.1 4413698 4413135 genome.dna 1643026 1643740 NC_005090.gbk
548 44.3 4448185 4447619 genome.dna 1234788 1234224 NC_005090.gbk
1019 30.0 4464530 4460847 genome.dna 1182050 1185413 NC_005090.gbk
531 44.9 4477982 4478530 genome.dna 1845135 1844598 NC_005090.gbk
334 36.3 4479596 4478769 genome.dna 2047686 2048478 NC_005090.gbk
398 37.2 4482450 4482959 genome.dna 2094042 2094555 NC_005090.gbk
563 35.2 4482986 4483933 genome.dna 505414 506332 NC_005090.gbk
341 44.8 4488068 4487676 genome.dna 1603768 1603417 NC_005090.gbk
604 35.0 4489098 4488109 genome.dna 1604790 1603794 NC_005090.gbk
698 52.6 4489744 4489124 genome.dna 1605431 1604804 NC_005090.gbk
484 53.4 4490164 4489775 genome.dna 1605844 1605448 NC_005090.gbk
408 53.0 4490537 4490181 genome.dna 1606223 1605854 NC_005090.gbk
1167 41.0 4492165 4490834 genome.dna 1608696 1607436 NC_005090.gbk
305 38.5 4492607 4492173 genome.dna 1609097 1608695 NC_005090.gbk
498 49.3 4493297 4492797 genome.dna 1609547 1609106 NC_005090.gbk
197 33.6 4493665 4493312 genome.dna 1609913 1609556 NC_005090.gbk
499 46.6 4494208 4493675 genome.dna 1610459 1609922 NC_005090.gbk
305 41.1 4494614 4494222 genome.dna 1610864 1610468 NC_005090.gbk
585 47.5 4495506 4494967 genome.dna 1611606 1611051 NC_005090.gbk
546 69.9 4496217 4495846 genome.dna 1612213 1611844 NC_005090.gbk
245 48.6 4496635 4496381 genome.dna 1612476 1612209 NC_005090.gbk
585 66.2 4497236 4496826 genome.dna 1613079 1612653 NC_005090.gbk
885 56.8 4497950 4497249 genome.dna 1613793 1613082 NC_005090.gbk
206 38.2 4498300 4497968 genome.dna 1614125 1613795 NC_005090.gbk
409 64.4 4498593 4498315 genome.dna 1614419 1614137 NC_005090.gbk
961 52.0 4499431 4498610 genome.dna 1615261 1614433 NC_005090.gbk
353 36.7 4500353 4499748 genome.dna 1616173 1615558 NC_005090.gbk
343 36.8 4500993 4500364 genome.dna 1616748 1616169 NC_005090.gbk
3024 66.1 4505956 4503842 genome.dna 468139 470221 NC_005090.gbk
621 57.8 4506523 4506053 genome.dna 467543 468011 NC_005090.gbk
624 75.0 4506994 4506620 genome.dna 467100 467505 NC_005090.gbk
952 38.3 4509286 4510932 genome.dna 627886 626317 NC_005090.gbk
485 39.7 4510929 4511597 genome.dna 625961 625286 NC_005090.gbk
529 43.1 4517475 4516657 genome.dna 374835 375627 NC_005090.gbk
263 41.0 4518446 4518081 genome.dna 1119335 1119674 NC_005090.gbk
405 38.6 4520431 4519847 genome.dna 519215 519743 NC_005090.gbk
386 38.2 4523180 4522629 genome.dna 1119189 1118625 NC_005090.gbk
831 37.9 4531124 4529898 genome.dna 298539 299724 NC_005090.gbk
694 54.5 4531820 4531245 genome.dna 2052129 2051556 NC_005090.gbk
692 38.1 4542308 4541385 genome.dna 949557 950382 NC_005090.gbk
458 32.2 4549962 4551341 genome.dna 970021 968755 NC_005090.gbk
1158 52.9 4557783 4556779 genome.dna 309327 308340 NC_005090.gbk
251 30.1 4558484 4557780 genome.dna 2017748 2017094 NC_005090.gbk
692 48.1 4559154 4558477 genome.dna 217508 218150 NC_005090.gbk
849 43.1 4562421 4561336 genome.dna 1451726 1450685 NC_005090.gbk
251 31.4 4562994 4562473 genome.dna 1432224 1432725 NC_005090.gbk
528 35.3 4579442 4578723 genome.dna 1458288 1457580 NC_005090.gbk
1691 44.6 4592392 4594107 genome.dna 1875826 1877569 NC_005090.gbk
566 32.7 4668986 4668036 genome.dna 997394 998360 NC_005090.gbk
1096 35.3 4672431 4670269 genome.dna 832543 834589 NC_005090.gbk
897 50.2 4680620 4681561 genome.dna 1498970 1498034 NC_005090.gbk
763 32.8 4690836 4689472 genome.dna 412142 410813 NC_005090.gbk
252 30.9 4704862 4703738 genome.dna 2069410 2068330 NC_005090.gbk
1596 56.4 4708658 4707399 genome.dna 767802 766440 NC_005090.gbk
354 50.5 4709479 4709153 genome.dna 447430 447751 NC_005090.gbk
1628 50.4 4719117 4720601 genome.dna 802198 800707 NC_005090.gbk
1186 46.0 4729969 4728119 genome.dna 130536 132216 NC_005090.gbk
850 44.7 4730969 4730043 genome.dna 90867 89949 NC_005090.gbk
797 39.6 4733613 4735139 genome.dna 2094562 2096086 NC_005090.gbk
948 40.7 4750499 4751602 genome.dna 1980505 1981618 NC_005090.gbk
196 43.3 4770684 4770469 genome.dna 440952 441156 NC_005090.gbk
584 54.3 4775884 4776414 genome.dna 1248828 1248297 NC_005090.gbk
1333 48.3 4776424 4777755 genome.dna 1248276 1246953 NC_005090.gbk
309 33.9 4786326 4787093 genome.dna 419792 419093 NC_005090.gbk
656 37.8 4789295 4788411 genome.dna 1590894 1590021 NC_005090.gbk
465 39.0 4812444 4811680 genome.dna 864221 863483 NC_005090.gbk
232 34.1 4814473 4814072 genome.dna 515044 515443 NC_005090.gbk
727 41.9 4825789 4824827 genome.dna 992916 993876 NC_005090.gbk
526 33.3 4826899 4825997 genome.dna 1580324 1579457 NC_005090.gbk
348 41.2 4834867 4834403 genome.dna 1412736 1412274 NC_005090.gbk
803 55.1 4859998 4859297 genome.dna 1408313 1407617 NC_005090.gbk
713 44.4 4860774 4860004 genome.dna 1409076 1408299 NC_005090.gbk
534 38.6 4862968 4862042 genome.dna 1411018 1410115 NC_005090.gbk
1204 32.7 4872230 4874593 genome.dna 1078132 1080256 NC_005090.gbk
1161 43.7 4886675 4885383 genome.dna 393145 391813 NC_005090.gbk
448 30.0 4905171 4904113 genome.dna 113373 112371 NC_005090.gbk
2071 46.6 4981440 4979023 genome.dna 2560 4879 NC_005090.gbk
947 37.0 4985096 4983699 genome.dna 0 1314 NC_005090.gbk
815 34.1 4988276 4989640 genome.dna 1239204 1237905 NC_005090.gbk
1152 41.0 5010680 5009268 genome.dna 2055920 2054627 NC_005090.gbk
682 39.7 5021463 5020423 genome.dna 902473 901546 NC_005090.gbk
879 42.9 5026700 5027902 genome.dna 307171 308344 NC_005090.gbk
895 41.2 5049054 5047222 genome.dna 23583 25371 NC_005090.gbk
525 38.7 5050610 5049240 genome.dna 1978112 1976816 NC_005090.gbk
2077 68.4 5055348 5053966 genome.dna 512649 514053 NC_005090.gbk
465 37.2 5056259 5055396 genome.dna 511735 512632 NC_005090.gbk
1205 55.3 5057853 5056312 genome.dna 510217 511720 NC_005090.gbk
235 30.9 5060037 5059237 genome.dna 313316 314000 NC_005090.gbk
299 36.1 5061686 5061066 genome.dna 825141 824559 NC_005090.gbk
2023 51.9 5063659 5061770 genome.dna 771073 772951 NC_005090.gbk
