1354 60.9 1179 2171 genome.dna 1286413 1285420 NC_003485.gbk
1030 34.2 5629 7497 genome.dna 1191434 1189433 NC_003485.gbk
521 31.2 15468 16463 genome.dna 1282840 1281862 NC_003485.gbk
1216 37.2 25826 28615 genome.dna 172724 175367 NC_003485.gbk
482 39.9 29669 29034 genome.dna 774188 774788 NC_003485.gbk
735 42.6 36667 35258 genome.dna 1615085 1613738 NC_003485.gbk
2216 55.2 37037 38860 genome.dna 1276347 1274505 NC_003485.gbk
427 46.9 39698 40135 genome.dna 1705201 1704757 NC_003485.gbk
1225 39.4 47188 45107 genome.dna 1533581 1531565 NC_003485.gbk
550 43.7 50956 50333 genome.dna 1367135 1366499 NC_003485.gbk
588 31.2 59253 58054 genome.dna 1603588 1604713 NC_003485.gbk
1936 65.1 77642 78994 genome.dna 708940 710293 NC_003485.gbk
576 47.2 97287 96724 genome.dna 1825979 1825418 NC_003485.gbk
1256 62.9 98527 99441 genome.dna 1417625 1416707 NC_003485.gbk
1240 35.6 99451 101520 genome.dna 1416330 1414290 NC_003485.gbk
739 52.4 110262 109636 genome.dna 1183215 1182609 NC_003485.gbk
992 35.4 118825 120366 genome.dna 989415 987882 NC_003485.gbk
322 31.2 140268 141428 genome.dna 374838 376020 NC_003485.gbk
234 35.5 165569 165111 genome.dna 197600 198047 NC_003485.gbk
502 38.6 166978 167643 genome.dna 895869 896550 NC_003485.gbk
133 40.8 168129 168296 genome.dna 1843278 1843428 NC_003485.gbk
565 35.8 168516 169325 genome.dna 440906 441734 NC_003485.gbk
378 37.3 170854 170375 genome.dna 1284769 1284277 NC_003485.gbk
782 40.0 192775 193791 genome.dna 192373 191356 NC_003485.gbk
549 38.5 207819 208589 genome.dna 1607511 1606731 NC_003485.gbk
997 31.0 212248 209609 genome.dna 536113 538876 NC_003485.gbk
325 34.6 237567 238178 genome.dna 1352752 1353385 NC_003485.gbk
854 44.0 248939 247989 genome.dna 992458 993379 NC_003485.gbk
1986 73.4 250357 251541 genome.dna 540673 541870 NC_003485.gbk
388 34.4 252164 252709 genome.dna 150581 151121 NC_003485.gbk
577 62.7 252872 253300 genome.dna 407424 407850 NC_003485.gbk
842 55.9 253304 254008 genome.dna 407955 408645 NC_003485.gbk
349 39.2 254326 254823 genome.dna 871675 872176 NC_003485.gbk
2054 43.8 255584 259612 genome.dna 94243 97810 NC_003485.gbk
2452 45.2 259736 263959 genome.dna 97900 101542 NC_003485.gbk
1230 46.5 280242 278956 genome.dna 47107 48373 NC_003485.gbk
954 49.5 281849 280260 genome.dna 44124 45672 NC_003485.gbk
497 38.3 292998 292333 genome.dna 789653 790304 NC_003485.gbk
662 34.9 301263 300298 genome.dna 115770 114792 NC_003485.gbk
402 32.9 303420 302533 genome.dna 1716919 1715965 NC_003485.gbk
1566 52.7 306633 305290 genome.dna 1502884 1501519 NC_003485.gbk
256 36.7 307112 306645 genome.dna 1503835 1503334 NC_003485.gbk
629 37.2 334964 334107 genome.dna 575143 576034 NC_003485.gbk
1255 50.1 345980 347242 genome.dna 661180 662452 NC_003485.gbk
509 56.2 352201 352629 genome.dna 1665893 1665464 NC_003485.gbk
477 50.8 352645 353037 genome.dna 1665444 1665051 NC_003485.gbk
922 57.5 355354 354581 genome.dna 568461 569226 NC_003485.gbk
662 34.0 362158 363087 genome.dna 353060 353981 NC_003485.gbk
636 42.0 372605 373492 genome.dna 371090 371954 NC_003485.gbk
512 34.3 386934 386071 genome.dna 1623606 1622724 NC_003485.gbk
675 43.8 399153 398326 genome.dna 1419500 1418660 NC_003485.gbk
805 35.7 413001 411592 genome.dna 1562571 1564011 NC_003485.gbk
2513 53.3 426927 424789 genome.dna 1818981 1816782 NC_003485.gbk
255 34.8 431880 431494 genome.dna 134320 134686 NC_003485.gbk
399 32.6 433394 432459 genome.dna 723175 724111 NC_003485.gbk
1163 54.4 435364 434357 genome.dna 1291720 1290706 NC_003485.gbk
1215 43.8 460910 458055 genome.dna 1308980 1306331 NC_003485.gbk
1198 42.0 530287 528905 genome.dna 198127 199489 NC_003485.gbk
1353 47.6 533382 534971 genome.dna 1195031 1193486 NC_003485.gbk
737 35.7 537938 539215 genome.dna 1606711 1605508 NC_003485.gbk
101 34.6 680017 679742 genome.dna 1101839 1101599 NC_003485.gbk
180 34.7 697176 697469 genome.dna 1780049 1779758 NC_003485.gbk
2057 59.8 697515 699164 genome.dna 1779723 1778091 NC_003485.gbk
1466 58.9 725271 724024 genome.dna 277312 278527 NC_003485.gbk
494 30.0 727813 726815 genome.dna 393481 394441 NC_003485.gbk
866 42.3 755628 756641 genome.dna 1610198 1609169 NC_003485.gbk
241 36.3 761608 761919 genome.dna 717351 717666 NC_003485.gbk
284 55.6 761939 762196 genome.dna 718031 718325 NC_003485.gbk
1026 43.9 763509 764681 genome.dna 1120202 1118888 NC_003485.gbk
410 45.5 766454 766933 genome.dna 337231 337762 NC_003485.gbk
200 37.1 767354 767061 genome.dna 266105 266414 NC_003485.gbk
651 42.2 770241 771074 genome.dna 878481 879282 NC_003485.gbk
1126 43.3 771082 772419 genome.dna 847358 848714 NC_003485.gbk
1924 37.7 779306 782008 genome.dna 1440678 1437816 NC_003485.gbk
242 33.9 782083 782481 genome.dna 1437617 1437260 NC_003485.gbk
495 33.3 782481 783425 genome.dna 1008673 1007788 NC_003485.gbk
326 55.1 783547 783816 genome.dna 1681769 1681499 NC_003485.gbk
2051 49.4 784066 786186 genome.dna 1676384 1674251 NC_003485.gbk
1127 38.5 787369 789282 genome.dna 1193180 1191560 NC_003485.gbk
842 41.0 797270 798493 genome.dna 778973 780185 NC_003485.gbk
764 49.1 798538 799257 genome.dna 782099 782813 NC_003485.gbk
194 36.2 803045 802602 genome.dna 1610643 1610187 NC_003485.gbk
458 37.2 830229 830876 genome.dna 933348 932697 NC_003485.gbk
1538 49.6 844582 846099 genome.dna 528077 526583 NC_003485.gbk
393 45.9 927840 927358 genome.dna 448185 448653 NC_003485.gbk
1057 32.9 931102 929441 genome.dna 1247126 1245464 NC_003485.gbk
283 36.0 932209 932796 genome.dna 1514722 1514149 NC_003485.gbk
89 32.8 934700 934497 genome.dna 913885 913699 NC_003485.gbk
1295 56.2 937176 936079 genome.dna 1760189 1759100 NC_003485.gbk
587 33.5 939859 940740 genome.dna 211923 212811 NC_003485.gbk
2100 50.2 955638 953644 genome.dna 1405200 1403010 NC_003485.gbk
298 34.6 957261 956803 genome.dna 1660832 1660316 NC_003485.gbk
1682 45.6 995970 994243 genome.dna 1158715 1156981 NC_003485.gbk
860 51.1 997695 996727 genome.dna 1353512 1354454 NC_003485.gbk
83 30.0 1001658 1001365 genome.dna 136196 136517 NC_003485.gbk
1109 43.5 1040649 1039456 genome.dna 444161 445331 NC_003485.gbk
710 35.3 1087061 1085955 genome.dna 1575105 1576230 NC_003485.gbk
395 30.0 1100443 1101237 genome.dna 771213 772053 NC_003485.gbk
646 33.9 1129588 1128602 genome.dna 1728367 1729345 NC_003485.gbk
362 31.1 1154052 1153258 genome.dna 1138421 1137560 NC_003485.gbk
834 51.0 1154397 1155122 genome.dna 1802897 1803665 NC_003485.gbk
362 37.8 1155257 1156108 genome.dna 1803798 1804839 NC_003485.gbk
749 49.2 1156279 1157004 genome.dna 408966 409695 NC_003485.gbk
516 45.4 1157130 1157687 genome.dna 409723 410281 NC_003485.gbk
668 44.6 1159320 1160081 genome.dna 1694093 1693343 NC_003485.gbk
383 31.5 1160091 1160948 genome.dna 1693331 1692536 NC_003485.gbk
426 44.6 1166572 1167027 genome.dna 1503335 1502915 NC_003485.gbk
643 30.3 1169670 1173152 genome.dna 1037931 1034820 NC_003485.gbk
252 47.8 1174256 1174645 genome.dna 930158 930572 NC_003485.gbk
1841 39.6 1180703 1178139 genome.dna 1832484 1829928 NC_003485.gbk
639 34.0 1203627 1202668 genome.dna 1541892 1540869 NC_003485.gbk
489 66.1 1211683 1212024 genome.dna 1029202 1028866 NC_003485.gbk
492 38.8 1260789 1261478 genome.dna 284123 284810 NC_003485.gbk
627 31.7 1265611 1266930 genome.dna 277079 275708 NC_003485.gbk
963 45.6 1271755 1272822 genome.dna 1179036 1180065 NC_003485.gbk
1333 53.0 1272920 1274065 genome.dna 177712 178855 NC_003485.gbk
464 46.7 1278470 1278919 genome.dna 286532 287027 NC_003485.gbk
235 32.4 1280702 1281121 genome.dna 1565574 1565121 NC_003485.gbk
557 41.6 1285528 1284617 genome.dna 1249297 1248424 NC_003485.gbk
730 54.2 1301367 1301990 genome.dna 366962 367553 NC_003485.gbk
1519 58.1 1302154 1303428 genome.dna 772949 774179 NC_003485.gbk
266 46.2 1322693 1322445 genome.dna 624643 624382 NC_003485.gbk
570 51.2 1329655 1330212 genome.dna 812125 812644 NC_003485.gbk
189 33.7 1332403 1332732 genome.dna 1600925 1601225 NC_003485.gbk
443 35.7 1332732 1333337 genome.dna 1199387 1198790 NC_003485.gbk
520 40.4 1335658 1336302 genome.dna 75827 76466 NC_003485.gbk
1703 41.0 1356196 1353473 genome.dna 1435580 1433303 NC_003485.gbk
1546 47.3 1363499 1366138 genome.dna 926820 929307 NC_003485.gbk
427 36.1 1426894 1426256 genome.dna 43386 43941 NC_003485.gbk
1107 53.1 1427931 1426894 genome.dna 42196 43219 NC_003485.gbk
744 53.2 1428285 1428911 genome.dna 366109 366739 NC_003485.gbk
677 42.5 1429248 1430537 genome.dna 721855 723115 NC_003485.gbk
649 41.9 1436929 1437642 genome.dna 35970 36705 NC_003485.gbk
1412 59.4 1458435 1457257 genome.dna 130839 132024 NC_003485.gbk
758 55.5 1459094 1458447 genome.dna 1371939 1372599 NC_003485.gbk
693 49.5 1459750 1459094 genome.dna 132035 132695 NC_003485.gbk
277 38.5 1478243 1477926 genome.dna 267728 268082 NC_003485.gbk
300 34.3 1479078 1478437 genome.dna 266482 267115 NC_003485.gbk
1804 42.7 1483266 1480684 genome.dna 158324 160826 NC_003485.gbk
960 48.1 1492026 1490968 genome.dna 415623 416676 NC_003485.gbk
610 33.3 1501778 1500630 genome.dna 1420770 1419621 NC_003485.gbk
913 39.1 1528762 1530255 genome.dna 1255326 1253916 NC_003485.gbk
642 47.9 1533499 1534146 genome.dna 450140 449492 NC_003485.gbk
588 30.3 1543336 1544562 genome.dna 835339 836749 NC_003485.gbk
866 53.7 1563766 1563014 genome.dna 1202493 1201797 NC_003485.gbk
680 47.5 1599518 1600159 genome.dna 1152706 1152079 NC_003485.gbk
608 39.4 1635671 1634820 genome.dna 683725 684580 NC_003485.gbk
248 33.9 1636204 1635668 genome.dna 817669 818263 NC_003485.gbk
1318 67.7 1637078 1636206 genome.dna 816800 817670 NC_003485.gbk
883 37.1 1647128 1648552 genome.dna 1656239 1654832 NC_003485.gbk
1090 41.1 1751217 1749904 genome.dna 946992 945588 NC_003485.gbk
604 44.8 1763515 1764231 genome.dna 1015233 1014531 NC_003485.gbk
488 56.8 1860773 1860348 genome.dna 780203 780644 NC_003485.gbk
871 60.7 1990078 1989440 genome.dna 559408 560050 NC_003485.gbk
348 43.4 2009604 2010017 genome.dna 175553 176009 NC_003485.gbk
149 33.7 2010635 2010913 genome.dna 339669 339390 NC_003485.gbk
487 31.3 2029109 2030257 genome.dna 801932 802919 NC_003485.gbk
148 39.6 2040877 2041047 genome.dna 1843080 1843263 NC_003485.gbk
621 34.4 2041077 2042123 genome.dna 34607 35615 NC_003485.gbk
738 37.5 2042130 2043083 genome.dna 1509202 1508227 NC_003485.gbk
779 42.7 2043101 2044030 genome.dna 1506746 1505807 NC_003485.gbk
673 43.3 2044045 2044779 genome.dna 1505818 1505083 NC_003485.gbk
162 37.3 2044934 2045170 genome.dna 1508167 1507942 NC_003485.gbk
1120 43.4 2045253 2046494 genome.dna 1505069 1503836 NC_003485.gbk
428 40.0 2048443 2049102 genome.dna 368571 369207 NC_003485.gbk
527 32.7 2050132 2050929 genome.dna 217913 218738 NC_003485.gbk
2275 37.8 2070405 2066956 genome.dna 5203 8707 NC_003485.gbk
207 35.0 2076838 2077179 genome.dna 1314258 1313919 NC_003485.gbk
873 51.6 2077218 2077982 genome.dna 1315066 1314310 NC_003485.gbk
352 40.9 2079241 2079792 genome.dna 534127 533623 NC_003485.gbk
338 31.2 2097009 2097755 genome.dna 961702 961003 NC_003485.gbk
989 38.4 2112831 2114330 genome.dna 246067 247486 NC_003485.gbk
850 52.6 2114428 2115174 genome.dna 242224 242995 NC_003485.gbk
1217 44.4 2116495 2117718 genome.dna 244382 245609 NC_003485.gbk
1264 43.2 2121733 2120321 genome.dna 1033665 1032162 NC_003485.gbk
722 39.9 2122379 2123242 genome.dna 510513 511356 NC_003485.gbk
1860 59.2 2125493 2126887 genome.dna 513238 514663 NC_003485.gbk
421 39.6 2153926 2154558 genome.dna 1356927 1356285 NC_003485.gbk
443 30.6 2184700 2183675 genome.dna 1093906 1092886 NC_003485.gbk
290 40.8 2188157 2187750 genome.dna 453458 453080 NC_003485.gbk
1434 50.7 2192856 2194133 genome.dna 91576 90319 NC_003485.gbk
596 44.4 2216576 2217319 genome.dna 785613 786306 NC_003485.gbk
896 55.7 2218378 2219073 genome.dna 165082 165850 NC_003485.gbk
712 41.1 2237016 2237987 genome.dna 913647 912708 NC_003485.gbk
903 33.3 2338271 2339743 genome.dna 1156797 1155369 NC_003485.gbk
1280 51.8 2487322 2486231 genome.dna 3446 4562 NC_003485.gbk
379 32.4 2488039 2487452 genome.dna 4631 5201 NC_003485.gbk
1067 52.2 2489732 2488785 genome.dna 32606 33569 NC_003485.gbk
1190 50.0 2492889 2493971 genome.dna 914626 915706 NC_003485.gbk
887 52.8 2552084 2552833 genome.dna 904909 905665 NC_003485.gbk
564 42.7 2585970 2586605 genome.dna 813404 814061 NC_003485.gbk
1449 39.4 2593132 2590532 genome.dna 936640 938770 NC_003485.gbk
427 32.2 2597527 2596643 genome.dna 347334 348081 NC_003485.gbk
815 47.3 2627092 2626058 genome.dna 256084 257008 NC_003485.gbk
916 46.6 2628084 2627089 genome.dna 255021 256092 NC_003485.gbk
2328 46.5 2634501 2637176 genome.dna 58574 61217 NC_003485.gbk
587 46.0 2637907 2637311 genome.dna 914022 914592 NC_003485.gbk
781 43.5 2639766 2638855 genome.dna 1877871 1878786 NC_003485.gbk
356 33.7 2645012 2644386 genome.dna 1426731 1426125 NC_003485.gbk
1061 50.3 2654735 2655739 genome.dna 233196 234207 NC_003485.gbk
336 37.1 2668329 2668766 genome.dna 163037 163523 NC_003485.gbk
761 37.5 2697304 2698272 genome.dna 1494684 1495677 NC_003485.gbk
824 51.0 2698450 2699247 genome.dna 1495765 1496575 NC_003485.gbk
805 46.2 2699262 2700104 genome.dna 1496591 1497503 NC_003485.gbk
297 64.6 2702947 2702738 genome.dna 1784526 1784322 NC_003485.gbk
648 34.0 2704043 2704957 genome.dna 400605 401538 NC_003485.gbk
514 34.3 2704954 2705844 genome.dna 401601 402327 NC_003485.gbk
642 36.1 2706704 2707561 genome.dna 402327 403182 NC_003485.gbk
560 40.5 2712101 2712862 genome.dna 558589 559384 NC_003485.gbk
1061 48.4 2716618 2717745 genome.dna 1701852 1700718 NC_003485.gbk
1211 66.8 2724246 2725070 genome.dna 1385214 1384389 NC_003485.gbk
939 31.2 2726216 2727934 genome.dna 922149 923877 NC_003485.gbk
1445 34.3 2731236 2728849 genome.dna 665078 667484 NC_003485.gbk
720 43.7 2732234 2731251 genome.dna 663747 664869 NC_003485.gbk
475 62.4 2732903 2732547 genome.dna 702243 702603 NC_003485.gbk
177 48.3 2733144 2732947 genome.dna 701987 702185 NC_003485.gbk
548 51.2 2733782 2733240 genome.dna 701415 701946 NC_003485.gbk
1744 40.6 2735713 2733785 genome.dna 460414 462358 NC_003485.gbk
382 31.7 2741372 2740491 genome.dna 282193 283090 NC_003485.gbk
1389 56.6 2757088 2758194 genome.dna 1864948 1863808 NC_003485.gbk
1263 49.0 2765355 2764123 genome.dna 698097 699321 NC_003485.gbk
549 36.1 2767679 2768455 genome.dna 883156 883933 NC_003485.gbk
880 39.8 2768546 2769589 genome.dna 883925 884999 NC_003485.gbk
404 45.3 2777056 2776550 genome.dna 1150730 1150232 NC_003485.gbk
518 31.2 2781410 2782864 genome.dna 1005320 1004009 NC_003485.gbk
245 40.6 2806364 2806672 genome.dna 1112797 1112461 NC_003485.gbk
1275 56.8 2809298 2808294 genome.dna 54430 55495 NC_003485.gbk
344 32.2 2809923 2809306 genome.dna 1826585 1825988 NC_003485.gbk
539 39.5 2811487 2810744 genome.dna 270713 271430 NC_003485.gbk
1715 49.3 2813755 2811956 genome.dna 1840157 1838408 NC_003485.gbk
348 32.5 2833872 2833114 genome.dna 373049 372419 NC_003485.gbk
683 33.9 2835515 2837245 genome.dna 1833547 1835239 NC_003485.gbk
456 31.6 2839971 2839006 genome.dna 1816426 1815490 NC_003485.gbk
1105 33.2 2854450 2852540 genome.dna 756201 758079 NC_003485.gbk
703 35.5 2864092 2865492 genome.dna 573383 574730 NC_003485.gbk
894 32.1 2887241 2885457 genome.dna 194821 196606 NC_003485.gbk
307 37.7 2900715 2899810 genome.dna 944743 943858 NC_003485.gbk
1763 55.4 2902776 2901247 genome.dna 950686 952219 NC_003485.gbk
1025 56.6 2903705 2902830 genome.dna 949796 950684 NC_003485.gbk
262 42.3 2903995 2903705 genome.dna 949500 949809 NC_003485.gbk
620 33.3 2905083 2904019 genome.dna 955361 954308 NC_003485.gbk
510 42.0 2926492 2925815 genome.dna 700573 701254 NC_003485.gbk
532 31.1 2928002 2926713 genome.dna 1136483 1135199 NC_003485.gbk
1588 43.1 2932697 2934979 genome.dna 1587432 1589760 NC_003485.gbk
789 45.9 2966712 2967509 genome.dna 356046 356910 NC_003485.gbk
1479 53.9 2975613 2974318 genome.dna 1498367 1499645 NC_003485.gbk
886 37.1 2977060 2975717 genome.dna 1722179 1723448 NC_003485.gbk
709 38.0 2982496 2983455 genome.dna 1389307 1388389 NC_003485.gbk
335 67.1 2988043 2988261 genome.dna 76583 76802 NC_003485.gbk
515 32.0 3010809 3009844 genome.dna 882365 883160 NC_003485.gbk
551 40.9 3019705 3020373 genome.dna 1605479 1604807 NC_003485.gbk
413 40.6 3046334 3045672 genome.dna 877888 878473 NC_003485.gbk
742 42.9 3068393 3066702 genome.dna 747264 749211 NC_003485.gbk
456 32.7 3069350 3068412 genome.dna 746356 747268 NC_003485.gbk
356 31.7 3072423 3072995 genome.dna 1566559 1566001 NC_003485.gbk
470 37.8 3084419 3083724 genome.dna 1126531 1125799 NC_003485.gbk
834 46.1 3148240 3147401 genome.dna 362530 361747 NC_003485.gbk
632 35.6 3149284 3148253 genome.dna 359751 358749 NC_003485.gbk
685 36.7 3150266 3149277 genome.dna 360800 359747 NC_003485.gbk
498 38.5 3154559 3153852 genome.dna 341220 341910 NC_003485.gbk
461 30.3 3157972 3158883 genome.dna 576030 577008 NC_003485.gbk
2437 56.1 3161386 3159374 genome.dna 1107057 1105065 NC_003485.gbk
346 37.3 3228583 3228035 genome.dna 1871176 1870633 NC_003485.gbk
686 34.3 3230474 3228642 genome.dna 864694 866491 NC_003485.gbk
1250 42.3 3233243 3234655 genome.dna 1388221 1386841 NC_003485.gbk
646 34.2 3265816 3266967 genome.dna 980874 979674 NC_003485.gbk
496 32.3 3311103 3310240 genome.dna 1729341 1730163 NC_003485.gbk
1063 36.0 3364676 3363084 genome.dna 830937 832845 NC_003485.gbk
1754 47.4 3368339 3370030 genome.dna 1808736 1807107 NC_003485.gbk
1718 61.1 3389494 3390708 genome.dna 1526076 1524861 NC_003485.gbk
958 42.0 3395711 3396913 genome.dna 106877 108074 NC_003485.gbk
669 39.3 3409858 3408341 genome.dna 40714 42169 NC_003485.gbk
735 44.4 3413548 3412631 genome.dna 1501511 1500644 NC_003485.gbk
499 33.8 3415469 3414618 genome.dna 1632751 1632001 NC_003485.gbk
240 36.6 3427528 3426443 genome.dna 707151 708318 NC_003485.gbk
1161 44.8 3514279 3513113 genome.dna 491168 492326 NC_003485.gbk
885 49.1 3516455 3517318 genome.dna 1251837 1250982 NC_003485.gbk
1133 44.3 3519048 3517663 genome.dna 1672180 1670836 NC_003485.gbk
919 52.0 3527868 3527053 genome.dna 1001166 1000362 NC_003485.gbk
788 33.3 3548305 3549609 genome.dna 1095670 1097032 NC_003485.gbk
663 38.8 3549622 3550470 genome.dna 1097031 1097868 NC_003485.gbk
644 32.8 3573115 3574479 genome.dna 524500 525787 NC_003485.gbk
1792 51.9 3590632 3589055 genome.dna 963384 964947 NC_003485.gbk
1769 56.7 3592205 3590739 genome.dna 1883218 1881736 NC_003485.gbk
934 36.3 3592378 3593766 genome.dna 1250830 1249489 NC_003485.gbk
439 36.8 3599984 3598497 genome.dna 289151 290462 NC_003485.gbk
1159 41.6 3603229 3601955 genome.dna 1841775 1840494 NC_003485.gbk
743 36.4 3607701 3606505 genome.dna 1280791 1279711 NC_003485.gbk
182 33.1 3619938 3619552 genome.dna 245595 246075 NC_003485.gbk
783 39.0 3621177 3619963 genome.dna 899617 898489 NC_003485.gbk
1515 57.9 3635387 3634134 genome.dna 917578 918835 NC_003485.gbk
433 42.2 3651787 3651263 genome.dna 180844 181324 NC_003485.gbk
835 44.7 3682691 3681786 genome.dna 418460 419357 NC_003485.gbk
469 38.4 3683368 3682688 genome.dna 478240 478933 NC_003485.gbk
736 51.6 3694571 3695257 genome.dna 790436 791090 NC_003485.gbk
412 36.2 3698228 3696813 genome.dna 201196 202642 NC_003485.gbk
637 41.5 3711890 3712588 genome.dna 398524 399220 NC_003485.gbk
392 41.9 3732230 3732727 genome.dna 879644 880145 NC_003485.gbk
538 34.2 3736813 3735875 genome.dna 643349 644273 NC_003485.gbk
547 43.0 3738313 3737777 genome.dna 12207 12750 NC_003485.gbk
194 35.7 3744803 3745042 genome.dna 1159375 1159594 NC_003485.gbk
2578 55.0 3745456 3747603 genome.dna 386911 389092 NC_003485.gbk
1123 49.5 3747628 3748590 genome.dna 385439 386453 NC_003485.gbk
1044 45.3 3762599 3760023 genome.dna 1257549 1259832 NC_003485.gbk
672 43.3 3764478 3763501 genome.dna 720032 720923 NC_003485.gbk
411 53.6 3773009 3772662 genome.dna 628371 628719 NC_003485.gbk
734 45.2 3773827 3773072 genome.dna 741495 742215 NC_003485.gbk
233 48.7 3774681 3774433 genome.dna 734160 734433 NC_003485.gbk
1416 46.0 3776200 3774839 genome.dna 960559 958996 NC_003485.gbk
1877 42.7 3784972 3782345 genome.dna 1170371 1167752 NC_003485.gbk
1346 60.7 3786717 3785644 genome.dna 1823990 1822853 NC_003485.gbk
1193 46.0 3882715 3881462 genome.dna 1399274 1398023 NC_003485.gbk
770 38.1 3889382 3888324 genome.dna 1587223 1586128 NC_003485.gbk
1244 50.0 3921930 3923132 genome.dna 169654 170851 NC_003485.gbk
995 46.0 3952362 3953393 genome.dna 273897 274962 NC_003485.gbk
557 42.7 3953386 3954039 genome.dna 274962 275655 NC_003485.gbk
522 33.4 3954101 3954916 genome.dna 272802 273648 NC_003485.gbk
788 42.2 3956293 3958011 genome.dna 1691007 1689150 NC_003485.gbk
986 62.3 3966155 3966877 genome.dna 1109424 1110165 NC_003485.gbk
1577 57.2 4001743 4000448 genome.dna 636159 637467 NC_003485.gbk
1849 54.1 4003479 4001842 genome.dna 1626651 1625046 NC_003485.gbk
1598 37.0 4007080 4004843 genome.dna 1707435 1705215 NC_003485.gbk
393 33.8 4012636 4011491 genome.dna 1640282 1639280 NC_003485.gbk
1446 42.3 4027241 4025196 genome.dna 650799 652758 NC_003485.gbk
550 36.0 4036522 4035704 genome.dna 239180 240020 NC_003485.gbk
278 33.0 4037132 4037767 genome.dna 793216 792574 NC_003485.gbk
228 49.3 4060248 4060021 genome.dna 1573474 1573234 NC_003485.gbk
511 35.7 4068636 4067902 genome.dna 1669391 1668644 NC_003485.gbk
1284 32.3 4071195 4068739 genome.dna 445849 448183 NC_003485.gbk
371 30.7 4076900 4077613 genome.dna 1267266 1266594 NC_003485.gbk
619 30.3 4080027 4081166 genome.dna 849541 850672 NC_003485.gbk
696 30.4 4097614 4096277 genome.dna 1111841 1110461 NC_003485.gbk
1153 41.9 4114440 4115846 genome.dna 300206 301547 NC_003485.gbk
551 32.9 4115888 4116970 genome.dna 1550884 1549783 NC_003485.gbk
3502 56.0 4139901 4137067 genome.dna 1571168 1568339 NC_003485.gbk
228 34.4 4140147 4140710 genome.dna 1574130 1573638 NC_003485.gbk
410 35.9 4196148 4196876 genome.dna 88313 89033 NC_003485.gbk
309 32.1 4207998 4208687 genome.dna 392707 393406 NC_003485.gbk
1060 34.8 4209249 4211753 genome.dna 1763344 1760926 NC_003485.gbk
419 32.8 4211839 4212789 genome.dna 1767681 1768455 NC_003485.gbk
175 32.3 4215997 4216284 genome.dna 162636 162915 NC_003485.gbk
1406 48.7 4216300 4217559 genome.dna 1678784 1677404 NC_003485.gbk
470 37.7 4217612 4218277 genome.dna 1760914 1760245 NC_003485.gbk
637 40.0 4244964 4245854 genome.dna 1123122 1122249 NC_003485.gbk
539 33.5 4250428 4249388 genome.dna 909492 910476 NC_003485.gbk
338 34.6 4250722 4251348 genome.dna 441730 442324 NC_003485.gbk
850 45.3 4255592 4252890 genome.dna 1553872 1551352 NC_003485.gbk
1097 50.4 4258960 4257809 genome.dna 1268588 1267268 NC_003485.gbk
660 31.9 4260285 4259029 genome.dna 1269976 1268611 NC_003485.gbk
529 34.2 4262088 4261168 genome.dna 1198690 1197643 NC_003485.gbk
468 31.7 4265910 4264708 genome.dna 539045 540320 NC_003485.gbk
350 36.1 4268312 4267230 genome.dna 1393950 1392939 NC_003485.gbk
560 30.5 4269667 4268306 genome.dna 1197445 1196053 NC_003485.gbk
268 30.6 4271151 4269664 genome.dna 364221 362775 NC_003485.gbk
795 42.5 4274186 4273242 genome.dna 1397552 1396538 NC_003485.gbk
467 32.7 4319027 4319845 genome.dna 219413 220286 NC_003485.gbk
2847 49.3 4330684 4327460 genome.dna 725440 728659 NC_003485.gbk
686 43.9 4331847 4330699 genome.dna 724154 725237 NC_003485.gbk
281 38.5 4335368 4334856 genome.dna 719584 720043 NC_003485.gbk
2358 40.3 4338181 4335368 genome.dna 1263833 1261031 NC_003485.gbk
466 31.7 4339154 4338213 genome.dna 1007760 1006827 NC_003485.gbk
171 41.0 4339580 4339843 genome.dna 993447 993681 NC_003485.gbk
1196 49.1 4343498 4342359 genome.dna 1511862 1510725 NC_003485.gbk
1899 56.1 4345514 4343607 genome.dna 1513969 1512142 NC_003485.gbk
492 41.1 4373604 4372945 genome.dna 778213 778897 NC_003485.gbk
699 42.2 4379941 4378778 genome.dna 1617571 1616374 NC_003485.gbk
1125 59.2 4388480 4389631 genome.dna 1144231 1143034 NC_003485.gbk
228 30.8 4393907 4394326 genome.dna 1821786 1821366 NC_003485.gbk
1374 48.2 4398393 4397095 genome.dna 147744 149037 NC_003485.gbk
862 41.6 4402445 4401165 genome.dna 806194 807433 NC_003485.gbk
351 34.2 4403893 4402952 genome.dna 805222 806122 NC_003485.gbk
829 32.2 4405841 4403886 genome.dna 1829800 1827817 NC_003485.gbk
255 37.4 4408042 4407560 genome.dna 1449891 1449429 NC_003485.gbk
505 30.5 4409761 4410900 genome.dna 563360 564485 NC_003485.gbk
1666 51.3 4413004 4411424 genome.dna 1786092 1787625 NC_003485.gbk
830 62.0 4413698 4413135 genome.dna 1785511 1786072 NC_003485.gbk
347 34.3 4435653 4436702 genome.dna 220708 221581 NC_003485.gbk
690 37.8 4482986 4483933 genome.dna 1363656 1362720 NC_003485.gbk
634 32.0 4484001 4485290 genome.dna 1362731 1361408 NC_003485.gbk
220 38.2 4486815 4487225 genome.dna 679951 679588 NC_003485.gbk
170 46.8 4488068 4487676 genome.dna 78726 79113 NC_003485.gbk
868 46.6 4489098 4488109 genome.dna 77773 78712 NC_003485.gbk
566 46.4 4489744 4489124 genome.dna 1855762 1855150 NC_003485.gbk
578 67.4 4490164 4489775 genome.dna 77344 77728 NC_003485.gbk
442 58.6 4490537 4490181 genome.dna 76961 77327 NC_003485.gbk
187 65.8 4490800 4490684 genome.dna 76827 76944 NC_003485.gbk
1025 37.7 4492165 4490834 genome.dna 74373 75678 NC_003485.gbk
397 45.6 4492607 4492173 genome.dna 73916 74357 NC_003485.gbk
180 49.1 4492790 4492611 genome.dna 73519 73702 NC_003485.gbk
575 54.8 4493297 4492797 genome.dna 73010 73505 NC_003485.gbk
302 47.0 4493665 4493312 genome.dna 72635 72992 NC_003485.gbk
489 45.1 4494208 4493675 genome.dna 71994 72531 NC_003485.gbk
433 48.1 4494614 4494222 genome.dna 71393 71792 NC_003485.gbk
237 43.6 4494953 4494648 genome.dna 1608729 1608999 NC_003485.gbk
763 61.6 4495506 4494967 genome.dna 70499 71042 NC_003485.gbk
278 47.0 4495835 4495521 genome.dna 70170 70476 NC_003485.gbk
522 64.2 4496217 4495846 genome.dna 69723 70092 NC_003485.gbk
272 54.4 4496635 4496381 genome.dna 69438 69699 NC_003485.gbk
140 47.3 4496826 4496635 genome.dna 69206 69413 NC_003485.gbk
472 54.5 4497236 4496826 genome.dna 68783 69197 NC_003485.gbk
815 58.2 4497950 4497249 genome.dna 68126 68780 NC_003485.gbk
343 56.0 4498300 4497968 genome.dna 67769 68114 NC_003485.gbk
441 67.4 4498593 4498315 genome.dna 67475 67754 NC_003485.gbk
1061 56.5 4499431 4498610 genome.dna 66503 67337 NC_003485.gbk
147 40.2 4499751 4499449 genome.dna 66189 66486 NC_003485.gbk
515 42.0 4500353 4499748 genome.dna 65566 66190 NC_003485.gbk
618 52.7 4500993 4500364 genome.dna 64916 65543 NC_003485.gbk
426 60.8 4501337 4501026 genome.dna 64360 64669 NC_003485.gbk
2404 60.3 4505956 4503842 genome.dna 230771 232850 NC_003485.gbk
605 53.2 4506523 4506053 genome.dna 229933 230404 NC_003485.gbk
510 69.9 4506994 4506620 genome.dna 229499 229913 NC_003485.gbk
488 44.2 4531820 4531245 genome.dna 1721580 1722147 NC_003485.gbk
507 31.3 4557783 4556779 genome.dna 1884548 1883525 NC_003485.gbk
594 42.3 4559154 4558477 genome.dna 221590 222253 NC_003485.gbk
626 33.9 4562421 4561336 genome.dna 1312104 1313178 NC_003485.gbk
229 32.1 4562994 4562473 genome.dna 1135207 1134715 NC_003485.gbk
1318 44.1 4597892 4600225 genome.dna 517015 519148 NC_003485.gbk
326 30.2 4622349 4623851 genome.dna 1411469 1409630 NC_003485.gbk
1003 39.2 4632742 4630295 genome.dna 1091243 1088978 NC_003485.gbk
714 30.8 4656105 4657454 genome.dna 394773 396111 NC_003485.gbk
1653 38.5 4672431 4670269 genome.dna 1021908 1019589 NC_003485.gbk
391 33.3 4688923 4688132 genome.dna 788761 789625 NC_003485.gbk
777 31.7 4690836 4689472 genome.dna 51932 53225 NC_003485.gbk
718 45.1 4702353 4701286 genome.dna 818506 819547 NC_003485.gbk
310 44.0 4709479 4709153 genome.dna 1577360 1577045 NC_003485.gbk
403 30.2 4730969 4730043 genome.dna 797972 798995 NC_003485.gbk
867 38.4 4766891 4765731 genome.dna 156976 158116 NC_003485.gbk
1278 34.0 4770998 4773196 genome.dna 1366102 1363717 NC_003485.gbk
537 30.2 4773468 4774511 genome.dna 456527 457529 NC_003485.gbk
255 32.6 4780345 4781184 genome.dna 1594104 1593156 NC_003485.gbk
1945 56.1 4781238 4782749 genome.dna 1413011 1411484 NC_003485.gbk
659 42.7 4786326 4787093 genome.dna 542110 542869 NC_003485.gbk
1032 53.6 4825789 4824827 genome.dna 1034741 1033727 NC_003485.gbk
552 38.9 4829201 4829899 genome.dna 474929 475640 NC_003485.gbk
360 41.4 4834867 4834403 genome.dna 349604 350153 NC_003485.gbk
649 45.0 4867996 4867325 genome.dna 565670 566363 NC_003485.gbk
909 37.2 4869411 4868002 genome.dna 507214 508765 NC_003485.gbk
312 33.7 4869761 4870336 genome.dna 1285298 1284758 NC_003485.gbk
1280 32.4 4924099 4922195 genome.dna 511357 513220 NC_003485.gbk
1508 52.4 4932696 4934039 genome.dna 887401 888733 NC_003485.gbk
425 33.3 4936111 4935389 genome.dna 885719 885053 NC_003485.gbk
1801 53.9 4946843 4945446 genome.dna 1117737 1116336 NC_003485.gbk
1801 53.9 4946843 4945446 genome.dna 1117737 1116336 NC_003485.gbk
285 48.0 4948499 4948188 genome.dna 1113111 1112799 NC_003485.gbk
348 33.5 4956801 4956184 genome.dna 561084 561720 NC_003485.gbk
348 33.5 4956801 4956184 genome.dna 561084 561720 NC_003485.gbk
796 45.9 4969043 4968228 genome.dna 546225 545415 NC_003485.gbk
241 39.8 4974776 4974429 genome.dna 1658329 1658011 NC_003485.gbk
199 69.8 4985770 4985910 genome.dna 209338 209473 NC_003485.gbk
839 34.1 4988276 4989640 genome.dna 870255 868878 NC_003485.gbk
516 39.7 5010680 5009268 genome.dna 1451505 1450044 NC_003485.gbk
371 31.0 5017538 5016804 genome.dna 999524 998870 NC_003485.gbk
391 32.6 5019301 5018414 genome.dna 1002069 1001181 NC_003485.gbk
870 38.2 5026700 5027902 genome.dna 572169 573363 NC_003485.gbk
1370 37.5 5049054 5047222 genome.dna 1031212 1029397 NC_003485.gbk
1123 41.8 5050610 5049240 genome.dna 396283 397666 NC_003485.gbk
222 31.3 5053946 5053527 genome.dna 660176 660593 NC_003485.gbk
1979 65.7 5055348 5053966 genome.dna 658757 660164 NC_003485.gbk
576 34.8 5056259 5055396 genome.dna 657720 658596 NC_003485.gbk
1169 54.1 5057853 5056312 genome.dna 656196 657705 NC_003485.gbk
239 31.2 5060037 5059237 genome.dna 654416 655133 NC_003485.gbk
312 31.4 5061686 5061066 genome.dna 281440 280726 NC_003485.gbk
2049 49.2 5063659 5061770 genome.dna 1862590 1860691 NC_003485.gbk
