893 41.8 933233 934465 genome.dna 93108 91779 NC_003240.gbk
480 35.2 1260789 1261478 genome.dna 78985 78289 NC_003240.gbk
1752 41.6 1356196 1353473 genome.dna 133963 136225 NC_003240.gbk
217 31.2 1356312 1356722 genome.dna 137257 137671 NC_003240.gbk
629 34.9 1561588 1560626 genome.dna 101118 100203 NC_003240.gbk
1394 30.9 1567041 1563904 genome.dna 111278 108101 NC_003240.gbk
327 31.3 3043567 3044349 genome.dna 107490 106803 NC_003240.gbk
462 30.1 3918901 3920391 genome.dna 19647 18123 NC_003240.gbk
406 33.5 4579442 4578723 genome.dna 97734 96996 NC_003240.gbk
553 33.6 4584899 4583883 genome.dna 79846 80941 NC_003240.gbk
1388 35.9 4872230 4874593 genome.dna 114463 117103 NC_003240.gbk
504 31.6 93925 92960 genome.dna 99374 98375 NC_003267.gbk
404 30.3 3064304 3063432 genome.dna 98303 97400 NC_003267.gbk
555 42.3 3111014 3111736 genome.dna 101965 101176 NC_003267.gbk
306 41.2 3195210 3194782 genome.dna 27958 27550 NC_003267.gbk
457 35.9 3996022 3996702 genome.dna 78806 79529 NC_003267.gbk
378 33.0 2306210 2305560 genome.dna 14100 14772 NC_003270.gbk
1041 36.7 10948 12453 genome.dna 6406188 6407664 NC_003272.gbk
697 39.9 14538 15464 genome.dna 2144085 2143161 NC_003272.gbk
289 30.0 23264 22674 genome.dna 1117918 1117294 NC_003272.gbk
1093 38.0 25826 28615 genome.dna 1487121 1490055 NC_003272.gbk
1401 46.9 30749 32122 genome.dna 3785365 3786748 NC_003272.gbk
1763 55.3 36667 35258 genome.dna 2807482 2808907 NC_003272.gbk
2040 53.5 37037 38860 genome.dna 4986271 4984480 NC_003272.gbk
1450 40.8 47188 45107 genome.dna 5707308 5704839 NC_003272.gbk
558 51.4 50956 50333 genome.dna 109371 109971 NC_003272.gbk
641 31.6 62838 64181 genome.dna 5104414 5105728 NC_003272.gbk
1462 43.7 70479 68437 genome.dna 1014603 1016712 NC_003272.gbk
683 42.1 77642 78994 genome.dna 5931473 5930093 NC_003272.gbk
1282 62.4 98527 99441 genome.dna 2375416 2374531 NC_003272.gbk
1282 35.8 99451 101520 genome.dna 4952979 4955130 NC_003272.gbk
483 38.2 140268 141428 genome.dna 181122 180024 NC_003272.gbk
106 34.3 145197 144970 genome.dna 4186152 4186404 NC_003272.gbk
380 33.0 153705 152758 genome.dna 4730942 4729985 NC_003272.gbk
638 36.1 156579 155680 genome.dna 5976945 5976126 NC_003272.gbk
794 53.6 162282 162998 genome.dna 73289 74033 NC_003272.gbk
909 40.4 166824 165547 genome.dna 3763559 3762326 NC_003272.gbk
386 36.1 166978 167643 genome.dna 2834048 2834780 NC_003272.gbk
144 35.8 167881 168117 genome.dna 3142896 3142659 NC_003272.gbk
481 38.0 168516 169325 genome.dna 5172790 5173642 NC_003272.gbk
516 33.0 192775 193791 genome.dna 2023772 2022848 NC_003272.gbk
1043 57.7 207484 206657 genome.dna 1617724 1618582 NC_003272.gbk
809 34.4 212248 209609 genome.dna 5791249 5788300 NC_003272.gbk
546 37.6 217784 218788 genome.dna 4261775 4262834 NC_003272.gbk
463 36.2 218826 219599 genome.dna 1479484 1480378 NC_003272.gbk
1349 47.4 219661 221034 genome.dna 4687821 4689207 NC_003272.gbk
444 31.7 222967 223722 genome.dna 6267098 6267788 NC_003272.gbk
408 32.1 226939 227694 genome.dna 2952004 2951209 NC_003272.gbk
1251 57.8 228573 229595 genome.dna 5633512 5632501 NC_003272.gbk
1526 45.7 230345 231841 genome.dna 1296651 1298160 NC_003272.gbk
964 71.6 250357 251541 genome.dna 5191670 5190440 NC_003272.gbk
359 42.9 252164 252709 genome.dna 6321065 6321698 NC_003272.gbk
583 62.0 252872 253300 genome.dna 6321705 6322131 NC_003272.gbk
659 44.9 253304 254008 genome.dna 6322259 6322976 NC_003272.gbk
309 53.1 254890 255255 genome.dna 6323911 6324304 NC_003272.gbk
1428 44.4 255584 259612 genome.dna 1867057 1870453 NC_003272.gbk
902 39.1 275283 276347 genome.dna 4712913 4711860 NC_003272.gbk
1321 48.2 280242 278956 genome.dna 4230075 4231353 NC_003272.gbk
603 47.3 281849 280260 genome.dna 3746580 3745059 NC_003272.gbk
1104 68.8 288581 287820 genome.dna 5013792 5014539 NC_003272.gbk
782 39.4 289684 288590 genome.dna 5012631 5013777 NC_003272.gbk
998 42.3 291953 290928 genome.dna 5010490 5011600 NC_003272.gbk
489 64.3 294410 294012 genome.dna 3110332 3110728 NC_003272.gbk
694 36.7 301263 300298 genome.dna 1449282 1448229 NC_003272.gbk
663 42.1 302355 301621 genome.dna 3567090 3566295 NC_003272.gbk
258 34.7 303420 302533 genome.dna 2261254 2262175 NC_003272.gbk
1673 56.9 306633 305290 genome.dna 1092758 1094102 NC_003272.gbk
343 36.0 307112 306645 genome.dna 6030675 6030126 NC_003272.gbk
484 56.4 307589 307137 genome.dna 3379825 3380269 NC_003272.gbk
1161 54.8 313270 314313 genome.dna 91148 90104 NC_003272.gbk
781 33.3 321945 323390 genome.dna 6231307 6229834 NC_003272.gbk
816 52.5 338215 337490 genome.dna 4895974 4896703 NC_003272.gbk
430 31.2 343211 343993 genome.dna 4834563 4835355 NC_003272.gbk
1281 50.0 345980 347242 genome.dna 184643 183299 NC_003272.gbk
579 60.3 352201 352629 genome.dna 5036969 5036513 NC_003272.gbk
386 43.7 352645 353037 genome.dna 5036514 5036097 NC_003272.gbk
1972 44.9 361542 357046 genome.dna 5199606 5204286 NC_003272.gbk
814 53.9 372605 373492 genome.dna 5581502 5580644 NC_003272.gbk
160 30.5 374452 374739 genome.dna 5456943 5456679 NC_003272.gbk
626 39.8 380920 381747 genome.dna 6370768 6371569 NC_003272.gbk
1284 35.7 392535 394805 genome.dna 988975 986356 NC_003272.gbk
1538 61.5 400586 399423 genome.dna 5461490 5462645 NC_003272.gbk
433 32.1 417112 416177 genome.dna 609200 610178 NC_003272.gbk
651 39.4 435364 434357 genome.dna 5853241 5854162 NC_003272.gbk
253 32.7 436647 436144 genome.dna 3563808 3564291 NC_003272.gbk
1257 44.0 460910 458055 genome.dna 1565723 1562678 NC_003272.gbk
814 35.1 463248 461737 genome.dna 254247 255723 NC_003272.gbk
1343 46.7 485144 483705 genome.dna 4496746 4498162 NC_003272.gbk
262 45.7 509102 508848 genome.dna 181595 181349 NC_003272.gbk
1165 38.9 511134 509425 genome.dna 1813805 1815458 NC_003272.gbk
1179 50.7 518034 519071 genome.dna 1399656 1398585 NC_003272.gbk
713 32.4 522787 521576 genome.dna 5127851 5126591 NC_003272.gbk
1255 44.4 525365 524040 genome.dna 285639 284328 NC_003272.gbk
867 41.6 530287 528905 genome.dna 4621553 4623077 NC_003272.gbk
1558 51.4 533382 534971 genome.dna 5249690 5248067 NC_003272.gbk
807 41.6 537938 539215 genome.dna 442367 441158 NC_003272.gbk
363 41.7 566365 566808 genome.dna 2668741 2668285 NC_003272.gbk
714 55.8 567396 568499 genome.dna 2667133 2665885 NC_003272.gbk
1429 72.9 568499 569425 genome.dna 2663396 2662529 NC_003272.gbk
1051 64.7 569422 570210 genome.dna 2662316 2661542 NC_003272.gbk
805 51.6 570232 570948 genome.dna 2661419 2660693 NC_003272.gbk
1036 44.0 570938 572074 genome.dna 2660521 2659384 NC_003272.gbk
585 31.0 584157 585260 genome.dna 3704627 3705854 NC_003272.gbk
165 31.6 644961 644602 genome.dna 5868405 5868753 NC_003272.gbk
236 43.0 697176 697469 genome.dna 4418761 4419073 NC_003272.gbk
2070 60.5 697515 699164 genome.dna 2265566 2267249 NC_003272.gbk
606 35.1 699974 700837 genome.dna 4282782 4283655 NC_003272.gbk
329 35.4 704061 704669 genome.dna 5854308 5854914 NC_003272.gbk
219 34.2 709289 708894 genome.dna 3694524 3694113 NC_003272.gbk
191 50.0 755400 755185 genome.dna 2338272 2338449 NC_003272.gbk
829 44.7 755628 756641 genome.dna 111954 112995 NC_003272.gbk
630 36.4 761351 760380 genome.dna 101710 102682 NC_003272.gbk
412 78.0 761939 762196 genome.dna 152014 151735 NC_003272.gbk
690 37.5 762286 763248 genome.dna 1799943 1800861 NC_003272.gbk
1091 50.3 763509 764681 genome.dna 4515105 4516134 NC_003272.gbk
2039 52.6 768185 770122 genome.dna 1495625 1497467 NC_003272.gbk
765 46.1 770241 771074 genome.dna 5258158 5259022 NC_003272.gbk
986 41.0 771082 772419 genome.dna 2268928 2270413 NC_003272.gbk
212 35.5 777307 777729 genome.dna 4627556 4628018 NC_003272.gbk
609 32.9 777751 779280 genome.dna 4628176 4629454 NC_003272.gbk
1836 40.4 779306 782008 genome.dna 4630361 4633481 NC_003272.gbk
231 31.2 782083 782481 genome.dna 68533 68935 NC_003272.gbk
500 33.8 782481 783425 genome.dna 1803557 1804439 NC_003272.gbk
273 44.3 783547 783816 genome.dna 871692 871422 NC_003272.gbk
1403 48.4 784066 786186 genome.dna 5271368 5269211 NC_003272.gbk
238 31.4 793333 793875 genome.dna 1567875 1567353 NC_003272.gbk
223 31.5 803045 802602 genome.dna 3641340 3641889 NC_003272.gbk
549 36.0 805628 804636 genome.dna 2461340 2462300 NC_003272.gbk
1140 36.7 809514 811193 genome.dna 4287068 4285424 NC_003272.gbk
840 41.0 812975 814090 genome.dna 5512113 5510982 NC_003272.gbk
355 42.3 814149 814541 genome.dna 5510793 5510400 NC_003272.gbk
3741 58.3 814656 817529 genome.dna 5510128 5507176 NC_003272.gbk
539 32.9 819141 820013 genome.dna 859611 860538 NC_003272.gbk
553 48.8 835228 834710 genome.dna 2886063 2886576 NC_003272.gbk
1520 47.9 844582 846099 genome.dna 4900952 4899266 NC_003272.gbk
422 31.4 912721 911924 genome.dna 2393999 2394815 NC_003272.gbk
467 45.2 918246 918758 genome.dna 5099530 5100025 NC_003272.gbk
447 47.1 927840 927358 genome.dna 6041822 6042290 NC_003272.gbk
867 31.5 931102 929441 genome.dna 5918640 5920389 NC_003272.gbk
442 30.4 932060 931182 genome.dna 5665216 5664298 NC_003272.gbk
163 40.4 934700 934497 genome.dna 804489 804705 NC_003272.gbk
1027 47.8 941591 942676 genome.dna 2190716 2189615 NC_003272.gbk
465 36.2 960958 961737 genome.dna 5257380 5258106 NC_003272.gbk
516 55.4 970301 969369 genome.dna 753272 752318 NC_003272.gbk
1116 58.6 997695 996727 genome.dna 3028220 3027260 NC_003272.gbk
251 33.6 1039117 1038716 genome.dna 6020401 6019996 NC_003272.gbk
203 33.1 1067553 1068080 genome.dna 5354528 5355020 NC_003272.gbk
974 38.5 1125945 1124593 genome.dna 5887753 5888971 NC_003272.gbk
256 35.7 1138546 1138941 genome.dna 3870364 3870745 NC_003272.gbk
895 55.2 1154052 1153258 genome.dna 4994191 4994962 NC_003272.gbk
781 49.1 1154397 1155122 genome.dna 5710497 5709699 NC_003272.gbk
337 41.6 1155257 1156108 genome.dna 5709381 5708439 NC_003272.gbk
793 49.8 1156279 1157004 genome.dna 1422292 1423021 NC_003272.gbk
561 48.0 1157130 1157687 genome.dna 1423007 1423556 NC_003272.gbk
707 44.4 1157925 1159121 genome.dna 5214904 5216104 NC_003272.gbk
784 47.7 1159320 1160081 genome.dna 4140553 4139776 NC_003272.gbk
379 33.6 1160091 1160948 genome.dna 4676152 4675267 NC_003272.gbk
637 32.4 1165447 1166469 genome.dna 3724430 3725480 NC_003272.gbk
463 50.7 1166572 1167027 genome.dna 2734819 2735335 NC_003272.gbk
614 41.6 1167032 1167820 genome.dna 2735643 2736402 NC_003272.gbk
487 47.3 1168997 1169593 genome.dna 5186374 5187052 NC_003272.gbk
1081 51.8 1173165 1174124 genome.dna 6305302 6306283 NC_003272.gbk
494 56.7 1174256 1174645 genome.dna 5355344 5355731 NC_003272.gbk
350 37.3 1250102 1250623 genome.dna 1478703 1479249 NC_003272.gbk
639 46.6 1260789 1261478 genome.dna 5393749 5392987 NC_003272.gbk
634 49.2 1270601 1269999 genome.dna 5544704 5545316 NC_003272.gbk
732 44.1 1271755 1272822 genome.dna 2159067 2160261 NC_003272.gbk
1102 49.7 1272920 1274065 genome.dna 2251282 2252302 NC_003272.gbk
450 31.6 1276393 1277361 genome.dna 122154 121176 NC_003272.gbk
738 40.8 1278982 1280091 genome.dna 87421 86230 NC_003272.gbk
422 42.0 1280201 1280677 genome.dna 4811760 4812333 NC_003272.gbk
354 37.3 1281190 1282170 genome.dna 6033465 6034464 NC_003272.gbk
1790 45.3 1284598 1282733 genome.dna 696195 698103 NC_003272.gbk
670 44.5 1285528 1284617 genome.dna 229782 230712 NC_003272.gbk
391 41.2 1289161 1289652 genome.dna 5563028 5562536 NC_003272.gbk
595 36.3 1292157 1291267 genome.dna 1102688 1101731 NC_003272.gbk
390 34.7 1293119 1292505 genome.dna 3024036 3024630 NC_003272.gbk
883 68.3 1301367 1301990 genome.dna 1470239 1470854 NC_003272.gbk
1415 58.8 1302154 1303428 genome.dna 4443982 4445320 NC_003272.gbk
286 46.1 1306200 1306472 genome.dna 4752953 4753238 NC_003272.gbk
471 37.9 1310544 1309849 genome.dna 6066868 6067558 NC_003272.gbk
1054 31.8 1312639 1314408 genome.dna 5619759 5621511 NC_003272.gbk
556 30.8 1316909 1318201 genome.dna 1156506 1158003 NC_003272.gbk
2801 43.2 1326027 1322899 genome.dna 3805352 3802178 NC_003272.gbk
539 48.8 1329655 1330212 genome.dna 5479175 5479694 NC_003272.gbk
280 40.2 1332403 1332732 genome.dna 6039496 6039844 NC_003272.gbk
365 36.9 1335658 1336302 genome.dna 5041753 5041198 NC_003272.gbk
505 31.4 1336525 1337487 genome.dna 4528363 4529530 NC_003272.gbk
748 40.9 1348853 1349839 genome.dna 2105982 2105010 NC_003272.gbk
308 37.8 1352428 1351949 genome.dna 764045 763574 NC_003272.gbk
1773 42.1 1356196 1353473 genome.dna 1922148 1924410 NC_003272.gbk
213 31.5 1356312 1356722 genome.dna 1925124 1925535 NC_003272.gbk
690 39.9 1358126 1357212 genome.dna 2969813 2970782 NC_003272.gbk
1460 38.5 1363499 1366138 genome.dna 524256 521748 NC_003272.gbk
439 35.6 1374601 1375371 genome.dna 4831006 4831777 NC_003272.gbk
505 31.7 1379359 1381041 genome.dna 356415 358179 NC_003272.gbk
1260 67.3 1381835 1382692 genome.dna 2830281 2829447 NC_003272.gbk
1174 53.9 1402802 1401792 genome.dna 804889 805993 NC_003272.gbk
1348 50.7 1403920 1402802 genome.dna 803284 804436 NC_003272.gbk
229 45.5 1404198 1403920 genome.dna 803005 803254 NC_003272.gbk
841 48.1 1405064 1404189 genome.dna 806343 807189 NC_003272.gbk
828 42.1 1422749 1425052 genome.dna 800535 802893 NC_003272.gbk
488 40.0 1428285 1428911 genome.dna 2470003 2469352 NC_003272.gbk
448 43.4 1433876 1433409 genome.dna 3004906 3005386 NC_003272.gbk
708 41.9 1434853 1435731 genome.dna 4437555 4436670 NC_003272.gbk
549 36.7 1436929 1437642 genome.dna 2730419 2731157 NC_003272.gbk
742 31.1 1451498 1453288 genome.dna 3204497 3202823 NC_003272.gbk
199 31.2 1466738 1466361 genome.dna 211605 211251 NC_003272.gbk
936 48.0 1470427 1469462 genome.dna 2024699 2023823 NC_003272.gbk
928 30.4 1477420 1475516 genome.dna 6018072 6019905 NC_003272.gbk
352 32.7 1479078 1478437 genome.dna 6036292 6035665 NC_003272.gbk
1368 46.9 1483266 1480684 genome.dna 3956863 3959482 NC_003272.gbk
881 47.4 1492026 1490968 genome.dna 2338808 2339762 NC_003272.gbk
1014 37.9 1493774 1492350 genome.dna 1556073 1557438 NC_003272.gbk
613 36.6 1501778 1500630 genome.dna 1155275 1154075 NC_003272.gbk
276 36.8 1506798 1506349 genome.dna 2020526 2020070 NC_003272.gbk
353 42.2 1514785 1514357 genome.dna 3123177 3123609 NC_003272.gbk
427 44.2 1519100 1518525 genome.dna 5088016 5087416 NC_003272.gbk
2210 55.3 1521264 1519120 genome.dna 5090841 5088735 NC_003272.gbk
1357 41.0 1522968 1521280 genome.dna 5092607 5090921 NC_003272.gbk
920 36.5 1528762 1530255 genome.dna 3320836 3322276 NC_003272.gbk
658 38.3 1536355 1535069 genome.dna 238170 239307 NC_003272.gbk
1505 42.4 1537737 1539503 genome.dna 3614632 3612904 NC_003272.gbk
715 45.1 1546064 1546936 genome.dna 4717957 4717075 NC_003272.gbk
810 35.8 1547669 1549237 genome.dna 4846998 4845555 NC_003272.gbk
836 42.6 1558773 1559834 genome.dna 5574671 5573696 NC_003272.gbk
847 41.7 1573036 1572017 genome.dna 5618550 5617551 NC_003272.gbk
529 40.3 1576123 1576893 genome.dna 6175729 6176527 NC_003272.gbk
427 35.2 1584709 1585674 genome.dna 3616206 3617235 NC_003272.gbk
892 43.6 1598229 1599338 genome.dna 754690 755761 NC_003272.gbk
1242 67.8 1614552 1615325 genome.dna 3441146 3441920 NC_003272.gbk
802 46.8 1635671 1634820 genome.dna 5376651 5377536 NC_003272.gbk
684 53.7 1636204 1635668 genome.dna 5376113 5376659 NC_003272.gbk
1729 55.3 1638449 1639855 genome.dna 6294376 6295807 NC_003272.gbk
242 63.6 1837906 1837757 genome.dna 4731168 4731006 NC_003272.gbk
197 40.8 1924540 1924289 genome.dna 3880997 3880754 NC_003272.gbk
818 37.3 1980555 1981667 genome.dna 647248 648469 NC_003272.gbk
1117 38.3 1993342 1994814 genome.dna 4557596 4559093 NC_003272.gbk
208 43.4 2010635 2010913 genome.dna 1012171 1012477 NC_003272.gbk
333 38.9 2013548 2013970 genome.dna 2409575 2410007 NC_003272.gbk
1085 47.7 2028974 2027880 genome.dna 953955 952887 NC_003272.gbk
306 31.0 2040198 2039605 genome.dna 3726203 3725609 NC_003272.gbk
730 38.8 2041077 2042123 genome.dna 255953 256979 NC_003272.gbk
561 41.0 2042130 2043083 genome.dna 257072 258065 NC_003272.gbk
773 54.0 2044045 2044779 genome.dna 2263477 2264233 NC_003272.gbk
300 69.9 2044934 2045170 genome.dna 4038358 4038613 NC_003272.gbk
1472 52.3 2045253 2046494 genome.dna 4038833 4040084 NC_003272.gbk
493 42.1 2048443 2049102 genome.dna 5613579 5612943 NC_003272.gbk
540 38.6 2050132 2050929 genome.dna 1865535 1866321 NC_003272.gbk
384 48.6 2055442 2055792 genome.dna 4925833 4925464 NC_003272.gbk
513 34.0 2057749 2058777 genome.dna 2196223 2195125 NC_003272.gbk
2091 34.8 2070405 2066956 genome.dna 6225382 6221824 NC_003272.gbk
494 34.0 2077218 2077982 genome.dna 720446 719660 NC_003272.gbk
407 44.5 2085741 2085214 genome.dna 3734055 3734538 NC_003272.gbk
798 32.6 2088494 2089945 genome.dna 3508500 3507042 NC_003272.gbk
716 39.2 2091759 2090755 genome.dna 3912260 3913298 NC_003272.gbk
1767 55.0 2102354 2104732 genome.dna 736518 734052 NC_003272.gbk
1797 63.9 2112831 2114330 genome.dna 2991688 2993128 NC_003272.gbk
959 59.5 2114428 2115174 genome.dna 2993210 2993999 NC_003272.gbk
639 35.3 2115176 2116495 genome.dna 2993998 2995360 NC_003272.gbk
1267 48.0 2116495 2117718 genome.dna 2995393 2996656 NC_003272.gbk
254 33.3 2117752 2118168 genome.dna 4234047 4234482 NC_003272.gbk
1186 42.4 2121733 2120321 genome.dna 4828913 4827143 NC_003272.gbk
444 36.8 2153926 2154558 genome.dna 2567365 2567995 NC_003272.gbk
546 35.9 2158261 2157266 genome.dna 483600 482643 NC_003272.gbk
112 32.3 2181519 2182154 genome.dna 6274367 6273707 NC_003272.gbk
361 45.1 2186467 2186817 genome.dna 923617 923941 NC_003272.gbk
589 63.2 2188157 2187750 genome.dna 2795098 2795536 NC_003272.gbk
605 40.4 2190305 2191417 genome.dna 5411873 5410694 NC_003272.gbk
708 48.1 2191939 2192622 genome.dna 1482674 1482029 NC_003272.gbk
446 30.4 2192856 2194133 genome.dna 3623784 3624981 NC_003272.gbk
611 45.7 2216576 2217319 genome.dna 3625024 3625741 NC_003272.gbk
579 31.4 2227418 2225106 genome.dna 1239920 1237673 NC_003272.gbk
1014 30.6 2231341 2233707 genome.dna 5685099 5687439 NC_003272.gbk
809 48.4 2239913 2239125 genome.dna 5264802 5264007 NC_003272.gbk
443 33.2 2250678 2251343 genome.dna 2825401 2824624 NC_003272.gbk
1285 58.8 2267632 2266640 genome.dna 62393 63419 NC_003272.gbk
518 41.7 2275290 2274685 genome.dna 2524702 2524078 NC_003272.gbk
450 33.0 2306210 2305560 genome.dna 5539898 5539238 NC_003272.gbk
236 40.5 2324296 2324544 genome.dna 5555785 5555509 NC_003272.gbk
701 36.7 2325750 2324722 genome.dna 3443321 3444350 NC_003272.gbk
1047 39.4 2336847 2335354 genome.dna 5649033 5650506 NC_003272.gbk
967 49.0 2446859 2448127 genome.dna 2335093 2333776 NC_003272.gbk
958 43.1 2449772 2450872 genome.dna 2332505 2331386 NC_003272.gbk
778 51.2 2450865 2451701 genome.dna 2331412 2330671 NC_003272.gbk
823 54.5 2451703 2452401 genome.dna 2330568 2329869 NC_003272.gbk
1286 55.6 2487322 2486231 genome.dna 842553 841461 NC_003272.gbk
475 43.7 2488039 2487452 genome.dna 970729 970117 NC_003272.gbk
1076 51.9 2489732 2488785 genome.dna 5570573 5571566 NC_003272.gbk
369 31.8 2490742 2489870 genome.dna 3900912 3901866 NC_003272.gbk
839 35.3 2491599 2492855 genome.dna 1213220 1214507 NC_003272.gbk
1082 44.8 2492889 2493971 genome.dna 5035648 5034547 NC_003272.gbk
1293 46.8 2503696 2505084 genome.dna 4119755 4118351 NC_003272.gbk
477 44.1 2507977 2507444 genome.dna 5962465 5963002 NC_003272.gbk
1636 52.4 2542867 2544249 genome.dna 466155 464673 NC_003272.gbk
1279 42.2 2544268 2545785 genome.dna 464674 463057 NC_003272.gbk
818 50.6 2552084 2552833 genome.dna 566473 565699 NC_003272.gbk
436 35.7 2585970 2586605 genome.dna 4787417 4786745 NC_003272.gbk
591 44.2 2595969 2596559 genome.dna 4595090 4594397 NC_003272.gbk
429 35.1 2597527 2596643 genome.dna 4674196 4673407 NC_003272.gbk
462 41.6 2598308 2597688 genome.dna 217664 218324 NC_003272.gbk
713 36.9 2605113 2606180 genome.dna 480482 479387 NC_003272.gbk
1502 57.1 2607572 2608762 genome.dna 4586510 4585268 NC_003272.gbk
550 37.2 2608762 2609568 genome.dna 5729169 5729970 NC_003272.gbk
744 42.9 2642732 2643580 genome.dna 1911263 1912118 NC_003272.gbk
424 33.8 2645457 2646263 genome.dna 6327972 6327189 NC_003272.gbk
1154 35.4 2649493 2651343 genome.dna 5488336 5486506 NC_003272.gbk
1360 62.2 2654735 2655739 genome.dna 3066504 3065472 NC_003272.gbk
544 44.0 2679167 2679979 genome.dna 4167079 4167886 NC_003272.gbk
529 31.0 2704043 2704957 genome.dna 4319562 4320540 NC_003272.gbk
628 40.2 2704954 2705844 genome.dna 4319470 4318672 NC_003272.gbk
810 41.9 2706704 2707561 genome.dna 4318601 4317755 NC_003272.gbk
664 36.0 2707951 2708811 genome.dna 6123426 6124290 NC_003272.gbk
667 36.3 2714816 2715706 genome.dna 3036843 3037749 NC_003272.gbk
558 32.0 2715699 2716604 genome.dna 279954 279123 NC_003272.gbk
1199 36.1 2726216 2727934 genome.dna 743973 742332 NC_003272.gbk
1210 37.0 2731236 2728849 genome.dna 5913274 5915707 NC_003272.gbk
1101 50.9 2732234 2731251 genome.dna 5772817 5771824 NC_003272.gbk
424 56.0 2732903 2732547 genome.dna 4135779 4136136 NC_003272.gbk
149 40.6 2733144 2732947 genome.dna 4135555 4135753 NC_003272.gbk
504 46.1 2733782 2733240 genome.dna 5528933 5528318 NC_003272.gbk
1430 42.1 2735713 2733785 genome.dna 5631098 5629259 NC_003272.gbk
413 37.7 2741372 2740491 genome.dna 2722958 2722088 NC_003272.gbk
1135 35.9 2750215 2748047 genome.dna 236096 234338 NC_003272.gbk
1034 53.6 2755752 2754499 genome.dna 2192332 2193754 NC_003272.gbk
608 47.8 2755854 2756510 genome.dna 637214 637829 NC_003272.gbk
858 40.7 2757088 2758194 genome.dna 1614231 1613172 NC_003272.gbk
611 39.8 2766822 2767682 genome.dna 6015187 6014293 NC_003272.gbk
772 35.9 2768546 2769589 genome.dna 6016323 6015240 NC_003272.gbk
2051 45.4 2791079 2789028 genome.dna 4713980 4716047 NC_003272.gbk
1245 53.9 2791280 2792458 genome.dna 1540089 1541265 NC_003272.gbk
382 32.3 2793288 2792647 genome.dna 5684226 5683593 NC_003272.gbk
1396 44.3 2794931 2793456 genome.dna 4840575 4839045 NC_003272.gbk
350 35.8 2801685 2802443 genome.dna 957987 957213 NC_003272.gbk
477 30.6 2802440 2803225 genome.dna 956569 955684 NC_003272.gbk
1234 55.3 2809298 2808294 genome.dna 3533895 3532794 NC_003272.gbk
310 34.0 2809923 2809306 genome.dna 439610 438968 NC_003272.gbk
298 36.1 2810663 2810151 genome.dna 2768161 2767669 NC_003272.gbk
703 45.5 2811487 2810744 genome.dna 5129302 5128543 NC_003272.gbk
1904 50.2 2813755 2811956 genome.dna 2930943 2929155 NC_003272.gbk
1650 45.9 2835515 2837245 genome.dna 4489819 4488052 NC_003272.gbk
542 43.6 2841233 2840649 genome.dna 1542714 1543293 NC_003272.gbk
734 39.7 2859653 2858643 genome.dna 5123309 5122178 NC_003272.gbk
1804 58.4 2864092 2865492 genome.dna 4412795 4414187 NC_003272.gbk
282 30.0 2879580 2880428 genome.dna 2965276 2966068 NC_003272.gbk
238 30.3 2915911 2915069 genome.dna 575337 576162 NC_003272.gbk
1011 41.5 2917289 2918617 genome.dna 3701405 3702701 NC_003272.gbk
471 31.2 2918614 2919687 genome.dna 2505710 2506772 NC_003272.gbk
429 37.5 2920770 2921360 genome.dna 1622886 1622250 NC_003272.gbk
539 36.9 2921367 2922104 genome.dna 5397781 5397007 NC_003272.gbk
691 44.0 2922086 2922862 genome.dna 3534049 3534829 NC_003272.gbk
500 39.8 2922856 2923488 genome.dna 3936176 3935525 NC_003272.gbk
1027 41.9 2928002 2926713 genome.dna 5992128 5990850 NC_003272.gbk
1284 49.4 2975613 2974318 genome.dna 4792260 4790979 NC_003272.gbk
912 48.6 2982496 2983455 genome.dna 2643854 2644841 NC_003272.gbk
335 68.1 2988043 2988261 genome.dna 5040999 5040774 NC_003272.gbk
332 45.4 3002657 3002334 genome.dna 2988901 2989228 NC_003272.gbk
1005 43.7 3011957 3010824 genome.dna 6017468 6016322 NC_003272.gbk
148 31.2 3016496 3016762 genome.dna 4658819 4658546 NC_003272.gbk
492 40.5 3019705 3020373 genome.dna 5022224 5022905 NC_003272.gbk
1078 40.9 3042056 3043384 genome.dna 1442267 1443590 NC_003272.gbk
417 38.5 3046334 3045672 genome.dna 6307533 6308241 NC_003272.gbk
1690 64.0 3050037 3051158 genome.dna 3420393 3419283 NC_003272.gbk
992 53.6 3051198 3052058 genome.dna 3418416 3417567 NC_003272.gbk
572 35.1 3054591 3053503 genome.dna 3360064 3361255 NC_003272.gbk
458 32.4 3064304 3063432 genome.dna 992227 991306 NC_003272.gbk
77 32.3 3086967 3087251 genome.dna 5700992 5701292 NC_003272.gbk
443 44.6 3102771 3102235 genome.dna 4708604 4709138 NC_003272.gbk
385 37.7 3108684 3109187 genome.dna 1377356 1376789 NC_003272.gbk
1580 58.5 3147123 3145672 genome.dna 5624028 5625309 NC_003272.gbk
1079 60.6 3148240 3147401 genome.dna 3090226 3089356 NC_003272.gbk
925 43.1 3149284 3148253 genome.dna 3091304 3090263 NC_003272.gbk
1010 48.1 3150266 3149277 genome.dna 3092332 3091300 NC_003272.gbk
465 32.7 3151270 3150263 genome.dna 1289403 1288407 NC_003272.gbk
251 35.1 3155124 3154672 genome.dna 1938031 1937533 NC_003272.gbk
543 57.9 3155863 3155369 genome.dna 4093989 4094496 NC_003272.gbk
331 34.7 3156400 3155882 genome.dna 924638 924134 NC_003272.gbk
641 36.7 3157424 3156435 genome.dna 4665901 4664914 NC_003272.gbk
2508 58.9 3161386 3159374 genome.dna 1333522 1331524 NC_003272.gbk
695 35.1 3165022 3163865 genome.dna 438891 437730 NC_003272.gbk
1042 50.2 3166099 3165062 genome.dna 2303805 2304813 NC_003272.gbk
998 48.1 3178327 3176426 genome.dna 5694116 5692232 NC_003272.gbk
781 36.8 3178804 3180039 genome.dna 6132462 6131151 NC_003272.gbk
939 48.4 3182488 3181565 genome.dna 3515022 3515970 NC_003272.gbk
191 58.3 3188503 3188336 genome.dna 4587210 4587369 NC_003272.gbk
278 33.3 3228583 3228035 genome.dna 4892873 4892354 NC_003272.gbk
1143 35.0 3230474 3228642 genome.dna 3323989 3325873 NC_003272.gbk
392 33.2 3231123 3230467 genome.dna 3820511 3821198 NC_003272.gbk
523 37.8 3278435 3279220 genome.dna 4531253 4530461 NC_003272.gbk
1210 46.7 3282525 3281119 genome.dna 1778097 1776669 NC_003272.gbk
84 31.6 3288403 3288146 genome.dna 2268671 2268905 NC_003272.gbk
928 43.9 3289547 3288372 genome.dna 1671877 1673011 NC_003272.gbk
1516 58.1 3290769 3289561 genome.dna 1716737 1715534 NC_003272.gbk
711 45.5 3291639 3290800 genome.dna 1715403 1714500 NC_003272.gbk
1033 40.3 3293705 3292320 genome.dna 1696389 1695054 NC_003272.gbk
1096 56.8 3295088 3293715 genome.dna 1697831 1696388 NC_003272.gbk
1646 52.6 3300189 3298621 genome.dna 1700281 1698742 NC_003272.gbk
2358 68.0 3301696 3300248 genome.dna 1713263 1700480 NC_003272.gbk
1374 71.4 3302638 3301757 genome.dna 1714283 1713395 NC_003272.gbk
3743 49.1 3303128 3306640 genome.dna 2288002 2291566 NC_003272.gbk
1327 41.8 3306810 3308309 genome.dna 1927915 1929334 NC_003272.gbk
324 50.5 3333853 3334194 genome.dna 2229355 2229694 NC_003272.gbk
1454 39.6 3339478 3336770 genome.dna 711706 713947 NC_003272.gbk
793 45.9 3345329 3344487 genome.dna 707801 708641 NC_003272.gbk
963 37.2 3346676 3345414 genome.dna 706422 707745 NC_003272.gbk
354 36.1 3360862 3360233 genome.dna 5805392 5804714 NC_003272.gbk
1097 34.6 3364676 3363084 genome.dna 5033792 5032097 NC_003272.gbk
256 31.0 3364794 3365690 genome.dna 2328012 2327190 NC_003272.gbk
828 32.9 3372145 3370688 genome.dna 5819703 5818140 NC_003272.gbk
787 38.8 3373687 3372152 genome.dna 999924 1001427 NC_003272.gbk
1047 34.1 3375638 3373788 genome.dna 4774334 4776425 NC_003272.gbk
231 37.0 3375937 3375635 genome.dna 242310 242616 NC_003272.gbk
645 36.7 3378041 3377067 genome.dna 239772 240891 NC_003272.gbk
823 38.5 3395711 3396913 genome.dna 3061250 3060032 NC_003272.gbk
879 62.3 3401812 3402438 genome.dna 1320996 1320297 NC_003272.gbk
766 40.3 3402984 3403889 genome.dna 2874478 2873557 NC_003272.gbk
405 40.9 3408161 3407589 genome.dna 1475372 1476002 NC_003272.gbk
724 39.3 3409858 3408341 genome.dna 4405782 4404282 NC_003272.gbk
447 34.2 3412525 3411257 genome.dna 1196115 1197369 NC_003272.gbk
788 44.4 3413548 3412631 genome.dna 2849697 2848746 NC_003272.gbk
258 31.7 3414435 3413773 genome.dna 5718706 5718076 NC_003272.gbk
523 35.5 3415469 3414618 genome.dna 5037891 5037042 NC_003272.gbk
568 33.9 3416479 3415469 genome.dna 4438926 4437972 NC_003272.gbk
882 51.7 3427528 3426443 genome.dna 922955 921866 NC_003272.gbk
357 35.4 3459693 3458845 genome.dna 1559148 1559958 NC_003272.gbk
676 30.1 3466688 3465462 genome.dna 2936072 2934848 NC_003272.gbk
1160 45.8 3477877 3476636 genome.dna 3361251 3362463 NC_003272.gbk
405 34.6 3478244 3479224 genome.dna 4256259 4255206 NC_003272.gbk
2001 60.6 3487569 3486097 genome.dna 4371938 4373393 NC_003272.gbk
2471 57.8 3490068 3487642 genome.dna 4368582 4370913 NC_003272.gbk
738 36.2 3502786 3504363 genome.dna 1639322 1640957 NC_003272.gbk
697 39.9 3511745 3510762 genome.dna 4091497 4092511 NC_003272.gbk
589 34.2 3512886 3511738 genome.dna 3654807 3655956 NC_003272.gbk
919 50.7 3516455 3517318 genome.dna 228734 229634 NC_003272.gbk
1069 42.7 3519048 3517663 genome.dna 1280385 1278924 NC_003272.gbk
481 48.8 3521609 3522118 genome.dna 1155387 1155915 NC_003272.gbk
1043 36.5 3531913 3533985 genome.dna 4343263 4345474 NC_003272.gbk
182 34.6 3537641 3537204 genome.dna 5598954 5599422 NC_003272.gbk
584 42.2 3569781 3570509 genome.dna 5635453 5634736 NC_003272.gbk
910 48.7 3571960 3572919 genome.dna 4872970 4873978 NC_003272.gbk
575 39.6 3577570 3576767 genome.dna 4266245 4265399 NC_003272.gbk
1793 49.6 3590632 3589055 genome.dna 3468716 3467093 NC_003272.gbk
744 35.4 3592378 3593766 genome.dna 2133545 2132306 NC_003272.gbk
1196 53.6 3594004 3595047 genome.dna 1150056 1148973 NC_003272.gbk
658 39.8 3599984 3598497 genome.dna 577592 578954 NC_003272.gbk
537 36.6 3604488 3603367 genome.dna 3002555 3001328 NC_003272.gbk
447 36.3 3607701 3606505 genome.dna 411893 410924 NC_003272.gbk
121 30.3 3616630 3616295 genome.dna 4243088 4242749 NC_003272.gbk
309 43.0 3619470 3619147 genome.dna 2871964 2872321 NC_003272.gbk
1330 53.8 3621177 3619963 genome.dna 3005900 3007067 NC_003272.gbk
469 37.8 3622783 3622058 genome.dna 5434312 5435044 NC_003272.gbk
609 39.2 3622920 3623723 genome.dna 3559327 3558514 NC_003272.gbk
634 31.5 3625021 3626103 genome.dna 4857482 4858571 NC_003272.gbk
1600 56.8 3635387 3634134 genome.dna 5723604 5724888 NC_003272.gbk
468 62.5 3640872 3640534 genome.dna 2793828 2793489 NC_003272.gbk
454 50.3 3651787 3651263 genome.dna 5804047 5803603 NC_003272.gbk
849 49.3 3653449 3652523 genome.dna 2924401 2925325 NC_003272.gbk
900 60.3 3680956 3680225 genome.dna 234180 233460 NC_003272.gbk
637 37.8 3682691 3681786 genome.dna 1055743 1056757 NC_003272.gbk
407 38.0 3683368 3682688 genome.dna 309609 310296 NC_003272.gbk
199 30.3 3684626 3683661 genome.dna 3618029 3618602 NC_003272.gbk
2315 57.1 3686442 3684643 genome.dna 3011945 3010133 NC_003272.gbk
320 34.7 3689432 3688857 genome.dna 3954894 3955551 NC_003272.gbk
883 41.1 3689812 3691413 genome.dna 1433851 1435588 NC_003272.gbk
609 40.1 3698228 3696813 genome.dna 3872244 3870801 NC_003272.gbk
1076 51.3 3703917 3702925 genome.dna 130606 129589 NC_003272.gbk
871 46.7 3704788 3703907 genome.dna 363260 362384 NC_003272.gbk
863 51.4 3705613 3704801 genome.dna 364116 363246 NC_003272.gbk
852 43.1 3706780 3705770 genome.dna 365480 364334 NC_003272.gbk
261 38.1 3714535 3714188 genome.dna 5195701 5195362 NC_003272.gbk
1541 55.3 3714803 3716083 genome.dna 3936629 3937865 NC_003272.gbk
528 35.1 3721319 3720396 genome.dna 455045 454142 NC_003272.gbk
486 40.0 3728155 3728859 genome.dna 3733321 3734047 NC_003272.gbk
625 39.5 3732844 3733638 genome.dna 1783909 1783135 NC_003272.gbk
313 44.6 3734665 3735045 genome.dna 4311935 4311551 NC_003272.gbk
210 32.7 3737076 3737717 genome.dna 3552251 3551519 NC_003272.gbk
431 41.6 3750989 3751744 genome.dna 675519 674745 NC_003272.gbk
357 31.1 3754037 3753249 genome.dna 5058476 5059322 NC_003272.gbk
3133 57.2 3762599 3760023 genome.dna 6054893 6057401 NC_003272.gbk
744 44.6 3764478 3763501 genome.dna 614579 615518 NC_003272.gbk
1329 56.2 3769824 3768751 genome.dna 669749 668618 NC_003272.gbk
398 56.8 3773009 3772662 genome.dna 6320040 6320433 NC_003272.gbk
692 42.7 3773827 3773072 genome.dna 4683303 4684062 NC_003272.gbk
151 32.9 3774681 3774433 genome.dna 2337335 2337596 NC_003272.gbk
1414 48.4 3776200 3774839 genome.dna 2335693 2337166 NC_003272.gbk
2024 43.5 3784972 3782345 genome.dna 2901471 2904114 NC_003272.gbk
1360 59.5 3786717 3785644 genome.dna 3945551 3944477 NC_003272.gbk
1027 40.6 3882715 3881462 genome.dna 2602654 2601337 NC_003272.gbk
861 43.1 3883829 3882726 genome.dna 3754948 3755929 NC_003272.gbk
903 52.0 3893140 3892373 genome.dna 375761 374981 NC_003272.gbk
744 45.5 3898447 3899475 genome.dna 4308383 4307339 NC_003272.gbk
625 40.6 3912529 3911285 genome.dna 1175264 1176410 NC_003272.gbk
119 37.7 3918713 3918904 genome.dna 1187441 1187630 NC_003272.gbk
1521 51.5 3918901 3920391 genome.dna 1187626 1189021 NC_003272.gbk
1653 36.6 3939697 3942345 genome.dna 892725 889974 NC_003272.gbk
999 43.8 3956293 3958011 genome.dna 6026348 6028163 NC_003272.gbk
524 49.4 3963052 3962555 genome.dna 4684072 4684570 NC_003272.gbk
422 37.8 3963804 3963091 genome.dna 6165502 6164815 NC_003272.gbk
449 32.0 3972869 3972135 genome.dna 5350204 5349478 NC_003272.gbk
870 35.5 3974615 3972882 genome.dna 1601398 1603351 NC_003272.gbk
509 32.6 3988169 3987237 genome.dna 404005 404923 NC_003272.gbk
488 35.9 3989266 3990012 genome.dna 6179002 6179860 NC_003272.gbk
737 40.0 3994559 3995977 genome.dna 4427869 4429252 NC_003272.gbk
1538 58.6 4001743 4000448 genome.dna 4264231 4262941 NC_003272.gbk
1627 55.7 4003479 4001842 genome.dna 5972375 5974013 NC_003272.gbk
679 40.4 4004518 4003706 genome.dna 605991 606798 NC_003272.gbk
1685 37.7 4007080 4004843 genome.dna 1811100 1808844 NC_003272.gbk
437 30.0 4013697 4012813 genome.dna 4064098 4064977 NC_003272.gbk
1879 45.2 4027241 4025196 genome.dna 2068170 2066136 NC_003272.gbk
411 32.7 4036522 4035704 genome.dna 1431831 1430868 NC_003272.gbk
187 32.4 4037027 4036671 genome.dna 4233567 4233933 NC_003272.gbk
170 35.5 4037132 4037767 genome.dna 588186 587505 NC_003272.gbk
389 38.5 4039680 4040210 genome.dna 4312607 4312097 NC_003272.gbk
797 58.2 4046883 4047521 genome.dna 1998774 1999443 NC_003272.gbk
919 32.3 4047693 4049018 genome.dna 6225678 6227007 NC_003272.gbk
262 30.1 4050959 4050219 genome.dna 5582483 5583356 NC_003272.gbk
109 30.4 4054471 4054049 genome.dna 3416912 3417329 NC_003272.gbk
277 30.9 4059979 4059527 genome.dna 674514 674055 NC_003272.gbk
203 50.7 4060248 4060021 genome.dna 5338576 5338360 NC_003272.gbk
158 30.2 4064375 4065496 genome.dna 4250031 4248849 NC_003272.gbk
963 45.0 4076878 4075862 genome.dna 2937298 2936179 NC_003272.gbk
449 39.0 4076900 4077613 genome.dna 581001 581670 NC_003272.gbk
428 31.0 4077711 4078532 genome.dna 582737 583550 NC_003272.gbk
451 45.7 4079441 4080034 genome.dna 6060593 6060002 NC_003272.gbk
721 35.5 4080027 4081166 genome.dna 5911639 5910448 NC_003272.gbk
202 32.8 4086876 4086421 genome.dna 632979 633462 NC_003272.gbk
483 35.3 4115888 4116970 genome.dna 2953895 2955101 NC_003272.gbk
378 44.8 4137049 4136630 genome.dna 3882225 3882705 NC_003272.gbk
3001 54.3 4139901 4137067 genome.dna 4484912 4487798 NC_003272.gbk
607 33.5 4184809 4183757 genome.dna 5744740 5743900 NC_003272.gbk
225 33.0 4213549 4213875 genome.dna 322937 322616 NC_003272.gbk
3332 65.6 4221505 4218908 genome.dna 1506229 1503598 NC_003272.gbk
779 36.1 4231793 4230366 genome.dna 5658888 5660316 NC_003272.gbk
622 43.2 4244964 4245854 genome.dna 2500213 2499349 NC_003272.gbk
421 37.5 4250722 4251348 genome.dna 2109216 2108625 NC_003272.gbk
881 44.3 4255592 4252890 genome.dna 5778710 5781503 NC_003272.gbk
590 38.7 4257707 4256787 genome.dna 2733900 2734743 NC_003272.gbk
1102 51.2 4258960 4257809 genome.dna 4655901 4657188 NC_003272.gbk
776 36.7 4263557 4262097 genome.dna 6036698 6038183 NC_003272.gbk
682 36.0 4265910 4264708 genome.dna 159779 158588 NC_003272.gbk
384 32.2 4267226 4265910 genome.dna 4955214 4956603 NC_003272.gbk
386 39.0 4268312 4267230 genome.dna 5170889 5169779 NC_003272.gbk
514 36.6 4269667 4268306 genome.dna 38331 36975 NC_003272.gbk
1144 42.7 4271151 4269664 genome.dna 1985424 1983933 NC_003272.gbk
620 30.9 4272901 4271138 genome.dna 835214 837044 NC_003272.gbk
626 41.0 4274186 4273242 genome.dna 4059951 4059042 NC_003272.gbk
422 43.3 4277861 4277370 genome.dna 5530886 5531435 NC_003272.gbk
1758 48.1 4279582 4277864 genome.dna 5516070 5514171 NC_003272.gbk
898 49.2 4282166 4283764 genome.dna 5766368 5767964 NC_003272.gbk
1227 52.5 4283764 4284855 genome.dna 1557606 1558695 NC_003272.gbk
1652 54.6 4284858 4286258 genome.dna 1681960 1680556 NC_003272.gbk
334 37.4 4286272 4286874 genome.dna 1680220 1679611 NC_003272.gbk
257 36.8 4318033 4319034 genome.dna 5666976 5668065 NC_003272.gbk
518 37.0 4319027 4319845 genome.dna 3900027 3900843 NC_003272.gbk
2707 57.9 4330684 4327460 genome.dna 4603256 4606571 NC_003272.gbk
1167 49.2 4331847 4330699 genome.dna 1360454 1361621 NC_003272.gbk
365 39.7 4335368 4334856 genome.dna 5472184 5472661 NC_003272.gbk
841 42.3 4338181 4335368 genome.dna 1254611 1257494 NC_003272.gbk
182 37.7 4339154 4338213 genome.dna 5775288 5776377 NC_003272.gbk
153 31.9 4339580 4339843 genome.dna 1865162 1865456 NC_003272.gbk
963 43.3 4343498 4342359 genome.dna 2943359 2944490 NC_003272.gbk
2248 54.6 4345514 4343607 genome.dna 2094969 2096871 NC_003272.gbk
1106 56.0 4351229 4350276 genome.dna 3063536 3062537 NC_003272.gbk
1222 38.1 4365488 4367155 genome.dna 1537344 1539285 NC_003272.gbk
538 44.5 4373604 4372945 genome.dna 1027538 1026827 NC_003272.gbk
1028 44.5 4379941 4378778 genome.dna 4980457 4979254 NC_003272.gbk
2269 53.5 4383337 4381343 genome.dna 4040455 4042468 NC_003272.gbk
1623 39.7 4387762 4385783 genome.dna 4113591 4111551 NC_003272.gbk
945 42.4 4388480 4389631 genome.dna 3919338 3918153 NC_003272.gbk
619 35.6 4392301 4393260 genome.dna 4658439 4657464 NC_003272.gbk
226 32.1 4393907 4394326 genome.dna 3752320 3752776 NC_003272.gbk
950 45.4 4395434 4394430 genome.dna 4843132 4842082 NC_003272.gbk
1261 48.6 4398393 4397095 genome.dna 5699644 5700904 NC_003272.gbk
440 36.5 4403893 4402952 genome.dna 6283742 6284630 NC_003272.gbk
254 36.5 4408042 4407560 genome.dna 2770299 2770788 NC_003272.gbk
314 32.2 4409618 4408062 genome.dna 3599031 3600624 NC_003272.gbk
719 36.6 4409761 4410900 genome.dna 5897548 5898562 NC_003272.gbk
455 37.4 4448185 4447619 genome.dna 6031432 6030874 NC_003272.gbk
493 30.5 4451372 4449723 genome.dna 1220345 1221932 NC_003272.gbk
1428 31.2 4464530 4460847 genome.dna 350778 354315 NC_003272.gbk
226 32.3 4479596 4478769 genome.dna 2465227 2466097 NC_003272.gbk
633 34.2 4482321 4481200 genome.dna 1575321 1574202 NC_003272.gbk
536 39.2 4482986 4483933 genome.dna 4171066 4172095 NC_003272.gbk
633 37.2 4484001 4485290 genome.dna 944827 946177 NC_003272.gbk
320 45.7 4488068 4487676 genome.dna 5038326 5037975 NC_003272.gbk
616 35.0 4489098 4488109 genome.dna 5039309 5038361 NC_003272.gbk
516 42.3 4489744 4489124 genome.dna 3333974 3334583 NC_003272.gbk
523 55.7 4490164 4489775 genome.dna 5039995 5039599 NC_003272.gbk
415 54.7 4490537 4490181 genome.dna 5040430 5040049 NC_003272.gbk
177 65.8 4490800 4490684 genome.dna 5040658 5040544 NC_003272.gbk
1133 44.1 4492165 4490834 genome.dna 5043066 5041752 NC_003272.gbk
363 43.9 4492607 4492173 genome.dna 5043583 5043136 NC_003272.gbk
478 42.9 4493297 4492797 genome.dna 5044176 5043651 NC_003272.gbk
331 50.0 4493665 4493312 genome.dna 5044631 5044268 NC_003272.gbk
499 42.9 4494208 4493675 genome.dna 5045182 5044633 NC_003272.gbk
421 48.9 4494614 4494222 genome.dna 5045680 5045278 NC_003272.gbk
285 48.5 4494953 4494648 genome.dna 4786668 4786365 NC_003272.gbk
749 59.1 4495506 4494967 genome.dna 5046249 5045700 NC_003272.gbk
203 40.9 4495835 4495521 genome.dna 5046645 5046354 NC_003272.gbk
478 59.3 4496217 4495846 genome.dna 5047076 5046707 NC_003272.gbk
264 50.7 4496635 4496381 genome.dna 5047360 5047114 NC_003272.gbk
124 33.9 4496826 4496635 genome.dna 5047597 5047372 NC_003272.gbk
565 59.3 4497236 4496826 genome.dna 5048029 5047600 NC_003272.gbk
757 47.1 4497950 4497249 genome.dna 5048959 5048176 NC_003272.gbk
258 45.9 4498300 4497968 genome.dna 5049371 5049011 NC_003272.gbk
430 69.6 4498593 4498315 genome.dna 5049734 5049455 NC_003272.gbk
982 54.4 4499431 4498610 genome.dna 5050720 5049856 NC_003272.gbk
498 42.1 4500353 4499748 genome.dna 5051666 5051033 NC_003272.gbk
672 51.2 4500993 4500364 genome.dna 5052366 5051730 NC_003272.gbk
421 55.9 4501337 4501026 genome.dna 5190239 5189921 NC_003272.gbk
2427 58.8 4505956 4503842 genome.dna 5193771 5191692 NC_003272.gbk
551 55.1 4506523 4506053 genome.dna 5194382 5193911 NC_003272.gbk
631 74.8 4506994 4506620 genome.dna 5195266 5194882 NC_003272.gbk
1060 42.1 4531124 4529898 genome.dna 1263864 1265148 NC_003272.gbk
622 51.9 4531820 4531245 genome.dna 289150 288595 NC_003272.gbk
1005 47.5 4557783 4556779 genome.dna 1508533 1507525 NC_003272.gbk
756 52.3 4559154 4558477 genome.dna 905281 905989 NC_003272.gbk
478 34.7 4560090 4559278 genome.dna 67987 67153 NC_003272.gbk
920 43.8 4562421 4561336 genome.dna 2305859 2306951 NC_003272.gbk
723 30.4 4567199 4569754 genome.dna 3594762 3592494 NC_003272.gbk
584 42.6 4579442 4578723 genome.dna 4621377 4620648 NC_003272.gbk
2150 49.9 4597892 4600225 genome.dna 6262144 6264304 NC_003272.gbk
659 35.0 4634257 4632818 genome.dna 2241716 2243135 NC_003272.gbk
698 36.8 4635563 4634286 genome.dna 5549280 5547990 NC_003272.gbk
1834 48.6 4639754 4637577 genome.dna 832168 829873 NC_003272.gbk
738 47.6 4651246 4650551 genome.dna 1376557 1375840 NC_003272.gbk
335 34.1 4657530 4658615 genome.dna 1223373 1222203 NC_003272.gbk
1749 45.4 4664050 4662224 genome.dna 221032 223189 NC_003272.gbk
479 33.9 4670140 4669394 genome.dna 4556462 4557185 NC_003272.gbk
984 37.3 4672431 4670269 genome.dna 5384188 5381869 NC_003272.gbk
616 40.3 4675687 4674863 genome.dna 2454646 2455387 NC_003272.gbk
945 49.5 4680620 4681561 genome.dna 2240585 2241596 NC_003272.gbk
857 39.1 4686472 4685315 genome.dna 2521436 2520110 NC_003272.gbk
799 31.5 4690836 4689472 genome.dna 4102741 4104037 NC_003272.gbk
432 31.4 4695646 4694897 genome.dna 2045636 2046389 NC_003272.gbk
1346 58.4 4702353 4701286 genome.dna 39856 40927 NC_003272.gbk
667 49.2 4704862 4703738 genome.dna 2998335 2997222 NC_003272.gbk
433 30.6 4707095 4705998 genome.dna 5725082 5726129 NC_003272.gbk
384 51.0 4709479 4709153 genome.dna 56641 56965 NC_003272.gbk
1752 51.4 4728119 4726569 genome.dna 5067905 5069417 NC_003272.gbk
589 38.2 4729969 4728119 genome.dna 3367199 3368891 NC_003272.gbk
1215 46.2 4733613 4735139 genome.dna 4925882 4927412 NC_003272.gbk
445 31.6 4748208 4747351 genome.dna 99383 100262 NC_003272.gbk
160 37.1 4770684 4770469 genome.dna 5035990 5035750 NC_003272.gbk
1597 47.9 4781238 4782749 genome.dna 2178169 2176666 NC_003272.gbk
583 41.4 4782875 4783885 genome.dna 1211964 1213002 NC_003272.gbk
498 36.9 4825789 4824827 genome.dna 2293109 2294183 NC_003272.gbk
387 31.4 4826899 4825997 genome.dna 3541427 3540524 NC_003272.gbk
374 43.8 4834867 4834403 genome.dna 4055405 4055867 NC_003272.gbk
742 50.2 4859998 4859297 genome.dna 3045378 3046173 NC_003272.gbk
787 47.0 4860774 4860004 genome.dna 3044264 3045044 NC_003272.gbk
534 38.1 4862968 4862042 genome.dna 3041754 3042705 NC_003272.gbk
612 43.7 4867996 4867325 genome.dna 2046689 2047346 NC_003272.gbk
805 36.5 4869411 4868002 genome.dna 2115299 2113658 NC_003272.gbk
244 30.3 4869761 4870336 genome.dna 1622166 1621611 NC_003272.gbk
617 42.7 4911222 4909444 genome.dna 2458068 2459898 NC_003272.gbk
1039 39.1 4919331 4920581 genome.dna 3420616 3421969 NC_003272.gbk
790 37.6 4929420 4928401 genome.dna 146422 147448 NC_003272.gbk
790 37.6 4929420 4928401 genome.dna 146422 147448 NC_003272.gbk
717 35.8 4962494 4961517 genome.dna 2408030 2407022 NC_003272.gbk
526 36.0 4964420 4963467 genome.dna 3868873 3869743 NC_003272.gbk
410 33.2 4969043 4968228 genome.dna 4767514 4768330 NC_003272.gbk
949 37.6 4985096 4983699 genome.dna 2403017 2404397 NC_003272.gbk
150 54.5 4985770 4985910 genome.dna 4122645 4122780 NC_003272.gbk
901 37.5 4988276 4989640 genome.dna 5579438 5578058 NC_003272.gbk
1087 60.8 4992272 4991421 genome.dna 3110243 3109388 NC_003272.gbk
320 31.4 5017538 5016804 genome.dna 5391575 5390906 NC_003272.gbk
938 54.8 5018328 5017552 genome.dna 1051602 1050819 NC_003272.gbk
711 39.5 5019301 5018414 genome.dna 5468488 5467594 NC_003272.gbk
797 42.6 5020260 5019301 genome.dna 1053712 1052680 NC_003272.gbk
844 41.3 5021463 5020423 genome.dna 5470800 5469621 NC_003272.gbk
946 43.0 5026700 5027902 genome.dna 5782443 5783610 NC_003272.gbk
662 41.0 5049054 5047222 genome.dna 4174748 4176374 NC_003272.gbk
1105 42.4 5050610 5049240 genome.dna 4728512 4729868 NC_003272.gbk
1947 66.4 5055348 5053966 genome.dna 6011529 6010080 NC_003272.gbk
284 37.1 5056259 5055396 genome.dna 4365 3417 NC_003272.gbk
1155 56.5 5057853 5056312 genome.dna 5974 4453 NC_003272.gbk
168 30.1 5058884 5058414 genome.dna 7850 7358 NC_003272.gbk
153 37.3 5059187 5058948 genome.dna 8241 7995 NC_003272.gbk
1962 48.8 5063659 5061770 genome.dna 4298708 4300631 NC_003272.gbk
235 30.1 1742342 1741713 genome.dna 26868 27582 NC_003273.gbk
373 33.0 2306210 2305560 genome.dna 23315 23987 NC_003273.gbk
383 37.9 625127 625744 genome.dna 210868 211423 NC_003276.gbk
174 31.5 692962 692627 genome.dna 81968 82283 NC_003276.gbk
351 31.3 2306210 2305560 genome.dna 231825 232482 NC_003276.gbk
424 44.2 2318259 2318798 genome.dna 166954 167464 NC_003276.gbk
402 35.6 2537412 2536813 genome.dna 165733 165181 NC_003276.gbk
500 49.8 3052224 3052868 genome.dna 384955 385594 NC_003276.gbk
315 33.9 3571239 3571790 genome.dna 83222 83783 NC_003276.gbk
1029 40.3 4114440 4115846 genome.dna 288213 286848 NC_003276.gbk
241 34.2 4322282 4321758 genome.dna 166885 166351 NC_003276.gbk
383 37.3 4825789 4824827 genome.dna 368899 367819 NC_003276.gbk
