1505 47.6 36667 35258 genome.dna 345876 344427 NC_004572.gbk
1177 43.7 37037 38860 genome.dna 687790 685945 NC_004572.gbk
985 34.3 47188 45107 genome.dna 660521 658214 NC_004572.gbk
1377 37.9 49985 47886 genome.dna 357229 359467 NC_004572.gbk
653 30.8 77642 78994 genome.dna 601677 603030 NC_004572.gbk
1579 48.0 87882 86185 genome.dna 165660 167289 NC_004572.gbk
347 40.9 110262 109636 genome.dna 386093 386702 NC_004572.gbk
338 36.2 117691 118689 genome.dna 410474 409388 NC_004572.gbk
1340 41.9 118825 120366 genome.dna 413269 411712 NC_004572.gbk
425 34.2 120344 121525 genome.dna 411732 410499 NC_004572.gbk
773 50.4 162282 162998 genome.dna 729412 728641 NC_004572.gbk
301 40.2 165569 165111 genome.dna 581027 580586 NC_004572.gbk
754 35.2 166824 165547 genome.dna 447930 446676 NC_004572.gbk
235 51.9 167881 168117 genome.dna 132173 132410 NC_004572.gbk
176 45.1 168129 168296 genome.dna 132409 132580 NC_004572.gbk
181 33.1 170854 170375 genome.dna 658094 657563 NC_004572.gbk
598 36.4 192775 193791 genome.dna 607136 606116 NC_004572.gbk
482 33.5 199780 202044 genome.dna 201468 203937 NC_004572.gbk
437 35.3 222967 223722 genome.dna 53278 53998 NC_004572.gbk
797 42.6 228573 229595 genome.dna 843062 842081 NC_004572.gbk
265 31.2 245968 247005 genome.dna 830784 829728 NC_004572.gbk
1864 69.2 250357 251541 genome.dna 137613 138807 NC_004572.gbk
406 39.8 252164 252709 genome.dna 828145 827491 NC_004572.gbk
533 60.1 252872 253300 genome.dna 827455 827029 NC_004572.gbk
668 46.4 253304 254008 genome.dna 827033 826349 NC_004572.gbk
357 50.4 254890 255255 genome.dna 825718 825322 NC_004572.gbk
1970 44.5 255584 259612 genome.dna 73768 77335 NC_004572.gbk
1904 43.2 259736 263959 genome.dna 77361 81222 NC_004572.gbk
552 37.2 275283 276347 genome.dna 847869 846711 NC_004572.gbk
205 35.6 277924 278196 genome.dna 132951 133233 NC_004572.gbk
776 38.2 280242 278956 genome.dna 835696 836956 NC_004572.gbk
554 39.0 281849 280260 genome.dna 93414 95043 NC_004572.gbk
371 43.8 307589 307137 genome.dna 457002 456513 NC_004572.gbk
632 31.6 345980 347242 genome.dna 609116 607790 NC_004572.gbk
481 53.5 352201 352629 genome.dna 178795 179224 NC_004572.gbk
440 52.4 352645 353037 genome.dna 179223 179688 NC_004572.gbk
870 46.3 399153 398326 genome.dna 15426 16278 NC_004572.gbk
85 32.0 431880 431494 genome.dna 815900 815441 NC_004572.gbk
553 31.3 525365 524040 genome.dna 629378 630737 NC_004572.gbk
1890 56.2 697515 699164 genome.dna 535529 533906 NC_004572.gbk
553 35.9 726542 725589 genome.dna 610114 609160 NC_004572.gbk
336 36.0 755628 756641 genome.dna 683265 682059 NC_004572.gbk
492 32.7 761351 760380 genome.dna 54009 55026 NC_004572.gbk
325 62.2 761939 762196 genome.dna 561215 560966 NC_004572.gbk
887 38.4 763509 764681 genome.dna 560967 559629 NC_004572.gbk
194 31.9 766454 766933 genome.dna 792681 793200 NC_004572.gbk
1705 44.4 768185 770122 genome.dna 679109 677108 NC_004572.gbk
1099 43.1 771082 772419 genome.dna 179691 181053 NC_004572.gbk
1110 41.2 784066 786186 genome.dna 516233 514016 NC_004572.gbk
538 35.5 812975 814090 genome.dna 753812 752741 NC_004572.gbk
280 39.8 814149 814541 genome.dna 752686 752320 NC_004572.gbk
1881 48.5 814656 817529 genome.dna 155896 158803 NC_004572.gbk
561 36.2 839867 840766 genome.dna 544863 543912 NC_004572.gbk
675 30.0 931102 929441 genome.dna 117486 115848 NC_004572.gbk
1085 44.2 955638 953644 genome.dna 421804 423901 NC_004572.gbk
554 43.3 1002298 1002951 genome.dna 803257 803905 NC_004572.gbk
766 47.8 1154052 1153258 genome.dna 343670 342743 NC_004572.gbk
307 32.9 1155257 1156108 genome.dna 541312 540490 NC_004572.gbk
606 45.1 1156279 1157004 genome.dna 540480 539784 NC_004572.gbk
335 31.8 1157130 1157687 genome.dna 539621 539075 NC_004572.gbk
482 38.3 1157925 1159121 genome.dna 99946 98839 NC_004572.gbk
626 43.0 1159320 1160081 genome.dna 367288 368038 NC_004572.gbk
1866 37.0 1169670 1173152 genome.dna 613770 610275 NC_004572.gbk
538 32.4 1203627 1202668 genome.dna 61831 60865 NC_004572.gbk
541 40.0 1260789 1261478 genome.dna 46977 46221 NC_004572.gbk
649 39.5 1272920 1274065 genome.dna 190577 189362 NC_004572.gbk
439 31.0 1276393 1277361 genome.dna 355069 356038 NC_004572.gbk
422 42.3 1278470 1278919 genome.dna 321382 321826 NC_004572.gbk
428 31.9 1278982 1280091 genome.dna 801398 802514 NC_004572.gbk
1253 34.8 1284598 1282733 genome.dna 579331 577441 NC_004572.gbk
253 30.2 1293119 1292505 genome.dna 328923 329547 NC_004572.gbk
638 44.8 1301367 1301990 genome.dna 573674 573050 NC_004572.gbk
1233 54.5 1302154 1303428 genome.dna 573041 571769 NC_004572.gbk
236 43.6 1322693 1322445 genome.dna 397444 397696 NC_004572.gbk
588 44.8 1332732 1333337 genome.dna 823512 822915 NC_004572.gbk
952 36.1 1356196 1353473 genome.dna 925002 922851 NC_004572.gbk
1415 42.6 1363499 1366138 genome.dna 6437 8897 NC_004572.gbk
316 30.9 1379359 1381041 genome.dna 70559 72143 NC_004572.gbk
857 49.6 1381835 1382692 genome.dna 128759 129677 NC_004572.gbk
414 37.1 1426894 1426256 genome.dna 92727 93375 NC_004572.gbk
803 41.0 1427931 1426894 genome.dna 835039 834025 NC_004572.gbk
198 30.1 1433876 1433409 genome.dna 340097 340568 NC_004572.gbk
820 38.4 1470427 1469462 genome.dna 553831 554896 NC_004572.gbk
297 32.7 1479078 1478437 genome.dna 559347 558741 NC_004572.gbk
1122 38.1 1483266 1480684 genome.dna 475220 472799 NC_004572.gbk
1027 38.7 1493774 1492350 genome.dna 716655 715242 NC_004572.gbk
664 35.0 1543336 1544562 genome.dna 603183 604569 NC_004572.gbk
483 32.8 1561588 1560626 genome.dna 513989 513050 NC_004572.gbk
498 50.9 1563766 1563014 genome.dna 769580 768914 NC_004572.gbk
414 43.9 1600255 1600836 genome.dna 904608 904017 NC_004572.gbk
847 34.1 1633374 1634744 genome.dna 147366 148797 NC_004572.gbk
659 39.4 1635671 1634820 genome.dna 30678 29814 NC_004572.gbk
343 32.6 1636204 1635668 genome.dna 31902 32526 NC_004572.gbk
1129 58.5 1637078 1636206 genome.dna 32581 33460 NC_004572.gbk
1530 49.3 1638449 1639855 genome.dna 587150 585719 NC_004572.gbk
628 36.2 2042130 2043083 genome.dna 336331 335227 NC_004572.gbk
648 43.5 2044045 2044779 genome.dna 396586 397303 NC_004572.gbk
167 33.8 2044934 2045170 genome.dna 335151 334902 NC_004572.gbk
916 38.4 2045253 2046494 genome.dna 334902 333666 NC_004572.gbk
441 30.9 2047434 2048453 genome.dna 462238 461050 NC_004572.gbk
311 33.7 2048443 2049102 genome.dna 809759 809159 NC_004572.gbk
499 30.0 2063309 2062113 genome.dna 95498 96632 NC_004572.gbk
1697 32.8 2070405 2066956 genome.dna 228489 232365 NC_004572.gbk
1116 38.8 2112831 2114330 genome.dna 419646 418224 NC_004572.gbk
713 48.0 2114428 2115174 genome.dna 416624 415874 NC_004572.gbk
980 36.1 2121733 2120321 genome.dna 372615 374037 NC_004572.gbk
1049 41.9 2192856 2194133 genome.dna 210622 212038 NC_004572.gbk
493 43.7 2203467 2202874 genome.dna 803921 804557 NC_004572.gbk
431 44.3 2218378 2219073 genome.dna 763051 762379 NC_004572.gbk
933 37.1 2336995 2338260 genome.dna 748709 747410 NC_004572.gbk
566 43.7 2487322 2486231 genome.dna 755133 754098 NC_004572.gbk
257 34.7 2488039 2487452 genome.dna 766521 765960 NC_004572.gbk
816 43.9 2489732 2488785 genome.dna 237908 236861 NC_004572.gbk
846 44.4 2492889 2493971 genome.dna 527801 526757 NC_004572.gbk
432 34.3 2493971 2494816 genome.dna 526754 525896 NC_004572.gbk
480 36.0 2593132 2590532 genome.dna 812344 809818 NC_004572.gbk
147 32.4 2652833 2653480 genome.dna 805753 805123 NC_004572.gbk
976 47.3 2654735 2655739 genome.dna 386723 387737 NC_004572.gbk
835 43.9 2706704 2707561 genome.dna 776653 777508 NC_004572.gbk
825 50.0 2724246 2725070 genome.dna 495820 494944 NC_004572.gbk
789 39.4 2732234 2731251 genome.dna 206442 207453 NC_004572.gbk
405 54.7 2732903 2732547 genome.dna 205648 206059 NC_004572.gbk
132 40.7 2733144 2732947 genome.dna 205421 205619 NC_004572.gbk
492 45.2 2733782 2733240 genome.dna 204802 205351 NC_004572.gbk
901 36.8 2735713 2733785 genome.dna 345974 347897 NC_004572.gbk
363 31.7 2741372 2740491 genome.dna 12751 13627 NC_004572.gbk
608 34.3 2757088 2758194 genome.dna 507415 506335 NC_004572.gbk
1237 42.6 2759027 2760397 genome.dna 908621 910067 NC_004572.gbk
879 31.9 2791079 2789028 genome.dna 587482 589756 NC_004572.gbk
845 37.1 2794931 2793456 genome.dna 426687 428151 NC_004572.gbk
1136 52.5 2809298 2808294 genome.dna 351818 352856 NC_004572.gbk
272 30.9 2809923 2809306 genome.dna 351181 351850 NC_004572.gbk
559 36.5 2811487 2810744 genome.dna 349926 350685 NC_004572.gbk
685 37.9 2859653 2858643 genome.dna 321832 322840 NC_004572.gbk
591 36.5 2975613 2974318 genome.dna 837066 838320 NC_004572.gbk
315 64.4 2988043 2988261 genome.dna 637232 637010 NC_004572.gbk
224 36.2 3108684 3109187 genome.dna 485438 485942 NC_004572.gbk
730 45.2 3148240 3147401 genome.dna 59890 59056 NC_004572.gbk
2359 55.7 3161386 3159374 genome.dna 378316 380350 NC_004572.gbk
601 35.8 3173816 3172911 genome.dna 164698 165664 NC_004572.gbk
875 32.2 3230474 3228642 genome.dna 383216 385040 NC_004572.gbk
663 35.1 3312061 3311105 genome.dna 163698 164697 NC_004572.gbk
1772 55.1 3409858 3408341 genome.dna 833969 832454 NC_004572.gbk
424 33.3 3414435 3413773 genome.dna 727406 728081 NC_004572.gbk
384 35.0 3416479 3415469 genome.dna 821467 820453 NC_004572.gbk
204 35.2 3427528 3426443 genome.dna 459982 458779 NC_004572.gbk
712 42.9 3516455 3517318 genome.dna 749597 748709 NC_004572.gbk
1045 41.0 3519048 3517663 genome.dna 432247 430846 NC_004572.gbk
508 51.9 3521609 3522118 genome.dna 28321 28864 NC_004572.gbk
335 30.3 3522115 3523185 genome.dna 26788 28243 NC_004572.gbk
1137 44.6 3590632 3589055 genome.dna 87136 88648 NC_004572.gbk
1473 48.1 3592205 3590739 genome.dna 83329 84805 NC_004572.gbk
998 43.1 3604488 3603367 genome.dna 236716 235573 NC_004572.gbk
327 37.8 3608433 3608005 genome.dna 563971 563560 NC_004572.gbk
458 49.0 3651787 3651263 genome.dna 861940 862453 NC_004572.gbk
472 32.9 3682691 3681786 genome.dna 365604 366510 NC_004572.gbk
393 35.1 3683368 3682688 genome.dna 655896 655224 NC_004572.gbk
2038 49.7 3686442 3684643 genome.dna 360092 361898 NC_004572.gbk
552 43.1 3694571 3695257 genome.dna 672012 671319 NC_004572.gbk
364 31.9 3698228 3696813 genome.dna 291132 292575 NC_004572.gbk
324 39.5 3714535 3714188 genome.dna 325435 325810 NC_004572.gbk
837 44.5 3714803 3716083 genome.dna 842078 840677 NC_004572.gbk
581 37.3 3732844 3733638 genome.dna 344431 343612 NC_004572.gbk
510 36.9 3733793 3734647 genome.dna 64591 65458 NC_004572.gbk
470 44.4 3738313 3737777 genome.dna 679663 679111 NC_004572.gbk
351 41.5 3749751 3750215 genome.dna 323440 322954 NC_004572.gbk
2457 53.6 3762599 3760023 genome.dna 858091 855973 NC_004572.gbk
358 52.5 3773009 3772662 genome.dna 549423 549075 NC_004572.gbk
563 40.4 3773827 3773072 genome.dna 550220 549515 NC_004572.gbk
713 35.3 3776200 3774839 genome.dna 553038 551691 NC_004572.gbk
1314 36.1 3784972 3782345 genome.dna 465345 462702 NC_004572.gbk
721 36.4 3956293 3958011 genome.dna 234484 232642 NC_004572.gbk
1493 56.7 4001743 4000448 genome.dna 901308 899967 NC_004572.gbk
1489 51.2 4003479 4001842 genome.dna 113604 111966 NC_004572.gbk
511 35.7 4027241 4025196 genome.dna 506367 504462 NC_004572.gbk
488 49.7 4039680 4040210 genome.dna 391405 391900 NC_004572.gbk
488 49.7 4039680 4040210 genome.dna 191167 191662 NC_004572.gbk
311 40.1 4059979 4059527 genome.dna 125869 125407 NC_004572.gbk
366 33.7 4068636 4067902 genome.dna 430850 430058 NC_004572.gbk
397 38.1 4079441 4080034 genome.dna 728616 728034 NC_004572.gbk
1050 38.3 4114440 4115846 genome.dna 850443 851769 NC_004572.gbk
2094 47.9 4139901 4137067 genome.dna 380361 383208 NC_004572.gbk
2159 45.1 4236582 4233919 genome.dna 340014 337212 NC_004572.gbk
910 46.7 4255592 4252890 genome.dna 150086 152630 NC_004572.gbk
1065 49.1 4258960 4257809 genome.dna 617406 616320 NC_004572.gbk
746 32.0 4263557 4262097 genome.dna 316245 317673 NC_004572.gbk
531 33.0 4264711 4263620 genome.dna 315172 316243 NC_004572.gbk
535 30.4 4265910 4264708 genome.dna 314060 315173 NC_004572.gbk
277 30.8 4267226 4265910 genome.dna 312474 314061 NC_004572.gbk
519 35.2 4268312 4267230 genome.dna 309981 311091 NC_004572.gbk
616 30.4 4271151 4269664 genome.dna 311021 312617 NC_004572.gbk
534 31.9 4272901 4271138 genome.dna 306823 308569 NC_004572.gbk
638 38.7 4274186 4273242 genome.dna 305315 306269 NC_004572.gbk
222 32.1 4274647 4274189 genome.dna 304837 305266 NC_004572.gbk
1487 41.2 4279582 4277864 genome.dna 286847 288593 NC_004572.gbk
3020 48.7 4330684 4327460 genome.dna 453459 450147 NC_004572.gbk
461 37.3 4331847 4330699 genome.dna 454591 453445 NC_004572.gbk
986 51.5 4334402 4333452 genome.dna 758039 757070 NC_004572.gbk
157 31.6 4335368 4334856 genome.dna 615224 614771 NC_004572.gbk
585 38.4 4339154 4338213 genome.dna 671287 670348 NC_004572.gbk
159 36.5 4339580 4339843 genome.dna 359815 359527 NC_004572.gbk
622 31.0 4342070 4340889 genome.dna 904021 902863 NC_004572.gbk
610 34.4 4343498 4342359 genome.dna 362959 364006 NC_004572.gbk
1773 51.0 4345514 4343607 genome.dna 861728 859916 NC_004572.gbk
1846 50.0 4365488 4367155 genome.dna 492950 491279 NC_004572.gbk
607 38.2 4379941 4378778 genome.dna 387743 388931 NC_004572.gbk
902 48.3 4388480 4389631 genome.dna 446667 445479 NC_004572.gbk
192 33.1 4393907 4394326 genome.dna 462672 462234 NC_004572.gbk
1333 46.8 4398393 4397095 genome.dna 910128 911418 NC_004572.gbk
498 46.9 4435345 4434803 genome.dna 496448 495893 NC_004572.gbk
422 36.1 4448185 4447619 genome.dna 456489 455931 NC_004572.gbk
424 33.5 4482986 4483933 genome.dna 443660 442655 NC_004572.gbk
705 41.3 4489098 4488109 genome.dna 636065 635081 NC_004572.gbk
519 56.7 4490164 4489775 genome.dna 636476 636083 NC_004572.gbk
385 48.7 4490537 4490181 genome.dna 636854 636479 NC_004572.gbk
168 60.5 4490800 4490684 genome.dna 637008 636888 NC_004572.gbk
959 41.6 4492165 4490834 genome.dna 640053 638727 NC_004572.gbk
252 36.1 4492607 4492173 genome.dna 640557 640074 NC_004572.gbk
170 45.5 4492790 4492611 genome.dna 640751 640553 NC_004572.gbk
287 44.8 4493665 4493312 genome.dna 641939 641579 NC_004572.gbk
475 43.4 4494208 4493675 genome.dna 642532 641935 NC_004572.gbk
398 47.3 4494614 4494222 genome.dna 642873 642474 NC_004572.gbk
285 45.5 4494953 4494648 genome.dna 132580 132886 NC_004572.gbk
703 55.4 4495506 4494967 genome.dna 643454 642902 NC_004572.gbk
206 38.4 4495835 4495521 genome.dna 643792 643450 NC_004572.gbk
474 58.9 4496217 4495846 genome.dna 644166 643794 NC_004572.gbk
263 49.4 4496635 4496381 genome.dna 644524 644263 NC_004572.gbk
486 48.5 4497236 4496826 genome.dna 645178 644746 NC_004572.gbk
700 51.4 4497950 4497249 genome.dna 645837 645174 NC_004572.gbk
299 45.4 4498300 4497968 genome.dna 646199 645839 NC_004572.gbk
1072 55.6 4499431 4498610 genome.dna 647318 646484 NC_004572.gbk
196 42.2 4499751 4499449 genome.dna 647637 647325 NC_004572.gbk
644 50.2 4500993 4500364 genome.dna 649002 648369 NC_004572.gbk
377 52.0 4501337 4501026 genome.dna 649320 649011 NC_004572.gbk
2699 58.3 4505956 4503842 genome.dna 790803 788697 NC_004572.gbk
523 49.4 4506523 4506053 genome.dna 791309 790838 NC_004572.gbk
593 72.4 4506994 4506620 genome.dna 791683 791308 NC_004572.gbk
1319 49.9 4514011 4512740 genome.dna 751056 749769 NC_004572.gbk
463 39.9 4531820 4531245 genome.dna 11398 12037 NC_004572.gbk
915 43.9 4557783 4556779 genome.dna 800419 801427 NC_004572.gbk
464 40.9 4559154 4558477 genome.dna 442356 441696 NC_004572.gbk
1149 37.1 4672431 4670269 genome.dna 88752 90984 NC_004572.gbk
433 36.5 4680620 4681561 genome.dna 844751 843785 NC_004572.gbk
551 46.8 4702353 4701286 genome.dna 31658 30674 NC_004572.gbk
688 34.2 4708658 4707399 genome.dna 529241 527876 NC_004572.gbk
510 38.8 4729969 4728119 genome.dna 285093 286803 NC_004572.gbk
966 38.0 4733613 4735139 genome.dna 547622 546086 NC_004572.gbk
395 32.7 4777900 4778817 genome.dna 72718 73630 NC_004572.gbk
205 30.8 4786326 4787093 genome.dna 388932 389814 NC_004572.gbk
758 52.8 4859998 4859297 genome.dna 651016 650314 NC_004572.gbk
804 48.0 4860774 4860004 genome.dna 651835 651022 NC_004572.gbk
605 38.7 4862968 4862042 genome.dna 653902 652897 NC_004572.gbk
247 30.7 4869761 4870336 genome.dna 751692 751128 NC_004572.gbk
934 34.6 4954563 4953274 genome.dna 761135 759815 NC_004572.gbk
151 50.0 4985770 4985910 genome.dna 927266 927113 NC_004572.gbk
834 48.8 5018328 5017552 genome.dna 437374 436564 NC_004572.gbk
599 36.5 5019301 5018414 genome.dna 438242 437348 NC_004572.gbk
504 32.6 5020260 5019301 genome.dna 439208 438308 NC_004572.gbk
789 33.8 5026700 5027902 genome.dna 828511 829726 NC_004572.gbk
1579 42.3 5049054 5047222 genome.dna 711679 709828 NC_004572.gbk
1812 60.2 5055348 5053966 genome.dna 518432 516998 NC_004572.gbk
245 31.0 5056259 5055396 genome.dna 519482 518471 NC_004572.gbk
1630 50.0 5057853 5056312 genome.dna 521166 519501 NC_004572.gbk
169 42.2 5059187 5058948 genome.dna 522686 522458 NC_004572.gbk
