437 45.5 475 32 genome.dna 1676673 1677117 NC_002663.gbk
682 69.3 1026 565 genome.dna 1782475 1782022 NC_002663.gbk
1430 63.0 1179 2171 genome.dna 1782632 1783625 NC_002663.gbk
1361 45.6 9017 7668 genome.dna 239075 240449 NC_002663.gbk
988 66.8 9676 9014 genome.dna 238417 239089 NC_002663.gbk
262 35.9 9921 10316 genome.dna 1366884 1366509 NC_002663.gbk
553 61.9 10521 10940 genome.dna 184510 184090 NC_002663.gbk
2321 73.0 10948 12453 genome.dna 184079 182582 NC_002663.gbk
1367 67.9 12461 13429 genome.dna 182566 181597 NC_002663.gbk
1364 73.0 13455 14342 genome.dna 181570 180682 NC_002663.gbk
1128 57.9 14538 15464 genome.dna 180599 179678 NC_002663.gbk
1164 52.6 15468 16463 genome.dna 179596 178582 NC_002663.gbk
530 47.9 22684 22163 genome.dna 2010922 2010412 NC_002663.gbk
557 47.3 23264 22674 genome.dna 2025604 2025034 NC_002663.gbk
412 65.9 23466 23735 genome.dna 2025668 2025935 NC_002663.gbk
679 46.9 24825 25448 genome.dna 2025944 2026565 NC_002663.gbk
3927 64.9 25826 28615 genome.dna 1254142 1256935 NC_002663.gbk
982 74.5 29669 29034 genome.dna 1710436 1709818 NC_002663.gbk
363 43.3 29873 30427 genome.dna 2073587 2073017 NC_002663.gbk
2081 66.2 30749 32122 genome.dna 2072572 2071192 NC_002663.gbk
2250 69.4 36667 35258 genome.dna 1371024 1372443 NC_002663.gbk
3343 83.4 37037 38860 genome.dna 1369832 1367981 NC_002663.gbk
607 63.9 39698 40135 genome.dna 1825461 1825026 NC_002663.gbk
3006 65.5 47188 45107 genome.dna 1085620 1083538 NC_002663.gbk
3167 66.1 49985 47886 genome.dna 1087740 1085616 NC_002663.gbk
364 65.5 50279 50004 genome.dna 1088070 1087800 NC_002663.gbk
859 64.7 50956 50333 genome.dna 1088763 1088136 NC_002663.gbk
1536 59.0 59253 58054 genome.dna 27426 28650 NC_002663.gbk
655 67.9 62108 62545 genome.dna 1480486 1480912 NC_002663.gbk
2292 76.6 62838 64181 genome.dna 47015 45665 NC_002663.gbk
986 64.5 68440 67694 genome.dna 2028139 2028898 NC_002663.gbk
3278 69.6 70479 68437 genome.dna 788586 790626 NC_002663.gbk
2503 51.0 70800 73349 genome.dna 662871 665100 NC_002663.gbk
1225 64.1 76671 77513 genome.dna 1425947 1426793 NC_002663.gbk
2406 77.8 77642 78994 genome.dna 1426889 1428245 NC_002663.gbk
882 69.3 97287 96724 genome.dna 1813950 1813398 NC_002663.gbk
639 42.7 97589 98332 genome.dna 109059 108264 NC_002663.gbk
1872 91.0 98527 99441 genome.dna 1293033 1293936 NC_002663.gbk
3183 69.7 99451 101520 genome.dna 1295411 1297481 NC_002663.gbk
2672 66.6 102940 104847 genome.dna 1249330 1251232 NC_002663.gbk
1480 61.7 104909 106057 genome.dna 1251298 1252456 NC_002663.gbk
337 33.5 106133 106735 genome.dna 1252498 1253017 NC_002663.gbk
1030 72.9 110262 109636 genome.dna 829 184 NC_002663.gbk
926 57.1 111355 110522 genome.dna 479566 480388 NC_002663.gbk
772 34.0 115831 114374 genome.dna 1564588 1563118 NC_002663.gbk
2335 79.3 124086 125432 genome.dna 963179 961841 NC_002663.gbk
1104 45.0 140268 141428 genome.dna 329662 328495 NC_002663.gbk
242 30.7 143192 142830 genome.dna 1845567 1845933 NC_002663.gbk
1136 60.3 151546 150683 genome.dna 2118720 2117856 NC_002663.gbk
1222 78.9 162282 162998 genome.dna 2118855 2119572 NC_002663.gbk
983 67.6 163345 163986 genome.dna 2119587 2120232 NC_002663.gbk
633 49.2 164985 164389 genome.dna 1352381 1352981 NC_002663.gbk
762 74.7 165569 165111 genome.dna 1351922 1352378 NC_002663.gbk
1525 58.6 166824 165547 genome.dna 1350704 1351907 NC_002663.gbk
741 54.5 166978 167643 genome.dna 1350527 1349852 NC_002663.gbk
460 84.4 167881 168117 genome.dna 1349611 1349374 NC_002663.gbk
287 81.5 168129 168296 genome.dna 1349363 1349192 NC_002663.gbk
1067 57.5 168516 169325 genome.dna 1345395 1344582 NC_002663.gbk
525 47.7 170854 170375 genome.dna 1499479 1499002 NC_002663.gbk
1437 50.8 172168 170891 genome.dna 1500759 1499475 NC_002663.gbk
758 47.6 174074 173307 genome.dna 1500841 1501606 NC_002663.gbk
1110 52.2 184524 183541 genome.dna 2083983 2083017 NC_002663.gbk
1418 61.7 185588 184521 genome.dna 2085026 2083979 NC_002663.gbk
1646 76.8 186544 185612 genome.dna 1536004 1535071 NC_002663.gbk
665 41.0 190130 189183 genome.dna 1706578 1707421 NC_002663.gbk
1110 43.8 191434 190133 genome.dna 1705352 1706582 NC_002663.gbk
439 44.1 191679 192110 genome.dna 1619297 1618856 NC_002663.gbk
621 53.2 192299 192775 genome.dna 1618839 1618326 NC_002663.gbk
1531 67.7 192775 193791 genome.dna 1618221 1617207 NC_002663.gbk
1310 77.1 193935 194756 genome.dna 1617180 1616385 NC_002663.gbk
805 41.8 199675 198740 genome.dna 495523 496450 NC_002663.gbk
2745 55.3 199780 202044 genome.dna 495225 492951 NC_002663.gbk
1139 68.5 207819 208589 genome.dna 1782000 1781241 NC_002663.gbk
3964 66.1 212248 209609 genome.dna 630927 628287 NC_002663.gbk
1767 64.2 217581 216430 genome.dna 1316663 1315442 NC_002663.gbk
1447 63.0 217784 218788 genome.dna 1316698 1317706 NC_002663.gbk
1031 62.4 218826 219599 genome.dna 1317706 1318480 NC_002663.gbk
2272 74.8 219661 221034 genome.dna 1318495 1319869 NC_002663.gbk
949 35.1 221269 222798 genome.dna 1461305 1459655 NC_002663.gbk
1291 74.9 222967 223722 genome.dna 1895120 1895927 NC_002663.gbk
387 31.5 223735 224358 genome.dna 1896261 1896894 NC_002663.gbk
2132 62.7 224355 225995 genome.dna 1896911 1898495 NC_002663.gbk
250 57.6 226078 226338 genome.dna 1898603 1898834 NC_002663.gbk
423 40.6 226342 226935 genome.dna 1898833 1899409 NC_002663.gbk
1192 70.4 226939 227694 genome.dna 1899408 1900146 NC_002663.gbk
1681 73.2 228573 229595 genome.dna 1900217 1901243 NC_002663.gbk
2856 82.4 230345 231841 genome.dna 241439 242918 NC_002663.gbk
611 51.5 237567 238178 genome.dna 1687568 1688177 NC_002663.gbk
1846 55.9 238222 239673 genome.dna 1688180 1689644 NC_002663.gbk
614 53.8 239695 240234 genome.dna 1689643 1690156 NC_002663.gbk
1363 58.8 245968 247005 genome.dna 1801006 1799980 NC_002663.gbk
675 39.0 247002 247961 genome.dna 339193 340132 NC_002663.gbk
1320 65.5 248939 247989 genome.dna 1969366 1970317 NC_002663.gbk
2399 90.8 250357 251541 genome.dna 1546640 1547825 NC_002663.gbk
373 48.8 251779 252162 genome.dna 1967206 1966795 NC_002663.gbk
933 76.2 252164 252709 genome.dna 1966794 1966242 NC_002663.gbk
816 88.7 252872 253300 genome.dna 1966083 1965654 NC_002663.gbk
1210 82.1 253304 254008 genome.dna 1965650 1964960 NC_002663.gbk
823 81.3 254326 254823 genome.dna 1961806 1961314 NC_002663.gbk
579 80.3 254890 255255 genome.dna 1961263 1960894 NC_002663.gbk
7576 84.7 255584 259612 genome.dna 1960620 1956591 NC_002663.gbk
7697 82.2 259736 263959 genome.dna 1956481 1952227 NC_002663.gbk
286 31.8 271449 270808 genome.dna 1454104 1453438 NC_002663.gbk
870 50.2 274385 275167 genome.dna 1952085 1951290 NC_002663.gbk
1907 79.0 275283 276347 genome.dna 1951294 1950229 NC_002663.gbk
675 51.5 277129 277719 genome.dna 1950215 1949624 NC_002663.gbk
417 75.6 277924 278196 genome.dna 1949473 1949200 NC_002663.gbk
2162 76.1 280242 278956 genome.dna 249671 250961 NC_002663.gbk
2655 75.4 281849 280260 genome.dna 246442 248044 NC_002663.gbk
501 79.6 300274 299978 genome.dna 1282641 1282341 NC_002663.gbk
1403 64.4 301263 300298 genome.dna 1283626 1282621 NC_002663.gbk
772 43.5 302355 301621 genome.dna 2144619 2145378 NC_002663.gbk
1461 70.1 303420 302533 genome.dna 1284784 1283902 NC_002663.gbk
1953 59.9 304889 303438 genome.dna 1286360 1284926 NC_002663.gbk
2580 84.3 306633 305290 genome.dna 1288030 1286683 NC_002663.gbk
653 67.9 307112 306645 genome.dna 1288593 1288131 NC_002663.gbk
625 65.8 307589 307137 genome.dna 1289194 1288747 NC_002663.gbk
433 38.3 308443 307844 genome.dna 614726 615347 NC_002663.gbk
1334 62.6 309481 308480 genome.dna 613695 614727 NC_002663.gbk
1817 79.1 313270 314313 genome.dna 2194365 2195421 NC_002663.gbk
1019 47.7 314487 315470 genome.dna 2195499 2196549 NC_002663.gbk
539 44.8 315467 315955 genome.dna 2196548 2197037 NC_002663.gbk
485 43.5 315964 316557 genome.dna 1461399 1462002 NC_002663.gbk
2328 71.8 316547 318016 genome.dna 403135 404611 NC_002663.gbk
2114 66.7 321945 323390 genome.dna 404809 406258 NC_002663.gbk
652 63.9 331519 330968 genome.dna 145918 145375 NC_002663.gbk
1813 61.4 331816 333156 genome.dna 146012 147368 NC_002663.gbk
1247 62.2 334964 334107 genome.dna 196091 195224 NC_002663.gbk
412 36.4 335599 335126 genome.dna 196638 196119 NC_002663.gbk
1241 80.1 338215 337490 genome.dna 197366 196640 NC_002663.gbk
567 50.0 338791 338219 genome.dna 197887 197374 NC_002663.gbk
393 37.8 339338 338772 genome.dna 198449 197870 NC_002663.gbk
467 42.8 339901 339335 genome.dna 599813 599267 NC_002663.gbk
783 41.0 340994 339921 genome.dna 600853 599812 NC_002663.gbk
776 41.0 341977 341009 genome.dna 502781 501812 NC_002663.gbk
1263 72.2 342391 343203 genome.dna 198679 199474 NC_002663.gbk
1315 75.2 343211 343993 genome.dna 199470 200256 NC_002663.gbk
610 54.7 343998 344564 genome.dna 200293 200800 NC_002663.gbk
663 45.9 344577 345206 genome.dna 200844 201483 NC_002663.gbk
145 37.4 345220 345510 genome.dna 201487 201865 NC_002663.gbk
304 54.9 345645 345899 genome.dna 201846 202104 NC_002663.gbk
1987 73.6 345980 347242 genome.dna 202124 203402 NC_002663.gbk
898 48.8 348448 347351 genome.dna 882690 881661 NC_002663.gbk
1759 59.1 349956 348586 genome.dna 862775 864155 NC_002663.gbk
323 39.5 350598 350194 genome.dna 798945 799359 NC_002663.gbk
854 89.4 352201 352629 genome.dna 597042 597471 NC_002663.gbk
735 86.9 352645 353037 genome.dna 597487 597880 NC_002663.gbk
948 68.0 353367 354008 genome.dna 598078 598717 NC_002663.gbk
449 44.6 354014 354517 genome.dna 598722 599205 NC_002663.gbk
436 33.3 355354 354581 genome.dna 2206438 2205658 NC_002663.gbk
780 50.7 366712 367449 genome.dna 379964 379223 NC_002663.gbk
571 52.7 369528 368956 genome.dna 751998 752583 NC_002663.gbk
514 40.2 370130 369540 genome.dna 751347 751935 NC_002663.gbk
475 33.8 372543 370525 genome.dna 749268 750984 NC_002663.gbk
1252 70.2 372605 373492 genome.dna 749194 748348 NC_002663.gbk
751 54.6 379620 380252 genome.dna 1203715 1203106 NC_002663.gbk
1038 54.2 380920 381747 genome.dna 1202939 1202108 NC_002663.gbk
3354 78.9 382412 384307 genome.dna 435597 433698 NC_002663.gbk
654 39.9 386934 386071 genome.dna 1566457 1565572 NC_002663.gbk
3612 71.9 392535 394805 genome.dna 433433 431180 NC_002663.gbk
1056 63.3 394956 395693 genome.dna 127388 128114 NC_002663.gbk
1235 40.8 395766 397181 genome.dna 128117 129524 NC_002663.gbk
1469 58.0 400586 399423 genome.dna 176198 177350 NC_002663.gbk
1831 66.5 404861 403671 genome.dna 940005 938808 NC_002663.gbk
1176 42.9 406489 405197 genome.dna 310695 309411 NC_002663.gbk
901 42.7 411561 410542 genome.dna 2088290 2087270 NC_002663.gbk
800 35.4 413001 411592 genome.dna 2089815 2088315 NC_002663.gbk
1053 54.6 417112 416177 genome.dna 2090722 2089795 NC_002663.gbk
281 30.5 423054 423548 genome.dna 2197506 2197056 NC_002663.gbk
679 54.8 424707 424243 genome.dna 1112544 1113021 NC_002663.gbk
3726 75.9 426927 424789 genome.dna 1110331 1112473 NC_002663.gbk
591 72.7 431880 431494 genome.dna 1657388 1657778 NC_002663.gbk
1601 71.6 435364 434357 genome.dna 956259 957264 NC_002663.gbk
501 56.7 435526 435951 genome.dna 1772758 1773184 NC_002663.gbk
4654 70.7 460910 458055 genome.dna 970479 967614 NC_002663.gbk
480 50.7 461372 460923 genome.dna 972785 972356 NC_002663.gbk
1971 60.0 463248 461737 genome.dna 219457 217972 NC_002663.gbk
1257 50.1 463531 464646 genome.dna 219575 220682 NC_002663.gbk
1392 58.1 464646 465722 genome.dna 220688 221759 NC_002663.gbk
1319 52.2 522787 521576 genome.dna 1935854 1937024 NC_002663.gbk
1053 42.0 523994 522816 genome.dna 1934646 1935852 NC_002663.gbk
943 53.5 525365 524040 genome.dna 1933309 1934635 NC_002663.gbk
604 50.5 526058 525471 genome.dna 1932737 1933286 NC_002663.gbk
247 37.1 526251 526580 genome.dna 1932594 1932291 NC_002663.gbk
608 46.8 526894 527520 genome.dna 1932012 1931439 NC_002663.gbk
1559 51.9 528770 527517 genome.dna 1582620 1583907 NC_002663.gbk
2440 79.4 530287 528905 genome.dna 282873 284253 NC_002663.gbk
1023 54.3 531282 530305 genome.dna 1865267 1864304 NC_002663.gbk
3040 85.1 533382 534971 genome.dna 965204 966794 NC_002663.gbk
776 49.4 536846 537643 genome.dna 1114118 1113326 NC_002663.gbk
1604 68.0 537938 539215 genome.dna 1488007 1486744 NC_002663.gbk
1685 67.5 589365 590507 genome.dna 1996330 1997479 NC_002663.gbk
1361 46.8 692651 690918 genome.dna 244509 246270 NC_002663.gbk
1293 43.2 694412 693111 genome.dna 1619508 1620822 NC_002663.gbk
2424 78.1 695973 694534 genome.dna 1299035 1297616 NC_002663.gbk
283 33.3 696469 696939 genome.dna 1301066 1301537 NC_002663.gbk
518 84.4 697176 697469 genome.dna 1301625 1301916 NC_002663.gbk
3021 87.1 697515 699164 genome.dna 1302011 1303655 NC_002663.gbk
247 31.1 699428 699961 genome.dna 1083546 1083033 NC_002663.gbk
1122 58.7 699974 700837 genome.dna 1974227 1973354 NC_002663.gbk
3173 58.3 703455 700978 genome.dna 1375874 1378304 NC_002663.gbk
401 54.7 703585 703950 genome.dna 2105896 2105539 NC_002663.gbk
989 73.3 704061 704669 genome.dna 1375416 1374780 NC_002663.gbk
1611 60.5 725271 724024 genome.dna 1047206 1045964 NC_002663.gbk
2010 72.1 753122 751287 genome.dna 1432574 1434443 NC_002663.gbk
2319 59.2 755031 753277 genome.dna 1430750 1432499 NC_002663.gbk
383 83.1 755400 755185 genome.dna 1430419 1430635 NC_002663.gbk
1705 73.1 755628 756641 genome.dna 1430201 1429169 NC_002663.gbk
672 70.2 757206 756736 genome.dna 633947 633404 NC_002663.gbk
1569 79.0 757677 758612 genome.dna 634090 635026 NC_002663.gbk
1367 65.6 761351 760380 genome.dna 409411 408418 NC_002663.gbk
569 81.6 761608 761919 genome.dna 409629 409941 NC_002663.gbk
476 83.5 761939 762196 genome.dna 409961 410219 NC_002663.gbk
1012 50.2 762286 763248 genome.dna 411217 412135 NC_002663.gbk
1910 71.1 763509 764681 genome.dna 412143 413316 NC_002663.gbk
1301 41.4 766185 764752 genome.dna 841384 842848 NC_002663.gbk
806 77.2 766454 766933 genome.dna 841218 840741 NC_002663.gbk
449 72.2 767354 767061 genome.dna 831717 832020 NC_002663.gbk
1124 80.8 767499 768128 genome.dna 512401 513031 NC_002663.gbk
3234 75.0 768185 770122 genome.dna 513162 515082 NC_002663.gbk
1022 56.4 770241 771074 genome.dna 515214 516042 NC_002663.gbk
2233 74.5 771082 772419 genome.dna 516062 517397 NC_002663.gbk
349 48.7 772670 773002 genome.dna 234035 234383 NC_002663.gbk
2285 69.8 777751 779280 genome.dna 897474 895989 NC_002663.gbk
3642 71.1 779306 782008 genome.dna 895974 893472 NC_002663.gbk
546 68.0 782083 782481 genome.dna 892334 891935 NC_002663.gbk
1146 56.1 782481 783425 genome.dna 891936 891012 NC_002663.gbk
442 76.4 783547 783816 genome.dna 352298 352568 NC_002663.gbk
3491 74.8 784066 786186 genome.dna 1311926 1309781 NC_002663.gbk
747 44.2 786310 787194 genome.dna 1309743 1308801 NC_002663.gbk
2013 61.2 787369 789282 genome.dna 1308694 1306861 NC_002663.gbk
1320 84.7 798538 799257 genome.dna 1486539 1485822 NC_002663.gbk
497 52.8 803045 802602 genome.dna 1132183 1132651 NC_002663.gbk
265 35.9 803427 802996 genome.dna 1131800 1132211 NC_002663.gbk
992 47.9 803587 804633 genome.dna 1131726 1130739 NC_002663.gbk
431 38.9 832101 831100 genome.dna 2117845 2116960 NC_002663.gbk
266 49.3 832337 832603 genome.dna 2014008 2013753 NC_002663.gbk
1430 49.7 839555 838230 genome.dna 1453449 1452144 NC_002663.gbk
1409 69.0 839867 840766 genome.dna 119174 118280 NC_002663.gbk
619 42.4 840892 841608 genome.dna 214048 214732 NC_002663.gbk
2234 59.0 841615 843360 genome.dna 214794 216516 NC_002663.gbk
2358 69.6 844582 846099 genome.dna 212733 211227 NC_002663.gbk
2207 78.2 854876 856231 genome.dna 327075 328389 NC_002663.gbk
1282 50.6 866383 867786 genome.dna 1001352 1000074 NC_002663.gbk
1253 43.1 909308 910588 genome.dna 868533 869802 NC_002663.gbk
803 74.7 927840 927358 genome.dna 241280 240797 NC_002663.gbk
530 52.8 927996 928442 genome.dna 191828 192269 NC_002663.gbk
356 51.6 928432 928713 genome.dna 192255 192555 NC_002663.gbk
1690 48.2 931102 929441 genome.dna 387177 385500 NC_002663.gbk
1110 57.8 932060 931182 genome.dna 388179 387261 NC_002663.gbk
630 51.0 932209 932796 genome.dna 388329 388935 NC_002663.gbk
502 53.2 957261 956803 genome.dna 1854731 1854275 NC_002663.gbk
1433 68.4 963666 964628 genome.dna 1855706 1854752 NC_002663.gbk
3683 71.8 964883 967162 genome.dna 3259 982 NC_002663.gbk
1432 51.6 967560 968834 genome.dna 1386285 1387542 NC_002663.gbk
1747 48.0 980392 982056 genome.dna 44860 43165 NC_002663.gbk
1158 60.3 983011 983910 genome.dna 529456 530347 NC_002663.gbk
2115 51.1 990019 988067 genome.dna 1171996 1170046 NC_002663.gbk
537 32.7 991219 990023 genome.dna 1173120 1171992 NC_002663.gbk
814 77.5 994093 993584 genome.dna 1055515 1055014 NC_002663.gbk
2724 73.3 995970 994243 genome.dna 1057301 1055573 NC_002663.gbk
424 80.0 996273 996016 genome.dna 1057644 1057386 NC_002663.gbk
1511 74.7 997695 996727 genome.dna 1902266 1901318 NC_002663.gbk
925 51.2 998685 997858 genome.dna 1903179 1902375 NC_002663.gbk
954 68.4 1002298 1002951 genome.dna 1581938 1581293 NC_002663.gbk
1155 59.1 1003896 1003036 genome.dna 758644 759505 NC_002663.gbk
1047 51.2 1019692 1018730 genome.dna 22509 23469 NC_002663.gbk
981 54.3 1060623 1061516 genome.dna 472481 473345 NC_002663.gbk
3321 67.2 1076168 1078321 genome.dna 952544 954707 NC_002663.gbk
1302 56.1 1085633 1084560 genome.dna 1512491 1513574 NC_002663.gbk
465 69.7 1085958 1085686 genome.dna 1512218 1512491 NC_002663.gbk
1376 57.0 1087061 1085955 genome.dna 1511104 1512241 NC_002663.gbk
947 57.7 1087227 1087946 genome.dna 1510411 1509643 NC_002663.gbk
486 57.3 1087948 1088292 genome.dna 1509561 1509216 NC_002663.gbk
883 58.7 1094877 1094161 genome.dna 1257717 1256988 NC_002663.gbk
932 61.6 1095844 1095149 genome.dna 1258451 1257782 NC_002663.gbk
871 62.2 1099537 1100406 genome.dna 108255 107442 NC_002663.gbk
362 31.1 1100443 1101237 genome.dna 107446 106594 NC_002663.gbk
1656 39.1 1103446 1106844 genome.dna 1136067 1132692 NC_002663.gbk
755 38.2 1109886 1113512 genome.dna 589976 593669 NC_002663.gbk
672 39.9 1113509 1115371 genome.dna 593668 595642 NC_002663.gbk
1796 61.6 1119387 1118062 genome.dna 977193 978516 NC_002663.gbk
1033 44.4 1121679 1122809 genome.dna 1096085 1094960 NC_002663.gbk
866 36.7 1131750 1134008 genome.dna 2017901 2020373 NC_002663.gbk
1046 58.8 1134065 1134883 genome.dna 1094976 1094199 NC_002663.gbk
1150 48.7 1136591 1135386 genome.dna 1037074 1038340 NC_002663.gbk
969 53.1 1137533 1138456 genome.dna 652302 653184 NC_002663.gbk
326 42.9 1138546 1138941 genome.dna 910455 910071 NC_002663.gbk
1445 58.9 1138934 1140034 genome.dna 653183 654281 NC_002663.gbk
1954 64.4 1142316 1140952 genome.dna 560798 559430 NC_002663.gbk
1130 60.8 1143476 1142628 genome.dna 561646 560806 NC_002663.gbk
1000 62.6 1147729 1148514 genome.dna 562926 563658 NC_002663.gbk
1490 81.9 1150402 1149575 genome.dna 761610 760785 NC_002663.gbk
2675 47.8 1153145 1150431 genome.dna 534479 537074 NC_002663.gbk
1189 66.1 1154052 1153258 genome.dna 533615 534419 NC_002663.gbk
1308 81.3 1154397 1155122 genome.dna 2224852 2225611 NC_002663.gbk
1369 75.4 1155257 1156108 genome.dna 2225752 2226601 NC_002663.gbk
1251 79.1 1156279 1157004 genome.dna 2226744 2227473 NC_002663.gbk
926 75.4 1157130 1157687 genome.dna 2227548 2228106 NC_002663.gbk
1701 64.1 1157925 1159121 genome.dna 2228253 2229471 NC_002663.gbk
988 63.4 1159320 1160081 genome.dna 2229520 2230243 NC_002663.gbk
857 47.1 1160091 1160948 genome.dna 2230259 2231129 NC_002663.gbk
1556 50.0 1160970 1162325 genome.dna 2231150 2232479 NC_002663.gbk
1688 47.2 1162361 1164805 genome.dna 2232508 2234884 NC_002663.gbk
1498 64.7 1165447 1166469 genome.dna 2235573 2236602 NC_002663.gbk
718 70.1 1166572 1167027 genome.dna 2236707 2237166 NC_002663.gbk
1319 72.9 1167032 1167820 genome.dna 2237183 2237972 NC_002663.gbk
1515 60.7 1167824 1168975 genome.dna 2238047 2239226 NC_002663.gbk
919 74.1 1168997 1169593 genome.dna 2239227 2239821 NC_002663.gbk
5653 71.5 1169670 1173152 genome.dna 31763 35243 NC_002663.gbk
1636 75.9 1173165 1174124 genome.dna 333833 332879 NC_002663.gbk
460 53.1 1174256 1174645 genome.dna 12412 12817 NC_002663.gbk
921 42.2 1174650 1175972 genome.dna 331194 329898 NC_002663.gbk
3722 67.7 1180703 1178139 genome.dna 2066575 2069158 NC_002663.gbk
159 31.1 1187197 1188408 genome.dna 2186590 2185303 NC_002663.gbk
258 35.1 1191839 1192258 genome.dna 2181756 2181345 NC_002663.gbk
996 57.3 1202667 1201900 genome.dna 152919 152145 NC_002663.gbk
1187 54.7 1203627 1202668 genome.dna 153911 152918 NC_002663.gbk
1258 56.5 1204622 1203627 genome.dna 154894 153910 NC_002663.gbk
971 54.4 1205533 1204619 genome.dna 155790 154893 NC_002663.gbk
435 57.1 1211683 1212024 genome.dna 185293 184960 NC_002663.gbk
1005 51.5 1254320 1253391 genome.dna 121254 122163 NC_002663.gbk
1391 65.7 1254672 1255583 genome.dna 1568107 1567195 NC_002663.gbk
889 58.4 1260789 1261478 genome.dna 508305 507609 NC_002663.gbk
1045 39.9 1261506 1262828 genome.dna 507613 506317 NC_002663.gbk
725 31.5 1265611 1266930 genome.dna 2115594 2116899 NC_002663.gbk
1164 83.5 1270601 1269999 genome.dna 940187 940790 NC_002663.gbk
1573 66.1 1271755 1272822 genome.dna 260550 259458 NC_002663.gbk
2166 81.9 1272920 1274065 genome.dna 257101 255943 NC_002663.gbk
399 63.8 1274175 1274507 genome.dna 255646 255349 NC_002663.gbk
2493 61.5 1274535 1276382 genome.dna 255324 253473 NC_002663.gbk
969 47.5 1276393 1277361 genome.dna 253466 252491 NC_002663.gbk
698 69.8 1278470 1278919 genome.dna 884266 883816 NC_002663.gbk
1414 59.7 1278982 1280091 genome.dna 883817 882686 NC_002663.gbk
732 73.2 1280201 1280677 genome.dna 860410 859936 NC_002663.gbk
541 59.3 1280702 1281121 genome.dna 859931 859496 NC_002663.gbk
1152 52.9 1281190 1282170 genome.dna 859480 858487 NC_002663.gbk
500 47.7 1282175 1282681 genome.dna 858478 857992 NC_002663.gbk
3092 73.5 1284598 1282733 genome.dna 610340 608495 NC_002663.gbk
986 53.3 1285528 1284617 genome.dna 611294 610406 NC_002663.gbk
273 60.8 1285773 1285525 genome.dna 611558 611312 NC_002663.gbk
2315 70.7 1286027 1287475 genome.dna 611758 613201 NC_002663.gbk
806 74.2 1289161 1289652 genome.dna 1864298 1863806 NC_002663.gbk
741 36.1 1297979 1296492 genome.dna 325790 324512 NC_002663.gbk
289 47.3 1298919 1299233 genome.dna 1515861 1516173 NC_002663.gbk
1828 62.9 1299536 1300840 genome.dna 2210472 2211771 NC_002663.gbk
977 73.1 1301367 1301990 genome.dna 2211935 2212517 NC_002663.gbk
1921 72.0 1302154 1303428 genome.dna 2212532 2213768 NC_002663.gbk
3868 73.4 1303620 1306001 genome.dna 2213892 2216307 NC_002663.gbk
1171 32.5 1306869 1308749 genome.dna 2216437 2218318 NC_002663.gbk
686 48.6 1310544 1309849 genome.dna 209096 208409 NC_002663.gbk
1017 53.4 1319182 1318319 genome.dna 656099 655220 NC_002663.gbk
233 45.1 1322693 1322445 genome.dna 244331 244064 NC_002663.gbk
254 33.3 1329039 1329440 genome.dna 788465 788102 NC_002663.gbk
813 69.5 1329655 1330212 genome.dna 425015 425558 NC_002663.gbk
1667 46.1 1330287 1332362 genome.dna 425592 427737 NC_002663.gbk
642 86.2 1332403 1332732 genome.dna 230722 231052 NC_002663.gbk
1076 78.2 1332732 1333337 genome.dna 231253 231856 NC_002663.gbk
3176 75.6 1333507 1335396 genome.dna 1207935 1206039 NC_002663.gbk
1058 72.8 1335658 1336302 genome.dna 324364 323719 NC_002663.gbk
1109 51.7 1336525 1337487 genome.dna 933337 934318 NC_002663.gbk
2074 54.6 1339959 1341608 genome.dna 1387629 1389279 NC_002663.gbk
610 60.0 1352428 1351949 genome.dna 567941 567464 NC_002663.gbk
1430 37.4 1356196 1353473 genome.dna 2132498 2134673 NC_002663.gbk
337 40.0 1357212 1356757 genome.dna 1043464 1043014 NC_002663.gbk
1516 76.8 1358126 1357212 genome.dna 1044408 1043484 NC_002663.gbk
2128 83.5 1359784 1358654 genome.dna 847689 848820 NC_002663.gbk
4204 81.2 1362181 1359896 genome.dna 843243 845514 NC_002663.gbk
496 57.9 1363250 1362525 genome.dna 991098 990369 NC_002663.gbk
3723 74.1 1363499 1366138 genome.dna 991232 993932 NC_002663.gbk
804 40.1 1377747 1379069 genome.dna 58287 59583 NC_002663.gbk
1760 46.5 1379359 1381041 genome.dna 59595 61302 NC_002663.gbk
597 38.7 1381068 1381829 genome.dna 61343 62087 NC_002663.gbk
1725 86.0 1381835 1382692 genome.dna 1291388 1290530 NC_002663.gbk
1240 58.7 1382692 1383663 genome.dna 1290278 1289264 NC_002663.gbk
1151 41.9 1383651 1385081 genome.dna 416286 417705 NC_002663.gbk
1162 46.4 1387613 1386405 genome.dna 959562 958347 NC_002663.gbk
859 59.9 1426894 1426256 genome.dna 17407 16765 NC_002663.gbk
1759 75.4 1427931 1426894 genome.dna 18444 17406 NC_002663.gbk
1180 85.1 1428285 1428911 genome.dna 16618 15991 NC_002663.gbk
982 37.3 1429248 1430537 genome.dna 15872 14618 NC_002663.gbk
736 48.7 1430628 1431344 genome.dna 14597 13832 NC_002663.gbk
415 56.1 1431761 1431390 genome.dna 1328412 1328061 NC_002663.gbk
725 69.1 1433876 1433409 genome.dna 1241603 1242071 NC_002663.gbk
1269 65.8 1434853 1435731 genome.dna 1241429 1240532 NC_002663.gbk
511 52.8 1437843 1438295 genome.dna 910929 910476 NC_002663.gbk
1262 41.0 1438319 1440418 genome.dna 1232543 1230587 NC_002663.gbk
799 51.1 1465232 1464561 genome.dna 1204411 1203724 NC_002663.gbk
1637 62.8 1466359 1465232 genome.dna 1205544 1204407 NC_002663.gbk
359 46.1 1466738 1466361 genome.dna 1205968 1205623 NC_002663.gbk
717 47.4 1467907 1467197 genome.dna 1838149 1837456 NC_002663.gbk
293 42.0 1468782 1468399 genome.dna 1841278 1841683 NC_002663.gbk
1666 74.1 1470427 1469462 genome.dna 2168963 2169926 NC_002663.gbk
876 62.7 1471338 1470655 genome.dna 2168242 2168899 NC_002663.gbk
332 60.5 1471750 1471487 genome.dna 2167939 2168236 NC_002663.gbk
1347 55.4 1473099 1471888 genome.dna 2166652 2167837 NC_002663.gbk
1658 66.9 1475506 1474394 genome.dna 2164576 2165692 NC_002663.gbk
2434 58.6 1477420 1475516 genome.dna 2162642 2164577 NC_002663.gbk
869 81.4 1477924 1477454 genome.dna 2162162 2162630 NC_002663.gbk
413 57.0 1478243 1477926 genome.dna 2161847 2162159 NC_002663.gbk
791 45.7 1480118 1479093 genome.dna 1408216 1409296 NC_002663.gbk
404 37.3 1480669 1480115 genome.dna 1407713 1408217 NC_002663.gbk
4391 73.7 1483266 1480684 genome.dna 1405075 1407658 NC_002663.gbk
1456 44.8 1489354 1487825 genome.dna 1215441 1213878 NC_002663.gbk
1175 61.5 1490240 1489362 genome.dna 1216381 1215478 NC_002663.gbk
721 69.9 1490971 1490492 genome.dna 1233883 1233406 NC_002663.gbk
1391 65.1 1492026 1490968 genome.dna 1235002 1233883 NC_002663.gbk
2609 82.2 1493774 1492350 genome.dna 1181166 1179741 NC_002663.gbk
1395 55.3 1494007 1495173 genome.dna 1181311 1182487 NC_002663.gbk
1494 55.7 1500518 1499295 genome.dna 794015 792791 NC_002663.gbk
1333 55.4 1501778 1500630 genome.dna 1029336 1028199 NC_002663.gbk
1336 72.2 1502595 1501795 genome.dna 1030152 1029348 NC_002663.gbk
1962 65.8 1502956 1504452 genome.dna 1030459 1031917 NC_002663.gbk
2865 76.4 1504627 1506285 genome.dna 603944 605624 NC_002663.gbk
602 63.6 1506798 1506349 genome.dna 413841 413400 NC_002663.gbk
962 74.6 1507655 1507128 genome.dna 414390 413865 NC_002663.gbk
328 60.7 1510604 1510323 genome.dna 414680 414395 NC_002663.gbk
715 43.8 1511664 1510897 genome.dna 415584 414795 NC_002663.gbk
417 50.0 1511938 1512474 genome.dna 415663 416284 NC_002663.gbk
1036 62.5 1530248 1530991 genome.dna 207119 206363 NC_002663.gbk
2131 72.5 1536355 1535069 genome.dna 313930 312643 NC_002663.gbk
4226 64.2 1540513 1543320 genome.dna 314247 317043 NC_002663.gbk
1947 74.1 1543336 1544562 genome.dna 317117 318332 NC_002663.gbk
1816 69.8 1544898 1546064 genome.dna 318910 320077 NC_002663.gbk
1666 86.8 1546064 1546936 genome.dna 320078 320948 NC_002663.gbk
2388 66.8 1547669 1549237 genome.dna 1146874 1145311 NC_002663.gbk
1643 60.4 1549251 1550390 genome.dna 1145297 1144160 NC_002663.gbk
421 50.8 1550947 1551351 genome.dna 1143628 1143217 NC_002663.gbk
1034 68.0 1551348 1552034 genome.dna 1143199 1142509 NC_002663.gbk
577 64.2 1552047 1552472 genome.dna 1142434 1142011 NC_002663.gbk
560 39.9 1552537 1553724 genome.dna 1141996 1140826 NC_002663.gbk
1846 63.3 1553863 1555155 genome.dna 1140753 1139454 NC_002663.gbk
527 55.8 1555196 1555705 genome.dna 1139434 1138981 NC_002663.gbk
1614 67.2 1561884 1562939 genome.dna 646912 647998 NC_002663.gbk
855 53.5 1563766 1563014 genome.dna 1705170 1704486 NC_002663.gbk
1138 49.3 1571894 1570848 genome.dna 1217529 1216497 NC_002663.gbk
1314 57.1 1573036 1572017 genome.dna 326809 325792 NC_002663.gbk
1528 49.8 1574710 1573235 genome.dna 1045904 1044452 NC_002663.gbk
696 44.2 1575561 1574770 genome.dna 880208 881000 NC_002663.gbk
814 52.4 1576123 1576893 genome.dna 877016 876251 NC_002663.gbk
1051 71.2 1576893 1577582 genome.dna 876020 875291 NC_002663.gbk
1292 54.6 1577582 1578640 genome.dna 875305 874249 NC_002663.gbk
808 46.5 1586578 1585757 genome.dna 1436716 1437532 NC_002663.gbk
815 50.7 1591734 1591099 genome.dna 475356 474669 NC_002663.gbk
1591 71.7 1592635 1591727 genome.dna 476257 475348 NC_002663.gbk
3254 67.2 1598005 1595975 genome.dna 353999 356048 NC_002663.gbk
1556 61.6 1598229 1599338 genome.dna 353818 352705 NC_002663.gbk
1012 69.5 1599518 1600159 genome.dna 1123988 1123337 NC_002663.gbk
1000 76.2 1600255 1600836 genome.dna 1123321 1122736 NC_002663.gbk
2180 75.1 1603000 1604352 genome.dna 258665 257315 NC_002663.gbk
1029 50.8 1607969 1609105 genome.dna 1198286 1199450 NC_002663.gbk
502 53.1 1609114 1609548 genome.dna 1199451 1199895 NC_002663.gbk
1828 42.4 1609565 1611733 genome.dna 1199906 1202006 NC_002663.gbk
1658 55.1 1638449 1639855 genome.dna 1756013 1757468 NC_002663.gbk
988 45.8 1670708 1669659 genome.dna 56773 55705 NC_002663.gbk
1430 62.8 1735237 1734179 genome.dna 1129594 1130644 NC_002663.gbk
2878 64.2 1737321 1735243 genome.dna 1127519 1129577 NC_002663.gbk
1642 68.4 1738556 1737522 genome.dna 1124242 1125280 NC_002663.gbk
1666 53.4 1740042 1738717 genome.dna 1531166 1529873 NC_002663.gbk
812 35.1 1741709 1740132 genome.dna 1532731 1531165 NC_002663.gbk
596 50.0 1742342 1741713 genome.dna 1533293 1532693 NC_002663.gbk
2663 64.4 1756920 1758824 genome.dna 528389 526484 NC_002663.gbk
984 79.1 1758941 1759468 genome.dna 526445 525923 NC_002663.gbk
1465 49.7 1759692 1761089 genome.dna 525758 524360 NC_002663.gbk
1433 68.0 1761092 1762381 genome.dna 524361 523038 NC_002663.gbk
1647 67.9 1762389 1763510 genome.dna 523028 521912 NC_002663.gbk
1142 80.0 1763515 1764231 genome.dna 521852 521168 NC_002663.gbk
410 40.0 1764218 1764715 genome.dna 521230 520702 NC_002663.gbk
1390 44.8 1782838 1781498 genome.dna 2156642 2157974 NC_002663.gbk
794 32.9 1830416 1829217 genome.dna 1731652 1732852 NC_002663.gbk
469 56.9 1860773 1860348 genome.dna 2180312 2179907 NC_002663.gbk
491 57.5 1915161 1914763 genome.dna 1026767 1027172 NC_002663.gbk
1482 35.7 1992328 1990295 genome.dna 2014283 2016290 NC_002663.gbk
1202 38.8 1993342 1994814 genome.dna 1728823 1730284 NC_002663.gbk
945 77.1 1997941 1997423 genome.dna 566862 567396 NC_002663.gbk
1303 40.2 1999760 1998033 genome.dna 564957 566748 NC_002663.gbk
513 53.1 1999980 2000438 genome.dna 564793 564346 NC_002663.gbk
636 43.4 2001616 2000516 genome.dna 929304 928242 NC_002663.gbk
1620 37.2 2005482 2003347 genome.dna 463531 461377 NC_002663.gbk
666 64.9 2005949 2005503 genome.dna 464017 463564 NC_002663.gbk
731 67.8 2008746 2008288 genome.dna 464603 464144 NC_002663.gbk
256 48.8 2010635 2010913 genome.dna 465469 465766 NC_002663.gbk
511 67.9 2011254 2010925 genome.dna 469685 469355 NC_002663.gbk
949 66.7 2012054 2011395 genome.dna 470446 469783 NC_002663.gbk
1166 52.9 2027618 2026698 genome.dna 1040789 1041731 NC_002663.gbk
2882 52.4 2038000 2034716 genome.dna 1165362 1162347 NC_002663.gbk
1548 72.6 2038594 2039550 genome.dna 1165778 1166759 NC_002663.gbk
689 60.9 2040339 2040860 genome.dna 2151376 2151901 NC_002663.gbk
312 82.1 2040877 2041047 genome.dna 2151918 2152089 NC_002663.gbk
1072 50.5 2041077 2042123 genome.dna 2152148 2153138 NC_002663.gbk
1502 70.7 2042130 2043083 genome.dna 2153217 2154171 NC_002663.gbk
1455 72.8 2043101 2044030 genome.dna 2154232 2155171 NC_002663.gbk
1204 78.2 2044045 2044779 genome.dna 2155194 2155923 NC_002663.gbk
390 84.0 2044934 2045170 genome.dna 2156183 2156414 NC_002663.gbk
1064 49.6 2047434 2048453 genome.dna 1879372 1880419 NC_002663.gbk
914 65.5 2048443 2049102 genome.dna 1880318 1881050 NC_002663.gbk
770 39.3 2049102 2050112 genome.dna 1881054 1882038 NC_002663.gbk
1028 58.9 2050132 2050929 genome.dna 1882041 1882824 NC_002663.gbk
585 73.9 2055442 2055792 genome.dna 99098 98747 NC_002663.gbk
1263 54.4 2057749 2058777 genome.dna 98389 97333 NC_002663.gbk
939 72.9 2058806 2059348 genome.dna 975710 975170 NC_002663.gbk
5028 65.0 2070405 2066956 genome.dna 1228473 1225035 NC_002663.gbk
1092 43.4 2070545 2071747 genome.dna 643621 644812 NC_002663.gbk
926 64.0 2071740 2072447 genome.dna 644828 645512 NC_002663.gbk
1361 50.7 2072444 2073691 genome.dna 645512 646766 NC_002663.gbk
1063 52.3 2073776 2074690 genome.dna 784913 783998 NC_002663.gbk
1061 65.9 2074702 2075532 genome.dna 1166839 1167544 NC_002663.gbk
940 53.5 2077218 2077982 genome.dna 1354033 1354789 NC_002663.gbk
506 49.7 2080938 2081411 genome.dna 730261 729781 NC_002663.gbk
1320 58.1 2084214 2085209 genome.dna 935537 936536 NC_002663.gbk
662 56.4 2085741 2085214 genome.dna 937114 936595 NC_002663.gbk
435 30.1 2092574 2091756 genome.dna 1269596 1270391 NC_002663.gbk
938 44.4 2106065 2105019 genome.dna 1526383 1527424 NC_002663.gbk
4210 60.3 2108085 2111138 genome.dna 929837 932924 NC_002663.gbk
523 55.6 2111138 2111554 genome.dna 932925 933345 NC_002663.gbk
1997 56.8 2131621 2133054 genome.dna 19570 21103 NC_002663.gbk
473 40.0 2133102 2133671 genome.dna 21140 21836 NC_002663.gbk
1079 65.2 2133668 2134339 genome.dna 21832 22513 NC_002663.gbk
654 51.8 2138606 2139226 genome.dna 5566 6208 NC_002663.gbk
950 65.9 2139226 2139882 genome.dna 6235 6901 NC_002663.gbk
963 55.7 2139951 2140691 genome.dna 6913 7654 NC_002663.gbk
205 45.5 2140688 2140909 genome.dna 7671 7875 NC_002663.gbk
567 56.6 2140906 2141388 genome.dna 7871 8411 NC_002663.gbk
2961 64.8 2141385 2143340 genome.dna 8407 10363 NC_002663.gbk
725 59.0 2143337 2143894 genome.dna 10359 10905 NC_002663.gbk
491 49.4 2143891 2144349 genome.dna 10904 11369 NC_002663.gbk
533 33.6 2144346 2145215 genome.dna 11365 12280 NC_002663.gbk
850 59.7 2146500 2145886 genome.dna 1809011 1809605 NC_002663.gbk
440 52.1 2146934 2146497 genome.dna 1808570 1808996 NC_002663.gbk
1244 59.0 2147794 2146931 genome.dna 1807689 1808565 NC_002663.gbk
1028 63.7 2148473 2147781 genome.dna 1806937 1807690 NC_002663.gbk
4316 73.7 2150965 2148479 genome.dna 1804387 1806874 NC_002663.gbk
223 39.0 2151231 2150962 genome.dna 1804071 1804347 NC_002663.gbk
525 41.8 2151764 2151228 genome.dna 1803531 1804071 NC_002663.gbk
1441 40.4 2152117 2153838 genome.dna 1803336 1801629 NC_002663.gbk
779 59.8 2153926 2154558 genome.dna 2039255 2038625 NC_002663.gbk
834 54.4 2175615 2174920 genome.dna 2097088 2097811 NC_002663.gbk
2407 74.6 2177036 2175615 genome.dna 2095667 2097071 NC_002663.gbk
1200 73.2 2177765 2177046 genome.dna 2094936 2095656 NC_002663.gbk
1546 49.9 2181270 2179897 genome.dna 753313 754708 NC_002663.gbk
911 65.5 2181519 2182154 genome.dna 753258 752643 NC_002663.gbk
1332 61.0 2184700 2183675 genome.dna 632176 631171 NC_002663.gbk
558 74.0 2186467 2186817 genome.dna 926247 925917 NC_002663.gbk
911 65.2 2187600 2186929 genome.dna 1159094 1159757 NC_002663.gbk
672 70.4 2188157 2187750 genome.dna 1158596 1159004 NC_002663.gbk
425 45.5 2189954 2189487 genome.dna 638072 638537 NC_002663.gbk
1305 55.6 2190305 2191417 genome.dna 2070357 2069223 NC_002663.gbk
332 30.1 2192856 2194133 genome.dna 889739 890927 NC_002663.gbk
1057 54.2 2194218 2195078 genome.dna 332110 331249 NC_002663.gbk
826 63.4 2203467 2202874 genome.dna 785763 786423 NC_002663.gbk
514 37.1 2203741 2204517 genome.dna 785688 784962 NC_002663.gbk
298 43.2 2214906 2215211 genome.dna 943467 943170 NC_002663.gbk
967 48.6 2215224 2216393 genome.dna 943171 941983 NC_002663.gbk
1001 66.4 2216576 2217319 genome.dna 941947 941245 NC_002663.gbk
502 74.3 2217316 2217645 genome.dna 941243 940925 NC_002663.gbk
1174 75.3 2218378 2219073 genome.dna 1438322 1437590 NC_002663.gbk
716 50.2 2224700 2222766 genome.dna 205433 203456 NC_002663.gbk
1360 80.4 2239913 2239125 genome.dna 206276 205493 NC_002663.gbk
913 51.9 2240881 2240066 genome.dna 1074799 1075597 NC_002663.gbk
1552 63.8 2241873 2240881 genome.dna 1073737 1074787 NC_002663.gbk
934 47.2 2242780 2241890 genome.dna 1072842 1073730 NC_002663.gbk
863 38.9 2243732 2242767 genome.dna 1071887 1072853 NC_002663.gbk
1708 53.5 2252210 2253607 genome.dna 1070031 1068624 NC_002663.gbk
731 43.4 2253604 2254647 genome.dna 1068607 1067530 NC_002663.gbk
651 60.8 2258625 2258122 genome.dna 971685 971187 NC_002663.gbk
1545 70.6 2263993 2263058 genome.dna 704194 703249 NC_002663.gbk
5989 68.1 2275609 2279496 genome.dna 910075 906160 NC_002663.gbk
2070 58.0 2298807 2297113 genome.dna 1120025 1118315 NC_002663.gbk
1931 60.1 2338271 2339743 genome.dna 1734498 1735959 NC_002663.gbk
398 42.0 2461266 2461811 genome.dna 1721484 1720977 NC_002663.gbk
1975 80.4 2487322 2486231 genome.dna 191055 189963 NC_002663.gbk
860 62.9 2488039 2487452 genome.dna 191673 191088 NC_002663.gbk
1755 85.0 2489732 2488785 genome.dna 276080 275132 NC_002663.gbk
1046 55.9 2490742 2489870 genome.dna 277037 276149 NC_002663.gbk
434 33.3 2491368 2490745 genome.dna 277660 277036 NC_002663.gbk
962 51.6 2491599 2492855 genome.dna 795397 794092 NC_002663.gbk
1878 74.4 2492889 2493971 genome.dna 638701 639784 NC_002663.gbk
570 50.7 2493971 2494816 genome.dna 639842 640739 NC_002663.gbk
215 34.7 2494828 2495223 genome.dna 994007 994376 NC_002663.gbk
630 40.7 2495226 2496035 genome.dna 640744 641539 NC_002663.gbk
1596 81.0 2496092 2496946 genome.dna 641552 642407 NC_002663.gbk
2512 75.5 2502156 2503685 genome.dna 888045 886515 NC_002663.gbk
1862 77.4 2503696 2505084 genome.dna 886505 885080 NC_002663.gbk
1022 51.3 2506239 2505289 genome.dna 778091 779030 NC_002663.gbk
1294 79.9 2507176 2506430 genome.dna 777158 777980 NC_002663.gbk
1222 34.9 2519006 2516544 genome.dna 2053083 2055744 NC_002663.gbk
2343 46.6 2521990 2519003 genome.dna 2050009 2053084 NC_002663.gbk
973 59.1 2552084 2552833 genome.dna 668100 667341 NC_002663.gbk
456 40.9 2556939 2556274 genome.dna 742811 742076 NC_002663.gbk
1908 62.4 2563367 2561970 genome.dna 973035 974430 NC_002663.gbk
727 35.3 2563607 2564779 genome.dna 979753 978550 NC_002663.gbk
756 36.7 2571743 2570592 genome.dna 754707 755760 NC_002663.gbk
1342 43.3 2575279 2573756 genome.dna 1572516 1570956 NC_002663.gbk
897 71.4 2580340 2580921 genome.dna 456781 456202 NC_002663.gbk
782 54.8 2580921 2581499 genome.dna 456206 455609 NC_002663.gbk
2271 52.0 2581492 2583573 genome.dna 455605 453097 NC_002663.gbk
1260 52.4 2583574 2584629 genome.dna 453083 452033 NC_002663.gbk
557 48.6 2584640 2585269 genome.dna 452024 451415 NC_002663.gbk
964 71.0 2585266 2585973 genome.dna 451413 450684 NC_002663.gbk
1151 81.4 2585970 2586605 genome.dna 450688 450055 NC_002663.gbk
1353 60.8 2589820 2588846 genome.dna 768562 767590 NC_002663.gbk
4143 70.8 2593132 2590532 genome.dna 718123 715516 NC_002663.gbk
1247 54.8 2594839 2593787 genome.dna 674048 675110 NC_002663.gbk
1360 70.8 2597527 2596643 genome.dna 769640 768602 NC_002663.gbk
942 68.1 2598308 2597688 genome.dna 770312 769688 NC_002663.gbk
1034 57.9 2599344 2598460 genome.dna 719117 718283 NC_002663.gbk
1727 53.5 2602958 2604520 genome.dna 673800 672249 NC_002663.gbk
735 56.8 2604520 2605098 genome.dna 672239 671651 NC_002663.gbk
1324 58.2 2605113 2606180 genome.dna 670583 669581 NC_002663.gbk
1403 54.4 2606188 2607555 genome.dna 669545 668135 NC_002663.gbk
2098 78.6 2607572 2608762 genome.dna 667140 665931 NC_002663.gbk
932 52.8 2608762 2609568 genome.dna 665945 665138 NC_002663.gbk
627 48.6 2611473 2610838 genome.dna 384822 385437 NC_002663.gbk
617 50.0 2619430 2619996 genome.dna 383785 383230 NC_002663.gbk
658 75.4 2620019 2620441 genome.dna 383228 382784 NC_002663.gbk
417 61.2 2621565 2621861 genome.dna 382762 382462 NC_002663.gbk
349 51.5 2625646 2625969 genome.dna 613561 613240 NC_002663.gbk
1640 73.3 2627092 2626058 genome.dna 2146471 2145481 NC_002663.gbk
1736 80.4 2628084 2627089 genome.dna 2147460 2146467 NC_002663.gbk
1551 77.2 2629004 2628096 genome.dna 2148393 2147481 NC_002663.gbk
1615 79.5 2629936 2629016 genome.dna 2149341 2148420 NC_002663.gbk
2132 60.3 2633417 2631819 genome.dna 2151085 2149438 NC_002663.gbk
2335 46.7 2634501 2637176 genome.dna 1640532 1643160 NC_002663.gbk
840 64.1 2637907 2637311 genome.dna 1428911 1428332 NC_002663.gbk
1392 71.1 2639766 2638855 genome.dna 1484373 1485261 NC_002663.gbk
358 37.7 2642181 2642648 genome.dna 1826878 1826404 NC_002663.gbk
1381 72.9 2642732 2643580 genome.dna 1027247 1028084 NC_002663.gbk
771 53.2 2645012 2644386 genome.dna 1103508 1104189 NC_002663.gbk
1398 73.7 2645457 2646263 genome.dna 801947 801143 NC_002663.gbk
1643 63.9 2648577 2646652 genome.dna 231865 233818 NC_002663.gbk
533 41.8 2649224 2648673 genome.dna 781553 782108 NC_002663.gbk
1579 42.1 2649493 2651343 genome.dna 781430 779546 NC_002663.gbk
544 58.4 2654386 2653967 genome.dna 1089253 1088860 NC_002663.gbk
1833 84.8 2654735 2655739 genome.dna 1089500 1090505 NC_002663.gbk
493 35.8 2655847 2656716 genome.dna 698906 699731 NC_002663.gbk
334 36.4 2668329 2668766 genome.dna 902613 903081 NC_002663.gbk
973 60.9 2672840 2672121 genome.dna 52111 52837 NC_002663.gbk
2311 68.4 2673071 2674651 genome.dna 51958 50416 NC_002663.gbk
518 44.6 2674846 2675376 genome.dna 50395 49858 NC_002663.gbk
507 45.1 2676960 2676514 genome.dna 615387 615864 NC_002663.gbk
407 35.9 2678460 2679146 genome.dna 519613 518935 NC_002663.gbk
1097 48.7 2681594 2680470 genome.dna 824544 823392 NC_002663.gbk
2483 65.8 2683421 2681736 genome.dna 826287 824598 NC_002663.gbk
338 36.4 2684415 2683819 genome.dna 826948 826408 NC_002663.gbk
777 54.0 2685383 2684682 genome.dna 827703 826983 NC_002663.gbk
2545 59.3 2687417 2685498 genome.dna 829652 827708 NC_002663.gbk
264 38.9 2687612 2687956 genome.dna 429594 429240 NC_002663.gbk
2081 67.6 2691006 2692370 genome.dna 37210 35842 NC_002663.gbk
1301 62.3 2697304 2698272 genome.dna 984488 983513 NC_002663.gbk
1325 76.0 2698450 2699247 genome.dna 983489 982685 NC_002663.gbk
1460 74.9 2699262 2700104 genome.dna 982671 981834 NC_002663.gbk
374 43.2 2700179 2700637 genome.dna 980223 979764 NC_002663.gbk
321 62.3 2702947 2702738 genome.dna 758297 758087 NC_002663.gbk
1431 73.3 2704043 2704957 genome.dna 469243 468361 NC_002663.gbk
1328 69.0 2704954 2705844 genome.dna 468362 467468 NC_002663.gbk
1356 76.1 2705844 2706707 genome.dna 467469 466599 NC_002663.gbk
1241 62.3 2706704 2707561 genome.dna 466607 465767 NC_002663.gbk
909 46.2 2707951 2708811 genome.dna 677089 676222 NC_002663.gbk
1101 48.1 2716618 2717745 genome.dna 1987829 1986722 NC_002663.gbk
1613 57.4 2722186 2723580 genome.dna 389115 390453 NC_002663.gbk
472 71.1 2728844 2728548 genome.dna 730646 730349 NC_002663.gbk
3506 65.2 2731236 2728849 genome.dna 733037 730649 NC_002663.gbk
1674 75.8 2732234 2731251 genome.dna 734533 733549 NC_002663.gbk
712 94.9 2732903 2732547 genome.dna 701061 701415 NC_002663.gbk
347 81.5 2733144 2732947 genome.dna 700793 700991 NC_002663.gbk
801 79.3 2733782 2733240 genome.dna 699931 700396 NC_002663.gbk
3567 78.4 2735713 2733785 genome.dna 687396 689328 NC_002663.gbk
1228 65.0 2741372 2740491 genome.dna 551906 552767 NC_002663.gbk
2143 74.3 2755752 2754499 genome.dna 1817478 1818726 NC_002663.gbk
786 52.8 2755854 2756510 genome.dna 1817290 1816564 NC_002663.gbk
422 48.7 2756503 2756949 genome.dna 1816552 1816099 NC_002663.gbk
1933 76.0 2757088 2758194 genome.dna 1527819 1528971 NC_002663.gbk
678 54.5 2758197 2758835 genome.dna 2090907 2091519 NC_002663.gbk
2349 76.3 2759027 2760397 genome.dna 2091546 2092914 NC_002663.gbk
1567 58.9 2765355 2764123 genome.dna 298179 299418 NC_002663.gbk
1741 73.2 2765687 2766838 genome.dna 297886 296743 NC_002663.gbk
1235 64.2 2766822 2767682 genome.dna 296754 295899 NC_002663.gbk
1211 70.1 2767679 2768455 genome.dna 295900 295132 NC_002663.gbk
1256 53.4 2768546 2769589 genome.dna 295033 293956 NC_002663.gbk
399 38.0 2770193 2769657 genome.dna 1259003 1258460 NC_002663.gbk
2238 53.0 2775696 2773681 genome.dna 304323 306375 NC_002663.gbk
518 45.3 2776465 2775716 genome.dna 303451 304231 NC_002663.gbk
418 41.0 2777056 2776550 genome.dna 1333168 1332721 NC_002663.gbk
834 43.5 2777360 2778640 genome.dna 303373 302116 NC_002663.gbk
2565 42.6 2778643 2781285 genome.dna 302139 299484 NC_002663.gbk
669 60.5 2788070 2787564 genome.dna 776437 776935 NC_002663.gbk
1659 64.8 2791280 2792458 genome.dna 1243303 1242121 NC_002663.gbk
456 35.2 2793288 2792647 genome.dna 1118294 1117631 NC_002663.gbk
1270 41.5 2794931 2793456 genome.dna 1751722 1753213 NC_002663.gbk
420 31.8 2795320 2796189 genome.dna 1922060 1922927 NC_002663.gbk
2429 79.6 2796565 2798007 genome.dna 757329 755889 NC_002663.gbk
974 44.7 2799095 2798118 genome.dna 423824 424781 NC_002663.gbk
692 44.4 2801608 2800607 genome.dna 1094053 1092952 NC_002663.gbk
968 58.2 2801685 2802443 genome.dna 273269 272477 NC_002663.gbk
1074 61.0 2802440 2803225 genome.dna 272469 271683 NC_002663.gbk
1722 79.2 2809298 2808294 genome.dna 1148720 1147712 NC_002663.gbk
750 55.3 2809923 2809306 genome.dna 1149353 1148738 NC_002663.gbk
746 77.0 2810663 2810151 genome.dna 1149989 1149416 NC_002663.gbk
1237 73.3 2811487 2810744 genome.dna 1151307 1150566 NC_002663.gbk
548 58.0 2811954 2811511 genome.dna 1151812 1151293 NC_002663.gbk
3164 78.8 2813755 2811956 genome.dna 1154438 1152671 NC_002663.gbk
1079 65.7 2828026 2828805 genome.dna 1155240 1155966 NC_002663.gbk
1399 62.1 2828802 2829785 genome.dna 401470 400504 NC_002663.gbk
549 38.4 2833872 2833114 genome.dna 602045 601310 NC_002663.gbk
379 35.8 2834895 2834311 genome.dna 637102 637738 NC_002663.gbk
2712 71.6 2835515 2837245 genome.dna 637019 635327 NC_002663.gbk
1342 40.7 2838878 2837343 genome.dna 1866700 1868233 NC_002663.gbk
636 43.3 2842935 2843582 genome.dna 595679 596327 NC_002663.gbk
427 40.6 2844986 2844408 genome.dna 1042405 1041829 NC_002663.gbk
2515 62.6 2854450 2852540 genome.dna 1033952 1032002 NC_002663.gbk
1528 60.5 2856571 2854454 genome.dna 356181 358341 NC_002663.gbk
1379 62.0 2859653 2858643 genome.dna 720223 719203 NC_002663.gbk
3623 62.0 2862472 2859857 genome.dna 722985 720375 NC_002663.gbk
2591 78.4 2864092 2865492 genome.dna 744469 745885 NC_002663.gbk
1638 60.6 2867225 2868415 genome.dna 724949 726140 NC_002663.gbk
820 53.8 2869134 2868487 genome.dna 308724 309354 NC_002663.gbk
680 52.5 2869764 2869216 genome.dna 308091 308652 NC_002663.gbk
843 35.2 2871686 2869944 genome.dna 306399 307947 NC_002663.gbk
6149 63.6 2876547 2872108 genome.dna 706478 710966 NC_002663.gbk
1014 67.5 2877296 2876601 genome.dna 705747 706479 NC_002663.gbk
1988 66.2 2878629 2877304 genome.dna 704371 705697 NC_002663.gbk
1100 65.6 2884168 2883416 genome.dna 1010837 1010060 NC_002663.gbk
198 50.9 2884347 2884165 genome.dna 1011021 1010838 NC_002663.gbk
1075 48.8 2885460 2884459 genome.dna 1012010 1011032 NC_002663.gbk
2577 68.4 2887241 2885457 genome.dna 1013790 1012041 NC_002663.gbk
604 33.9 2889516 2887243 genome.dna 1016236 1013842 NC_002663.gbk
409 61.6 2890870 2890553 genome.dna 986480 986141 NC_002663.gbk
1737 53.7 2895155 2896582 genome.dna 712100 713528 NC_002663.gbk
755 43.7 2915911 2915069 genome.dna 964095 963234 NC_002663.gbk
1468 75.5 2916384 2917283 genome.dna 1390299 1391199 NC_002663.gbk
1691 60.8 2917289 2918617 genome.dna 1392119 1393406 NC_002663.gbk
1450 61.4 2918614 2919687 genome.dna 1393409 1394465 NC_002663.gbk
1587 64.0 2919703 2920770 genome.dna 1394513 1395605 NC_002663.gbk
654 51.3 2920770 2921360 genome.dna 1396266 1396863 NC_002663.gbk
1085 65.0 2921367 2922104 genome.dna 1396908 1397658 NC_002663.gbk
1382 78.9 2922086 2922862 genome.dna 1397639 1398410 NC_002663.gbk
869 65.0 2922856 2923488 genome.dna 1398833 1399439 NC_002663.gbk
411 66.7 2923933 2923649 genome.dna 943847 943562 NC_002663.gbk
2940 81.5 2925698 2924025 genome.dna 945568 943918 NC_002663.gbk
877 64.2 2926492 2925815 genome.dna 946357 945673 NC_002663.gbk
1914 69.9 2928002 2926713 genome.dna 988953 990276 NC_002663.gbk
1331 55.1 2929170 2928085 genome.dna 986675 987758 NC_002663.gbk
2694 67.9 2929563 2931326 genome.dna 797064 798825 NC_002663.gbk
1119 56.9 2931779 2932639 genome.dna 99485 100337 NC_002663.gbk
3054 82.6 2932697 2934979 genome.dna 100416 102747 NC_002663.gbk
1365 77.6 2966712 2967509 genome.dna 105122 105863 NC_002663.gbk
2205 78.4 2975613 2974318 genome.dna 290294 291581 NC_002663.gbk
2131 73.5 2977060 2975717 genome.dna 288698 290036 NC_002663.gbk
716 51.3 2977679 2977068 genome.dna 288069 288687 NC_002663.gbk
2196 39.7 2981302 2977892 genome.dna 285266 288059 NC_002663.gbk
783 76.6 2981911 2981417 genome.dna 284782 285262 NC_002663.gbk
1657 77.1 2982496 2983455 genome.dna 660946 659992 NC_002663.gbk
2035 52.8 2983684 2985450 genome.dna 659907 658143 NC_002663.gbk
1763 49.5 2985450 2987189 genome.dna 658144 656413 NC_002663.gbk
435 90.3 2988043 2988261 genome.dna 1213606 1213825 NC_002663.gbk
315 68.6 2993630 2993851 genome.dna 564067 564277 NC_002663.gbk
896 40.3 2995636 2993972 genome.dna 549102 550665 NC_002663.gbk
881 45.8 2995945 2996844 genome.dna 549034 548125 NC_002663.gbk
382 53.3 3002657 3002334 genome.dna 1875701 1876025 NC_002663.gbk
1079 69.1 3002815 3003543 genome.dna 148934 149666 NC_002663.gbk
838 51.9 3003564 3004295 genome.dna 149682 150405 NC_002663.gbk
625 54.6 3004307 3005023 genome.dna 150411 151083 NC_002663.gbk
779 56.0 3005023 3005691 genome.dna 151082 151766 NC_002663.gbk
1108 56.8 3008215 3007088 genome.dna 97327 96136 NC_002663.gbk
896 46.1 3015344 3014433 genome.dna 976648 975706 NC_002663.gbk
415 71.8 3016496 3016762 genome.dna 976807 977071 NC_002663.gbk
864 62.0 3019705 3020373 genome.dna 1536443 1537115 NC_002663.gbk
784 51.3 3020405 3021178 genome.dna 1537133 1537886 NC_002663.gbk
353 31.8 3036023 3035178 genome.dna 1699584 1700454 NC_002663.gbk
2360 76.0 3042056 3043384 genome.dna 1781046 1779705 NC_002663.gbk
582 40.0 3043567 3044349 genome.dna 1020298 1021015 NC_002663.gbk
901 63.4 3046334 3045672 genome.dna 804907 804250 NC_002663.gbk
1225 55.1 3058890 3057901 genome.dna 642589 643540 NC_002663.gbk
979 47.6 3064423 3065496 genome.dna 1653138 1654149 NC_002663.gbk
1101 54.6 3069350 3068412 genome.dna 2023153 2022217 NC_002663.gbk
1026 44.1 3070480 3069347 genome.dna 2024295 2023149 NC_002663.gbk
1174 43.7 3083683 3082493 genome.dna 4169 5366 NC_002663.gbk
852 58.5 3084419 3083724 genome.dna 3460 4159 NC_002663.gbk
399 63.8 3086967 3087251 genome.dna 741177 740892 NC_002663.gbk
1105 50.3 3089593 3088583 genome.dna 2126920 2127937 NC_002663.gbk
248 52.1 3089796 3090026 genome.dna 2126780 2126555 NC_002663.gbk
1601 40.5 3090041 3091789 genome.dna 2126554 2124814 NC_002663.gbk
734 39.3 3092131 3093381 genome.dna 1994905 1996159 NC_002663.gbk
547 52.5 3102771 3102235 genome.dna 1673973 1674498 NC_002663.gbk
631 52.0 3132533 3133219 genome.dna 1754139 1754748 NC_002663.gbk
1461 68.6 3140563 3139631 genome.dna 2121794 2122733 NC_002663.gbk
1150 75.5 3140808 3141479 genome.dna 408340 407638 NC_002663.gbk
601 58.0 3155124 3154672 genome.dna 726654 726201 NC_002663.gbk
346 65.4 3155372 3155127 genome.dna 726900 726654 NC_002663.gbk
772 79.4 3155863 3155369 genome.dna 727389 726912 NC_002663.gbk
1423 61.3 3157424 3156435 genome.dna 728462 727448 NC_002663.gbk
1061 56.3 3157972 3158883 genome.dna 728835 729762 NC_002663.gbk
3436 78.5 3161386 3159374 genome.dna 503442 505479 NC_002663.gbk
653 36.0 3165022 3163865 genome.dna 2141264 2142428 NC_002663.gbk
1296 58.4 3166099 3165062 genome.dna 447582 448593 NC_002663.gbk
1739 60.9 3166195 3167499 genome.dna 2139861 2141268 NC_002663.gbk
686 47.6 3169188 3169883 genome.dna 1036120 1035421 NC_002663.gbk
827 51.0 3170057 3170947 genome.dna 292537 291652 NC_002663.gbk
1620 59.0 3178804 3180039 genome.dna 805149 806370 NC_002663.gbk
1006 62.3 3180042 3180794 genome.dna 806371 807088 NC_002663.gbk
884 72.2 3228583 3228035 genome.dna 1008105 1007547 NC_002663.gbk
2652 65.2 3230474 3228642 genome.dna 1010036 1008200 NC_002663.gbk
462 34.4 3278435 3279220 genome.dna 1076397 1075599 NC_002663.gbk
1024 50.5 3356794 3355865 genome.dna 474579 473649 NC_002663.gbk
291 34.0 3361359 3360859 genome.dna 348238 348667 NC_002663.gbk
1169 39.0 3366849 3368273 genome.dna 2087042 2085617 NC_002663.gbk
2168 76.7 3389494 3390708 genome.dna 58118 56903 NC_002663.gbk
763 57.7 3390849 3391448 genome.dna 881630 881042 NC_002663.gbk
2457 58.0 3393361 3391478 genome.dna 2239851 2241708 NC_002663.gbk
597 49.4 3394660 3394166 genome.dna 1697242 1696747 NC_002663.gbk
466 49.3 3395281 3394826 genome.dna 819620 819176 NC_002663.gbk
1934 72.1 3395711 3396913 genome.dna 819906 821112 NC_002663.gbk
3325 69.6 3396993 3399131 genome.dna 821180 823319 NC_002663.gbk
1365 73.7 3399252 3400112 genome.dna 1367078 1367924 NC_002663.gbk
1019 52.3 3402984 3403889 genome.dna 633381 632493 NC_002663.gbk
872 69.5 3408161 3407589 genome.dna 816842 816260 NC_002663.gbk
2446 71.3 3409858 3408341 genome.dna 818516 817001 NC_002663.gbk
691 61.3 3410380 3409880 genome.dna 819021 818529 NC_002663.gbk
1117 53.2 3412525 3411257 genome.dna 738038 736709 NC_002663.gbk
1434 69.4 3413548 3412631 genome.dna 738945 738030 NC_002663.gbk
1170 65.5 3415469 3414618 genome.dna 739823 739028 NC_002663.gbk
398 33.2 3416479 3415469 genome.dna 567997 568972 NC_002663.gbk
1916 73.0 3421622 3420405 genome.dna 399150 400371 NC_002663.gbk
2102 48.3 3421795 3423822 genome.dna 398991 396972 NC_002663.gbk
596 51.5 3424753 3424208 genome.dna 552861 553398 NC_002663.gbk
1015 60.3 3425582 3424782 genome.dna 423054 423819 NC_002663.gbk
919 47.8 3426437 3425592 genome.dna 422184 423045 NC_002663.gbk
1846 76.9 3427528 3426443 genome.dna 421046 422120 NC_002663.gbk
1303 59.3 3428548 3427616 genome.dna 460844 459827 NC_002663.gbk
599 54.2 3428721 3429263 genome.dna 460891 461398 NC_002663.gbk
321 39.2 3429830 3429348 genome.dna 517459 517918 NC_002663.gbk
362 55.4 3440395 3440099 genome.dna 1260560 1260887 NC_002663.gbk
826 46.5 3440778 3442064 genome.dna 1260397 1259065 NC_002663.gbk
820 51.2 3444907 3444146 genome.dna 1697995 1697254 NC_002663.gbk
509 37.7 3454011 3453277 genome.dna 1346169 1345443 NC_002663.gbk
759 47.2 3454778 3454008 genome.dna 1346919 1346178 NC_002663.gbk
1287 57.4 3455799 3454780 genome.dna 1347938 1346915 NC_002663.gbk
1629 71.9 3456860 3455796 genome.dna 1348996 1347943 NC_002663.gbk
600 33.2 3512886 3511738 genome.dna 1195052 1196222 NC_002663.gbk
1601 61.5 3514279 3513113 genome.dna 919484 920657 NC_002663.gbk
1310 68.9 3516455 3517318 genome.dna 2171065 2171920 NC_002663.gbk
2397 74.0 3519048 3517663 genome.dna 1115471 1116851 NC_002663.gbk
742 68.5 3520193 3520687 genome.dna 1115334 1114824 NC_002663.gbk
808 52.8 3520698 3521420 genome.dna 127278 126558 NC_002663.gbk
777 74.4 3521609 3522118 genome.dna 723155 723656 NC_002663.gbk
1334 59.6 3522115 3523185 genome.dna 723718 724807 NC_002663.gbk
1617 59.9 3523656 3524945 genome.dna 38509 37267 NC_002663.gbk
1685 52.3 3533985 3535520 genome.dna 2032727 2031176 NC_002663.gbk
1301 53.8 3540580 3539417 genome.dna 1218680 1217522 NC_002663.gbk
1686 66.0 3541630 3540590 genome.dna 1219805 1218758 NC_002663.gbk
1127 53.4 3542091 3543101 genome.dna 1220028 1221033 NC_002663.gbk
1169 40.8 3566972 3568372 genome.dna 2010403 2009017 NC_002663.gbk
848 57.2 3570531 3571184 genome.dna 1391482 1392106 NC_002663.gbk
2385 78.3 3573115 3574479 genome.dna 262174 260803 NC_002663.gbk
679 43.7 3577570 3576767 genome.dna 1454935 1454113 NC_002663.gbk
502 37.0 3578361 3577567 genome.dna 1455731 1454927 NC_002663.gbk
214 52.4 3587535 3587320 genome.dna 491072 491282 NC_002663.gbk
2784 77.8 3590632 3589055 genome.dna 336109 334537 NC_002663.gbk
2578 80.9 3592205 3590739 genome.dna 339026 337562 NC_002663.gbk
1675 56.6 3592378 3593766 genome.dna 193885 195223 NC_002663.gbk
836 40.7 3598404 3597445 genome.dna 831587 830627 NC_002663.gbk
1560 70.4 3599984 3598497 genome.dna 131562 130029 NC_002663.gbk
457 39.2 3601941 3601321 genome.dna 2254151 2254763 NC_002663.gbk
1873 67.9 3603229 3601955 genome.dna 2252861 2254133 NC_002663.gbk
2028 86.0 3604488 3603367 genome.dna 2251728 2252832 NC_002663.gbk
1955 72.7 3607701 3606505 genome.dna 2248854 2250039 NC_002663.gbk
525 57.2 3608433 3608005 genome.dna 1211018 1210598 NC_002663.gbk
1738 61.2 3615811 3614501 genome.dna 1212332 1211027 NC_002663.gbk
573 70.0 3616630 3616295 genome.dna 378812 379148 NC_002663.gbk
2688 67.7 3618482 3616632 genome.dna 376929 378792 NC_002663.gbk
392 37.2 3619075 3618557 genome.dna 376333 376852 NC_002663.gbk
573 76.6 3619470 3619147 genome.dna 375979 376303 NC_002663.gbk
733 83.6 3619938 3619552 genome.dna 375523 375910 NC_002663.gbk
2186 79.2 3621177 3619963 genome.dna 374077 375292 NC_002663.gbk
616 65.3 3621953 3621459 genome.dna 373565 374030 NC_002663.gbk
852 57.6 3622783 3622058 genome.dna 372770 373487 NC_002663.gbk
1170 64.8 3622920 3623723 genome.dna 372557 371753 NC_002663.gbk
469 34.3 3631822 3630734 genome.dna 500804 501812 NC_002663.gbk
455 35.2 3632472 3631813 genome.dna 500172 500814 NC_002663.gbk
833 35.1 3633677 3632517 genome.dna 120334 119176 NC_002663.gbk
2106 75.5 3635387 3634134 genome.dna 251088 252351 NC_002663.gbk
624 83.0 3640872 3640534 genome.dna 2244598 2244937 NC_002663.gbk
6260 71.9 3649390 3645506 genome.dna 1282117 1278223 NC_002663.gbk
1556 51.1 3649670 3651115 genome.dna 48228 49647 NC_002663.gbk
623 64.5 3651787 3651263 genome.dna 106580 106079 NC_002663.gbk
1134 60.0 3653449 3652523 genome.dna 1786155 1785249 NC_002663.gbk
507 74.4 3679566 3679826 genome.dna 2100943 2100682 NC_002663.gbk
992 65.9 3681774 3681037 genome.dna 2110175 2109464 NC_002663.gbk
1535 76.7 3682691 3681786 genome.dna 87620 86699 NC_002663.gbk
973 65.2 3683368 3682688 genome.dna 88294 87616 NC_002663.gbk
908 44.5 3684626 3683661 genome.dna 89323 88300 NC_002663.gbk
3522 87.9 3686442 3684643 genome.dna 91138 89341 NC_002663.gbk
357 33.1 3687191 3686739 genome.dna 2011404 2010972 NC_002663.gbk
731 39.2 3688150 3687188 genome.dna 2012366 2011412 NC_002663.gbk
408 38.1 3688797 3688150 genome.dna 2013020 2012429 NC_002663.gbk
940 74.3 3689432 3688857 genome.dna 2013642 2013066 NC_002663.gbk
673 46.2 3692248 3691502 genome.dna 2079037 2078323 NC_002663.gbk
1872 65.5 3692383 3693708 genome.dna 2079148 2080477 NC_002663.gbk
655 76.4 3694161 3693778 genome.dna 91753 91369 NC_002663.gbk
1061 69.8 3694571 3695257 genome.dna 92028 92697 NC_002663.gbk
2326 72.0 3698228 3696813 genome.dna 1313817 1312374 NC_002663.gbk
895 59.8 3711890 3712588 genome.dna 217191 217881 NC_002663.gbk
622 79.8 3714535 3714188 genome.dna 533480 533135 NC_002663.gbk
2178 73.9 3714803 3716083 genome.dna 539323 538039 NC_002663.gbk
2516 51.7 3724928 3722451 genome.dna 532749 530421 NC_002663.gbk
817 55.3 3728155 3728859 genome.dna 888417 889140 NC_002663.gbk
769 78.2 3729128 3729583 genome.dna 1016533 1016971 NC_002663.gbk
1511 50.7 3730782 3732230 genome.dna 1017058 1018564 NC_002663.gbk
565 60.3 3732230 3732727 genome.dna 1018575 1019073 NC_002663.gbk
1230 69.8 3735878 3735108 genome.dna 554346 555114 NC_002663.gbk
1347 68.1 3736813 3735875 genome.dna 553411 554350 NC_002663.gbk
997 67.5 3737076 3737717 genome.dna 662706 662016 NC_002663.gbk
781 65.4 3738313 3737777 genome.dna 147602 148142 NC_002663.gbk
501 58.7 3738463 3738897 genome.dna 1755533 1755926 NC_002663.gbk
1005 45.7 3739983 3738898 genome.dna 53966 52928 NC_002663.gbk
1388 41.3 3741673 3739988 genome.dna 55627 53968 NC_002663.gbk
965 64.3 3749695 3748958 genome.dna 132771 132009 NC_002663.gbk
754 67.5 3749751 3750215 genome.dna 132839 133304 NC_002663.gbk
306 36.0 3750945 3750235 genome.dna 796270 796987 NC_002663.gbk
679 45.2 3750989 3751744 genome.dna 796248 795546 NC_002663.gbk
4278 76.3 3762599 3760023 genome.dna 1910790 1913358 NC_002663.gbk
792 49.4 3763458 3762733 genome.dna 1929510 1928775 NC_002663.gbk
1565 70.5 3764478 3763501 genome.dna 1930496 1929521 NC_002663.gbk
686 45.0 3764613 3765347 genome.dna 1930601 1931384 NC_002663.gbk
462 68.3 3765670 3766011 genome.dna 117905 118223 NC_002663.gbk
1350 54.8 3766362 3767522 genome.dna 177404 178568 NC_002663.gbk
1448 57.3 3768744 3767623 genome.dna 774490 773365 NC_002663.gbk
1642 70.9 3769824 3768751 genome.dna 775552 774499 NC_002663.gbk
654 84.2 3773009 3772662 genome.dna 1491804 1492155 NC_002663.gbk
1346 77.5 3773827 3773072 genome.dna 1491030 1491768 NC_002663.gbk
769 63.1 3774414 3773866 genome.dna 1490440 1490977 NC_002663.gbk
424 75.6 3774681 3774433 genome.dna 1490153 1490402 NC_002663.gbk
2332 78.1 3776200 3774839 genome.dna 1379827 1378450 NC_002663.gbk
688 40.6 3776370 3777164 genome.dna 1379966 1380770 NC_002663.gbk
824 70.7 3777786 3777271 genome.dna 1243847 1243340 NC_002663.gbk
272 40.1 3780004 3779576 genome.dna 1244502 1244022 NC_002663.gbk
497 43.2 3780567 3780001 genome.dna 1245711 1245111 NC_002663.gbk
271 63.8 3782025 3781840 genome.dna 1483909 1484098 NC_002663.gbk
4010 67.9 3784972 3782345 genome.dna 1481151 1483776 NC_002663.gbk
1726 76.1 3786717 3785644 genome.dna 2048077 2047012 NC_002663.gbk
507 55.9 3787890 3787555 genome.dna 284628 284274 NC_002663.gbk
298 33.7 3788942 3789616 genome.dna 47975 47348 NC_002663.gbk
1731 64.2 3882715 3881462 genome.dna 1104202 1105465 NC_002663.gbk
1545 64.8 3883829 3882726 genome.dna 2136712 2137873 NC_002663.gbk
841 80.1 3886357 3885899 genome.dna 1560621 1561083 NC_002663.gbk
1776 55.6 3886800 3888260 genome.dna 1560505 1559002 NC_002663.gbk
1224 57.2 3889382 3888324 genome.dna 550752 551820 NC_002663.gbk
832 47.2 3893140 3892373 genome.dna 39603 38775 NC_002663.gbk
987 75.9 3893814 3893233 genome.dna 148174 148759 NC_002663.gbk
728 33.6 3911288 3910026 genome.dna 186182 187421 NC_002663.gbk
716 39.4 3938096 3936945 genome.dna 2099445 2100525 NC_002663.gbk
1495 50.3 3942520 3943878 genome.dna 2099280 2097903 NC_002663.gbk
869 70.2 3952181 3951618 genome.dna 1943664 1943109 NC_002663.gbk
1477 65.1 3952362 3953393 genome.dna 1943856 1944891 NC_002663.gbk
659 47.9 3953386 3954039 genome.dna 1944883 1945573 NC_002663.gbk
1011 56.8 3954101 3954916 genome.dna 1945616 1946447 NC_002663.gbk
930 55.0 3955431 3956147 genome.dna 1365744 1366485 NC_002663.gbk
2937 76.8 3956293 3958011 genome.dna 1562876 1561160 NC_002663.gbk
1097 49.9 3962437 3961391 genome.dna 1820361 1821369 NC_002663.gbk
824 76.9 3963052 3962555 genome.dna 1819885 1820362 NC_002663.gbk
737 50.0 3963804 3963091 genome.dna 1819160 1819877 NC_002663.gbk
248 45.6 3964143 3963808 genome.dna 1818882 1819161 NC_002663.gbk
158 32.1 3984884 3985300 genome.dna 208417 207991 NC_002663.gbk
2383 86.8 4001743 4000448 genome.dna 2113482 2112180 NC_002663.gbk
3001 81.2 4003479 4001842 genome.dna 2115295 2113666 NC_002663.gbk
884 48.8 4004518 4003706 genome.dna 1480301 1479500 NC_002663.gbk
3259 63.0 4007080 4004843 genome.dna 2108139 2105919 NC_002663.gbk
1251 44.1 4008483 4007131 genome.dna 2109461 2108147 NC_002663.gbk
1387 56.7 4012636 4011491 genome.dna 1963748 1964894 NC_002663.gbk
751 45.4 4014558 4013788 genome.dna 1733694 1734495 NC_002663.gbk
2659 60.9 4027241 4025196 genome.dna 1925943 1923921 NC_002663.gbk
2118 67.4 4028828 4027398 genome.dna 1040566 1039135 NC_002663.gbk
1667 52.7 4031933 4029078 genome.dna 443956 440995 NC_002663.gbk
547 38.7 4033670 4034290 genome.dna 279590 278978 NC_002663.gbk
1562 57.4 4034399 4035643 genome.dna 278957 277694 NC_002663.gbk
513 65.3 4037027 4036671 genome.dna 1905088 1905445 NC_002663.gbk
971 66.0 4037132 4037767 genome.dna 1904983 1904377 NC_002663.gbk
986 81.6 4039680 4040210 genome.dna 1386075 1385547 NC_002663.gbk
1990 34.7 4044694 4040657 genome.dna 2036638 2032735 NC_002663.gbk
1848 45.8 4046550 4044691 genome.dna 2038476 2036715 NC_002663.gbk
1443 50.9 4047693 4049018 genome.dna 1883438 1884788 NC_002663.gbk
510 47.8 4049638 4050216 genome.dna 185435 185990 NC_002663.gbk
526 34.8 4050959 4050219 genome.dna 1750827 1751655 NC_002663.gbk
2712 58.4 4051288 4053240 genome.dna 2257487 2255516 NC_002663.gbk
856 64.4 4057927 4057307 genome.dna 2138913 2138280 NC_002663.gbk
724 75.2 4059979 4059527 genome.dna 1373509 1373059 NC_002663.gbk
465 94.7 4060248 4060021 genome.dna 1373756 1373528 NC_002663.gbk
425 66.7 4060573 4060253 genome.dna 1374095 1373768 NC_002663.gbk
640 76.4 4060971 4060579 genome.dna 1374459 1374081 NC_002663.gbk
1132 70.8 4068636 4067902 genome.dna 2191691 2190953 NC_002663.gbk
3344 63.1 4071195 4068739 genome.dna 2194094 2191691 NC_002663.gbk
909 63.1 4076900 4077613 genome.dna 137087 136385 NC_002663.gbk
920 52.7 4077711 4078532 genome.dna 121161 120333 NC_002663.gbk
562 43.9 4078582 4079136 genome.dna 1507843 1507276 NC_002663.gbk
384 61.8 4079133 4079423 genome.dna 1507244 1506944 NC_002663.gbk
674 53.3 4079441 4080034 genome.dna 1874400 1875009 NC_002663.gbk
1773 66.9 4080027 4081166 genome.dna 1876024 1877179 NC_002663.gbk
233 32.0 4102382 4101120 genome.dna 1609434 1608183 NC_002663.gbk
1506 68.9 4109655 4110677 genome.dna 1600273 1601257 NC_002663.gbk
1985 66.7 4114440 4115846 genome.dna 482889 484293 NC_002663.gbk
1386 58.5 4115888 4116970 genome.dna 484292 485375 NC_002663.gbk
1266 59.9 4126156 4127136 genome.dna 364763 365744 NC_002663.gbk
2625 40.6 4127133 4130429 genome.dna 365724 369045 NC_002663.gbk
280 32.4 4132123 4133055 genome.dna 359949 360933 NC_002663.gbk
1125 53.7 4133069 4134082 genome.dna 360935 361943 NC_002663.gbk
5109 80.6 4139901 4137067 genome.dna 2187405 2190237 NC_002663.gbk
538 54.3 4140147 4140710 genome.dna 2187234 2186733 NC_002663.gbk
744 31.9 4181249 4182667 genome.dna 1424249 1422791 NC_002663.gbk
630 34.3 4200650 4199670 genome.dna 1859404 1858390 NC_002663.gbk
287 38.5 4218717 4218358 genome.dna 533134 532777 NC_002663.gbk
4771 81.9 4221505 4218908 genome.dna 230494 227887 NC_002663.gbk
2730 86.9 4231793 4230366 genome.dna 1049553 1048134 NC_002663.gbk
2129 72.6 4233904 4232027 genome.dna 1051576 1049677 NC_002663.gbk
4718 76.7 4236582 4233919 genome.dna 1054312 1051648 NC_002663.gbk
753 60.1 4243540 4242965 genome.dna 110809 110242 NC_002663.gbk
377 46.9 4246180 4246626 genome.dna 110968 111403 NC_002663.gbk
976 39.6 4246629 4248101 genome.dna 111402 112788 NC_002663.gbk
604 30.8 4248098 4249303 genome.dna 112856 113999 NC_002663.gbk
643 50.0 4250722 4251348 genome.dna 114735 115356 NC_002663.gbk
254 54.7 4252166 4252360 genome.dna 115348 115570 NC_002663.gbk
388 45.3 4252799 4252404 genome.dna 1410158 1409756 NC_002663.gbk
4111 68.9 4255592 4252890 genome.dna 1412938 1410250 NC_002663.gbk
1600 77.6 4257707 4256787 genome.dna 175127 176045 NC_002663.gbk
1310 61.7 4258960 4257809 genome.dna 173777 175082 NC_002663.gbk
1342 49.5 4260285 4259029 genome.dna 172412 173693 NC_002663.gbk
579 36.0 4261166 4260282 genome.dna 171610 172387 NC_002663.gbk
1221 61.1 4262088 4261168 genome.dna 170684 171614 NC_002663.gbk
2151 68.2 4263557 4262097 genome.dna 169227 170676 NC_002663.gbk
1496 65.3 4264711 4263620 genome.dna 168152 169217 NC_002663.gbk
1302 49.2 4265910 4264708 genome.dna 166884 168075 NC_002663.gbk
1635 60.2 4267226 4265910 genome.dna 165568 166873 NC_002663.gbk
1970 80.3 4268312 4267230 genome.dna 164467 165550 NC_002663.gbk
1467 53.7 4269667 4268306 genome.dna 163091 164474 NC_002663.gbk
1858 58.2 4271151 4269664 genome.dna 161614 163099 NC_002663.gbk
2149 56.2 4272901 4271138 genome.dna 159799 161605 NC_002663.gbk
218 36.6 4273245 4272925 genome.dna 159461 159782 NC_002663.gbk
1309 63.8 4274186 4273242 genome.dna 158499 159465 NC_002663.gbk
620 56.6 4274647 4274189 genome.dna 157919 158378 NC_002663.gbk
1028 51.8 4276974 4275970 genome.dna 1022001 1021011 NC_002663.gbk
736 70.0 4277861 4277370 genome.dna 1022741 1022249 NC_002663.gbk
2880 71.3 4279582 4277864 genome.dna 1024458 1022733 NC_002663.gbk
2183 54.1 4281750 4279945 genome.dna 1091067 1092888 NC_002663.gbk
2259 67.5 4282166 4283764 genome.dna 2203131 2201574 NC_002663.gbk
1794 73.1 4283764 4284855 genome.dna 2201465 2200385 NC_002663.gbk
2485 78.7 4284858 4286258 genome.dna 2200045 2198638 NC_002663.gbk
1082 77.7 4286272 4286874 genome.dna 2198436 2197830 NC_002663.gbk
1042 48.9 4296705 4297769 genome.dna 444250 445255 NC_002663.gbk
1436 44.6 4297745 4299352 genome.dna 445267 446878 NC_002663.gbk
738 53.0 4299357 4300049 genome.dna 446870 447548 NC_002663.gbk
3816 59.2 4309359 4312262 genome.dna 2077294 2074390 NC_002663.gbk
945 61.7 4312461 4313114 genome.dna 2074310 2073650 NC_002663.gbk
785 45.8 4314086 4313211 genome.dna 2120323 2121187 NC_002663.gbk
2177 46.1 4314274 4316637 genome.dna 1813347 1810986 NC_002663.gbk
1233 65.9 4319027 4319845 genome.dna 1401238 1402105 NC_002663.gbk
1013 52.8 4320238 4321083 genome.dna 1402126 1402954 NC_002663.gbk
552 49.7 4323873 4323391 genome.dna 2135316 2134821 NC_002663.gbk
563 54.6 4324442 4323972 genome.dna 2135814 2135352 NC_002663.gbk
930 53.5 4325254 4324433 genome.dna 2136604 2135815 NC_002663.gbk
4896 69.3 4330684 4327460 genome.dna 1701178 1704385 NC_002663.gbk
1625 65.5 4331847 4330699 genome.dna 1698342 1699500 NC_002663.gbk
1281 71.1 4333114 4332293 genome.dna 857288 856475 NC_002663.gbk
1488 70.6 4334402 4333452 genome.dna 1872709 1873654 NC_002663.gbk
561 50.6 4335368 4334856 genome.dna 1872199 1872697 NC_002663.gbk
4573 69.8 4338181 4335368 genome.dna 1869290 1872089 NC_002663.gbk
1202 60.9 4339154 4338213 genome.dna 1868321 1869257 NC_002663.gbk
417 75.6 4339580 4339843 genome.dna 1866353 1866083 NC_002663.gbk
1349 55.6 4342070 4340889 genome.dna 1893033 1894173 NC_002663.gbk
1789 67.9 4343498 4342359 genome.dna 870381 871500 NC_002663.gbk
3466 85.0 4345514 4343607 genome.dna 866032 867937 NC_002663.gbk
608 51.1 4345979 4346554 genome.dna 1640291 1639724 NC_002663.gbk
994 76.7 4348720 4348133 genome.dna 2243975 2244554 NC_002663.gbk
1579 75.7 4351229 4350276 genome.dna 1814107 1815061 NC_002663.gbk
1141 67.3 4351702 4352475 genome.dna 92724 93501 NC_002663.gbk
1979 71.4 4353827 4352538 genome.dna 140878 142153 NC_002663.gbk
1311 61.7 4354760 4353831 genome.dna 139914 140859 NC_002663.gbk
3353 63.5 4357222 4354763 genome.dna 137443 139891 NC_002663.gbk
1261 81.4 4359083 4359799 genome.dna 243677 242966 NC_002663.gbk
298 31.3 4362071 4361421 genome.dna 736028 736679 NC_002663.gbk
253 43.2 4363012 4362680 genome.dna 380250 379941 NC_002663.gbk
927 34.8 4365019 4363085 genome.dna 382319 380276 NC_002663.gbk
3245 85.9 4365488 4367155 genome.dna 499613 497942 NC_002663.gbk
1866 70.2 4372650 4371418 genome.dna 1878007 1879240 NC_002663.gbk
903 64.7 4373604 4372945 genome.dna 1877330 1877990 NC_002663.gbk
474 37.7 4376373 4375759 genome.dna 1827652 1826971 NC_002663.gbk
1816 72.7 4378640 4377564 genome.dna 2103109 2104189 NC_002663.gbk
1968 79.5 4379941 4378778 genome.dna 2101832 2102996 NC_002663.gbk
3414 73.8 4383337 4381343 genome.dna 1436545 1434538 NC_002663.gbk
3143 73.4 4387762 4385783 genome.dna 1578531 1576596 NC_002663.gbk
2174 83.6 4388480 4389631 genome.dna 1210447 1209292 NC_002663.gbk
491 46.6 4389952 4390464 genome.dna 1209229 1208731 NC_002663.gbk
1077 66.9 4391555 4392289 genome.dna 2110366 2111101 NC_002663.gbk
528 44.7 4393344 4393907 genome.dna 2111110 2111671 NC_002663.gbk
673 73.3 4393907 4394326 genome.dna 2111670 2112093 NC_002663.gbk
1585 70.2 4395434 4394430 genome.dna 1098046 1099048 NC_002663.gbk
2116 64.4 4395604 4396995 genome.dna 1097901 1096527 NC_002663.gbk
2257 74.8 4398393 4397095 genome.dna 1107131 1108430 NC_002663.gbk
665 55.1 4399815 4398820 genome.dna 144431 145319 NC_002663.gbk
1409 54.2 4401072 4399819 genome.dna 143172 144432 NC_002663.gbk
1683 62.8 4402445 4401165 genome.dna 1065095 1066442 NC_002663.gbk
461 79.2 4402839 4402540 genome.dna 1064797 1065088 NC_002663.gbk
1394 65.7 4403893 4402952 genome.dna 1063594 1064668 NC_002663.gbk
1561 48.2 4405841 4403886 genome.dna 1061859 1063713 NC_002663.gbk
519 52.0 4408042 4407560 genome.dna 1060122 1060620 NC_002663.gbk
460 33.6 4429982 4429287 genome.dna 2122732 2123404 NC_002663.gbk
870 69.3 4435345 4434803 genome.dna 1059009 1059564 NC_002663.gbk
1305 51.8 4435653 4436702 genome.dna 1058927 1057874 NC_002663.gbk
1080 57.9 4436846 4437871 genome.dna 2139825 2138937 NC_002663.gbk
1395 63.4 4442310 4441333 genome.dna 225735 226707 NC_002663.gbk
3203 78.4 4442783 4444579 genome.dna 225383 223583 NC_002663.gbk
701 75.9 4444572 4445309 genome.dna 223651 222820 NC_002663.gbk
419 45.2 4445320 4445718 genome.dna 222810 222411 NC_002663.gbk
387 44.4 4445733 4446089 genome.dna 222397 222046 NC_002663.gbk
881 66.5 4448185 4447619 genome.dna 125433 126000 NC_002663.gbk
1414 62.2 4448227 4449270 genome.dna 125398 124384 NC_002663.gbk
2912 76.9 4451372 4449723 genome.dna 488452 490102 NC_002663.gbk
1759 61.3 4451863 4453239 genome.dna 1105599 1106952 NC_002663.gbk
407 30.0 4464724 4465554 genome.dna 1450535 1451345 NC_002663.gbk
902 54.6 4479596 4478769 genome.dna 1463131 1463941 NC_002663.gbk
812 44.3 4482321 4481200 genome.dna 1809759 1810881 NC_002663.gbk
701 63.7 4482450 4482959 genome.dna 1767074 1767587 NC_002663.gbk
1320 64.6 4482986 4483933 genome.dna 1767649 1768603 NC_002663.gbk
1528 55.9 4484001 4485290 genome.dna 1768602 1769943 NC_002663.gbk
2040 66.4 4485347 4486723 genome.dna 1770763 1772140 NC_002663.gbk
602 68.4 4486815 4487225 genome.dna 1772222 1772624 NC_002663.gbk
728 90.0 4488068 4487676 genome.dna 1585231 1584841 NC_002663.gbk
1985 91.8 4489098 4488109 genome.dna 1586262 1585272 NC_002663.gbk
1203 88.8 4489744 4489124 genome.dna 1586915 1586294 NC_002663.gbk
818 93.8 4490164 4489775 genome.dna 1587334 1586944 NC_002663.gbk
693 90.7 4490537 4490181 genome.dna 1587707 1587350 NC_002663.gbk
227 89.5 4490800 4490684 genome.dna 1587961 1587847 NC_002663.gbk
2274 77.5 4492165 4490834 genome.dna 1589315 1587989 NC_002663.gbk
759 80.6 4492607 4492173 genome.dna 1589757 1589322 NC_002663.gbk
288 78.0 4492790 4492611 genome.dna 1589941 1589761 NC_002663.gbk
991 94.0 4493297 4492797 genome.dna 1590448 1589947 NC_002663.gbk
609 78.6 4493665 4493312 genome.dna 1590817 1590463 NC_002663.gbk
979 85.9 4494208 4493675 genome.dna 1591364 1590830 NC_002663.gbk
724 86.2 4494614 4494222 genome.dna 1591772 1591379 NC_002663.gbk
590 89.1 4494953 4494648 genome.dna 1592114 1591808 NC_002663.gbk
1076 90.5 4495506 4494967 genome.dna 1592665 1592125 NC_002663.gbk
500 74.8 4495835 4495521 genome.dna 1592994 1592682 NC_002663.gbk
761 94.3 4496217 4495846 genome.dna 1593380 1593008 NC_002663.gbk
473 83.3 4496635 4496381 genome.dna 1593874 1593616 NC_002663.gbk
288 75.8 4496826 4496635 genome.dna 1594065 1593873 NC_002663.gbk
844 94.9 4497236 4496826 genome.dna 1594475 1594064 NC_002663.gbk
1347 87.7 4497950 4497249 genome.dna 1595196 1594488 NC_002663.gbk
626 90.9 4498300 4497968 genome.dna 1595546 1595213 NC_002663.gbk
575 91.2 4498593 4498315 genome.dna 1595832 1595556 NC_002663.gbk
1628 86.1 4499431 4498610 genome.dna 1596679 1595857 NC_002663.gbk
473 75.0 4499751 4499449 genome.dna 1597001 1596698 NC_002663.gbk
1103 86.1 4500353 4499748 genome.dna 1597600 1596997 NC_002663.gbk
1151 85.2 4500993 4500364 genome.dna 1598244 1597614 NC_002663.gbk
655 99.0 4501337 4501026 genome.dna 1598572 1598260 NC_002663.gbk
3886 83.9 4505956 4503842 genome.dna 1544477 1546580 NC_002663.gbk
904 89.1 4506523 4506053 genome.dna 1543905 1544376 NC_002663.gbk
776 91.1 4506994 4506620 genome.dna 1543394 1543769 NC_002663.gbk
117 34.0 4507413 4507126 genome.dna 1542897 1543185 NC_002663.gbk
278 40.3 4507791 4507432 genome.dna 1542528 1542888 NC_002663.gbk
352 44.5 4508190 4507801 genome.dna 1542148 1542529 NC_002663.gbk
950 69.1 4508912 4508190 genome.dna 1541477 1542149 NC_002663.gbk
1505 40.4 4509286 4510932 genome.dna 1230247 1228615 NC_002663.gbk
619 44.8 4517475 4516657 genome.dna 1540687 1541404 NC_002663.gbk
204 38.8 4517758 4517976 genome.dna 1540596 1540374 NC_002663.gbk
836 62.7 4520431 4519847 genome.dna 1774080 1774680 NC_002663.gbk
2922 68.2 4523306 4525213 genome.dna 1791588 1793511 NC_002663.gbk
283 58.6 4527022 4527258 genome.dna 1353002 1353221 NC_002663.gbk
1191 86.3 4529138 4529770 genome.dna 1353272 1353902 NC_002663.gbk
1755 64.2 4531124 4529898 genome.dna 406386 407583 NC_002663.gbk
1858 81.3 4557783 4556779 genome.dna 1829091 1830093 NC_002663.gbk
675 47.5 4558484 4557780 genome.dna 1828407 1829082 NC_002663.gbk
1206 79.5 4559154 4558477 genome.dna 1827662 1828379 NC_002663.gbk
1002 55.6 4560090 4559278 genome.dna 1414683 1413777 NC_002663.gbk
1417 61.2 4562421 4561336 genome.dna 1415775 1414686 NC_002663.gbk
855 73.3 4562994 4562473 genome.dna 1416319 1415791 NC_002663.gbk
688 39.8 4564527 4563346 genome.dna 1417836 1416501 NC_002663.gbk
1658 51.0 4567199 4569754 genome.dna 1420198 1422760 NC_002663.gbk
697 56.5 4570394 4569837 genome.dna 1748531 1747979 NC_002663.gbk
741 47.7 4573107 4573793 genome.dna 1748611 1749274 NC_002663.gbk
633 72.9 4573911 4574321 genome.dna 1749280 1749703 NC_002663.gbk
1103 57.7 4574406 4575275 genome.dna 1749787 1750654 NC_002663.gbk
2939 81.8 4575473 4577092 genome.dna 1746905 1745288 NC_002663.gbk
559 39.7 4579442 4578723 genome.dna 1568195 1568927 NC_002663.gbk
556 55.4 4592217 4591738 genome.dna 1638199 1638676 NC_002663.gbk
3543 71.2 4597892 4600225 genome.dna 1637514 1635138 NC_002663.gbk
544 41.7 4613483 4614184 genome.dna 1758600 1759287 NC_002663.gbk
999 74.3 4614245 4614820 genome.dna 1759384 1759969 NC_002663.gbk
1821 42.3 4616966 4614891 genome.dna 616318 618412 NC_002663.gbk
1016 62.7 4620311 4619553 genome.dna 1624226 1624985 NC_002663.gbk
522 36.3 4621169 4620336 genome.dna 1623291 1624167 NC_002663.gbk
287 46.4 4621561 4621244 genome.dna 1622602 1622926 NC_002663.gbk
3472 62.4 4632742 4630295 genome.dna 625724 628181 NC_002663.gbk
1908 57.1 4634257 4632818 genome.dna 624157 625600 NC_002663.gbk
1520 52.1 4635563 4634286 genome.dna 622758 624078 NC_002663.gbk
2207 52.5 4637576 4635600 genome.dna 620709 622698 NC_002663.gbk
3477 65.8 4639754 4637577 genome.dna 618443 620636 NC_002663.gbk
1829 72.9 4644844 4643741 genome.dna 1843865 1842755 NC_002663.gbk
333 30.0 4645142 4645735 genome.dna 1791517 1790899 NC_002663.gbk
2076 69.7 4647455 4646079 genome.dna 937366 938716 NC_002663.gbk
823 50.4 4651246 4650551 genome.dna 1894344 1895046 NC_002663.gbk
1803 63.0 4652866 4651655 genome.dna 1626317 1625036 NC_002663.gbk
969 44.7 4654125 4652863 genome.dna 1627606 1626313 NC_002663.gbk
2585 71.0 4655785 4654115 genome.dna 1629281 1627589 NC_002663.gbk
1587 62.6 4657530 4658615 genome.dna 1631175 1632252 NC_002663.gbk
647 40.2 4659594 4658794 genome.dna 1840444 1841263 NC_002663.gbk
493 32.2 4660732 4659695 genome.dna 1842614 1841660 NC_002663.gbk
487 37.7 4662179 4661556 genome.dna 857987 857342 NC_002663.gbk
2572 63.9 4664050 4662224 genome.dna 1610869 1612768 NC_002663.gbk
902 48.5 4665015 4664149 genome.dna 1609959 1610880 NC_002663.gbk
1520 72.5 4668986 4668036 genome.dna 1508811 1507860 NC_002663.gbk
958 58.4 4670140 4669394 genome.dna 122315 123059 NC_002663.gbk
3251 66.1 4672431 4670269 genome.dna 480548 482729 NC_002663.gbk
612 41.4 4673230 4672514 genome.dna 1907524 1906813 NC_002663.gbk
1101 53.2 4674165 4673230 genome.dna 1908421 1907533 NC_002663.gbk
468 34.4 4674866 4674162 genome.dna 1909161 1908462 NC_002663.gbk
1479 74.5 4675687 4674863 genome.dna 1910512 1909687 NC_002663.gbk
307 41.9 4676010 4676330 genome.dna 1609685 1609994 NC_002663.gbk
2241 42.4 4680162 4677604 genome.dna 2041787 2039270 NC_002663.gbk
1289 65.5 4680620 4681561 genome.dna 2041929 2042868 NC_002663.gbk
667 44.9 4681558 4682298 genome.dna 2042884 2043631 NC_002663.gbk
914 38.2 4683449 4684642 genome.dna 2045087 2046353 NC_002663.gbk
1405 60.7 4702353 4701286 genome.dna 1213474 1212436 NC_002663.gbk
1412 58.5 4707095 4705998 genome.dna 539455 540529 NC_002663.gbk
2415 87.9 4708658 4707399 genome.dna 2160306 2159043 NC_002663.gbk
425 56.2 4709479 4709153 genome.dna 1167918 1167597 NC_002663.gbk
1966 69.4 4709598 4710890 genome.dna 2160519 2161791 NC_002663.gbk
2958 65.6 4714432 4712411 genome.dna 1248846 1246830 NC_002663.gbk
2075 52.3 4718921 4714953 genome.dna 678918 682515 NC_002663.gbk
2138 64.1 4719117 4720601 genome.dna 677343 678846 NC_002663.gbk
2697 82.8 4723858 4722380 genome.dna 1477996 1479472 NC_002663.gbk
1100 53.2 4724026 4724916 genome.dna 1477744 1476862 NC_002663.gbk
2467 71.9 4728119 4726569 genome.dna 1835252 1833710 NC_002663.gbk
3236 78.7 4729969 4728119 genome.dna 1837197 1835361 NC_002663.gbk
431 31.6 4730969 4730043 genome.dna 651831 650808 NC_002663.gbk
214 47.9 4731254 4730994 genome.dna 1838398 1838167 NC_002663.gbk
2407 65.9 4732978 4731332 genome.dna 1840085 1838435 NC_002663.gbk
2134 65.6 4733613 4735139 genome.dna 1709711 1708181 NC_002663.gbk
439 64.4 4735535 4735197 genome.dna 2026622 2026952 NC_002663.gbk
862 48.3 4748208 4747351 genome.dna 1083037 1082227 NC_002663.gbk
1680 68.0 4750499 4751602 genome.dna 2027038 2028136 NC_002663.gbk
876 68.2 4752703 4752062 genome.dna 1538536 1537924 NC_002663.gbk
1438 69.1 4755209 4754301 genome.dna 1539457 1538560 NC_002663.gbk
1434 70.9 4756712 4755816 genome.dna 264663 265551 NC_002663.gbk
705 39.5 4766891 4765731 genome.dna 1169142 1168032 NC_002663.gbk
606 82.9 4767078 4767395 genome.dna 1485429 1485747 NC_002663.gbk
415 81.4 4770684 4770469 genome.dna 1342602 1342815 NC_002663.gbk
2537 53.3 4770998 4773196 genome.dna 1338250 1336036 NC_002663.gbk
884 79.8 4775884 4776414 genome.dna 1972275 1971744 NC_002663.gbk
2284 80.6 4776424 4777755 genome.dna 1971729 1970397 NC_002663.gbk
1065 55.3 4777900 4778817 genome.dna 1365649 1364737 NC_002663.gbk
746 67.7 4778952 4779437 genome.dna 1364687 1364186 NC_002663.gbk
252 54.4 4779794 4779555 genome.dna 1676400 1676619 NC_002663.gbk
1318 71.9 4780345 4781184 genome.dna 1632415 1633204 NC_002663.gbk
2687 77.0 4781238 4782749 genome.dna 1633235 1634744 NC_002663.gbk
1612 72.8 4782875 4783885 genome.dna 1676185 1675171 NC_002663.gbk
1273 77.5 4786326 4787093 genome.dna 1506203 1505417 NC_002663.gbk
1583 70.9 4825789 4824827 genome.dna 95078 96044 NC_002663.gbk
908 50.7 4826899 4825997 genome.dna 94069 94984 NC_002663.gbk
1472 55.4 4828130 4826943 genome.dna 1121517 1120302 NC_002663.gbk
922 62.9 4829201 4829899 genome.dna 2128481 2129183 NC_002663.gbk
1106 43.3 4829896 4831266 genome.dna 2129237 2130641 NC_002663.gbk
570 56.3 4834867 4834403 genome.dna 1711967 1711490 NC_002663.gbk
934 55.0 4843920 4843159 genome.dna 1558183 1558945 NC_002663.gbk
1470 78.9 4844257 4845171 genome.dna 1557969 1557063 NC_002663.gbk
1513 58.4 4845168 4846442 genome.dna 1557061 1555819 NC_002663.gbk
794 58.8 4846439 4847095 genome.dna 1555823 1555190 NC_002663.gbk
1148 63.0 4847113 4847901 genome.dna 1555189 1554406 NC_002663.gbk
1350 73.9 4866035 4865178 genome.dna 1795148 1794302 NC_002663.gbk
872 42.3 4867335 4866367 genome.dna 1719967 1720903 NC_002663.gbk
853 59.5 4867996 4867325 genome.dna 1719305 1719956 NC_002663.gbk
1558 59.2 4869411 4868002 genome.dna 1717875 1719255 NC_002663.gbk
704 56.8 4869761 4870336 genome.dna 1715314 1714711 NC_002663.gbk
336 62.5 4875073 4874828 genome.dna 1687491 1687251 NC_002663.gbk
716 55.0 4875290 4875967 genome.dna 2131403 2130695 NC_002663.gbk
1614 73.2 4926494 4925484 genome.dna 270626 271607 NC_002663.gbk
1716 78.2 4927471 4926491 genome.dna 269611 270610 NC_002663.gbk
1282 64.1 4928387 4927485 genome.dna 268707 269601 NC_002663.gbk
1387 60.8 4929420 4928401 genome.dna 267680 268685 NC_002663.gbk
1387 60.8 4929420 4928401 genome.dna 267680 268685 NC_002663.gbk
2450 66.4 4931262 4929655 genome.dna 265894 267493 NC_002663.gbk
2467 67.3 4941502 4939844 genome.dna 1262596 1260934 NC_002663.gbk
433 31.6 4951144 4951938 genome.dna 1458678 1457913 NC_002663.gbk
681 38.1 4964420 4963467 genome.dna 1991927 1992860 NC_002663.gbk
4063 75.6 4981440 4979023 genome.dna 1671030 1668609 NC_002663.gbk
1468 60.0 4982544 4981459 genome.dna 1355871 1354794 NC_002663.gbk
1572 64.5 4983694 4982594 genome.dna 1356989 1355888 NC_002663.gbk
1657 61.3 4985096 4983699 genome.dna 1358358 1357002 NC_002663.gbk
255 90.7 4985770 4985910 genome.dna 1358682 1358817 NC_002663.gbk
550 68.1 4985929 4986288 genome.dna 1358801 1359194 NC_002663.gbk
2048 54.7 4986512 4988146 genome.dna 1359417 1361043 NC_002663.gbk
2194 74.4 4988276 4989640 genome.dna 1361083 1362481 NC_002663.gbk
1941 67.6 5010680 5009268 genome.dna 588282 589557 NC_002663.gbk
1293 75.4 5018328 5017552 genome.dna 509211 508431 NC_002663.gbk
1120 59.2 5019301 5018414 genome.dna 510071 509228 NC_002663.gbk
1271 59.9 5020260 5019301 genome.dna 511034 510071 NC_002663.gbk
1291 55.5 5021463 5020423 genome.dna 512308 511096 NC_002663.gbk
2796 69.2 5049054 5047222 genome.dna 1948997 1947164 NC_002663.gbk
2147 69.7 5050610 5049240 genome.dna 2029742 2031119 NC_002663.gbk
531 60.9 5053946 5053527 genome.dna 1686765 1687194 NC_002663.gbk
2684 88.7 5055348 5053966 genome.dna 1685351 1686725 NC_002663.gbk
1260 67.1 5056259 5055396 genome.dna 1684464 1685334 NC_002663.gbk
2888 85.6 5057853 5056312 genome.dna 1682896 1684438 NC_002663.gbk
621 54.0 5058399 5057866 genome.dna 1682350 1682884 NC_002663.gbk
610 61.5 5058884 5058414 genome.dna 1681866 1682337 NC_002663.gbk
247 50.6 5059187 5058948 genome.dna 1681532 1681787 NC_002663.gbk
972 54.9 5060037 5059237 genome.dna 1680681 1681476 NC_002663.gbk
840 60.5 5061686 5061066 genome.dna 1679493 1680126 NC_002663.gbk
3246 75.9 5063659 5061770 genome.dna 1677604 1679494 NC_002663.gbk
