558 40.8 9676 9014 genome.dna 240530 241217 NC_002677.gbk
1095 35.1 25826 28615 genome.dna 1650955 1648219 NC_002677.gbk
1612 51.1 36667 35258 genome.dna 1094375 1095812 NC_002677.gbk
1174 45.8 37037 38860 genome.dna 1807427 1805540 NC_002677.gbk
370 32.8 50956 50333 genome.dna 657265 657898 NC_002677.gbk
563 45.9 97287 96724 genome.dna 1230984 1231563 NC_002677.gbk
331 40.1 110262 109636 genome.dna 93270 92646 NC_002677.gbk
882 38.8 140268 141428 genome.dna 2435558 2436803 NC_002677.gbk
848 56.5 162282 162998 genome.dna 1370967 1371747 NC_002677.gbk
257 36.1 165569 165111 genome.dna 1194373 1194838 NC_002677.gbk
817 42.6 166824 165547 genome.dna 658332 659592 NC_002677.gbk
100 34.7 168129 168296 genome.dna 2294756 2294588 NC_002677.gbk
566 36.6 168516 169325 genome.dna 2000839 1999990 NC_002677.gbk
461 45.8 170854 170375 genome.dna 2005605 2005131 NC_002677.gbk
741 40.2 192775 193791 genome.dna 2024140 2023084 NC_002677.gbk
2206 46.4 199780 202044 genome.dna 1130059 1127776 NC_002677.gbk
895 35.3 212248 209609 genome.dna 700213 703018 NC_002677.gbk
452 35.9 217784 218788 genome.dna 1687671 1688715 NC_002677.gbk
335 30.4 218826 219599 genome.dna 1689931 1690837 NC_002677.gbk
1065 41.0 219661 221034 genome.dna 1694883 1696296 NC_002677.gbk
415 42.8 222967 223722 genome.dna 2697282 2697999 NC_002677.gbk
357 31.1 226939 227694 genome.dna 1583609 1584470 NC_002677.gbk
865 43.5 228573 229595 genome.dna 2894788 2893798 NC_002677.gbk
1161 32.4 236050 233861 genome.dna 2571305 2569160 NC_002677.gbk
264 35.5 245968 247005 genome.dna 2923892 2922788 NC_002677.gbk
1084 51.9 248939 247989 genome.dna 2341562 2342501 NC_002677.gbk
1967 74.2 250357 251541 genome.dna 2256980 2255789 NC_002677.gbk
301 41.1 252164 252709 genome.dna 2292290 2291603 NC_002677.gbk
572 64.7 252872 253300 genome.dna 2291576 2291147 NC_002677.gbk
720 48.5 253304 254008 genome.dna 2291016 2290308 NC_002677.gbk
271 31.9 254326 254823 genome.dna 2281396 2280862 NC_002677.gbk
319 44.1 254890 255255 genome.dna 2280827 2280434 NC_002677.gbk
2057 45.1 255584 259612 genome.dna 2276805 2273268 NC_002677.gbk
2353 43.0 259736 263959 genome.dna 2273220 2269269 NC_002677.gbk
782 52.5 269828 269043 genome.dna 381430 380644 NC_002677.gbk
249 36.1 271449 270808 genome.dna 382834 383542 NC_002677.gbk
2120 61.2 273440 271446 genome.dna 377486 379130 NC_002677.gbk
736 40.2 275283 276347 genome.dna 1208216 1209290 NC_002677.gbk
1044 41.6 280242 278956 genome.dna 2654605 2653336 NC_002677.gbk
1128 43.4 281849 280260 genome.dna 224615 226199 NC_002677.gbk
535 32.0 301263 300298 genome.dna 2600275 2601430 NC_002677.gbk
419 50.8 307589 307137 genome.dna 630652 631090 NC_002677.gbk
895 34.3 329415 330869 genome.dna 3072683 3074057 NC_002677.gbk
631 39.5 334964 334107 genome.dna 680809 681706 NC_002677.gbk
1111 45.7 345980 347242 genome.dna 1339579 1340836 NC_002677.gbk
481 48.6 352201 352629 genome.dna 456983 457427 NC_002677.gbk
381 46.9 352645 353037 genome.dna 457423 457885 NC_002677.gbk
897 36.9 357036 355618 genome.dna 82284 83751 NC_002677.gbk
2189 44.2 361542 357046 genome.dna 77708 82292 NC_002677.gbk
517 35.3 372605 373492 genome.dna 258645 259491 NC_002677.gbk
757 44.6 399153 398326 genome.dna 2013055 2013904 NC_002677.gbk
1548 49.6 431263 429833 genome.dna 736548 738234 NC_002677.gbk
397 30.8 433394 432459 genome.dna 645580 646546 NC_002677.gbk
634 37.3 435364 434357 genome.dna 1692134 1693097 NC_002677.gbk
1153 42.2 460910 458055 genome.dna 1773100 1770439 NC_002677.gbk
817 35.0 463248 461737 genome.dna 1028860 1027285 NC_002677.gbk
230 40.6 697176 697469 genome.dna 473176 473479 NC_002677.gbk
1949 58.3 697515 699164 genome.dna 405517 407143 NC_002677.gbk
253 33.0 704061 704669 genome.dna 1175728 1175020 NC_002677.gbk
835 47.1 755628 756641 genome.dna 471839 472895 NC_002677.gbk
202 32.9 757206 756736 genome.dna 1693099 1693603 NC_002677.gbk
521 31.4 761351 760380 genome.dna 2700163 2701156 NC_002677.gbk
240 36.0 761608 761919 genome.dna 1764814 1764502 NC_002677.gbk
349 66.7 761939 762196 genome.dna 1764491 1764224 NC_002677.gbk
233 32.7 766454 766933 genome.dna 2863236 2863731 NC_002677.gbk
603 36.5 770241 771074 genome.dna 296695 297550 NC_002677.gbk
1183 44.4 771082 772419 genome.dna 457991 459383 NC_002677.gbk
360 33.0 782481 783425 genome.dna 1871961 1870998 NC_002677.gbk
305 53.9 783547 783816 genome.dna 1013247 1013517 NC_002677.gbk
1147 44.3 784066 786186 genome.dna 1013838 1016160 NC_002677.gbk
466 38.1 805628 804636 genome.dna 559268 558362 NC_002677.gbk
656 38.4 812975 814090 genome.dna 1029020 1030124 NC_002677.gbk
420 49.2 814149 814541 genome.dna 2469866 2469467 NC_002677.gbk
2144 54.7 814656 817529 genome.dna 2466277 2463418 NC_002677.gbk
535 32.5 820003 820902 genome.dna 1713490 1712638 NC_002677.gbk
647 41.1 839867 840766 genome.dna 1925737 1924843 NC_002677.gbk
1142 37.9 844582 846099 genome.dna 303739 305263 NC_002677.gbk
421 34.7 912721 911924 genome.dna 2924640 2925456 NC_002677.gbk
373 43.5 927840 927358 genome.dna 807505 807988 NC_002677.gbk
355 30.3 931102 929441 genome.dna 1619873 1621637 NC_002677.gbk
1083 42.1 933233 934465 genome.dna 2494501 2495782 NC_002677.gbk
212 32.7 957261 956803 genome.dna 1787874 1787385 NC_002677.gbk
1129 59.6 997695 996727 genome.dna 997288 996355 NC_002677.gbk
455 36.3 1087227 1087946 genome.dna 3133268 3132575 NC_002677.gbk
1264 67.0 1100443 1101237 genome.dna 1833826 1833025 NC_002677.gbk
520 31.1 1129588 1128602 genome.dna 1305089 1304111 NC_002677.gbk
770 48.2 1154052 1153258 genome.dna 1901743 1900885 NC_002677.gbk
797 50.2 1154397 1155122 genome.dna 1924020 1923186 NC_002677.gbk
237 38.6 1155257 1156108 genome.dna 1923185 1922354 NC_002677.gbk
670 45.3 1156279 1157004 genome.dna 1916322 1915482 NC_002677.gbk
496 42.4 1157130 1157687 genome.dna 1915424 1914866 NC_002677.gbk
561 40.9 1157925 1159121 genome.dna 1909435 1908214 NC_002677.gbk
1861 35.9 1169670 1173152 genome.dna 1423013 1426547 NC_002677.gbk
364 32.6 1202667 1201900 genome.dna 426554 425726 NC_002677.gbk
407 36.9 1270601 1269999 genome.dna 2433028 2433616 NC_002677.gbk
407 43.9 1278470 1278919 genome.dna 1176663 1177128 NC_002677.gbk
570 38.0 1278982 1280091 genome.dna 672086 673106 NC_002677.gbk
296 40.8 1280201 1280677 genome.dna 677605 678088 NC_002677.gbk
422 36.8 1281190 1282170 genome.dna 2021051 2020073 NC_002677.gbk
1458 39.7 1284598 1282733 genome.dna 1201214 1203146 NC_002677.gbk
452 33.0 1292157 1291267 genome.dna 709903 710869 NC_002677.gbk
386 35.6 1293119 1292505 genome.dna 1047527 1046918 NC_002677.gbk
634 47.7 1301367 1301990 genome.dna 1782848 1782203 NC_002677.gbk
1648 61.5 1302154 1303428 genome.dna 1781053 1779772 NC_002677.gbk
479 31.7 1319182 1318319 genome.dna 1521265 1522159 NC_002677.gbk
840 32.4 1330287 1332362 genome.dna 2767542 2765706 NC_002677.gbk
251 36.3 1332403 1332732 genome.dna 2761603 2761252 NC_002677.gbk
519 41.8 1332732 1333337 genome.dna 2761241 2760629 NC_002677.gbk
1217 45.2 1333507 1335396 genome.dna 1945504 1947475 NC_002677.gbk
408 39.2 1335658 1336302 genome.dna 2220759 2220213 NC_002677.gbk
1406 36.5 1356196 1353473 genome.dna 2393569 2391316 NC_002677.gbk
169 31.7 1357212 1356757 genome.dna 2184787 2184355 NC_002677.gbk
671 37.8 1358126 1357212 genome.dna 2184319 2183194 NC_002677.gbk
599 48.8 1381835 1382692 genome.dna 2687461 2686558 NC_002677.gbk
418 38.5 1426894 1426256 genome.dna 223971 224619 NC_002677.gbk
1008 46.5 1427931 1426894 genome.dna 2620515 2619420 NC_002677.gbk
472 49.6 1433876 1433409 genome.dna 524288 523802 NC_002677.gbk
549 35.9 1434853 1435731 genome.dna 1825529 1824626 NC_002677.gbk
847 33.1 1451498 1453288 genome.dna 2476952 2478869 NC_002677.gbk
987 43.2 1458435 1457257 genome.dna 1352911 1354093 NC_002677.gbk
292 61.5 1468125 1468334 genome.dna 264897 265101 NC_002677.gbk
822 43.5 1470427 1469462 genome.dna 1021413 1020468 NC_002677.gbk
326 33.0 1471338 1470655 genome.dna 1022117 1021409 NC_002677.gbk
307 33.7 1479078 1478437 genome.dna 1748591 1747946 NC_002677.gbk
351 37.7 1483266 1480684 genome.dna 36320 39239 NC_002677.gbk
935 48.9 1492026 1490968 genome.dna 760113 761163 NC_002677.gbk
1025 39.4 1493774 1492350 genome.dna 1155730 1157284 NC_002677.gbk
280 36.4 1506798 1506349 genome.dna 978178 977782 NC_002677.gbk
418 40.7 1531148 1531804 genome.dna 3037537 3038206 NC_002677.gbk
550 36.5 1531798 1532742 genome.dna 3038227 3039145 NC_002677.gbk
1515 53.6 1536355 1535069 genome.dna 2532909 2531613 NC_002677.gbk
1851 48.5 1537737 1539503 genome.dna 836420 834665 NC_002677.gbk
647 43.6 1539520 1540236 genome.dna 834666 833871 NC_002677.gbk
622 40.9 1544898 1546064 genome.dna 218457 219639 NC_002677.gbk
830 51.2 1546064 1546936 genome.dna 219658 220561 NC_002677.gbk
499 33.0 1558773 1559834 genome.dna 1446712 1447771 NC_002677.gbk
781 47.3 1563766 1563014 genome.dna 2917359 2916615 NC_002677.gbk
408 43.2 1600255 1600836 genome.dna 2988521 2987948 NC_002677.gbk
944 37.8 1633374 1634744 genome.dna 904674 906081 NC_002677.gbk
542 38.1 1635671 1634820 genome.dna 893620 894556 NC_002677.gbk
430 38.3 1636204 1635668 genome.dna 2349335 2349944 NC_002677.gbk
1137 59.4 1637078 1636206 genome.dna 2985166 2984299 NC_002677.gbk
1628 51.6 1638449 1639855 genome.dna 2452178 2453630 NC_002677.gbk
461 31.3 1818024 1817266 genome.dna 1699647 1700454 NC_002677.gbk
402 30.6 2043101 2044030 genome.dna 1993514 1994429 NC_002677.gbk
687 45.5 2044045 2044779 genome.dna 2188395 2187633 NC_002677.gbk
975 40.3 2045253 2046494 genome.dna 1994872 1996123 NC_002677.gbk
454 32.2 2050132 2050929 genome.dna 313909 314698 NC_002677.gbk
181 35.5 2055442 2055792 genome.dna 2656445 2656850 NC_002677.gbk
385 31.0 2057749 2058777 genome.dna 3065121 3063957 NC_002677.gbk
1890 37.5 2070405 2066956 genome.dna 328066 331741 NC_002677.gbk
457 39.1 2074702 2075532 genome.dna 1821242 1821956 NC_002677.gbk
708 46.0 2114428 2115174 genome.dna 722468 723251 NC_002677.gbk
1296 49.2 2116495 2117718 genome.dna 1000550 1001786 NC_002677.gbk
1140 40.9 2121733 2120321 genome.dna 1519740 1521159 NC_002677.gbk
379 36.8 2181519 2182154 genome.dna 675551 676175 NC_002677.gbk
478 41.5 2191939 2192622 genome.dna 2533778 2533157 NC_002677.gbk
1224 46.2 2192856 2194133 genome.dna 1612174 1613455 NC_002677.gbk
1540 56.0 2198282 2200954 genome.dna 2195131 2197966 NC_002677.gbk
469 33.4 2227588 2228490 genome.dna 3190307 3189374 NC_002677.gbk
368 32.2 2239913 2239125 genome.dna 2187604 2186794 NC_002677.gbk
693 35.9 2300071 2298971 genome.dna 1510439 1511534 NC_002677.gbk
692 33.3 2308348 2309736 genome.dna 1002558 1004112 NC_002677.gbk
186 33.3 2324296 2324544 genome.dna 2442481 2442181 NC_002677.gbk
1179 42.6 2336995 2338260 genome.dna 589383 588042 NC_002677.gbk
512 32.0 2362568 2361327 genome.dna 803346 801975 NC_002677.gbk
417 33.9 2472640 2473437 genome.dna 799533 798765 NC_002677.gbk
1111 49.9 2487322 2486231 genome.dna 2323269 2322198 NC_002677.gbk
407 36.2 2488039 2487452 genome.dna 320564 319964 NC_002677.gbk
818 43.7 2489732 2488785 genome.dna 324445 323461 NC_002677.gbk
605 33.5 2491599 2492855 genome.dna 2898897 2897493 NC_002677.gbk
702 45.2 2492889 2493971 genome.dna 1325818 1326904 NC_002677.gbk
326 30.7 2493971 2494816 genome.dna 1326900 1327767 NC_002677.gbk
1203 43.4 2503696 2505084 genome.dna 3152882 3151463 NC_002677.gbk
652 38.9 2536745 2535825 genome.dna 2283633 2284548 NC_002677.gbk
1311 49.0 2563367 2561970 genome.dna 2333623 2335048 NC_002677.gbk
468 38.0 2563607 2564779 genome.dna 907182 908415 NC_002677.gbk
441 37.8 2585970 2586605 genome.dna 2726484 2725722 NC_002677.gbk
398 35.4 2593132 2590532 genome.dna 266032 268876 NC_002677.gbk
929 42.7 2602958 2604520 genome.dna 1512138 1513728 NC_002677.gbk
568 32.0 2605113 2606180 genome.dna 1047663 1048764 NC_002677.gbk
1382 55.7 2607572 2608762 genome.dna 1515381 1516635 NC_002677.gbk
648 37.0 2629004 2628096 genome.dna 1304115 1303215 NC_002677.gbk
641 39.5 2639766 2638855 genome.dna 247093 248014 NC_002677.gbk
546 31.9 2649493 2651343 genome.dna 2228744 2226935 NC_002677.gbk
1048 50.1 2654735 2655739 genome.dna 694888 695908 NC_002677.gbk
487 38.8 2677723 2677067 genome.dna 2035817 2035088 NC_002677.gbk
616 34.2 2688488 2689942 genome.dna 310899 309642 NC_002677.gbk
1338 50.5 2691006 2692370 genome.dna 2131033 2129656 NC_002677.gbk
640 37.1 2714816 2715706 genome.dna 1714436 1713476 NC_002677.gbk
1024 35.0 2726216 2727934 genome.dna 1289626 1287736 NC_002677.gbk
919 31.7 2731236 2728849 genome.dna 1682085 1684596 NC_002677.gbk
954 46.2 2732234 2731251 genome.dna 1681036 1682089 NC_002677.gbk
424 56.4 2732903 2732547 genome.dna 1676662 1677052 NC_002677.gbk
145 44.4 2733144 2732947 genome.dna 1676414 1676609 NC_002677.gbk
486 46.4 2733782 2733240 genome.dna 1675806 1676364 NC_002677.gbk
974 40.0 2735713 2733785 genome.dna 557770 555661 NC_002677.gbk
556 36.0 2757088 2758194 genome.dna 2060892 2059815 NC_002677.gbk
1328 41.0 2791079 2789028 genome.dna 2645034 2642859 NC_002677.gbk
1201 53.5 2809298 2808294 genome.dna 582394 583444 NC_002677.gbk
328 33.0 2809923 2809306 genome.dna 581786 582398 NC_002677.gbk
304 36.0 2810663 2810151 genome.dna 581223 581790 NC_002677.gbk
723 46.1 2811487 2810744 genome.dna 576360 577116 NC_002677.gbk
1530 45.6 2813755 2811956 genome.dna 606838 608608 NC_002677.gbk
258 30.3 2841233 2840649 genome.dna 249406 250051 NC_002677.gbk
725 43.7 2859653 2858643 genome.dna 1544337 1543263 NC_002677.gbk
368 34.1 2869134 2868487 genome.dna 599079 599736 NC_002677.gbk
98 35.4 2884347 2884165 genome.dna 1609113 1609347 NC_002677.gbk
610 35.8 2917289 2918617 genome.dna 1502296 1503646 NC_002677.gbk
449 31.2 2918614 2919687 genome.dna 1503642 1504776 NC_002677.gbk
425 41.8 2920770 2921360 genome.dna 1505401 1506022 NC_002677.gbk
440 33.6 2921367 2922104 genome.dna 1506031 1506769 NC_002677.gbk
674 44.0 2922086 2922862 genome.dna 1507576 1508362 NC_002677.gbk
1013 38.6 2925698 2924025 genome.dna 1652727 1654173 NC_002677.gbk
521 41.9 2926492 2925815 genome.dna 1631204 1631876 NC_002677.gbk
639 32.6 2928002 2926713 genome.dna 936800 935507 NC_002677.gbk
525 34.7 2975613 2974318 genome.dna 102121 103375 NC_002677.gbk
1076 42.7 2977060 2975717 genome.dna 619665 621087 NC_002677.gbk
326 67.1 2988043 2988261 genome.dna 2347818 2347596 NC_002677.gbk
487 42.8 3019705 3020373 genome.dna 2927236 2926555 NC_002677.gbk
410 38.1 3046334 3045672 genome.dna 296081 296699 NC_002677.gbk
646 34.7 3050037 3051158 genome.dna 2160274 2161360 NC_002677.gbk
640 45.6 3137830 3136895 genome.dna 1781325 1782207 NC_002677.gbk
868 36.0 3147123 3145672 genome.dna 961751 960116 NC_002677.gbk
294 33.9 3157972 3158883 genome.dna 681702 682782 NC_002677.gbk
2337 56.0 3161386 3159374 genome.dna 1661664 1663761 NC_002677.gbk
227 31.7 3163130 3162450 genome.dna 1441067 1441748 NC_002677.gbk
603 37.4 3165022 3163865 genome.dna 1439913 1441071 NC_002677.gbk
613 35.3 3166099 3165062 genome.dna 1442501 1443539 NC_002677.gbk
826 48.3 3166195 3167499 genome.dna 1438596 1439907 NC_002677.gbk
300 33.5 3228583 3228035 genome.dna 1147774 1148356 NC_002677.gbk
265 36.0 3230474 3228642 genome.dna 678869 680813 NC_002677.gbk
338 31.4 3278435 3279220 genome.dna 529427 528620 NC_002677.gbk
832 39.0 3290769 3289561 genome.dna 2062121 2060888 NC_002677.gbk
233 36.6 3332182 3332514 genome.dna 2131290 2131614 NC_002677.gbk
1723 60.8 3389494 3390708 genome.dna 2982831 2984145 NC_002677.gbk
622 35.5 3402984 3403889 genome.dna 1023105 1022181 NC_002677.gbk
598 37.4 3409858 3408341 genome.dna 2622285 2620614 NC_002677.gbk
281 30.3 3412525 3411257 genome.dna 1770443 1768985 NC_002677.gbk
524 40.4 3414435 3413773 genome.dna 368448 369117 NC_002677.gbk
284 34.6 3415469 3414618 genome.dna 2344078 2343328 NC_002677.gbk
274 33.5 3416479 3415469 genome.dna 2752679 2751623 NC_002677.gbk
182 37.0 3427528 3426443 genome.dna 627740 628964 NC_002677.gbk
938 38.3 3439860 3438547 genome.dna 3058859 3057485 NC_002677.gbk
722 41.1 3516455 3517318 genome.dna 810691 811540 NC_002677.gbk
1155 42.2 3519048 3517663 genome.dna 412122 413544 NC_002677.gbk
487 51.0 3521609 3522118 genome.dna 877242 877758 NC_002677.gbk
368 33.2 3522115 3523185 genome.dna 875923 877243 NC_002677.gbk
929 55.9 3527868 3527053 genome.dna 2605049 2604272 NC_002677.gbk
959 34.4 3531913 3533985 genome.dna 2025414 2027634 NC_002677.gbk
1054 46.5 3546479 3545397 genome.dna 1251531 1252710 NC_002677.gbk
560 40.7 3569781 3570509 genome.dna 915868 916555 NC_002677.gbk
547 39.4 3577570 3576767 genome.dna 379126 379966 NC_002677.gbk
1276 47.9 3590632 3589055 genome.dna 491042 492632 NC_002677.gbk
1638 54.1 3592205 3590739 genome.dna 480660 482250 NC_002677.gbk
548 30.4 3592378 3593766 genome.dna 2326352 2327639 NC_002677.gbk
440 33.3 3599984 3598497 genome.dna 1631869 1633258 NC_002677.gbk
1082 42.9 3603229 3601955 genome.dna 599739 601023 NC_002677.gbk
925 42.5 3604488 3603367 genome.dna 1906939 1905760 NC_002677.gbk
377 47.3 3608433 3608005 genome.dna 1768568 1768157 NC_002677.gbk
411 34.3 3622920 3623723 genome.dna 1191842 1192718 NC_002677.gbk
412 46.5 3651787 3651263 genome.dna 2948765 2949281 NC_002677.gbk
141 32.6 3680225 3679845 genome.dna 1405880 1406273 NC_002677.gbk
601 33.2 3682691 3681786 genome.dna 763475 764384 NC_002677.gbk
454 41.8 3683368 3682688 genome.dna 2001610 2000893 NC_002677.gbk
2159 54.0 3686442 3684643 genome.dna 742715 744656 NC_002677.gbk
670 40.3 3689812 3691413 genome.dna 1447767 1449351 NC_002677.gbk
522 43.8 3694571 3695257 genome.dna 2019960 2019276 NC_002677.gbk
384 34.9 3698228 3696813 genome.dna 2035092 2033583 NC_002677.gbk
601 35.8 3706780 3705770 genome.dna 748381 749428 NC_002677.gbk
324 43.7 3714535 3714188 genome.dna 1035223 1035580 NC_002677.gbk
1346 51.6 3714803 3716083 genome.dna 2886044 2884703 NC_002677.gbk
176 33.3 3732230 3732727 genome.dna 297940 298516 NC_002677.gbk
717 44.6 3732844 3733638 genome.dna 1969127 1969988 NC_002677.gbk
642 42.8 3733793 3734647 genome.dna 301462 302404 NC_002677.gbk
373 44.2 3734665 3735045 genome.dna 302403 302832 NC_002677.gbk
590 50.6 3738313 3737777 genome.dna 285583 286225 NC_002677.gbk
325 60.5 3744803 3745042 genome.dna 2097177 2096934 NC_002677.gbk
529 55.9 3745052 3745459 genome.dna 2096906 2096489 NC_002677.gbk
3720 80.1 3745456 3747603 genome.dna 2096405 2094323 NC_002677.gbk
1667 76.2 3747628 3748590 genome.dna 2091590 2090612 NC_002677.gbk
2672 54.2 3762599 3760023 genome.dna 2965766 2963219 NC_002677.gbk
440 34.2 3764478 3763501 genome.dna 1417752 1418679 NC_002677.gbk
377 53.8 3773009 3772662 genome.dna 1937453 1937111 NC_002677.gbk
558 41.3 3773827 3773072 genome.dna 1939455 1938738 NC_002677.gbk
1350 47.5 3776200 3774839 genome.dna 1945366 1943800 NC_002677.gbk
695 40.0 3784972 3782345 genome.dna 622158 624885 NC_002677.gbk
775 45.6 3882715 3881462 genome.dna 1752980 1751750 NC_002677.gbk
769 39.1 3883829 3882726 genome.dna 1762667 1761563 NC_002677.gbk
557 32.8 3918901 3920391 genome.dna 2054610 2053116 NC_002677.gbk
355 41.3 3963052 3962555 genome.dna 411591 412068 NC_002677.gbk
208 31.7 3963804 3963091 genome.dna 410869 411595 NC_002677.gbk
948 36.4 3994559 3995977 genome.dna 3158867 3157361 NC_002677.gbk
1460 54.4 4001743 4000448 genome.dna 333750 335094 NC_002677.gbk
1785 51.6 4003479 4001842 genome.dna 1624151 1625924 NC_002677.gbk
1566 36.0 4007080 4004843 genome.dna 595606 597970 NC_002677.gbk
1617 41.6 4027241 4025196 genome.dna 2057828 2055743 NC_002677.gbk
446 32.1 4036522 4035704 genome.dna 1546115 1546964 NC_002677.gbk
450 45.9 4039680 4040210 genome.dna 282031 281542 NC_002677.gbk
1542 43.8 4054763 4056430 genome.dna 2575964 2577674 NC_002677.gbk
305 40.7 4059979 4059527 genome.dna 3233136 3232677 NC_002677.gbk
319 31.6 4077711 4078532 genome.dna 2906374 2905489 NC_002677.gbk
453 43.6 4079441 4080034 genome.dna 1371781 1372444 NC_002677.gbk
514 34.5 4115888 4116970 genome.dna 468131 469298 NC_002677.gbk
2556 57.0 4139901 4137067 genome.dna 1668336 1671246 NC_002677.gbk
850 35.3 4231793 4230366 genome.dna 2856880 2858284 NC_002677.gbk
2799 51.1 4236582 4233919 genome.dna 1989163 1991974 NC_002677.gbk
603 40.0 4244964 4245854 genome.dna 1449347 1450208 NC_002677.gbk
935 45.2 4255592 4252890 genome.dna 921721 924544 NC_002677.gbk
1065 46.6 4258960 4257809 genome.dna 1087295 1088435 NC_002677.gbk
877 35.6 4263557 4262097 genome.dna 1084520 1086008 NC_002677.gbk
431 38.0 4264711 4263620 genome.dna 1083300 1084524 NC_002677.gbk
593 37.9 4268312 4267230 genome.dna 1079139 1080219 NC_002677.gbk
279 30.8 4269667 4268306 genome.dna 1077589 1079143 NC_002677.gbk
934 38.3 4271151 4269664 genome.dna 1076000 1077593 NC_002677.gbk
588 30.7 4272901 4271138 genome.dna 1073831 1075859 NC_002677.gbk
647 40.9 4274186 4273242 genome.dna 1071586 1072705 NC_002677.gbk
271 34.3 4274647 4274189 genome.dna 1071027 1071459 NC_002677.gbk
395 41.7 4277861 4277370 genome.dna 2044283 2043773 NC_002677.gbk
1706 45.0 4279582 4277864 genome.dna 2046212 2044334 NC_002677.gbk
847 35.0 4281750 4279945 genome.dna 1055085 1053282 NC_002677.gbk
634 40.7 4283764 4284855 genome.dna 2038165 2037154 NC_002677.gbk
1875 59.1 4284858 4286258 genome.dna 2031629 2030171 NC_002677.gbk
523 42.4 4286272 4286874 genome.dna 2030129 2029532 NC_002677.gbk
422 31.8 4319027 4319845 genome.dna 316047 316968 NC_002677.gbk
261 35.6 4323873 4323391 genome.dna 1832973 1832475 NC_002677.gbk
2358 51.2 4330684 4327460 genome.dna 649607 652997 NC_002677.gbk
725 41.6 4331847 4330699 genome.dna 648421 649549 NC_002677.gbk
1028 51.5 4334402 4333452 genome.dna 2325570 2324562 NC_002677.gbk
217 30.5 4335368 4334856 genome.dna 1417028 1417634 NC_002677.gbk
488 34.4 4339154 4338213 genome.dna 1012134 1013130 NC_002677.gbk
200 39.5 4339580 4339843 genome.dna 736414 736153 NC_002677.gbk
908 42.6 4343498 4342359 genome.dna 757872 759009 NC_002677.gbk
1825 53.5 4345514 4343607 genome.dna 2973428 2971565 NC_002677.gbk
225 33.3 4362071 4361421 genome.dna 1747561 1746886 NC_002677.gbk
2033 56.6 4365488 4367155 genome.dna 1489169 1490840 NC_002677.gbk
786 42.5 4378640 4377564 genome.dna 368316 367278 NC_002677.gbk
691 40.0 4379941 4378778 genome.dna 695910 697161 NC_002677.gbk
1003 44.5 4383337 4381343 genome.dna 709704 707604 NC_002677.gbk
1041 56.6 4388480 4389631 genome.dna 659720 660932 NC_002677.gbk
1424 50.8 4398393 4397095 genome.dna 363248 361949 NC_002677.gbk
862 39.1 4402445 4401165 genome.dna 1165269 1166736 NC_002677.gbk
509 35.2 4403893 4402952 genome.dna 1163314 1164250 NC_002677.gbk
191 35.1 4408042 4407560 genome.dna 470281 470767 NC_002677.gbk
389 34.9 4409618 4408062 genome.dna 465201 466623 NC_002677.gbk
1151 51.4 4422828 4421779 genome.dna 2087915 2089004 NC_002677.gbk
481 46.0 4435345 4434803 genome.dna 526941 526293 NC_002677.gbk
267 30.2 4435653 4436702 genome.dna 935511 934527 NC_002677.gbk
495 40.6 4448185 4447619 genome.dna 632966 633530 NC_002677.gbk
1729 50.9 4451372 4449723 genome.dna 212814 211149 NC_002677.gbk
1595 32.5 4464530 4460847 genome.dna 1556850 1560471 NC_002677.gbk
261 30.3 4479596 4478769 genome.dna 626675 627512 NC_002677.gbk
576 36.2 4482986 4483933 genome.dna 669002 669959 NC_002677.gbk
193 31.9 4486815 4487225 genome.dna 245251 244786 NC_002677.gbk
819 44.2 4489098 4488109 genome.dna 2345749 2344705 NC_002677.gbk
549 44.7 4489744 4489124 genome.dna 2346439 2345833 NC_002677.gbk
538 60.2 4490164 4489775 genome.dna 2346889 2346472 NC_002677.gbk
428 54.7 4490537 4490181 genome.dna 2347267 2346892 NC_002677.gbk
148 52.6 4490800 4490684 genome.dna 2347557 2347443 NC_002677.gbk
1119 43.0 4492165 4490834 genome.dna 2222072 2220755 NC_002677.gbk
274 36.7 4492607 4492173 genome.dna 2229420 2228979 NC_002677.gbk
268 40.2 4493665 4493312 genome.dna 2230686 2230320 NC_002677.gbk
479 39.8 4494208 4493675 genome.dna 2231231 2230691 NC_002677.gbk
403 47.0 4494614 4494222 genome.dna 2231655 2231256 NC_002677.gbk
740 58.8 4495506 4494967 genome.dna 2232492 2231928 NC_002677.gbk
241 41.9 4495835 4495521 genome.dna 2232810 2232492 NC_002677.gbk
503 66.7 4496217 4495846 genome.dna 2233152 2232810 NC_002677.gbk
464 50.0 4497236 4496826 genome.dna 2239387 2238970 NC_002677.gbk
788 50.9 4497950 4497249 genome.dna 2240236 2239390 NC_002677.gbk
437 67.7 4498593 4498315 genome.dna 2241041 2240759 NC_002677.gbk
1055 55.7 4499431 4498610 genome.dna 2241907 2241064 NC_002677.gbk
187 39.3 4499751 4499449 genome.dna 2242239 2241936 NC_002677.gbk
689 51.2 4500993 4500364 genome.dna 2243587 2242930 NC_002677.gbk
418 62.0 4501337 4501026 genome.dna 2243905 2243599 NC_002677.gbk
417 44.3 4502117 4501644 genome.dna 2429802 2429322 NC_002677.gbk
2694 58.7 4505956 4503842 genome.dna 2259194 2257088 NC_002677.gbk
568 53.8 4506523 4506053 genome.dna 2259758 2259287 NC_002677.gbk
575 69.4 4506994 4506620 genome.dna 2260132 2259757 NC_002677.gbk
1373 52.6 4514011 4512740 genome.dna 2341434 2340153 NC_002677.gbk
320 33.5 4529138 4529770 genome.dna 2726909 2727584 NC_002677.gbk
950 40.6 4531124 4529898 genome.dna 1690888 1692103 NC_002677.gbk
598 49.2 4531820 4531245 genome.dna 18324 19023 NC_002677.gbk
197 32.2 4539402 4538833 genome.dna 15992 16541 NC_002677.gbk
1069 49.4 4557783 4556779 genome.dna 822125 823157 NC_002677.gbk
637 49.3 4559154 4558477 genome.dna 671415 672090 NC_002677.gbk
770 40.4 4562421 4561336 genome.dna 629567 630653 NC_002677.gbk
315 37.4 4562994 4562473 genome.dna 628971 629571 NC_002677.gbk
415 31.8 4603858 4604907 genome.dna 1416954 1416021 NC_002677.gbk
823 37.0 4622349 4623851 genome.dna 851947 853705 NC_002677.gbk
1054 39.9 4635563 4634286 genome.dna 1233348 1234563 NC_002677.gbk
639 38.0 4672431 4670269 genome.dna 214271 216608 NC_002677.gbk
312 32.4 4675687 4674863 genome.dna 1164316 1165207 NC_002677.gbk
586 41.3 4680620 4681561 genome.dna 2897489 2896532 NC_002677.gbk
1038 38.9 4694568 4693180 genome.dna 1554015 1552518 NC_002677.gbk
527 43.9 4702353 4701286 genome.dna 2348332 2349334 NC_002677.gbk
869 39.4 4729969 4728119 genome.dna 3114718 3113023 NC_002677.gbk
284 32.8 4730969 4730043 genome.dna 1030180 1031287 NC_002677.gbk
389 36.4 4748208 4747351 genome.dna 1369204 1370023 NC_002677.gbk
619 37.2 4755209 4754301 genome.dna 2432919 2431983 NC_002677.gbk
949 42.0 4766891 4765731 genome.dna 2864960 2863793 NC_002677.gbk
497 35.5 4777900 4778817 genome.dna 2877397 2878282 NC_002677.gbk
393 40.9 4778952 4779437 genome.dna 88719 88245 NC_002677.gbk
1658 49.7 4781238 4782749 genome.dna 2743339 2741812 NC_002677.gbk
695 41.4 4782875 4783885 genome.dna 2332628 2333615 NC_002677.gbk
560 38.6 4786326 4787093 genome.dna 697157 697943 NC_002677.gbk
566 36.9 4825789 4824827 genome.dna 2053029 2051997 NC_002677.gbk
498 50.0 4834867 4834403 genome.dna 518890 518413 NC_002677.gbk
1044 47.9 4838481 4837408 genome.dna 1712636 1711565 NC_002677.gbk
642 48.8 4867996 4867325 genome.dna 805919 806609 NC_002677.gbk
224 32.0 4869761 4870336 genome.dna 2006110 2005636 NC_002677.gbk
562 35.7 4881331 4882347 genome.dna 823168 824110 NC_002677.gbk
159 54.8 4985770 4985910 genome.dna 3267653 3267509 NC_002677.gbk
542 36.1 5019301 5018414 genome.dna 2490045 2489130 NC_002677.gbk
603 35.3 5020260 5019301 genome.dna 2491022 2490062 NC_002677.gbk
447 32.9 5021463 5020423 genome.dna 2492174 2491064 NC_002677.gbk
642 42.9 5028745 5027972 genome.dna 423936 423177 NC_002677.gbk
1375 42.0 5049054 5047222 genome.dna 462978 464856 NC_002677.gbk
855 38.3 5050610 5049240 genome.dna 326034 324555 NC_002677.gbk
1801 59.2 5055348 5053966 genome.dna 1336074 1337532 NC_002677.gbk
553 36.4 5056259 5055396 genome.dna 1335151 1336048 NC_002677.gbk
1176 50.8 5057853 5056312 genome.dna 1333457 1335134 NC_002677.gbk
151 40.3 5059187 5058948 genome.dna 1331270 1331516 NC_002677.gbk
281 31.5 5060037 5059237 genome.dna 1330419 1331175 NC_002677.gbk
