467 46.3 1179 2171 genome.dna 1692474 1693458 NC_003997.gbk
415 50.4 10521 10940 genome.dna 684103 684499 NC_003997.gbk
1526 50.7 10948 12453 genome.dna 684616 686002 NC_003997.gbk
1051 55.4 12461 13429 genome.dna 686004 686940 NC_003997.gbk
1007 56.9 13455 14342 genome.dna 686954 687881 NC_003997.gbk
660 39.3 14538 15464 genome.dna 683210 684107 NC_003997.gbk
1334 37.8 25826 28615 genome.dna 4394937 4392303 NC_003997.gbk
384 34.9 29669 29034 genome.dna 4276829 4276232 NC_003997.gbk
821 41.1 36667 35258 genome.dna 3508320 3506985 NC_003997.gbk
2248 53.9 37037 38860 genome.dna 3820033 3818188 NC_003997.gbk
454 46.9 39698 40135 genome.dna 4211796 4211355 NC_003997.gbk
630 32.5 44746 43358 genome.dna 1498376 1499699 NC_003997.gbk
1309 39.6 47188 45107 genome.dna 3671689 3669640 NC_003997.gbk
472 41.6 50956 50333 genome.dna 3688629 3688011 NC_003997.gbk
379 30.1 59253 58054 genome.dna 4504590 4505862 NC_003997.gbk
468 30.2 62838 64181 genome.dna 1430429 1431716 NC_003997.gbk
951 47.5 93925 92960 genome.dna 4663799 4664792 NC_003997.gbk
834 59.9 110262 109636 genome.dna 4094362 4093750 NC_003997.gbk
769 36.7 129082 130098 genome.dna 2992216 2991226 NC_003997.gbk
679 35.8 130095 131123 genome.dna 2990078 2989091 NC_003997.gbk
601 35.7 131116 131922 genome.dna 2989095 2988243 NC_003997.gbk
1001 38.8 131919 133205 genome.dna 2988251 2986913 NC_003997.gbk
480 31.6 151546 150683 genome.dna 3689849 3688973 NC_003997.gbk
1003 50.4 156579 155680 genome.dna 4303631 4304531 NC_003997.gbk
840 55.2 162282 162998 genome.dna 4289636 4288898 NC_003997.gbk
294 40.5 165569 165111 genome.dna 3780144 3779697 NC_003997.gbk
1066 44.1 166824 165547 genome.dna 3687624 3686418 NC_003997.gbk
510 38.5 166978 167643 genome.dna 4260142 4259464 NC_003997.gbk
112 36.7 168129 168296 genome.dna 4153380 4153230 NC_003997.gbk
615 38.3 168516 169325 genome.dna 4392291 4391460 NC_003997.gbk
496 45.9 170854 170375 genome.dna 3794704 3794212 NC_003997.gbk
932 39.0 186786 187982 genome.dna 634138 635329 NC_003997.gbk
912 42.1 192775 193791 genome.dna 1442448 1443471 NC_003997.gbk
1869 47.3 199780 202044 genome.dna 3859539 3861828 NC_003997.gbk
605 35.6 217784 218788 genome.dna 3976804 3975766 NC_003997.gbk
468 39.4 218826 219599 genome.dna 3974520 3973752 NC_003997.gbk
1474 49.3 219661 221034 genome.dna 4434859 4433470 NC_003997.gbk
518 36.1 222967 223722 genome.dna 1449063 1449777 NC_003997.gbk
1009 47.7 228573 229595 genome.dna 4271008 4270018 NC_003997.gbk
1079 47.2 233849 232686 genome.dna 4755176 4754003 NC_003997.gbk
351 33.5 237567 238178 genome.dna 4917640 4918276 NC_003997.gbk
2072 75.6 250357 251541 genome.dna 119375 120563 NC_003997.gbk
541 44.6 252164 252709 genome.dna 104267 104801 NC_003997.gbk
606 66.2 252872 253300 genome.dna 104968 105394 NC_003997.gbk
759 52.0 253304 254008 genome.dna 105571 106264 NC_003997.gbk
360 38.0 254326 254823 genome.dna 106496 106997 NC_003997.gbk
436 58.8 254890 255255 genome.dna 107064 107424 NC_003997.gbk
2122 45.8 255584 259612 genome.dna 108390 111924 NC_003997.gbk
2524 47.2 259736 263959 genome.dna 111988 115573 NC_003997.gbk
719 47.0 269828 269043 genome.dna 757576 758347 NC_003997.gbk
2364 65.2 273440 271446 genome.dna 4953274 4951513 NC_003997.gbk
825 39.0 275283 276347 genome.dna 1051173 1052220 NC_003997.gbk
342 58.9 277924 278196 genome.dna 2217001 2216728 NC_003997.gbk
342 58.9 277924 278196 genome.dna 1447106 1447379 NC_003997.gbk
1461 52.7 280242 278956 genome.dna 307229 308501 NC_003997.gbk
1104 53.4 281849 280260 genome.dna 305572 307108 NC_003997.gbk
763 52.3 292998 292333 genome.dna 864588 865296 NC_003997.gbk
779 47.0 293855 293088 genome.dna 863813 864611 NC_003997.gbk
877 41.2 295276 296334 genome.dna 4600496 4599485 NC_003997.gbk
703 37.5 301263 300298 genome.dna 79416 80391 NC_003997.gbk
427 30.2 303420 302533 genome.dna 4126178 4125239 NC_003997.gbk
1498 46.2 304889 303438 genome.dna 3317721 3316281 NC_003997.gbk
1667 53.7 306633 305290 genome.dna 4022971 4021618 NC_003997.gbk
316 35.4 307112 306645 genome.dna 4023482 4022987 NC_003997.gbk
430 46.4 307589 307137 genome.dna 4032948 4032507 NC_003997.gbk
815 39.8 310630 309653 genome.dna 800166 801165 NC_003997.gbk
1261 57.7 313270 314313 genome.dna 4259306 4258286 NC_003997.gbk
482 46.9 315964 316557 genome.dna 4260764 4260188 NC_003997.gbk
612 33.4 316547 318016 genome.dna 4253496 4252119 NC_003997.gbk
1713 53.1 329415 330869 genome.dna 335070 336522 NC_003997.gbk
758 41.2 334964 334107 genome.dna 4875707 4874825 NC_003997.gbk
816 32.0 337440 336007 genome.dna 4867106 4865798 NC_003997.gbk
1346 52.1 345980 347242 genome.dna 5021170 5019865 NC_003997.gbk
609 36.3 348448 347351 genome.dna 5200741 5199565 NC_003997.gbk
571 59.3 352201 352629 genome.dna 139148 139586 NC_003997.gbk
483 56.2 352645 353037 genome.dna 139607 140000 NC_003997.gbk
449 33.5 355354 354581 genome.dna 3887229 3888006 NC_003997.gbk
745 38.6 362158 363087 genome.dna 4540108 4541068 NC_003997.gbk
581 37.0 374918 375703 genome.dna 1743407 1742645 NC_003997.gbk
302 37.2 385868 385287 genome.dna 845492 846041 NC_003997.gbk
613 37.5 386934 386071 genome.dna 5064291 5063433 NC_003997.gbk
595 35.8 387875 387024 genome.dna 2339979 2340825 NC_003997.gbk
943 50.4 399153 398326 genome.dna 3944672 3943844 NC_003997.gbk
1046 39.9 413001 411592 genome.dna 776629 775153 NC_003997.gbk
1784 59.9 414371 413001 genome.dna 778023 776646 NC_003997.gbk
537 33.8 417112 416177 genome.dna 775157 774215 NC_003997.gbk
361 33.2 423578 424231 genome.dna 1911411 1912071 NC_003997.gbk
1056 32.9 426927 424789 genome.dna 3372281 3370424 NC_003997.gbk
418 50.0 431880 431494 genome.dna 49995 50370 NC_003997.gbk
459 34.4 433394 432459 genome.dna 3708980 3708065 NC_003997.gbk
615 37.3 435364 434357 genome.dna 3972583 3971632 NC_003997.gbk
762 43.2 460910 458055 genome.dna 4266153 4263507 NC_003997.gbk
972 37.4 463248 461737 genome.dna 4682201 4680716 NC_003997.gbk
1497 51.1 485144 483705 genome.dna 622840 624274 NC_003997.gbk
619 31.1 525365 524040 genome.dna 1784281 1785565 NC_003997.gbk
1362 46.9 530287 528905 genome.dna 92221 93598 NC_003997.gbk
1054 48.5 537938 539215 genome.dna 4962992 4964204 NC_003997.gbk
1010 40.6 543754 544950 genome.dna 2202730 2203930 NC_003997.gbk
1676 47.7 544947 546572 genome.dna 2203942 2205559 NC_003997.gbk
938 47.4 546583 547458 genome.dna 2205590 2206478 NC_003997.gbk
797 51.6 550604 551389 genome.dna 2201927 2202704 NC_003997.gbk
923 31.9 599597 601615 genome.dna 1790697 1792842 NC_003997.gbk
1346 48.6 694412 693111 genome.dna 397007 395693 NC_003997.gbk
263 44.1 697176 697469 genome.dna 258542 258827 NC_003997.gbk
2156 62.6 697515 699164 genome.dna 258865 260500 NC_003997.gbk
219 38.8 704061 704669 genome.dna 3453805 3454426 NC_003997.gbk
1014 33.3 755031 753277 genome.dna 4111195 4109398 NC_003997.gbk
893 43.3 755628 756641 genome.dna 252937 253954 NC_003997.gbk
177 32.3 757206 756736 genome.dna 4013906 4013456 NC_003997.gbk
361 30.5 757677 758612 genome.dna 4400005 4399066 NC_003997.gbk
570 31.4 761351 760380 genome.dna 1449808 1450771 NC_003997.gbk
316 43.7 761608 761919 genome.dna 4251954 4251645 NC_003997.gbk
273 54.3 761939 762196 genome.dna 4251286 4250995 NC_003997.gbk
408 44.2 766454 766933 genome.dna 4186164 4185687 NC_003997.gbk
201 36.5 767354 767061 genome.dna 4145741 4145447 NC_003997.gbk
1980 50.4 768185 770122 genome.dna 69602 71504 NC_003997.gbk
663 43.4 770241 771074 genome.dna 77496 78339 NC_003997.gbk
1254 46.8 771082 772419 genome.dna 156041 157388 NC_003997.gbk
272 35.7 777307 777729 genome.dna 3629057 3628586 NC_003997.gbk
312 44.0 782083 782481 genome.dna 3624508 3624151 NC_003997.gbk
336 57.3 783547 783816 genome.dna 3622026 3621756 NC_003997.gbk
2200 50.7 784066 786186 genome.dna 3621596 3619457 NC_003997.gbk
263 34.0 793333 793875 genome.dna 3252095 3251570 NC_003997.gbk
1112 44.9 795852 797180 genome.dna 3935643 3934338 NC_003997.gbk
975 46.8 797270 798493 genome.dna 3937669 3936484 NC_003997.gbk
926 57.8 798538 799257 genome.dna 1402766 1402058 NC_003997.gbk
261 35.1 803045 802602 genome.dna 252500 252938 NC_003997.gbk
631 36.9 805628 804636 genome.dna 1884046 1884982 NC_003997.gbk
754 45.4 808710 809492 genome.dna 874561 875320 NC_003997.gbk
1814 50.2 809514 811193 genome.dna 872856 874545 NC_003997.gbk
660 32.9 812414 811260 genome.dna 2075696 2076875 NC_003997.gbk
758 37.1 812975 814090 genome.dna 4051956 4050855 NC_003997.gbk
410 45.7 814149 814541 genome.dna 4742138 4741754 NC_003997.gbk
655 44.6 830229 830876 genome.dna 2093878 2093221 NC_003997.gbk
829 44.8 839867 840766 genome.dna 3939852 3938961 NC_003997.gbk
1733 53.4 844582 846099 genome.dna 80550 82050 NC_003997.gbk
1596 46.4 894744 893086 genome.dna 1547878 1549429 NC_003997.gbk
1227 44.2 909308 910588 genome.dna 5140126 5138827 NC_003997.gbk
441 45.1 927840 927358 genome.dna 4835331 4834863 NC_003997.gbk
518 32.6 931102 929441 genome.dna 4013189 4011449 NC_003997.gbk
383 33.2 932209 932796 genome.dna 4129955 4129388 NC_003997.gbk
1365 50.9 933233 934465 genome.dna 1763506 1762210 NC_003997.gbk
122 37.5 934700 934497 genome.dna 5113257 5113443 NC_003997.gbk
579 31.5 949769 948918 genome.dna 3907164 3906315 NC_003997.gbk
2164 49.8 955638 953644 genome.dna 3445715 3443714 NC_003997.gbk
387 40.7 957261 956803 genome.dna 5048795 5048351 NC_003997.gbk
883 33.1 959189 960961 genome.dna 968226 969978 NC_003997.gbk
271 34.1 969365 968913 genome.dna 2822360 2822801 NC_003997.gbk
486 46.4 994093 993584 genome.dna 5050077 5049579 NC_003997.gbk
1864 52.2 995970 994243 genome.dna 3903516 3901803 NC_003997.gbk
218 41.6 996273 996016 genome.dna 4872805 4872556 NC_003997.gbk
787 47.1 997695 996727 genome.dna 1716686 1717604 NC_003997.gbk
501 31.9 1024600 1025622 genome.dna 693374 694427 NC_003997.gbk
1281 47.8 1040649 1039456 genome.dna 1741382 1742597 NC_003997.gbk
450 43.4 1066357 1065851 genome.dna 2624108 2623604 NC_003997.gbk
658 35.7 1087061 1085955 genome.dna 514982 516080 NC_003997.gbk
832 51.3 1100443 1101237 genome.dna 2087866 2088823 NC_003997.gbk
531 34.9 1134065 1134883 genome.dna 4207230 4206462 NC_003997.gbk
259 36.6 1138546 1138941 genome.dna 5127068 5126699 NC_003997.gbk
715 44.7 1154052 1153258 genome.dna 132146 132893 NC_003997.gbk
835 52.8 1154397 1155122 genome.dna 3642777 3642075 NC_003997.gbk
386 44.9 1155257 1156108 genome.dna 3641972 3641084 NC_003997.gbk
770 50.0 1156279 1157004 genome.dna 3641018 3640295 NC_003997.gbk
584 48.6 1157130 1157687 genome.dna 3640293 3639735 NC_003997.gbk
662 41.4 1157925 1159121 genome.dna 3133635 3134793 NC_003997.gbk
685 45.6 1159320 1160081 genome.dna 3639650 3638873 NC_003997.gbk
316 30.9 1160970 1162325 genome.dna 3636888 3635625 NC_003997.gbk
473 49.6 1166572 1167027 genome.dna 4995538 4995103 NC_003997.gbk
1022 36.8 1169670 1173152 genome.dna 4416432 4413105 NC_003997.gbk
1151 56.1 1173165 1174124 genome.dna 4410062 4409087 NC_003997.gbk
490 59.3 1174256 1174645 genome.dna 621177 621564 NC_003997.gbk
1949 41.0 1180703 1178139 genome.dna 3579790 3577111 NC_003997.gbk
541 67.9 1211683 1212024 genome.dna 4703585 4703243 NC_003997.gbk
316 34.6 1250102 1250623 genome.dna 4057059 4056561 NC_003997.gbk
611 43.2 1260789 1261478 genome.dna 5206271 5205563 NC_003997.gbk
1150 44.3 1265611 1266930 genome.dna 1934003 1935341 NC_003997.gbk
1690 53.0 1267070 1268446 genome.dna 714143 712751 NC_003997.gbk
1031 48.6 1271755 1272822 genome.dna 4226501 4225448 NC_003997.gbk
1413 54.6 1272920 1274065 genome.dna 4225436 4224296 NC_003997.gbk
403 48.5 1278470 1278919 genome.dna 4387869 4387443 NC_003997.gbk
857 40.8 1278982 1280091 genome.dna 3954340 3955453 NC_003997.gbk
523 53.6 1280201 1280677 genome.dna 3957303 3957765 NC_003997.gbk
250 35.2 1280702 1281121 genome.dna 4020857 4020464 NC_003997.gbk
1816 45.8 1284598 1282733 genome.dna 4016784 4014891 NC_003997.gbk
689 43.7 1285528 1284617 genome.dna 4017976 4017085 NC_003997.gbk
182 33.3 1285773 1285525 genome.dna 4018206 4017975 NC_003997.gbk
391 40.0 1289161 1289652 genome.dna 1136107 1135615 NC_003997.gbk
554 35.1 1292157 1291267 genome.dna 3807468 3806544 NC_003997.gbk
604 46.8 1293119 1292505 genome.dna 3803506 3802882 NC_003997.gbk
2369 52.5 1295100 1293109 genome.dna 722195 720260 NC_003997.gbk
630 37.5 1296067 1295105 genome.dna 723104 722228 NC_003997.gbk
676 33.9 1299536 1300840 genome.dna 4283918 4282640 NC_003997.gbk
897 67.4 1301367 1301990 genome.dna 4871651 4872233 NC_003997.gbk
1677 61.6 1302154 1303428 genome.dna 4282376 4281116 NC_003997.gbk
2709 53.3 1303620 1306001 genome.dna 4279147 4276825 NC_003997.gbk
342 57.3 1306200 1306472 genome.dna 1447106 1447379 NC_003997.gbk
785 53.0 1310544 1309849 genome.dna 1298907 1299570 NC_003997.gbk
334 36.4 1312030 1312560 genome.dna 840173 840668 NC_003997.gbk
1786 45.3 1312639 1314408 genome.dna 3442694 3440942 NC_003997.gbk
1388 39.4 1314401 1316176 genome.dna 3440943 3439179 NC_003997.gbk
268 48.1 1322693 1322445 genome.dna 5058712 5058466 NC_003997.gbk
533 52.6 1329655 1330212 genome.dna 4214720 4214207 NC_003997.gbk
249 35.9 1332403 1332732 genome.dna 27222 27552 NC_003997.gbk
576 45.4 1332732 1333337 genome.dna 27566 28163 NC_003997.gbk
636 46.8 1335658 1336302 genome.dna 131496 132147 NC_003997.gbk
780 40.8 1348853 1349839 genome.dna 1900702 1901653 NC_003997.gbk
390 42.9 1352428 1351949 genome.dna 3107402 3106925 NC_003997.gbk
1789 38.6 1356196 1353473 genome.dna 3533284 3530866 NC_003997.gbk
735 40.6 1358126 1357212 genome.dna 1943681 1944647 NC_003997.gbk
1713 52.2 1363499 1366138 genome.dna 6594 9066 NC_003997.gbk
412 30.6 1379359 1381041 genome.dna 4633340 4631585 NC_003997.gbk
1280 68.5 1381835 1382692 genome.dna 4630707 4629888 NC_003997.gbk
831 42.0 1402802 1401792 genome.dna 3052225 3051196 NC_003997.gbk
958 37.7 1422749 1425052 genome.dna 3051186 3048855 NC_003997.gbk
444 36.1 1426894 1426256 genome.dna 304960 305548 NC_003997.gbk
1166 54.2 1427931 1426894 genome.dna 303923 304964 NC_003997.gbk
716 48.8 1428285 1428911 genome.dna 5045983 5045353 NC_003997.gbk
1326 45.8 1429248 1430537 genome.dna 3710412 3709128 NC_003997.gbk
460 45.9 1433876 1433409 genome.dna 530312 530768 NC_003997.gbk
782 44.2 1434853 1435731 genome.dna 3612463 3611584 NC_003997.gbk
663 43.2 1436929 1437642 genome.dna 298567 299287 NC_003997.gbk
333 39.2 1437843 1438295 genome.dna 4403475 4403013 NC_003997.gbk
1159 47.0 1458435 1457257 genome.dna 5073316 5072134 NC_003997.gbk
655 43.9 1459094 1458447 genome.dna 2143157 2143820 NC_003997.gbk
703 47.9 1459750 1459094 genome.dna 2142474 2143173 NC_003997.gbk
899 57.0 1467907 1467197 genome.dna 2077022 2077730 NC_003997.gbk
303 69.8 1468125 1468334 genome.dna 4912201 4912003 NC_003997.gbk
204 32.8 1468782 1468399 genome.dna 4823837 4824251 NC_003997.gbk
1003 51.5 1470427 1469462 genome.dna 4724844 4723947 NC_003997.gbk
272 39.0 1478243 1477926 genome.dna 4144191 4143834 NC_003997.gbk
254 33.0 1479078 1478437 genome.dna 4145262 4144746 NC_003997.gbk
1855 42.8 1483266 1480684 genome.dna 4530761 4528352 NC_003997.gbk
974 60.2 1484840 1484115 genome.dna 657248 657980 NC_003997.gbk
254 31.4 1490971 1490492 genome.dna 4116947 4116476 NC_003997.gbk
899 47.6 1492026 1490968 genome.dna 4120241 4119281 NC_003997.gbk
1188 42.3 1493774 1492350 genome.dna 3582604 3581074 NC_003997.gbk
449 34.4 1502595 1501795 genome.dna 3909656 3908867 NC_003997.gbk
280 36.0 1506798 1506349 genome.dna 3940648 3940192 NC_003997.gbk
625 63.1 1514785 1514357 genome.dna 437882 437453 NC_003997.gbk
407 42.0 1519100 1518525 genome.dna 765640 766222 NC_003997.gbk
2160 57.7 1521264 1519120 genome.dna 763533 765624 NC_003997.gbk
1567 45.1 1522968 1521280 genome.dna 761852 763520 NC_003997.gbk
1072 34.1 1525473 1523818 genome.dna 1629992 1631663 NC_003997.gbk
771 41.5 1526654 1525674 genome.dna 1628954 1629980 NC_003997.gbk
568 32.1 1527781 1528740 genome.dna 2369188 2370157 NC_003997.gbk
926 33.7 1528762 1530255 genome.dna 2926840 2925430 NC_003997.gbk
531 40.8 1531148 1531804 genome.dna 2851204 2850490 NC_003997.gbk
769 47.2 1532732 1533469 genome.dna 2849493 2848731 NC_003997.gbk
841 54.0 1533499 1534146 genome.dna 2845134 2844486 NC_003997.gbk
645 32.2 1536355 1535069 genome.dna 2182361 2183480 NC_003997.gbk
1811 39.5 1540513 1543320 genome.dna 1227372 1224504 NC_003997.gbk
1066 46.9 1543336 1544562 genome.dna 1224369 1223112 NC_003997.gbk
1423 56.0 1544898 1546064 genome.dna 3653565 3652404 NC_003997.gbk
1282 64.2 1546064 1546936 genome.dna 3652384 3651481 NC_003997.gbk
718 37.0 1549251 1550390 genome.dna 1828791 1829808 NC_003997.gbk
230 32.2 1559893 1560618 genome.dna 199165 199816 NC_003997.gbk
842 44.9 1561588 1560626 genome.dna 1646207 1647107 NC_003997.gbk
996 61.2 1563766 1563014 genome.dna 2315455 2316193 NC_003997.gbk
1218 51.3 1573036 1572017 genome.dna 5190211 5189194 NC_003997.gbk
627 34.6 1598229 1599338 genome.dna 141515 142580 NC_003997.gbk
718 51.2 1599518 1600159 genome.dna 4187081 4186442 NC_003997.gbk
202 31.9 1609114 1609548 genome.dna 5049332 5048891 NC_003997.gbk
690 40.9 1635671 1634820 genome.dna 1189329 1190184 NC_003997.gbk
546 44.4 1636204 1635668 genome.dna 1187787 1188333 NC_003997.gbk
644 43.3 1637078 1636206 genome.dna 1187041 1187779 NC_003997.gbk
2108 67.8 1638449 1639855 genome.dna 165245 166655 NC_003997.gbk
1628 51.7 1652381 1653892 genome.dna 2335279 2336743 NC_003997.gbk
2667 60.9 1654089 1656020 genome.dna 2336898 2338833 NC_003997.gbk
922 45.0 1656775 1657761 genome.dna 2333078 2334104 NC_003997.gbk
607 33.4 1738556 1737522 genome.dna 1278844 1279921 NC_003997.gbk
312 32.2 1745705 1744989 genome.dna 4543391 4544066 NC_003997.gbk
1751 58.7 1751217 1749904 genome.dna 569686 568381 NC_003997.gbk
301 31.7 1764218 1764715 genome.dna 1413812 1414334 NC_003997.gbk
1768 64.4 1768623 1769945 genome.dna 1373372 1374644 NC_003997.gbk
1066 51.1 1779652 1780665 genome.dna 2981195 2980199 NC_003997.gbk
1360 43.0 1800077 1801579 genome.dna 2784266 2782808 NC_003997.gbk
728 40.1 1813209 1812400 genome.dna 2694622 2693866 NC_003997.gbk
412 30.4 1862075 1860786 genome.dna 4950053 4951412 NC_003997.gbk
137 32.0 1924289 1923957 genome.dna 241479 241830 NC_003997.gbk
738 41.5 1932575 1933540 genome.dna 431055 432006 NC_003997.gbk
647 34.3 1945543 1946694 genome.dna 1612619 1613666 NC_003997.gbk
868 32.4 1946687 1948771 genome.dna 1613689 1615756 NC_003997.gbk
302 35.8 1951419 1951823 genome.dna 1582545 1582959 NC_003997.gbk
491 33.5 1963383 1962607 genome.dna 1610764 1611523 NC_003997.gbk
887 35.9 1968985 1967612 genome.dna 1586555 1587860 NC_003997.gbk
667 40.3 1975728 1976600 genome.dna 1607734 1606870 NC_003997.gbk
1365 43.2 1993342 1994814 genome.dna 3318276 3319761 NC_003997.gbk
343 47.2 2009604 2010017 genome.dna 3367756 3367342 NC_003997.gbk
223 33.1 2013548 2013970 genome.dna 4439997 4440432 NC_003997.gbk
305 34.6 2013994 2014578 genome.dna 2733964 2733433 NC_003997.gbk
174 30.8 2015203 2015631 genome.dna 4431502 4431961 NC_003997.gbk
396 43.7 2016186 2015680 genome.dna 4696072 4696534 NC_003997.gbk
582 42.7 2028974 2027880 genome.dna 1913138 1912100 NC_003997.gbk
97 33.3 2040877 2041047 genome.dna 3744979 3744805 NC_003997.gbk
737 38.8 2041077 2042123 genome.dna 3668962 3667969 NC_003997.gbk
811 40.1 2042130 2043083 genome.dna 1711065 1710081 NC_003997.gbk
824 45.5 2043101 2044030 genome.dna 3667955 3667010 NC_003997.gbk
823 53.1 2044045 2044779 genome.dna 3667011 3666270 NC_003997.gbk
281 60.5 2044934 2045170 genome.dna 3666201 3665967 NC_003997.gbk
1386 50.9 2045253 2046494 genome.dna 1148118 1149357 NC_003997.gbk
333 32.9 2048443 2049102 genome.dna 35976 36603 NC_003997.gbk
616 37.6 2050132 2050929 genome.dna 43745 44513 NC_003997.gbk
1134 43.9 2051245 2052678 genome.dna 494215 495709 NC_003997.gbk
2066 37.2 2070405 2066956 genome.dna 54523 58054 NC_003997.gbk
417 41.5 2079241 2079792 genome.dna 1974984 1975467 NC_003997.gbk
1084 38.9 2086038 2087372 genome.dna 4617630 4616304 NC_003997.gbk
1090 36.8 2088494 2089945 genome.dna 3272204 3273671 NC_003997.gbk
806 40.1 2091759 2090755 genome.dna 4174871 4173842 NC_003997.gbk
383 30.0 2097009 2097755 genome.dna 3908938 3908206 NC_003997.gbk
336 42.7 2111138 2111554 genome.dna 4674592 4674208 NC_003997.gbk
1099 40.0 2112831 2114330 genome.dna 4732151 4730753 NC_003997.gbk
860 50.8 2114428 2115174 genome.dna 4735934 4735148 NC_003997.gbk
1309 48.2 2116495 2117718 genome.dna 4733841 4732620 NC_003997.gbk
1477 50.8 2121733 2120321 genome.dna 4407946 4406188 NC_003997.gbk
487 38.6 2153926 2154558 genome.dna 2110708 2111338 NC_003997.gbk
1135 50.6 2158261 2157266 genome.dna 3271027 3272026 NC_003997.gbk
510 35.7 2175615 2174920 genome.dna 1265164 1265875 NC_003997.gbk
1911 58.2 2177036 2175615 genome.dna 1263743 1265165 NC_003997.gbk
825 50.2 2177765 2177046 genome.dna 1263007 1263727 NC_003997.gbk
601 30.1 2179364 2177811 genome.dna 625933 624313 NC_003997.gbk
959 35.0 2181270 2179897 genome.dna 1329692 1328330 NC_003997.gbk
349 32.3 2181519 2182154 genome.dna 3955434 3956079 NC_003997.gbk
700 35.5 2183367 2182216 genome.dna 3183844 3182671 NC_003997.gbk
679 35.2 2184700 2183675 genome.dna 2330215 2331217 NC_003997.gbk
176 31.0 2188157 2187750 genome.dna 2955724 2956117 NC_003997.gbk
568 34.5 2190305 2191417 genome.dna 2292685 2293834 NC_003997.gbk
1449 51.3 2192856 2194133 genome.dna 4462137 4460880 NC_003997.gbk
2700 56.3 2198282 2200954 genome.dna 3382797 3380073 NC_003997.gbk
930 33.0 2201168 2202799 genome.dna 189514 191125 NC_003997.gbk
599 43.0 2216576 2217319 genome.dna 3700812 3700095 NC_003997.gbk
3000 62.2 2221311 2219248 genome.dna 5151019 5148943 NC_003997.gbk
789 47.8 2239913 2239125 genome.dna 1190292 1191063 NC_003997.gbk
493 48.8 2258625 2258122 genome.dna 4443634 4443133 NC_003997.gbk
361 33.2 2275290 2274685 genome.dna 1795809 1796436 NC_003997.gbk
489 31.2 2298807 2297113 genome.dna 886854 888333 NC_003997.gbk
460 34.1 2306210 2305560 genome.dna 5144916 5144268 NC_003997.gbk
1822 52.1 2310451 2314227 genome.dna 1981681 1985365 NC_003997.gbk
1927 57.3 2314227 2315807 genome.dna 1985468 1986830 NC_003997.gbk
503 37.8 2316519 2317223 genome.dna 1987397 1988087 NC_003997.gbk
1266 46.0 2336995 2338260 genome.dna 332233 333598 NC_003997.gbk
1119 48.7 2352527 2353639 genome.dna 4628236 4627129 NC_003997.gbk
779 33.2 2359305 2358133 genome.dna 3172515 3171300 NC_003997.gbk
490 35.3 2451703 2452401 genome.dna 1820208 1820910 NC_003997.gbk
811 37.2 2463282 2462086 genome.dna 1323273 1324443 NC_003997.gbk
759 40.7 2463567 2464547 genome.dna 1897003 1896001 NC_003997.gbk
324 43.3 2473501 2473887 genome.dna 3125452 3125071 NC_003997.gbk
1365 56.0 2487322 2486231 genome.dna 5215999 5214898 NC_003997.gbk
433 38.3 2488039 2487452 genome.dna 53562 54123 NC_003997.gbk
1044 51.4 2489732 2488785 genome.dna 52536 53490 NC_003997.gbk
458 36.4 2490742 2489870 genome.dna 48100 48970 NC_003997.gbk
884 36.2 2491599 2492855 genome.dna 4274913 4273578 NC_003997.gbk
1200 50.0 2492889 2493971 genome.dna 5057503 5056435 NC_003997.gbk
411 33.3 2493971 2494816 genome.dna 5056436 5055584 NC_003997.gbk
1074 43.6 2526583 2527779 genome.dna 3127858 3126664 NC_003997.gbk
364 36.8 2536745 2535825 genome.dna 2554389 2555253 NC_003997.gbk
351 36.4 2537412 2536813 genome.dna 2272162 2272759 NC_003997.gbk
1096 36.9 2556170 2554698 genome.dna 4506146 4507583 NC_003997.gbk
721 43.9 2559421 2558525 genome.dna 3432073 3431167 NC_003997.gbk
1798 58.8 2563367 2561970 genome.dna 1655368 1656757 NC_003997.gbk
973 44.1 2571743 2570592 genome.dna 3362408 3361376 NC_003997.gbk
580 44.5 2585970 2586605 genome.dna 1479652 1480300 NC_003997.gbk
900 39.5 2593132 2590532 genome.dna 3650381 3648302 NC_003997.gbk
622 33.1 2605113 2606180 genome.dna 1205050 1206076 NC_003997.gbk
1402 54.0 2607572 2608762 genome.dna 1207446 1208640 NC_003997.gbk
453 35.8 2608762 2609568 genome.dna 1208643 1209420 NC_003997.gbk
826 32.4 2624113 2625573 genome.dna 1165678 1167223 NC_003997.gbk
1064 53.6 2628084 2627089 genome.dna 1157105 1158149 NC_003997.gbk
727 40.4 2629004 2628096 genome.dna 924660 925512 NC_003997.gbk
875 40.5 2629936 2629016 genome.dna 185819 186743 NC_003997.gbk
847 32.8 2631627 2629990 genome.dna 3349945 3348238 NC_003997.gbk
834 30.4 2633417 2631819 genome.dna 196948 195307 NC_003997.gbk
2753 50.3 2634501 2637176 genome.dna 4178938 4176334 NC_003997.gbk
241 30.6 2637907 2637311 genome.dna 5058358 5057773 NC_003997.gbk
825 46.0 2639766 2638855 genome.dna 4678052 4677164 NC_003997.gbk
405 35.2 2645012 2644386 genome.dna 5157143 5157776 NC_003997.gbk
584 33.3 2651794 2652813 genome.dna 2884300 2883295 NC_003997.gbk
1211 55.0 2654735 2655739 genome.dna 4864352 4863347 NC_003997.gbk
925 32.7 2658991 2660925 genome.dna 548552 550448 NC_003997.gbk
626 32.6 2670474 2672015 genome.dna 786814 788233 NC_003997.gbk
586 47.8 2679167 2679979 genome.dna 4256109 4255311 NC_003997.gbk
1362 42.2 2683421 2681736 genome.dna 4331917 4330225 NC_003997.gbk
470 38.7 2694345 2695058 genome.dna 2913863 2914508 NC_003997.gbk
289 69.4 2702947 2702738 genome.dna 4636965 4636764 NC_003997.gbk
721 35.1 2704043 2704957 genome.dna 2937552 2936616 NC_003997.gbk
651 40.0 2704954 2705844 genome.dna 2939182 2938432 NC_003997.gbk
773 40.8 2706704 2707561 genome.dna 2938436 2937569 NC_003997.gbk
1548 51.8 2722186 2723580 genome.dna 4063314 4064709 NC_003997.gbk
909 53.1 2724246 2725070 genome.dna 1879813 1878994 NC_003997.gbk
2472 63.4 2726216 2727934 genome.dna 4901334 4899618 NC_003997.gbk
1290 39.4 2731236 2728849 genome.dna 4368756 4366335 NC_003997.gbk
871 51.2 2732234 2731251 genome.dna 4369809 4368774 NC_003997.gbk
458 58.8 2732903 2732547 genome.dna 4380375 4380018 NC_003997.gbk
212 61.8 2733144 2732947 genome.dna 4380613 4380412 NC_003997.gbk
607 53.6 2733782 2733240 genome.dna 4381195 4380634 NC_003997.gbk
2053 45.8 2735713 2733785 genome.dna 2225272 2227192 NC_003997.gbk
1667 63.1 2745227 2744004 genome.dna 2200141 2201344 NC_003997.gbk
520 36.0 2746160 2745411 genome.dna 5179242 5178501 NC_003997.gbk
981 33.9 2747899 2746157 genome.dna 5180989 5179219 NC_003997.gbk
1184 65.8 2755752 2754499 genome.dna 4401317 4400024 NC_003997.gbk
1366 54.6 2757088 2758194 genome.dna 4202296 4201180 NC_003997.gbk
1353 50.5 2765355 2764123 genome.dna 3544115 3542882 NC_003997.gbk
978 46.2 2765687 2766838 genome.dna 1244470 1245466 NC_003997.gbk
857 45.3 2766822 2767682 genome.dna 1245462 1246311 NC_003997.gbk
766 35.3 2768546 2769589 genome.dna 1247156 1248194 NC_003997.gbk
1052 42.1 2771476 2770376 genome.dna 1715464 1716676 NC_003997.gbk
493 50.3 2777056 2776550 genome.dna 4457450 4457930 NC_003997.gbk
404 34.1 2788070 2787564 genome.dna 4797627 4798134 NC_003997.gbk
993 37.2 2794931 2793456 genome.dna 3157567 3156091 NC_003997.gbk
443 33.3 2795320 2796189 genome.dna 833010 833874 NC_003997.gbk
446 31.1 2802440 2803225 genome.dna 4098704 4097870 NC_003997.gbk
1390 60.7 2809298 2808294 genome.dna 4227719 4226717 NC_003997.gbk
396 35.0 2809923 2809306 genome.dna 4228342 4227724 NC_003997.gbk
548 36.0 2811487 2810744 genome.dna 539520 540240 NC_003997.gbk
2014 50.9 2813755 2811956 genome.dna 4209355 4207579 NC_003997.gbk
712 32.9 2835515 2837245 genome.dna 2024564 2026253 NC_003997.gbk
985 46.7 2839971 2839006 genome.dna 4472045 4472972 NC_003997.gbk
1286 35.7 2854450 2852540 genome.dna 2015737 2017633 NC_003997.gbk
1778 57.3 2864092 2865492 genome.dna 4365837 4364445 NC_003997.gbk
417 31.8 2869134 2868487 genome.dna 4080014 4079387 NC_003997.gbk
918 57.2 2891958 2891200 genome.dna 4829776 4829023 NC_003997.gbk
1015 44.8 2893911 2892949 genome.dna 4831838 4830833 NC_003997.gbk
861 30.8 2907965 2909560 genome.dna 566036 567647 NC_003997.gbk
404 34.1 2909647 2910348 genome.dna 934313 934991 NC_003997.gbk
967 38.8 2917289 2918617 genome.dna 1350357 1351647 NC_003997.gbk
458 37.2 2920770 2921360 genome.dna 1352231 1352861 NC_003997.gbk
489 32.8 2921367 2922104 genome.dna 1352833 1353553 NC_003997.gbk
695 44.7 2922086 2922862 genome.dna 1353546 1354305 NC_003997.gbk
588 44.3 2926492 2925815 genome.dna 1435526 1436204 NC_003997.gbk
482 30.3 2928002 2926713 genome.dna 2723594 2722304 NC_003997.gbk
892 44.1 2929170 2928085 genome.dna 3060201 3059226 NC_003997.gbk
3328 63.8 2932697 2934979 genome.dna 503600 505850 NC_003997.gbk
858 48.5 2966712 2967509 genome.dna 505919 506651 NC_003997.gbk
1436 53.4 2975613 2974318 genome.dna 20337 21612 NC_003997.gbk
957 39.0 2977060 2975717 genome.dna 4204202 4205489 NC_003997.gbk
721 36.7 2982496 2983455 genome.dna 4878340 4877383 NC_003997.gbk
883 30.0 2983684 2985450 genome.dna 1829807 1831523 NC_003997.gbk
358 74.3 2988043 2988261 genome.dna 132961 133180 NC_003997.gbk
399 60.0 3002657 3002334 genome.dna 994162 994474 NC_003997.gbk
686 44.7 3009847 3009002 genome.dna 1246317 1247118 NC_003997.gbk
495 34.2 3016080 3015361 genome.dna 1559157 1559892 NC_003997.gbk
705 52.3 3019705 3020373 genome.dna 1776868 1777540 NC_003997.gbk
663 34.7 3022380 3021175 genome.dna 3927348 3926157 NC_003997.gbk
658 47.6 3023325 3022666 genome.dna 321843 322509 NC_003997.gbk
483 35.8 3040207 3039428 genome.dna 2584451 2585297 NC_003997.gbk
374 37.2 3046334 3045672 genome.dna 1447499 1448069 NC_003997.gbk
552 32.8 3049052 3049924 genome.dna 205043 204176 NC_003997.gbk
119 34.9 3053229 3053441 genome.dna 2176962 2176755 NC_003997.gbk
2132 64.4 3063296 3061821 genome.dna 2833949 2835416 NC_003997.gbk
505 32.5 3064304 3063432 genome.dna 4895377 4896271 NC_003997.gbk
514 32.3 3064423 3065496 genome.dna 4895227 4894204 NC_003997.gbk
450 32.0 3065575 3066420 genome.dna 4101913 4101016 NC_003997.gbk
462 30.3 3069350 3068412 genome.dna 3521893 3520981 NC_003997.gbk
877 33.8 3083683 3082493 genome.dna 183177 184428 NC_003997.gbk
302 32.2 3108374 3107820 genome.dna 2597240 2596721 NC_003997.gbk
405 33.1 3109585 3110331 genome.dna 3991851 3991071 NC_003997.gbk
1671 50.8 3139235 3137823 genome.dna 2765388 2766813 NC_003997.gbk
1100 59.8 3148240 3147401 genome.dna 632341 633163 NC_003997.gbk
1017 45.7 3149284 3148253 genome.dna 631270 632329 NC_003997.gbk
1024 47.8 3150266 3149277 genome.dna 630269 631274 NC_003997.gbk
627 34.7 3151270 3150263 genome.dna 630097 629131 NC_003997.gbk
150 30.9 3155372 3155127 genome.dna 1995546 1995780 NC_003997.gbk
476 52.9 3155863 3155369 genome.dna 4515013 4515499 NC_003997.gbk
389 43.7 3156400 3155882 genome.dna 4551550 4551040 NC_003997.gbk
614 34.9 3157424 3156435 genome.dna 1991658 1992672 NC_003997.gbk
2523 58.6 3161386 3159374 genome.dna 4889115 4887138 NC_003997.gbk
270 31.7 3163130 3162450 genome.dna 3962688 3961959 NC_003997.gbk
626 35.7 3166099 3165062 genome.dna 3959293 3958294 NC_003997.gbk
840 35.1 3166195 3167499 genome.dna 3964076 3962687 NC_003997.gbk
460 35.5 3169188 3169883 genome.dna 5177903 5177210 NC_003997.gbk
1750 48.4 3171157 3172854 genome.dna 1684169 1685903 NC_003997.gbk
1025 49.5 3174746 3173826 genome.dna 4304546 4305467 NC_003997.gbk
875 31.5 3176400 3174856 genome.dna 4303362 4301796 NC_003997.gbk
492 30.7 3178804 3180039 genome.dna 3328603 3327295 NC_003997.gbk
770 53.8 3180901 3181500 genome.dna 1836694 1837294 NC_003997.gbk
297 36.5 3228583 3228035 genome.dna 3593608 3593029 NC_003997.gbk
753 37.2 3230474 3228642 genome.dna 4326204 4324419 NC_003997.gbk
441 33.3 3278435 3279220 genome.dna 3978038 3977243 NC_003997.gbk
1281 41.2 3306810 3308309 genome.dna 670091 671543 NC_003997.gbk
1369 53.5 3314908 3313691 genome.dna 2953038 2951832 NC_003997.gbk
242 37.1 3332182 3332514 genome.dna 3085394 3085031 NC_003997.gbk
281 44.8 3333853 3334194 genome.dna 1883939 1883630 NC_003997.gbk
284 34.3 3334880 3335344 genome.dna 346048 346561 NC_003997.gbk
946 38.6 3352107 3353684 genome.dna 4576210 4577560 NC_003997.gbk
1675 45.7 3364676 3363084 genome.dna 2715245 2713619 NC_003997.gbk
398 31.0 3364794 3365690 genome.dna 3190871 3189971 NC_003997.gbk
1082 41.1 3366849 3368273 genome.dna 646867 648295 NC_003997.gbk
2096 53.9 3368339 3370030 genome.dna 648308 649970 NC_003997.gbk
890 34.3 3373687 3372152 genome.dna 5025583 5024089 NC_003997.gbk
1258 38.9 3375638 3373788 genome.dna 5027394 5025579 NC_003997.gbk
258 39.6 3375937 3375635 genome.dna 5027786 5027471 NC_003997.gbk
955 44.8 3378041 3377067 genome.dna 5029746 5028744 NC_003997.gbk
1058 44.1 3395711 3396913 genome.dna 4441649 4440455 NC_003997.gbk
791 47.1 3399252 3400112 genome.dna 3242702 3243467 NC_003997.gbk
641 34.7 3402984 3403889 genome.dna 511800 510894 NC_003997.gbk
686 40.0 3409858 3408341 genome.dna 302401 303817 NC_003997.gbk
782 48.3 3413548 3412631 genome.dna 4410919 4410049 NC_003997.gbk
559 33.7 3416479 3415469 genome.dna 2266499 2267543 NC_003997.gbk
586 38.8 3425582 3424782 genome.dna 949196 949964 NC_003997.gbk
232 39.0 3427528 3426443 genome.dna 1451612 1452785 NC_003997.gbk
1771 53.8 3443783 3442200 genome.dna 2741376 2742879 NC_003997.gbk
972 37.8 3477877 3476636 genome.dna 3891687 3892866 NC_003997.gbk
511 36.1 3479267 3480127 genome.dna 2103736 2104612 NC_003997.gbk
524 31.5 3511745 3510762 genome.dna 5169622 5170594 NC_003997.gbk
571 32.9 3514279 3513113 genome.dna 4922027 4920701 NC_003997.gbk
883 47.8 3516455 3517318 genome.dna 4020441 4019580 NC_003997.gbk
1280 44.5 3519048 3517663 genome.dna 99858 101256 NC_003997.gbk
596 62.3 3521609 3522118 genome.dna 295541 296027 NC_003997.gbk
481 31.4 3522115 3523185 genome.dna 296023 297175 NC_003997.gbk
1480 52.7 3523656 3524945 genome.dna 3044368 3043048 NC_003997.gbk
991 58.4 3527868 3527053 genome.dna 4087004 4086188 NC_003997.gbk
1426 36.0 3531913 3533985 genome.dna 3851126 3849017 NC_003997.gbk
422 49.6 3537011 3536586 genome.dna 4275783 4276200 NC_003997.gbk
422 46.5 3537641 3537204 genome.dna 4275328 4275781 NC_003997.gbk
1494 51.6 3546973 3548205 genome.dna 3871621 3870361 NC_003997.gbk
1981 65.3 3548305 3549609 genome.dna 3870297 3868995 NC_003997.gbk
1232 61.6 3549622 3550470 genome.dna 3868995 3868152 NC_003997.gbk
1510 60.0 3557692 3558888 genome.dna 4800676 4799494 NC_003997.gbk
715 30.9 3566972 3568372 genome.dna 2213887 2215330 NC_003997.gbk
572 42.0 3569781 3570509 genome.dna 1417555 1418272 NC_003997.gbk
876 60.8 3570531 3571184 genome.dna 2447815 2448448 NC_003997.gbk
379 39.4 3571239 3571790 genome.dna 2777187 2776644 NC_003997.gbk
595 31.5 3573115 3574479 genome.dna 4188379 4187098 NC_003997.gbk
469 33.3 3575248 3576147 genome.dna 330290 331196 NC_003997.gbk
480 58.4 3576568 3576161 genome.dna 4826386 4825981 NC_003997.gbk
659 42.6 3577570 3576767 genome.dna 759374 760187 NC_003997.gbk
557 39.0 3578361 3577567 genome.dna 394095 394902 NC_003997.gbk
1844 51.5 3590632 3589055 genome.dna 260907 262446 NC_003997.gbk
1751 56.0 3592205 3590739 genome.dna 15467 16931 NC_003997.gbk
1131 41.1 3592378 3593766 genome.dna 4019554 4018195 NC_003997.gbk
568 40.8 3596586 3597341 genome.dna 1730112 1729353 NC_003997.gbk
639 39.8 3599984 3598497 genome.dna 1441119 1442430 NC_003997.gbk
1120 41.3 3603229 3601955 genome.dna 4210639 4209367 NC_003997.gbk
1126 49.6 3604488 3603367 genome.dna 4096259 4097363 NC_003997.gbk
771 35.0 3607701 3606505 genome.dna 3681231 3680142 NC_003997.gbk
426 45.6 3608433 3608005 genome.dna 1450895 1451342 NC_003997.gbk
783 34.4 3610387 3611748 genome.dna 4931473 4930147 NC_003997.gbk
486 32.4 3611852 3612721 genome.dna 1506236 1507070 NC_003997.gbk
926 41.6 3621177 3619963 genome.dna 4203458 4202312 NC_003997.gbk
252 35.1 3621953 3621459 genome.dna 4203910 4203493 NC_003997.gbk
471 32.4 3622920 3623723 genome.dna 3821189 3820397 NC_003997.gbk
1539 56.4 3635387 3634134 genome.dna 5047496 5046254 NC_003997.gbk
1098 42.6 3635748 3636938 genome.dna 1387376 1388585 NC_003997.gbk
431 43.5 3651787 3651263 genome.dna 24534 25035 NC_003997.gbk
954 52.9 3653449 3652523 genome.dna 834029 834914 NC_003997.gbk
195 37.0 3680225 3679845 genome.dna 238123 238483 NC_003997.gbk
824 41.0 3682691 3681786 genome.dna 4115636 4114730 NC_003997.gbk
455 34.5 3683368 3682688 genome.dna 3665909 3665171 NC_003997.gbk
2408 57.9 3686442 3684643 genome.dna 4134741 4132917 NC_003997.gbk
625 38.7 3689812 3691413 genome.dna 4238849 4237319 NC_003997.gbk
797 54.3 3694571 3695257 genome.dna 5132007 5131329 NC_003997.gbk
331 36.3 3695855 3696739 genome.dna 3535754 3534926 NC_003997.gbk
857 36.1 3698228 3696813 genome.dna 97322 98780 NC_003997.gbk
508 34.8 3700216 3699110 genome.dna 3409220 3408092 NC_003997.gbk
396 30.5 3708260 3707103 genome.dna 1258744 1257628 NC_003997.gbk
806 53.0 3711890 3712588 genome.dna 4182036 4181340 NC_003997.gbk
290 38.5 3714535 3714188 genome.dna 4698351 4697997 NC_003997.gbk
1637 56.9 3714803 3716083 genome.dna 4270019 4268729 NC_003997.gbk
348 37.1 3732230 3732727 genome.dna 78698 79214 NC_003997.gbk
735 43.7 3732844 3733638 genome.dna 1471656 1472496 NC_003997.gbk
636 40.6 3733793 3734647 genome.dna 1472492 1473341 NC_003997.gbk
355 47.4 3734665 3735045 genome.dna 1473353 1473737 NC_003997.gbk
531 34.1 3736813 3735875 genome.dna 1675655 1676594 NC_003997.gbk
579 50.8 3738313 3737777 genome.dna 68974 69517 NC_003997.gbk
699 38.8 3742499 3743362 genome.dna 5106923 5106095 NC_003997.gbk
180 35.2 3745052 3745459 genome.dna 1304508 1304868 NC_003997.gbk
2083 44.6 3745456 3747603 genome.dna 1304854 1308041 NC_003997.gbk
839 42.2 3747628 3748590 genome.dna 1308134 1309103 NC_003997.gbk
3011 54.0 3762599 3760023 genome.dna 1141924 1144525 NC_003997.gbk
223 30.2 3763458 3762733 genome.dna 3720026 3719207 NC_003997.gbk
413 58.0 3773009 3772662 genome.dna 3656492 3656147 NC_003997.gbk
729 43.2 3773827 3773072 genome.dna 3657373 3656638 NC_003997.gbk
247 51.3 3774681 3774433 genome.dna 3658523 3658250 NC_003997.gbk
1556 52.2 3776200 3774839 genome.dna 3659973 3658623 NC_003997.gbk
359 37.1 3777786 3777271 genome.dna 4575061 4574587 NC_003997.gbk
2072 44.7 3784972 3782345 genome.dna 4195160 4192517 NC_003997.gbk
1381 61.3 3786717 3785644 genome.dna 3591626 3590267 NC_003997.gbk
1117 42.6 3882715 3881462 genome.dna 2759869 2758624 NC_003997.gbk
818 38.9 3883829 3882726 genome.dna 2761002 2759898 NC_003997.gbk
1131 36.9 3886800 3888260 genome.dna 2319099 2320569 NC_003997.gbk
659 33.2 3889382 3888324 genome.dna 3985179 3983940 NC_003997.gbk
461 32.7 3890504 3891274 genome.dna 2675855 2675078 NC_003997.gbk
1024 43.0 3898328 3897126 genome.dna 3890506 3889324 NC_003997.gbk
684 42.2 3898447 3899475 genome.dna 3889328 3888272 NC_003997.gbk
324 36.0 3906590 3906045 genome.dna 3895615 3896128 NC_003997.gbk
332 36.6 3907890 3907273 genome.dna 3894999 3895638 NC_003997.gbk
509 35.4 3909216 3909983 genome.dna 3891590 3890810 NC_003997.gbk
601 31.8 3918901 3920391 genome.dna 326920 328378 NC_003997.gbk
1316 50.6 3921930 3923132 genome.dna 2590803 2589597 NC_003997.gbk
871 38.7 3928680 3929900 genome.dna 3040770 3039600 NC_003997.gbk
384 31.1 3930070 3930801 genome.dna 1619568 1620294 NC_003997.gbk
1481 58.0 3935043 3936227 genome.dna 621086 619907 NC_003997.gbk
1491 52.7 3945541 3944261 genome.dna 932480 931157 NC_003997.gbk
1078 49.5 3952362 3953393 genome.dna 320834 321854 NC_003997.gbk
661 43.2 3954101 3954916 genome.dna 177074 176261 NC_003997.gbk
1968 52.1 3956293 3958011 genome.dna 3635516 3633815 NC_003997.gbk
667 63.5 3963052 3962555 genome.dna 96756 97233 NC_003997.gbk
363 33.2 3963804 3963091 genome.dna 95961 96642 NC_003997.gbk
941 59.6 3966155 3966877 genome.dna 3990383 3989660 NC_003997.gbk
729 53.6 3967961 3967344 genome.dna 1364935 1365529 NC_003997.gbk
328 30.9 3972869 3972135 genome.dna 1363067 1363748 NC_003997.gbk
507 38.0 3989266 3990012 genome.dna 4511038 4510252 NC_003997.gbk
638 35.8 3994559 3995977 genome.dna 1242876 1244244 NC_003997.gbk
514 39.7 3996022 3996702 genome.dna 4293650 4294334 NC_003997.gbk
1781 65.4 4001743 4000448 genome.dna 4859679 4858383 NC_003997.gbk
1689 56.8 4003479 4001842 genome.dna 5067235 5065627 NC_003997.gbk
1764 39.0 4007080 4004843 genome.dna 4213997 4211813 NC_003997.gbk
1040 42.2 4012636 4011491 genome.dna 2062627 2063812 NC_003997.gbk
532 31.7 4013697 4012813 genome.dna 2187822 2188713 NC_003997.gbk
1964 45.3 4027241 4025196 genome.dna 313445 315455 NC_003997.gbk
1029 61.8 4036522 4035704 genome.dna 1329901 1330666 NC_003997.gbk
358 35.8 4037132 4037767 genome.dna 3372506 3373103 NC_003997.gbk
139 32.0 4040654 4040304 genome.dna 2612409 2612025 NC_003997.gbk
612 44.1 4051288 4053240 genome.dna 3968941 3966616 NC_003997.gbk
1581 44.0 4054763 4056430 genome.dna 2314699 2313013 NC_003997.gbk
348 35.7 4056533 4057198 genome.dna 2005510 2004802 NC_003997.gbk
241 32.7 4059979 4059527 genome.dna 5210525 5210078 NC_003997.gbk
279 60.0 4060248 4060021 genome.dna 5213823 5213589 NC_003997.gbk
580 40.6 4068636 4067902 genome.dna 101662 102406 NC_003997.gbk
1721 36.9 4071195 4068739 genome.dna 4838006 4835579 NC_003997.gbk
497 32.2 4077711 4078532 genome.dna 2761700 2762519 NC_003997.gbk
572 48.7 4079441 4080034 genome.dna 4288887 4288278 NC_003997.gbk
643 30.9 4080027 4081166 genome.dna 4132356 4131219 NC_003997.gbk
860 32.4 4097614 4096277 genome.dna 4937214 4935912 NC_003997.gbk
506 31.9 4100167 4101123 genome.dna 1100768 1101677 NC_003997.gbk
655 39.0 4114259 4113273 genome.dna 3249672 3250638 NC_003997.gbk
1258 44.2 4114440 4115846 genome.dna 5210051 5208689 NC_003997.gbk
3806 60.5 4139901 4137067 genome.dna 4887133 4884256 NC_003997.gbk
302 38.0 4140147 4140710 genome.dna 5214387 5213868 NC_003997.gbk
819 31.1 4181249 4182667 genome.dna 1954515 1953114 NC_003997.gbk
1105 50.7 4186931 4185840 genome.dna 3875685 3876786 NC_003997.gbk
340 30.1 4199525 4198710 genome.dna 3522642 3521889 NC_003997.gbk
480 34.9 4217612 4218277 genome.dna 687915 688563 NC_003997.gbk
1254 44.2 4231793 4230366 genome.dna 3828808 3827395 NC_003997.gbk
372 31.8 4237489 4236725 genome.dna 1262183 1262840 NC_003997.gbk
690 43.1 4244964 4245854 genome.dna 4237300 4236466 NC_003997.gbk
417 39.9 4250722 4251348 genome.dna 4390704 4390101 NC_003997.gbk
962 49.9 4255592 4252890 genome.dna 4910861 4908353 NC_003997.gbk
1144 49.4 4258960 4257809 genome.dna 3724662 3723501 NC_003997.gbk
704 32.3 4260285 4259029 genome.dna 3726003 3724701 NC_003997.gbk
614 35.0 4262088 4261168 genome.dna 2432603 2433518 NC_003997.gbk
315 31.2 4263557 4262097 genome.dna 4483011 4481700 NC_003997.gbk
886 39.0 4265910 4264708 genome.dna 3730530 3729438 NC_003997.gbk
653 31.0 4267226 4265910 genome.dna 3731973 3730620 NC_003997.gbk
529 48.3 4268312 4267230 genome.dna 3732948 3731973 NC_003997.gbk
837 35.4 4269667 4268306 genome.dna 233139 234516 NC_003997.gbk
968 38.8 4271151 4269664 genome.dna 3734446 3732970 NC_003997.gbk
844 45.0 4274186 4273242 genome.dna 3740135 3739202 NC_003997.gbk
383 39.1 4277861 4277370 genome.dna 1341998 1342508 NC_003997.gbk
1656 47.2 4279582 4277864 genome.dna 1340301 1342002 NC_003997.gbk
1291 43.6 4282166 4283764 genome.dna 1343546 1345067 NC_003997.gbk
795 51.1 4283764 4284855 genome.dna 1345144 1346209 NC_003997.gbk
1137 57.2 4284858 4286258 genome.dna 1346208 1347603 NC_003997.gbk
637 49.0 4286272 4286874 genome.dna 1347580 1348162 NC_003997.gbk
495 35.7 4319027 4319845 genome.dna 45281 46160 NC_003997.gbk
422 36.0 4323873 4323391 genome.dna 2088842 2089331 NC_003997.gbk
2904 49.3 4330684 4327460 genome.dna 3705717 3702498 NC_003997.gbk
417 46.7 4331847 4330699 genome.dna 3706799 3705701 NC_003997.gbk
613 38.7 4334402 4333452 genome.dna 4104493 4105444 NC_003997.gbk
325 36.9 4335368 4334856 genome.dna 3712675 3712216 NC_003997.gbk
2693 44.2 4338181 4335368 genome.dna 3716050 3713284 NC_003997.gbk
578 38.1 4339154 4338213 genome.dna 3623098 3622126 NC_003997.gbk
260 51.8 4339580 4339843 genome.dna 4136592 4136859 NC_003997.gbk
1250 53.1 4343498 4342359 genome.dna 4127322 4126206 NC_003997.gbk
1978 56.7 4345514 4343607 genome.dna 4129362 4127526 NC_003997.gbk
380 38.3 4345979 4346554 genome.dna 3301984 3301363 NC_003997.gbk
217 31.3 4362122 4362661 genome.dna 4491790 4491280 NC_003997.gbk
483 39.9 4373604 4372945 genome.dna 2593581 2594244 NC_003997.gbk
1151 47.5 4379941 4378778 genome.dna 4863208 4862023 NC_003997.gbk
1176 62.8 4388480 4389631 genome.dna 4553393 4552193 NC_003997.gbk
243 33.3 4393907 4394326 genome.dna 4192171 4191757 NC_003997.gbk
1347 45.7 4398393 4397095 genome.dna 5208474 5207184 NC_003997.gbk
653 37.8 4403893 4402952 genome.dna 3517309 3516364 NC_003997.gbk
735 30.4 4405841 4403886 genome.dna 3577103 3575222 NC_003997.gbk
240 32.6 4408042 4407560 genome.dna 251334 251808 NC_003997.gbk
1726 56.2 4413004 4411424 genome.dna 355882 354355 NC_003997.gbk
875 66.8 4413698 4413135 genome.dna 356460 355896 NC_003997.gbk
571 38.4 4429982 4429287 genome.dna 3120387 3119676 NC_003997.gbk
532 35.7 4435653 4436702 genome.dna 3677135 3676253 NC_003997.gbk
1011 35.0 4442783 4444579 genome.dna 4322914 4321120 NC_003997.gbk
495 44.0 4448185 4447619 genome.dna 4031420 4030862 NC_003997.gbk
1264 37.1 4464530 4460847 genome.dna 4072063 4068664 NC_003997.gbk
1936 67.7 4468982 4467675 genome.dna 1106289 1107567 NC_003997.gbk
1878 56.2 4470612 4469014 genome.dna 1104676 1106266 NC_003997.gbk
963 50.5 4471827 4470898 genome.dna 5138778 5137938 NC_003997.gbk
385 38.1 4477982 4478530 genome.dna 4547813 4548326 NC_003997.gbk
421 33.6 4479596 4478769 genome.dna 4146579 4145652 NC_003997.gbk
374 42.0 4482450 4482959 genome.dna 3684005 3683534 NC_003997.gbk
798 40.6 4482986 4483933 genome.dna 3683511 3682566 NC_003997.gbk
659 34.9 4484001 4485290 genome.dna 3682570 3681235 NC_003997.gbk
448 55.4 4486815 4487225 genome.dna 4473100 4473499 NC_003997.gbk
316 49.2 4488068 4487676 genome.dna 135290 135653 NC_003997.gbk
854 46.2 4489098 4488109 genome.dna 134310 135255 NC_003997.gbk
585 47.6 4489744 4489124 genome.dna 4459564 4460167 NC_003997.gbk
587 65.9 4490164 4489775 genome.dna 133740 134130 NC_003997.gbk
469 56.9 4490537 4490181 genome.dna 133350 133716 NC_003997.gbk
165 60.5 4490800 4490684 genome.dna 133215 133329 NC_003997.gbk
1140 43.7 4492165 4490834 genome.dna 130138 131440 NC_003997.gbk
443 50.0 4492607 4492173 genome.dna 129698 130139 NC_003997.gbk
185 49.2 4492790 4492611 genome.dna 129482 129665 NC_003997.gbk
607 54.8 4493297 4492797 genome.dna 128968 129469 NC_003997.gbk
364 53.8 4493665 4493312 genome.dna 128584 128947 NC_003997.gbk
536 50.3 4494208 4493675 genome.dna 128013 128553 NC_003997.gbk
431 51.1 4494614 4494222 genome.dna 127582 127981 NC_003997.gbk
801 59.8 4495506 4494967 genome.dna 126794 127334 NC_003997.gbk
319 51.0 4495835 4495521 genome.dna 126456 126768 NC_003997.gbk
534 67.5 4496217 4495846 genome.dna 126049 126418 NC_003997.gbk
263 48.1 4496635 4496381 genome.dna 125742 126006 NC_003997.gbk
164 41.7 4496826 4496635 genome.dna 125521 125722 NC_003997.gbk
562 59.7 4497236 4496826 genome.dna 125097 125532 NC_003997.gbk
794 56.7 4497950 4497249 genome.dna 124436 125096 NC_003997.gbk
384 62.0 4498300 4497968 genome.dna 124091 124433 NC_003997.gbk
427 65.2 4498593 4498315 genome.dna 123795 124074 NC_003997.gbk
1116 61.2 4499431 4498610 genome.dna 122904 123735 NC_003997.gbk
136 34.5 4499751 4499449 genome.dna 122585 122876 NC_003997.gbk
521 43.5 4500353 4499748 genome.dna 121962 122586 NC_003997.gbk
629 49.0 4500993 4500364 genome.dna 121304 121937 NC_003997.gbk
446 64.7 4501337 4501026 genome.dna 120961 121270 NC_003997.gbk
2530 63.1 4505956 4503842 genome.dna 117179 119258 NC_003997.gbk
637 56.4 4506523 4506053 genome.dna 116501 116972 NC_003997.gbk
534 69.3 4506994 4506620 genome.dna 116049 116472 NC_003997.gbk
534 38.2 4510929 4511597 genome.dna 2973947 2974622 NC_003997.gbk
460 37.9 4514856 4514044 genome.dna 3719211 3718536 NC_003997.gbk
1037 33.4 4523306 4525213 genome.dna 256358 254435 NC_003997.gbk
298 33.2 4525894 4525292 genome.dna 2278547 2277962 NC_003997.gbk
1025 42.7 4531124 4529898 genome.dna 3973756 3972595 NC_003997.gbk
808 58.9 4531820 4531245 genome.dna 76050 76638 NC_003997.gbk
1151 52.5 4557783 4556779 genome.dna 1152288 1151298 NC_003997.gbk
748 51.2 4559154 4558477 genome.dna 3676251 3675606 NC_003997.gbk
797 42.7 4562421 4561336 genome.dna 1452784 1453876 NC_003997.gbk
1534 48.8 4575473 4577092 genome.dna 4553912 4555499 NC_003997.gbk
586 38.1 4579442 4578723 genome.dna 289580 288866 NC_003997.gbk
576 36.9 4584899 4583883 genome.dna 4181258 4180334 NC_003997.gbk
1871 44.5 4597892 4600225 genome.dna 241897 244066 NC_003997.gbk
554 36.8 4603858 4604907 genome.dna 1435045 1434070 NC_003997.gbk
258 30.3 4609268 4607523 genome.dna 2771243 2769569 NC_003997.gbk
205 30.6 4613483 4614184 genome.dna 4912900 4912327 NC_003997.gbk
168 30.4 4621561 4621244 genome.dna 4520291 4519985 NC_003997.gbk
657 30.5 4622349 4623851 genome.dna 1017132 1018815 NC_003997.gbk
2154 43.7 4632742 4630295 genome.dna 4641715 4639306 NC_003997.gbk
1074 36.9 4634257 4632818 genome.dna 4643164 4641733 NC_003997.gbk
730 39.6 4635563 4634286 genome.dna 4645460 4644329 NC_003997.gbk
1174 45.4 4639754 4637577 genome.dna 4647345 4645407 NC_003997.gbk
925 35.8 4647455 4646079 genome.dna 163634 164981 NC_003997.gbk
572 39.7 4651246 4650551 genome.dna 4790298 4789599 NC_003997.gbk
1890 61.7 4656105 4657454 genome.dna 679737 678387 NC_003997.gbk
1308 39.7 4664050 4662224 genome.dna 2614552 2612434 NC_003997.gbk
837 43.7 4665855 4666784 genome.dna 3324305 3323363 NC_003997.gbk
1617 39.7 4672431 4670269 genome.dna 311186 313430 NC_003997.gbk
608 36.9 4675687 4674863 genome.dna 4699259 4698392 NC_003997.gbk
859 48.5 4680620 4681561 genome.dna 4272712 4271782 NC_003997.gbk
547 37.3 4687992 4687321 genome.dna 3991035 3990375 NC_003997.gbk
808 33.3 4690836 4689472 genome.dna 297171 298479 NC_003997.gbk
2009 61.9 4694568 4693180 genome.dna 3228883 3227491 NC_003997.gbk
420 35.0 4695646 4694897 genome.dna 5154277 5153536 NC_003997.gbk
566 45.9 4702353 4701286 genome.dna 1188349 1189318 NC_003997.gbk
1044 44.6 4703612 4702350 genome.dna 5001081 4999797 NC_003997.gbk
701 53.9 4704862 4703738 genome.dna 4920627 4919511 NC_003997.gbk
1565 58.2 4708658 4707399 genome.dna 5060387 5059115 NC_003997.gbk
298 41.3 4709479 4709153 genome.dna 4326667 4326352 NC_003997.gbk
1798 55.0 4719117 4720601 genome.dna 1202168 1200689 NC_003997.gbk
1224 46.4 4729969 4728119 genome.dna 1734987 1736661 NC_003997.gbk
690 39.9 4730969 4730043 genome.dna 1339089 1339986 NC_003997.gbk
1774 48.4 4732978 4731332 genome.dna 1731997 1733710 NC_003997.gbk
969 42.8 4766891 4765731 genome.dna 4180331 4179197 NC_003997.gbk
1349 34.4 4770998 4773196 genome.dna 3686422 3684016 NC_003997.gbk
733 36.6 4773468 4774511 genome.dna 4475984 4474985 NC_003997.gbk
610 54.0 4775884 4776414 genome.dna 3645940 3645397 NC_003997.gbk
940 50.3 4776424 4777755 genome.dna 3645375 3643983 NC_003997.gbk
342 35.9 4778952 4779437 genome.dna 3099638 3099158 NC_003997.gbk
231 36.9 4780345 4781184 genome.dna 1014673 1015495 NC_003997.gbk
2130 60.4 4781238 4782749 genome.dna 1015508 1016999 NC_003997.gbk
853 51.1 4782875 4783885 genome.dna 4717382 4718354 NC_003997.gbk
617 40.7 4786326 4787093 genome.dna 4861991 4861235 NC_003997.gbk
1213 55.0 4825789 4824827 genome.dna 4408959 4407999 NC_003997.gbk
581 42.5 4829201 4829899 genome.dna 4397699 4396979 NC_003997.gbk
361 40.8 4834867 4834403 genome.dna 545475 545964 NC_003997.gbk
386 33.3 4837408 4836659 genome.dna 5108837 5109563 NC_003997.gbk
579 33.0 4839358 4838507 genome.dna 575136 575958 NC_003997.gbk
623 34.3 4840266 4839379 genome.dna 574207 575140 NC_003997.gbk
724 34.1 4841673 4840339 genome.dna 575979 577356 NC_003997.gbk
496 32.1 4860774 4860004 genome.dna 1819457 1820231 NC_003997.gbk
598 44.9 4867996 4867325 genome.dna 4906022 4905377 NC_003997.gbk
297 32.1 4869761 4870336 genome.dna 3795267 3794700 NC_003997.gbk
324 30.6 4917573 4916662 genome.dna 2820711 2819799 NC_003997.gbk
1098 48.5 4926494 4925484 genome.dna 4306499 4307486 NC_003997.gbk
1697 56.0 4932696 4934039 genome.dna 587077 588424 NC_003997.gbk
600 43.9 4936111 4935389 genome.dna 586280 586955 NC_003997.gbk
1358 40.9 4937762 4936104 genome.dna 584646 586251 NC_003997.gbk
541 31.1 4948910 4949932 genome.dna 2693849 2692862 NC_003997.gbk
1583 61.1 4949991 4951133 genome.dna 2691921 2690808 NC_003997.gbk
773 43.9 4951144 4951938 genome.dna 2692846 2691997 NC_003997.gbk
740 35.6 4962494 4961517 genome.dna 923703 924654 NC_003997.gbk
565 37.3 4969043 4968228 genome.dna 5129966 5130788 NC_003997.gbk
276 43.9 4974776 4974429 genome.dna 4935903 4935585 NC_003997.gbk
1162 43.2 4976079 4974766 genome.dna 2291030 2292317 NC_003997.gbk
317 53.5 4976401 4976096 genome.dna 4937531 4937228 NC_003997.gbk
1208 43.8 4985096 4983699 genome.dna 406 1747 NC_003997.gbk
185 65.1 4985770 4985910 genome.dna 5227135 5227000 NC_003997.gbk
837 34.6 4988276 4989640 genome.dna 5224917 5223540 NC_003997.gbk
1147 43.3 5010680 5009268 genome.dna 771954 770652 NC_003997.gbk
465 32.9 5014534 5013698 genome.dna 657992 658823 NC_003997.gbk
423 37.9 5015940 5016497 genome.dna 2278661 2279219 NC_003997.gbk
399 32.9 5017538 5016804 genome.dna 4086033 4085376 NC_003997.gbk
440 32.4 5019301 5018414 genome.dna 4087899 4087032 NC_003997.gbk
372 33.1 5020260 5019301 genome.dna 735229 736120 NC_003997.gbk
468 36.2 5023303 5022533 genome.dna 659542 660187 NC_003997.gbk
1021 40.6 5026700 5027902 genome.dna 1477620 1478808 NC_003997.gbk
592 32.4 5029737 5028745 genome.dna 2850500 2849537 NC_003997.gbk
229 32.5 5040111 5039689 genome.dna 3373948 3373528 NC_003997.gbk
1435 39.7 5049054 5047222 genome.dna 157873 159676 NC_003997.gbk
1199 45.3 5050610 5049240 genome.dna 51138 52518 NC_003997.gbk
295 34.4 5053946 5053527 genome.dna 5037785 5037383 NC_003997.gbk
2034 67.5 5055348 5053966 genome.dna 5039215 5037805 NC_003997.gbk
667 38.5 5056259 5055396 genome.dna 5040195 5039334 NC_003997.gbk
1225 54.9 5057853 5056312 genome.dna 5042039 5040530 NC_003997.gbk
188 44.3 5059187 5058948 genome.dna 5043442 5043223 NC_003997.gbk
2044 50.7 5063659 5061770 genome.dna 5223494 5221604 NC_003997.gbk
