1134 37.2 25826 28615 genome.dna 688388 685442 NC_005070.gbk
1762 55.6 36667 35258 genome.dna 1062072 1060650 NC_005070.gbk
2062 51.6 37037 38860 genome.dna 1101854 1103657 NC_005070.gbk
1587 43.2 47188 45107 genome.dna 1079114 1081625 NC_005070.gbk
641 44.1 47880 47188 genome.dna 1617505 1618195 NC_005070.gbk
546 47.2 50956 50333 genome.dna 1754851 1754302 NC_005070.gbk
265 31.2 59253 58054 genome.dna 19079 20318 NC_005070.gbk
1676 41.4 70479 68437 genome.dna 1433482 1435588 NC_005070.gbk
1016 37.8 77642 78994 genome.dna 1477274 1475906 NC_005070.gbk
1209 62.1 98527 99441 genome.dna 1609871 1608980 NC_005070.gbk
523 34.1 99451 101520 genome.dna 1084159 1086322 NC_005070.gbk
411 30.9 124086 125432 genome.dna 2418668 2417456 NC_005070.gbk
563 35.3 156579 155680 genome.dna 1619596 1618690 NC_005070.gbk
738 49.6 162282 162998 genome.dna 275820 275070 NC_005070.gbk
561 36.5 166824 165547 genome.dna 298889 300197 NC_005070.gbk
174 46.2 167881 168117 genome.dna 1278740 1278977 NC_005070.gbk
511 40.8 168516 169325 genome.dna 1867375 1868212 NC_005070.gbk
513 49.0 170854 170375 genome.dna 1243408 1243900 NC_005070.gbk
892 33.9 212248 209609 genome.dna 1943186 1946219 NC_005070.gbk
478 34.2 217784 218788 genome.dna 1260147 1259073 NC_005070.gbk
422 35.2 218826 219599 genome.dna 1707766 1708648 NC_005070.gbk
1303 46.9 219661 221034 genome.dna 15336 16752 NC_005070.gbk
397 35.5 222967 223722 genome.dna 1611744 1611042 NC_005070.gbk
1042 49.1 228573 229595 genome.dna 1838482 1837480 NC_005070.gbk
1488 44.3 230345 231841 genome.dna 1006059 1004496 NC_005070.gbk
1986 74.4 250357 251541 genome.dna 2028878 2030078 NC_005070.gbk
339 38.0 252164 252709 genome.dna 2246092 2245423 NC_005070.gbk
529 57.0 252872 253300 genome.dna 2245316 2244890 NC_005070.gbk
708 47.4 253304 254008 genome.dna 2244819 2244111 NC_005070.gbk
323 53.4 254890 255255 genome.dna 2243288 2242892 NC_005070.gbk
2118 43.5 255584 259612 genome.dna 592421 595715 NC_005070.gbk
785 53.4 269828 269043 genome.dna 51631 50806 NC_005070.gbk
843 39.8 275283 276347 genome.dna 1449201 1450260 NC_005070.gbk
1112 44.5 280242 278956 genome.dna 543746 542438 NC_005070.gbk
1417 45.8 281849 280260 genome.dna 249581 251132 NC_005070.gbk
749 41.1 289684 288590 genome.dna 814788 815763 NC_005070.gbk
929 41.3 291953 290928 genome.dna 812837 813899 NC_005070.gbk
626 37.2 301263 300298 genome.dna 641928 640926 NC_005070.gbk
1695 55.3 306633 305290 genome.dna 331640 330293 NC_005070.gbk
371 42.5 307112 306645 genome.dna 34025 34499 NC_005070.gbk
532 60.3 307589 307137 genome.dna 1843063 1842622 NC_005070.gbk
1113 54.3 313270 314313 genome.dna 120188 121241 NC_005070.gbk
323 32.6 315964 316557 genome.dna 1636875 1636293 NC_005070.gbk
832 36.2 321945 323390 genome.dna 1188946 1187536 NC_005070.gbk
794 48.8 338215 337490 genome.dna 1104472 1105201 NC_005070.gbk
373 40.9 339901 339335 genome.dna 186347 185780 NC_005070.gbk
667 40.6 340994 339921 genome.dna 187363 186343 NC_005070.gbk
609 34.5 341977 341009 genome.dna 1468283 1469393 NC_005070.gbk
1237 50.4 345980 347242 genome.dna 1570206 1571508 NC_005070.gbk
630 32.9 348448 347351 genome.dna 587553 588852 NC_005070.gbk
556 56.0 352201 352629 genome.dna 1978034 1978487 NC_005070.gbk
389 46.8 352645 353037 genome.dna 1978483 1978885 NC_005070.gbk
1939 44.5 361542 357046 genome.dna 2023554 2018952 NC_005070.gbk
365 32.6 380920 381747 genome.dna 835163 835925 NC_005070.gbk
1241 36.4 392535 394805 genome.dna 708690 711318 NC_005070.gbk
317 32.3 417112 416177 genome.dna 116090 117011 NC_005070.gbk
1619 52.4 431263 429833 genome.dna 2361709 2363206 NC_005070.gbk
353 42.9 431880 431494 genome.dna 1488333 1488741 NC_005070.gbk
555 36.9 435364 434357 genome.dna 1527588 1526631 NC_005070.gbk
1239 43.9 460910 458055 genome.dna 2307674 2304929 NC_005070.gbk
850 35.4 463248 461737 genome.dna 553634 552170 NC_005070.gbk
1189 43.6 525365 524040 genome.dna 504229 505558 NC_005070.gbk
1216 45.4 530287 528905 genome.dna 2146259 2144864 NC_005070.gbk
1555 48.0 533382 534971 genome.dna 1144776 1146420 NC_005070.gbk
264 44.0 692962 692627 genome.dna 1705701 1705323 NC_005070.gbk
219 39.8 697176 697469 genome.dna 510336 510648 NC_005070.gbk
1982 57.8 697515 699164 genome.dna 510705 512340 NC_005070.gbk
301 31.5 704061 704669 genome.dna 1525690 1524985 NC_005070.gbk
140 32.8 710245 709850 genome.dna 340466 340856 NC_005070.gbk
951 33.8 755031 753277 genome.dna 1034615 1036667 NC_005070.gbk
138 39.0 755400 755185 genome.dna 1408580 1408757 NC_005070.gbk
874 45.3 755628 756641 genome.dna 1753540 1752475 NC_005070.gbk
577 33.7 761351 760380 genome.dna 1009630 1010602 NC_005070.gbk
353 66.3 761939 762196 genome.dna 536948 536681 NC_005070.gbk
1989 51.9 768185 770122 genome.dna 302741 304589 NC_005070.gbk
625 40.7 770241 771074 genome.dna 794874 793965 NC_005070.gbk
869 39.2 771082 772419 genome.dna 281125 282514 NC_005070.gbk
598 31.5 777751 779280 genome.dna 583708 582280 NC_005070.gbk
514 32.7 782481 783425 genome.dna 535801 534925 NC_005070.gbk
245 40.9 783547 783816 genome.dna 1032289 1032019 NC_005070.gbk
1404 47.0 784066 786186 genome.dna 1808510 1810676 NC_005070.gbk
1433 48.0 787369 789282 genome.dna 880770 882567 NC_005070.gbk
209 33.6 803045 802602 genome.dna 897556 898003 NC_005070.gbk
798 40.3 812975 814090 genome.dna 2327907 2329011 NC_005070.gbk
332 43.2 814149 814541 genome.dna 2284671 2284281 NC_005070.gbk
3367 54.9 814656 817529 genome.dna 2284226 2281346 NC_005070.gbk
801 40.1 821973 823061 genome.dna 1284025 1284997 NC_005070.gbk
317 31.9 841615 843360 genome.dna 1197206 1195301 NC_005070.gbk
1482 49.8 844582 846099 genome.dna 124706 126215 NC_005070.gbk
883 49.3 909308 910588 genome.dna 822254 820937 NC_005070.gbk
405 31.4 912721 911924 genome.dna 1006886 1007708 NC_005070.gbk
391 43.8 927840 927358 genome.dna 130982 130481 NC_005070.gbk
792 30.7 931102 929441 genome.dna 2430480 2428797 NC_005070.gbk
458 31.0 932060 931182 genome.dna 1541668 1540759 NC_005070.gbk
310 30.8 932209 932796 genome.dna 24508 25165 NC_005070.gbk
462 49.7 970301 969369 genome.dna 1936241 1935074 NC_005070.gbk
1403 65.8 997695 996727 genome.dna 658477 657490 NC_005070.gbk
631 38.2 1087061 1085955 genome.dna 114153 115296 NC_005070.gbk
208 33.0 1113509 1115371 genome.dna 878770 880324 NC_005070.gbk
724 43.5 1154052 1153258 genome.dna 1744907 1744067 NC_005070.gbk
709 49.6 1154397 1155122 genome.dna 1076509 1077229 NC_005070.gbk
290 31.6 1155257 1156108 genome.dna 1077316 1077976 NC_005070.gbk
763 51.5 1156279 1157004 genome.dna 1682916 1683630 NC_005070.gbk
549 48.9 1157130 1157687 genome.dna 1683669 1684218 NC_005070.gbk
1050 43.9 1157925 1159121 genome.dna 682230 681000 NC_005070.gbk
758 47.8 1159320 1160081 genome.dna 895272 894489 NC_005070.gbk
452 49.3 1166572 1167027 genome.dna 548475 548946 NC_005070.gbk
600 39.1 1167032 1167820 genome.dna 548951 549779 NC_005070.gbk
515 31.4 1167824 1168975 genome.dna 549778 550960 NC_005070.gbk
481 46.2 1168997 1169593 genome.dna 2034274 2033554 NC_005070.gbk
2431 39.5 1169670 1173152 genome.dna 1028072 1031591 NC_005070.gbk
1022 51.3 1173165 1174124 genome.dna 1667784 1666794 NC_005070.gbk
1387 40.7 1180703 1178139 genome.dna 78311 75608 NC_005070.gbk
645 38.3 1248508 1249548 genome.dna 2218282 2217250 NC_005070.gbk
590 43.0 1260789 1261478 genome.dna 908406 909114 NC_005070.gbk
644 49.0 1270601 1269999 genome.dna 1204667 1204064 NC_005070.gbk
957 45.5 1271755 1272822 genome.dna 656330 657431 NC_005070.gbk
1059 45.6 1272920 1274065 genome.dna 246337 245215 NC_005070.gbk
398 33.5 1276393 1277361 genome.dna 1048285 1049266 NC_005070.gbk
370 42.1 1278470 1278919 genome.dna 1891002 1891485 NC_005070.gbk
693 41.5 1278982 1280091 genome.dna 1533881 1532816 NC_005070.gbk
421 44.7 1280201 1280677 genome.dna 79852 80335 NC_005070.gbk
262 31.5 1281190 1282170 genome.dna 32327 31340 NC_005070.gbk
1697 45.4 1284598 1282733 genome.dna 1291232 1289300 NC_005070.gbk
748 45.7 1285528 1284617 genome.dna 723681 724611 NC_005070.gbk
343 35.2 1289161 1289652 genome.dna 1740740 1740242 NC_005070.gbk
348 31.1 1293119 1292505 genome.dna 1778495 1779104 NC_005070.gbk
441 32.1 1299536 1300840 genome.dna 62413 60994 NC_005070.gbk
857 67.0 1301367 1301990 genome.dna 60951 60276 NC_005070.gbk
1368 58.4 1302154 1303428 genome.dna 60195 58845 NC_005070.gbk
281 46.1 1306200 1306472 genome.dna 569613 569889 NC_005070.gbk
408 34.7 1310544 1309849 genome.dna 2336169 2336850 NC_005070.gbk
1042 33.2 1312639 1314408 genome.dna 1021256 1019501 NC_005070.gbk
639 33.4 1316909 1318201 genome.dna 255092 253619 NC_005070.gbk
266 40.6 1320316 1319996 genome.dna 1617507 1617168 NC_005070.gbk
1952 33.2 1326027 1322899 genome.dna 2000789 2003900 NC_005070.gbk
515 48.5 1329655 1330212 genome.dna 785103 785622 NC_005070.gbk
914 35.0 1330287 1332362 genome.dna 58165 56383 NC_005070.gbk
545 44.0 1332732 1333337 genome.dna 889098 889677 NC_005070.gbk
407 30.1 1333507 1335396 genome.dna 1276759 1278664 NC_005070.gbk
353 35.2 1335658 1336302 genome.dna 1973961 1974513 NC_005070.gbk
394 31.6 1336525 1337487 genome.dna 1680117 1678941 NC_005070.gbk
843 36.6 1356196 1353473 genome.dna 2138316 2136000 NC_005070.gbk
1370 35.5 1363499 1366138 genome.dna 8373 5898 NC_005070.gbk
619 31.9 1379359 1381041 genome.dna 994207 995845 NC_005070.gbk
1172 65.0 1381835 1382692 genome.dna 995850 996720 NC_005070.gbk
1215 51.9 1427931 1426894 genome.dna 1927390 1928422 NC_005070.gbk
175 33.3 1431761 1431390 genome.dna 1698867 1698513 NC_005070.gbk
481 45.1 1433876 1433409 genome.dna 2056093 2056561 NC_005070.gbk
665 39.9 1434853 1435731 genome.dna 63596 64505 NC_005070.gbk
607 39.8 1436929 1437642 genome.dna 544679 545432 NC_005070.gbk
231 30.6 1454597 1455214 genome.dna 249524 248954 NC_005070.gbk
164 34.2 1468782 1468399 genome.dna 98445 98826 NC_005070.gbk
920 47.7 1470427 1469462 genome.dna 2017782 2018652 NC_005070.gbk
409 32.3 1471338 1470655 genome.dna 651788 652484 NC_005070.gbk
812 31.4 1477420 1475516 genome.dna 46317 48105 NC_005070.gbk
196 32.5 1477924 1477454 genome.dna 1041752 1041317 NC_005070.gbk
218 37.1 1478243 1477926 genome.dna 804437 804800 NC_005070.gbk
2512 45.2 1483266 1480684 genome.dna 1249941 1252515 NC_005070.gbk
834 54.7 1484840 1484115 genome.dna 815759 816500 NC_005070.gbk
865 46.7 1492026 1490968 genome.dna 1554824 1553828 NC_005070.gbk
964 38.1 1493774 1492350 genome.dna 1577839 1579222 NC_005070.gbk
496 33.6 1501778 1500630 genome.dna 2180999 2182148 NC_005070.gbk
245 32.8 1506798 1506349 genome.dna 834569 834113 NC_005070.gbk
1006 40.2 1528762 1530255 genome.dna 219191 220625 NC_005070.gbk
881 36.8 1536355 1535069 genome.dna 2172625 2171434 NC_005070.gbk
825 41.6 1558773 1559834 genome.dna 1311280 1312213 NC_005070.gbk
1292 57.3 1561884 1562939 genome.dna 2402608 2401540 NC_005070.gbk
1076 47.2 1573036 1572017 genome.dna 193011 191976 NC_005070.gbk
396 30.9 1584709 1585674 genome.dna 1429855 1430890 NC_005070.gbk
175 32.0 1609114 1609548 genome.dna 1924487 1924964 NC_005070.gbk
1538 49.8 1631952 1633361 genome.dna 145052 143582 NC_005070.gbk
661 36.4 1635671 1634820 genome.dna 635091 634182 NC_005070.gbk
560 48.5 1636204 1635668 genome.dna 635678 635090 NC_005070.gbk
1275 64.8 1637078 1636206 genome.dna 636609 635667 NC_005070.gbk
1448 46.7 1638449 1639855 genome.dna 1112214 1113633 NC_005070.gbk
616 33.7 1670708 1669659 genome.dna 1722824 1723868 NC_005070.gbk
515 32.6 1772739 1771636 genome.dna 900735 901836 NC_005070.gbk
467 32.2 1778057 1778830 genome.dna 1387363 1388191 NC_005070.gbk
744 44.7 1778827 1779630 genome.dna 1388194 1388950 NC_005070.gbk
814 34.4 1839441 1837903 genome.dna 1240584 1239096 NC_005070.gbk
352 40.9 2005949 2005503 genome.dna 1367493 1367904 NC_005070.gbk
1313 57.6 2034173 2033130 genome.dna 1466560 1465528 NC_005070.gbk
624 34.1 2041077 2042123 genome.dna 2147076 2148363 NC_005070.gbk
435 38.0 2043101 2044030 genome.dna 2149435 2150332 NC_005070.gbk
778 52.6 2044045 2044779 genome.dna 1768145 1768898 NC_005070.gbk
265 60.8 2044934 2045170 genome.dna 140141 139898 NC_005070.gbk
1454 53.7 2045253 2046494 genome.dna 139890 138642 NC_005070.gbk
435 39.0 2048443 2049102 genome.dna 2136004 2135374 NC_005070.gbk
557 40.8 2050132 2050929 genome.dna 591355 592144 NC_005070.gbk
345 45.5 2055442 2055792 genome.dna 325246 325588 NC_005070.gbk
2003 35.5 2070405 2066956 genome.dna 1171403 1167824 NC_005070.gbk
311 33.3 2073776 2074690 genome.dna 1438771 1437862 NC_005070.gbk
379 41.0 2079241 2079792 genome.dna 99656 99182 NC_005070.gbk
266 31.2 2088494 2089945 genome.dna 1376626 1378345 NC_005070.gbk
1696 59.1 2112831 2114330 genome.dna 315257 316697 NC_005070.gbk
926 56.3 2114428 2115174 genome.dna 316614 317526 NC_005070.gbk
1149 45.6 2116495 2117718 genome.dna 318703 319984 NC_005070.gbk
255 36.2 2117752 2118168 genome.dna 698794 698368 NC_005070.gbk
1140 43.0 2121733 2120321 genome.dna 1294575 1296030 NC_005070.gbk
298 31.1 2159158 2158370 genome.dna 1666770 1666062 NC_005070.gbk
299 41.4 2186467 2186817 genome.dna 867506 867182 NC_005070.gbk
556 64.8 2188157 2187750 genome.dna 2249526 2249127 NC_005070.gbk
364 37.3 2190305 2191417 genome.dna 2064899 2066039 NC_005070.gbk
398 30.0 2192856 2194133 genome.dna 556582 557830 NC_005070.gbk
583 45.3 2216576 2217319 genome.dna 558536 559277 NC_005070.gbk
240 42.9 2217316 2217645 genome.dna 2178361 2178685 NC_005070.gbk
769 49.0 2239913 2239125 genome.dna 224434 225217 NC_005070.gbk
430 31.2 2250678 2251343 genome.dna 1794836 1794044 NC_005070.gbk
234 30.0 2318196 2317324 genome.dna 1799253 1798323 NC_005070.gbk
880 43.7 2446859 2448127 genome.dna 2348868 2347548 NC_005070.gbk
871 44.9 2449772 2450872 genome.dna 2346297 2345169 NC_005070.gbk
855 55.7 2450865 2451701 genome.dna 2345173 2344417 NC_005070.gbk
788 51.3 2451703 2452401 genome.dna 2344421 2343710 NC_005070.gbk
841 40.8 2463282 2462086 genome.dna 132851 134027 NC_005070.gbk
1233 54.0 2487322 2486231 genome.dna 689631 690723 NC_005070.gbk
403 33.5 2488039 2487452 genome.dna 271835 272447 NC_005070.gbk
1098 51.9 2489732 2488785 genome.dna 959491 960487 NC_005070.gbk
373 30.8 2490742 2489870 genome.dna 1044371 1045316 NC_005070.gbk
394 35.1 2491599 2492855 genome.dna 1109402 1110701 NC_005070.gbk
1001 44.5 2492889 2493971 genome.dna 1979170 1980268 NC_005070.gbk
1347 69.0 2496092 2496946 genome.dna 180102 179250 NC_005070.gbk
1190 43.9 2503696 2505084 genome.dna 676757 678182 NC_005070.gbk
406 33.5 2548323 2549147 genome.dna 2339809 2339014 NC_005070.gbk
779 35.7 2549178 2550395 genome.dna 2341602 2342880 NC_005070.gbk
1480 49.9 2563367 2561970 genome.dna 621613 620179 NC_005070.gbk
475 42.9 2585970 2586605 genome.dna 1333496 1334150 NC_005070.gbk
528 42.3 2595969 2596559 genome.dna 1681975 1682641 NC_005070.gbk
433 38.6 2597527 2596643 genome.dna 910260 911013 NC_005070.gbk
774 40.7 2605113 2606180 genome.dna 1021670 1022723 NC_005070.gbk
1451 55.0 2607572 2608762 genome.dna 2177346 2176089 NC_005070.gbk
550 36.8 2608762 2609568 genome.dna 1464458 1463648 NC_005070.gbk
130 30.2 2621565 2621861 genome.dna 1463061 1462791 NC_005070.gbk
276 37.4 2642181 2642648 genome.dna 497942 498350 NC_005070.gbk
664 40.3 2642732 2643580 genome.dna 2410418 2409578 NC_005070.gbk
476 35.8 2645457 2646263 genome.dna 1733076 1733913 NC_005070.gbk
473 57.5 2654386 2653967 genome.dna 333150 333546 NC_005070.gbk
1014 48.1 2654735 2655739 genome.dna 30249 31275 NC_005070.gbk
489 40.2 2679167 2679979 genome.dna 1882815 1883628 NC_005070.gbk
178 39.2 2679983 2680252 genome.dna 1883632 1883893 NC_005070.gbk
764 38.4 2688488 2689942 genome.dna 2336846 2338133 NC_005070.gbk
906 46.7 2704043 2704957 genome.dna 1333431 1332495 NC_005070.gbk
839 52.8 2704954 2705844 genome.dna 1332496 1331740 NC_005070.gbk
1001 52.0 2706704 2707561 genome.dna 1329985 1329100 NC_005070.gbk
556 36.8 2707951 2708811 genome.dna 1953428 1952537 NC_005070.gbk
542 32.6 2714816 2715706 genome.dna 1305175 1304302 NC_005070.gbk
721 34.9 2731236 2728849 genome.dna 1217535 1219980 NC_005070.gbk
1105 52.0 2732234 2731251 genome.dna 1542713 1541705 NC_005070.gbk
423 59.6 2732903 2732547 genome.dna 53130 52782 NC_005070.gbk
191 49.2 2733144 2732947 genome.dna 53368 53170 NC_005070.gbk
502 47.4 2733782 2733240 genome.dna 95037 94383 NC_005070.gbk
1586 41.1 2735713 2733785 genome.dna 1427558 1429394 NC_005070.gbk
928 49.3 2755752 2754499 genome.dna 164659 163234 NC_005070.gbk
539 48.2 2755854 2756510 genome.dna 670618 669940 NC_005070.gbk
749 37.2 2757088 2758194 genome.dna 1561289 1562480 NC_005070.gbk
383 33.3 2760640 2761329 genome.dna 866832 866064 NC_005070.gbk
1297 56.1 2791280 2792458 genome.dna 2420788 2421955 NC_005070.gbk
1229 40.1 2794931 2793456 genome.dna 732613 731089 NC_005070.gbk
387 35.6 2801685 2802443 genome.dna 963336 962643 NC_005070.gbk
1135 53.8 2809298 2808294 genome.dna 131032 132079 NC_005070.gbk
272 32.6 2809923 2809306 genome.dna 1032951 1032333 NC_005070.gbk
263 34.5 2810663 2810151 genome.dna 700256 699791 NC_005070.gbk
603 42.7 2811487 2810744 genome.dna 534887 534134 NC_005070.gbk
1440 48.7 2813755 2811956 genome.dna 2329048 2330881 NC_005070.gbk
1573 44.2 2835515 2837245 genome.dna 2221187 2219393 NC_005070.gbk
1257 36.2 2854450 2852540 genome.dna 1829698 1831603 NC_005070.gbk
2114 42.5 2862472 2859857 genome.dna 737254 739858 NC_005070.gbk
281 32.4 2879580 2880428 genome.dna 1315284 1314531 NC_005070.gbk
349 32.4 2884168 2883416 genome.dna 428868 429603 NC_005070.gbk
1049 34.2 2887241 2885457 genome.dna 883624 885421 NC_005070.gbk
987 39.9 2917289 2918617 genome.dna 590915 589601 NC_005070.gbk
365 36.4 2920770 2921360 genome.dna 706370 705731 NC_005070.gbk
583 40.7 2921367 2922104 genome.dna 754861 755629 NC_005070.gbk
674 45.8 2922086 2922862 genome.dna 1612511 1611740 NC_005070.gbk
281 32.9 2922856 2923488 genome.dna 1456459 1457128 NC_005070.gbk
410 30.8 2928002 2926713 genome.dna 1004472 1003146 NC_005070.gbk
1135 48.8 2975613 2974318 genome.dna 1805642 1806920 NC_005070.gbk
159 35.5 3016496 3016762 genome.dna 2213539 2213281 NC_005070.gbk
1030 40.5 3042056 3043384 genome.dna 2092533 2093928 NC_005070.gbk
279 36.8 3155124 3154672 genome.dna 2376962 2376533 NC_005070.gbk
148 39.5 3155372 3155127 genome.dna 2377196 2376965 NC_005070.gbk
473 51.3 3155863 3155369 genome.dna 2373142 2373619 NC_005070.gbk
529 48.7 3156400 3155882 genome.dna 2377247 2377745 NC_005070.gbk
256 32.2 3157424 3156435 genome.dna 2366667 2365626 NC_005070.gbk
2426 58.5 3161386 3159374 genome.dna 73578 75612 NC_005070.gbk
185 30.8 3163130 3162450 genome.dna 613865 613205 NC_005070.gbk
732 38.3 3165022 3163865 genome.dna 616418 615290 NC_005070.gbk
1072 52.8 3166099 3165062 genome.dna 894493 893515 NC_005070.gbk
886 37.9 3166195 3167499 genome.dna 612748 611437 NC_005070.gbk
806 35.6 3178804 3180039 genome.dna 2373602 2374853 NC_005070.gbk
192 31.6 3228583 3228035 genome.dna 753366 753903 NC_005070.gbk
859 32.7 3230474 3228642 genome.dna 1242827 1240868 NC_005070.gbk
579 39.8 3302638 3301757 genome.dna 1658829 1659720 NC_005070.gbk
813 39.5 3306810 3308309 genome.dna 811100 812660 NC_005070.gbk
280 44.1 3332182 3332514 genome.dna 1621757 1622084 NC_005070.gbk
700 47.7 3336744 3335911 genome.dna 2378555 2377766 NC_005070.gbk
729 45.1 3344476 3343682 genome.dna 2388979 2388112 NC_005070.gbk
790 49.8 3345329 3344487 genome.dna 2389755 2388975 NC_005070.gbk
729 30.8 3372145 3370688 genome.dna 1787972 1789544 NC_005070.gbk
899 38.8 3373687 3372152 genome.dna 2161433 2163074 NC_005070.gbk
1066 35.7 3375638 3373788 genome.dna 2159330 2161340 NC_005070.gbk
240 41.8 3375937 3375635 genome.dna 2168958 2168628 NC_005070.gbk
249 30.9 3376497 3375934 genome.dna 2169570 2168967 NC_005070.gbk
642 36.3 3378041 3377067 genome.dna 2171410 2170288 NC_005070.gbk
232 32.9 3401812 3402438 genome.dna 827334 827919 NC_005070.gbk
676 39.5 3402984 3403889 genome.dna 2112907 2111977 NC_005070.gbk
337 34.2 3408161 3407589 genome.dna 1191639 1191030 NC_005070.gbk
591 36.0 3409858 3408341 genome.dna 4392 5898 NC_005070.gbk
805 46.9 3413548 3412631 genome.dna 767502 768384 NC_005070.gbk
607 35.3 3416479 3415469 genome.dna 62541 63600 NC_005070.gbk
556 47.9 3427528 3426443 genome.dna 306825 305733 NC_005070.gbk
1488 46.5 3443783 3442200 genome.dna 1623596 1622087 NC_005070.gbk
386 33.7 3459693 3458845 genome.dna 766698 767481 NC_005070.gbk
561 31.3 3466688 3465462 genome.dna 21366 20292 NC_005070.gbk
732 32.6 3477877 3476636 genome.dna 1793683 1792504 NC_005070.gbk
746 41.5 3511745 3510762 genome.dna 1998530 1999493 NC_005070.gbk
521 33.8 3512886 3511738 genome.dna 221839 220603 NC_005070.gbk
808 45.3 3516455 3517318 genome.dna 722074 722956 NC_005070.gbk
1027 42.7 3519048 3517663 genome.dna 685396 683914 NC_005070.gbk
536 58.2 3521609 3522118 genome.dna 2180909 2180408 NC_005070.gbk
366 30.4 3522115 3523185 genome.dna 1304286 1303065 NC_005070.gbk
858 52.6 3527868 3527053 genome.dna 1269607 1270429 NC_005070.gbk
1004 34.7 3531913 3533985 genome.dna 2397085 2399224 NC_005070.gbk
475 34.3 3571960 3572919 genome.dna 1828095 1829067 NC_005070.gbk
1782 51.0 3590632 3589055 genome.dna 43691 45278 NC_005070.gbk
618 38.4 3599984 3598497 genome.dna 642448 643816 NC_005070.gbk
1280 48.7 3603229 3601955 genome.dna 201635 202928 NC_005070.gbk
519 38.4 3604488 3603367 genome.dna 1164996 1166193 NC_005070.gbk
723 35.9 3607701 3606505 genome.dna 602005 603040 NC_005070.gbk
378 42.2 3608433 3608005 genome.dna 2262797 2262341 NC_005070.gbk
295 42.9 3619470 3619147 genome.dna 2109701 2110094 NC_005070.gbk
967 44.7 3621177 3619963 genome.dna 2185138 2186272 NC_005070.gbk
364 33.3 3622783 3622058 genome.dna 704622 703905 NC_005070.gbk
526 36.1 3622920 3623723 genome.dna 1274332 1275220 NC_005070.gbk
1619 59.4 3635387 3634134 genome.dna 258762 260052 NC_005070.gbk
454 60.7 3640872 3640534 genome.dna 468251 467912 NC_005070.gbk
370 37.6 3651787 3651263 genome.dna 1064543 1064069 NC_005070.gbk
836 47.3 3653449 3652523 genome.dna 1264204 1263253 NC_005070.gbk
869 59.7 3680956 3680225 genome.dna 869153 869903 NC_005070.gbk
602 35.6 3682691 3681786 genome.dna 1552332 1551396 NC_005070.gbk
319 36.8 3683368 3682688 genome.dna 147387 146670 NC_005070.gbk
2287 56.3 3686442 3684643 genome.dna 1621674 1619853 NC_005070.gbk
686 37.6 3689812 3691413 genome.dna 2089879 2091529 NC_005070.gbk
492 37.1 3698228 3696813 genome.dna 1746398 1747832 NC_005070.gbk
315 32.6 3711890 3712588 genome.dna 167574 166833 NC_005070.gbk
1601 53.9 3714803 3716083 genome.dna 1735512 1736799 NC_005070.gbk
1625 39.9 3727511 3725031 genome.dna 2071434 2073954 NC_005070.gbk
296 40.1 3728155 3728859 genome.dna 255962 255197 NC_005070.gbk
246 37.8 3732230 3732727 genome.dna 216406 216898 NC_005070.gbk
507 40.8 3732844 3733638 genome.dna 1582909 1583713 NC_005070.gbk
518 33.0 3736813 3735875 genome.dna 1773871 1772857 NC_005070.gbk
418 40.1 3750989 3751744 genome.dna 1486495 1487245 NC_005070.gbk
3107 55.6 3762599 3760023 genome.dna 1453281 1455909 NC_005070.gbk
637 39.6 3764478 3763501 genome.dna 2230747 2229751 NC_005070.gbk
1448 48.0 3776200 3774839 genome.dna 1556797 1555333 NC_005070.gbk
2103 43.9 3784972 3782345 genome.dna 2267505 2264835 NC_005070.gbk
1340 60.7 3786717 3785644 genome.dna 1959229 1958101 NC_005070.gbk
953 39.3 3882715 3881462 genome.dna 1437849 1436541 NC_005070.gbk
791 39.9 3883829 3882726 genome.dna 762123 763197 NC_005070.gbk
860 44.6 3898447 3899475 genome.dna 1869285 1868202 NC_005070.gbk
605 48.4 3906590 3906045 genome.dna 638166 637605 NC_005070.gbk
437 40.8 3907276 3906587 genome.dna 1869879 1870617 NC_005070.gbk
464 42.5 3907890 3907273 genome.dna 1869247 1869883 NC_005070.gbk
827 38.6 3911288 3910026 genome.dna 2356452 2355135 NC_005070.gbk
614 39.2 3912529 3911285 genome.dna 1062919 1064098 NC_005070.gbk
673 34.2 3918901 3920391 genome.dna 1026543 1028004 NC_005070.gbk
940 43.2 3956293 3958011 genome.dna 1700704 1702486 NC_005070.gbk
372 36.8 3963804 3963091 genome.dna 1766114 1765433 NC_005070.gbk
768 54.5 3967961 3967344 genome.dna 2178716 2179361 NC_005070.gbk
625 42.2 3972869 3972135 genome.dna 2058007 2057242 NC_005070.gbk
710 33.0 3974615 3972882 genome.dna 1084086 1082328 NC_005070.gbk
231 34.8 3986036 3985365 genome.dna 2334656 2335277 NC_005070.gbk
986 39.1 3994559 3995977 genome.dna 1862013 1863393 NC_005070.gbk
1370 59.8 4001743 4000448 genome.dna 2249637 2250930 NC_005070.gbk
1563 52.7 4003479 4001842 genome.dna 2333025 2334660 NC_005070.gbk
628 40.4 4004518 4003706 genome.dna 2323338 2324151 NC_005070.gbk
1580 36.5 4007080 4004843 genome.dna 2227899 2225568 NC_005070.gbk
581 35.4 4013697 4012813 genome.dna 2233678 2234560 NC_005070.gbk
1852 45.0 4027241 4025196 genome.dna 2295099 2297139 NC_005070.gbk
395 33.1 4036522 4035704 genome.dna 2088506 2087642 NC_005070.gbk
334 37.5 4037132 4037767 genome.dna 561980 561341 NC_005070.gbk
324 37.8 4039680 4040210 genome.dna 1717640 1717052 NC_005070.gbk
305 37.6 4059979 4059527 genome.dna 2287101 2287560 NC_005070.gbk
447 38.6 4076900 4077613 genome.dna 644989 645652 NC_005070.gbk
447 42.3 4079441 4080034 genome.dna 233673 233085 NC_005070.gbk
620 33.4 4080027 4081166 genome.dna 1584827 1583603 NC_005070.gbk
989 48.2 4109655 4110677 genome.dna 18521 17528 NC_005070.gbk
1128 42.1 4114440 4115846 genome.dna 2287621 2289037 NC_005070.gbk
542 33.9 4115888 4116970 genome.dna 1980850 1981981 NC_005070.gbk
2100 55.4 4139901 4137067 genome.dna 2428752 2425779 NC_005070.gbk
336 35.9 4200650 4199670 genome.dna 35518 34495 NC_005070.gbk
2942 65.4 4221505 4218908 genome.dna 2402704 2405287 NC_005070.gbk
643 32.5 4231793 4230366 genome.dna 1568819 1567376 NC_005070.gbk
585 41.7 4244964 4245854 genome.dna 2222049 2221200 NC_005070.gbk
384 36.7 4250722 4251348 genome.dna 2257559 2258156 NC_005070.gbk
1714 44.5 4255592 4252890 genome.dna 85591 88405 NC_005070.gbk
498 37.5 4257707 4256787 genome.dna 547651 548479 NC_005070.gbk
1074 49.7 4258960 4257809 genome.dna 1581619 1582765 NC_005070.gbk
810 33.4 4263557 4262097 genome.dna 30077 28673 NC_005070.gbk
572 35.0 4264711 4263620 genome.dna 2235395 2236472 NC_005070.gbk
714 36.5 4265910 4264708 genome.dna 475887 474639 NC_005070.gbk
320 31.3 4267226 4265910 genome.dna 524675 523286 NC_005070.gbk
389 38.4 4268312 4267230 genome.dna 2419274 2420381 NC_005070.gbk
461 33.2 4269667 4268306 genome.dna 999513 1000863 NC_005070.gbk
1104 42.3 4271151 4269664 genome.dna 1627646 1626143 NC_005070.gbk
550 30.2 4272901 4271138 genome.dna 1691871 1690071 NC_005070.gbk
411 43.5 4277861 4277370 genome.dna 665682 665151 NC_005070.gbk
1617 45.6 4279582 4277864 genome.dna 1678885 1677031 NC_005070.gbk
903 47.4 4282166 4283764 genome.dna 714222 715845 NC_005070.gbk
1181 51.1 4283764 4284855 genome.dna 764308 765382 NC_005070.gbk
1657 54.7 4284858 4286258 genome.dna 262564 263983 NC_005070.gbk
339 31.8 4286272 4286874 genome.dna 263982 264597 NC_005070.gbk
369 37.4 4312461 4313114 genome.dna 718909 719551 NC_005070.gbk
439 34.2 4319027 4319845 genome.dna 1043548 1044457 NC_005070.gbk
2122 55.6 4330684 4327460 genome.dna 803714 800390 NC_005070.gbk
1118 46.8 4331847 4330699 genome.dna 1022764 1023916 NC_005070.gbk
214 32.2 4335368 4334856 genome.dna 1068268 1067788 NC_005070.gbk
757 42.8 4338181 4335368 genome.dna 290608 287683 NC_005070.gbk
627 38.7 4339154 4338213 genome.dna 1544187 1545117 NC_005070.gbk
141 32.2 4339580 4339843 genome.dna 591010 591307 NC_005070.gbk
990 46.3 4343498 4342359 genome.dna 25164 26298 NC_005070.gbk
2217 55.3 4345514 4343607 genome.dna 2415102 2413188 NC_005070.gbk
1098 55.9 4351229 4350276 genome.dna 1690021 1688848 NC_005070.gbk
431 32.9 4354760 4353831 genome.dna 1430904 1431852 NC_005070.gbk
474 39.5 4373604 4372945 genome.dna 588889 589609 NC_005070.gbk
1025 44.9 4379941 4378778 genome.dna 2232032 2233241 NC_005070.gbk
2250 52.5 4383337 4381343 genome.dna 138589 136579 NC_005070.gbk
1469 38.3 4387762 4385783 genome.dna 2262910 2264845 NC_005070.gbk
716 56.9 4388480 4389631 genome.dna 1893497 1894757 NC_005070.gbk
705 40.1 4392301 4393260 genome.dna 2213278 2212354 NC_005070.gbk
144 30.4 4393907 4394326 genome.dna 760575 761049 NC_005070.gbk
1312 47.2 4398393 4397095 genome.dna 1703030 1704344 NC_005070.gbk
497 34.9 4403893 4402952 genome.dna 95993 95093 NC_005070.gbk
736 36.3 4409761 4410900 genome.dna 10284 9318 NC_005070.gbk
351 32.1 4435653 4436702 genome.dna 26534 27434 NC_005070.gbk
506 45.1 4448185 4447619 genome.dna 33465 34029 NC_005070.gbk
467 31.1 4451372 4449723 genome.dna 1254185 1252529 NC_005070.gbk
1268 31.2 4464530 4460847 genome.dna 1232504 1228874 NC_005070.gbk
555 34.3 4471827 4470898 genome.dna 820917 820023 NC_005070.gbk
333 41.9 4477982 4478530 genome.dna 860407 860926 NC_005070.gbk
519 35.8 4482986 4483933 genome.dna 1186167 1185150 NC_005070.gbk
530 35.0 4484001 4485290 genome.dna 1617156 1615830 NC_005070.gbk
301 44.8 4488068 4487676 genome.dna 1976612 1976963 NC_005070.gbk
564 35.3 4489098 4488109 genome.dna 1975626 1976565 NC_005070.gbk
544 47.8 4489744 4489124 genome.dna 1629921 1630530 NC_005070.gbk
512 57.7 4490164 4489775 genome.dna 1975189 1975582 NC_005070.gbk
396 48.3 4490537 4490181 genome.dna 1974787 1975153 NC_005070.gbk
183 65.8 4490800 4490684 genome.dna 1974559 1974673 NC_005070.gbk
1058 42.7 4492165 4490834 genome.dna 1972580 1973906 NC_005070.gbk
311 39.5 4492607 4492173 genome.dna 1972018 1972477 NC_005070.gbk
335 47.9 4493665 4493312 genome.dna 1970982 1971351 NC_005070.gbk
489 42.3 4494208 4493675 genome.dna 1970409 1970949 NC_005070.gbk
427 50.4 4494614 4494222 genome.dna 1969993 1970395 NC_005070.gbk
333 50.5 4494953 4494648 genome.dna 1808089 1808392 NC_005070.gbk
718 57.7 4495506 4494967 genome.dna 1969434 1969974 NC_005070.gbk
224 39.2 4495835 4495521 genome.dna 1969036 1969393 NC_005070.gbk
478 60.2 4496217 4495846 genome.dna 1968669 1969035 NC_005070.gbk
128 37.9 4496826 4496635 genome.dna 1968134 1968344 NC_005070.gbk
533 59.0 4497236 4496826 genome.dna 1967655 1968132 NC_005070.gbk
746 48.3 4497950 4497249 genome.dna 1966910 1967639 NC_005070.gbk
281 48.0 4498300 4497968 genome.dna 1966524 1966890 NC_005070.gbk
415 65.9 4498593 4498315 genome.dna 1966244 1966520 NC_005070.gbk
947 51.4 4499431 4498610 genome.dna 1965345 1966209 NC_005070.gbk
203 38.9 4499751 4499449 genome.dna 1965027 1965330 NC_005070.gbk
381 36.8 4500353 4499748 genome.dna 1964399 1965035 NC_005070.gbk
626 45.4 4500993 4500364 genome.dna 1963743 1964400 NC_005070.gbk
405 53.9 4501337 4501026 genome.dna 2030194 2030515 NC_005070.gbk
2460 61.1 4505956 4503842 genome.dna 2026755 2028828 NC_005070.gbk
543 53.8 4506523 4506053 genome.dna 2026193 2026664 NC_005070.gbk
647 76.4 4506994 4506620 genome.dna 2025764 2026139 NC_005070.gbk
1063 55.7 4527383 4528252 genome.dna 765445 766348 NC_005070.gbk
904 38.0 4531124 4529898 genome.dna 1571557 1572820 NC_005070.gbk
728 57.9 4531820 4531245 genome.dna 2215918 2216521 NC_005070.gbk
997 45.7 4557783 4556779 genome.dna 1425297 1426311 NC_005070.gbk
740 50.5 4559154 4558477 genome.dna 1108307 1107530 NC_005070.gbk
921 43.1 4562421 4561336 genome.dna 1305254 1306370 NC_005070.gbk
401 40.2 4562994 4562473 genome.dna 2100724 2101300 NC_005070.gbk
793 49.4 4579442 4578723 genome.dna 782690 781964 NC_005070.gbk
269 30.0 4622349 4623851 genome.dna 1858777 1860355 NC_005070.gbk
2455 45.3 4632742 4630295 genome.dna 152398 149875 NC_005070.gbk
680 36.7 4634257 4632818 genome.dna 997325 998867 NC_005070.gbk
615 32.9 4635563 4634286 genome.dna 1110820 1112116 NC_005070.gbk
1822 47.3 4639754 4637577 genome.dna 1446825 1449153 NC_005070.gbk
631 41.5 4651246 4650551 genome.dna 2279787 2280507 NC_005070.gbk
1144 40.3 4664050 4662224 genome.dna 1865978 1864490 NC_005070.gbk
899 38.4 4672431 4670269 genome.dna 180172 182566 NC_005070.gbk
937 50.2 4680620 4681561 genome.dna 1714570 1715524 NC_005070.gbk
794 32.8 4690836 4689472 genome.dna 402661 401365 NC_005070.gbk
333 32.3 4695646 4694897 genome.dna 244305 245040 NC_005070.gbk
1216 54.0 4702353 4701286 genome.dna 634177 633109 NC_005070.gbk
609 48.1 4704862 4703738 genome.dna 1750968 1749849 NC_005070.gbk
407 32.0 4707095 4705998 genome.dna 260145 261285 NC_005070.gbk
389 51.0 4709479 4709153 genome.dna 1793987 1793669 NC_005070.gbk
1639 49.0 4728119 4726569 genome.dna 1291312 1292842 NC_005070.gbk
540 39.8 4729969 4728119 genome.dna 1116944 1115270 NC_005070.gbk
617 34.6 4730969 4730043 genome.dna 1233469 1232554 NC_005070.gbk
1161 42.1 4733613 4735139 genome.dna 325173 323628 NC_005070.gbk
825 37.0 4766891 4765731 genome.dna 661170 660027 NC_005070.gbk
165 39.4 4770684 4770469 genome.dna 1978895 1979156 NC_005070.gbk
1007 35.7 4770998 4773196 genome.dna 1711955 1709711 NC_005070.gbk
1308 42.0 4781238 4782749 genome.dna 1857279 1858785 NC_005070.gbk
796 41.4 4782875 4783885 genome.dna 1108366 1109371 NC_005070.gbk
443 41.0 4786326 4787093 genome.dna 795523 794791 NC_005070.gbk
371 43.2 4834867 4834403 genome.dna 1206912 1206411 NC_005070.gbk
896 36.9 4869411 4868002 genome.dna 12400 13858 NC_005070.gbk
280 31.8 4869761 4870336 genome.dna 705714 705111 NC_005070.gbk
533 30.2 4911222 4909444 genome.dna 1371293 1373048 NC_005070.gbk
727 35.0 4929420 4928401 genome.dna 695065 694045 NC_005070.gbk
727 35.0 4929420 4928401 genome.dna 695065 694045 NC_005070.gbk
1004 38.2 4985096 4983699 genome.dna 1480970 1479572 NC_005070.gbk
137 48.8 4985770 4985910 genome.dna 1801190 1801328 NC_005070.gbk
790 40.2 4988276 4989640 genome.dna 2225060 2223707 NC_005070.gbk
599 42.0 5019301 5018414 genome.dna 1268622 1269540 NC_005070.gbk
764 41.9 5020260 5019301 genome.dna 1267669 1268620 NC_005070.gbk
394 37.8 5021463 5020423 genome.dna 2412100 2413111 NC_005070.gbk
809 36.3 5026700 5027902 genome.dna 1163931 1162752 NC_005070.gbk
476 43.7 5049054 5047222 genome.dna 140586 142476 NC_005070.gbk
1161 42.6 5050610 5049240 genome.dna 1002212 1000859 NC_005070.gbk
204 32.8 5053946 5053527 genome.dna 508580 508169 NC_005070.gbk
1850 65.1 5055348 5053966 genome.dna 510118 508654 NC_005070.gbk
256 36.1 5056259 5055396 genome.dna 494639 495590 NC_005070.gbk
1189 55.2 5057853 5056312 genome.dna 493105 494626 NC_005070.gbk
144 31.2 5059187 5058948 genome.dna 491236 491485 NC_005070.gbk
223 30.4 5060037 5059237 genome.dna 490340 491066 NC_005070.gbk
1846 46.3 5063659 5061770 genome.dna 2289726 2291652 NC_005070.gbk
