1871 46.5 5629 7497 genome.dna 648865 650821 NC_003317.gbk
1346 44.8 10948 12453 genome.dna 406814 408344 NC_003317.gbk
945 47.3 12461 13429 genome.dna 408439 409444 NC_003317.gbk
620 36.2 15468 16463 genome.dna 1785958 1784935 NC_003317.gbk
280 32.3 23264 22674 genome.dna 1059275 1059941 NC_003317.gbk
1913 44.2 25826 28615 genome.dna 1868168 1865183 NC_003317.gbk
980 38.2 30749 32122 genome.dna 1340477 1339142 NC_003317.gbk
1244 43.6 33859 32447 genome.dna 892545 894132 NC_003317.gbk
2077 64.1 36667 35258 genome.dna 1019822 1021232 NC_003317.gbk
1467 36.6 49985 47886 genome.dna 1344641 1342358 NC_003317.gbk
582 45.6 50956 50333 genome.dna 1520482 1519714 NC_003317.gbk
1357 53.3 59253 58054 genome.dna 640067 641201 NC_003317.gbk
768 42.5 76671 77513 genome.dna 1294610 1295519 NC_003317.gbk
1090 41.3 77642 78994 genome.dna 1014817 1013365 NC_003317.gbk
326 35.6 81805 82428 genome.dna 1919704 1918954 NC_003317.gbk
567 36.2 93925 92960 genome.dna 2011006 2009923 NC_003317.gbk
1303 64.3 98527 99441 genome.dna 1575400 1574449 NC_003317.gbk
465 33.5 99451 101520 genome.dna 1574453 1572110 NC_003317.gbk
455 48.3 110262 109636 genome.dna 1422234 1421502 NC_003317.gbk
2419 70.6 111626 113161 genome.dna 1789466 1787948 NC_003317.gbk
1452 47.4 115831 114374 genome.dna 1438736 1440188 NC_003317.gbk
1915 63.6 117217 115898 genome.dna 1440234 1441542 NC_003317.gbk
474 33.9 151546 150683 genome.dna 1521330 1520385 NC_003317.gbk
895 59.2 162282 162998 genome.dna 1817554 1816837 NC_003317.gbk
468 40.6 168516 169325 genome.dna 2005941 2005059 NC_003317.gbk
422 43.5 170854 170375 genome.dna 918994 919489 NC_003317.gbk
749 34.3 186786 187982 genome.dna 1649364 1650642 NC_003317.gbk
276 30.2 192299 192775 genome.dna 2112690 2113182 NC_003317.gbk
733 38.1 192775 193791 genome.dna 170103 169122 NC_003317.gbk
876 52.7 193935 194756 genome.dna 761056 761947 NC_003317.gbk
216 30.6 217784 218788 genome.dna 1215806 1216739 NC_003317.gbk
1302 44.9 219661 221034 genome.dna 85951 84550 NC_003317.gbk
149 38.9 226078 226338 genome.dna 1129752 1129533 NC_003317.gbk
458 36.9 226939 227694 genome.dna 1128845 1128020 NC_003317.gbk
1210 55.3 228573 229595 genome.dna 1240241 1241279 NC_003317.gbk
965 35.0 238222 239673 genome.dna 532469 531068 NC_003317.gbk
1076 52.1 248939 247989 genome.dna 2101725 2100756 NC_003317.gbk
2008 75.4 250357 251541 genome.dna 786041 787217 NC_003317.gbk
627 50.3 252164 252709 genome.dna 770162 770690 NC_003317.gbk
581 62.1 252872 253300 genome.dna 770892 771321 NC_003317.gbk
836 55.2 253304 254008 genome.dna 771325 772027 NC_003317.gbk
252 32.0 254326 254823 genome.dna 772309 772936 NC_003317.gbk
427 62.2 254890 255255 genome.dna 772987 773362 NC_003317.gbk
3896 57.9 255584 259612 genome.dna 773569 777703 NC_003317.gbk
5433 58.1 259736 263959 genome.dna 777851 782054 NC_003317.gbk
685 45.1 269828 269043 genome.dna 1776989 1777880 NC_003317.gbk
101 33.3 270030 269830 genome.dna 1776910 1777108 NC_003317.gbk
541 44.8 271449 270808 genome.dna 1777876 1778488 NC_003317.gbk
798 39.9 275283 276347 genome.dna 191 1217 NC_003317.gbk
1570 56.6 280242 278956 genome.dna 1562639 1563923 NC_003317.gbk
1637 54.3 281849 280260 genome.dna 242484 240867 NC_003317.gbk
1288 75.8 288581 287820 genome.dna 1256594 1255784 NC_003317.gbk
1167 52.9 289684 288590 genome.dna 1257646 1256614 NC_003317.gbk
1227 50.8 290872 289694 genome.dna 1258967 1257773 NC_003317.gbk
1290 54.5 291953 290928 genome.dna 1260295 1259263 NC_003317.gbk
475 36.9 292998 292333 genome.dna 108704 107981 NC_003317.gbk
773 41.0 301263 300298 genome.dna 890516 891518 NC_003317.gbk
405 35.0 303420 302533 genome.dna 617899 617041 NC_003317.gbk
1896 62.2 306633 305290 genome.dna 1107223 1108603 NC_003317.gbk
406 47.5 307112 306645 genome.dna 1106724 1107195 NC_003317.gbk
446 50.0 307589 307137 genome.dna 1106219 1106723 NC_003317.gbk
335 41.1 315964 316557 genome.dna 1722164 1722797 NC_003317.gbk
1510 52.2 321945 323390 genome.dna 1518275 1519688 NC_003317.gbk
168 34.1 334075 333803 genome.dna 2094325 2094022 NC_003317.gbk
390 40.5 335599 335126 genome.dna 1825384 1824919 NC_003317.gbk
895 38.4 337440 336007 genome.dna 1828395 1826829 NC_003317.gbk
911 59.2 338215 337490 genome.dna 1829461 1828627 NC_003317.gbk
591 36.8 342391 343203 genome.dna 1002399 1001535 NC_003317.gbk
1172 49.4 345980 347242 genome.dna 1717419 1718760 NC_003317.gbk
831 38.0 350815 351966 genome.dna 130700 131912 NC_003317.gbk
560 55.9 352201 352629 genome.dna 1213732 1214197 NC_003317.gbk
475 52.7 352645 353037 genome.dna 1214199 1214676 NC_003317.gbk
403 32.9 355354 354581 genome.dna 688499 689309 NC_003317.gbk
622 33.5 357036 355618 genome.dna 1689407 1690904 NC_003317.gbk
502 44.1 366712 367449 genome.dna 284235 284871 NC_003317.gbk
766 48.9 372605 373492 genome.dna 1814373 1813461 NC_003317.gbk
512 32.0 384350 385246 genome.dna 1618387 1619371 NC_003317.gbk
1053 46.1 404861 403671 genome.dna 1261568 1262897 NC_003317.gbk
833 53.3 409087 410001 genome.dna 376581 375708 NC_003317.gbk
523 58.2 410005 410430 genome.dna 375703 375178 NC_003317.gbk
102 35.8 431880 431494 genome.dna 844518 844053 NC_003317.gbk
464 37.7 435364 434357 genome.dna 1668303 1667331 NC_003317.gbk
2361 50.4 460910 458055 genome.dna 1066925 1064192 NC_003317.gbk
951 38.8 463248 461737 genome.dna 1309694 1308236 NC_003317.gbk
1475 52.0 485144 483705 genome.dna 106127 104675 NC_003317.gbk
755 35.9 522787 521576 genome.dna 159896 158606 NC_003317.gbk
312 36.0 526894 527520 genome.dna 325089 325635 NC_003317.gbk
1205 42.1 530287 528905 genome.dna 1532989 1534393 NC_003317.gbk
156 48.9 536233 536394 genome.dna 382888 383041 NC_003317.gbk
1134 46.4 570938 572074 genome.dna 1151799 1150659 NC_003317.gbk
299 34.9 572077 572643 genome.dna 914129 914708 NC_003317.gbk
824 35.6 574080 575378 genome.dna 1220332 1221871 NC_003317.gbk
396 37.9 576656 577213 genome.dna 1219391 1219979 NC_003317.gbk
634 39.9 699974 700837 genome.dna 1562495 1561493 NC_003317.gbk
247 38.2 703585 703950 genome.dna 1011694 1011313 NC_003317.gbk
1369 62.3 708773 707778 genome.dna 475758 474774 NC_003317.gbk
96 32.1 710564 710259 genome.dna 830409 830094 NC_003317.gbk
1400 48.2 753122 751287 genome.dna 553984 556003 NC_003317.gbk
1010 49.6 755628 756641 genome.dna 171179 170099 NC_003317.gbk
318 30.4 757677 758612 genome.dna 132332 133313 NC_003317.gbk
895 45.8 761351 760380 genome.dna 1578785 1577696 NC_003317.gbk
1056 50.6 763509 764681 genome.dna 212032 213139 NC_003317.gbk
545 51.6 766454 766933 genome.dna 528789 529263 NC_003317.gbk
2406 59.0 768185 770122 genome.dna 352240 354196 NC_003317.gbk
684 43.3 770241 771074 genome.dna 992636 991796 NC_003317.gbk
1429 49.3 771082 772419 genome.dna 354428 355856 NC_003317.gbk
1292 42.7 777751 779280 genome.dna 2027604 2025990 NC_003317.gbk
611 34.9 782481 783425 genome.dna 2021267 2020292 NC_003317.gbk
2593 58.3 784066 786186 genome.dna 2019569 2017424 NC_003317.gbk
275 35.8 793333 793875 genome.dna 487245 487755 NC_003317.gbk
433 31.1 819141 820013 genome.dna 1754566 1753642 NC_003317.gbk
482 38.2 830229 830876 genome.dna 1931308 1930651 NC_003317.gbk
516 35.6 839867 840766 genome.dna 145594 144646 NC_003317.gbk
856 34.7 841615 843360 genome.dna 754880 756665 NC_003317.gbk
624 43.3 858630 859340 genome.dna 1384921 1384213 NC_003317.gbk
1396 50.5 909308 910588 genome.dna 1212839 1211534 NC_003317.gbk
346 31.9 912721 911924 genome.dna 180538 181393 NC_003317.gbk
425 43.7 927840 927358 genome.dna 1347540 1347063 NC_003317.gbk
296 34.7 927996 928442 genome.dna 887320 887779 NC_003317.gbk
1050 34.2 931102 929441 genome.dna 610409 612089 NC_003317.gbk
408 44.1 932209 932796 genome.dna 1819101 1819632 NC_003317.gbk
917 41.1 933233 934465 genome.dna 588374 587003 NC_003317.gbk
2199 51.4 955638 953644 genome.dna 323719 321595 NC_003317.gbk
2953 58.4 964883 967162 genome.dna 1005042 1007367 NC_003317.gbk
350 37.6 969365 968913 genome.dna 87214 86728 NC_003317.gbk
1178 53.0 984193 985221 genome.dna 694673 695678 NC_003317.gbk
1022 52.2 985221 986075 genome.dna 695774 696671 NC_003317.gbk
941 54.8 986075 986968 genome.dna 696657 697488 NC_003317.gbk
631 39.8 991219 990023 genome.dna 370348 371575 NC_003317.gbk
1058 56.9 997695 996727 genome.dna 96892 95881 NC_003317.gbk
2394 66.9 1010351 1008708 genome.dna 1054378 1055998 NC_003317.gbk
1302 55.7 1013309 1014424 genome.dna 1603092 1602006 NC_003317.gbk
470 47.5 1067553 1068080 genome.dna 1908489 1907949 NC_003317.gbk
710 39.1 1087061 1085955 genome.dna 1489601 1490729 NC_003317.gbk
368 34.2 1087227 1087946 genome.dna 2029197 2028495 NC_003317.gbk
301 39.5 1096541 1097074 genome.dna 221342 221879 NC_003317.gbk
1364 35.4 1097087 1099333 genome.dna 185313 187584 NC_003317.gbk
558 44.1 1099537 1100406 genome.dna 511100 510254 NC_003317.gbk
1243 65.4 1100443 1101237 genome.dna 634390 635185 NC_003317.gbk
737 32.7 1116801 1117997 genome.dna 1751663 1750544 NC_003317.gbk
598 32.2 1119665 1120909 genome.dna 1098821 1097648 NC_003317.gbk
875 33.5 1153145 1150431 genome.dna 1842670 1845475 NC_003317.gbk
801 48.0 1154052 1153258 genome.dna 745457 744626 NC_003317.gbk
849 53.2 1154397 1155122 genome.dna 846303 847104 NC_003317.gbk
365 44.2 1155257 1156108 genome.dna 847278 848211 NC_003317.gbk
862 53.6 1156279 1157004 genome.dna 848260 849100 NC_003317.gbk
555 49.2 1157130 1157687 genome.dna 849135 849696 NC_003317.gbk
722 47.7 1159320 1160081 genome.dna 849740 850505 NC_003317.gbk
317 33.3 1160091 1160948 genome.dna 850585 851422 NC_003317.gbk
485 30.0 1160970 1162325 genome.dna 851488 852628 NC_003317.gbk
560 35.6 1165447 1166469 genome.dna 855362 856418 NC_003317.gbk
436 45.3 1166572 1167027 genome.dna 856362 856884 NC_003317.gbk
665 37.6 1167032 1167820 genome.dna 856880 857729 NC_003317.gbk
562 33.9 1167824 1168975 genome.dna 858608 859796 NC_003317.gbk
483 46.2 1168997 1169593 genome.dna 1586758 1587421 NC_003317.gbk
1695 42.8 1169670 1173152 genome.dna 1183343 1179806 NC_003317.gbk
1055 50.0 1173165 1174124 genome.dna 36899 35945 NC_003317.gbk
783 41.0 1180703 1178139 genome.dna 1840093 1837345 NC_003317.gbk
693 41.1 1203627 1202668 genome.dna 682087 683104 NC_003317.gbk
738 49.5 1260789 1261478 genome.dna 2044329 2043561 NC_003317.gbk
556 33.1 1261506 1262828 genome.dna 1672000 1670761 NC_003317.gbk
1050 41.9 1269779 1268505 genome.dna 977768 978995 NC_003317.gbk
751 47.2 1271755 1272822 genome.dna 920790 921882 NC_003317.gbk
1265 53.4 1272920 1274065 genome.dna 921878 923012 NC_003317.gbk
197 30.5 1274175 1274507 genome.dna 1122349 1121986 NC_003317.gbk
425 47.6 1278470 1278919 genome.dna 1234281 1233804 NC_003317.gbk
659 39.5 1278982 1280091 genome.dna 1233803 1232681 NC_003317.gbk
300 42.6 1280201 1280677 genome.dna 1231991 1231517 NC_003317.gbk
211 34.3 1280702 1281121 genome.dna 1231512 1230996 NC_003317.gbk
2037 52.7 1284598 1282733 genome.dna 1548040 1546108 NC_003317.gbk
751 44.7 1285528 1284617 genome.dna 283950 283035 NC_003317.gbk
138 33.3 1285773 1285525 genome.dna 1551251 1550999 NC_003317.gbk
867 62.4 1293119 1292505 genome.dna 1953832 1953202 NC_003317.gbk
3253 68.4 1295100 1293109 genome.dna 1955815 1953835 NC_003317.gbk
1084 54.8 1296067 1295105 genome.dna 1956929 1955894 NC_003317.gbk
138 39.3 1298919 1299233 genome.dna 41830 41521 NC_003317.gbk
746 31.4 1299536 1300840 genome.dna 1114113 1112655 NC_003317.gbk
1853 68.0 1302154 1303428 genome.dna 903379 904654 NC_003317.gbk
3269 64.1 1303620 1306001 genome.dna 905052 907524 NC_003317.gbk
331 56.7 1306200 1306472 genome.dna 907698 907980 NC_003317.gbk
339 31.0 1310544 1309849 genome.dna 91869 91170 NC_003317.gbk
532 49.3 1312030 1312560 genome.dna 1144263 1144743 NC_003317.gbk
1342 47.8 1316909 1318201 genome.dna 161195 162497 NC_003317.gbk
956 49.1 1319182 1318319 genome.dna 160070 160973 NC_003317.gbk
2947 45.2 1326027 1322899 genome.dna 1679968 1676812 NC_003317.gbk
803 38.0 1327249 1326056 genome.dna 1681152 1679964 NC_003317.gbk
363 34.1 1327415 1328056 genome.dna 1681330 1681960 NC_003317.gbk
580 48.8 1329655 1330212 genome.dna 498370 498931 NC_003317.gbk
931 32.9 1330287 1332362 genome.dna 1962811 1964620 NC_003317.gbk
336 47.5 1332403 1332732 genome.dna 1964644 1964968 NC_003317.gbk
506 43.2 1332732 1333337 genome.dna 1965029 1965704 NC_003317.gbk
473 47.0 1335658 1336302 genome.dna 798316 798901 NC_003317.gbk
892 55.4 1339291 1337606 genome.dna 701196 699336 NC_003317.gbk
469 33.2 1348853 1349839 genome.dna 33092 34259 NC_003317.gbk
1710 39.0 1356196 1353473 genome.dna 1772396 1769915 NC_003317.gbk
523 43.6 1363250 1362525 genome.dna 183497 182750 NC_003317.gbk
1929 49.6 1363499 1366138 genome.dna 915775 918484 NC_003317.gbk
705 34.2 1373667 1372498 genome.dna 279595 280789 NC_003317.gbk
396 34.4 1381835 1382692 genome.dna 2005041 2004159 NC_003317.gbk
562 40.4 1391405 1390635 genome.dna 88201 89092 NC_003317.gbk
575 46.5 1426894 1426256 genome.dna 1289897 1290515 NC_003317.gbk
1216 52.9 1427931 1426894 genome.dna 1288821 1289901 NC_003317.gbk
388 39.0 1433876 1433409 genome.dna 1090690 1091155 NC_003317.gbk
849 45.4 1434853 1435731 genome.dna 1348554 1347630 NC_003317.gbk
693 44.1 1436929 1437642 genome.dna 1166334 1167099 NC_003317.gbk
369 45.8 1466738 1466361 genome.dna 1601825 1601474 NC_003317.gbk
195 35.0 1468782 1468399 genome.dna 659970 660342 NC_003317.gbk
972 52.5 1470427 1469462 genome.dna 886346 887315 NC_003317.gbk
665 33.1 1473099 1471888 genome.dna 1033215 1032024 NC_003317.gbk
430 31.1 1474380 1473265 genome.dna 1034501 1033325 NC_003317.gbk
542 30.1 1475506 1474394 genome.dna 597613 598771 NC_003317.gbk
219 32.0 1477924 1477454 genome.dna 216822 217347 NC_003317.gbk
1644 45.5 1483266 1480684 genome.dna 251349 253983 NC_003317.gbk
629 30.5 1489354 1487825 genome.dna 2032856 2031257 NC_003317.gbk
863 48.3 1492026 1490968 genome.dna 2035563 2034615 NC_003317.gbk
1315 47.2 1493774 1492350 genome.dna 2037240 2035836 NC_003317.gbk
319 37.5 1506798 1506349 genome.dna 384920 384479 NC_003317.gbk
376 44.0 1514785 1514357 genome.dna 724647 725079 NC_003317.gbk
2013 69.8 1536355 1535069 genome.dna 861282 859968 NC_003317.gbk
226 32.3 1537007 1537396 genome.dna 154329 154728 NC_003317.gbk
1990 53.8 1537737 1539503 genome.dna 155093 156986 NC_003317.gbk
894 53.8 1539520 1540236 genome.dna 157001 157781 NC_003317.gbk
1611 44.0 1540513 1543320 genome.dna 135797 138812 NC_003317.gbk
1298 51.1 1543336 1544562 genome.dna 138873 140100 NC_003317.gbk
1123 51.9 1544898 1546064 genome.dna 133419 134616 NC_003317.gbk
1146 58.7 1546064 1546936 genome.dna 134619 135522 NC_003317.gbk
592 45.4 1551348 1552034 genome.dna 344432 345143 NC_003317.gbk
312 38.2 1555196 1555705 genome.dna 348394 348901 NC_003317.gbk
671 39.9 1561588 1560626 genome.dna 1484413 1483507 NC_003317.gbk
588 31.1 1571894 1570848 genome.dna 1154659 1153636 NC_003317.gbk
1260 54.9 1573036 1572017 genome.dna 951605 952613 NC_003317.gbk
1560 61.1 1583143 1582073 genome.dna 1443816 1442763 NC_003317.gbk
1383 44.8 1631952 1633361 genome.dna 1451985 1450560 NC_003317.gbk
1846 51.7 1652381 1653892 genome.dna 224309 225806 NC_003317.gbk
1097 43.6 1661611 1662744 genome.dna 684995 683873 NC_003317.gbk
1279 46.0 1803146 1801686 genome.dna 1363645 1365121 NC_003317.gbk
428 53.5 1860773 1860348 genome.dna 1035309 1034961 NC_003317.gbk
575 39.0 1903087 1902248 genome.dna 1467656 1466792 NC_003317.gbk
551 31.5 1980555 1981667 genome.dna 1462105 1463248 NC_003317.gbk
424 35.8 1992686 1993273 genome.dna 1431981 1432578 NC_003317.gbk
1720 54.6 1993342 1994814 genome.dna 1434375 1435878 NC_003317.gbk
698 55.0 1997941 1997423 genome.dna 2013502 2014021 NC_003317.gbk
109 30.9 2015203 2015631 genome.dna 97111 97561 NC_003317.gbk
451 35.1 2038594 2039550 genome.dna 1024785 1023753 NC_003317.gbk
302 34.7 2040198 2039605 genome.dna 2116047 2115447 NC_003317.gbk
164 52.7 2040877 2041047 genome.dna 285031 285211 NC_003317.gbk
856 41.9 2041077 2042123 genome.dna 1226361 1225320 NC_003317.gbk
1003 49.4 2042130 2043083 genome.dna 1225073 1224101 NC_003317.gbk
727 41.5 2043101 2044030 genome.dna 1526779 1525834 NC_003317.gbk
813 53.3 2044045 2044779 genome.dna 1525765 1525027 NC_003317.gbk
301 67.1 2044934 2045170 genome.dna 1524754 1524517 NC_003317.gbk
1387 52.0 2045253 2046494 genome.dna 1524194 1522931 NC_003317.gbk
623 38.5 2047434 2048453 genome.dna 1522707 1521468 NC_003317.gbk
414 37.2 2048443 2049102 genome.dna 1031943 1031298 NC_003317.gbk
609 40.1 2050132 2050929 genome.dna 1028514 1027716 NC_003317.gbk
487 32.1 2057749 2058777 genome.dna 1132592 1131539 NC_003317.gbk
1745 60.7 2112831 2114330 genome.dna 1081777 1080253 NC_003317.gbk
928 58.0 2114428 2115174 genome.dna 1080273 1079430 NC_003317.gbk
445 30.1 2115176 2116495 genome.dna 1079417 1078139 NC_003317.gbk
1337 48.2 2116495 2117718 genome.dna 1078124 1076813 NC_003317.gbk
363 44.5 2117752 2118168 genome.dna 1413884 1414352 NC_003317.gbk
423 40.2 2138606 2139226 genome.dna 1902958 1902289 NC_003317.gbk
540 42.0 2139226 2139882 genome.dna 1902290 1901624 NC_003317.gbk
734 48.3 2139951 2140691 genome.dna 1901570 1900781 NC_003317.gbk
331 38.9 2140906 2141388 genome.dna 1389679 1389181 NC_003317.gbk
1902 45.5 2141385 2143340 genome.dna 1389162 1387170 NC_003317.gbk
349 39.7 2143337 2143894 genome.dna 1900615 1900003 NC_003317.gbk
324 38.9 2143891 2144349 genome.dna 1387174 1386697 NC_003317.gbk
738 31.7 2181270 2179897 genome.dna 1634876 1633460 NC_003317.gbk
343 37.0 2181519 2182154 genome.dna 1232685 1232073 NC_003317.gbk
670 34.4 2183367 2182216 genome.dna 1529932 1531258 NC_003317.gbk
202 33.1 2188917 2189354 genome.dna 264037 264448 NC_003317.gbk
617 35.8 2190305 2191417 genome.dna 1085577 1084455 NC_003317.gbk
557 43.8 2191939 2192622 genome.dna 1560827 1561454 NC_003317.gbk
1068 44.5 2192856 2194133 genome.dna 1085692 1086946 NC_003317.gbk
457 35.2 2194218 2195078 genome.dna 226368 227265 NC_003317.gbk
3650 61.9 2198282 2200954 genome.dna 1903280 1905968 NC_003317.gbk
450 38.4 2216576 2217319 genome.dna 2057424 2056644 NC_003317.gbk
857 49.4 2239913 2239125 genome.dna 2015424 2016243 NC_003317.gbk
842 35.0 2252210 2253607 genome.dna 987434 988895 NC_003317.gbk
1004 56.9 2263993 2263058 genome.dna 1176386 1175504 NC_003317.gbk
327 30.0 2291401 2290679 genome.dna 1298477 1299323 NC_003317.gbk
268 45.0 2324296 2324544 genome.dna 1549972 1550233 NC_003317.gbk
2038 62.4 2338271 2339743 genome.dna 396597 395133 NC_003317.gbk
1001 62.2 2343795 2344529 genome.dna 1875213 1876053 NC_003317.gbk
246 31.2 2406120 2405455 genome.dna 102109 102793 NC_003317.gbk
420 42.0 2461266 2461811 genome.dna 734987 735509 NC_003317.gbk
1407 58.7 2487322 2486231 genome.dna 501117 500013 NC_003317.gbk
1102 52.9 2489732 2488785 genome.dna 505977 504990 NC_003317.gbk
422 36.1 2490742 2489870 genome.dna 1583169 1584069 NC_003317.gbk
1221 55.0 2492889 2493971 genome.dna 187726 188860 NC_003317.gbk
475 37.5 2493971 2494816 genome.dna 188856 189744 NC_003317.gbk
846 46.2 2496092 2496946 genome.dna 876650 877484 NC_003317.gbk
770 43.3 2534552 2533659 genome.dna 1935694 1934770 NC_003317.gbk
1408 50.1 2540511 2541806 genome.dna 672138 673407 NC_003317.gbk
1087 51.4 2570445 2569453 genome.dna 952741 953707 NC_003317.gbk
725 55.2 2585970 2586605 genome.dna 1823192 1822445 NC_003317.gbk
449 35.3 2595189 2595950 genome.dna 1536910 1537678 NC_003317.gbk
563 42.9 2595969 2596559 genome.dna 724081 724651 NC_003317.gbk
772 39.3 2605113 2606180 genome.dna 870281 869252 NC_003317.gbk
1494 57.3 2607572 2608762 genome.dna 2074722 2075991 NC_003317.gbk
505 35.1 2608762 2609568 genome.dna 2076385 2077297 NC_003317.gbk
313 32.5 2611473 2610838 genome.dna 474603 473943 NC_003317.gbk
347 33.8 2619430 2619996 genome.dna 126060 125457 NC_003317.gbk
368 44.6 2620019 2620441 genome.dna 524323 524722 NC_003317.gbk
171 35.1 2621565 2621861 genome.dna 169121 168830 NC_003317.gbk
533 41.6 2642048 2641143 genome.dna 942196 941251 NC_003317.gbk
440 34.5 2645012 2644386 genome.dna 1819707 1820421 NC_003317.gbk
593 35.9 2645457 2646263 genome.dna 1140454 1141345 NC_003317.gbk
598 44.8 2652833 2653480 genome.dna 566721 565965 NC_003317.gbk
566 52.6 2676960 2676514 genome.dna 556454 556967 NC_003317.gbk
528 40.9 2677723 2677067 genome.dna 1933900 1933210 NC_003317.gbk
576 30.8 2681594 2680470 genome.dna 1248907 1250065 NC_003317.gbk
1956 53.1 2683421 2681736 genome.dna 1682136 1684056 NC_003317.gbk
409 39.3 2689954 2690532 genome.dna 484336 484960 NC_003317.gbk
1204 47.4 2691006 2692370 genome.dna 834311 835721 NC_003317.gbk
1638 51.5 2696737 2695181 genome.dna 692474 694043 NC_003317.gbk
238 53.6 2702947 2702738 genome.dna 519189 518937 NC_003317.gbk
1594 35.9 2731236 2728849 genome.dna 2065279 2062864 NC_003317.gbk
319 47.0 2732234 2731251 genome.dna 2066410 2065300 NC_003317.gbk
467 60.7 2732903 2732547 genome.dna 2067883 2067478 NC_003317.gbk
127 39.7 2733144 2732947 genome.dna 2068111 2067910 NC_003317.gbk
1556 48.9 2735713 2733785 genome.dna 946129 948106 NC_003317.gbk
277 32.6 2741372 2740491 genome.dna 246880 245866 NC_003317.gbk
742 36.2 2757088 2758194 genome.dna 448536 449733 NC_003317.gbk
602 44.3 2760640 2761329 genome.dna 1393536 1392846 NC_003317.gbk
1268 50.7 2771476 2770376 genome.dna 1337747 1338959 NC_003317.gbk
1615 40.2 2791079 2789028 genome.dna 1418769 1420878 NC_003317.gbk
1019 38.9 2796565 2798007 genome.dna 305457 306894 NC_003317.gbk
1298 59.4 2809298 2808294 genome.dna 342571 343612 NC_003317.gbk
356 33.2 2809923 2809306 genome.dna 341913 342531 NC_003317.gbk
452 43.6 2810663 2810151 genome.dna 341387 341909 NC_003317.gbk
761 49.2 2811487 2810744 genome.dna 329602 330370 NC_003317.gbk
1532 41.4 2813755 2811956 genome.dna 1248681 1246893 NC_003317.gbk
956 33.1 2838878 2837343 genome.dna 1845410 1847078 NC_003317.gbk
352 32.1 2841233 2840649 genome.dna 1501647 1502268 NC_003317.gbk
1265 38.4 2854450 2852540 genome.dna 301586 303416 NC_003317.gbk
875 45.0 2859653 2858643 genome.dna 1658174 1659269 NC_003317.gbk
2485 45.9 2862472 2859857 genome.dna 1371916 1374568 NC_003317.gbk
567 33.6 2862696 2863901 genome.dna 1880167 1878862 NC_003317.gbk
783 54.1 2869134 2868487 genome.dna 517302 517959 NC_003317.gbk
590 43.6 2884168 2883416 genome.dna 1959310 1960198 NC_003317.gbk
1078 34.4 2887241 2885457 genome.dna 330993 332934 NC_003317.gbk
523 33.7 2906057 2905173 genome.dna 1748312 1747406 NC_003317.gbk
966 41.6 2917289 2918617 genome.dna 1719545 1720838 NC_003317.gbk
316 36.7 2920770 2921360 genome.dna 2104451 2103716 NC_003317.gbk
472 36.2 2921367 2922104 genome.dna 2103712 2102980 NC_003317.gbk
647 41.5 2922086 2922862 genome.dna 2102984 2102198 NC_003317.gbk
292 47.2 2923933 2923649 genome.dna 1832603 1832909 NC_003317.gbk
1804 47.5 2925698 2924025 genome.dna 1971782 1970051 NC_003317.gbk
376 39.1 2926492 2925815 genome.dna 1972627 1971967 NC_003317.gbk
1457 55.3 2975613 2974318 genome.dna 1128070 1126660 NC_003317.gbk
605 46.0 2977060 2975717 genome.dna 803605 804979 NC_003317.gbk
538 52.0 2981911 2981417 genome.dna 465968 465503 NC_003317.gbk
1101 54.5 2982496 2983455 genome.dna 532790 533765 NC_003317.gbk
2449 59.1 2992855 2990582 genome.dna 838994 841469 NC_003317.gbk
447 41.1 3002258 3001431 genome.dna 584510 585317 NC_003317.gbk
579 38.0 3003564 3004295 genome.dna 1149690 1148934 NC_003317.gbk
949 55.1 3009847 3009002 genome.dna 431579 432401 NC_003317.gbk
1123 55.6 3010809 3009844 genome.dna 430666 431578 NC_003317.gbk
1290 53.1 3011957 3010824 genome.dna 429505 430651 NC_003317.gbk
1324 54.5 3013338 3012229 genome.dna 428160 429264 NC_003317.gbk
178 39.2 3016496 3016762 genome.dna 180249 180528 NC_003317.gbk
419 40.6 3046334 3045672 genome.dna 943499 942857 NC_003317.gbk
1678 64.0 3050037 3051158 genome.dna 1857225 1858338 NC_003317.gbk
933 50.4 3051198 3052058 genome.dna 1859451 1860306 NC_003317.gbk
530 33.3 3064304 3063432 genome.dna 1968508 1967608 NC_003317.gbk
447 30.0 3064423 3065496 genome.dna 1968560 1969634 NC_003317.gbk
1299 38.0 3076165 3077973 genome.dna 1990693 1992532 NC_003317.gbk
1552 61.5 3077983 3079080 genome.dna 1992643 1993741 NC_003317.gbk
1008 58.2 3079077 3080102 genome.dna 1993737 1994880 NC_003317.gbk
1961 56.4 3080104 3081720 genome.dna 1994876 1996529 NC_003317.gbk
585 57.8 3108684 3109187 genome.dna 2039529 2040072 NC_003317.gbk
1203 45.2 3147123 3145672 genome.dna 967437 965829 NC_003317.gbk
622 47.3 3154559 3153852 genome.dna 1909341 1908603 NC_003317.gbk
420 42.6 3155124 3154672 genome.dna 1302346 1302838 NC_003317.gbk
186 41.0 3155372 3155127 genome.dna 1302087 1302345 NC_003317.gbk
581 60.8 3155863 3155369 genome.dna 868433 867935 NC_003317.gbk
602 32.5 3157424 3156435 genome.dna 1058065 1059100 NC_003317.gbk
479 34.9 3169188 3169883 genome.dna 1645201 1644493 NC_003317.gbk
689 34.4 3178804 3180039 genome.dna 867840 866625 NC_003317.gbk
603 43.0 3180042 3180794 genome.dna 1998308 1997498 NC_003317.gbk
399 38.9 3228583 3228035 genome.dna 1301498 1302083 NC_003317.gbk
1160 38.8 3230474 3228642 genome.dna 1299322 1301380 NC_003317.gbk
741 38.4 3290769 3289561 genome.dna 1083136 1081957 NC_003317.gbk
155 30.0 3325375 3325824 genome.dna 473459 473915 NC_003317.gbk
444 60.0 3332182 3332514 genome.dna 1084126 1084459 NC_003317.gbk
841 33.9 3372145 3370688 genome.dna 1192971 1191534 NC_003317.gbk
917 37.7 3373687 3372152 genome.dna 1194501 1192992 NC_003317.gbk
798 37.0 3375638 3373788 genome.dna 1196486 1194500 NC_003317.gbk
230 38.0 3375937 3375635 genome.dna 1196802 1196493 NC_003317.gbk
451 42.6 3378041 3377067 genome.dna 1199076 1198107 NC_003317.gbk
1066 41.9 3382301 3380952 genome.dna 1202697 1201389 NC_003317.gbk
302 37.3 3385876 3385436 genome.dna 1206280 1205914 NC_003317.gbk
515 33.1 3387504 3386554 genome.dna 711876 712827 NC_003317.gbk
515 33.1 3388991 3388041 genome.dna 711876 712827 NC_003317.gbk
475 38.2 3394163 3393489 genome.dna 1149979 1150663 NC_003317.gbk
666 46.9 3401812 3402438 genome.dna 1363052 1362341 NC_003317.gbk
772 40.7 3409858 3408341 genome.dna 1535318 1536869 NC_003317.gbk
901 46.2 3413548 3412631 genome.dna 2077357 2078263 NC_003317.gbk
254 33.7 3414435 3413773 genome.dna 1550399 1550993 NC_003317.gbk
1516 58.6 3421622 3420405 genome.dna 2014186 2015410 NC_003317.gbk
1042 57.2 3427528 3426443 genome.dna 1554770 1553675 NC_003317.gbk
422 33.3 3451704 3451132 genome.dna 1164308 1164875 NC_003317.gbk
1959 82.1 3457211 3458236 genome.dna 16255 17278 NC_003317.gbk
1387 50.0 3477877 3476636 genome.dna 749412 750633 NC_003317.gbk
1109 52.6 3478244 3479224 genome.dna 1003691 1004825 NC_003317.gbk
1029 49.2 3500028 3499135 genome.dna 1935818 1936712 NC_003317.gbk
425 40.2 3519048 3517663 genome.dna 1324559 1323038 NC_003317.gbk
198 37.6 3520193 3520687 genome.dna 920138 920669 NC_003317.gbk
664 66.2 3521609 3522118 genome.dna 309881 309338 NC_003317.gbk
561 37.2 3522115 3523185 genome.dna 309322 308233 NC_003317.gbk
974 60.4 3527868 3527053 genome.dna 2046035 2045153 NC_003317.gbk
1337 35.9 3531913 3533985 genome.dna 1254073 1251721 NC_003317.gbk
575 32.2 3542091 3543101 genome.dna 18671 19790 NC_003317.gbk
511 30.4 3549622 3550470 genome.dna 1753649 1752764 NC_003317.gbk
1681 30.2 3560370 3563492 genome.dna 1699573 1696441 NC_003317.gbk
524 37.0 3569781 3570509 genome.dna 2098134 2097414 NC_003317.gbk
883 53.6 3577570 3576767 genome.dna 1774995 1775910 NC_003317.gbk
1021 38.5 3599984 3598497 genome.dna 1595305 1593853 NC_003317.gbk
275 34.6 3604488 3603367 genome.dna 281714 283028 NC_003317.gbk
604 42.8 3607701 3606505 genome.dna 1917178 1918414 NC_003317.gbk
544 60.1 3608433 3608005 genome.dna 1304408 1303985 NC_003317.gbk
789 42.6 3611852 3612721 genome.dna 963858 963003 NC_003317.gbk
778 38.4 3615811 3614501 genome.dna 2006499 2007882 NC_003317.gbk
248 41.9 3616630 3616295 genome.dna 994401 994059 NC_003317.gbk
424 36.3 3622783 3622058 genome.dna 815325 816156 NC_003317.gbk
698 39.9 3622920 3623723 genome.dna 336101 335309 NC_003317.gbk
534 69.6 3640872 3640534 genome.dna 1019336 1019675 NC_003317.gbk
429 37.0 3680956 3680225 genome.dna 647755 648496 NC_003317.gbk
703 40.6 3682691 3681786 genome.dna 1333887 1332951 NC_003317.gbk
386 35.8 3683368 3682688 genome.dna 1334769 1334031 NC_003317.gbk
364 39.1 3684626 3683661 genome.dna 1335574 1334737 NC_003317.gbk
1267 45.5 3698228 3696813 genome.dna 862995 861489 NC_003317.gbk
1049 50.4 3703917 3702925 genome.dna 1890460 1889245 NC_003317.gbk
1084 60.6 3705613 3704801 genome.dna 1892145 1891278 NC_003317.gbk
1352 66.0 3706780 3705770 genome.dna 1893223 1892239 NC_003317.gbk
970 36.8 3709959 3708493 genome.dna 1386556 1385014 NC_003317.gbk
493 40.0 3728155 3728859 genome.dna 746170 745453 NC_003317.gbk
348 42.4 3729128 3729583 genome.dna 986445 986028 NC_003317.gbk
303 38.9 3732230 3732727 genome.dna 991422 990888 NC_003317.gbk
623 42.0 3732844 3733638 genome.dna 1641775 1640908 NC_003317.gbk
720 43.9 3733793 3734647 genome.dna 1642619 1641737 NC_003317.gbk
489 44.8 3738313 3737777 genome.dna 79656 80193 NC_003317.gbk
618 47.1 3749695 3748958 genome.dna 2113987 2113240 NC_003317.gbk
621 62.8 3749751 3750215 genome.dna 1507978 1507513 NC_003317.gbk
498 35.8 3750989 3751744 genome.dna 125425 124651 NC_003317.gbk
3261 58.2 3762599 3760023 genome.dna 190974 193770 NC_003317.gbk
438 37.9 3763458 3762733 genome.dna 508931 508133 NC_003317.gbk
412 42.3 3764478 3763501 genome.dna 385776 386820 NC_003317.gbk
417 55.9 3773009 3772662 genome.dna 151212 151650 NC_003317.gbk
644 44.3 3773827 3773072 genome.dna 146392 147118 NC_003317.gbk
276 31.2 3774414 3773866 genome.dna 145817 146387 NC_003317.gbk
1485 50.1 3776200 3774839 genome.dna 229405 230977 NC_003317.gbk
2000 54.0 3784972 3782345 genome.dna 808244 810902 NC_003317.gbk
1522 70.8 3786717 3785644 genome.dna 806715 807852 NC_003317.gbk
338 40.8 3787319 3786825 genome.dna 889153 888655 NC_003317.gbk
272 33.8 3788942 3789616 genome.dna 915428 914798 NC_003317.gbk
1088 41.2 3882715 3881462 genome.dna 214315 215596 NC_003317.gbk
872 40.7 3883829 3882726 genome.dna 213166 214303 NC_003317.gbk
634 31.1 3911288 3910026 genome.dna 1693550 1694798 NC_003317.gbk
419 53.1 3921260 3920868 genome.dna 158116 158521 NC_003317.gbk
942 48.1 3921930 3923132 genome.dna 458904 457857 NC_003317.gbk
1004 33.8 3933298 3934833 genome.dna 957909 959328 NC_003317.gbk
1877 66.9 3945541 3944261 genome.dna 575504 576878 NC_003317.gbk
781 48.1 3954101 3954916 genome.dna 2012675 2011868 NC_003317.gbk
881 38.9 3956293 3958011 genome.dna 1187287 1185949 NC_003317.gbk
390 33.0 3961248 3960622 genome.dna 1125748 1125079 NC_003317.gbk
1506 73.6 3970373 3969465 genome.dna 1799285 1798289 NC_003317.gbk
1122 44.7 3971825 3970383 genome.dna 1812859 1811431 NC_003317.gbk
303 30.9 3972869 3972135 genome.dna 1809427 1808668 NC_003317.gbk
1641 60.1 4001743 4000448 genome.dna 877670 878948 NC_003317.gbk
2041 57.0 4003479 4001842 genome.dna 874916 876545 NC_003317.gbk
521 52.8 4004518 4003706 genome.dna 951482 950636 NC_003317.gbk
502 33.7 4013697 4012813 genome.dna 714469 713536 NC_003317.gbk
488 34.0 4014558 4013788 genome.dna 1165679 1164923 NC_003317.gbk
1148 47.0 4027241 4025196 genome.dna 612274 614434 NC_003317.gbk
682 32.8 4031933 4029078 genome.dna 1382553 1379736 NC_003317.gbk
672 52.8 4039680 4040210 genome.dna 73424 73955 NC_003317.gbk
611 43.7 4050959 4050219 genome.dna 1796353 1795507 NC_003317.gbk
186 30.0 4053431 4053985 genome.dna 969664 969064 NC_003317.gbk
267 59.7 4060248 4060021 genome.dna 1527633 1527882 NC_003317.gbk
422 37.0 4076900 4077613 genome.dna 251227 250546 NC_003317.gbk
398 38.0 4079441 4080034 genome.dna 1816270 1815595 NC_003317.gbk
831 38.0 4080027 4081166 genome.dna 1815599 1814384 NC_003317.gbk
292 43.4 4086876 4086421 genome.dna 1858337 1858754 NC_003317.gbk
477 34.8 4102382 4101120 genome.dna 84230 82964 NC_003317.gbk
1167 53.5 4109655 4110677 genome.dna 1148743 1147720 NC_003317.gbk
447 32.8 4114259 4113273 genome.dna 312557 313568 NC_003317.gbk
498 33.7 4114440 4115846 genome.dna 1531456 1532962 NC_003317.gbk
746 52.2 4118940 4119590 genome.dna 1360459 1361113 NC_003317.gbk
2846 59.3 4139901 4137067 genome.dna 911091 908166 NC_003317.gbk
508 49.5 4140147 4140710 genome.dna 911989 912496 NC_003317.gbk
1158 51.1 4186931 4185840 genome.dna 1752757 1751665 NC_003317.gbk
420 32.7 4217612 4218277 genome.dna 255347 254693 NC_003317.gbk
1132 44.0 4231793 4230366 genome.dna 141984 143388 NC_003317.gbk
289 32.3 4250722 4251348 genome.dna 2114589 2113986 NC_003317.gbk
309 36.7 4252799 4252404 genome.dna 123215 123632 NC_003317.gbk
2060 53.7 4255592 4252890 genome.dna 119357 116636 NC_003317.gbk
835 41.5 4257707 4256787 genome.dna 608266 609127 NC_003317.gbk
702 30.5 4260285 4259029 genome.dna 604605 605928 NC_003317.gbk
596 39.9 4262088 4261168 genome.dna 602738 603686 NC_003317.gbk
1262 43.9 4263557 4262097 genome.dna 600133 601549 NC_003317.gbk
535 36.6 4264711 4263620 genome.dna 598994 600137 NC_003317.gbk
525 33.9 4267226 4265910 genome.dna 596210 597614 NC_003317.gbk
1260 50.4 4268312 4267230 genome.dna 595115 596198 NC_003317.gbk
638 34.0 4269667 4268306 genome.dna 593643 595089 NC_003317.gbk
813 37.6 4271151 4269664 genome.dna 592147 593647 NC_003317.gbk
792 44.6 4274186 4273242 genome.dna 588847 589888 NC_003317.gbk
420 45.2 4277861 4277370 genome.dna 645179 645752 NC_003317.gbk
1980 51.6 4279582 4277864 genome.dna 643337 645161 NC_003317.gbk
2046 64.7 4284858 4286258 genome.dna 151860 153270 NC_003317.gbk
1272 55.2 4296705 4297769 genome.dna 300073 299065 NC_003317.gbk
1248 42.4 4297745 4299352 genome.dna 299003 297437 NC_003317.gbk
633 47.0 4299357 4300049 genome.dna 297504 296715 NC_003317.gbk
724 39.1 4318033 4319034 genome.dna 1315998 1317210 NC_003317.gbk
510 39.2 4319027 4319845 genome.dna 1317206 1318037 NC_003317.gbk
371 45.2 4319858 4320235 genome.dna 1665841 1666267 NC_003317.gbk
445 44.0 4323873 4323391 genome.dna 635187 635706 NC_003317.gbk
2210 60.1 4330684 4327460 genome.dna 544525 541036 NC_003317.gbk
1256 53.0 4331847 4330699 genome.dna 548646 547377 NC_003317.gbk
961 48.6 4334402 4333452 genome.dna 1510001 1508960 NC_003317.gbk
346 39.5 4335368 4334856 genome.dna 1835357 1835873 NC_003317.gbk
231 44.2 4339580 4339843 genome.dna 2003823 2003556 NC_003317.gbk
1534 57.5 4343498 4342359 genome.dna 2059424 2058290 NC_003317.gbk
2802 67.9 4345514 4343607 genome.dna 2061595 2059669 NC_003317.gbk
1751 60.3 4348005 4346668 genome.dna 366636 365124 NC_003317.gbk
725 36.0 4353827 4352538 genome.dna 1498739 1500131 NC_003317.gbk
348 40.9 4360338 4359856 genome.dna 619287 619887 NC_003317.gbk
2096 56.2 4365488 4367155 genome.dna 572523 574278 NC_003317.gbk
339 35.7 4373604 4372945 genome.dna 1016210 1015475 NC_003317.gbk
494 42.9 4376373 4375759 genome.dna 1325684 1325069 NC_003317.gbk
798 43.3 4379941 4378778 genome.dna 320404 319189 NC_003317.gbk
1053 46.7 4381030 4380014 genome.dna 321455 320447 NC_003317.gbk
1006 47.7 4388480 4389631 genome.dna 2030543 2029205 NC_003317.gbk
832 42.8 4392301 4393260 genome.dna 2055148 2054209 NC_003317.gbk
431 38.1 4393344 4393907 genome.dna 1505913 1505280 NC_003317.gbk
1446 51.4 4398393 4397095 genome.dna 361642 363205 NC_003317.gbk
102 35.2 4398693 4398493 genome.dna 637906 638092 NC_003317.gbk
440 34.5 4399815 4398820 genome.dna 636984 637887 NC_003317.gbk
686 35.0 4401072 4399819 genome.dna 635830 636985 NC_003317.gbk
960 43.6 4402445 4401165 genome.dna 900746 902264 NC_003317.gbk
602 38.2 4403893 4402952 genome.dna 642158 643091 NC_003317.gbk
288 32.5 4409618 4408062 genome.dna 1019093 1017524 NC_003317.gbk
425 36.1 4423913 4423296 genome.dna 140564 141203 NC_003317.gbk
341 49.1 4447190 4446837 genome.dna 526070 526394 NC_003317.gbk
399 35.7 4448185 4447619 genome.dna 336847 336286 NC_003317.gbk
1842 52.0 4451372 4449723 genome.dna 1688617 1686967 NC_003317.gbk
3657 62.6 4464530 4460847 genome.dna 1805893 1802107 NC_003317.gbk
1698 63.5 4468982 4467675 genome.dna 426278 424988 NC_003317.gbk
400 39.6 4477982 4478530 genome.dna 762719 763247 NC_003317.gbk
471 37.3 4479596 4478769 genome.dna 2115455 2114585 NC_003317.gbk
413 32.4 4484001 4485290 genome.dna 245728 244453 NC_003317.gbk
1070 39.8 4485347 4486723 genome.dna 897934 899311 NC_003317.gbk
418 47.5 4486815 4487225 genome.dna 1651152 1650717 NC_003317.gbk
460 58.3 4488068 4487676 genome.dna 801386 801815 NC_003317.gbk
1069 52.3 4489098 4488109 genome.dna 800211 801225 NC_003317.gbk
532 44.8 4489744 4489124 genome.dna 1177533 1176915 NC_003317.gbk
608 66.7 4490164 4489775 genome.dna 799706 800096 NC_003317.gbk
430 57.3 4490537 4490181 genome.dna 799210 799579 NC_003317.gbk
1604 55.6 4492165 4490834 genome.dna 796979 798320 NC_003317.gbk
373 46.7 4492607 4492173 genome.dna 796348 796819 NC_003317.gbk
152 43.6 4492790 4492611 genome.dna 796130 796328 NC_003317.gbk
551 55.5 4493297 4492797 genome.dna 795452 796013 NC_003317.gbk
341 49.5 4493665 4493312 genome.dna 795048 795411 NC_003317.gbk
606 51.4 4494208 4493675 genome.dna 794502 795036 NC_003317.gbk
395 45.0 4494614 4494222 genome.dna 794065 794464 NC_003317.gbk
267 41.6 4494953 4494648 genome.dna 793749 794055 NC_003317.gbk
769 59.8 4495506 4494967 genome.dna 793164 793722 NC_003317.gbk
308 50.5 4495835 4495521 genome.dna 792860 793172 NC_003317.gbk
620 78.9 4496217 4495846 genome.dna 792479 792848 NC_003317.gbk
236 47.9 4496635 4496381 genome.dna 792168 792411 NC_003317.gbk
222 59.0 4496826 4496635 genome.dna 791955 792156 NC_003317.gbk
606 64.2 4497236 4496826 genome.dna 791529 791943 NC_003317.gbk
980 62.1 4497950 4497249 genome.dna 790780 791491 NC_003317.gbk
411 64.1 4498593 4498315 genome.dna 790110 790389 NC_003317.gbk
1084 59.2 4499431 4498610 genome.dna 789261 790095 NC_003317.gbk
259 50.5 4499751 4499449 genome.dna 788946 789240 NC_003317.gbk
676 50.2 4500993 4500364 genome.dna 787591 788329 NC_003317.gbk
490 71.6 4501337 4501026 genome.dna 787277 787586 NC_003317.gbk
2679 59.3 4505956 4503842 genome.dna 783890 785975 NC_003317.gbk
613 58.3 4506523 4506053 genome.dna 783389 783860 NC_003317.gbk
656 76.4 4506994 4506620 genome.dna 782918 783323 NC_003317.gbk
1252 36.0 4509286 4510932 genome.dna 114405 112770 NC_003317.gbk
1570 39.3 4523306 4525213 genome.dna 1305152 1307093 NC_003317.gbk
1046 42.6 4531124 4529898 genome.dna 1669486 1668274 NC_003317.gbk
213 39.0 4539402 4538833 genome.dna 919569 920100 NC_003317.gbk
879 53.5 4553293 4554057 genome.dna 107985 107169 NC_003317.gbk
730 43.6 4557783 4556779 genome.dna 1847084 1848242 NC_003317.gbk
370 31.6 4558484 4557780 genome.dna 1016520 1017225 NC_003317.gbk
748 53.5 4559154 4558477 genome.dna 1160792 1161611 NC_003317.gbk
844 41.9 4562421 4561336 genome.dna 38989 40126 NC_003317.gbk
364 37.9 4562994 4562473 genome.dna 38387 38897 NC_003317.gbk
791 33.7 4567199 4569754 genome.dna 1097369 1094909 NC_003317.gbk
179 33.6 4573911 4574321 genome.dna 290648 291050 NC_003317.gbk
297 32.3 4574406 4575275 genome.dna 1667330 1666307 NC_003317.gbk
1504 47.0 4575473 4577092 genome.dna 2098535 2100011 NC_003317.gbk
547 34.2 4603858 4604907 genome.dna 103928 102929 NC_003317.gbk
333 35.7 4613483 4614184 genome.dna 179389 180178 NC_003317.gbk
755 47.0 4620311 4619553 genome.dna 1793246 1792385 NC_003317.gbk
1619 51.4 4622349 4623851 genome.dna 1792337 1790801 NC_003317.gbk
756 41.2 4665855 4666784 genome.dna 1320915 1319970 NC_003317.gbk
356 31.3 4668986 4668036 genome.dna 1428587 1429580 NC_003317.gbk
797 42.2 4672431 4670269 genome.dna 622444 619960 NC_003317.gbk
616 38.5 4675687 4674863 genome.dna 129733 128821 NC_003317.gbk
857 48.8 4680620 4681561 genome.dna 171213 172242 NC_003317.gbk
702 30.3 4690836 4689472 genome.dna 1161637 1162939 NC_003317.gbk
1942 69.8 4708658 4707399 genome.dna 2131 3397 NC_003317.gbk
390 52.0 4709479 4709153 genome.dna 2080131 2079807 NC_003317.gbk
2923 72.3 4729969 4728119 genome.dna 1897913 1899755 NC_003317.gbk
571 36.7 4748208 4747351 genome.dna 816152 816986 NC_003317.gbk
852 47.6 4756712 4755816 genome.dna 578533 579358 NC_003317.gbk
783 37.0 4766891 4765731 genome.dna 1664300 1665506 NC_003317.gbk
153 38.9 4770684 4770469 genome.dna 330819 330597 NC_003317.gbk
666 60.3 4775884 4776414 genome.dna 2105895 2106450 NC_003317.gbk
978 57.6 4776424 4777755 genome.dna 2106523 2107828 NC_003317.gbk
197 30.8 4780345 4781184 genome.dna 68700 68013 NC_003317.gbk
755 46.3 4782875 4783885 genome.dna 752480 753467 NC_003317.gbk
483 32.9 4784192 4784938 genome.dna 1639935 1640712 NC_003317.gbk
627 44.7 4786326 4787093 genome.dna 872391 873156 NC_003317.gbk
327 41.0 4814473 4814072 genome.dna 345189 345642 NC_003317.gbk
437 31.3 4826899 4825997 genome.dna 469307 470216 NC_003317.gbk
385 41.9 4834867 4834403 genome.dna 491028 490512 NC_003317.gbk
735 33.3 4859267 4858077 genome.dna 653167 654415 NC_003317.gbk
849 56.8 4859998 4859297 genome.dna 271685 272435 NC_003317.gbk
1069 45.4 4862045 4860771 genome.dna 268969 270349 NC_003317.gbk
1048 53.5 4862968 4862042 genome.dna 268043 268967 NC_003317.gbk
882 39.3 4864237 4863125 genome.dna 1986250 1987357 NC_003317.gbk
676 40.1 4866035 4865178 genome.dna 387250 388162 NC_003317.gbk
641 46.0 4867996 4867325 genome.dna 69758 70418 NC_003317.gbk
1856 44.3 4872230 4874593 genome.dna 50816 48374 NC_003317.gbk
205 38.0 4875073 4874828 genome.dna 34534 34276 NC_003317.gbk
208 30.8 4875290 4875967 genome.dna 52976 53648 NC_003317.gbk
689 40.5 4882515 4883447 genome.dna 1152722 1153640 NC_003317.gbk
931 53.3 4927471 4926491 genome.dna 455881 456739 NC_003317.gbk
1314 63.5 4928387 4927485 genome.dna 454976 455885 NC_003317.gbk
1465 61.2 4929420 4928401 genome.dna 453925 454969 NC_003317.gbk
1465 61.2 4929420 4928401 genome.dna 453925 454969 NC_003317.gbk
308 41.6 4942687 4942274 genome.dna 1824005 1824488 NC_003317.gbk
2844 56.1 4981440 4979023 genome.dna 1860624 1863066 NC_003317.gbk
866 39.7 4983694 4982594 genome.dna 2000848 1999654 NC_003317.gbk
835 34.8 4985096 4983699 genome.dna 2002660 2001076 NC_003317.gbk
770 36.7 4988276 4989640 genome.dna 5525 6854 NC_003317.gbk
866 35.6 5015861 5014662 genome.dna 2070761 2071913 NC_003317.gbk
491 37.9 5017538 5016804 genome.dna 2045088 2044365 NC_003317.gbk
1375 50.3 5026700 5027902 genome.dna 536475 535209 NC_003317.gbk
699 39.5 5031540 5032457 genome.dna 1371691 1370731 NC_003317.gbk
223 32.5 5053946 5053527 genome.dna 263260 263668 NC_003317.gbk
2129 70.6 5055348 5053966 genome.dna 261570 263136 NC_003317.gbk
526 33.9 5056259 5055396 genome.dna 260564 261443 NC_003317.gbk
1252 56.9 5057853 5056312 genome.dna 259013 260543 NC_003317.gbk
214 30.8 5061686 5061066 genome.dna 8987 9629 NC_003317.gbk
2015 50.7 5063659 5061770 genome.dna 7014 8991 NC_003317.gbk
