1550 40.5 5629 7497 genome.dna 733059 734946 NC_003450.gbk
253 42.4 10521 10940 genome.dna 1320951 1321323 NC_003450.gbk
1412 45.4 10948 12453 genome.dna 1317433 1319008 NC_003450.gbk
867 48.7 12461 13429 genome.dna 1319064 1319979 NC_003450.gbk
837 44.7 13455 14342 genome.dna 1320000 1320945 NC_003450.gbk
605 37.7 14538 15464 genome.dna 1431579 1430655 NC_003450.gbk
1216 36.5 25826 28615 genome.dna 1413819 1416462 NC_003450.gbk
1614 51.5 36667 35258 genome.dna 2348829 2350263 NC_003450.gbk
1197 46.1 37037 38860 genome.dna 1144117 1146031 NC_003450.gbk
276 38.2 39698 40135 genome.dna 2020292 2020727 NC_003450.gbk
1155 35.8 47188 45107 genome.dna 1390795 1392919 NC_003450.gbk
430 38.5 50956 50333 genome.dna 1703037 1702407 NC_003450.gbk
1679 58.3 62838 64181 genome.dna 2196082 2194738 NC_003450.gbk
813 30.5 70479 68437 genome.dna 2436839 2434802 NC_003450.gbk
687 31.7 77642 78994 genome.dna 2116915 2118313 NC_003450.gbk
599 37.3 79889 80794 genome.dna 681027 680127 NC_003450.gbk
1820 54.2 87882 86185 genome.dna 2578873 2577229 NC_003450.gbk
1057 60.0 88739 87879 genome.dna 2579761 2578876 NC_003450.gbk
1138 55.1 89680 88736 genome.dna 2580708 2579766 NC_003450.gbk
1588 47.9 91344 89707 genome.dna 2582418 2580708 NC_003450.gbk
545 43.6 97287 96724 genome.dna 3025552 3026143 NC_003450.gbk
399 47.8 110262 109636 genome.dna 3126392 3126995 NC_003450.gbk
307 31.3 111355 110522 genome.dna 544329 543411 NC_003450.gbk
2200 63.2 111626 113161 genome.dna 2981699 2980178 NC_003450.gbk
436 33.9 115831 114374 genome.dna 124970 126353 NC_003450.gbk
824 37.1 140268 141428 genome.dna 3119620 3120883 NC_003450.gbk
723 38.8 157508 156588 genome.dna 2102022 2102949 NC_003450.gbk
822 57.4 162282 162998 genome.dna 2652802 2652064 NC_003450.gbk
293 35.4 165569 165111 genome.dna 2008184 2007734 NC_003450.gbk
793 41.6 166824 165547 genome.dna 1701767 1700504 NC_003450.gbk
260 50.6 167881 168117 genome.dna 925134 924897 NC_003450.gbk
187 51.9 168129 168296 genome.dna 924895 924730 NC_003450.gbk
384 33.7 168516 169325 genome.dna 2189170 2188309 NC_003450.gbk
463 45.2 170854 170375 genome.dna 1393741 1394224 NC_003450.gbk
806 40.4 192775 193791 genome.dna 1384129 1385128 NC_003450.gbk
1573 44.6 199780 202044 genome.dna 1190622 1188384 NC_003450.gbk
984 33.0 212248 209609 genome.dna 1680143 1677383 NC_003450.gbk
523 38.4 217784 218788 genome.dna 1464052 1465126 NC_003450.gbk
334 30.7 218826 219599 genome.dna 1466421 1467375 NC_003450.gbk
1037 40.8 219661 221034 genome.dna 1471476 1472910 NC_003450.gbk
401 38.8 222967 223722 genome.dna 491965 492658 NC_003450.gbk
905 46.4 228573 229595 genome.dna 454966 455986 NC_003450.gbk
263 32.1 245968 247005 genome.dna 419781 420888 NC_003450.gbk
1086 52.6 248939 247989 genome.dna 1050395 1049423 NC_003450.gbk
1920 71.2 250357 251541 genome.dna 526375 527566 NC_003450.gbk
581 65.5 252872 253300 genome.dna 498597 499035 NC_003450.gbk
751 49.3 253304 254008 genome.dna 499161 499872 NC_003450.gbk
219 31.1 254326 254823 genome.dna 509997 510513 NC_003450.gbk
392 55.2 254890 255255 genome.dna 510590 510977 NC_003450.gbk
2015 44.4 255584 259612 genome.dna 512930 516410 NC_003450.gbk
1623 41.3 259736 263959 genome.dna 516493 520495 NC_003450.gbk
1041 37.0 264271 265668 genome.dna 3118284 3119586 NC_003450.gbk
721 48.4 269828 269043 genome.dna 2152333 2153116 NC_003450.gbk
122 34.9 270030 269830 genome.dna 2152134 2152332 NC_003450.gbk
2195 60.9 273440 271446 genome.dna 1371637 1369873 NC_003450.gbk
805 40.5 275283 276347 genome.dna 459971 461096 NC_003450.gbk
1070 42.9 280242 278956 genome.dna 2767421 2766155 NC_003450.gbk
802 42.7 281849 280260 genome.dna 919966 921529 NC_003450.gbk
523 32.7 301263 300298 genome.dna 2731376 2732522 NC_003450.gbk
461 54.9 307589 307137 genome.dna 446086 446524 NC_003450.gbk
920 45.4 310630 309653 genome.dna 2684647 2683624 NC_003450.gbk
1426 45.8 329415 330869 genome.dna 53095 51622 NC_003450.gbk
650 37.9 334964 334107 genome.dna 1687078 1686148 NC_003450.gbk
1094 45.0 345980 347242 genome.dna 2719690 2718433 NC_003450.gbk
448 47.9 352201 352629 genome.dna 594938 595382 NC_003450.gbk
791 50.4 355354 354581 genome.dna 2841075 2841852 NC_003450.gbk
1717 43.2 361542 357046 genome.dna 195239 199772 NC_003450.gbk
550 37.5 372605 373492 genome.dna 943987 944836 NC_003450.gbk
802 33.8 395766 397181 genome.dna 1001325 1002867 NC_003450.gbk
901 50.7 399153 398326 genome.dna 2502578 2501732 NC_003450.gbk
1168 41.4 406489 405197 genome.dna 2481209 2479895 NC_003450.gbk
526 35.3 413001 411592 genome.dna 2813259 2811957 NC_003450.gbk
202 33.3 431880 431494 genome.dna 162474 162870 NC_003450.gbk
487 35.2 433394 432459 genome.dna 1711348 1710409 NC_003450.gbk
610 38.3 435364 434357 genome.dna 1468564 1469524 NC_003450.gbk
1062 40.8 460910 458055 genome.dna 2518346 2515634 NC_003450.gbk
704 32.6 463248 461737 genome.dna 2337235 2338738 NC_003450.gbk
1182 40.7 530287 528905 genome.dna 2832790 2834185 NC_003450.gbk
528 40.4 533382 534971 genome.dna 986510 984860 NC_003450.gbk
714 36.4 543754 544950 genome.dna 1361295 1360164 NC_003450.gbk
260 30.7 563152 564084 genome.dna 714230 715148 NC_003450.gbk
1993 63.5 695973 694534 genome.dna 1585490 1583909 NC_003450.gbk
243 42.7 697176 697469 genome.dna 610347 610647 NC_003450.gbk
1918 58.1 697515 699164 genome.dna 2890541 2888894 NC_003450.gbk
260 31.6 704061 704669 genome.dna 2036748 2037510 NC_003450.gbk
750 37.4 708773 707778 genome.dna 1330967 1329887 NC_003450.gbk
203 33.6 709289 708894 genome.dna 475401 474993 NC_003450.gbk
623 33.4 726542 725589 genome.dna 2072905 2071795 NC_003450.gbk
773 30.9 755031 753277 genome.dna 2401304 2399402 NC_003450.gbk
871 45.3 755628 756641 genome.dna 606904 607939 NC_003450.gbk
211 32.4 757206 756736 genome.dna 1469572 1470043 NC_003450.gbk
510 31.5 761351 760380 genome.dna 494060 495113 NC_003450.gbk
264 37.6 761608 761919 genome.dna 2504603 2504297 NC_003450.gbk
346 65.1 761939 762196 genome.dna 2504248 2503981 NC_003450.gbk
936 41.7 763509 764681 genome.dna 2499512 2498006 NC_003450.gbk
211 34.2 766454 766933 genome.dna 1044295 1043770 NC_003450.gbk
594 39.8 770241 771074 genome.dna 2866568 2865728 NC_003450.gbk
1195 46.2 771082 772419 genome.dna 596108 597452 NC_003450.gbk
314 56.2 783547 783816 genome.dna 2085702 2085432 NC_003450.gbk
1252 43.9 784066 786186 genome.dna 2085190 2082928 NC_003450.gbk
1630 47.0 787369 789282 genome.dna 1209933 1212132 NC_003450.gbk
601 39.4 790407 789398 genome.dna 2447021 2448002 NC_003450.gbk
247 35.6 793333 793875 genome.dna 1300551 1301058 NC_003450.gbk
1156 51.9 839555 838230 genome.dna 1547692 1546303 NC_003450.gbk
680 39.9 839867 840766 genome.dna 1495860 1496775 NC_003450.gbk
1225 41.5 844582 846099 genome.dna 2862083 2860502 NC_003450.gbk
698 44.1 894744 893086 genome.dna 881994 883650 NC_003450.gbk
1023 38.0 908973 907498 genome.dna 122459 120947 NC_003450.gbk
1200 44.8 909308 910588 genome.dna 667770 666456 NC_003450.gbk
375 33.6 912721 911924 genome.dna 2978645 2977844 NC_003450.gbk
402 46.3 927840 927358 genome.dna 846136 846631 NC_003450.gbk
463 30.7 931102 929441 genome.dna 1489102 1490884 NC_003450.gbk
1055 52.5 941591 942676 genome.dna 2610640 2609509 NC_003450.gbk
672 42.4 947612 946671 genome.dna 1396515 1395564 NC_003450.gbk
1350 47.0 955638 953644 genome.dna 1664402 1666505 NC_003450.gbk
224 34.1 957261 956803 genome.dna 2564403 2563929 NC_003450.gbk
476 31.9 985221 986075 genome.dna 229727 228887 NC_003450.gbk
1021 54.6 997695 996727 genome.dna 2721904 2722861 NC_003450.gbk
248 31.5 1014421 1015077 genome.dna 156847 157540 NC_003450.gbk
423 39.3 1062176 1061622 genome.dna 1172399 1171865 NC_003450.gbk
482 35.0 1087227 1087946 genome.dna 3055867 3056635 NC_003450.gbk
1208 62.8 1100443 1101237 genome.dna 899231 898430 NC_003450.gbk
735 46.0 1154052 1153258 genome.dna 2121240 2120355 NC_003450.gbk
774 50.9 1154397 1155122 genome.dna 2140886 2140067 NC_003450.gbk
264 40.6 1155257 1156108 genome.dna 2139827 2138999 NC_003450.gbk
657 44.6 1156279 1157004 genome.dna 2138664 2137932 NC_003450.gbk
539 44.0 1157130 1157687 genome.dna 2137840 2137282 NC_003450.gbk
555 38.7 1157925 1159121 genome.dna 2131078 2129899 NC_003450.gbk
601 41.4 1159320 1160081 genome.dna 2417100 2416368 NC_003450.gbk
367 31.2 1160091 1160948 genome.dna 2137089 2136231 NC_003450.gbk
466 41.8 1168997 1169593 genome.dna 2147231 2146562 NC_003450.gbk
2017 35.5 1169670 1173152 genome.dna 2251940 2248355 NC_003450.gbk
392 53.1 1211683 1212024 genome.dna 1111888 1112233 NC_003450.gbk
313 33.4 1215431 1214538 genome.dna 2186208 2185347 NC_003450.gbk
551 40.9 1260789 1261478 genome.dna 790731 791412 NC_003450.gbk
632 34.4 1265611 1266930 genome.dna 2445716 2446997 NC_003450.gbk
1593 51.2 1267070 1268446 genome.dna 1209615 1208208 NC_003450.gbk
504 39.4 1272920 1274065 genome.dna 247318 248575 NC_003450.gbk
409 43.1 1278470 1278919 genome.dna 2035880 2035427 NC_003450.gbk
519 38.3 1278982 1280091 genome.dna 1693258 1692271 NC_003450.gbk
293 41.0 1280201 1280677 genome.dna 1690345 1689865 NC_003450.gbk
383 31.9 1281190 1282170 genome.dna 1387337 1388327 NC_003450.gbk
1246 36.8 1284598 1282733 genome.dna 2005309 2003398 NC_003450.gbk
454 31.3 1292157 1291267 genome.dna 1663598 1662626 NC_003450.gbk
375 34.5 1293119 1292505 genome.dna 2325888 2325270 NC_003450.gbk
1472 39.9 1295100 1293109 genome.dna 2672815 2671060 NC_003450.gbk
693 54.2 1301367 1301990 genome.dna 2555941 2555314 NC_003450.gbk
1639 59.6 1302154 1303428 genome.dna 2530762 2529481 NC_003450.gbk
843 36.4 1316909 1318201 genome.dna 1676623 1675264 NC_003450.gbk
426 37.4 1319182 1318319 genome.dna 1765860 1765011 NC_003450.gbk
126 32.7 1320316 1319996 genome.dna 160028 160373 NC_003450.gbk
245 43.0 1322693 1322445 genome.dna 927473 927740 NC_003450.gbk
284 38.2 1329039 1329440 genome.dna 3222722 3223154 NC_003450.gbk
415 40.0 1329655 1330212 genome.dna 1755479 1754921 NC_003450.gbk
242 38.3 1332403 1332732 genome.dna 260986 261298 NC_003450.gbk
369 43.1 1332732 1333337 genome.dna 261401 262058 NC_003450.gbk
416 38.5 1335658 1336302 genome.dna 570773 571319 NC_003450.gbk
333 38.8 1352428 1351949 genome.dna 390160 390733 NC_003450.gbk
140 31.2 1357212 1356757 genome.dna 1620097 1619668 NC_003450.gbk
1467 44.0 1363499 1366138 genome.dna 11830 14401 NC_003450.gbk
458 37.6 1376426 1377313 genome.dna 2255568 2254680 NC_003450.gbk
592 48.2 1381835 1382692 genome.dna 485062 484102 NC_003450.gbk
395 42.2 1426894 1426256 genome.dna 919365 919959 NC_003450.gbk
1068 47.8 1427931 1426894 genome.dna 2745955 2744878 NC_003450.gbk
561 42.8 1428285 1428911 genome.dna 699280 699916 NC_003450.gbk
577 39.1 1429248 1430537 genome.dna 2048606 2047316 NC_003450.gbk
313 46.4 1431761 1431390 genome.dna 1141245 1140897 NC_003450.gbk
434 43.4 1433876 1433409 genome.dna 2633591 2634068 NC_003450.gbk
529 36.1 1434853 1435731 genome.dna 2080183 2079277 NC_003450.gbk
732 39.6 1458435 1457257 genome.dna 2534201 2535428 NC_003450.gbk
639 50.0 1459094 1458447 genome.dna 2532602 2531966 NC_003450.gbk
339 37.5 1459750 1459094 genome.dna 2533354 2532601 NC_003450.gbk
289 61.5 1468125 1468334 genome.dna 186507 186711 NC_003450.gbk
289 66.2 1468125 1468334 genome.dna 322006 322210 NC_003450.gbk
780 40.6 1470427 1469462 genome.dna 2342304 2343351 NC_003450.gbk
285 34.5 1479078 1478437 genome.dna 2493155 2492498 NC_003450.gbk
680 37.4 1483266 1480684 genome.dna 3222634 3219775 NC_003450.gbk
993 62.9 1484840 1484115 genome.dna 2059749 2060502 NC_003450.gbk
913 47.4 1492026 1490968 genome.dna 2421950 2420897 NC_003450.gbk
1019 34.6 1493774 1492350 genome.dna 2059432 2057851 NC_003450.gbk
533 37.1 1502595 1501795 genome.dna 2814038 2813276 NC_003450.gbk
281 31.9 1506798 1506349 genome.dna 2412992 2413427 NC_003450.gbk
1945 62.4 1512651 1514294 genome.dna 2690051 2688386 NC_003450.gbk
501 34.3 1528762 1530255 genome.dna 644001 642552 NC_003450.gbk
409 34.3 1531148 1531804 genome.dna 1057850 1057196 NC_003450.gbk
644 41.5 1532732 1533469 genome.dna 1058598 1057839 NC_003450.gbk
1352 49.4 1536355 1535069 genome.dna 877837 879151 NC_003450.gbk
930 40.9 1544898 1546064 genome.dna 2726578 2725381 NC_003450.gbk
972 51.7 1546064 1546936 genome.dna 2725360 2724475 NC_003450.gbk
573 31.7 1549251 1550390 genome.dna 1202088 1201086 NC_003450.gbk
617 39.7 1561588 1560626 genome.dna 1345485 1346442 NC_003450.gbk
1172 52.4 1561884 1562939 genome.dna 1046609 1047710 NC_003450.gbk
857 53.6 1563766 1563014 genome.dna 425176 425923 NC_003450.gbk
683 39.8 1573036 1572017 genome.dna 2022958 2023948 NC_003450.gbk
211 30.0 1576123 1576893 genome.dna 230514 229707 NC_003450.gbk
688 30.5 1598005 1595975 genome.dna 946839 948672 NC_003450.gbk
426 43.7 1600255 1600836 genome.dna 3037412 3036842 NC_003450.gbk
946 36.0 1633374 1634744 genome.dna 783183 784560 NC_003450.gbk
1118 58.9 1637078 1636206 genome.dna 348952 348094 NC_003450.gbk
1747 56.1 1638449 1639855 genome.dna 1531792 1530337 NC_003450.gbk
1828 55.0 1652381 1653892 genome.dna 170932 172447 NC_003450.gbk
1244 44.8 1654089 1656020 genome.dna 173364 175278 NC_003450.gbk
816 43.2 1656775 1657761 genome.dna 3264142 3265150 NC_003450.gbk
504 31.9 1661611 1662744 genome.dna 182818 184054 NC_003450.gbk
271 34.1 1665648 1666472 genome.dna 172467 173358 NC_003450.gbk
465 31.6 1734028 1732952 genome.dna 2227905 2228904 NC_003450.gbk
458 32.7 1742860 1743672 genome.dna 651288 650388 NC_003450.gbk
761 45.0 1751217 1749904 genome.dna 70186 68716 NC_003450.gbk
1266 38.9 1800077 1801579 genome.dna 3274075 3272560 NC_003450.gbk
1079 40.7 1803146 1801686 genome.dna 103502 104912 NC_003450.gbk
722 35.3 1830416 1829217 genome.dna 2925148 2923951 NC_003450.gbk
1101 47.3 1847037 1842241 genome.dna 900042 904605 NC_003450.gbk
211 31.3 2005949 2005503 genome.dna 905388 905799 NC_003450.gbk
203 46.9 2010635 2010913 genome.dna 2183391 2183106 NC_003450.gbk
614 36.8 2021483 2019963 genome.dna 2464344 2465772 NC_003450.gbk
974 43.8 2028974 2027880 genome.dna 3246932 3245819 NC_003450.gbk
725 43.7 2038594 2039550 genome.dna 331551 332436 NC_003450.gbk
479 34.2 2044045 2044779 genome.dna 302166 303102 NC_003450.gbk
543 36.3 2050132 2050929 genome.dna 962808 963642 NC_003450.gbk
821 35.1 2053746 2055224 genome.dna 1307384 1305920 NC_003450.gbk
1839 36.7 2070405 2066956 genome.dna 1019074 1022719 NC_003450.gbk
417 32.7 2074702 2075532 genome.dna 658154 658931 NC_003450.gbk
170 33.7 2076838 2077179 genome.dna 2164389 2164740 NC_003450.gbk
453 34.1 2077218 2077982 genome.dna 2225148 2225952 NC_003450.gbk
401 45.3 2079241 2079792 genome.dna 2753805 2753325 NC_003450.gbk
514 48.8 2085741 2085214 genome.dna 2630636 2631140 NC_003450.gbk
744 33.3 2088494 2089945 genome.dna 2111237 2112662 NC_003450.gbk
719 39.1 2091759 2090755 genome.dna 691722 690702 NC_003450.gbk
731 33.8 2099496 2097796 genome.dna 2438113 2439910 NC_003450.gbk
1088 39.2 2112831 2114330 genome.dna 1652875 1651429 NC_003450.gbk
743 49.8 2114428 2115174 genome.dna 1650122 1649363 NC_003450.gbk
1155 43.7 2116495 2117718 genome.dna 1649362 1648096 NC_003450.gbk
1165 42.3 2121733 2120321 genome.dna 2207092 2205664 NC_003450.gbk
919 32.7 2123556 2125457 genome.dna 2811807 2809821 NC_003450.gbk
404 37.8 2153926 2154558 genome.dna 3136492 3135853 NC_003450.gbk
355 32.0 2161860 2161087 genome.dna 119589 118806 NC_003450.gbk
390 36.5 2181519 2182154 genome.dna 1692271 1691635 NC_003450.gbk
1230 47.0 2192856 2194133 genome.dna 1476549 1477812 NC_003450.gbk
1788 54.0 2198282 2200954 genome.dna 1626278 1629110 NC_003450.gbk
2382 54.4 2221311 2219248 genome.dna 668188 670468 NC_003450.gbk
1168 42.6 2227418 2225106 genome.dna 546889 544753 NC_003450.gbk
569 52.2 2258625 2258122 genome.dna 1134551 1135058 NC_003450.gbk
3100 48.4 2275609 2279496 genome.dna 2031477 2035386 NC_003450.gbk
445 32.3 2298807 2297113 genome.dna 926878 925321 NC_003450.gbk
561 30.7 2300071 2298971 genome.dna 1129654 1130707 NC_003450.gbk
391 33.2 2306210 2305560 genome.dna 2123848 2123215 NC_003450.gbk
696 33.8 2308348 2309736 genome.dna 1253891 1252553 NC_003450.gbk
3948 46.8 2310451 2314227 genome.dna 1252537 1248790 NC_003450.gbk
2040 58.2 2314227 2315807 genome.dna 1248791 1247195 NC_003450.gbk
394 34.8 2316519 2317223 genome.dna 1246496 1245716 NC_003450.gbk
165 32.5 2324296 2324544 genome.dna 3141970 3141706 NC_003450.gbk
564 32.4 2336847 2335354 genome.dna 830985 829623 NC_003450.gbk
1142 42.2 2336995 2338260 genome.dna 501576 502923 NC_003450.gbk
588 44.2 2351826 2352485 genome.dna 649114 648436 NC_003450.gbk
999 40.6 2359305 2358133 genome.dna 685108 686383 NC_003450.gbk
574 32.1 2362568 2361327 genome.dna 2938403 2939771 NC_003450.gbk
857 45.9 2446859 2448127 genome.dna 986738 988010 NC_003450.gbk
630 37.6 2449772 2450872 genome.dna 988903 989983 NC_003450.gbk
598 44.4 2450865 2451701 genome.dna 989979 990708 NC_003450.gbk
600 44.3 2451703 2452401 genome.dna 990715 991417 NC_003450.gbk
977 58.4 2455912 2455088 genome.dna 1395561 1394796 NC_003450.gbk
940 38.1 2460964 2459636 genome.dna 738529 737212 NC_003450.gbk
707 35.5 2463282 2462086 genome.dna 702080 703265 NC_003450.gbk
468 35.1 2472640 2473437 genome.dna 842296 841513 NC_003450.gbk
1117 49.2 2487322 2486231 genome.dna 1084379 1085465 NC_003450.gbk
364 39.6 2488039 2487452 genome.dna 992028 991413 NC_003450.gbk
851 43.2 2489732 2488785 genome.dna 998440 997462 NC_003450.gbk
919 42.9 2492889 2493971 genome.dna 1267429 1268506 NC_003450.gbk
625 37.8 2530749 2531648 genome.dna 1329014 1329887 NC_003450.gbk
599 42.6 2552084 2552833 genome.dna 2335787 2335025 NC_003450.gbk
916 32.0 2556170 2554698 genome.dna 402798 404433 NC_003450.gbk
529 37.5 2559421 2558525 genome.dna 478973 478088 NC_003450.gbk
949 38.4 2559536 2560804 genome.dna 3128492 3129743 NC_003450.gbk
1337 48.5 2563367 2561970 genome.dna 1063617 1062207 NC_003450.gbk
479 35.7 2563607 2564779 genome.dna 785642 786827 NC_003450.gbk
752 39.9 2566550 2567527 genome.dna 1549402 1550401 NC_003450.gbk
935 45.1 2570445 2569453 genome.dna 3247228 3248209 NC_003450.gbk
465 30.4 2571743 2570592 genome.dna 179688 180714 NC_003450.gbk
1431 47.6 2602958 2604520 genome.dna 3233403 3234960 NC_003450.gbk
778 43.0 2605113 2606180 genome.dna 3235602 3236649 NC_003450.gbk
1110 42.0 2606188 2607555 genome.dna 3236641 3238066 NC_003450.gbk
1754 66.3 2607572 2608762 genome.dna 3238082 3239336 NC_003450.gbk
842 48.6 2608762 2609568 genome.dna 3239332 3240175 NC_003450.gbk
822 43.7 2628084 2627089 genome.dna 2824274 2825345 NC_003450.gbk
582 37.7 2639766 2638855 genome.dna 934374 935322 NC_003450.gbk
200 30.5 2642181 2642648 genome.dna 1515794 1515404 NC_003450.gbk
647 40.8 2642732 2643580 genome.dna 405419 404504 NC_003450.gbk
706 47.3 2645012 2644386 genome.dna 687350 688010 NC_003450.gbk
255 35.1 2652833 2653480 genome.dna 2632543 2633104 NC_003450.gbk
325 41.7 2654386 2653967 genome.dna 1999541 1999952 NC_003450.gbk
1063 52.0 2654735 2655739 genome.dna 1683625 1682620 NC_003450.gbk
1076 33.2 2683421 2681736 genome.dna 423793 422086 NC_003450.gbk
791 33.8 2687417 2685498 genome.dna 2665860 2667858 NC_003450.gbk
456 40.9 2701066 2701629 genome.dna 1548779 1549352 NC_003450.gbk
372 33.0 2702630 2701800 genome.dna 1159864 1160731 NC_003450.gbk
289 63.1 2702947 2702738 genome.dna 186507 186711 NC_003450.gbk
475 31.6 2706704 2707561 genome.dna 29965 29113 NC_003450.gbk
431 33.3 2712101 2712862 genome.dna 563736 562989 NC_003450.gbk
733 31.6 2722186 2723580 genome.dna 2699580 2698191 NC_003450.gbk
904 53.8 2724246 2725070 genome.dna 2681546 2682380 NC_003450.gbk
1123 35.1 2726216 2727934 genome.dna 1024666 1022695 NC_003450.gbk
821 35.0 2731236 2728849 genome.dna 1458111 1460619 NC_003450.gbk
883 43.2 2732234 2731251 genome.dna 1457031 1458069 NC_003450.gbk
445 59.0 2732903 2732547 genome.dna 1448644 1449028 NC_003450.gbk
130 46.2 2733144 2732947 genome.dna 1448389 1448584 NC_003450.gbk
557 50.6 2733782 2733240 genome.dna 1447791 1448361 NC_003450.gbk
947 38.3 2735713 2733785 genome.dna 1772384 1770323 NC_003450.gbk
691 35.2 2757088 2758194 genome.dna 1303828 1304926 NC_003450.gbk
323 32.5 2788070 2787564 genome.dna 2674804 2675293 NC_003450.gbk
1140 39.6 2791079 2789028 genome.dna 2761650 2759529 NC_003450.gbk
1408 56.8 2791280 2792458 genome.dna 2944236 2943009 NC_003450.gbk
1103 41.9 2794931 2793456 genome.dna 1667859 1669404 NC_003450.gbk
1194 53.5 2809298 2808294 genome.dna 1762507 1761415 NC_003450.gbk
364 34.1 2809923 2809306 genome.dna 1763134 1762513 NC_003450.gbk
760 49.6 2811487 2810744 genome.dna 1764742 1763986 NC_003450.gbk
1591 45.5 2813755 2811956 genome.dna 1734811 1732984 NC_003450.gbk
648 40.2 2859653 2858643 genome.dna 1600691 1601807 NC_003450.gbk
410 35.4 2869134 2868487 genome.dna 1749963 1749321 NC_003450.gbk
134 49.0 2884347 2884165 genome.dna 1476342 1476522 NC_003450.gbk
932 54.6 2891958 2891200 genome.dna 854723 855479 NC_003450.gbk
780 39.0 2892962 2891955 genome.dna 853611 854727 NC_003450.gbk
1109 52.3 2893911 2892949 genome.dna 852617 853619 NC_003450.gbk
344 35.1 2916384 2917283 genome.dna 1586445 1585599 NC_003450.gbk
802 35.0 2917289 2918617 genome.dna 2218925 2217596 NC_003450.gbk
489 31.1 2918614 2919687 genome.dna 2217591 2216490 NC_003450.gbk
309 36.6 2920770 2921360 genome.dna 2213273 2212637 NC_003450.gbk
507 37.2 2921367 2922104 genome.dna 2212619 2211878 NC_003450.gbk
711 44.8 2922086 2922862 genome.dna 2211046 2210269 NC_003450.gbk
1014 38.8 2925698 2924025 genome.dna 1421098 1422559 NC_003450.gbk
524 40.9 2926492 2925815 genome.dna 1504237 1504948 NC_003450.gbk
517 34.1 2928002 2926713 genome.dna 802479 801186 NC_003450.gbk
772 36.5 2975613 2974318 genome.dna 3095344 3094075 NC_003450.gbk
1121 46.2 2977060 2975717 genome.dna 1731542 1730162 NC_003450.gbk
333 36.4 2981911 2981417 genome.dna 276763 276298 NC_003450.gbk
933 46.3 2982496 2983455 genome.dna 3300371 3301325 NC_003450.gbk
326 65.3 2988043 2988261 genome.dna 573406 573625 NC_003450.gbk
959 39.3 2992855 2990582 genome.dna 2846941 2844163 NC_003450.gbk
539 31.7 2999998 3001434 genome.dna 640952 642560 NC_003450.gbk
433 31.3 3016080 3015361 genome.dna 3022929 3022110 NC_003450.gbk
413 37.6 3019705 3020373 genome.dna 405473 406148 NC_003450.gbk
414 40.4 3046334 3045672 genome.dna 2867189 2866583 NC_003450.gbk
706 35.9 3050037 3051158 genome.dna 335008 336115 NC_003450.gbk
485 33.0 3064423 3065496 genome.dna 16132 15205 NC_003450.gbk
962 40.3 3068393 3066702 genome.dna 2043507 2045574 NC_003450.gbk
232 32.7 3069350 3068412 genome.dna 2042518 2043511 NC_003450.gbk
304 33.5 3102771 3102235 genome.dna 57270 56676 NC_003450.gbk
584 39.6 3106945 3107832 genome.dna 618995 618089 NC_003450.gbk
293 35.1 3108684 3109187 genome.dna 3201755 3201257 NC_003450.gbk
257 32.2 3129712 3129173 genome.dna 2441590 2441002 NC_003450.gbk
894 50.8 3148240 3147401 genome.dna 681846 681036 NC_003450.gbk
670 37.1 3149284 3148253 genome.dna 682871 681842 NC_003450.gbk
781 40.5 3150266 3149277 genome.dna 531791 530744 NC_003450.gbk
433 33.4 3151270 3150263 genome.dna 352692 353640 NC_003450.gbk
477 51.3 3155863 3155369 genome.dna 227685 227214 NC_003450.gbk
602 34.9 3157424 3156435 genome.dna 1262818 1261684 NC_003450.gbk
413 31.2 3157972 3158883 genome.dna 1686132 1685106 NC_003450.gbk
2416 56.1 3161386 3159374 genome.dna 1434041 1436204 NC_003450.gbk
679 38.1 3166099 3165062 genome.dna 74489 75494 NC_003450.gbk
1368 49.3 3166195 3167499 genome.dna 2770714 2771986 NC_003450.gbk
1499 43.3 3178327 3176426 genome.dna 2103972 2105706 NC_003450.gbk
263 30.1 3185100 3184360 genome.dna 168595 167833 NC_003450.gbk
904 40.0 3185328 3186677 genome.dna 2160537 2159283 NC_003450.gbk
226 30.8 3228583 3228035 genome.dna 2071142 2070515 NC_003450.gbk
250 33.3 3230474 3228642 genome.dna 1689190 1687099 NC_003450.gbk
1961 65.1 3233243 3234655 genome.dna 490579 491941 NC_003450.gbk
322 30.4 3278435 3279220 genome.dna 2618072 2618873 NC_003450.gbk
757 37.0 3290769 3289561 genome.dna 1297211 1298342 NC_003450.gbk
1562 53.6 3306810 3308309 genome.dna 1552586 1553975 NC_003450.gbk
779 38.7 3312061 3311105 genome.dna 2459371 2460340 NC_003450.gbk
675 34.9 3314908 3313691 genome.dna 114092 115481 NC_003450.gbk
249 38.6 3333853 3334194 genome.dna 3249523 3249184 NC_003450.gbk
604 37.7 3336744 3335911 genome.dna 2111183 2110430 NC_003450.gbk
743 33.2 3352107 3353684 genome.dna 1203632 1202090 NC_003450.gbk
251 35.8 3355116 3355481 genome.dna 115577 115946 NC_003450.gbk
224 31.0 3360862 3360233 genome.dna 3250758 3251409 NC_003450.gbk
477 41.3 3364794 3365690 genome.dna 2927547 2926704 NC_003450.gbk
1731 61.6 3389494 3390708 genome.dna 3030669 3031983 NC_003450.gbk
1093 46.1 3395711 3396913 genome.dna 2936506 2935312 NC_003450.gbk
592 38.7 3409858 3408341 genome.dna 2747628 2746080 NC_003450.gbk
244 30.2 3412525 3411257 genome.dna 2515488 2514111 NC_003450.gbk
297 36.9 3415469 3414618 genome.dna 577041 577926 NC_003450.gbk
348 34.1 3416479 3415469 genome.dna 270659 271694 NC_003450.gbk
489 35.1 3425582 3424782 genome.dna 151589 152372 NC_003450.gbk
202 36.4 3427528 3426443 genome.dna 1720898 1719665 NC_003450.gbk
1531 47.5 3443783 3442200 genome.dna 2115363 2113860 NC_003450.gbk
366 34.9 3454778 3454008 genome.dna 2797820 2798513 NC_003450.gbk
1112 51.8 3457211 3458236 genome.dna 2971017 2972061 NC_003450.gbk
301 38.7 3500331 3500732 genome.dna 2351311 2350909 NC_003450.gbk
1554 59.5 3514279 3513113 genome.dna 381947 383111 NC_003450.gbk
744 43.0 3516455 3517318 genome.dna 661165 662020 NC_003450.gbk
1172 42.2 3519048 3517663 genome.dna 2809779 2808396 NC_003450.gbk
498 51.3 3521609 3522118 genome.dna 735401 735899 NC_003450.gbk
313 30.5 3522115 3523185 genome.dna 731856 733020 NC_003450.gbk
1130 47.0 3525014 3526381 genome.dna 1744883 1746233 NC_003450.gbk
436 51.7 3537011 3536586 genome.dna 24294 24732 NC_003450.gbk
674 30.1 3537873 3539351 genome.dna 238217 239528 NC_003450.gbk
1738 45.6 3556399 3554642 genome.dna 957398 955682 NC_003450.gbk
748 41.3 3557435 3556470 genome.dna 111373 112321 NC_003450.gbk
810 34.9 3566972 3568372 genome.dna 178284 179661 NC_003450.gbk
203 34.5 3571239 3571790 genome.dna 1087544 1087040 NC_003450.gbk
728 48.2 3578361 3577567 genome.dna 1542922 1542115 NC_003450.gbk
382 30.3 3583245 3582508 genome.dna 1378415 1377662 NC_003450.gbk
1596 48.1 3590632 3589055 genome.dna 620003 621575 NC_003450.gbk
1360 52.2 3592205 3590739 genome.dna 615335 616856 NC_003450.gbk
590 32.7 3592378 3593766 genome.dna 1077183 1075929 NC_003450.gbk
519 36.2 3599984 3598497 genome.dna 1504944 1506576 NC_003450.gbk
1084 42.6 3603229 3601955 genome.dna 1749276 1747986 NC_003450.gbk
987 44.7 3604488 3603367 genome.dna 2128528 2127346 NC_003450.gbk
723 36.2 3607701 3606505 genome.dna 2135551 2134450 NC_003450.gbk
366 44.4 3608433 3608005 genome.dna 2512357 2511946 NC_003450.gbk
518 34.5 3611852 3612721 genome.dna 1501709 1502579 NC_003450.gbk
190 35.7 3616630 3616295 genome.dna 562963 562642 NC_003450.gbk
1357 50.1 3635387 3634134 genome.dna 1050623 1051928 NC_003450.gbk
532 33.5 3635748 3636938 genome.dna 3027300 3026139 NC_003450.gbk
458 56.2 3640872 3640534 genome.dna 2172086 2171747 NC_003450.gbk
441 45.0 3651787 3651263 genome.dna 243433 243913 NC_003450.gbk
627 37.9 3682691 3681786 genome.dna 2418884 2417966 NC_003450.gbk
484 42.3 3683368 3682688 genome.dna 2189906 2189162 NC_003450.gbk
179 32.8 3684626 3683661 genome.dna 2148046 2147257 NC_003450.gbk
2130 54.9 3686442 3684643 genome.dna 2484393 2482545 NC_003450.gbk
349 43.7 3694571 3695257 genome.dna 1388326 1389076 NC_003450.gbk
505 32.0 3700404 3701453 genome.dna 1598666 1599617 NC_003450.gbk
318 46.6 3714535 3714188 genome.dna 2330928 2330583 NC_003450.gbk
1260 48.8 3714803 3716083 genome.dna 462565 463870 NC_003450.gbk
227 31.6 3732230 3732727 genome.dna 2865344 2864864 NC_003450.gbk
668 41.3 3732844 3733638 genome.dna 127998 127188 NC_003450.gbk
685 46.8 3733793 3734647 genome.dna 127189 126349 NC_003450.gbk
340 42.9 3734665 3735045 genome.dna 147980 147569 NC_003450.gbk
517 33.0 3736813 3735875 genome.dna 1003012 1003933 NC_003450.gbk
593 50.6 3738313 3737777 genome.dna 2870463 2869860 NC_003450.gbk
303 56.0 3744803 3745042 genome.dna 2680650 2680416 NC_003450.gbk
495 53.1 3745052 3745459 genome.dna 2680128 2679681 NC_003450.gbk
3516 72.4 3745456 3747603 genome.dna 2679623 2677475 NC_003450.gbk
1595 73.2 3747628 3748590 genome.dna 2674340 2673335 NC_003450.gbk
2655 54.1 3762599 3760023 genome.dna 2966162 2963603 NC_003450.gbk
434 36.2 3763458 3762733 genome.dna 2278860 2278119 NC_003450.gbk
489 36.8 3764478 3763501 genome.dna 2260932 2259999 NC_003450.gbk
398 55.9 3773009 3772662 genome.dna 2149972 2149630 NC_003450.gbk
462 36.3 3773827 3773072 genome.dna 2163071 2162192 NC_003450.gbk
842 45.5 3776200 3774839 genome.dna 2169584 2167940 NC_003450.gbk
1186 42.2 3784972 3782345 genome.dna 1730048 1727381 NC_003450.gbk
1363 60.1 3786717 3785644 genome.dna 2065116 2063985 NC_003450.gbk
1088 41.6 3882715 3881462 genome.dna 2495635 2494336 NC_003450.gbk
788 38.9 3883829 3882726 genome.dna 2497777 2496667 NC_003450.gbk
324 30.8 3890258 3889458 genome.dna 520864 521647 NC_003450.gbk
880 40.2 3908071 3909228 genome.dna 861591 862755 NC_003450.gbk
554 32.1 3918901 3920391 genome.dna 1311624 1313118 NC_003450.gbk
885 45.2 3952362 3953393 genome.dna 650193 649110 NC_003450.gbk
809 38.9 3956293 3958011 genome.dna 2107564 2105797 NC_003450.gbk
310 34.8 3963052 3962555 genome.dna 2828384 2827901 NC_003450.gbk
260 33.6 3963804 3963091 genome.dna 2829147 2828376 NC_003450.gbk
1173 46.6 3969453 3967963 genome.dna 3001540 3000238 NC_003450.gbk
845 46.8 3970373 3969465 genome.dna 3002454 3001539 NC_003450.gbk
319 31.2 3972869 3972135 genome.dna 3003146 3002450 NC_003450.gbk
1578 59.4 4001743 4000448 genome.dna 1034948 1036226 NC_003450.gbk
1870 55.0 4003479 4001842 genome.dna 1493512 1495177 NC_003450.gbk
1655 36.1 4007080 4004843 genome.dna 1754894 1752611 NC_003450.gbk
639 37.8 4012636 4011491 genome.dna 2196882 2198007 NC_003450.gbk
1544 40.1 4027241 4025196 genome.dna 1308329 1310372 NC_003450.gbk
495 35.1 4036522 4035704 genome.dna 1598623 1597741 NC_003450.gbk
498 50.3 4039680 4040210 genome.dna 2872926 2873403 NC_003450.gbk
565 42.0 4046883 4047521 genome.dna 3126146 3125492 NC_003450.gbk
310 42.5 4059399 4059037 genome.dna 846631 846985 NC_003450.gbk
294 37.5 4059979 4059527 genome.dna 3183928 3183475 NC_003450.gbk
196 44.1 4060248 4060021 genome.dna 924407 924155 NC_003450.gbk
164 30.7 4064375 4065496 genome.dna 3202952 3204104 NC_003450.gbk
502 35.3 4077711 4078532 genome.dna 434876 435698 NC_003450.gbk
478 43.6 4079441 4080034 genome.dna 2652038 2651417 NC_003450.gbk
558 33.1 4080027 4081166 genome.dna 2425961 2424962 NC_003450.gbk
194 31.1 4086876 4086421 genome.dna 2939907 2940456 NC_003450.gbk
376 30.7 4102382 4101120 genome.dna 1239928 1241266 NC_003450.gbk
673 38.1 4114259 4113273 genome.dna 1661568 1662555 NC_003450.gbk
1035 36.8 4114440 4115846 genome.dna 3182867 3181334 NC_003450.gbk
562 32.2 4115888 4116970 genome.dna 600970 602056 NC_003450.gbk
3461 55.1 4139901 4137067 genome.dna 1442486 1445336 NC_003450.gbk
264 32.0 4140147 4140710 genome.dna 3184662 3183984 NC_003450.gbk
399 36.4 4196148 4196876 genome.dna 29994 30654 NC_003450.gbk
381 30.8 4199525 4198710 genome.dna 2037814 2038594 NC_003450.gbk
737 47.8 4216300 4217559 genome.dna 3241852 3240310 NC_003450.gbk
874 35.8 4231793 4230366 genome.dna 387691 389101 NC_003450.gbk
3042 51.1 4236582 4233919 genome.dna 2379979 2382748 NC_003450.gbk
665 44.5 4244964 4245854 genome.dna 1117744 1116904 NC_003450.gbk
423 37.8 4250722 4251348 genome.dna 1425278 1425881 NC_003450.gbk
240 34.1 4252799 4252404 genome.dna 1207223 1206827 NC_003450.gbk
995 49.8 4255592 4252890 genome.dna 796249 798787 NC_003450.gbk
1058 47.4 4258960 4257809 genome.dna 2280216 2278887 NC_003450.gbk
837 37.7 4263557 4262097 genome.dna 2282624 2281163 NC_003450.gbk
626 35.2 4264711 4263620 genome.dna 2283750 2282658 NC_003450.gbk
477 31.6 4267226 4265910 genome.dna 2286853 2285434 NC_003450.gbk
597 40.2 4268312 4267230 genome.dna 2287960 2286859 NC_003450.gbk
518 34.3 4269667 4268306 genome.dna 2289511 2287966 NC_003450.gbk
820 35.8 4271151 4269664 genome.dna 2291086 2289520 NC_003450.gbk
523 35.6 4274186 4273242 genome.dna 2295128 2294114 NC_003450.gbk
248 36.2 4274647 4274189 genome.dna 2295805 2295373 NC_003450.gbk
369 41.0 4277861 4277370 genome.dna 1340024 1340543 NC_003450.gbk
1662 44.2 4279582 4277864 genome.dna 1338130 1340011 NC_003450.gbk
690 42.9 4283764 4284855 genome.dna 1353488 1354511 NC_003450.gbk
1832 57.8 4284858 4286258 genome.dna 1380439 1381885 NC_003450.gbk
576 47.0 4286272 4286874 genome.dna 1381901 1382495 NC_003450.gbk
490 35.2 4319027 4319845 genome.dna 964973 965855 NC_003450.gbk
275 38.1 4323873 4323391 genome.dna 898434 897975 NC_003450.gbk
2450 52.6 4330684 4327460 genome.dna 1707697 1704355 NC_003450.gbk
584 45.0 4331847 4330699 genome.dna 1708884 1707702 NC_003450.gbk
1016 50.2 4334402 4333452 genome.dna 1077296 1078274 NC_003450.gbk
225 31.7 4335368 4334856 genome.dna 2261513 2260931 NC_003450.gbk
453 32.7 4339154 4338213 genome.dna 2087941 2086915 NC_003450.gbk
208 41.9 4339580 4339843 genome.dna 2485473 2485737 NC_003450.gbk
1004 41.0 4343498 4342359 genome.dna 2423846 2422697 NC_003450.gbk
1857 52.8 4345514 4343607 genome.dna 2986398 2984541 NC_003450.gbk
1930 53.0 4365488 4367155 genome.dna 2597716 2596045 NC_003450.gbk
887 42.8 4370220 4371221 genome.dna 3206233 3205219 NC_003450.gbk
259 34.6 4376373 4375759 genome.dna 1328953 1328242 NC_003450.gbk
834 41.0 4378640 4377564 genome.dna 2955273 2954238 NC_003450.gbk
727 41.9 4379941 4378778 genome.dna 1682404 1681186 NC_003450.gbk
1046 56.6 4388480 4389631 genome.dna 1700397 1699173 NC_003450.gbk
1351 47.9 4398393 4397095 genome.dna 2951724 2950431 NC_003450.gbk
911 40.4 4402445 4401165 genome.dna 2050107 2048646 NC_003450.gbk
667 39.0 4403893 4402952 genome.dna 2053586 2052680 NC_003450.gbk
158 34.1 4408042 4407560 genome.dna 602079 602577 NC_003450.gbk
425 33.7 4419630 4418704 genome.dna 2496608 2495693 NC_003450.gbk
1055 47.4 4422828 4421779 genome.dna 348019 346957 NC_003450.gbk
529 46.9 4435345 4434803 genome.dna 2618882 2619542 NC_003450.gbk
465 40.1 4448185 4447619 genome.dna 1716692 1716128 NC_003450.gbk
1806 52.3 4451372 4449723 genome.dna 909378 907755 NC_003450.gbk
1017 31.9 4464530 4460847 genome.dna 1591235 1587569 NC_003450.gbk
1632 56.8 4468982 4467675 genome.dna 2470740 2472039 NC_003450.gbk
351 39.9 4477982 4478530 genome.dna 132423 132984 NC_003450.gbk
361 42.3 4482450 4482959 genome.dna 1696972 1696462 NC_003450.gbk
636 39.9 4482986 4483933 genome.dna 1696443 1695495 NC_003450.gbk
268 38.0 4486815 4487225 genome.dna 932974 932566 NC_003450.gbk
801 44.1 4489098 4488109 genome.dna 575337 576354 NC_003450.gbk
556 44.2 4489744 4489124 genome.dna 574614 575220 NC_003450.gbk
511 59.5 4490164 4489775 genome.dna 574186 574591 NC_003450.gbk
412 53.0 4490537 4490181 genome.dna 573815 574184 NC_003450.gbk
1138 43.7 4492165 4490834 genome.dna 569451 570774 NC_003450.gbk
272 37.8 4492607 4492173 genome.dna 557564 558011 NC_003450.gbk
198 54.5 4492790 4492611 genome.dna 557372 557558 NC_003450.gbk
333 49.6 4493665 4493312 genome.dna 556288 556693 NC_003450.gbk
486 41.7 4494208 4493675 genome.dna 555748 556285 NC_003450.gbk
444 50.0 4494614 4494222 genome.dna 555330 555729 NC_003450.gbk
357 52.5 4494953 4494648 genome.dna 924727 924421 NC_003450.gbk
753 59.0 4495506 4494967 genome.dna 540425 541001 NC_003450.gbk
249 42.3 4495835 4495521 genome.dna 540111 540426 NC_003450.gbk
539 65.0 4496217 4495846 genome.dna 539740 540109 NC_003450.gbk
264 51.9 4496635 4496381 genome.dna 537976 538255 NC_003450.gbk
453 50.0 4497236 4496826 genome.dna 537327 537744 NC_003450.gbk
820 53.2 4497950 4497249 genome.dna 536578 537325 NC_003450.gbk
302 52.6 4498300 4497968 genome.dna 536216 536579 NC_003450.gbk
438 66.3 4498593 4498315 genome.dna 535934 536213 NC_003450.gbk
1092 58.6 4499431 4498610 genome.dna 535075 535918 NC_003450.gbk
201 41.8 4499751 4499449 genome.dna 534745 535051 NC_003450.gbk
415 40.8 4500353 4499748 genome.dna 534089 534746 NC_003450.gbk
699 50.0 4500993 4500364 genome.dna 533436 534093 NC_003450.gbk
422 62.0 4501337 4501026 genome.dna 533098 533404 NC_003450.gbk
2678 58.1 4505956 4503842 genome.dna 523883 526013 NC_003450.gbk
570 55.2 4506523 4506053 genome.dna 523068 523536 NC_003450.gbk
599 74.4 4506994 4506620 genome.dna 522693 523062 NC_003450.gbk
391 34.9 4514856 4514044 genome.dna 2278118 2277413 NC_003450.gbk
968 40.8 4531124 4529898 genome.dna 1467375 1468551 NC_003450.gbk
1136 52.6 4557783 4556779 genome.dna 691881 692919 NC_003450.gbk
594 42.5 4559154 4558477 genome.dna 1693918 1693258 NC_003450.gbk
709 36.7 4562421 4561336 genome.dna 1719032 1717934 NC_003450.gbk
387 42.4 4562994 4562473 genome.dna 1719676 1719103 NC_003450.gbk
196 31.7 4573911 4574321 genome.dna 2242116 2241735 NC_003450.gbk
546 38.2 4579442 4578723 genome.dna 427171 427870 NC_003450.gbk
615 31.0 4586316 4584913 genome.dna 2257025 2255735 NC_003450.gbk
2752 57.4 4597892 4600225 genome.dna 2156733 2154456 NC_003450.gbk
749 32.4 4616966 4614891 genome.dna 2430296 2432417 NC_003450.gbk
316 32.8 4622349 4623851 genome.dna 1747954 1746229 NC_003450.gbk
1739 43.4 4632742 4630295 genome.dna 1375734 1373346 NC_003450.gbk
1076 40.6 4635563 4634286 genome.dna 1163701 1164919 NC_003450.gbk
1526 45.4 4637576 4635600 genome.dna 2222527 2225038 NC_003450.gbk
2201 45.8 4639754 4637577 genome.dna 1289473 1287277 NC_003450.gbk
1686 57.0 4647455 4646079 genome.dna 3108131 3109523 NC_003450.gbk
707 39.8 4665855 4666784 genome.dna 2252017 2252860 NC_003450.gbk
220 35.2 4670140 4669394 genome.dna 951460 950824 NC_003450.gbk
419 33.3 4675687 4674863 genome.dna 2052675 2051841 NC_003450.gbk
675 39.9 4680620 4681561 genome.dna 439908 440817 NC_003450.gbk
620 45.2 4702353 4701286 genome.dna 351329 350309 NC_003450.gbk
1052 38.3 4714432 4712411 genome.dna 911225 913517 NC_003450.gbk
787 47.5 4719117 4720601 genome.dna 1219602 1218027 NC_003450.gbk
293 31.1 4721633 4722259 genome.dna 3028268 3028895 NC_003450.gbk
2604 63.7 4729969 4728119 genome.dna 1335280 1333438 NC_003450.gbk
311 34.0 4730969 4730043 genome.dna 2337016 2335912 NC_003450.gbk
1035 37.2 4733613 4735139 genome.dna 2145586 2144062 NC_003450.gbk
360 32.7 4748208 4747351 genome.dna 2659458 2658603 NC_003450.gbk
630 36.7 4755209 4754301 genome.dna 2029176 2030160 NC_003450.gbk
341 35.0 4756712 4755816 genome.dna 2299429 2298448 NC_003450.gbk
956 41.2 4766891 4765731 genome.dna 2591470 2590309 NC_003450.gbk
746 39.7 4769378 4770382 genome.dna 1721779 1722856 NC_003450.gbk
521 33.4 4777900 4778817 genome.dna 472808 471911 NC_003450.gbk
395 39.6 4778952 4779437 genome.dna 980986 981493 NC_003450.gbk
1671 51.2 4781238 4782749 genome.dna 3092287 3090757 NC_003450.gbk
746 44.5 4782875 4783885 genome.dna 1072483 1071475 NC_003450.gbk
619 43.6 4786326 4787093 genome.dna 1681108 1680328 NC_003450.gbk
652 39.2 4825789 4824827 genome.dna 1315045 1316086 NC_003450.gbk
523 51.7 4834867 4834403 genome.dna 661120 660646 NC_003450.gbk
592 33.8 4839358 4838507 genome.dna 1451819 1452656 NC_003450.gbk
553 32.3 4840266 4839379 genome.dna 1450917 1451823 NC_003450.gbk
584 37.4 4847113 4847901 genome.dna 2617246 2617999 NC_003450.gbk
599 44.8 4867996 4867325 genome.dna 844494 845184 NC_003450.gbk
293 37.9 4869761 4870336 genome.dna 1393153 1393738 NC_003450.gbk
603 34.1 4881331 4882347 genome.dna 693027 694113 NC_003450.gbk
1306 49.6 4886675 4885383 genome.dna 2759201 2757860 NC_003450.gbk
463 33.7 4911222 4909444 genome.dna 1013767 1011793 NC_003450.gbk
709 31.7 4924099 4922195 genome.dna 1423216 1425268 NC_003450.gbk
707 43.6 4928387 4927485 genome.dna 2460340 2461171 NC_003450.gbk
1429 46.7 4939318 4937906 genome.dna 2159181 2157750 NC_003450.gbk
881 33.3 4941502 4939844 genome.dna 2344431 2346051 NC_003450.gbk
477 34.4 4948910 4949932 genome.dna 1286042 1287002 NC_003450.gbk
1172 52.5 4949991 4951133 genome.dna 1283323 1284469 NC_003450.gbk
682 40.8 4951144 4951938 genome.dna 1284516 1285287 NC_003450.gbk
617 48.9 4951935 4952735 genome.dna 1285301 1286033 NC_003450.gbk
323 30.9 4958376 4957678 genome.dna 2675491 2676244 NC_003450.gbk
669 37.1 4964420 4963467 genome.dna 1429159 1428220 NC_003450.gbk
439 32.8 4965424 4964540 genome.dna 2815458 2816397 NC_003450.gbk
167 57.1 4985770 4985910 genome.dna 3308553 3308409 NC_003450.gbk
797 50.4 4992272 4991421 genome.dna 1437343 1438204 NC_003450.gbk
339 40.3 4992373 4992792 genome.dna 1437249 1436865 NC_003450.gbk
1234 45.3 5001994 5003496 genome.dna 2778965 2780450 NC_003450.gbk
538 34.2 5010680 5009268 genome.dna 871851 873213 NC_003450.gbk
939 54.3 5018328 5017552 genome.dna 2734226 2733452 NC_003450.gbk
583 38.0 5019301 5018414 genome.dna 2735185 2734261 NC_003450.gbk
659 36.9 5020260 5019301 genome.dna 2736216 2735199 NC_003450.gbk
391 34.4 5023303 5022533 genome.dna 2062440 2063262 NC_003450.gbk
1552 43.5 5049054 5047222 genome.dna 2404013 2402141 NC_003450.gbk
960 41.2 5050610 5049240 genome.dna 999909 998451 NC_003450.gbk
1852 62.3 5055348 5053966 genome.dna 1277687 1279139 NC_003450.gbk
323 36.1 5056259 5055396 genome.dna 1276707 1277685 NC_003450.gbk
1120 50.1 5057853 5056312 genome.dna 1274974 1276651 NC_003450.gbk
