1132 36.6 25826 28615 genome.dna 1246206 1249167 NC_005071.gbk
1726 53.2 36667 35258 genome.dna 657544 658966 NC_005071.gbk
2031 51.5 37037 38860 genome.dna 630065 628262 NC_005071.gbk
1483 41.9 47188 45107 genome.dna 640112 637571 NC_005071.gbk
631 42.7 47880 47188 genome.dna 308490 307752 NC_005071.gbk
1586 40.0 49985 47886 genome.dna 2225481 2227812 NC_005071.gbk
1786 60.0 62838 64181 genome.dna 677977 676621 NC_005071.gbk
1323 38.0 70479 68437 genome.dna 480327 482475 NC_005071.gbk
1092 39.7 77642 78994 genome.dna 523157 521795 NC_005071.gbk
1208 60.2 98527 99441 genome.dna 321696 322599 NC_005071.gbk
534 34.2 99451 101520 genome.dna 634641 632475 NC_005071.gbk
408 30.6 124086 125432 genome.dna 2394068 2392862 NC_005071.gbk
560 36.9 156579 155680 genome.dna 306477 307413 NC_005071.gbk
731 51.5 162282 162998 genome.dna 1938735 1939470 NC_005071.gbk
571 35.2 166824 165547 genome.dna 1904867 1903580 NC_005071.gbk
165 44.6 167881 168117 genome.dna 750574 750337 NC_005071.gbk
461 36.9 168516 169325 genome.dna 216611 215735 NC_005071.gbk
482 47.0 170854 170375 genome.dna 781785 781311 NC_005071.gbk
894 34.3 212248 209609 genome.dna 1813327 1816342 NC_005071.gbk
485 34.5 217784 218788 genome.dna 765345 766461 NC_005071.gbk
425 33.3 218826 219599 genome.dna 1355549 1356476 NC_005071.gbk
1333 47.8 219661 221034 genome.dna 15696 17109 NC_005071.gbk
377 33.5 226939 227694 genome.dna 1405956 1406703 NC_005071.gbk
1037 49.1 228573 229595 genome.dna 1640261 1639196 NC_005071.gbk
1503 44.5 230345 231841 genome.dna 445123 446689 NC_005071.gbk
1972 73.1 250357 251541 genome.dna 1881555 1882755 NC_005071.gbk
349 38.0 252164 252709 genome.dna 2201615 2202287 NC_005071.gbk
528 55.6 252872 253300 genome.dna 2202396 2202822 NC_005071.gbk
704 47.6 253304 254008 genome.dna 2202907 2203615 NC_005071.gbk
306 51.1 254890 255255 genome.dna 2204428 2204824 NC_005071.gbk
2145 44.4 255584 259612 genome.dna 1596551 1593257 NC_005071.gbk
829 52.1 269828 269043 genome.dna 53359 52426 NC_005071.gbk
837 38.3 275283 276347 genome.dna 503112 504171 NC_005071.gbk
1060 42.2 280242 278956 genome.dna 1502924 1504241 NC_005071.gbk
1304 45.5 281849 280260 genome.dna 1966052 1964498 NC_005071.gbk
694 38.7 289684 288590 genome.dna 974939 973955 NC_005071.gbk
944 42.2 291953 290928 genome.dna 978130 977080 NC_005071.gbk
585 37.8 301263 300298 genome.dna 232258 231247 NC_005071.gbk
1705 55.3 306633 305290 genome.dna 1690028 1691375 NC_005071.gbk
338 36.5 307112 306645 genome.dna 34704 35199 NC_005071.gbk
519 59.3 307589 307137 genome.dna 228017 228467 NC_005071.gbk
1105 54.0 313270 314313 genome.dna 161485 162538 NC_005071.gbk
320 36.3 315964 316557 genome.dna 1272967 1272412 NC_005071.gbk
822 36.6 321945 323390 genome.dna 839296 840742 NC_005071.gbk
794 50.4 338215 337490 genome.dna 627379 626650 NC_005071.gbk
602 37.2 340994 339921 genome.dna 2017278 2018322 NC_005071.gbk
586 35.8 341977 341009 genome.dna 520475 521585 NC_005071.gbk
1299 51.3 345980 347242 genome.dna 380769 379464 NC_005071.gbk
550 53.9 352201 352629 genome.dna 1850004 1850457 NC_005071.gbk
384 46.8 352645 353037 genome.dna 1850453 1850861 NC_005071.gbk
1990 45.3 361542 357046 genome.dna 1876320 1871736 NC_005071.gbk
632 40.8 372605 373492 genome.dna 1464282 1465152 NC_005071.gbk
368 31.5 380920 381747 genome.dna 1649270 1648478 NC_005071.gbk
232 33.2 386934 386071 genome.dna 585076 586150 NC_005071.gbk
1257 37.2 392535 394805 genome.dna 1218373 1215745 NC_005071.gbk
319 41.6 431880 431494 genome.dna 1285433 1285862 NC_005071.gbk
547 36.7 435364 434357 genome.dna 428850 429807 NC_005071.gbk
1492 44.2 460910 458055 genome.dna 2319441 2316597 NC_005071.gbk
855 35.9 463248 461737 genome.dna 1492627 1494100 NC_005071.gbk
1165 43.6 525365 524040 genome.dna 1544278 1543000 NC_005071.gbk
1233 44.5 530287 528905 genome.dna 2108342 2106947 NC_005071.gbk
1541 48.0 533382 534971 genome.dna 866090 864374 NC_005071.gbk
238 40.0 692962 692627 genome.dna 1353374 1353032 NC_005071.gbk
223 40.9 697176 697469 genome.dna 1537471 1537159 NC_005071.gbk
1972 57.3 697515 699164 genome.dna 1537078 1535443 NC_005071.gbk
435 30.5 699974 700837 genome.dna 1413202 1414096 NC_005071.gbk
306 31.0 704061 704669 genome.dna 429942 430566 NC_005071.gbk
138 39.0 755400 755185 genome.dna 1098175 1097998 NC_005071.gbk
947 46.8 755628 756641 genome.dna 1402586 1401515 NC_005071.gbk
605 35.7 761351 760380 genome.dna 441539 440567 NC_005071.gbk
354 66.3 761939 762196 genome.dna 1509413 1509680 NC_005071.gbk
1059 51.8 763509 764681 genome.dna 1635434 1634444 NC_005071.gbk
1994 52.2 768185 770122 genome.dna 1900962 1899114 NC_005071.gbk
553 38.9 770241 771074 genome.dna 894503 893636 NC_005071.gbk
846 38.3 771082 772419 genome.dna 1932596 1931189 NC_005071.gbk
582 31.5 777751 779280 genome.dna 1616921 1618370 NC_005071.gbk
1804 39.9 779306 782008 genome.dna 1618708 1622086 NC_005071.gbk
249 44.9 783547 783816 genome.dna 698671 698941 NC_005071.gbk
1349 44.5 784066 786186 genome.dna 1461149 1463321 NC_005071.gbk
1436 47.5 787369 789282 genome.dna 1170965 1169057 NC_005071.gbk
239 32.4 803045 802602 genome.dna 1143107 1143593 NC_005071.gbk
810 38.7 812975 814090 genome.dna 2341673 2342798 NC_005071.gbk
329 39.8 814149 814541 genome.dna 2297467 2297068 NC_005071.gbk
3303 53.6 814656 817529 genome.dna 2296937 2294048 NC_005071.gbk
826 41.3 821973 823061 genome.dna 747195 746226 NC_005071.gbk
379 36.7 835228 834710 genome.dna 877148 877673 NC_005071.gbk
313 30.8 841615 843360 genome.dna 830385 832284 NC_005071.gbk
1487 48.4 844582 846099 genome.dna 166178 167705 NC_005071.gbk
883 50.0 909308 910588 genome.dna 958390 959719 NC_005071.gbk
387 31.2 912721 911924 genome.dna 444285 443463 NC_005071.gbk
395 45.1 927840 927358 genome.dna 174894 174396 NC_005071.gbk
755 31.6 931102 929441 genome.dna 2406928 2405245 NC_005071.gbk
468 31.3 932060 931182 genome.dna 414494 415403 NC_005071.gbk
565 36.2 939859 940740 genome.dna 724885 725794 NC_005071.gbk
446 47.5 970301 969369 genome.dna 1806149 1805099 NC_005071.gbk
1446 68.7 997695 996727 genome.dna 259751 258764 NC_005071.gbk
643 35.0 1087061 1085955 genome.dna 154523 155636 NC_005071.gbk
387 30.1 1109886 1113512 genome.dna 1176965 1173140 NC_005071.gbk
428 31.8 1113509 1115371 genome.dna 1173144 1171413 NC_005071.gbk
263 33.8 1135353 1134898 genome.dna 1231438 1231900 NC_005071.gbk
699 41.5 1154052 1153258 genome.dna 1393637 1392797 NC_005071.gbk
710 49.6 1154397 1155122 genome.dna 642754 642034 NC_005071.gbk
290 33.3 1155257 1156108 genome.dna 641952 641295 NC_005071.gbk
757 50.9 1156279 1157004 genome.dna 1332132 1332846 NC_005071.gbk
578 49.5 1157130 1157687 genome.dna 1332896 1333445 NC_005071.gbk
1064 44.2 1157925 1159121 genome.dna 1253376 1254615 NC_005071.gbk
767 48.7 1159320 1160081 genome.dna 1140769 1139971 NC_005071.gbk
295 32.4 1160091 1160948 genome.dna 1150006 1149091 NC_005071.gbk
605 32.0 1165447 1166469 genome.dna 578002 579046 NC_005071.gbk
449 47.8 1166572 1167027 genome.dna 1497861 1497432 NC_005071.gbk
603 41.8 1167032 1167820 genome.dna 1497427 1496575 NC_005071.gbk
553 30.9 1167824 1168975 genome.dna 1496576 1495397 NC_005071.gbk
467 47.3 1168997 1169593 genome.dna 1886954 1886297 NC_005071.gbk
2397 38.4 1169670 1173152 genome.dna 702967 699451 NC_005071.gbk
1006 50.0 1173165 1174124 genome.dna 1316644 1315654 NC_005071.gbk
1368 39.9 1180703 1178139 genome.dna 86834 84050 NC_005071.gbk
634 47.9 1270601 1269999 genome.dna 822608 823211 NC_005071.gbk
848 43.1 1271755 1272822 genome.dna 257619 258735 NC_005071.gbk
1104 45.9 1272920 1274065 genome.dna 1969506 1970625 NC_005071.gbk
449 32.4 1276393 1277361 genome.dna 671080 670000 NC_005071.gbk
390 40.7 1278470 1278919 genome.dna 1771696 1772173 NC_005071.gbk
686 41.2 1278982 1280091 genome.dna 422320 423427 NC_005071.gbk
414 43.2 1280201 1280677 genome.dna 87243 87741 NC_005071.gbk
321 31.4 1281190 1282170 genome.dna 32986 32002 NC_005071.gbk
1729 44.7 1284598 1282733 genome.dna 740815 742750 NC_005071.gbk
755 47.5 1285528 1284617 genome.dna 1202081 1201160 NC_005071.gbk
338 32.1 1293119 1292505 genome.dna 1429171 1429795 NC_005071.gbk
853 66.0 1301367 1301990 genome.dna 63731 63056 NC_005071.gbk
1336 56.5 1302154 1303428 genome.dna 62968 61609 NC_005071.gbk
278 44.9 1306200 1306472 genome.dna 1481538 1481262 NC_005071.gbk
389 33.6 1310544 1309849 genome.dna 2349358 2350048 NC_005071.gbk
1006 30.9 1312639 1314408 genome.dna 710065 711817 NC_005071.gbk
551 35.3 1316909 1318201 genome.dna 1960346 1961825 NC_005071.gbk
1317 35.3 1326027 1322899 genome.dna 1718428 1714990 NC_005071.gbk
505 49.0 1329655 1330212 genome.dna 885623 886142 NC_005071.gbk
207 34.6 1332403 1332732 genome.dna 28331 27989 NC_005071.gbk
510 42.0 1332732 1333337 genome.dna 1163625 1163055 NC_005071.gbk
353 30.8 1333507 1335396 genome.dna 752551 750640 NC_005071.gbk
323 35.1 1335658 1336302 genome.dna 1845862 1846411 NC_005071.gbk
412 32.9 1336525 1337487 genome.dna 1329221 1328045 NC_005071.gbk
496 34.9 1348853 1349839 genome.dna 1369981 1371049 NC_005071.gbk
844 36.6 1356196 1353473 genome.dna 2106267 2103942 NC_005071.gbk
660 37.3 1358126 1357212 genome.dna 1389362 1388447 NC_005071.gbk
1385 35.7 1363499 1366138 genome.dna 8604 6114 NC_005071.gbk
373 30.4 1379359 1381041 genome.dna 457968 456219 NC_005071.gbk
1188 62.4 1381835 1382692 genome.dna 456214 455320 NC_005071.gbk
461 31.8 1387959 1389152 genome.dna 1954066 1952776 NC_005071.gbk
1152 51.1 1427931 1426894 genome.dna 1794006 1795044 NC_005071.gbk
193 33.1 1431761 1431390 genome.dna 1346712 1346349 NC_005071.gbk
431 43.7 1433876 1433409 genome.dna 1723971 1724439 NC_005071.gbk
660 40.1 1434853 1435731 genome.dna 66419 67328 NC_005071.gbk
608 39.7 1436929 1437642 genome.dna 1501828 1501099 NC_005071.gbk
139 30.4 1468782 1468399 genome.dna 140813 141209 NC_005071.gbk
973 49.1 1470427 1469462 genome.dna 1870537 1871422 NC_005071.gbk
857 32.7 1477420 1475516 genome.dna 47916 49719 NC_005071.gbk
222 32.7 1477924 1477454 genome.dna 686309 686744 NC_005071.gbk
222 36.2 1478243 1477926 genome.dna 902913 903294 NC_005071.gbk
2489 44.5 1483266 1480684 genome.dna 775166 772529 NC_005071.gbk
884 56.6 1484840 1484115 genome.dna 973959 973218 NC_005071.gbk
853 47.4 1492026 1490968 genome.dna 400292 401264 NC_005071.gbk
976 37.2 1493774 1492350 genome.dna 370499 369056 NC_005071.gbk
499 30.5 1501778 1500630 genome.dna 2152188 2153394 NC_005071.gbk
890 36.6 1536355 1535069 genome.dna 2135287 2134072 NC_005071.gbk
847 40.4 1558773 1559834 genome.dna 718594 717592 NC_005071.gbk
1228 55.4 1561884 1562939 genome.dna 2377195 2376112 NC_005071.gbk
1147 51.3 1573036 1572017 genome.dna 2011095 2012142 NC_005071.gbk
189 30.2 1584709 1585674 genome.dna 476669 477731 NC_005071.gbk
803 42.6 1598229 1599338 genome.dna 1806306 1807383 NC_005071.gbk
179 31.8 1609114 1609548 genome.dna 1791078 1791558 NC_005071.gbk
1534 50.4 1631952 1633361 genome.dna 2061613 2063068 NC_005071.gbk
692 40.0 1635671 1634820 genome.dna 128378 129284 NC_005071.gbk
433 45.2 1636204 1635668 genome.dna 127764 128382 NC_005071.gbk
1220 61.3 1637078 1636206 genome.dna 126848 127775 NC_005071.gbk
1435 45.8 1638449 1639855 genome.dna 619523 618104 NC_005071.gbk
623 32.2 1670708 1669659 genome.dna 325872 326901 NC_005071.gbk
203 36.0 1862440 1862120 genome.dna 1079195 1079525 NC_005071.gbk
1256 56.4 2034173 2033130 genome.dna 520062 518997 NC_005071.gbk
408 37.8 2043101 2044030 genome.dna 2111623 2112520 NC_005071.gbk
772 52.5 2044045 2044779 genome.dna 1418548 1419301 NC_005071.gbk
271 62.2 2044934 2045170 genome.dna 2065449 2065692 NC_005071.gbk
1391 51.6 2045253 2046494 genome.dna 2065700 2066948 NC_005071.gbk
418 38.0 2048443 2049102 genome.dna 2103946 2103295 NC_005071.gbk
552 38.7 2050132 2050929 genome.dna 1597668 1596834 NC_005071.gbk
320 40.9 2055442 2055792 genome.dna 1696717 1696375 NC_005071.gbk
1915 34.8 2070405 2066956 genome.dna 846449 850031 NC_005071.gbk
303 31.3 2073776 2074690 genome.dna 492564 491649 NC_005071.gbk
356 38.1 2079241 2079792 genome.dna 142036 141550 NC_005071.gbk
367 33.3 2088494 2089945 genome.dna 2228825 2230307 NC_005071.gbk
1692 58.1 2112831 2114330 genome.dna 1707307 1705864 NC_005071.gbk
922 56.7 2114428 2115174 genome.dna 1705815 1705026 NC_005071.gbk
1216 47.4 2116495 2117718 genome.dna 1703769 1702464 NC_005071.gbk
314 31.7 2159158 2158370 genome.dna 1315630 1314922 NC_005071.gbk
323 36.5 2181519 2182154 genome.dna 1431704 1431041 NC_005071.gbk
314 43.4 2186467 2186817 genome.dna 1186654 1186978 NC_005071.gbk
541 61.4 2188157 2187750 genome.dna 2198006 2198408 NC_005071.gbk
349 37.4 2190305 2191417 genome.dna 1732911 1734051 NC_005071.gbk
754 51.3 2191939 2192622 genome.dna 2324585 2325254 NC_005071.gbk
380 30.0 2192856 2194133 genome.dna 1490624 1489397 NC_005071.gbk
566 42.1 2216576 2217319 genome.dna 1489374 1488636 NC_005071.gbk
764 48.8 2239913 2239125 genome.dna 1987190 1986407 NC_005071.gbk
432 31.2 2250678 2251343 genome.dna 1448223 1447419 NC_005071.gbk
867 43.4 2446859 2448127 genome.dna 2357453 2356157 NC_005071.gbk
862 42.8 2449772 2450872 genome.dna 2354900 2353772 NC_005071.gbk
819 53.1 2450865 2451701 genome.dna 2353776 2353023 NC_005071.gbk
799 52.1 2451703 2452401 genome.dna 2352980 2352272 NC_005071.gbk
840 39.6 2463282 2462086 genome.dna 176809 178006 NC_005071.gbk
1242 54.0 2487322 2486231 genome.dna 1244849 1243757 NC_005071.gbk
459 37.9 2488039 2487452 genome.dna 1942839 1942218 NC_005071.gbk
1071 51.4 2489732 2488785 genome.dna 1159751 1160750 NC_005071.gbk
354 31.6 2490742 2489870 genome.dna 675071 674111 NC_005071.gbk
393 33.3 2491599 2492855 genome.dna 622429 621118 NC_005071.gbk
993 43.2 2492889 2493971 genome.dna 1851245 1852343 NC_005071.gbk
1366 69.6 2496092 2496946 genome.dna 2033005 2033857 NC_005071.gbk
1206 44.7 2503696 2505084 genome.dna 1257511 1256071 NC_005071.gbk
1569 53.2 2563367 2561970 genome.dna 1567707 1569108 NC_005071.gbk
453 39.7 2585970 2586605 genome.dna 556146 556770 NC_005071.gbk
491 38.8 2595969 2596559 genome.dna 1331128 1331821 NC_005071.gbk
776 39.7 2605113 2606180 genome.dna 709563 708507 NC_005071.gbk
1429 54.7 2607572 2608762 genome.dna 2140275 2138964 NC_005071.gbk
560 37.6 2608762 2609568 genome.dna 518067 517239 NC_005071.gbk
101 32.3 2621565 2621861 genome.dna 516632 516362 NC_005071.gbk
665 39.6 2642732 2643580 genome.dna 2385456 2384616 NC_005071.gbk
512 38.3 2645457 2646263 genome.dna 1380857 1381697 NC_005071.gbk
449 50.0 2654386 2653967 genome.dna 1688458 1688023 NC_005071.gbk
1008 47.5 2654735 2655739 genome.dna 30784 31915 NC_005071.gbk
490 42.4 2679167 2679979 genome.dna 1760600 1761416 NC_005071.gbk
677 36.4 2688488 2689942 genome.dna 2350044 2351385 NC_005071.gbk
861 44.6 2704043 2704957 genome.dna 468055 467053 NC_005071.gbk
862 53.8 2704954 2705844 genome.dna 467054 466256 NC_005071.gbk
1030 54.5 2706704 2707561 genome.dna 466260 465390 NC_005071.gbk
516 34.4 2707951 2708811 genome.dna 1825427 1824533 NC_005071.gbk
1046 32.9 2726216 2727934 genome.dna 1167586 1165783 NC_005071.gbk
692 32.7 2731236 2728849 genome.dna 806921 804473 NC_005071.gbk
1112 52.3 2732234 2731251 genome.dna 413384 414392 NC_005071.gbk
437 60.0 2732903 2732547 genome.dna 55774 55426 NC_005071.gbk
182 50.8 2733144 2732947 genome.dna 56043 55845 NC_005071.gbk
2738 60.2 2735713 2733785 genome.dna 474278 476201 NC_005071.gbk
940 48.8 2755752 2754499 genome.dna 2043744 2045169 NC_005071.gbk
524 45.7 2755854 2756510 genome.dna 1262581 1263229 NC_005071.gbk
517 37.3 2757088 2758194 genome.dna 392389 391093 NC_005071.gbk
305 33.8 2788070 2787564 genome.dna 546693 547227 NC_005071.gbk
1263 52.9 2791280 2792458 genome.dna 2397155 2398322 NC_005071.gbk
1185 39.3 2794931 2793456 genome.dna 1193455 1194979 NC_005071.gbk
1193 55.4 2809298 2808294 genome.dna 174945 176004 NC_005071.gbk
301 34.2 2809923 2809306 genome.dna 697935 698613 NC_005071.gbk
265 35.6 2810663 2810151 genome.dna 1227760 1228225 NC_005071.gbk
578 40.3 2811487 2810744 genome.dna 1510777 1511521 NC_005071.gbk
1456 50.1 2813755 2811956 genome.dna 2342880 2344701 NC_005071.gbk
1439 42.9 2835515 2837245 genome.dna 2178675 2176836 NC_005071.gbk
1160 34.5 2854450 2852540 genome.dna 1631237 1633196 NC_005071.gbk
2073 40.6 2862472 2859857 genome.dna 1132958 1135577 NC_005071.gbk
950 38.9 2917289 2918617 genome.dna 1598148 1599477 NC_005071.gbk
377 37.1 2920770 2921360 genome.dna 1221553 1222195 NC_005071.gbk
556 38.9 2921367 2922104 genome.dna 569318 570086 NC_005071.gbk
684 43.8 2922086 2922862 genome.dna 313415 314186 NC_005071.gbk
278 35.7 2922856 2923488 genome.dna 510603 511272 NC_005071.gbk
425 30.1 2928002 2926713 genome.dna 446842 448168 NC_005071.gbk
1130 48.6 2975613 2974318 genome.dna 1458159 1459449 NC_005071.gbk
580 32.0 2982496 2983455 genome.dna 1644510 1643556 NC_005071.gbk
136 31.5 3016496 3016762 genome.dna 2171794 2171530 NC_005071.gbk
1007 40.5 3042056 3043384 genome.dna 199180 197761 NC_005071.gbk
2381 57.4 3161386 3159374 genome.dna 72947 74987 NC_005071.gbk
188 31.0 3163130 3162450 genome.dna 1576004 1576673 NC_005071.gbk
735 37.0 3165022 3163865 genome.dna 1573400 1574543 NC_005071.gbk
1081 52.1 3166099 3165062 genome.dna 1139951 1138943 NC_005071.gbk
895 38.4 3166195 3167499 genome.dna 1577774 1579103 NC_005071.gbk
869 33.4 3230474 3228642 genome.dna 782298 784302 NC_005071.gbk
572 39.1 3302638 3301757 genome.dna 1305101 1305992 NC_005071.gbk
825 38.5 3306810 3308309 genome.dna 981260 979679 NC_005071.gbk
668 48.5 3336744 3335911 genome.dna 2363661 2362875 NC_005071.gbk
734 31.5 3372145 3370688 genome.dna 1439685 1441257 NC_005071.gbk
893 38.1 3373687 3372152 genome.dna 2123939 2125631 NC_005071.gbk
1096 36.0 3375638 3373788 genome.dna 2121838 2123851 NC_005071.gbk
257 41.6 3375937 3375635 genome.dna 2131495 2131141 NC_005071.gbk
658 37.1 3378041 3377067 genome.dna 2134048 2132893 NC_005071.gbk
680 41.3 3402984 3403889 genome.dna 2083545 2082603 NC_005071.gbk
353 37.6 3408161 3407589 genome.dna 837401 838010 NC_005071.gbk
1725 53.7 3409858 3408341 genome.dna 4621 6079 NC_005071.gbk
370 31.7 3412525 3411257 genome.dna 378169 376927 NC_005071.gbk
839 51.2 3413548 3412631 genome.dna 582542 583424 NC_005071.gbk
477 37.1 3415469 3414618 genome.dna 1848914 1849802 NC_005071.gbk
528 35.5 3416479 3415469 genome.dna 65390 66323 NC_005071.gbk
788 46.6 3427528 3426443 genome.dna 1896144 1897233 NC_005071.gbk
1539 47.8 3443783 3442200 genome.dna 287349 288840 NC_005071.gbk
244 31.7 3459693 3458845 genome.dna 581542 582355 NC_005071.gbk
560 31.2 3466688 3465462 genome.dna 21926 20645 NC_005071.gbk
725 32.7 3477877 3476636 genome.dna 1447294 1446097 NC_005071.gbk
695 38.9 3511745 3510762 genome.dna 1856709 1857672 NC_005071.gbk
513 34.1 3512886 3511738 genome.dna 1988561 1989788 NC_005071.gbk
672 43.9 3516455 3517318 genome.dna 1203014 1202105 NC_005071.gbk
1016 42.4 3519048 3517663 genome.dna 1250258 1251794 NC_005071.gbk
517 56.9 3521609 3522118 genome.dna 2152114 2151622 NC_005071.gbk
356 30.1 3522115 3523185 genome.dna 725833 727033 NC_005071.gbk
836 51.7 3527868 3527053 genome.dna 756483 755664 NC_005071.gbk
972 35.5 3531913 3533985 genome.dna 2372061 2374200 NC_005071.gbk
450 30.2 3571960 3572919 genome.dna 1629556 1630570 NC_005071.gbk
1749 49.3 3590632 3589055 genome.dna 44826 46413 NC_005071.gbk
609 37.7 3599984 3598497 genome.dna 234712 236080 NC_005071.gbk
1206 48.1 3603229 3601955 genome.dna 2010161 2008880 NC_005071.gbk
517 36.2 3604488 3603367 genome.dna 852994 851773 NC_005071.gbk
664 33.7 3607701 3606505 genome.dna 1586924 1585853 NC_005071.gbk
388 41.3 3608433 3608005 genome.dna 2264751 2264292 NC_005071.gbk
122 31.2 3616630 3616295 genome.dna 1769568 1769178 NC_005071.gbk
309 42.9 3619470 3619147 genome.dna 2080311 2080704 NC_005071.gbk
1034 44.9 3621177 3619963 genome.dna 2157191 2158370 NC_005071.gbk
330 32.6 3622783 3622058 genome.dna 1223312 1224062 NC_005071.gbk
483 33.5 3622920 3623723 genome.dna 754990 754102 NC_005071.gbk
1588 58.5 3635387 3634134 genome.dna 1956564 1955274 NC_005071.gbk
448 58.9 3640872 3640534 genome.dna 1564709 1565048 NC_005071.gbk
388 40.4 3651787 3651263 genome.dna 655376 655868 NC_005071.gbk
867 49.0 3653449 3652523 genome.dna 761919 762870 NC_005071.gbk
841 56.5 3680956 3680225 genome.dna 1184931 1184193 NC_005071.gbk
468 37.3 3682691 3681786 genome.dna 404535 405486 NC_005071.gbk
2269 55.1 3686442 3684643 genome.dna 295178 296993 NC_005071.gbk
659 36.3 3689812 3691413 genome.dna 201911 200240 NC_005071.gbk
555 38.8 3698228 3696813 genome.dna 1395401 1396832 NC_005071.gbk
1608 54.7 3714803 3716083 genome.dna 1383375 1384662 NC_005071.gbk
319 41.6 3728155 3728859 genome.dna 1959328 1960165 NC_005071.gbk
519 35.3 3729711 3730679 genome.dna 1481174 1480253 NC_005071.gbk
508 40.5 3732844 3733638 genome.dna 365237 364418 NC_005071.gbk
678 38.9 3739983 3738898 genome.dna 553801 552742 NC_005071.gbk
499 31.9 3742499 3743362 genome.dna 2339333 2340269 NC_005071.gbk
413 44.6 3750989 3751744 genome.dna 1284494 1285277 NC_005071.gbk
3067 55.7 3762599 3760023 genome.dna 506405 509003 NC_005071.gbk
601 39.0 3764478 3763501 genome.dna 2222409 2223384 NC_005071.gbk
1420 47.6 3776200 3774839 genome.dna 398341 399835 NC_005071.gbk
1492 42.7 3784972 3782345 genome.dna 2279192 2276513 NC_005071.gbk
1303 59.5 3786717 3785644 genome.dna 1830916 1829776 NC_005071.gbk
934 38.0 3882715 3881462 genome.dna 491615 490298 NC_005071.gbk
795 38.6 3883829 3882726 genome.dna 576860 577946 NC_005071.gbk
482 41.7 3898447 3899475 genome.dna 2002288 2003401 NC_005071.gbk
622 48.9 3906590 3906045 genome.dna 229650 229092 NC_005071.gbk
411 40.1 3907276 3906587 genome.dna 215103 214365 NC_005071.gbk
415 36.5 3907890 3907273 genome.dna 215723 215099 NC_005071.gbk
601 39.0 3912529 3911285 genome.dna 656994 655809 NC_005071.gbk
645 34.3 3918901 3920391 genome.dna 704504 703043 NC_005071.gbk
1041 46.7 3921930 3923132 genome.dna 607863 609015 NC_005071.gbk
833 32.4 3945541 3944261 genome.dna 1122348 1121085 NC_005071.gbk
962 43.5 3956293 3958011 genome.dna 1348271 1350071 NC_005071.gbk
368 38.1 3963804 3963091 genome.dna 1416512 1415834 NC_005071.gbk
747 53.8 3967961 3967344 genome.dna 2140943 2141627 NC_005071.gbk
609 42.9 3972869 3972135 genome.dna 1725930 1725129 NC_005071.gbk
747 32.5 3974615 3972882 genome.dna 634737 636534 NC_005071.gbk
299 35.1 3986036 3985365 genome.dna 2348122 2348803 NC_005071.gbk
1049 39.2 3994559 3995977 genome.dna 222494 221114 NC_005071.gbk
1612 60.8 4001743 4000448 genome.dna 2197861 2196565 NC_005071.gbk
1597 53.8 4003479 4001842 genome.dna 2346449 2348126 NC_005071.gbk
620 40.2 4004518 4003706 genome.dna 2337201 2338116 NC_005071.gbk
531 34.6 4013697 4012813 genome.dna 2219411 2218568 NC_005071.gbk
1468 42.1 4027241 4025196 genome.dna 2309317 2311408 NC_005071.gbk
419 34.3 4036522 4035704 genome.dna 203324 204224 NC_005071.gbk
311 37.0 4037132 4037767 genome.dna 1488073 1488649 NC_005071.gbk
319 35.1 4039680 4040210 genome.dna 1347293 1346768 NC_005071.gbk
330 35.2 4050959 4050219 genome.dna 1464258 1463340 NC_005071.gbk
281 36.2 4059979 4059527 genome.dna 2301760 2302219 NC_005071.gbk
942 45.0 4076878 4075862 genome.dna 23019 21942 NC_005071.gbk
378 31.0 4077711 4078532 genome.dna 238668 239511 NC_005071.gbk
486 48.2 4079441 4080034 genome.dna 1979229 1979841 NC_005071.gbk
560 32.6 4080027 4081166 genome.dna 363232 364543 NC_005071.gbk
281 30.4 4102382 4101120 genome.dna 1143038 1141670 NC_005071.gbk
930 46.3 4109655 4110677 genome.dna 18861 17841 NC_005071.gbk
1133 42.7 4114440 4115846 genome.dna 2302281 2303700 NC_005071.gbk
2076 54.6 4139901 4137067 genome.dna 2405200 2402239 NC_005071.gbk
579 34.0 4184809 4183757 genome.dna 1211178 1210314 NC_005071.gbk
340 39.5 4200650 4199670 genome.dna 36231 35199 NC_005071.gbk
3541 63.1 4221505 4218908 genome.dna 2377326 2379951 NC_005071.gbk
637 32.9 4231793 4230366 genome.dna 382160 383630 NC_005071.gbk
519 39.9 4244964 4245854 genome.dna 2181548 2180657 NC_005071.gbk
376 35.1 4250722 4251348 genome.dna 2246542 2247157 NC_005071.gbk
1722 44.3 4255592 4252890 genome.dna 88625 91472 NC_005071.gbk
473 36.0 4257707 4256787 genome.dna 1498742 1497884 NC_005071.gbk
1058 47.1 4258960 4257809 genome.dna 366555 365391 NC_005071.gbk
523 34.2 4262088 4261168 genome.dna 369016 367954 NC_005071.gbk
855 36.6 4263557 4262097 genome.dna 30721 29254 NC_005071.gbk
588 38.0 4264711 4263620 genome.dna 2215859 2214773 NC_005071.gbk
710 34.9 4265910 4264708 genome.dna 1559508 1560756 NC_005071.gbk
412 38.0 4268312 4267230 genome.dna 2394716 2395838 NC_005071.gbk
590 33.3 4269667 4268306 genome.dna 452322 450924 NC_005071.gbk
688 43.8 4271151 4269664 genome.dna 263875 265399 NC_005071.gbk
666 32.2 4272901 4271138 genome.dna 1338746 1336937 NC_005071.gbk
589 42.2 4274186 4273242 genome.dna 2160680 2159747 NC_005071.gbk
427 43.5 4277861 4277370 genome.dna 1267711 1268242 NC_005071.gbk
1658 45.5 4279582 4277864 genome.dna 1327777 1326055 NC_005071.gbk
881 48.6 4282166 4283764 genome.dna 1212804 1211181 NC_005071.gbk
1220 52.1 4283764 4284855 genome.dna 579083 580157 NC_005071.gbk
1628 54.6 4284858 4286258 genome.dna 1952751 1951314 NC_005071.gbk
316 34.0 4286272 4286874 genome.dna 1951255 1950685 NC_005071.gbk
432 37.4 4312461 4313114 genome.dna 1205892 1205268 NC_005071.gbk
436 33.0 4319027 4319845 genome.dna 675910 675067 NC_005071.gbk
2156 56.4 4330684 4327460 genome.dna 902177 898868 NC_005071.gbk
1111 47.6 4331847 4330699 genome.dna 708477 707337 NC_005071.gbk
784 41.8 4338181 4335368 genome.dna 1922712 1925619 NC_005071.gbk
601 39.7 4339154 4338213 genome.dna 411911 410978 NC_005071.gbk
158 33.3 4339580 4339843 genome.dna 1598018 1597715 NC_005071.gbk
998 45.7 4343498 4342359 genome.dna 25702 26839 NC_005071.gbk
2248 54.9 4345514 4343607 genome.dna 2390367 2388462 NC_005071.gbk
1106 56.1 4351229 4350276 genome.dna 1336845 1335672 NC_005071.gbk
405 31.4 4354760 4353831 genome.dna 477745 478696 NC_005071.gbk
454 38.7 4373604 4372945 genome.dna 1600199 1599482 NC_005071.gbk
1019 44.3 4379941 4378778 genome.dna 2221029 2219823 NC_005071.gbk
2241 52.5 4383337 4381343 genome.dna 2067000 2069010 NC_005071.gbk
1429 36.8 4387762 4385783 genome.dna 2267234 2269181 NC_005071.gbk
693 55.1 4388480 4389631 genome.dna 1774214 1775474 NC_005071.gbk
287 31.1 4391555 4392289 genome.dna 861727 860950 NC_005071.gbk
650 37.8 4392301 4393260 genome.dna 2171556 2170599 NC_005071.gbk
1336 47.7 4398393 4397095 genome.dna 1350633 1351947 NC_005071.gbk
460 35.9 4403893 4402952 genome.dna 138349 137449 NC_005071.gbk
213 34.5 4408042 4407560 genome.dna 157123 156649 NC_005071.gbk
345 31.2 4409618 4408062 genome.dna 392373 393975 NC_005071.gbk
735 35.8 4409761 4410900 genome.dna 10559 9584 NC_005071.gbk
341 32.1 4435653 4436702 genome.dna 27067 28033 NC_005071.gbk
493 42.3 4448185 4447619 genome.dna 34144 34705 NC_005071.gbk
562 34.7 4471827 4470898 genome.dna 959733 960627 NC_005071.gbk
347 36.3 4482450 4482959 genome.dna 1700443 1699837 NC_005071.gbk
521 36.2 4482986 4483933 genome.dna 842132 843161 NC_005071.gbk
554 35.5 4484001 4485290 genome.dna 308841 310197 NC_005071.gbk
154 32.3 4486815 4487225 genome.dna 937885 937492 NC_005071.gbk
300 44.0 4488068 4487676 genome.dna 1848525 1848876 NC_005071.gbk
539 34.6 4489098 4488109 genome.dna 1847547 1848486 NC_005071.gbk
532 46.4 4489744 4489124 genome.dna 263190 262581 NC_005071.gbk
507 56.2 4490164 4489775 genome.dna 1847107 1847500 NC_005071.gbk
399 48.3 4490537 4490181 genome.dna 1846678 1847044 NC_005071.gbk
186 68.4 4490800 4490684 genome.dna 1846457 1846571 NC_005071.gbk
1025 41.2 4492165 4490834 genome.dna 1844502 1845822 NC_005071.gbk
324 41.4 4492607 4492173 genome.dna 1843939 1844395 NC_005071.gbk
341 49.6 4493665 4493312 genome.dna 1842919 1843288 NC_005071.gbk
513 45.1 4494208 4493675 genome.dna 1842346 1842886 NC_005071.gbk
438 51.9 4494614 4494222 genome.dna 1841929 1842331 NC_005071.gbk
299 46.6 4494953 4494648 genome.dna 1460659 1460962 NC_005071.gbk
718 56.6 4495506 4494967 genome.dna 1841365 1841905 NC_005071.gbk
212 39.2 4495835 4495521 genome.dna 1840889 1841246 NC_005071.gbk
473 59.3 4496217 4495846 genome.dna 1840522 1840888 NC_005071.gbk
122 33.3 4496826 4496635 genome.dna 1840029 1840242 NC_005071.gbk
554 60.4 4497236 4496826 genome.dna 1839549 1840026 NC_005071.gbk
734 48.3 4497950 4497249 genome.dna 1838804 1839533 NC_005071.gbk
287 49.1 4498300 4497968 genome.dna 1838416 1838785 NC_005071.gbk
410 65.9 4498593 4498315 genome.dna 1838136 1838412 NC_005071.gbk
971 53.8 4499431 4498610 genome.dna 1837237 1838101 NC_005071.gbk
204 38.5 4499751 4499449 genome.dna 1836918 1837221 NC_005071.gbk
375 36.0 4500353 4499748 genome.dna 1836290 1836926 NC_005071.gbk
589 43.9 4500993 4500364 genome.dna 1835634 1836291 NC_005071.gbk
406 53.9 4501337 4501026 genome.dna 1882902 1883223 NC_005071.gbk
2480 60.5 4505956 4503842 genome.dna 1879437 1881513 NC_005071.gbk
531 51.3 4506523 4506053 genome.dna 1878874 1879345 NC_005071.gbk
614 74.0 4506994 4506620 genome.dna 1878431 1878809 NC_005071.gbk
376 37.1 4514856 4514044 genome.dna 237289 237967 NC_005071.gbk
981 36.4 4523306 4525213 genome.dna 1735522 1737247 NC_005071.gbk
234 30.6 4526001 4527020 genome.dna 1256091 1254978 NC_005071.gbk
1068 56.1 4527383 4528252 genome.dna 580254 581157 NC_005071.gbk
896 39.7 4531124 4529898 genome.dna 379426 378169 NC_005071.gbk
730 56.1 4531820 4531245 genome.dna 2174275 2174884 NC_005071.gbk
992 46.3 4557783 4556779 genome.dna 471627 472641 NC_005071.gbk
775 53.2 4559154 4558477 genome.dna 623677 624361 NC_005071.gbk
911 42.6 4562421 4561336 genome.dna 724801 723682 NC_005071.gbk
364 40.1 4562994 4562473 genome.dna 188425 187846 NC_005071.gbk
829 53.0 4579442 4578723 genome.dna 883168 882442 NC_005071.gbk
2446 46.0 4632742 4630295 genome.dna 2055848 2058374 NC_005071.gbk
628 34.0 4634257 4632818 genome.dna 454661 453161 NC_005071.gbk
618 33.6 4635563 4634286 genome.dna 620995 619699 NC_005071.gbk
1383 37.5 4637576 4635600 genome.dna 1482386 1484501 NC_005071.gbk
1825 48.2 4639754 4637577 genome.dna 500732 503003 NC_005071.gbk
1062 38.7 4664050 4662224 genome.dna 218065 219550 NC_005071.gbk
908 38.0 4672431 4670269 genome.dna 2025204 2022795 NC_005071.gbk
665 36.9 4675687 4674863 genome.dna 775462 776374 NC_005071.gbk
939 49.7 4680620 4681561 genome.dna 1361832 1362786 NC_005071.gbk
753 31.2 4690836 4689472 genome.dna 1566256 1567552 NC_005071.gbk
362 33.2 4695646 4694897 genome.dna 1971557 1970813 NC_005071.gbk
1303 55.3 4702353 4701286 genome.dna 130764 131877 NC_005071.gbk
604 47.6 4704862 4703738 genome.dna 1399965 1398852 NC_005071.gbk
396 32.7 4707095 4705998 genome.dna 1955186 1954040 NC_005071.gbk
389 56.4 4709479 4709153 genome.dna 1221135 1221459 NC_005071.gbk
1636 50.2 4728119 4726569 genome.dna 740698 739153 NC_005071.gbk
532 40.0 4729969 4728119 genome.dna 613586 615257 NC_005071.gbk
592 33.8 4730969 4730043 genome.dna 790021 790942 NC_005071.gbk
321 31.5 4748208 4747351 genome.dna 442368 441561 NC_005071.gbk
892 38.6 4766891 4765731 genome.dna 262489 261319 NC_005071.gbk
925 34.5 4770998 4773196 genome.dna 1359557 1357250 NC_005071.gbk
799 40.8 4782875 4783885 genome.dna 623465 622460 NC_005071.gbk
426 39.4 4786326 4787093 genome.dna 895188 894456 NC_005071.gbk
395 44.9 4834867 4834403 genome.dna 818292 818793 NC_005071.gbk
840 35.1 4869411 4868002 genome.dna 12746 14201 NC_005071.gbk
227 34.7 4869761 4870336 genome.dna 1222191 1222836 NC_005071.gbk
743 35.0 4929420 4928401 genome.dna 1235241 1236261 NC_005071.gbk
743 35.0 4929420 4928401 genome.dna 1235241 1236261 NC_005071.gbk
1016 38.3 4985096 4983699 genome.dna 1278662 1277264 NC_005071.gbk
140 51.2 4985770 4985910 genome.dna 1453876 1454014 NC_005071.gbk
906 37.9 4988276 4989640 genome.dna 2183058 2181645 NC_005071.gbk
680 40.4 5019301 5018414 genome.dna 757472 756551 NC_005071.gbk
763 42.8 5020260 5019301 genome.dna 758427 757473 NC_005071.gbk
279 33.4 5021463 5020423 genome.dna 1071601 1072594 NC_005071.gbk
842 35.0 5026700 5027902 genome.dna 853899 855078 NC_005071.gbk
639 44.9 5049054 5047222 genome.dna 2064980 2063075 NC_005071.gbk
1137 42.7 5050610 5049240 genome.dna 449557 450898 NC_005071.gbk
1827 64.0 5055348 5053966 genome.dna 1537699 1539166 NC_005071.gbk
250 36.3 5056259 5055396 genome.dna 1552992 1552041 NC_005071.gbk
1174 55.4 5057853 5056312 genome.dna 1554540 1553022 NC_005071.gbk
214 30.8 5058399 5057866 genome.dna 1555140 1554591 NC_005071.gbk
1382 43.8 5063659 5061770 genome.dna 2303751 2305713 NC_005071.gbk
