1869 46.5 5629 7497 genome.dna 1339315 1337359 NC_004310.gbk
1349 44.6 10948 12453 genome.dna 1581476 1580015 NC_004310.gbk
945 47.3 12461 13429 genome.dna 1579920 1578915 NC_004310.gbk
361 40.1 22684 22163 genome.dna 928448 927944 NC_004310.gbk
280 32.8 23264 22674 genome.dna 929110 928444 NC_004310.gbk
1907 44.1 25826 28615 genome.dna 134956 137896 NC_004310.gbk
980 38.2 30749 32122 genome.dna 646198 647533 NC_004310.gbk
1240 43.4 33859 32447 genome.dna 1095973 1094497 NC_004310.gbk
2080 64.1 36667 35258 genome.dna 968527 967117 NC_004310.gbk
1455 36.5 49985 47886 genome.dna 642064 644317 NC_004310.gbk
582 45.6 50956 50333 genome.dna 462546 463209 NC_004310.gbk
1429 53.8 59253 58054 genome.dna 1348162 1346980 NC_004310.gbk
773 42.5 76671 77513 genome.dna 691836 690963 NC_004310.gbk
1090 41.3 77642 78994 genome.dna 973589 974984 NC_004310.gbk
569 36.2 93925 92960 genome.dna 2100215 2101220 NC_004310.gbk
1305 64.3 98527 99441 genome.dna 407400 408327 NC_004310.gbk
460 33.5 99451 101520 genome.dna 408445 410779 NC_004310.gbk
453 48.3 110262 109636 genome.dna 561033 561633 NC_004310.gbk
2414 70.4 111626 113161 genome.dna 213610 215128 NC_004310.gbk
1458 47.4 115831 114374 genome.dna 544310 542858 NC_004310.gbk
1910 63.4 117217 115898 genome.dna 542812 541504 NC_004310.gbk
474 33.6 151546 150683 genome.dna 461638 462538 NC_004310.gbk
891 58.8 162282 162998 genome.dna 185516 186233 NC_004310.gbk
361 46.6 165569 165111 genome.dna 1619629 1619155 NC_004310.gbk
468 40.6 168516 169325 genome.dna 2105202 2106084 NC_004310.gbk
422 43.5 170854 170375 genome.dna 1069637 1069142 NC_004310.gbk
750 34.3 186786 187982 genome.dna 332938 331660 NC_004310.gbk
276 30.2 192299 192775 genome.dna 1998499 1998007 NC_004310.gbk
733 38.1 192775 193791 genome.dna 1823689 1824670 NC_004310.gbk
881 53.1 193935 194756 genome.dna 1226873 1226072 NC_004310.gbk
216 30.6 217784 218788 genome.dna 770696 769763 NC_004310.gbk
1303 44.9 219661 221034 genome.dna 1907855 1909256 NC_004310.gbk
149 38.9 226078 226338 genome.dna 855848 856091 NC_004310.gbk
457 36.9 226939 227694 genome.dna 856779 857604 NC_004310.gbk
1210 55.3 228573 229595 genome.dna 746275 745237 NC_004310.gbk
974 35.2 238222 239673 genome.dna 1455664 1457065 NC_004310.gbk
1076 52.1 248939 247989 genome.dna 2009463 2010432 NC_004310.gbk
2008 75.4 250357 251541 genome.dna 1219931 1218755 NC_004310.gbk
2008 75.4 250357 251541 genome.dna 1201971 1200795 NC_004310.gbk
627 50.3 252164 252709 genome.dna 1217859 1217331 NC_004310.gbk
581 62.1 252872 253300 genome.dna 1217129 1216700 NC_004310.gbk
843 55.6 253304 254008 genome.dna 1216696 1215994 NC_004310.gbk
253 30.6 254326 254823 genome.dna 1215604 1215085 NC_004310.gbk
427 62.2 254890 255255 genome.dna 1215034 1214659 NC_004310.gbk
3891 57.8 255584 259612 genome.dna 1214452 1210318 NC_004310.gbk
5433 58.1 259736 263959 genome.dna 1210170 1205967 NC_004310.gbk
681 45.1 269828 269043 genome.dna 225783 225012 NC_004310.gbk
99 31.8 270030 269830 genome.dna 225982 225784 NC_004310.gbk
541 44.8 271449 270808 genome.dna 225016 224404 NC_004310.gbk
800 39.9 275283 276347 genome.dna 1993854 1992828 NC_004310.gbk
1582 56.9 280242 278956 genome.dna 420256 418972 NC_004310.gbk
1637 54.3 281849 280260 genome.dna 1747044 1748661 NC_004310.gbk
1284 75.8 288581 287820 genome.dna 729931 730681 NC_004310.gbk
1170 51.5 289684 288590 genome.dna 728693 729851 NC_004310.gbk
1236 51.3 290872 289694 genome.dna 727497 728691 NC_004310.gbk
1294 54.8 291953 290928 genome.dna 726169 727201 NC_004310.gbk
475 36.9 292998 292333 genome.dna 1885104 1885827 NC_004310.gbk
759 40.7 301263 300298 genome.dna 1098113 1097111 NC_004310.gbk
405 35.0 303420 302533 genome.dna 1370275 1371133 NC_004310.gbk
1902 62.4 306633 305290 genome.dna 878398 877039 NC_004310.gbk
406 47.5 307112 306645 genome.dna 878918 878447 NC_004310.gbk
451 50.7 307589 307137 genome.dna 879393 878919 NC_004310.gbk
335 41.1 315964 316557 genome.dna 260025 259398 NC_004310.gbk
1504 52.0 321945 323390 genome.dna 464648 463235 NC_004310.gbk
168 34.1 334075 333803 genome.dna 2016853 2017168 NC_004310.gbk
386 40.5 335599 335126 genome.dna 177674 178139 NC_004310.gbk
900 37.7 337440 336007 genome.dna 174726 176229 NC_004310.gbk
911 59.2 338215 337490 genome.dna 173597 174431 NC_004310.gbk
592 36.8 342391 343203 genome.dna 985952 986810 NC_004310.gbk
1172 49.4 345980 347242 genome.dna 264725 263435 NC_004310.gbk
892 35.8 349956 348586 genome.dna 1349866 1348291 NC_004310.gbk
831 38.0 350815 351966 genome.dna 1863048 1861884 NC_004310.gbk
570 56.6 352201 352629 genome.dna 772770 772305 NC_004310.gbk
475 52.7 352645 353037 genome.dna 772303 771826 NC_004310.gbk
411 33.3 355354 354581 genome.dna 1299785 1298975 NC_004310.gbk
622 33.7 357036 355618 genome.dna 292906 291400 NC_004310.gbk
525 43.9 366712 367449 genome.dna 1705394 1704659 NC_004310.gbk
766 48.9 372605 373492 genome.dna 188752 189610 NC_004310.gbk
1059 46.4 404861 403671 genome.dna 724736 723566 NC_004310.gbk
835 53.3 409087 410001 genome.dna 1611762 1612641 NC_004310.gbk
523 58.2 410005 410430 genome.dna 1612646 1613141 NC_004310.gbk
102 35.8 431880 431494 genome.dna 1144111 1144576 NC_004310.gbk
466 37.7 435364 434357 genome.dna 314028 314967 NC_004310.gbk
2369 50.5 460910 458055 genome.dna 918806 921539 NC_004310.gbk
946 37.6 463248 461737 genome.dna 676738 678232 NC_004310.gbk
1487 52.3 485144 483705 genome.dna 1887681 1889133 NC_004310.gbk
755 35.9 522787 521576 genome.dna 1834050 1835295 NC_004310.gbk
334 35.7 526894 527520 genome.dna 1664212 1663615 NC_004310.gbk
1208 42.1 530287 528905 genome.dna 449933 448529 NC_004310.gbk
1144 46.7 570938 572074 genome.dna 833849 834989 NC_004310.gbk
299 34.9 572077 572643 genome.dna 1074502 1073923 NC_004310.gbk
833 35.9 574080 575378 genome.dna 766170 764631 NC_004310.gbk
396 37.9 576656 577213 genome.dna 767111 766523 NC_004310.gbk
634 39.9 699974 700837 genome.dna 420400 421402 NC_004310.gbk
248 39.1 703585 703950 genome.dna 976684 977035 NC_004310.gbk
1364 62.0 708773 707778 genome.dna 1512387 1513371 NC_004310.gbk
96 32.1 710564 710259 genome.dna 1158222 1158537 NC_004310.gbk
1400 48.2 753122 751287 genome.dna 1434150 1432131 NC_004310.gbk
1010 49.6 755628 756641 genome.dna 1822613 1823693 NC_004310.gbk
892 45.5 761351 760380 genome.dna 404057 405080 NC_004310.gbk
385 66.7 761939 762196 genome.dna 1780615 1780345 NC_004310.gbk
1056 50.6 763509 764681 genome.dna 1777463 1776437 NC_004310.gbk
545 51.6 766454 766933 genome.dna 1459344 1458870 NC_004310.gbk
2403 58.8 768185 770122 genome.dna 1637006 1635071 NC_004310.gbk
683 43.6 770241 771074 genome.dna 995707 996547 NC_004310.gbk
1433 49.3 771082 772419 genome.dna 1634767 1633411 NC_004310.gbk
1292 42.7 777751 779280 genome.dna 2083540 2085154 NC_004310.gbk
2262 46.2 779306 782008 genome.dna 2086275 2089155 NC_004310.gbk
322 55.1 783547 783816 genome.dna 2091021 2091291 NC_004310.gbk
2585 58.2 784066 786186 genome.dna 2091574 2093719 NC_004310.gbk
275 35.8 793333 793875 genome.dna 1500880 1500385 NC_004310.gbk
546 32.0 805742 806647 genome.dna 363857 362942 NC_004310.gbk
434 31.1 819141 820013 genome.dna 248501 249425 NC_004310.gbk
482 38.2 830229 830876 genome.dna 72077 72734 NC_004310.gbk
514 35.6 839867 840766 genome.dna 1848202 1849150 NC_004310.gbk
856 34.7 841615 843360 genome.dna 1233139 1231354 NC_004310.gbk
624 43.3 858630 859340 genome.dna 601652 602360 NC_004310.gbk
1397 50.5 909308 910588 genome.dna 773685 774969 NC_004310.gbk
346 31.9 912721 911924 genome.dna 1813253 1812398 NC_004310.gbk
425 43.7 927840 927358 genome.dna 639036 639513 NC_004310.gbk
267 35.1 927996 928442 genome.dna 1101259 1100848 NC_004310.gbk
1055 34.4 931102 929441 genome.dna 1377754 1376074 NC_004310.gbk
422 40.2 932209 932796 genome.dna 184119 183426 NC_004310.gbk
917 41.1 933233 934465 genome.dna 1399771 1401142 NC_004310.gbk
2203 51.5 955638 953644 genome.dna 1665663 1667655 NC_004310.gbk
2943 58.3 964883 967162 genome.dna 983302 980977 NC_004310.gbk
345 36.9 969365 968913 genome.dna 1906592 1907078 NC_004310.gbk
615 41.6 970301 969369 genome.dna 1499440 1500352 NC_004310.gbk
1178 53.0 984193 985221 genome.dna 1293610 1292605 NC_004310.gbk
1022 52.2 985221 986075 genome.dna 1292479 1291612 NC_004310.gbk
627 39.6 991219 990023 genome.dna 1618077 1616850 NC_004310.gbk
600 38.2 997695 996727 genome.dna 1022689 1023718 NC_004310.gbk
2392 66.9 1010351 1008708 genome.dna 934003 932383 NC_004310.gbk
1297 55.5 1013309 1014424 genome.dna 379371 380457 NC_004310.gbk
470 47.5 1067553 1068080 genome.dna 94578 95118 NC_004310.gbk
706 39.1 1087061 1085955 genome.dna 493331 492254 NC_004310.gbk
358 33.8 1087227 1087946 genome.dna 2081947 2082649 NC_004310.gbk
301 39.5 1096541 1097074 genome.dna 1768227 1767678 NC_004310.gbk
1367 35.4 1097087 1099333 genome.dna 1808478 1806207 NC_004310.gbk
558 44.1 1099537 1100406 genome.dna 1477039 1477885 NC_004310.gbk
1243 65.4 1100443 1101237 genome.dna 1353785 1352990 NC_004310.gbk
735 32.7 1116801 1117997 genome.dna 251404 252523 NC_004310.gbk
604 32.5 1119665 1120909 genome.dna 886817 888086 NC_004310.gbk
1106 45.7 1125945 1124593 genome.dna 1962170 1963334 NC_004310.gbk
869 33.4 1153145 1150431 genome.dna 160408 157603 NC_004310.gbk
801 48.0 1154052 1153258 genome.dna 1242833 1243661 NC_004310.gbk
858 54.0 1154397 1155122 genome.dna 1142296 1141525 NC_004310.gbk
365 44.2 1155257 1156108 genome.dna 1141336 1140418 NC_004310.gbk
568 49.7 1157130 1157687 genome.dna 1139494 1138933 NC_004310.gbk
721 47.7 1159320 1160081 genome.dna 1138889 1138124 NC_004310.gbk
316 33.3 1160091 1160948 genome.dna 1138020 1137207 NC_004310.gbk
485 30.2 1160970 1162325 genome.dna 1137141 1136001 NC_004310.gbk
560 35.6 1165447 1166469 genome.dna 1133267 1132211 NC_004310.gbk
439 45.3 1166572 1167027 genome.dna 1132219 1131745 NC_004310.gbk
665 37.6 1167032 1167820 genome.dna 1131737 1130900 NC_004310.gbk
562 33.9 1167824 1168975 genome.dna 1130021 1128833 NC_004310.gbk
483 46.2 1168997 1169593 genome.dna 395589 394926 NC_004310.gbk
1695 42.8 1169670 1173152 genome.dna 802359 805851 NC_004310.gbk
1055 50.0 1173165 1174124 genome.dna 1956946 1957900 NC_004310.gbk
783 41.0 1180703 1178139 genome.dna 162979 165712 NC_004310.gbk
551 35.7 1202667 1201900 genome.dna 1305203 1304426 NC_004310.gbk
691 41.1 1203627 1202668 genome.dna 1306201 1305199 NC_004310.gbk
738 49.5 1260789 1261478 genome.dna 2066897 2067584 NC_004310.gbk
556 32.2 1261506 1262828 genome.dna 310221 311538 NC_004310.gbk
751 47.2 1271755 1272822 genome.dna 1067841 1066749 NC_004310.gbk
1259 53.1 1272920 1274065 genome.dna 1066753 1065619 NC_004310.gbk
197 30.5 1274175 1274507 genome.dna 863296 863638 NC_004310.gbk
425 47.6 1278470 1278919 genome.dna 752221 752698 NC_004310.gbk
664 38.3 1278982 1280091 genome.dna 752699 753821 NC_004310.gbk
300 42.6 1280201 1280677 genome.dna 754511 754985 NC_004310.gbk
211 35.0 1280702 1281121 genome.dna 754990 755506 NC_004310.gbk
2036 52.5 1284598 1282733 genome.dna 434850 436782 NC_004310.gbk
752 44.7 1285528 1284617 genome.dna 1705580 1706495 NC_004310.gbk
138 33.3 1285773 1285525 genome.dna 431636 431891 NC_004310.gbk
384 56.1 1292504 1292172 genome.dna 50156 50522 NC_004310.gbk
877 62.9 1293119 1292505 genome.dna 49527 50157 NC_004310.gbk
3253 68.4 1295100 1293109 genome.dna 47544 49524 NC_004310.gbk
1083 54.8 1296067 1295105 genome.dna 46439 47465 NC_004310.gbk
138 39.3 1298919 1299233 genome.dna 1952009 1952324 NC_004310.gbk
763 31.8 1299536 1300840 genome.dna 871528 872986 NC_004310.gbk
894 66.8 1301367 1301990 genome.dna 1086261 1085631 NC_004310.gbk
1846 67.8 1302154 1303428 genome.dna 1085250 1083975 NC_004310.gbk
3264 64.1 1303620 1306001 genome.dna 1083544 1081105 NC_004310.gbk
326 55.6 1306200 1306472 genome.dna 1080925 1080649 NC_004310.gbk
339 31.0 1310544 1309849 genome.dna 1901937 1902636 NC_004310.gbk
532 49.3 1312030 1312560 genome.dna 841385 840905 NC_004310.gbk
1340 47.8 1316909 1318201 genome.dna 1832707 1831405 NC_004310.gbk
956 49.1 1319182 1318319 genome.dna 1833831 1832895 NC_004310.gbk
179 58.5 1322427 1322284 genome.dna 1681252 1681378 NC_004310.gbk
2956 45.4 1326027 1322899 genome.dna 302338 305494 NC_004310.gbk
799 37.7 1327249 1326056 genome.dna 301148 302342 NC_004310.gbk
361 34.1 1327415 1328056 genome.dna 300976 300346 NC_004310.gbk
580 48.8 1329655 1330212 genome.dna 1489768 1489207 NC_004310.gbk
928 32.9 1330287 1332362 genome.dna 40548 38739 NC_004310.gbk
336 47.5 1332403 1332732 genome.dna 38715 38391 NC_004310.gbk
515 43.8 1332732 1333337 genome.dna 38261 37655 NC_004310.gbk
473 48.2 1335658 1336302 genome.dna 1189697 1189112 NC_004310.gbk
886 55.4 1339291 1337606 genome.dna 1287087 1288947 NC_004310.gbk
469 33.1 1348853 1349839 genome.dna 1960759 1959586 NC_004310.gbk
1711 39.2 1356196 1353473 genome.dna 230496 232977 NC_004310.gbk
316 39.4 1356312 1356722 genome.dna 233406 232956 NC_004310.gbk
523 43.6 1363250 1362525 genome.dna 1810294 1811041 NC_004310.gbk
1964 49.8 1363499 1366138 genome.dna 1072916 1070147 NC_004310.gbk
397 34.4 1381835 1382692 genome.dna 2106210 2106984 NC_004310.gbk
562 40.4 1391405 1390635 genome.dna 1905557 1904714 NC_004310.gbk
526 46.0 1426894 1426256 genome.dna 696537 695967 NC_004310.gbk
1221 52.9 1427931 1426894 genome.dna 697661 696581 NC_004310.gbk
387 39.0 1433876 1433409 genome.dna 895044 894579 NC_004310.gbk
856 45.4 1434853 1435731 genome.dna 638064 638946 NC_004310.gbk
700 44.5 1436929 1437642 genome.dna 819302 818537 NC_004310.gbk
1428 57.1 1458435 1457257 genome.dna 1703581 1702396 NC_004310.gbk
369 45.8 1466738 1466361 genome.dna 380638 380989 NC_004310.gbk
236 57.4 1468125 1468334 genome.dna 1450520 1450730 NC_004310.gbk
195 37.8 1468782 1468399 genome.dna 1328350 1327960 NC_004310.gbk
972 52.5 1470427 1469462 genome.dna 1102281 1101312 NC_004310.gbk
665 33.1 1473099 1471888 genome.dna 955105 956296 NC_004310.gbk
430 31.1 1474380 1473265 genome.dna 953729 954995 NC_004310.gbk
542 30.1 1475506 1474394 genome.dna 1390548 1389390 NC_004310.gbk
219 32.0 1477924 1477454 genome.dna 1772754 1772229 NC_004310.gbk
325 42.3 1478243 1477926 genome.dna 1773126 1772772 NC_004310.gbk
1638 45.4 1483266 1480684 genome.dna 1738179 1735545 NC_004310.gbk
631 30.5 1489354 1487825 genome.dna 2078288 2079887 NC_004310.gbk
915 49.0 1492026 1490968 genome.dna 2075545 2076529 NC_004310.gbk
1322 47.4 1493774 1492350 genome.dna 2073905 2075309 NC_004310.gbk
325 38.3 1506798 1506349 genome.dna 1603452 1603878 NC_004310.gbk
376 44.0 1514785 1514357 genome.dna 1263632 1263203 NC_004310.gbk
2013 69.8 1536355 1535069 genome.dna 1127368 1128661 NC_004310.gbk
226 32.3 1537007 1537396 genome.dna 1839450 1839051 NC_004310.gbk
1993 53.8 1537737 1539503 genome.dna 1838635 1836793 NC_004310.gbk
890 53.8 1539520 1540236 genome.dna 1836778 1835998 NC_004310.gbk
1619 44.1 1540513 1543320 genome.dna 1857999 1854984 NC_004310.gbk
1294 51.1 1543336 1544562 genome.dna 1854923 1853696 NC_004310.gbk
1123 51.9 1544898 1546064 genome.dna 1860377 1859180 NC_004310.gbk
1165 59.4 1546064 1546936 genome.dna 1859177 1858274 NC_004310.gbk
592 45.4 1551348 1552034 genome.dna 1644835 1644124 NC_004310.gbk
312 38.2 1555196 1555705 genome.dna 1640873 1640366 NC_004310.gbk
669 38.7 1561588 1560626 genome.dna 498582 499476 NC_004310.gbk
588 31.1 1571894 1570848 genome.dna 830977 832000 NC_004310.gbk
1262 54.9 1573036 1572017 genome.dna 1037524 1036516 NC_004310.gbk
1565 61.4 1583143 1582073 genome.dna 539230 540283 NC_004310.gbk
1388 44.8 1631952 1633361 genome.dna 531061 532486 NC_004310.gbk
1860 51.9 1652381 1653892 genome.dna 1765353 1763856 NC_004310.gbk
1103 43.9 1661611 1662744 genome.dna 1303314 1304430 NC_004310.gbk
1291 46.4 1803146 1801686 genome.dna 622964 621461 NC_004310.gbk
734 33.9 1830416 1829217 genome.dna 1355981 1354769 NC_004310.gbk
428 53.5 1860773 1860348 genome.dna 953011 953359 NC_004310.gbk
547 31.5 1980555 1981667 genome.dna 520898 519794 NC_004310.gbk
418 35.2 1992686 1993273 genome.dna 551142 550545 NC_004310.gbk
1711 54.4 1993342 1994814 genome.dna 548708 547244 NC_004310.gbk
1876 51.5 1994834 1996513 genome.dna 550543 548893 NC_004310.gbk
207 31.5 1996673 1997326 genome.dna 845254 845962 NC_004310.gbk
698 55.0 1997941 1997423 genome.dna 2097640 2097121 NC_004310.gbk
109 30.9 2015203 2015631 genome.dna 1896695 1896245 NC_004310.gbk
303 34.7 2040198 2039605 genome.dna 1995142 1995742 NC_004310.gbk
164 52.7 2040877 2041047 genome.dna 1704499 1704319 NC_004310.gbk
856 41.9 2041077 2042123 genome.dna 760141 761182 NC_004310.gbk
996 49.1 2042130 2043083 genome.dna 761429 762401 NC_004310.gbk
733 41.5 2043101 2044030 genome.dna 456142 457087 NC_004310.gbk
813 53.3 2044045 2044779 genome.dna 457156 457894 NC_004310.gbk
301 67.1 2044934 2045170 genome.dna 458167 458404 NC_004310.gbk
1388 52.3 2045253 2046494 genome.dna 458727 459990 NC_004310.gbk
614 38.2 2047434 2048453 genome.dna 460214 461453 NC_004310.gbk
414 37.9 2048443 2049102 genome.dna 956386 957022 NC_004310.gbk
601 39.8 2050132 2050929 genome.dna 959825 960617 NC_004310.gbk
200 34.2 2055442 2055792 genome.dna 1146631 1147054 NC_004310.gbk
487 32.1 2057749 2058777 genome.dna 853071 854085 NC_004310.gbk
632 43.4 2071740 2072447 genome.dna 801017 801701 NC_004310.gbk
1739 60.5 2112831 2114330 genome.dna 903956 905480 NC_004310.gbk
925 58.0 2114428 2115174 genome.dna 905547 906303 NC_004310.gbk
445 30.1 2115176 2116495 genome.dna 906316 907594 NC_004310.gbk
1336 48.2 2116495 2117718 genome.dna 907675 908920 NC_004310.gbk
363 44.5 2117752 2118168 genome.dna 569115 568689 NC_004310.gbk
423 40.2 2138606 2139226 genome.dna 100130 100778 NC_004310.gbk
539 42.0 2139226 2139882 genome.dna 100777 101443 NC_004310.gbk
734 48.3 2139951 2140691 genome.dna 101500 102286 NC_004310.gbk
331 38.9 2140906 2141388 genome.dna 596894 597392 NC_004310.gbk
1898 45.4 2141385 2143340 genome.dna 597411 599403 NC_004310.gbk
355 39.7 2143337 2143894 genome.dna 102452 103064 NC_004310.gbk
324 38.9 2143891 2144349 genome.dna 599399 599876 NC_004310.gbk
525 33.4 2179364 2177811 genome.dna 704831 703157 NC_004310.gbk
738 31.7 2181270 2179897 genome.dna 347415 348831 NC_004310.gbk
354 36.4 2181519 2182154 genome.dna 753820 754429 NC_004310.gbk
670 34.4 2183367 2182216 genome.dna 452945 451664 NC_004310.gbk
335 41.2 2188157 2187750 genome.dna 1229672 1230113 NC_004310.gbk
626 35.8 2190305 2191417 genome.dna 900156 901278 NC_004310.gbk
557 43.8 2191939 2192622 genome.dna 422068 421441 NC_004310.gbk
1068 44.2 2192856 2194133 genome.dna 900041 898787 NC_004310.gbk
457 35.2 2194218 2195078 genome.dna 1763195 1762298 NC_004310.gbk
3648 61.8 2198282 2200954 genome.dna 99787 97099 NC_004310.gbk
455 38.9 2216576 2217319 genome.dna 2053785 2054502 NC_004310.gbk
857 49.4 2239913 2239125 genome.dna 2095718 2094899 NC_004310.gbk
842 35.0 2252210 2253607 genome.dna 1000909 999448 NC_004310.gbk
1004 56.9 2263993 2263058 genome.dna 809250 810132 NC_004310.gbk
329 30.0 2291401 2290679 genome.dna 687915 687159 NC_004310.gbk
272 46.3 2324296 2324544 genome.dna 432918 432657 NC_004310.gbk
2039 62.4 2338271 2339743 genome.dna 1591761 1593213 NC_004310.gbk
1001 62.2 2343795 2344529 genome.dna 127830 127023 NC_004310.gbk
246 31.2 2406120 2405455 genome.dna 1891699 1891015 NC_004310.gbk
420 42.0 2461266 2461811 genome.dna 1253299 1252777 NC_004310.gbk
1406 58.7 2487322 2486231 genome.dna 1487021 1488125 NC_004310.gbk
1103 52.9 2489732 2488785 genome.dna 1482216 1483149 NC_004310.gbk
425 36.1 2490742 2489870 genome.dna 399609 398709 NC_004310.gbk
1219 55.0 2492889 2493971 genome.dna 1806011 1804931 NC_004310.gbk
473 37.2 2493971 2494816 genome.dna 1804899 1804047 NC_004310.gbk
856 46.5 2496092 2496946 genome.dna 1111977 1111143 NC_004310.gbk
803 44.3 2534552 2533659 genome.dna 67688 68612 NC_004310.gbk
1408 50.1 2540511 2541806 genome.dna 1316189 1314893 NC_004310.gbk
578 58.1 2569222 2568764 genome.dna 1143013 1142518 NC_004310.gbk
1102 51.7 2570445 2569453 genome.dna 1036388 1035422 NC_004310.gbk
724 54.7 2585970 2586605 genome.dna 179866 180613 NC_004310.gbk
449 35.3 2595189 2595950 genome.dna 445985 445244 NC_004310.gbk
582 43.4 2595969 2596559 genome.dna 1264240 1263631 NC_004310.gbk
776 39.6 2605113 2606180 genome.dna 1118356 1119376 NC_004310.gbk
1499 57.6 2607572 2608762 genome.dna 2036420 2035199 NC_004310.gbk
497 34.7 2608762 2609568 genome.dna 2034733 2033893 NC_004310.gbk
313 32.5 2611473 2610838 genome.dna 1513518 1514202 NC_004310.gbk
347 33.8 2619430 2619996 genome.dna 1867677 1868340 NC_004310.gbk
368 44.6 2620019 2620441 genome.dna 1463801 1463411 NC_004310.gbk
171 35.1 2621565 2621861 genome.dna 1824671 1824962 NC_004310.gbk
533 41.6 2642048 2641143 genome.dna 1046931 1047879 NC_004310.gbk
440 34.5 2645012 2644386 genome.dna 183294 182637 NC_004310.gbk
593 35.9 2645457 2646263 genome.dna 845086 844303 NC_004310.gbk
301 30.5 2649224 2648673 genome.dna 1039740 1039155 NC_004310.gbk
597 44.3 2652833 2653480 genome.dna 1421550 1422180 NC_004310.gbk
565 52.0 2676960 2676514 genome.dna 1431626 1431167 NC_004310.gbk
534 41.4 2677723 2677067 genome.dna 69482 70172 NC_004310.gbk
568 30.5 2681594 2680470 genome.dna 737566 736408 NC_004310.gbk
1959 53.1 2683421 2681736 genome.dna 299915 298250 NC_004310.gbk
409 42.3 2689954 2690532 genome.dna 1503687 1503180 NC_004310.gbk
1207 47.4 2691006 2692370 genome.dna 1154312 1152908 NC_004310.gbk
1644 51.7 2696737 2695181 genome.dna 1295797 1294240 NC_004310.gbk
238 53.6 2702947 2702738 genome.dna 1468981 1469197 NC_004310.gbk
310 50.6 2728844 2728548 genome.dna 762519 762843 NC_004310.gbk
1609 36.3 2731236 2728849 genome.dna 2045871 2048286 NC_004310.gbk
324 47.0 2732234 2731251 genome.dna 2044740 2045850 NC_004310.gbk
467 60.7 2732903 2732547 genome.dna 2043306 2043711 NC_004310.gbk
127 39.7 2733144 2732947 genome.dna 2043078 2043279 NC_004310.gbk
1557 48.9 2735713 2733785 genome.dna 1043001 1041024 NC_004310.gbk
282 32.2 2741372 2740491 genome.dna 1742684 1743662 NC_004310.gbk
736 35.9 2757088 2758194 genome.dna 1539588 1538391 NC_004310.gbk
609 44.3 2760640 2761329 genome.dna 593037 593727 NC_004310.gbk
277 34.1 2770193 2769657 genome.dna 195916 195337 NC_004310.gbk
1262 50.7 2771476 2770376 genome.dna 648928 647716 NC_004310.gbk
1616 40.2 2791079 2789028 genome.dna 564366 562257 NC_004310.gbk
1019 38.9 2796565 2798007 genome.dna 1683793 1682356 NC_004310.gbk
1303 59.7 2809298 2808294 genome.dna 1646679 1645638 NC_004310.gbk
356 33.2 2809923 2809306 genome.dna 1647337 1646719 NC_004310.gbk
442 42.9 2810663 2810151 genome.dna 1647863 1647341 NC_004310.gbk
761 49.2 2811487 2810744 genome.dna 1659626 1658879 NC_004310.gbk
1532 41.4 2813755 2811956 genome.dna 737792 739580 NC_004310.gbk
145 32.7 2822402 2821764 genome.dna 1054363 1053745 NC_004310.gbk
145 32.7 2822402 2821764 genome.dna 268510 269128 NC_004310.gbk
966 33.5 2838878 2837343 genome.dna 157590 156000 NC_004310.gbk
350 32.6 2841233 2840649 genome.dna 481252 480631 NC_004310.gbk
1297 38.9 2854450 2852540 genome.dna 1687652 1685834 NC_004310.gbk
872 44.7 2859653 2858643 genome.dna 324124 323029 NC_004310.gbk
2501 46.2 2862472 2859857 genome.dna 614657 612005 NC_004310.gbk
577 33.8 2862696 2863901 genome.dna 122909 124214 NC_004310.gbk
788 54.6 2869134 2868487 genome.dna 1470838 1470181 NC_004310.gbk
585 43.2 2884168 2883416 genome.dna 43917 43161 NC_004310.gbk
1093 34.7 2887241 2885457 genome.dna 1658115 1656315 NC_004310.gbk
521 33.7 2906057 2905173 genome.dna 254815 255661 NC_004310.gbk
966 41.6 2917289 2918617 genome.dna 262650 261357 NC_004310.gbk
320 37.2 2920770 2921360 genome.dna 2006821 2007472 NC_004310.gbk
469 36.2 2921367 2922104 genome.dna 2007476 2008208 NC_004310.gbk
647 40.9 2922086 2922862 genome.dna 2008204 2008990 NC_004310.gbk
312 49.5 2923933 2923649 genome.dna 170435 170150 NC_004310.gbk
1804 47.5 2925698 2924025 genome.dna 31608 33309 NC_004310.gbk
377 39.1 2926492 2925815 genome.dna 30733 31393 NC_004310.gbk
1455 55.1 2975613 2974318 genome.dna 857680 858964 NC_004310.gbk
605 46.2 2977060 2975717 genome.dna 1184348 1183034 NC_004310.gbk
538 52.0 2981911 2981417 genome.dna 1522186 1522648 NC_004310.gbk
1101 54.5 2982496 2983455 genome.dna 1455343 1454368 NC_004310.gbk
306 62.9 2988043 2988261 genome.dna 260277 260058 NC_004310.gbk
2449 59.1 2992855 2990582 genome.dna 1149635 1147160 NC_004310.gbk
447 41.1 3002258 3001431 genome.dna 1403635 1402828 NC_004310.gbk
539 37.2 3003564 3004295 genome.dna 927600 926793 NC_004310.gbk
950 55.1 3009847 3009002 genome.dna 1556545 1555723 NC_004310.gbk
1112 55.3 3010809 3009844 genome.dna 1557458 1556546 NC_004310.gbk
1290 53.1 3011957 3010824 genome.dna 1558619 1557473 NC_004310.gbk
1321 54.5 3013338 3012229 genome.dna 1559964 1558860 NC_004310.gbk
178 39.2 3016496 3016762 genome.dna 1813530 1813263 NC_004310.gbk
765 52.9 3025403 3026020 genome.dna 924820 924199 NC_004310.gbk
420 40.6 3046334 3045672 genome.dna 1045631 1046273 NC_004310.gbk
884 52.2 3051198 3052058 genome.dna 143532 142776 NC_004310.gbk
532 33.7 3064304 3063432 genome.dna 34852 35752 NC_004310.gbk
442 30.0 3064423 3065496 genome.dna 34737 33726 NC_004310.gbk
1195 37.8 3076165 3077973 genome.dna 12633 10818 NC_004310.gbk
1552 61.5 3077983 3079080 genome.dna 10707 9609 NC_004310.gbk
1008 57.9 3079077 3080102 genome.dna 9610 8470 NC_004310.gbk
1963 56.4 3080104 3081720 genome.dna 8447 6821 NC_004310.gbk
588 30.1 3105774 3104605 genome.dna 555526 556675 NC_004310.gbk
585 57.8 3108684 3109187 genome.dna 2071571 2071073 NC_004310.gbk
1201 45.2 3147123 3145672 genome.dna 1020911 1022519 NC_004310.gbk
622 47.3 3154559 3153852 genome.dna 93726 94464 NC_004310.gbk
420 42.6 3155124 3154672 genome.dna 684121 683629 NC_004310.gbk
186 41.0 3155372 3155127 genome.dna 684380 684122 NC_004310.gbk
570 60.1 3155863 3155369 genome.dna 1120195 1120693 NC_004310.gbk
604 32.5 3157424 3156435 genome.dna 930320 929285 NC_004310.gbk
480 34.9 3169188 3169883 genome.dna 337102 337810 NC_004310.gbk
691 34.4 3178804 3180039 genome.dna 1120788 1122003 NC_004310.gbk
613 44.0 3180042 3180794 genome.dna 5069 5852 NC_004310.gbk
399 38.9 3228583 3228035 genome.dna 684969 684384 NC_004310.gbk
1148 38.7 3230474 3228642 genome.dna 686923 685087 NC_004310.gbk
741 38.4 3290769 3289561 genome.dna 902597 903776 NC_004310.gbk
155 30.0 3325375 3325824 genome.dna 1514691 1514235 NC_004310.gbk
641 36.5 3327630 3326722 genome.dna 1058662 1059595 NC_004310.gbk
444 60.0 3332182 3332514 genome.dna 901607 901274 NC_004310.gbk
858 34.3 3372145 3370688 genome.dna 792686 794123 NC_004310.gbk
917 37.7 3373687 3372152 genome.dna 791156 792665 NC_004310.gbk
800 37.0 3375638 3373788 genome.dna 789171 791157 NC_004310.gbk
230 38.0 3375937 3375635 genome.dna 788855 789164 NC_004310.gbk
482 41.7 3378041 3377067 genome.dna 786506 787550 NC_004310.gbk
1065 42.2 3382301 3380952 genome.dna 782960 784268 NC_004310.gbk
303 37.3 3385876 3385436 genome.dna 779377 779743 NC_004310.gbk
475 38.2 3394163 3393489 genome.dna 835669 834985 NC_004310.gbk
651 46.4 3401812 3402438 genome.dna 623530 624241 NC_004310.gbk
487 33.6 3406246 3405557 genome.dna 926551 925828 NC_004310.gbk
772 40.7 3409858 3408341 genome.dna 447511 446053 NC_004310.gbk
901 46.2 3413548 3412631 genome.dna 2033833 2032927 NC_004310.gbk
250 33.5 3414435 3413773 genome.dna 432416 431897 NC_004310.gbk
1525 58.9 3421622 3420405 genome.dna 2096956 2095732 NC_004310.gbk
743 44.1 3425582 3424782 genome.dna 1262421 1263207 NC_004310.gbk
1042 57.2 3427528 3426443 genome.dna 428120 429215 NC_004310.gbk
428 33.9 3451704 3451132 genome.dna 821328 820761 NC_004310.gbk
1946 81.5 3457211 3458236 genome.dna 1977719 1976696 NC_004310.gbk
1399 50.2 3477877 3476636 genome.dna 1238652 1237431 NC_004310.gbk
1114 52.9 3478244 3479224 genome.dna 984500 983519 NC_004310.gbk
1029 49.2 3500028 3499135 genome.dna 67564 66670 NC_004310.gbk
425 40.2 3519048 3517663 genome.dna 662059 663580 NC_004310.gbk
198 37.6 3520193 3520687 genome.dna 1068469 1067962 NC_004310.gbk
662 66.2 3521609 3522118 genome.dna 1679423 1679912 NC_004310.gbk
559 39.7 3522115 3523185 genome.dna 1680003 1681017 NC_004310.gbk
974 60.4 3527868 3527053 genome.dna 2065218 2065992 NC_004310.gbk
1337 35.9 3531913 3533985 genome.dna 732503 734744 NC_004310.gbk
575 32.2 3542091 3543101 genome.dna 1975243 1974184 NC_004310.gbk
505 30.1 3549622 3550470 genome.dna 249427 250303 NC_004310.gbk
1706 30.5 3560370 3563492 genome.dna 282731 285863 NC_004310.gbk
524 37.0 3569781 3570509 genome.dna 2013056 2013776 NC_004310.gbk
875 53.3 3577570 3576767 genome.dna 227858 226982 NC_004310.gbk
337 30.3 3586091 3587221 genome.dna 1425050 1424048 NC_004310.gbk
1017 38.5 3599984 3598497 genome.dna 387042 388494 NC_004310.gbk
275 34.6 3604488 3603367 genome.dna 1707765 1706502 NC_004310.gbk
599 42.8 3607701 3606505 genome.dna 85867 84631 NC_004310.gbk
545 60.1 3608433 3608005 genome.dna 682059 682482 NC_004310.gbk
783 42.6 3611852 3612721 genome.dna 1024490 1025345 NC_004310.gbk
774 38.1 3615811 3614501 genome.dna 2104644 2103261 NC_004310.gbk
248 41.9 3616630 3616295 genome.dna 993962 994286 NC_004310.gbk
315 43.1 3619470 3619147 genome.dna 913934 913553 NC_004310.gbk
424 36.3 3622783 3622058 genome.dna 1172688 1171857 NC_004310.gbk
703 40.3 3622920 3623723 genome.dna 1653148 1653940 NC_004310.gbk
1659 59.8 3635387 3634134 genome.dna 750663 751980 NC_004310.gbk
534 69.6 3640872 3640534 genome.dna 969013 968674 NC_004310.gbk
266 37.5 3680225 3679845 genome.dna 650583 650988 NC_004310.gbk
432 37.0 3680956 3680225 genome.dna 1340425 1339684 NC_004310.gbk
712 41.0 3682691 3681786 genome.dna 652731 653667 NC_004310.gbk
386 35.8 3683368 3682688 genome.dna 651849 652587 NC_004310.gbk
364 39.1 3684626 3683661 genome.dna 651098 651881 NC_004310.gbk
1270 45.7 3698228 3696813 genome.dna 1125718 1127140 NC_004310.gbk
1049 50.4 3703917 3702925 genome.dna 112751 113831 NC_004310.gbk
1062 59.5 3704788 3703907 genome.dna 111787 112654 NC_004310.gbk
1074 59.9 3705613 3704801 genome.dna 110931 111798 NC_004310.gbk
1355 64.5 3706780 3705770 genome.dna 109808 110837 NC_004310.gbk
962 36.6 3709959 3708493 genome.dna 600017 601559 NC_004310.gbk
497 40.0 3728155 3728859 genome.dna 1242117 1242834 NC_004310.gbk
348 42.4 3729128 3729583 genome.dna 1001898 1002315 NC_004310.gbk
304 38.9 3732230 3732727 genome.dna 996921 997455 NC_004310.gbk
623 42.0 3732844 3733638 genome.dna 340567 341395 NC_004310.gbk
720 43.9 3733793 3734647 genome.dna 339684 340566 NC_004310.gbk
489 44.8 3738313 3737777 genome.dna 1914162 1913625 NC_004310.gbk
619 47.1 3749695 3748958 genome.dna 1997244 1997949 NC_004310.gbk
621 62.8 3749751 3750215 genome.dna 474946 475411 NC_004310.gbk
498 35.8 3750989 3751744 genome.dna 1868372 1869146 NC_004310.gbk
3254 58.0 3762599 3760023 genome.dna 1802646 1800021 NC_004310.gbk
417 55.9 3773009 3772662 genome.dna 1842567 1842129 NC_004310.gbk
644 44.3 3773827 3773072 genome.dna 1847413 1846678 NC_004310.gbk
276 31.2 3774414 3773866 genome.dna 1847979 1847409 NC_004310.gbk
1492 50.6 3776200 3774839 genome.dna 1760158 1758586 NC_004310.gbk
2000 54.0 3784972 3782345 genome.dna 1179769 1177111 NC_004310.gbk
1522 70.8 3786717 3785644 genome.dna 1181247 1180161 NC_004310.gbk
338 40.8 3787319 3786825 genome.dna 1099476 1099974 NC_004310.gbk
276 31.3 3788942 3789616 genome.dna 1073203 1073833 NC_004310.gbk
1096 41.5 3882715 3881462 genome.dna 1775246 1773980 NC_004310.gbk
872 40.7 3883829 3882726 genome.dna 1776410 1775273 NC_004310.gbk
539 50.0 3886357 3885899 genome.dna 1016395 1015897 NC_004310.gbk
633 31.1 3911288 3910026 genome.dna 288754 287506 NC_004310.gbk
419 53.1 3921260 3920868 genome.dna 1835752 1835380 NC_004310.gbk
933 47.8 3921930 3923132 genome.dna 1529246 1530293 NC_004310.gbk
417 35.9 3930070 3930801 genome.dna 1784642 1785317 NC_004310.gbk
596 31.3 3932105 3933280 genome.dna 1031662 1030561 NC_004310.gbk
1101 34.9 3933298 3934833 genome.dna 1030562 1029020 NC_004310.gbk
1877 66.9 3945541 3944261 genome.dna 1412591 1411265 NC_004310.gbk
781 48.1 3954101 3954916 genome.dna 2098495 2099275 NC_004310.gbk
877 39.4 3956293 3958011 genome.dna 798379 799708 NC_004310.gbk
387 33.8 3961248 3960622 genome.dna 859945 860545 NC_004310.gbk
1514 73.9 3970373 3969465 genome.dna 203876 204779 NC_004310.gbk
1113 44.5 3971825 3970383 genome.dna 190206 191640 NC_004310.gbk
307 30.9 3972869 3972135 genome.dna 193640 194399 NC_004310.gbk
1650 60.4 4001743 4000448 genome.dna 1110957 1109679 NC_004310.gbk
2041 57.0 4003479 4001842 genome.dna 1113711 1112082 NC_004310.gbk
521 52.8 4004518 4003706 genome.dna 1037668 1038493 NC_004310.gbk
491 33.0 4013697 4012813 genome.dna 1273856 1274747 NC_004310.gbk
488 34.0 4014558 4013788 genome.dna 819945 820713 NC_004310.gbk
1149 47.0 4027241 4025196 genome.dna 1375889 1373729 NC_004310.gbk
689 32.8 4031933 4029078 genome.dna 603885 606837 NC_004310.gbk
672 52.8 4039680 4040210 genome.dna 1920395 1919864 NC_004310.gbk
611 43.7 4050959 4050219 genome.dna 206760 207561 NC_004310.gbk
183 30.5 4053431 4053985 genome.dna 1018686 1019286 NC_004310.gbk
267 59.7 4060248 4060021 genome.dna 455288 455039 NC_004310.gbk
405 35.5 4068636 4067902 genome.dna 1220561 1221422 NC_004310.gbk
419 37.0 4076900 4077613 genome.dna 1738301 1738982 NC_004310.gbk
398 38.0 4079441 4080034 genome.dna 186813 187476 NC_004310.gbk
833 38.0 4080027 4081166 genome.dna 187529 188687 NC_004310.gbk
406 46.9 4086876 4086421 genome.dna 144743 144275 NC_004310.gbk
478 34.8 4102382 4101120 genome.dna 1909576 1910842 NC_004310.gbk
1187 53.8 4109655 4110677 genome.dna 836905 837928 NC_004310.gbk
451 33.1 4114259 4113273 genome.dna 1676663 1675682 NC_004310.gbk
493 33.5 4114440 4115846 genome.dna 451466 449960 NC_004310.gbk
2853 59.5 4139901 4137067 genome.dna 1077539 1080464 NC_004310.gbk
516 50.0 4140147 4140710 genome.dna 1076641 1076134 NC_004310.gbk
1166 51.4 4186931 4185840 genome.dna 250310 251402 NC_004310.gbk
431 33.2 4217612 4218277 genome.dna 1734180 1734834 NC_004310.gbk
1137 44.2 4231793 4230366 genome.dna 1851812 1850408 NC_004310.gbk
289 32.3 4250722 4251348 genome.dna 1996600 1997203 NC_004310.gbk
107 32.2 4252166 4252360 genome.dna 259347 259173 NC_004310.gbk
315 37.5 4252799 4252404 genome.dna 1870582 1870165 NC_004310.gbk
2055 53.6 4255592 4252890 genome.dna 1874440 1877161 NC_004310.gbk
834 41.5 4257707 4256787 genome.dna 1379897 1379036 NC_004310.gbk
702 30.5 4260285 4259029 genome.dna 1383556 1382233 NC_004310.gbk
579 39.6 4262088 4261168 genome.dna 1385402 1384475 NC_004310.gbk
1262 43.9 4263557 4262097 genome.dna 1388028 1386612 NC_004310.gbk
532 36.6 4264711 4263620 genome.dna 1389164 1388024 NC_004310.gbk
522 33.9 4267226 4265910 genome.dna 1391951 1390547 NC_004310.gbk
1260 50.4 4268312 4267230 genome.dna 1393046 1391963 NC_004310.gbk
638 34.0 4269667 4268306 genome.dna 1394518 1393072 NC_004310.gbk
813 38.3 4271151 4269664 genome.dna 1395981 1394514 NC_004310.gbk
792 44.6 4274186 4273242 genome.dna 1399314 1398273 NC_004310.gbk
420 45.2 4277861 4277370 genome.dna 1343001 1342428 NC_004310.gbk
1979 51.6 4279582 4277864 genome.dna 1344774 1343019 NC_004310.gbk
2053 64.9 4284858 4286258 genome.dna 1841919 1840509 NC_004310.gbk
1273 55.9 4296705 4297769 genome.dna 1689180 1690185 NC_004310.gbk
1257 42.4 4297745 4299352 genome.dna 1690181 1691813 NC_004310.gbk
633 47.0 4299357 4300049 genome.dna 1691809 1692535 NC_004310.gbk
724 39.1 4318033 4319034 genome.dna 670305 669273 NC_004310.gbk
524 39.6 4319027 4319845 genome.dna 669277 668446 NC_004310.gbk
377 46.1 4319858 4320235 genome.dna 316424 316031 NC_004310.gbk
445 44.0 4323873 4323391 genome.dna 1352988 1352469 NC_004310.gbk
475 43.8 4327281 4326592 genome.dna 1673275 1673977 NC_004310.gbk
2199 60.1 4330684 4327460 genome.dna 1443606 1447095 NC_004310.gbk
1261 53.2 4331847 4330699 genome.dna 1439529 1440753 NC_004310.gbk
961 48.6 4334402 4333452 genome.dna 472845 473964 NC_004310.gbk
346 39.5 4335368 4334856 genome.dna 167668 167185 NC_004310.gbk
231 44.2 4339580 4339843 genome.dna 2107319 2107586 NC_004310.gbk
1076 47.0 4342070 4340889 genome.dna 402499 401317 NC_004310.gbk
1534 57.5 4343498 4342359 genome.dna 2051725 2052859 NC_004310.gbk
2803 68.1 4345514 4343607 genome.dna 2049567 2051481 NC_004310.gbk
1751 60.3 4348005 4346668 genome.dna 1622713 1624144 NC_004310.gbk
730 36.0 4353827 4352538 genome.dna 484160 482768 NC_004310.gbk
345 42.9 4360338 4359856 genome.dna 1368785 1368287 NC_004310.gbk
2096 56.2 4365488 4367155 genome.dna 1415516 1413866 NC_004310.gbk
339 35.7 4373604 4372945 genome.dna 972175 972874 NC_004310.gbk
485 42.4 4376373 4375759 genome.dna 660934 661549 NC_004310.gbk
798 43.0 4379941 4378778 genome.dna 1668873 1670061 NC_004310.gbk
1060 46.7 4381030 4380014 genome.dna 1667795 1668803 NC_004310.gbk
1026 48.2 4388480 4389631 genome.dna 2080673 2081939 NC_004310.gbk
835 42.8 4392301 4393260 genome.dna 2055998 2056937 NC_004310.gbk
431 38.1 4393344 4393907 genome.dna 477040 477643 NC_004310.gbk
1446 51.4 4398393 4397095 genome.dna 1627353 1626063 NC_004310.gbk
102 35.2 4398693 4398493 genome.dna 1350275 1350089 NC_004310.gbk
440 34.5 4399815 4398820 genome.dna 1351197 1350294 NC_004310.gbk
701 35.0 4401072 4399819 genome.dna 1352345 1351196 NC_004310.gbk
947 47.0 4402445 4401165 genome.dna 1087784 1086365 NC_004310.gbk
612 38.2 4403893 4402952 genome.dna 1346023 1345090 NC_004310.gbk
290 32.6 4409618 4408062 genome.dna 969319 970825 NC_004310.gbk
435 36.6 4423913 4423296 genome.dna 1853232 1852593 NC_004310.gbk
357 49.1 4447190 4446837 genome.dna 1462090 1461739 NC_004310.gbk
76 31.8 4447435 4447304 genome.dna 1275277 1275142 NC_004310.gbk
394 35.2 4448185 4447619 genome.dna 1652402 1652963 NC_004310.gbk
1839 52.0 4451372 4449723 genome.dna 293687 295337 NC_004310.gbk
1049 34.8 4455241 4453595 genome.dna 1436954 1438631 NC_004310.gbk
3662 62.6 4464530 4460847 genome.dna 197174 200960 NC_004310.gbk
1706 63.7 4468982 4467675 genome.dna 1561846 1563136 NC_004310.gbk
400 39.6 4477982 4478530 genome.dna 1225300 1224772 NC_004310.gbk
467 37.0 4479596 4478769 genome.dna 1995749 1996604 NC_004310.gbk
402 31.1 4484001 4485290 genome.dna 1743677 1745075 NC_004310.gbk
1068 40.2 4485347 4486723 genome.dna 1090695 1089318 NC_004310.gbk
418 47.5 4486815 4487225 genome.dna 331168 331585 NC_004310.gbk
461 58.3 4488068 4487676 genome.dna 1186627 1186198 NC_004310.gbk
1068 51.7 4489098 4488109 genome.dna 1187802 1186788 NC_004310.gbk
529 44.8 4489744 4489124 genome.dna 808124 808742 NC_004310.gbk
608 66.7 4490164 4489775 genome.dna 1188307 1187917 NC_004310.gbk
430 57.3 4490537 4490181 genome.dna 1188803 1188434 NC_004310.gbk
1604 55.6 4492165 4490834 genome.dna 1191034 1189693 NC_004310.gbk
373 46.7 4492607 4492173 genome.dna 1191665 1191194 NC_004310.gbk
152 43.6 4492790 4492611 genome.dna 1191883 1191685 NC_004310.gbk
551 55.5 4493297 4492797 genome.dna 1192561 1192000 NC_004310.gbk
346 50.5 4493665 4493312 genome.dna 1192965 1192602 NC_004310.gbk
606 51.4 4494208 4493675 genome.dna 1193511 1192977 NC_004310.gbk
393 45.0 4494614 4494222 genome.dna 1193948 1193549 NC_004310.gbk
267 41.6 4494953 4494648 genome.dna 1194264 1193958 NC_004310.gbk
769 59.8 4495506 4494967 genome.dna 1194849 1194291 NC_004310.gbk
308 50.5 4495835 4495521 genome.dna 1195153 1194841 NC_004310.gbk
620 78.9 4496217 4495846 genome.dna 1195534 1195165 NC_004310.gbk
236 47.9 4496635 4496381 genome.dna 1195845 1195602 NC_004310.gbk
222 59.0 4496826 4496635 genome.dna 1196058 1195857 NC_004310.gbk
606 64.2 4497236 4496826 genome.dna 1196484 1196070 NC_004310.gbk
981 62.5 4497950 4497249 genome.dna 1197233 1196522 NC_004310.gbk
411 64.1 4498593 4498315 genome.dna 1197903 1197624 NC_004310.gbk
1092 59.6 4499431 4498610 genome.dna 1198752 1197918 NC_004310.gbk
257 50.5 4499751 4499449 genome.dna 1199067 1198773 NC_004310.gbk
334 32.0 4500353 4499748 genome.dna 1199684 1199063 NC_004310.gbk
677 50.2 4500993 4500364 genome.dna 1200397 1199683 NC_004310.gbk
490 71.6 4501337 4501026 genome.dna 1200735 1200426 NC_004310.gbk
2678 59.3 4505956 4503842 genome.dna 1204119 1202034 NC_004310.gbk
617 58.3 4506523 4506053 genome.dna 1204620 1204149 NC_004310.gbk
656 76.4 4506994 4506620 genome.dna 1205058 1204686 NC_004310.gbk
1252 36.0 4509286 4510932 genome.dna 1879392 1881027 NC_004310.gbk
1570 39.3 4523306 4525213 genome.dna 681276 679392 NC_004310.gbk
1046 42.6 4531124 4529898 genome.dna 312812 314024 NC_004310.gbk
248 38.9 4539402 4538833 genome.dna 1069122 1068531 NC_004310.gbk
879 53.5 4553293 4554057 genome.dna 1885823 1886639 NC_004310.gbk
730 43.6 4557783 4556779 genome.dna 155994 154836 NC_004310.gbk
370 31.6 4558484 4557780 genome.dna 971829 971124 NC_004310.gbk
748 53.5 4559154 4558477 genome.dna 824703 824025 NC_004310.gbk
844 41.9 4562421 4561336 genome.dna 1954856 1953719 NC_004310.gbk
381 38.3 4562994 4562473 genome.dna 1955551 1954948 NC_004310.gbk
794 33.9 4567199 4569754 genome.dna 888365 890825 NC_004310.gbk
176 34.7 4573911 4574321 genome.dna 1698613 1698199 NC_004310.gbk
306 32.6 4574406 4575275 genome.dna 314968 315991 NC_004310.gbk
1562 46.3 4575473 4577092 genome.dna 2012654 2011043 NC_004310.gbk
544 33.9 4603858 4604907 genome.dna 1889880 1890879 NC_004310.gbk
336 35.7 4613483 4614184 genome.dna 1814402 1813613 NC_004310.gbk
755 47.0 4620311 4619553 genome.dna 209889 210681 NC_004310.gbk
1604 51.2 4622349 4623851 genome.dna 210762 212274 NC_004310.gbk
762 41.5 4665855 4666784 genome.dna 665592 666513 NC_004310.gbk
356 31.3 4668986 4668036 genome.dna 554536 553543 NC_004310.gbk
794 42.2 4672431 4670269 genome.dna 1365637 1368214 NC_004310.gbk
609 37.8 4675687 4674863 genome.dna 1864064 1864976 NC_004310.gbk
853 48.8 4680620 4681561 genome.dna 1822495 1821550 NC_004310.gbk
703 30.3 4690836 4689472 genome.dna 823999 822697 NC_004310.gbk
1942 69.8 4708658 4707399 genome.dna 1991914 1990648 NC_004310.gbk
390 52.0 4709479 4709153 genome.dna 2031059 2031383 NC_004310.gbk
2926 72.3 4729969 4728119 genome.dna 105148 103312 NC_004310.gbk
1273 45.4 4733613 4735139 genome.dna 2057046 2058579 NC_004310.gbk
571 36.7 4748208 4747351 genome.dna 1171861 1171027 NC_004310.gbk
915 45.9 4756712 4755816 genome.dna 1409697 1408785 NC_004310.gbk
783 37.0 4766891 4765731 genome.dna 317989 316792 NC_004310.gbk
153 38.9 4770684 4770469 genome.dna 1658430 1658652 NC_004310.gbk
1380 33.9 4770998 4773196 genome.dna 1734071 1731836 NC_004310.gbk
671 60.9 4775884 4776414 genome.dna 2005293 2004738 NC_004310.gbk
983 57.8 4776424 4777755 genome.dna 2004665 2003360 NC_004310.gbk
193 30.4 4780345 4781184 genome.dna 1925119 1925806 NC_004310.gbk
756 46.3 4782875 4783885 genome.dna 1235584 1234597 NC_004310.gbk
483 32.9 4784192 4784938 genome.dna 342368 341591 NC_004310.gbk
628 45.1 4786326 4787093 genome.dna 1116237 1115472 NC_004310.gbk
330 41.0 4814473 4814072 genome.dna 1644078 1643625 NC_004310.gbk
437 31.3 4826899 4825997 genome.dna 1518843 1517934 NC_004310.gbk
385 41.9 4834867 4834403 genome.dna 1497148 1497628 NC_004310.gbk
733 33.3 4859267 4858077 genome.dna 1335049 1333816 NC_004310.gbk
1059 45.7 4862045 4860771 genome.dna 1720560 1719180 NC_004310.gbk
1051 53.8 4862968 4862042 genome.dna 1721471 1720562 NC_004310.gbk
883 39.3 4864237 4863125 genome.dna 17109 16002 NC_004310.gbk
666 39.7 4866035 4865178 genome.dna 1601107 1600195 NC_004310.gbk
641 46.0 4867996 4867325 genome.dna 1924061 1923401 NC_004310.gbk
1085 41.6 4869411 4868002 genome.dna 1866286 1867678 NC_004310.gbk
1867 43.6 4872230 4874593 genome.dna 1943026 1945471 NC_004310.gbk
205 38.0 4875073 4874828 genome.dna 1959311 1959569 NC_004310.gbk
204 30.8 4875290 4875967 genome.dna 1940854 1940182 NC_004310.gbk
703 41.2 4882515 4883447 genome.dna 832914 831996 NC_004310.gbk
932 53.7 4927471 4926491 genome.dna 1532260 1531411 NC_004310.gbk
885 62.8 4928387 4927485 genome.dna 1533147 1532265 NC_004310.gbk
1466 61.2 4929420 4928401 genome.dna 1534162 1533154 NC_004310.gbk
1466 61.2 4929420 4928401 genome.dna 1534162 1533154 NC_004310.gbk
310 41.6 4942687 4942274 genome.dna 179053 178570 NC_004310.gbk
2846 56.1 4981440 4979023 genome.dna 142446 140013 NC_004310.gbk
866 39.7 4983694 4982594 genome.dna 2502 3696 NC_004310.gbk
835 34.6 4985096 4983699 genome.dna 783 2274 NC_004310.gbk
770 36.7 4988276 4989640 genome.dna 1988449 1987120 NC_004310.gbk
878 36.1 5015861 5014662 genome.dna 2040428 2039276 NC_004310.gbk
491 37.9 5017538 5016804 genome.dna 2066057 2066780 NC_004310.gbk
1385 50.3 5026700 5027902 genome.dna 1451720 1452923 NC_004310.gbk
688 39.2 5031540 5032457 genome.dna 614825 615842 NC_004310.gbk
223 32.5 5053946 5053527 genome.dna 1726268 1725860 NC_004310.gbk
2129 70.6 5055348 5053966 genome.dna 1727958 1726392 NC_004310.gbk
540 34.2 5056259 5055396 genome.dna 1728964 1728085 NC_004310.gbk
1248 56.7 5057853 5056312 genome.dna 1730515 1728985 NC_004310.gbk
212 30.8 5061686 5061066 genome.dna 1984987 1984345 NC_004310.gbk
2019 50.9 5063659 5061770 genome.dna 1986894 1984983 NC_004310.gbk
449 30.1 13455 14342 genome.dna 844498 843550 NC_004311.gbk
646 37.0 14538 15464 genome.dna 2091 3033 NC_004311.gbk
574 33.5 15468 16463 genome.dna 972033 971013 NC_004311.gbk
962 37.5 30749 32122 genome.dna 1204021 1202668 NC_004311.gbk
2162 55.8 37037 38860 genome.dna 860947 859120 NC_004311.gbk
1421 40.5 47188 45107 genome.dna 561722 563843 NC_004311.gbk
1369 35.2 70479 68437 genome.dna 862912 864961 NC_004311.gbk
600 38.7 93925 92960 genome.dna 970928 969953 NC_004311.gbk
575 47.3 97287 96724 genome.dna 169924 170581 NC_004311.gbk
1241 57.9 117691 118689 genome.dna 1149600 1150620 NC_004311.gbk
1787 53.9 118825 120366 genome.dna 1150781 1152317 NC_004311.gbk
1240 52.9 120344 121525 genome.dna 1152459 1153629 NC_004311.gbk
1115 47.1 140268 141428 genome.dna 905255 906401 NC_004311.gbk
960 49.2 155671 154589 genome.dna 511237 510214 NC_004311.gbk
1021 45.9 166824 165547 genome.dna 1049896 1048675 NC_004311.gbk
197 56.4 168129 168296 genome.dna 596861 597029 NC_004311.gbk
815 35.8 172168 170891 genome.dna 200982 202323 NC_004311.gbk
325 32.8 174074 173307 genome.dna 413413 412531 NC_004311.gbk
808 50.6 222967 223722 genome.dna 1052368 1051558 NC_004311.gbk
964 35.0 224355 225995 genome.dna 1051510 1049926 NC_004311.gbk
1725 51.0 230345 231841 genome.dna 273203 274718 NC_004311.gbk
381 37.8 237567 238178 genome.dna 859071 858381 NC_004311.gbk
1284 54.8 291953 290928 genome.dna 937772 936752 NC_004311.gbk
986 69.3 292998 292333 genome.dna 662935 663616 NC_004311.gbk
1043 62.3 293855 293088 genome.dna 661982 662756 NC_004311.gbk
449 39.4 308443 307844 genome.dna 978439 979102 NC_004311.gbk
1137 53.4 309481 308480 genome.dna 977478 978438 NC_004311.gbk
659 39.7 326310 327275 genome.dna 739642 738775 NC_004311.gbk
863 36.0 331816 333156 genome.dna 197749 199093 NC_004311.gbk
852 43.5 340994 339921 genome.dna 72007 73009 NC_004311.gbk
431 34.6 355354 354581 genome.dna 1003465 1002706 NC_004311.gbk
879 35.7 357036 355618 genome.dna 51608 53063 NC_004311.gbk
2166 45.0 361542 357046 genome.dna 46775 51527 NC_004311.gbk
218 30.0 380920 381747 genome.dna 1186565 1185719 NC_004311.gbk
276 31.5 386934 386071 genome.dna 856895 855830 NC_004311.gbk
672 31.6 395766 397181 genome.dna 684973 683368 NC_004311.gbk
991 52.2 399153 398326 genome.dna 168675 167847 NC_004311.gbk
298 44.1 431880 431494 genome.dna 733028 733400 NC_004311.gbk
534 35.0 433394 432459 genome.dna 584754 585723 NC_004311.gbk
4001 69.4 500272 497561 genome.dna 33238 35956 NC_004311.gbk
1677 48.5 533382 534971 genome.dna 1047101 1048679 NC_004311.gbk
1286 52.7 543754 544950 genome.dna 15000 13824 NC_004311.gbk
2251 61.4 544947 546572 genome.dna 13718 12098 NC_004311.gbk
1055 57.0 546583 547458 genome.dna 12047 11174 NC_004311.gbk
958 57.9 550604 551389 genome.dna 11175 10398 NC_004311.gbk
293 51.6 697176 697469 genome.dna 181443 181146 NC_004311.gbk
2335 67.6 697515 699164 genome.dna 181056 179415 NC_004311.gbk
322 45.4 709289 708894 genome.dna 176765 176363 NC_004311.gbk
170 44.8 755400 755185 genome.dna 954739 954511 NC_004311.gbk
493 40.9 767499 768128 genome.dna 666188 666836 NC_004311.gbk
1034 47.4 792458 791463 genome.dna 272575 271597 NC_004311.gbk
604 31.6 812414 811260 genome.dna 718793 719963 NC_004311.gbk
321 34.1 812975 814090 genome.dna 713171 712067 NC_004311.gbk
432 55.3 814149 814541 genome.dna 712062 711693 NC_004311.gbk
2143 54.4 814656 817529 genome.dna 711689 708890 NC_004311.gbk
450 34.8 818265 819005 genome.dna 757459 756709 NC_004311.gbk
612 35.1 829148 828144 genome.dna 288313 287296 NC_004311.gbk
1634 56.3 839555 838230 genome.dna 685681 686962 NC_004311.gbk
247 33.1 913279 912743 genome.dna 188318 188879 NC_004311.gbk
1085 53.7 941591 942676 genome.dna 291819 292821 NC_004311.gbk
409 47.9 957261 956803 genome.dna 855308 855764 NC_004311.gbk
1166 39.0 957805 959187 genome.dna 136629 135327 NC_004311.gbk
460 34.9 960958 961737 genome.dna 854526 855297 NC_004311.gbk
531 31.5 1013309 1014424 genome.dna 873742 872689 NC_004311.gbk
858 59.8 1014421 1015077 genome.dna 513591 512952 NC_004311.gbk
440 34.0 1029050 1029736 genome.dna 798106 798880 NC_004311.gbk
609 30.6 1080117 1081325 genome.dna 1168795 1167538 NC_004311.gbk
861 49.2 1128600 1127662 genome.dna 766437 765606 NC_004311.gbk
919 43.4 1129588 1128602 genome.dna 767432 766433 NC_004311.gbk
1175 38.0 1131228 1129642 genome.dna 769063 767449 NC_004311.gbk
1087 61.6 1150402 1149575 genome.dna 1015804 1016659 NC_004311.gbk
839 44.7 1215431 1214538 genome.dna 150898 150013 NC_004311.gbk
1301 50.5 1221233 1222429 genome.dna 798940 800146 NC_004311.gbk
196 31.2 1280201 1280677 genome.dna 674325 674802 NC_004311.gbk
2837 44.3 1326027 1322899 genome.dna 315439 312214 NC_004311.gbk
702 35.1 1327249 1326056 genome.dna 316678 315442 NC_004311.gbk
959 47.0 1336525 1337487 genome.dna 75813 74754 NC_004311.gbk
492 31.9 1348853 1349839 genome.dna 973855 974980 NC_004311.gbk
365 37.4 1357212 1356757 genome.dna 73615 73147 NC_004311.gbk
1277 63.7 1358126 1357212 genome.dna 74622 73635 NC_004311.gbk
627 49.7 1428285 1428911 genome.dna 1052729 1053305 NC_004311.gbk
934 37.3 1429248 1430537 genome.dna 430341 429060 NC_004311.gbk
1123 48.6 1458435 1457257 genome.dna 437217 436026 NC_004311.gbk
581 44.1 1459094 1458447 genome.dna 619574 618884 NC_004311.gbk
545 39.5 1459750 1459094 genome.dna 620278 619570 NC_004311.gbk
755 39.4 1466359 1465232 genome.dna 1017641 1018829 NC_004311.gbk
169 30.0 1468782 1468399 genome.dna 804874 805276 NC_004311.gbk
793 39.3 1501778 1500630 genome.dna 894964 893797 NC_004311.gbk
630 34.2 1543336 1544562 genome.dna 30161 31427 NC_004311.gbk
2010 57.9 1547669 1549237 genome.dna 489873 491451 NC_004311.gbk
429 46.8 1563766 1563014 genome.dna 1036831 1037452 NC_004311.gbk
613 41.5 1573036 1572017 genome.dna 523395 524382 NC_004311.gbk
626 44.6 1576123 1576893 genome.dna 88577 89333 NC_004311.gbk
844 54.6 1576893 1577582 genome.dna 89343 90030 NC_004311.gbk
851 44.6 1577582 1578640 genome.dna 90026 91106 NC_004311.gbk
699 38.2 1584709 1585674 genome.dna 1032871 1033903 NC_004311.gbk
467 34.1 1606718 1607845 genome.dna 414537 413409 NC_004311.gbk
598 36.0 1614552 1615325 genome.dna 427402 428212 NC_004311.gbk
1332 43.4 1631952 1633361 genome.dna 328223 326807 NC_004311.gbk
369 37.3 1636204 1635668 genome.dna 425778 425253 NC_004311.gbk
1402 45.6 1638449 1639855 genome.dna 108327 109737 NC_004311.gbk
561 40.0 1652035 1651178 genome.dna 691652 692423 NC_004311.gbk
1307 45.8 1654089 1656020 genome.dna 694450 696274 NC_004311.gbk
1010 49.2 1656775 1657761 genome.dna 691419 690426 NC_004311.gbk
945 45.8 1664731 1665621 genome.dna 696277 697180 NC_004311.gbk
1728 51.5 1669675 1667978 genome.dna 678483 676713 NC_004311.gbk
1455 64.9 1670708 1669659 genome.dna 679520 678503 NC_004311.gbk
988 46.6 1735237 1734179 genome.dna 699908 698846 NC_004311.gbk
1667 42.2 1737321 1735243 genome.dna 702130 699904 NC_004311.gbk
1059 48.2 1738556 1737522 genome.dna 703290 702264 NC_004311.gbk
591 55.0 1758941 1759468 genome.dna 362049 362598 NC_004311.gbk
498 35.2 1778057 1778830 genome.dna 1190976 1190223 NC_004311.gbk
811 48.6 1778827 1779630 genome.dna 1190227 1189444 NC_004311.gbk
692 33.4 1796099 1797505 genome.dna 837603 836148 NC_004311.gbk
231 43.2 1828802 1829152 genome.dna 883725 883416 NC_004311.gbk
761 39.2 1868891 1867875 genome.dna 57887 56801 NC_004311.gbk
270 31.7 1871090 1870197 genome.dna 59909 59039 NC_004311.gbk
1380 34.7 1876889 1874142 genome.dna 65408 62912 NC_004311.gbk
729 38.4 1935437 1936324 genome.dna 124526 123653 NC_004311.gbk
597 34.0 1945543 1946694 genome.dna 120827 119756 NC_004311.gbk
1606 38.3 1946687 1948771 genome.dna 1122339 1120167 NC_004311.gbk
143 31.0 1950974 1951390 genome.dna 142398 142779 NC_004311.gbk
308 40.2 1951419 1951823 genome.dna 142781 143204 NC_004311.gbk
342 33.5 1952589 1953806 genome.dna 1127864 1126673 NC_004311.gbk
791 47.1 1954611 1955393 genome.dna 143624 144413 NC_004311.gbk
695 44.9 1963383 1962607 genome.dna 148059 148800 NC_004311.gbk
664 33.6 1968985 1967612 genome.dna 126187 127456 NC_004311.gbk
1112 36.7 1993342 1994814 genome.dna 1171391 1172870 NC_004311.gbk
1211 40.0 1994834 1996513 genome.dna 947736 949335 NC_004311.gbk
241 32.6 2031491 2030937 genome.dna 154466 155045 NC_004311.gbk
599 32.4 2042130 2043083 genome.dna 471082 470101 NC_004311.gbk
502 37.7 2044045 2044779 genome.dna 26336 27074 NC_004311.gbk
1977 37.0 2070405 2066956 genome.dna 561142 557773 NC_004311.gbk
488 31.4 2106065 2105019 genome.dna 221282 222260 NC_004311.gbk
189 33.1 2188917 2189354 genome.dna 742451 742013 NC_004311.gbk
426 37.1 2195725 2195117 genome.dna 990646 990040 NC_004311.gbk
1361 43.7 2206441 2207994 genome.dna 847273 845728 NC_004311.gbk
1097 48.9 2207996 2209093 genome.dna 845705 844664 NC_004311.gbk
2915 58.1 2227418 2225106 genome.dna 905051 902738 NC_004311.gbk
6204 68.1 2310451 2314227 genome.dna 283531 279766 NC_004311.gbk
2676 71.7 2314227 2315807 genome.dna 279770 278231 NC_004311.gbk
526 42.5 2315800 2316519 genome.dna 278232 277524 NC_004311.gbk
782 48.4 2316519 2317223 genome.dna 277514 276788 NC_004311.gbk
598 33.8 2325750 2324722 genome.dna 422877 423939 NC_004311.gbk
1180 52.7 2335148 2334054 genome.dna 307081 308149 NC_004311.gbk
1235 41.0 2338271 2339743 genome.dna 1059106 1057663 NC_004311.gbk
1183 50.0 2340110 2341189 genome.dna 305961 307008 NC_004311.gbk
1029 43.3 2341232 2342500 genome.dna 308082 309321 NC_004311.gbk
742 43.4 2342538 2343356 genome.dna 309323 310100 NC_004311.gbk
832 34.6 2355815 2357275 genome.dna 1169826 1171320 NC_004311.gbk
486 40.7 2406120 2405455 genome.dna 1082616 1083330 NC_004311.gbk
346 32.4 2449772 2450872 genome.dna 23110 24331 NC_004311.gbk
554 37.2 2450865 2451701 genome.dna 24330 25083 NC_004311.gbk
590 45.6 2451703 2452401 genome.dna 945058 945784 NC_004311.gbk
786 50.4 2472640 2473437 genome.dna 41341 42118 NC_004311.gbk
1595 55.6 2503696 2505084 genome.dna 960583 959182 NC_004311.gbk
666 57.5 2511822 2511298 genome.dna 683093 682571 NC_004311.gbk
671 40.8 2559421 2558525 genome.dna 433486 434374 NC_004311.gbk
1203 45.3 2559536 2560804 genome.dna 433382 432080 NC_004311.gbk
1677 57.0 2563367 2561970 genome.dna 178259 176867 NC_004311.gbk
1020 49.8 2627092 2626058 genome.dna 387865 386911 NC_004311.gbk
1027 49.4 2628084 2627089 genome.dna 1080394 1081393 NC_004311.gbk
1049 48.4 2629936 2629016 genome.dna 517334 516410 NC_004311.gbk
1173 39.5 2633417 2631819 genome.dna 520814 519236 NC_004311.gbk
758 44.9 2639766 2638855 genome.dna 69382 70276 NC_004311.gbk
715 41.2 2642732 2643580 genome.dna 892918 892033 NC_004311.gbk
387 47.6 2654386 2653967 genome.dna 434458 434899 NC_004311.gbk
1645 57.0 2664862 2663609 genome.dna 909604 910855 NC_004311.gbk
319 33.0 2678460 2679146 genome.dna 302780 303542 NC_004311.gbk
1109 63.3 2679167 2679979 genome.dna 303569 304385 NC_004311.gbk
182 34.9 2679983 2680252 genome.dna 304381 304654 NC_004311.gbk
307 45.6 2687612 2687956 genome.dna 1009271 1008926 NC_004311.gbk
655 39.2 2693453 2692521 genome.dna 163223 162302 NC_004311.gbk
465 35.5 2712101 2712862 genome.dna 968857 968107 NC_004311.gbk
378 31.8 2738767 2737976 genome.dna 620461 621232 NC_004311.gbk
872 30.6 2750215 2748047 genome.dna 967742 965444 NC_004311.gbk
1565 48.4 2794931 2793456 genome.dna 757729 759205 NC_004311.gbk
492 32.7 2795320 2796189 genome.dna 728033 727115 NC_004311.gbk
780 38.4 2801608 2800607 genome.dna 1114350 1113345 NC_004311.gbk
836 50.8 2801685 2802443 genome.dna 1114576 1115473 NC_004311.gbk
856 51.8 2802440 2803225 genome.dna 1115426 1116287 NC_004311.gbk
182 49.1 2884347 2884165 genome.dna 875489 875294 NC_004311.gbk
459 32.4 2885460 2884459 genome.dna 202325 203351 NC_004311.gbk
1173 33.1 2887241 2885457 genome.dna 1034129 1035959 NC_004311.gbk
1052 61.4 2891958 2891200 genome.dna 656552 657311 NC_004311.gbk
1033 49.8 2892962 2891955 genome.dna 655602 656556 NC_004311.gbk
1194 57.4 2893911 2892949 genome.dna 654647 655610 NC_004311.gbk
918 46.1 2894873 2893923 genome.dna 653643 654591 NC_004311.gbk
731 41.1 2906057 2905173 genome.dna 1159518 1158651 NC_004311.gbk
462 47.3 2981911 2981417 genome.dna 707365 707860 NC_004311.gbk
977 35.9 2983684 2985450 genome.dna 486425 488051 NC_004311.gbk
560 39.1 3003564 3004295 genome.dna 612788 612026 NC_004311.gbk
1946 65.3 3042056 3043384 genome.dna 543278 544592 NC_004311.gbk
866 37.2 3050037 3051158 genome.dna 383532 384660 NC_004311.gbk
1130 33.2 3076165 3077973 genome.dna 554405 556253 NC_004311.gbk
1706 50.3 3080104 3081720 genome.dna 515283 513672 NC_004311.gbk
175 32.9 3163130 3162450 genome.dna 472988 472349 NC_004311.gbk
638 37.0 3165022 3163865 genome.dna 474121 472984 NC_004311.gbk
1310 58.6 3166099 3165062 genome.dna 475104 474117 NC_004311.gbk
652 31.7 3166195 3167499 genome.dna 911591 912920 NC_004311.gbk
749 43.6 3173816 3172911 genome.dna 1000158 999297 NC_004311.gbk
822 42.2 3174746 3173826 genome.dna 1078564 1079509 NC_004311.gbk
703 33.5 3176400 3174856 genome.dna 1002684 1001205 NC_004311.gbk
851 63.1 3180901 3181500 genome.dna 477228 476628 NC_004311.gbk
2411 52.6 3190713 3188704 genome.dna 988815 986784 NC_004311.gbk
1882 59.8 3233243 3234655 genome.dna 54511 53107 NC_004311.gbk
2495 38.5 3275000 3271911 genome.dna 899939 896864 NC_004311.gbk
521 32.2 3276106 3274997 genome.dna 902157 901038 NC_004311.gbk
829 43.9 3311103 3310240 genome.dna 1079501 1080392 NC_004311.gbk
863 41.4 3312061 3311105 genome.dna 1001108 1000154 NC_004311.gbk
531 31.3 3324257 3325147 genome.dna 942768 941853 NC_004311.gbk
608 36.2 3327630 3326722 genome.dna 888656 887723 NC_004311.gbk
1323 48.3 3353699 3354838 genome.dna 491456 492611 NC_004311.gbk
547 33.4 3387504 3386554 genome.dna 747558 746589 NC_004311.gbk
547 33.4 3388991 3388041 genome.dna 747558 746589 NC_004311.gbk
677 33.3 3395711 3396913 genome.dna 369099 367893 NC_004311.gbk
599 50.8 3408161 3407589 genome.dna 274714 275305 NC_004311.gbk
688 35.6 3416479 3415469 genome.dna 870211 869176 NC_004311.gbk
1308 35.1 3438550 3436355 genome.dna 777050 774833 NC_004311.gbk
987 53.1 3479267 3480127 genome.dna 921221 922103 NC_004311.gbk
514 57.7 3500331 3500732 genome.dna 452431 452830 NC_004311.gbk
441 30.8 3511745 3510762 genome.dna 129995 130976 NC_004311.gbk
750 51.7 3516455 3517318 genome.dna 762883 761983 NC_004311.gbk
578 61.3 3537011 3536586 genome.dna 868452 868029 NC_004311.gbk
469 50.7 3537641 3537204 genome.dna 868657 869113 NC_004311.gbk
1071 35.3 3566972 3568372 genome.dna 668444 667034 NC_004311.gbk
1936 54.3 3590632 3589055 genome.dna 341823 343386 NC_004311.gbk
1819 57.3 3592205 3590739 genome.dna 332452 333946 NC_004311.gbk
826 36.1 3592378 3593766 genome.dna 746521 744985 NC_004311.gbk
481 36.9 3622920 3623723 genome.dna 698826 698025 NC_004311.gbk
356 44.4 3651787 3651263 genome.dna 189406 188932 NC_004311.gbk
2401 57.5 3686442 3684643 genome.dna 1026185 1024376 NC_004311.gbk
719 51.0 3737076 3737717 genome.dna 769910 770570 NC_004311.gbk
316 54.2 3744803 3745042 genome.dna 298076 298298 NC_004311.gbk
582 64.9 3745052 3745459 genome.dna 298311 298719 NC_004311.gbk
3844 79.9 3745456 3747603 genome.dna 298769 300911 NC_004311.gbk
1732 82.6 3747628 3748590 genome.dna 300925 301915 NC_004311.gbk
644 33.3 3880056 3878830 genome.dna 343694 344903 NC_004311.gbk
535 30.4 3918901 3920391 genome.dna 581216 579734 NC_004311.gbk
254 36.3 3921260 3920868 genome.dna 952994 952586 NC_004311.gbk
1262 53.4 3921930 3923132 genome.dna 724996 723829 NC_004311.gbk
527 34.8 3932105 3933280 genome.dna 457996 459046 NC_004311.gbk
966 47.7 3952362 3953393 genome.dna 950869 951928 NC_004311.gbk
687 48.4 3953386 3954039 genome.dna 951908 952574 NC_004311.gbk
689 43.0 3954101 3954916 genome.dna 949568 950405 NC_004311.gbk
1167 41.5 3994559 3995977 genome.dna 1042323 1043724 NC_004311.gbk
417 30.6 3996022 3996702 genome.dna 215674 214966 NC_004311.gbk
817 47.4 4014558 4013788 genome.dna 1157627 1156817 NC_004311.gbk
1039 37.3 4019875 4021449 genome.dna 790575 789030 NC_004311.gbk
651 40.8 4036522 4035704 genome.dna 1028242 1027435 NC_004311.gbk
416 38.3 4037132 4037767 genome.dna 587080 587686 NC_004311.gbk
770 53.1 4046883 4047521 genome.dna 1054291 1053634 NC_004311.gbk
290 31.2 4050959 4050219 genome.dna 199124 199889 NC_004311.gbk
330 42.1 4059399 4059037 genome.dna 462367 462718 NC_004311.gbk
1201 34.2 4071195 4068739 genome.dna 591933 594285 NC_004311.gbk
294 35.9 4071662 4071237 genome.dna 541003 541465 NC_004311.gbk
583 39.6 4077711 4078532 genome.dna 763203 764019 NC_004311.gbk
592 32.8 4104376 4103468 genome.dna 95734 94840 NC_004311.gbk
1054 48.9 4114259 4113273 genome.dna 550529 549554 NC_004311.gbk
267 34.9 4115888 4116970 genome.dna 908398 909589 NC_004311.gbk
1460 43.0 4141061 4142812 genome.dna 1173028 1174711 NC_004311.gbk
520 31.2 4185816 4184818 genome.dna 290005 290983 NC_004311.gbk
1165 51.3 4186931 4185840 genome.dna 729057 728004 NC_004311.gbk
204 35.8 4222572 4222883 genome.dna 444854 445178 NC_004311.gbk
1103 37.2 4231793 4230366 genome.dna 504616 506011 NC_004311.gbk
607 42.7 4237489 4236725 genome.dna 162181 161368 NC_004311.gbk
1091 50.1 4283764 4284855 genome.dna 874995 873882 NC_004311.gbk
682 51.5 4286272 4286874 genome.dna 866865 867471 NC_004311.gbk
725 44.4 4333114 4332293 genome.dna 1035988 1036795 NC_004311.gbk
879 40.5 4338181 4335368 genome.dna 184192 187111 NC_004311.gbk
706 41.5 4339154 4338213 genome.dna 182901 183849 NC_004311.gbk
506 47.5 4348720 4348133 genome.dna 476058 476577 NC_004311.gbk
1499 56.6 4372650 4371418 genome.dna 441069 442308 NC_004311.gbk
197 30.1 4393907 4394326 genome.dna 582469 582958 NC_004311.gbk
555 37.4 4395434 4394430 genome.dna 857948 856925 NC_004311.gbk
862 34.7 4405841 4403886 genome.dna 205570 203698 NC_004311.gbk
386 39.1 4413698 4413135 genome.dna 688201 687646 NC_004311.gbk
889 41.4 4471827 4470898 genome.dna 467771 468692 NC_004311.gbk
306 30.5 4479596 4478769 genome.dna 31527 32313 NC_004311.gbk
585 34.3 4482321 4481200 genome.dna 587682 588864 NC_004311.gbk
461 44.0 4482450 4482959 genome.dna 1021914 1021350 NC_004311.gbk
801 44.4 4482986 4483933 genome.dna 1021351 1020430 NC_004311.gbk
523 53.6 4502117 4501644 genome.dna 542629 543115 NC_004311.gbk
1426 42.2 4522627 4520816 genome.dna 197611 195703 NC_004311.gbk
810 46.6 4542308 4541385 genome.dna 1063328 1062482 NC_004311.gbk
621 45.1 4579442 4578723 genome.dna 461255 460538 NC_004311.gbk
459 40.7 4590788 4591669 genome.dna 153192 154017 NC_004311.gbk
2805 60.0 4597892 4600225 genome.dna 883942 886246 NC_004311.gbk
1697 50.8 4622349 4623851 genome.dna 850235 851744 NC_004311.gbk
368 31.6 4660732 4659695 genome.dna 43164 42168 NC_004311.gbk
780 49.2 4687311 4686550 genome.dna 663612 664374 NC_004311.gbk
900 31.2 4732978 4731332 genome.dna 934750 933064 NC_004311.gbk
628 37.5 4755209 4754301 genome.dna 336246 335292 NC_004311.gbk
716 39.2 4769378 4770382 genome.dna 737194 736150 NC_004311.gbk
1675 51.8 4781238 4782749 genome.dna 431954 430457 NC_004311.gbk
1108 56.9 4839358 4838507 genome.dna 638833 639682 NC_004311.gbk
1074 55.1 4840266 4839379 genome.dna 637940 638822 NC_004311.gbk
1368 48.1 4841673 4840339 genome.dna 636566 637868 NC_004311.gbk
876 53.8 4843920 4843159 genome.dna 139069 138277 NC_004311.gbk
1659 61.0 4845168 4846442 genome.dna 141125 139850 NC_004311.gbk
624 50.2 4846439 4847095 genome.dna 137287 136654 NC_004311.gbk
1021 52.7 4847113 4847901 genome.dna 139851 139065 NC_004311.gbk
790 51.1 4859998 4859297 genome.dna 376793 377498 NC_004311.gbk
526 38.4 4860774 4860004 genome.dna 944250 945066 NC_004311.gbk
407 34.7 4862968 4862042 genome.dna 1197156 1198020 NC_004311.gbk
399 41.8 4869761 4870336 genome.dna 191272 191836 NC_004311.gbk
450 33.3 4906351 4905344 genome.dna 1164264 1163244 NC_004311.gbk
1298 46.9 4908005 4909348 genome.dna 1165525 1164241 NC_004311.gbk
1024 50.0 4926494 4925484 genome.dna 1061440 1060435 NC_004311.gbk
837 38.5 4929420 4928401 genome.dna 1064353 1063339 NC_004311.gbk
837 38.5 4929420 4928401 genome.dna 1064353 1063339 NC_004311.gbk
518 56.8 4942687 4942274 genome.dna 44475 44946 NC_004311.gbk
543 35.0 4951144 4951938 genome.dna 453655 452836 NC_004311.gbk
641 49.8 4956801 4956184 genome.dna 927021 926388 NC_004311.gbk
641 49.8 4956801 4956184 genome.dna 927021 926388 NC_004311.gbk
441 31.9 4957681 4956785 genome.dna 927947 927017 NC_004311.gbk
819 41.0 4963465 4962494 genome.dna 4108 3109 NC_004311.gbk
199 69.8 4985770 4985910 genome.dna 1009578 1009713 NC_004311.gbk
726 30.2 4986512 4988146 genome.dna 1010177 1012010 NC_004311.gbk
1533 54.2 5010680 5009268 genome.dna 644800 643507 NC_004311.gbk
349 30.6 5011178 5011843 genome.dna 957585 956913 NC_004311.gbk
1837 48.2 5049054 5047222 genome.dna 565821 563997 NC_004311.gbk
514 40.8 5050610 5049240 genome.dna 567289 565924 NC_004311.gbk
