363 42.6 10521 10940 genome.dna 292943 292538 NC_003923.gbk
791 42.9 14538 15464 genome.dna 292511 291596 NC_003923.gbk
1258 38.2 25826 28615 genome.dna 1763747 1761116 NC_003923.gbk
369 34.2 29669 29034 genome.dna 1745008 1744417 NC_003923.gbk
687 37.5 36667 35258 genome.dna 1307302 1308643 NC_003923.gbk
2193 53.1 37037 38860 genome.dna 1087523 1089371 NC_003923.gbk
401 42.1 39698 40135 genome.dna 1711101 1710648 NC_003923.gbk
1109 38.2 47188 45107 genome.dna 1209809 1211870 NC_003923.gbk
514 41.2 50956 50333 genome.dna 1190833 1191457 NC_003923.gbk
483 32.9 59253 58054 genome.dna 1845375 1846644 NC_003923.gbk
697 39.7 93925 92960 genome.dna 896820 897780 NC_003923.gbk
558 43.0 97287 96724 genome.dna 1735996 1736557 NC_003923.gbk
470 37.9 104909 106057 genome.dna 2236656 2237763 NC_003923.gbk
779 53.6 110262 109636 genome.dna 1634213 1633613 NC_003923.gbk
1409 42.9 111626 113161 genome.dna 163575 165063 NC_003923.gbk
991 41.6 166824 165547 genome.dna 1191890 1193090 NC_003923.gbk
446 37.2 166978 167643 genome.dna 1730706 1730019 NC_003923.gbk
121 36.7 168129 168296 genome.dna 1335811 1335961 NC_003923.gbk
431 33.8 168516 169325 genome.dna 1761101 1760228 NC_003923.gbk
458 43.6 170854 170375 genome.dna 1103313 1103796 NC_003923.gbk
1004 40.7 186786 187982 genome.dna 584163 585351 NC_003923.gbk
564 30.5 187993 189078 genome.dna 269333 270377 NC_003923.gbk
186 33.6 191679 192110 genome.dna 1617664 1618051 NC_003923.gbk
793 38.2 192775 193791 genome.dna 1514024 1513025 NC_003923.gbk
1669 43.7 199780 202044 genome.dna 383146 380917 NC_003923.gbk
599 37.8 217784 218788 genome.dna 187559 186527 NC_003923.gbk
357 30.8 218826 219599 genome.dna 185259 184494 NC_003923.gbk
1458 48.2 219661 221034 genome.dna 927285 925905 NC_003923.gbk
584 39.9 222967 223722 genome.dna 1511577 1510851 NC_003923.gbk
389 31.2 226939 227694 genome.dna 373419 372717 NC_003923.gbk
937 46.3 228573 229595 genome.dna 1740357 1739382 NC_003923.gbk
937 42.3 233849 232686 genome.dna 246409 245224 NC_003923.gbk
2054 75.3 250357 251541 genome.dna 581351 582536 NC_003923.gbk
504 41.4 252164 252709 genome.dna 565949 566498 NC_003923.gbk
602 67.4 252872 253300 genome.dna 566678 567101 NC_003923.gbk
773 52.0 253304 254008 genome.dna 567308 568001 NC_003923.gbk
334 34.4 254326 254823 genome.dna 568272 568773 NC_003923.gbk
418 57.6 254890 255255 genome.dna 568815 569184 NC_003923.gbk
2134 45.2 255584 259612 genome.dna 570181 573733 NC_003923.gbk
2466 45.5 259736 263959 genome.dna 573869 577493 NC_003923.gbk
802 37.6 275283 276347 genome.dna 1929327 1928289 NC_003923.gbk
1004 42.0 280242 278956 genome.dna 1053232 1054480 NC_003923.gbk
872 47.0 281849 280260 genome.dna 1051729 1053211 NC_003923.gbk
766 45.5 293855 293088 genome.dna 2484987 2484207 NC_003923.gbk
1627 54.1 306633 305290 genome.dna 1613110 1611754 NC_003923.gbk
332 34.0 307112 306645 genome.dna 1613574 1613109 NC_003923.gbk
807 36.7 310630 309653 genome.dna 2439106 2440111 NC_003923.gbk
690 42.1 334964 334107 genome.dna 819597 820509 NC_003923.gbk
1294 49.3 345980 347242 genome.dna 2180913 2179647 NC_003923.gbk
543 57.7 352201 352629 genome.dna 2302083 2301645 NC_003923.gbk
461 51.5 352645 353037 genome.dna 2301632 2301233 NC_003923.gbk
954 57.3 355354 354581 genome.dna 118485 119262 NC_003923.gbk
751 33.7 357036 355618 genome.dna 480558 482022 NC_003923.gbk
2689 41.5 361542 357046 genome.dna 476041 480541 NC_003923.gbk
748 38.6 362158 363087 genome.dna 1857981 1858935 NC_003923.gbk
618 41.9 372605 373492 genome.dna 503266 504106 NC_003923.gbk
629 35.8 386934 386071 genome.dna 2203590 2202729 NC_003923.gbk
826 43.8 399153 398326 genome.dna 748886 749726 NC_003923.gbk
1009 38.0 413001 411592 genome.dna 2113617 2112132 NC_003923.gbk
681 31.3 414371 413001 genome.dna 197795 199250 NC_003923.gbk
544 32.4 417112 416177 genome.dna 2112136 2111176 NC_003923.gbk
347 41.3 424707 424243 genome.dna 2703470 2702933 NC_003923.gbk
2194 52.0 426927 424789 genome.dna 2705317 2703466 NC_003923.gbk
401 47.2 431880 431494 genome.dna 511150 511531 NC_003923.gbk
402 33.8 433394 432459 genome.dna 1179664 1180546 NC_003923.gbk
1335 60.5 435364 434357 genome.dna 1145584 1146586 NC_003923.gbk
1191 42.3 460910 458055 genome.dna 1735594 1732963 NC_003923.gbk
735 32.4 463248 461737 genome.dna 907223 908699 NC_003923.gbk
300 52.9 509102 508848 genome.dna 2479673 2479406 NC_003923.gbk
190 41.6 509350 509099 genome.dna 2479924 2479672 NC_003923.gbk
266 30.2 515161 515775 genome.dna 184240 183745 NC_003923.gbk
1012 45.2 518034 519071 genome.dna 2281265 2280263 NC_003923.gbk
1335 45.0 530287 528905 genome.dna 556188 557553 NC_003923.gbk
1531 47.0 533382 534971 genome.dna 994182 995745 NC_003923.gbk
210 32.4 587151 587651 genome.dna 815898 816384 NC_003923.gbk
572 33.7 599597 601615 genome.dna 2324565 2322429 NC_003923.gbk
257 44.2 697176 697469 genome.dna 2102909 2102624 NC_003923.gbk
1990 57.3 697515 699164 genome.dna 2102549 2100932 NC_003923.gbk
136 34.3 704061 704669 genome.dna 1339859 1339235 NC_003923.gbk
888 41.8 755628 756641 genome.dna 2123939 2122913 NC_003923.gbk
308 41.7 761608 761919 genome.dna 1726595 1726286 NC_003923.gbk
274 54.2 761939 762196 genome.dna 1725949 1725664 NC_003923.gbk
424 46.5 766454 766933 genome.dna 1687246 1686769 NC_003923.gbk
220 37.9 767354 767061 genome.dna 1673982 1673691 NC_003923.gbk
1859 45.7 768185 770122 genome.dna 526065 528159 NC_003923.gbk
549 38.5 770241 771074 genome.dna 530595 531399 NC_003923.gbk
1235 46.3 771082 772419 genome.dna 2247229 2245873 NC_003923.gbk
289 34.7 777307 777729 genome.dna 1258608 1259076 NC_003923.gbk
301 42.1 782083 782481 genome.dna 1263398 1263749 NC_003923.gbk
569 32.2 782481 783425 genome.dna 1263918 1264836 NC_003923.gbk
322 53.9 783547 783816 genome.dna 1265936 1266206 NC_003923.gbk
2172 50.1 784066 786186 genome.dna 1266573 1268670 NC_003923.gbk
1076 41.4 795852 797180 genome.dna 2215327 2213986 NC_003923.gbk
920 44.0 797270 798493 genome.dna 131226 132405 NC_003923.gbk
761 52.3 798538 799257 genome.dna 128389 129097 NC_003923.gbk
206 33.1 803045 802602 genome.dna 2124396 2123931 NC_003923.gbk
559 35.0 805628 804636 genome.dna 647271 648210 NC_003923.gbk
444 31.5 808710 809492 genome.dna 2298557 2297852 NC_003923.gbk
1711 47.4 809514 811193 genome.dna 2300258 2298593 NC_003923.gbk
885 43.1 812975 814090 genome.dna 1622338 1621246 NC_003923.gbk
442 52.8 814149 814541 genome.dna 874138 874519 NC_003923.gbk
446 35.3 830229 830876 genome.dna 2262043 2261359 NC_003923.gbk
844 44.1 839867 840766 genome.dna 1584313 1583425 NC_003923.gbk
1651 51.4 844582 846099 genome.dna 532753 534241 NC_003923.gbk
867 32.7 856625 858271 genome.dna 672756 674799 NC_003923.gbk
449 49.4 927840 927358 genome.dna 838457 838922 NC_003923.gbk
955 32.7 931102 929441 genome.dna 1607593 1605913 NC_003923.gbk
369 32.6 932209 932796 genome.dna 1661634 1661007 NC_003923.gbk
667 39.3 933233 934465 genome.dna 1085295 1083942 NC_003923.gbk
114 35.1 934700 934497 genome.dna 1370232 1370043 NC_003923.gbk
502 31.4 949769 948918 genome.dna 1362926 1363778 NC_003923.gbk
285 34.0 957261 956803 genome.dna 2288608 2288092 NC_003923.gbk
451 40.1 994093 993584 genome.dna 1433554 1433053 NC_003923.gbk
1862 50.7 995970 994243 genome.dna 1062251 1063970 NC_003923.gbk
901 53.8 997695 996727 genome.dna 529447 530380 NC_003923.gbk
311 35.4 1067553 1068080 genome.dna 2610833 2611325 NC_003923.gbk
654 32.8 1087061 1085955 genome.dna 1974014 1972976 NC_003923.gbk
350 31.5 1099537 1100406 genome.dna 815051 815891 NC_003923.gbk
776 49.5 1100443 1101237 genome.dna 1437095 1436138 NC_003923.gbk
523 38.3 1134065 1134883 genome.dna 1705811 1705037 NC_003923.gbk
264 31.7 1138546 1138941 genome.dna 623976 624345 NC_003923.gbk
579 35.6 1154052 1153258 genome.dna 1991050 1990291 NC_003923.gbk
804 49.0 1154397 1155122 genome.dna 1245329 1246097 NC_003923.gbk
403 43.3 1155257 1156108 genome.dna 1246278 1247160 NC_003923.gbk
704 45.9 1156279 1157004 genome.dna 1247296 1248019 NC_003923.gbk
551 44.8 1157130 1157687 genome.dna 1248037 1248592 NC_003923.gbk
624 40.4 1159320 1160081 genome.dna 1248964 1249735 NC_003923.gbk
398 32.9 1160091 1160948 genome.dna 1249741 1250524 NC_003923.gbk
405 44.6 1166572 1167027 genome.dna 2179614 2179173 NC_003923.gbk
943 32.7 1169670 1173152 genome.dna 1783164 1779966 NC_003923.gbk
1081 53.8 1173165 1174124 genome.dna 1777236 1776291 NC_003923.gbk
1972 40.6 1180703 1178139 genome.dna 1291164 1293783 NC_003923.gbk
803 39.9 1203627 1202668 genome.dna 2266951 2265982 NC_003923.gbk
495 38.4 1205533 1204619 genome.dna 2268974 2267990 NC_003923.gbk
519 31.1 1248508 1249548 genome.dna 1518181 1519150 NC_003923.gbk
576 40.1 1260789 1261478 genome.dna 1580621 1579895 NC_003923.gbk
888 33.9 1265611 1266930 genome.dna 329789 328481 NC_003923.gbk
981 44.7 1271755 1272822 genome.dna 1721766 1720740 NC_003923.gbk
1439 58.6 1272920 1274065 genome.dna 1720718 1719578 NC_003923.gbk
397 40.7 1278470 1278919 genome.dna 1758184 1757713 NC_003923.gbk
510 32.4 1278982 1280091 genome.dna 1866125 1865081 NC_003923.gbk
537 55.1 1280201 1280677 genome.dna 1863238 1862773 NC_003923.gbk
247 33.9 1280702 1281121 genome.dna 1611318 1610928 NC_003923.gbk
617 41.6 1285528 1284617 genome.dna 1609374 1608492 NC_003923.gbk
532 31.6 1292157 1291267 genome.dna 1097614 1098526 NC_003923.gbk
615 43.5 1293119 1292505 genome.dna 1037435 1036829 NC_003923.gbk
2183 50.8 1295100 1293109 genome.dna 1039413 1037424 NC_003923.gbk
839 65.1 1301367 1301990 genome.dna 823128 823716 NC_003923.gbk
1566 59.8 1302154 1303428 genome.dna 1746424 1745161 NC_003923.gbk
365 60.7 1306200 1306472 genome.dna 1512855 1512582 NC_003923.gbk
856 57.1 1310544 1309849 genome.dna 756654 755985 NC_003923.gbk
976 39.6 1316909 1318201 genome.dna 2116149 2114898 NC_003923.gbk
246 43.0 1322693 1322445 genome.dna 2197235 2196980 NC_003923.gbk
302 40.7 1329039 1329440 genome.dna 163149 162765 NC_003923.gbk
536 45.9 1329655 1330212 genome.dna 1714248 1713729 NC_003923.gbk
248 36.9 1332403 1332732 genome.dna 489759 490077 NC_003923.gbk
546 43.0 1332732 1333337 genome.dna 490083 490680 NC_003923.gbk
639 46.5 1335658 1336302 genome.dna 2309539 2308891 NC_003923.gbk
275 31.8 1352428 1351949 genome.dna 741228 741711 NC_003923.gbk
1660 40.5 1356196 1353473 genome.dna 2641903 2644312 NC_003923.gbk
1674 49.9 1363499 1366138 genome.dna 7004 9668 NC_003923.gbk
1199 65.3 1381835 1382692 genome.dna 1020700 1021522 NC_003923.gbk
850 42.0 1425057 1426040 genome.dna 2806006 2807023 NC_003923.gbk
451 35.5 1426894 1426256 genome.dna 1051151 1051718 NC_003923.gbk
1108 49.7 1427931 1426894 genome.dna 1050120 1051149 NC_003923.gbk
723 51.7 1428285 1428911 genome.dna 2190665 2190035 NC_003923.gbk
1176 43.8 1429248 1430537 genome.dna 1178329 1179637 NC_003923.gbk
372 41.8 1433876 1433409 genome.dna 1967157 1966701 NC_003923.gbk
596 37.1 1434853 1435731 genome.dna 1403748 1404636 NC_003923.gbk
609 41.2 1436929 1437642 genome.dna 1044842 1045547 NC_003923.gbk
1270 51.4 1458435 1457257 genome.dna 378858 380040 NC_003923.gbk
592 35.9 1462930 1461608 genome.dna 2706933 2705562 NC_003923.gbk
276 67.2 1468125 1468334 genome.dna 865201 865402 NC_003923.gbk
970 51.6 1470427 1469462 genome.dna 893701 894619 NC_003923.gbk
600 32.6 1475506 1474394 genome.dna 1090891 1092118 NC_003923.gbk
273 30.6 1477924 1477454 genome.dna 33688 34168 NC_003923.gbk
240 33.7 1478243 1477926 genome.dna 1672545 1672191 NC_003923.gbk
1870 43.4 1483266 1480684 genome.dna 1856403 1853979 NC_003923.gbk
885 46.6 1492026 1490968 genome.dna 1651361 1650413 NC_003923.gbk
1118 39.6 1493774 1492350 genome.dna 1288433 1289978 NC_003923.gbk
537 30.5 1501778 1500630 genome.dna 745913 747095 NC_003923.gbk
1537 48.5 1502956 1504452 genome.dna 1807885 1806418 NC_003923.gbk
270 33.3 1506798 1506349 genome.dna 1584811 1584361 NC_003923.gbk
514 39.6 1515559 1514879 genome.dna 2161545 2162241 NC_003923.gbk
369 38.7 1519100 1518525 genome.dna 2154875 2154314 NC_003923.gbk
2043 54.0 1521264 1519120 genome.dna 2156922 2154894 NC_003923.gbk
1369 43.1 1522968 1521280 genome.dna 2158617 2156940 NC_003923.gbk
700 33.6 1528762 1530255 genome.dna 735901 737275 NC_003923.gbk
529 38.0 1531148 1531804 genome.dna 1686444 1685709 NC_003923.gbk
535 32.8 1531798 1532742 genome.dna 1685720 1684709 NC_003923.gbk
695 43.0 1532732 1533469 genome.dna 1682884 1682131 NC_003923.gbk
549 43.7 1533499 1534146 genome.dna 2797008 2797647 NC_003923.gbk
679 35.7 1536355 1535069 genome.dna 1771219 1770097 NC_003923.gbk
1794 39.8 1540513 1543320 genome.dna 1424659 1421860 NC_003923.gbk
925 43.3 1543336 1544562 genome.dna 1421847 1420578 NC_003923.gbk
1337 51.6 1544898 1546064 genome.dna 1231395 1232562 NC_003923.gbk
1244 65.1 1546064 1546936 genome.dna 1232583 1233492 NC_003923.gbk
785 41.4 1561588 1560626 genome.dna 2223709 2224690 NC_003923.gbk
762 47.3 1563766 1563014 genome.dna 2487665 2486978 NC_003923.gbk
194 32.8 1576123 1576893 genome.dna 2346265 2345482 NC_003923.gbk
438 35.1 1576893 1577582 genome.dna 2345469 2344797 NC_003923.gbk
638 33.0 1598229 1599338 genome.dna 2257355 2256290 NC_003923.gbk
692 50.5 1599518 1600159 genome.dna 1687897 1687273 NC_003923.gbk
421 30.3 1617930 1618712 genome.dna 114245 115025 NC_003923.gbk
2094 67.0 1638449 1639855 genome.dna 1597512 1596105 NC_003923.gbk
1484 52.8 1768623 1769945 genome.dna 2455556 2454278 NC_003923.gbk
1175 39.0 1800077 1801579 genome.dna 615844 617245 NC_003923.gbk
1572 55.3 1862075 1860786 genome.dna 1868944 1870237 NC_003923.gbk
1238 40.3 1993342 1994814 genome.dna 2698844 2697353 NC_003923.gbk
1847 51.6 1994834 1996513 genome.dna 2697093 2695383 NC_003923.gbk
157 30.6 2015203 2015631 genome.dna 1790294 1790795 NC_003923.gbk
327 41.1 2016186 2015680 genome.dna 425903 426386 NC_003923.gbk
649 35.1 2041077 2042123 genome.dna 1212649 1213636 NC_003923.gbk
802 39.6 2042130 2043083 genome.dna 955117 956059 NC_003923.gbk
723 39.4 2043101 2044030 genome.dna 1213628 1214555 NC_003923.gbk
828 55.0 2044045 2044779 genome.dna 1214541 1215282 NC_003923.gbk
277 64.3 2044934 2045170 genome.dna 1215715 1215949 NC_003923.gbk
1401 49.6 2045253 2046494 genome.dna 956070 957315 NC_003923.gbk
385 36.2 2048443 2049102 genome.dna 498742 499360 NC_003923.gbk
569 35.7 2050132 2050929 genome.dna 506394 507168 NC_003923.gbk
2205 36.8 2070405 2066956 genome.dna 516398 519905 NC_003923.gbk
926 53.2 2077218 2077982 genome.dna 291346 290584 NC_003923.gbk
388 46.3 2079241 2079792 genome.dna 1304065 1303588 NC_003923.gbk
1798 50.1 2096741 2095152 genome.dna 2390549 2388944 NC_003923.gbk
1710 43.8 2099496 2097796 genome.dna 1594287 1592637 NC_003923.gbk
1073 41.0 2112831 2114330 genome.dna 885880 887278 NC_003923.gbk
850 51.6 2114428 2115174 genome.dna 881753 882515 NC_003923.gbk
1248 44.8 2116495 2117718 genome.dna 884034 885276 NC_003923.gbk
1328 46.9 2121733 2120321 genome.dna 1775033 1773275 NC_003923.gbk
430 34.3 2153926 2154558 genome.dna 1987943 1987313 NC_003923.gbk
883 31.0 2179364 2177811 genome.dna 97607 99200 NC_003923.gbk
325 33.5 2181519 2182154 genome.dna 1865075 1864442 NC_003923.gbk
1379 47.7 2192856 2194133 genome.dna 1811432 1810169 NC_003923.gbk
2198 54.2 2198282 2200954 genome.dna 1351279 1353985 NC_003923.gbk
590 44.7 2216576 2217319 genome.dna 1186215 1186908 NC_003923.gbk
673 42.4 2239913 2239125 genome.dna 984002 984773 NC_003923.gbk
476 46.6 2258625 2258122 genome.dna 1793895 1793400 NC_003923.gbk
564 31.5 2267632 2266640 genome.dna 2606062 2607118 NC_003923.gbk
331 30.6 2275290 2274685 genome.dna 221310 220683 NC_003923.gbk
433 30.6 2306210 2305560 genome.dna 1944915 1944291 NC_003923.gbk
2566 49.8 2310451 2314227 genome.dna 2469810 2466120 NC_003923.gbk
2187 60.5 2314227 2315807 genome.dna 2466131 2464571 NC_003923.gbk
521 37.2 2316519 2317223 genome.dna 2464011 2463333 NC_003923.gbk
699 36.9 2322430 2321456 genome.dna 1475593 1474552 NC_003923.gbk
114 33.3 2324296 2324544 genome.dna 397695 397947 NC_003923.gbk
742 30.7 2336995 2338260 genome.dna 2688353 2686979 NC_003923.gbk
674 47.8 2351826 2352485 genome.dna 468447 469107 NC_003923.gbk
469 35.3 2378840 2379481 genome.dna 2461781 2461127 NC_003923.gbk
1087 44.0 2463282 2462086 genome.dna 2397081 2395959 NC_003923.gbk
535 33.4 2463567 2464547 genome.dna 350120 351122 NC_003923.gbk
1372 56.4 2487322 2486231 genome.dna 390004 391102 NC_003923.gbk
402 36.7 2488039 2487452 genome.dna 515826 516399 NC_003923.gbk
1034 50.3 2489732 2488785 genome.dna 513747 514713 NC_003923.gbk
382 30.6 2490742 2489870 genome.dna 509447 510296 NC_003923.gbk
829 34.8 2491599 2492855 genome.dna 1744201 1742854 NC_003923.gbk
1195 50.6 2492889 2493971 genome.dna 2196034 2194957 NC_003923.gbk
455 32.6 2493971 2494816 genome.dna 2194971 2194134 NC_003923.gbk
368 33.1 2552084 2552833 genome.dna 2557485 2556789 NC_003923.gbk
1823 59.8 2563367 2561970 genome.dna 1948879 1947493 NC_003923.gbk
582 45.2 2585970 2586605 genome.dna 1492283 1491623 NC_003923.gbk
1105 38.6 2593132 2590532 genome.dna 1237327 1239403 NC_003923.gbk
476 35.9 2597527 2596643 genome.dna 1581491 1580753 NC_003923.gbk
566 35.3 2605113 2606180 genome.dna 1376528 1377527 NC_003923.gbk
1339 50.4 2607572 2608762 genome.dna 1378935 1380150 NC_003923.gbk
1023 54.4 2628084 2627089 genome.dna 959995 961078 NC_003923.gbk
722 38.0 2629004 2628096 genome.dna 968596 969478 NC_003923.gbk
848 42.6 2629936 2629016 genome.dna 957983 958910 NC_003923.gbk
2455 48.8 2634501 2637176 genome.dna 142664 145274 NC_003923.gbk
801 45.4 2639766 2638855 genome.dna 2576963 2576096 NC_003923.gbk
346 42.9 2654386 2653967 genome.dna 1433994 1433565 NC_003923.gbk
1017 48.4 2654735 2655739 genome.dna 827900 828911 NC_003923.gbk
581 30.9 2704043 2704957 genome.dna 677022 676092 NC_003923.gbk
737 38.8 2706704 2707561 genome.dna 677855 677018 NC_003923.gbk
1420 48.8 2722186 2723580 genome.dna 406906 405517 NC_003923.gbk
1000 59.6 2724246 2725070 genome.dna 2020302 2019480 NC_003923.gbk
1283 39.1 2726216 2727934 genome.dna 1971842 1970105 NC_003923.gbk
1530 37.6 2731236 2728849 genome.dna 1116801 1119204 NC_003923.gbk
867 50.9 2732234 2731251 genome.dna 1115743 1116802 NC_003923.gbk
489 62.4 2732903 2732547 genome.dna 1750093 1749736 NC_003923.gbk
200 53.1 2733144 2732947 genome.dna 1750340 1750139 NC_003923.gbk
579 51.5 2733782 2733240 genome.dna 1750896 1750368 NC_003923.gbk
1836 42.6 2735713 2733785 genome.dna 1754981 1753043 NC_003923.gbk
439 32.4 2746160 2745411 genome.dna 284842 285583 NC_003923.gbk
1086 62.1 2755752 2754499 genome.dna 1770049 1768780 NC_003923.gbk
1371 55.6 2757088 2758194 genome.dna 1699923 1698804 NC_003923.gbk
1307 49.9 2765355 2764123 genome.dna 793229 792002 NC_003923.gbk
467 31.5 2766822 2767682 genome.dna 1079380 1080178 NC_003923.gbk
597 38.2 2767679 2768455 genome.dna 1080183 1080993 NC_003923.gbk
772 36.3 2768546 2769589 genome.dna 1080992 1082066 NC_003923.gbk
539 46.8 2770193 2769657 genome.dna 2630149 2629627 NC_003923.gbk
550 55.9 2777056 2776550 genome.dna 1799371 1799836 NC_003923.gbk
388 32.9 2788070 2787564 genome.dna 1996033 1996534 NC_003923.gbk
1197 38.1 2794931 2793456 genome.dna 1589975 1591460 NC_003923.gbk
1337 59.4 2809298 2808294 genome.dna 1722772 1721767 NC_003923.gbk
386 36.3 2809923 2809306 genome.dna 1723406 1722803 NC_003923.gbk
511 36.3 2811487 2810744 genome.dna 716387 717104 NC_003923.gbk
2105 52.7 2813755 2811956 genome.dna 1708038 1706271 NC_003923.gbk
740 37.9 2859653 2858643 genome.dna 2673244 2674309 NC_003923.gbk
725 36.1 2864092 2865492 genome.dna 1494579 1493286 NC_003923.gbk
414 34.7 2869134 2868487 genome.dna 1627440 1626816 NC_003923.gbk
846 47.6 2891958 2891200 genome.dna 784674 785436 NC_003923.gbk
731 35.3 2892962 2891955 genome.dna 783721 784678 NC_003923.gbk
903 40.1 2893911 2892949 genome.dna 782763 783735 NC_003923.gbk
509 31.8 2894873 2893923 genome.dna 785554 786583 NC_003923.gbk
515 38.0 2906057 2905173 genome.dna 939637 940540 NC_003923.gbk
849 33.0 2917289 2918617 genome.dna 2785752 2784501 NC_003923.gbk
406 41.0 2920770 2921360 genome.dna 2782929 2782350 NC_003923.gbk
721 40.2 2922086 2922862 genome.dna 2781657 2780898 NC_003923.gbk
547 43.7 2922856 2923488 genome.dna 2780902 2780269 NC_003923.gbk
471 38.7 2926492 2925815 genome.dna 1518105 1517445 NC_003923.gbk
3351 64.2 2932697 2934979 genome.dna 236896 239146 NC_003923.gbk
770 48.7 2966712 2967509 genome.dna 239168 239924 NC_003923.gbk
1355 50.6 2975613 2974318 genome.dna 12785 14072 NC_003923.gbk
890 36.9 2977060 2975717 genome.dna 1703602 1704877 NC_003923.gbk
726 41.6 2982496 2983455 genome.dna 817897 818833 NC_003923.gbk
361 70.8 2988043 2988261 genome.dna 2308699 2308480 NC_003923.gbk
685 30.8 2988414 2989868 genome.dna 548059 546676 NC_003923.gbk
566 38.1 3016080 3015361 genome.dna 404681 405437 NC_003923.gbk
676 53.1 3019705 3020373 genome.dna 130536 131199 NC_003923.gbk
914 44.6 3024334 3023318 genome.dna 877241 878267 NC_003923.gbk
1647 51.6 3063296 3061821 genome.dna 1752618 1751124 NC_003923.gbk
491 32.1 3065575 3066420 genome.dna 1637592 1636701 NC_003923.gbk
1419 43.2 3080104 3081720 genome.dna 212968 211375 NC_003923.gbk
470 36.6 3084419 3083724 genome.dna 1843311 1842615 NC_003923.gbk
818 45.4 3148240 3147401 genome.dna 692711 693509 NC_003923.gbk
903 44.4 3150266 3149277 genome.dna 104539 103543 NC_003923.gbk
778 39.8 3151270 3150263 genome.dna 105547 104554 NC_003923.gbk
270 32.3 3155124 3154672 genome.dna 2340167 2339720 NC_003923.gbk
445 50.6 3155863 3155369 genome.dna 2341984 2342479 NC_003923.gbk
353 41.3 3156400 3155882 genome.dna 2342987 2342480 NC_003923.gbk
571 34.6 3157424 3156435 genome.dna 2338856 2337833 NC_003923.gbk
2514 58.4 3161386 3159374 genome.dna 808661 810653 NC_003923.gbk
587 32.2 3166099 3165062 genome.dna 2498161 2497153 NC_003923.gbk
836 32.8 3166195 3167499 genome.dna 2499521 2498162 NC_003923.gbk
431 32.3 3169188 3169883 genome.dna 2623935 2623245 NC_003923.gbk
560 30.7 3178804 3180039 genome.dna 2341922 2340662 NC_003923.gbk
635 45.4 3180901 3181500 genome.dna 2105307 2105934 NC_003923.gbk
282 34.9 3228583 3228035 genome.dna 1278585 1279164 NC_003923.gbk
777 36.7 3230474 3228642 genome.dna 1126488 1128270 NC_003923.gbk
1697 52.5 3233243 3234655 genome.dna 1771566 1772928 NC_003923.gbk
858 37.8 3265816 3266967 genome.dna 920366 921494 NC_003923.gbk
909 45.7 3310237 3309242 genome.dna 965660 966647 NC_003923.gbk
1130 46.7 3314908 3313691 genome.dna 2212690 2211505 NC_003923.gbk
496 34.5 3336744 3335911 genome.dna 2471095 2470117 NC_003923.gbk
589 38.7 3344476 3343682 genome.dna 168197 168938 NC_003923.gbk
1601 44.3 3364676 3363084 genome.dna 1399020 1400622 NC_003923.gbk
290 31.8 3365704 3366279 genome.dna 368040 368586 NC_003923.gbk
1152 38.0 3366849 3368273 genome.dna 482852 484280 NC_003923.gbk
1946 53.1 3368339 3370030 genome.dna 484343 485984 NC_003923.gbk
1057 44.9 3395711 3396913 genome.dna 1792243 1791040 NC_003923.gbk
681 37.9 3402984 3403889 genome.dna 824861 823958 NC_003923.gbk
612 36.5 3409858 3408341 genome.dna 1048643 1050128 NC_003923.gbk
764 44.3 3413548 3412631 genome.dna 1778093 1777235 NC_003923.gbk
449 32.4 3415469 3414618 genome.dna 2303126 2302322 NC_003923.gbk
452 30.6 3416479 3415469 genome.dna 1402757 1403747 NC_003923.gbk
534 36.1 3425582 3424782 genome.dna 1794763 1793992 NC_003923.gbk
191 35.1 3427528 3426443 genome.dna 1508553 1507386 NC_003923.gbk
1643 50.5 3443783 3442200 genome.dna 2433407 2431871 NC_003923.gbk
656 30.6 3477877 3476636 genome.dna 2647132 2645977 NC_003923.gbk
631 38.2 3479267 3480127 genome.dna 1840072 1839223 NC_003923.gbk
798 37.2 3494931 3493498 genome.dna 898359 899817 NC_003923.gbk
475 30.2 3496046 3494928 genome.dna 899813 901028 NC_003923.gbk
499 30.0 3511745 3510762 genome.dna 749857 750841 NC_003923.gbk
812 44.2 3516455 3517318 genome.dna 1043045 1042184 NC_003923.gbk
1291 44.1 3519048 3517663 genome.dna 561715 563116 NC_003923.gbk
276 33.5 3520193 3520687 genome.dna 918619 919213 NC_003923.gbk
530 50.3 3521609 3522118 genome.dna 1043245 1043728 NC_003923.gbk
954 53.8 3527868 3527053 genome.dna 1393930 1393078 NC_003923.gbk
268 37.7 3537011 3536586 genome.dna 871525 871102 NC_003923.gbk
643 30.6 3546973 3548205 genome.dna 223589 224861 NC_003923.gbk
1547 52.3 3548305 3549609 genome.dna 224863 226132 NC_003923.gbk
1000 49.8 3549622 3550470 genome.dna 226133 226973 NC_003923.gbk
902 53.5 3557692 3558888 genome.dna 551034 549819 NC_003923.gbk
601 31.7 3573115 3574479 genome.dna 1689165 1687896 NC_003923.gbk
496 34.2 3575248 3576147 genome.dna 2001951 2001003 NC_003923.gbk
678 42.5 3577570 3576767 genome.dna 2175797 2174966 NC_003923.gbk
564 41.5 3578361 3577567 genome.dna 2174983 2174182 NC_003923.gbk
1459 51.5 3590632 3589055 genome.dna 414253 415795 NC_003923.gbk
1689 54.4 3592205 3590739 genome.dna 412762 414229 NC_003923.gbk
920 34.2 3592378 3593766 genome.dna 1610912 1609574 NC_003923.gbk
506 42.2 3599984 3598497 genome.dna 1515351 1514040 NC_003923.gbk
1095 41.4 3603229 3601955 genome.dna 1709316 1708053 NC_003923.gbk
807 36.0 3607701 3606505 genome.dna 1200341 1201436 NC_003923.gbk
431 42.9 3608433 3608005 genome.dna 1509799 1509349 NC_003923.gbk
1091 42.2 3608793 3610373 genome.dna 262120 260590 NC_003923.gbk
938 42.7 3621177 3619963 genome.dna 1701066 1699923 NC_003923.gbk
240 35.7 3621953 3621459 genome.dna 1703518 1703095 NC_003923.gbk
420 30.9 3622920 3623723 genome.dna 1086249 1087077 NC_003923.gbk
1571 58.2 3635387 3634134 genome.dna 2191931 2190692 NC_003923.gbk
655 33.2 3635748 3636938 genome.dna 258745 257599 NC_003923.gbk
447 42.9 3651787 3651263 genome.dna 593270 593741 NC_003923.gbk
934 52.2 3653449 3652523 genome.dna 196884 197784 NC_003923.gbk
242 37.3 3680225 3679845 genome.dna 2151569 2151209 NC_003923.gbk
803 39.2 3682691 3681786 genome.dna 1649183 1648283 NC_003923.gbk
407 34.2 3683368 3682688 genome.dna 1216064 1216796 NC_003923.gbk
2321 56.6 3686442 3684643 genome.dna 1666315 1664491 NC_003923.gbk
748 50.9 3694571 3695257 genome.dna 622806 623463 NC_003923.gbk
840 38.8 3698228 3696813 genome.dna 559207 560662 NC_003923.gbk
762 51.5 3711890 3712588 genome.dna 1677140 1676453 NC_003923.gbk
275 37.3 3714535 3714188 genome.dna 905071 905431 NC_003923.gbk
1550 52.8 3714803 3716083 genome.dna 1739335 1738048 NC_003923.gbk
357 40.1 3732230 3732727 genome.dna 531738 532215 NC_003923.gbk
674 43.7 3732844 3733638 genome.dna 2681805 2680986 NC_003923.gbk
706 41.7 3733793 3734647 genome.dna 2680994 2680142 NC_003923.gbk
367 50.0 3734665 3735045 genome.dna 2680141 2679757 NC_003923.gbk
555 47.5 3738313 3737777 genome.dna 525269 525809 NC_003923.gbk
221 36.5 3745052 3745459 genome.dna 778500 778899 NC_003923.gbk
1897 42.5 3745456 3747603 genome.dna 778861 780967 NC_003923.gbk
496 39.8 3747628 3748590 genome.dna 781084 782056 NC_003923.gbk
2771 51.6 3762599 3760023 genome.dna 946608 949218 NC_003923.gbk
592 40.7 3764478 3763501 genome.dna 1176267 1177185 NC_003923.gbk
415 54.4 3773009 3772662 genome.dna 1225711 1226062 NC_003923.gbk
719 42.3 3773827 3773072 genome.dna 1224871 1225609 NC_003923.gbk
209 41.9 3774681 3774433 genome.dna 1223905 1224181 NC_003923.gbk
1535 51.4 3776200 3774839 genome.dna 1222103 1223471 NC_003923.gbk
391 41.8 3777786 3777271 genome.dna 2213000 2213471 NC_003923.gbk
229 31.2 3780567 3780001 genome.dna 2387089 2386453 NC_003923.gbk
2091 45.0 3784972 3782345 genome.dna 1694734 1692103 NC_003923.gbk
1416 63.5 3786717 3785644 genome.dna 1280706 1281750 NC_003923.gbk
804 37.0 3889382 3888324 genome.dna 1998615 1997544 NC_003923.gbk
413 34.7 3909216 3909983 genome.dna 2106294 2107080 NC_003923.gbk
602 31.3 3918901 3920391 genome.dna 2005502 2004044 NC_003923.gbk
733 34.6 3921930 3923132 genome.dna 2526461 2525228 NC_003923.gbk
326 33.3 3930070 3930801 genome.dna 14723 15419 NC_003923.gbk
965 45.7 3952362 3953393 genome.dna 467418 468444 NC_003923.gbk
588 38.3 3954101 3954916 genome.dna 878972 879794 NC_003923.gbk
1709 45.0 3956293 3958011 genome.dna 1252041 1253745 NC_003923.gbk
907 55.8 3966155 3966877 genome.dna 1953492 1952763 NC_003923.gbk
1361 36.6 3976444 3974615 genome.dna 2709957 2708076 NC_003923.gbk
241 36.9 3984884 3985300 genome.dna 755984 755564 NC_003923.gbk
1068 38.8 3994559 3995977 genome.dna 2029225 2030605 NC_003923.gbk
1593 57.5 4001743 4000448 genome.dna 832772 834077 NC_003923.gbk
2046 55.6 4003479 4001842 genome.dna 2206048 2204437 NC_003923.gbk
1663 36.8 4007080 4004843 genome.dna 1713302 1711112 NC_003923.gbk
1183 49.1 4012636 4011491 genome.dna 2505727 2506870 NC_003923.gbk
1858 45.1 4027241 4025196 genome.dna 2011015 2009011 NC_003923.gbk
614 45.7 4036522 4035704 genome.dna 727404 726528 NC_003923.gbk
289 34.2 4037132 4037767 genome.dna 1356118 1355509 NC_003923.gbk
1379 40.1 4054763 4056430 genome.dna 192930 191289 NC_003923.gbk
306 40.4 4059399 4059037 genome.dna 257244 256887 NC_003923.gbk
225 30.7 4059979 4059527 genome.dna 20285 20732 NC_003923.gbk
287 58.6 4060248 4060021 genome.dna 392494 392737 NC_003923.gbk
532 38.9 4068636 4067902 genome.dna 563520 564267 NC_003923.gbk
1554 34.7 4071195 4068739 genome.dna 836063 838436 NC_003923.gbk
487 45.0 4079441 4080034 genome.dna 1132888 1133476 NC_003923.gbk
612 31.0 4080027 4081166 genome.dna 1663868 1662743 NC_003923.gbk
188 34.1 4086876 4086421 genome.dna 1032472 1032037 NC_003923.gbk
350 32.4 4102382 4101120 genome.dna 1408474 1409740 NC_003923.gbk
1136 44.6 4114440 4115846 genome.dna 20763 22164 NC_003923.gbk
550 32.4 4115888 4116970 genome.dna 2151144 2149995 NC_003923.gbk
3714 57.6 4139901 4137067 genome.dna 810660 813507 NC_003923.gbk
259 34.6 4140147 4140710 genome.dna 391939 392443 NC_003923.gbk
391 32.9 4199525 4198710 genome.dna 741963 742725 NC_003923.gbk
284 31.5 4215531 4215974 genome.dna 357747 357303 NC_003923.gbk
216 37.1 4215997 4216284 genome.dna 357302 357017 NC_003923.gbk
1620 56.9 4216300 4217559 genome.dna 357003 355656 NC_003923.gbk
1212 44.8 4231793 4230366 genome.dna 1075748 1077155 NC_003923.gbk
549 32.0 4250428 4249388 genome.dna 1336840 1337818 NC_003923.gbk
367 32.8 4250722 4251348 genome.dna 1760213 1759589 NC_003923.gbk
190 30.2 4252799 4252404 genome.dna 2565202 2564809 NC_003923.gbk
935 45.7 4255592 4252890 genome.dna 802137 804669 NC_003923.gbk
1072 46.6 4258960 4257809 genome.dna 1165555 1166728 NC_003923.gbk
612 34.5 4262088 4261168 genome.dna 2167090 2166019 NC_003923.gbk
632 30.4 4267226 4265910 genome.dna 1161320 1162670 NC_003923.gbk
473 43.5 4268312 4267230 genome.dna 1160353 1161319 NC_003923.gbk
769 31.7 4269667 4268306 genome.dna 2166005 2164646 NC_003923.gbk
756 31.6 4271151 4269664 genome.dna 992457 993942 NC_003923.gbk
789 41.1 4274186 4273242 genome.dna 1156496 1157432 NC_003923.gbk
288 32.2 4274647 4274189 genome.dna 1156049 1156481 NC_003923.gbk
1603 42.8 4279582 4277864 genome.dna 2127699 2129469 NC_003923.gbk
1328 41.9 4282166 4283764 genome.dna 2130893 2132423 NC_003923.gbk
1071 46.6 4283764 4284855 genome.dna 2132425 2133472 NC_003923.gbk
1112 55.2 4284858 4286258 genome.dna 2133485 2134856 NC_003923.gbk
617 49.5 4286272 4286874 genome.dna 2134856 2135429 NC_003923.gbk
455 33.6 4319027 4319845 genome.dna 507881 508775 NC_003923.gbk
351 34.2 4323873 4323391 genome.dna 1435939 1435459 NC_003923.gbk
2868 49.3 4330684 4327460 genome.dna 1182932 1186106 NC_003923.gbk
380 44.7 4331847 4330699 genome.dna 1181839 1182940 NC_003923.gbk
282 36.4 4335368 4334856 genome.dna 1175776 1176268 NC_003923.gbk
2541 41.7 4338181 4335368 genome.dna 1171083 1173837 NC_003923.gbk
567 33.8 4339154 4338213 genome.dna 1264850 1265822 NC_003923.gbk
161 38.8 4339580 4339843 genome.dna 1666660 1666912 NC_003923.gbk
1151 46.8 4343498 4342359 genome.dna 1658971 1657831 NC_003923.gbk
1924 54.2 4345514 4343607 genome.dna 1660939 1659106 NC_003923.gbk
1191 37.4 4365488 4367155 genome.dna 764089 765967 NC_003923.gbk
774 41.2 4370220 4371221 genome.dna 2280030 2279022 NC_003923.gbk
393 35.3 4373604 4372945 genome.dna 2405029 2404342 NC_003923.gbk
775 42.9 4379941 4378778 genome.dna 829049 830240 NC_003923.gbk
1978 47.0 4383337 4381343 genome.dna 1340730 1342719 NC_003923.gbk
1170 62.1 4388480 4389631 genome.dna 1880604 1879410 NC_003923.gbk
241 30.0 4391555 4392289 genome.dna 1656888 1656135 NC_003923.gbk
1326 45.4 4398393 4397095 genome.dna 22442 23726 NC_003923.gbk
863 43.4 4402445 4401165 genome.dna 1304176 1305415 NC_003923.gbk
585 34.8 4403893 4402952 genome.dna 1302183 1303119 NC_003923.gbk
1711 53.5 4413004 4411424 genome.dna 403605 402081 NC_003923.gbk
827 62.4 4413698 4413135 genome.dna 404190 403620 NC_003923.gbk
404 30.9 4419630 4418704 genome.dna 1966696 1965745 NC_003923.gbk
403 30.4 4429982 4429287 genome.dna 1152862 1153549 NC_003923.gbk
956 33.8 4442783 4444579 genome.dna 1129259 1131026 NC_003923.gbk
449 39.6 4448185 4447619 genome.dna 1614605 1614047 NC_003923.gbk
413 33.2 4479596 4478769 genome.dna 1674792 1673985 NC_003923.gbk
238 30.1 4482450 4482959 genome.dna 1197618 1198107 NC_003923.gbk
798 40.3 4482986 4483933 genome.dna 1198099 1199035 NC_003923.gbk
236 47.0 4486815 4487225 genome.dna 1348596 1348233 NC_003923.gbk
191 47.9 4488068 4487676 genome.dna 2306499 2306130 NC_003923.gbk
797 41.8 4489098 4488109 genome.dna 2307460 2306515 NC_003923.gbk
558 45.2 4489744 4489124 genome.dna 1800079 1800682 NC_003923.gbk
581 62.0 4490164 4489775 genome.dna 2307924 2307534 NC_003923.gbk
430 51.7 4490537 4490181 genome.dna 2308313 2307947 NC_003923.gbk
173 65.8 4490800 4490684 genome.dna 2308449 2308335 NC_003923.gbk
1025 40.6 4492165 4490834 genome.dna 2310848 2309555 NC_003923.gbk
391 44.4 4492607 4492173 genome.dna 2311288 2310847 NC_003923.gbk
161 45.5 4492790 4492611 genome.dna 2311484 2311304 NC_003923.gbk
609 56.1 4493297 4492797 genome.dna 2312001 2311500 NC_003923.gbk
317 46.2 4493665 4493312 genome.dna 2312381 2312021 NC_003923.gbk
476 44.3 4494208 4493675 genome.dna 2312948 2312411 NC_003923.gbk
431 50.4 4494614 4494222 genome.dna 2313371 2312972 NC_003923.gbk
238 48.5 4494953 4494648 genome.dna 1336414 1336684 NC_003923.gbk
801 61.5 4495506 4494967 genome.dna 2314150 2313610 NC_003923.gbk
328 52.5 4495835 4495521 genome.dna 2314494 2314176 NC_003923.gbk
526 67.5 4496217 4495846 genome.dna 2314898 2314529 NC_003923.gbk
261 49.3 4496635 4496381 genome.dna 2315193 2314929 NC_003923.gbk
153 40.0 4496826 4496635 genome.dna 2315438 2315216 NC_003923.gbk
524 55.2 4497236 4496826 genome.dna 2315850 2315415 NC_003923.gbk
800 56.2 4497950 4497249 genome.dna 2316506 2315852 NC_003923.gbk
349 52.3 4498300 4497968 genome.dna 2316883 2316529 NC_003923.gbk
427 65.2 4498593 4498315 genome.dna 2317190 2316911 NC_003923.gbk
1134 59.4 4499431 4498610 genome.dna 2318090 2317256 NC_003923.gbk
174 38.3 4499751 4499449 genome.dna 2318398 2318122 NC_003923.gbk
480 39.8 4500353 4499748 genome.dna 2319021 2318397 NC_003923.gbk
571 43.5 4500993 4500364 genome.dna 2319710 2319047 NC_003923.gbk
440 65.7 4501337 4501026 genome.dna 2320046 2319737 NC_003923.gbk
2672 58.9 4505956 4503842 genome.dna 579053 581135 NC_003923.gbk
650 59.6 4506523 4506053 genome.dna 578460 578931 NC_003923.gbk
503 66.9 4506994 4506620 genome.dna 577981 578395 NC_003923.gbk
1039 32.2 4523306 4525213 genome.dna 2118911 2120840 NC_003923.gbk
903 38.6 4531124 4529898 genome.dna 188782 187597 NC_003923.gbk
524 42.8 4531820 4531245 genome.dna 757004 757598 NC_003923.gbk
1527 34.5 4546959 4549529 genome.dna 2473809 2471403 NC_003923.gbk
141 30.4 4549526 4549894 genome.dna 2471400 2471085 NC_003923.gbk
1113 52.3 4557783 4556779 genome.dna 970509 969519 NC_003923.gbk
587 42.6 4559154 4558477 genome.dna 1205280 1205925 NC_003923.gbk
650 34.3 4562421 4561336 genome.dna 1507361 1506296 NC_003923.gbk
266 31.0 4562994 4562473 genome.dna 1623021 1622496 NC_003923.gbk
1650 52.1 4575473 4577092 genome.dna 1880975 1882568 NC_003923.gbk
1343 41.7 4597892 4600225 genome.dna 2145929 2143778 NC_003923.gbk
565 34.0 4622349 4623851 genome.dna 1299380 1301102 NC_003923.gbk
906 33.0 4640126 4641844 genome.dna 283085 284840 NC_003923.gbk
965 35.7 4647455 4646079 genome.dna 2585529 2584170 NC_003923.gbk
1775 56.8 4656105 4657454 genome.dna 363788 362429 NC_003923.gbk
1368 37.5 4664050 4662224 genome.dna 765978 767760 NC_003923.gbk
779 39.5 4665855 4666784 genome.dna 2805044 2804135 NC_003923.gbk
823 50.8 4670140 4669394 genome.dna 380875 380122 NC_003923.gbk
1623 39.3 4672431 4670269 genome.dna 2013211 2011018 NC_003923.gbk
784 42.8 4680620 4681561 genome.dna 1741976 1741049 NC_003923.gbk
402 35.3 4689462 4688920 genome.dna 2475362 2474834 NC_003923.gbk
824 32.5 4690836 4689472 genome.dna 2015778 2014482 NC_003923.gbk
1841 56.9 4694568 4693180 genome.dna 2385338 2383958 NC_003923.gbk
1025 43.0 4703612 4702350 genome.dna 159883 161146 NC_003923.gbk
719 51.8 4704862 4703738 genome.dna 2190015 2188884 NC_003923.gbk
1423 51.8 4708658 4707399 genome.dna 2198669 2197352 NC_003923.gbk
362 51.0 4709479 4709153 genome.dna 1125850 1126165 NC_003923.gbk
1546 48.0 4719117 4720601 genome.dna 2006172 2007711 NC_003923.gbk
1067 44.6 4729969 4728119 genome.dna 2125983 2127672 NC_003923.gbk
448 34.2 4730969 4730043 genome.dna 589805 590882 NC_003923.gbk
934 41.5 4766891 4765731 genome.dna 465979 467122 NC_003923.gbk
559 30.4 4773468 4774511 genome.dna 1822838 1821848 NC_003923.gbk
603 54.3 4775884 4776414 genome.dna 1242175 1242721 NC_003923.gbk
896 47.6 4776424 4777755 genome.dna 1242786 1244190 NC_003923.gbk
268 38.2 4780345 4781184 genome.dna 1296827 1297646 NC_003923.gbk
2102 61.1 4781238 4782749 genome.dna 1297774 1299271 NC_003923.gbk
628 41.5 4786326 4787093 genome.dna 830361 831123 NC_003923.gbk
975 47.9 4825789 4824827 genome.dna 1775978 1775054 NC_003923.gbk
619 44.7 4829201 4829899 genome.dna 1768391 1767686 NC_003923.gbk
400 43.0 4834867 4834403 genome.dna 1951481 1951010 NC_003923.gbk
433 32.8 4837408 4836659 genome.dna 38287 39031 NC_003923.gbk
1108 48.4 4838481 4837408 genome.dna 222479 223577 NC_003923.gbk
944 34.1 4911222 4909444 genome.dna 217401 219408 NC_003923.gbk
563 32.0 4914105 4915127 genome.dna 268106 269162 NC_003923.gbk
1039 48.4 4926494 4925484 genome.dna 966649 967630 NC_003923.gbk
1610 46.6 4939318 4937906 genome.dna 2802304 2803723 NC_003923.gbk
568 34.9 4951144 4951938 genome.dna 169922 170684 NC_003923.gbk
621 30.9 4962494 4961517 genome.dna 967622 968585 NC_003923.gbk
650 37.9 4964420 4963467 genome.dna 262481 263417 NC_003923.gbk
2004 58.9 4974416 4972974 genome.dna 288600 290037 NC_003923.gbk
2004 58.9 4974416 4972974 genome.dna 288600 290037 NC_003923.gbk
2004 58.9 4974416 4972974 genome.dna 288600 290037 NC_003923.gbk
1157 42.1 4985096 4983699 genome.dna 516 1878 NC_003923.gbk
186 65.1 4985770 4985910 genome.dna 2820248 2820110 NC_003923.gbk
859 33.2 4988276 4989640 genome.dna 2819498 2818118 NC_003923.gbk
1131 42.0 4994663 4993335 genome.dna 2773273 2774512 NC_003923.gbk
1131 42.0 4994663 4993335 genome.dna 2773273 2774512 NC_003923.gbk
1079 40.9 5010680 5009268 genome.dna 2322317 2320982 NC_003923.gbk
489 32.4 5019301 5018414 genome.dna 1394894 1393976 NC_003923.gbk
583 32.0 5026700 5027902 genome.dna 1026055 1024900 NC_003923.gbk
1503 40.9 5049054 5047222 genome.dna 2231825 2230019 NC_003923.gbk
1158 42.5 5050610 5049240 genome.dna 512248 513601 NC_003923.gbk
259 34.1 5053946 5053527 genome.dna 2182223 2181818 NC_003923.gbk
1991 64.8 5055348 5053966 genome.dna 2183655 2182242 NC_003923.gbk
655 36.6 5056259 5055396 genome.dna 2184543 2183676 NC_003923.gbk
1183 54.3 5057853 5056312 genome.dna 2186082 2184573 NC_003923.gbk
169 43.3 5059187 5058948 genome.dna 2187573 2187360 NC_003923.gbk
322 34.1 5060037 5059237 genome.dna 2188344 2187615 NC_003923.gbk
343 32.2 5061686 5061066 genome.dna 2816175 2815455 NC_003923.gbk
2025 51.4 5063659 5061770 genome.dna 2818052 2816174 NC_003923.gbk
