2084 51.1 5629 7497 genome.dna 2122527 2124438 NC_002927.gbk
649 33.1 9017 7668 genome.dna 3397761 3399111 NC_002927.gbk
695 51.4 9676 9014 genome.dna 2120682 2121354 NC_002927.gbk
669 38.9 12461 13429 genome.dna 2876918 2875952 NC_002927.gbk
376 39.6 22684 22163 genome.dna 2261096 2260553 NC_002927.gbk
443 41.7 23264 22674 genome.dna 2263007 2262398 NC_002927.gbk
926 50.0 25826 28615 genome.dna 3468032 3465317 NC_002927.gbk
515 46.7 29669 29034 genome.dna 57120 56496 NC_002927.gbk
1308 45.6 30749 32122 genome.dna 2295334 2296759 NC_002927.gbk
1627 55.9 33859 32447 genome.dna 3139918 3138427 NC_002927.gbk
724 41.2 34917 33868 genome.dna 3140982 3139914 NC_002927.gbk
2214 66.7 36667 35258 genome.dna 3142458 3141045 NC_002927.gbk
2506 62.1 37037 38860 genome.dna 3471880 3470059 NC_002927.gbk
2220 53.6 47188 45107 genome.dna 3124129 3122137 NC_002927.gbk
1864 48.3 49985 47886 genome.dna 3159501 3161781 NC_002927.gbk
638 49.8 50956 50333 genome.dna 3158584 3159232 NC_002927.gbk
1233 47.7 59253 58054 genome.dna 898543 899776 NC_002927.gbk
1159 56.9 59530 61035 genome.dna 1493430 1491954 NC_002927.gbk
2153 72.4 62838 64181 genome.dna 4832698 4834093 NC_002927.gbk
830 32.6 64337 65650 genome.dna 90137 91454 NC_002927.gbk
2061 45.9 70479 68437 genome.dna 2691168 2689053 NC_002927.gbk
3393 63.8 70800 73349 genome.dna 5270089 5272333 NC_002927.gbk
490 30.2 74039 75028 genome.dna 3873391 3872428 NC_002927.gbk
813 43.4 76671 77513 genome.dna 3214334 3215198 NC_002927.gbk
1207 44.4 77642 78994 genome.dna 2578781 2577428 NC_002927.gbk
505 33.5 81584 80829 genome.dna 2470518 2471355 NC_002927.gbk
703 51.7 81805 82428 genome.dna 2677334 2676689 NC_002927.gbk
1464 44.8 87882 86185 genome.dna 3418151 3416516 NC_002927.gbk
563 37.8 93925 92960 genome.dna 2131536 2130582 NC_002927.gbk
586 49.5 97287 96724 genome.dna 4414877 4414217 NC_002927.gbk
693 47.0 97589 98332 genome.dna 2089300 2090119 NC_002927.gbk
1508 75.0 98527 99441 genome.dna 4348001 4348976 NC_002927.gbk
1367 40.4 99451 101520 genome.dna 4348977 4351116 NC_002927.gbk
699 51.9 110262 109636 genome.dna 899821 900514 NC_002927.gbk
806 51.2 111355 110522 genome.dna 1407960 1407129 NC_002927.gbk
2364 69.2 111626 113161 genome.dna 2545583 2547113 NC_002927.gbk
2410 80.7 124086 125432 genome.dna 2125860 2124522 NC_002927.gbk
1136 46.8 140268 141428 genome.dna 5298735 5297571 NC_002927.gbk
678 34.9 145801 147051 genome.dna 555839 554543 NC_002927.gbk
311 37.0 151546 150683 genome.dna 3151656 3152583 NC_002927.gbk
453 30.1 152553 151645 genome.dna 4308347 4309247 NC_002927.gbk
701 65.0 153705 152758 genome.dna 3937950 3936969 NC_002927.gbk
669 43.1 154586 153765 genome.dna 3930318 3929499 NC_002927.gbk
924 49.0 155671 154589 genome.dna 3931493 3930344 NC_002927.gbk
946 63.0 162282 162998 genome.dna 3151520 3150779 NC_002927.gbk
825 59.8 163345 163986 genome.dna 4831433 4830725 NC_002927.gbk
385 44.6 164985 164389 genome.dna 4818120 4818642 NC_002927.gbk
695 67.5 165569 165111 genome.dna 2311290 2310840 NC_002927.gbk
1075 44.9 166824 165547 genome.dna 2316490 2315281 NC_002927.gbk
550 42.2 166978 167643 genome.dna 3488346 3489024 NC_002927.gbk
367 72.4 167881 168117 genome.dna 3601976 3602213 NC_002927.gbk
281 76.4 168129 168296 genome.dna 3602276 3602444 NC_002927.gbk
731 48.8 168516 169325 genome.dna 957743 957011 NC_002927.gbk
531 50.3 170854 170375 genome.dna 1018652 1018142 NC_002927.gbk
813 36.4 172168 170891 genome.dna 168473 169766 NC_002927.gbk
637 42.2 174074 173307 genome.dna 3637417 3636664 NC_002927.gbk
530 44.2 184524 183541 genome.dna 167509 168472 NC_002927.gbk
207 30.7 185588 184521 genome.dna 3629597 3630563 NC_002927.gbk
890 52.3 186544 185612 genome.dna 3706717 3705727 NC_002927.gbk
682 32.5 186786 187982 genome.dna 3095666 3097019 NC_002927.gbk
361 35.0 192299 192775 genome.dna 299314 298786 NC_002927.gbk
647 41.9 192775 193791 genome.dna 298771 297715 NC_002927.gbk
835 44.2 199675 198740 genome.dna 2224040 2223110 NC_002927.gbk
2299 60.8 199780 202044 genome.dna 2224201 2226496 NC_002927.gbk
932 54.7 207484 206657 genome.dna 1422072 1422978 NC_002927.gbk
676 34.0 212248 209609 genome.dna 436161 433212 NC_002927.gbk
501 34.1 217581 216430 genome.dna 3999600 3998448 NC_002927.gbk
518 38.4 217784 218788 genome.dna 4638141 4637076 NC_002927.gbk
1372 48.2 219661 221034 genome.dna 2661542 2660120 NC_002927.gbk
949 56.8 222967 223722 genome.dna 4765617 4764840 NC_002927.gbk
1683 51.9 224355 225995 genome.dna 4762792 4761229 NC_002927.gbk
207 43.8 226078 226338 genome.dna 5175118 5175346 NC_002927.gbk
853 51.6 226939 227694 genome.dna 5175864 5176665 NC_002927.gbk
1455 68.6 228573 229595 genome.dna 56500 55483 NC_002927.gbk
1197 69.3 230345 231841 genome.dna 1469370 1467825 NC_002927.gbk
380 34.2 237567 238178 genome.dna 3230512 3229924 NC_002927.gbk
1341 43.4 238222 239673 genome.dna 270072 271542 NC_002927.gbk
904 42.6 245968 247005 genome.dna 4193949 4192887 NC_002927.gbk
365 31.9 247002 247961 genome.dna 172622 171779 NC_002927.gbk
2135 80.3 250357 251541 genome.dna 6706 7897 NC_002927.gbk
2135 80.3 250357 251541 genome.dna 32310 33501 NC_002927.gbk
195 34.9 251779 252162 genome.dna 8135 8516 NC_002927.gbk
754 59.8 252164 252709 genome.dna 8525 9059 NC_002927.gbk
659 66.7 252872 253300 genome.dna 9122 9554 NC_002927.gbk
977 63.6 253304 254008 genome.dna 9556 10255 NC_002927.gbk
397 43.8 254326 254823 genome.dna 10497 11022 NC_002927.gbk
447 62.2 254890 255255 genome.dna 11103 11487 NC_002927.gbk
4373 63.5 255584 259612 genome.dna 11622 15759 NC_002927.gbk
5985 65.3 259736 263959 genome.dna 15758 20003 NC_002927.gbk
1016 38.2 264271 265668 genome.dna 210261 208887 NC_002927.gbk
681 47.8 269828 269043 genome.dna 4755681 4756557 NC_002927.gbk
112 34.8 270030 269830 genome.dna 538037 537836 NC_002927.gbk
800 46.6 270806 270027 genome.dna 304026 304821 NC_002927.gbk
296 36.9 271449 270808 genome.dna 4692911 4693565 NC_002927.gbk
2611 69.7 273440 271446 genome.dna 309094 307180 NC_002927.gbk
1423 60.6 275283 276347 genome.dna 4903980 4902903 NC_002927.gbk
1656 59.6 280242 278956 genome.dna 1986503 1985129 NC_002927.gbk
1965 58.1 281849 280260 genome.dna 4250155 4251745 NC_002927.gbk
1246 74.7 288581 287820 genome.dna 4735753 4735012 NC_002927.gbk
1185 52.3 289684 288590 genome.dna 4736908 4735807 NC_002927.gbk
1174 49.0 290872 289694 genome.dna 4738100 4736909 NC_002927.gbk
1299 55.6 291953 290928 genome.dna 4739236 4738219 NC_002927.gbk
997 67.4 292998 292333 genome.dna 2655381 2654700 NC_002927.gbk
1075 63.0 293855 293088 genome.dna 2656236 2655447 NC_002927.gbk
1145 54.8 301263 300298 genome.dna 4248774 4249806 NC_002927.gbk
559 41.7 303420 302533 genome.dna 4676025 4675101 NC_002927.gbk
2085 68.5 306633 305290 genome.dna 4677390 4676043 NC_002927.gbk
567 60.6 307112 306645 genome.dna 4677849 4677399 NC_002927.gbk
517 60.4 307589 307137 genome.dna 4678373 4677938 NC_002927.gbk
462 39.0 308443 307844 genome.dna 3986765 3986102 NC_002927.gbk
1084 54.8 309481 308480 genome.dna 3987732 3986772 NC_002927.gbk
1221 55.1 310630 309653 genome.dna 488365 489388 NC_002927.gbk
1618 72.1 313270 314313 genome.dna 4827105 4826061 NC_002927.gbk
546 33.2 314487 315470 genome.dna 4825973 4825088 NC_002927.gbk
512 50.5 315964 316557 genome.dna 1982676 1982052 NC_002927.gbk
1700 50.7 316547 318016 genome.dna 3623213 3624677 NC_002927.gbk
1868 60.7 321945 323390 genome.dna 2056561 2058022 NC_002927.gbk
622 38.1 326310 327275 genome.dna 3286792 3287686 NC_002927.gbk
404 42.0 331519 330968 genome.dna 4642314 4642866 NC_002927.gbk
1351 51.0 331816 333156 genome.dna 4642256 4640891 NC_002927.gbk
191 36.1 334075 333803 genome.dna 2302450 2302720 NC_002927.gbk
741 44.7 334964 334107 genome.dna 4809408 4810281 NC_002927.gbk
280 41.1 335983 335696 genome.dna 4805068 4805407 NC_002927.gbk
1164 43.2 337440 336007 genome.dna 5232452 5231012 NC_002927.gbk
952 58.6 338215 337490 genome.dna 4804041 4804833 NC_002927.gbk
474 42.8 339901 339335 genome.dna 4802142 4802751 NC_002927.gbk
1001 49.1 340994 339921 genome.dna 4801156 4802146 NC_002927.gbk
797 51.5 342391 343203 genome.dna 5160956 5161853 NC_002927.gbk
958 60.5 343211 343993 genome.dna 5161849 5162635 NC_002927.gbk
475 47.4 343998 344564 genome.dna 5162647 5163154 NC_002927.gbk
322 30.8 344577 345206 genome.dna 5164078 5164702 NC_002927.gbk
159 34.2 345645 345899 genome.dna 5166430 5166682 NC_002927.gbk
1569 59.7 345980 347242 genome.dna 5166681 5167950 NC_002927.gbk
878 42.3 350815 351966 genome.dna 3879719 3878570 NC_002927.gbk
648 65.2 352201 352629 genome.dna 4639199 4638731 NC_002927.gbk
576 65.4 352645 353037 genome.dna 4638722 4638329 NC_002927.gbk
563 43.3 353367 354008 genome.dna 5182798 5183410 NC_002927.gbk
349 43.0 354014 354517 genome.dna 5183419 5183869 NC_002927.gbk
546 41.0 355354 354581 genome.dna 5053690 5052922 NC_002927.gbk
638 34.9 357036 355618 genome.dna 5157388 5158867 NC_002927.gbk
1911 44.3 361542 357046 genome.dna 5152652 5157392 NC_002927.gbk
478 39.1 366712 367449 genome.dna 4684829 4685558 NC_002927.gbk
542 44.1 370130 369540 genome.dna 4813331 4813934 NC_002927.gbk
685 43.0 372605 373492 genome.dna 4812732 4811793 NC_002927.gbk
621 39.8 374918 375703 genome.dna 1947309 1948149 NC_002927.gbk
726 33.1 379289 377889 genome.dna 4758150 4759470 NC_002927.gbk
570 40.2 380920 381747 genome.dna 5146416 5147229 NC_002927.gbk
415 37.4 381747 382328 genome.dna 4680463 4681057 NC_002927.gbk
1511 51.1 382412 384307 genome.dna 3450906 3448893 NC_002927.gbk
1053 54.7 384350 385246 genome.dna 3129923 3130826 NC_002927.gbk
995 53.7 399153 398326 genome.dna 3310130 3309212 NC_002927.gbk
1009 42.6 404861 403671 genome.dna 714290 715454 NC_002927.gbk
1135 40.9 406489 405197 genome.dna 1831168 1832437 NC_002927.gbk
268 38.5 410005 410430 genome.dna 4509797 4510256 NC_002927.gbk
1630 65.7 422444 421164 genome.dna 2484647 2483390 NC_002927.gbk
583 56.5 422598 423044 genome.dna 2484756 2485203 NC_002927.gbk
322 44.6 431880 431494 genome.dna 3124630 3124243 NC_002927.gbk
481 39.9 435364 434357 genome.dna 2126952 2126010 NC_002927.gbk
150 32.7 436647 436144 genome.dna 1059221 1058747 NC_002927.gbk
2745 49.3 460910 458055 genome.dna 3393233 3396116 NC_002927.gbk
1545 47.3 463248 461737 genome.dna 3960770 3962270 NC_002927.gbk
667 36.0 486354 485398 genome.dna 86498 87470 NC_002927.gbk
2756 54.6 500272 497561 genome.dna 1183237 1185994 NC_002927.gbk
1409 44.2 511134 509425 genome.dna 1919864 1921541 NC_002927.gbk
418 39.0 517457 517939 genome.dna 2381296 2380717 NC_002927.gbk
625 34.9 522787 521576 genome.dna 4922424 4921254 NC_002927.gbk
522 33.2 523994 522816 genome.dna 4247533 4248715 NC_002927.gbk
1256 46.3 525365 524040 genome.dna 4245634 4246975 NC_002927.gbk
247 31.0 526894 527520 genome.dna 211219 210538 NC_002927.gbk
1533 58.9 530287 528905 genome.dna 3496815 3495561 NC_002927.gbk
1877 52.2 533382 534971 genome.dna 5225462 5227070 NC_002927.gbk
171 53.1 536233 536394 genome.dna 3814075 3814237 NC_002927.gbk
614 42.9 536846 537643 genome.dna 2430140 2430968 NC_002927.gbk
429 32.2 563152 564084 genome.dna 1128852 1129725 NC_002927.gbk
672 39.4 692651 690918 genome.dna 52471 54409 NC_002927.gbk
288 42.9 692962 692627 genome.dna 52119 52461 NC_002927.gbk
310 49.0 697176 697469 genome.dna 1041353 1041065 NC_002927.gbk
2525 72.4 697515 699164 genome.dna 1041033 1039389 NC_002927.gbk
620 37.5 699974 700837 genome.dna 98580 97653 NC_002927.gbk
328 47.8 703585 703950 genome.dna 1034974 1034575 NC_002927.gbk
478 57.7 704061 704669 genome.dna 2402238 2401509 NC_002927.gbk
242 53.8 705108 705329 genome.dna 3813843 3814044 NC_002927.gbk
365 37.7 705891 705376 genome.dna 189815 189311 NC_002927.gbk
622 37.4 706802 707698 genome.dna 3137473 3138418 NC_002927.gbk
193 31.3 710564 710259 genome.dna 1466650 1466968 NC_002927.gbk
277 40.7 711145 710756 genome.dna 2196218 2195840 NC_002927.gbk
1817 50.0 731182 729131 genome.dna 5058742 5060761 NC_002927.gbk
198 36.5 734184 734549 genome.dna 4839963 4839516 NC_002927.gbk
2147 56.9 753122 751287 genome.dna 3373446 3371277 NC_002927.gbk
290 60.6 755400 755185 genome.dna 3376528 3376288 NC_002927.gbk
1188 55.1 755628 756641 genome.dna 3226729 3225688 NC_002927.gbk
1158 55.0 761351 760380 genome.dna 320135 321101 NC_002927.gbk
364 47.6 761608 761919 genome.dna 318448 318136 NC_002927.gbk
404 70.2 761939 762196 genome.dna 318103 317842 NC_002927.gbk
1275 57.1 763509 764681 genome.dna 317693 316559 NC_002927.gbk
602 59.7 766454 766933 genome.dna 1558388 1558865 NC_002927.gbk
584 45.6 767499 768128 genome.dna 1559840 1560473 NC_002927.gbk
2587 63.2 768185 770122 genome.dna 1560710 1562597 NC_002927.gbk
870 51.1 770241 771074 genome.dna 1562615 1563458 NC_002927.gbk
1487 57.0 771082 772419 genome.dna 1563454 1564813 NC_002927.gbk
1413 49.0 777751 779280 genome.dna 3477653 3476174 NC_002927.gbk
2506 48.1 779306 782008 genome.dna 3476098 3473104 NC_002927.gbk
239 37.8 782083 782481 genome.dna 3473077 3472675 NC_002927.gbk
364 65.2 783547 783816 genome.dna 4122899 4122629 NC_002927.gbk
2843 61.0 784066 786186 genome.dna 4122539 4120379 NC_002927.gbk
1781 39.9 799578 801830 genome.dna 1952079 1954284 NC_002927.gbk
875 44.6 805742 806647 genome.dna 2616279 2615358 NC_002927.gbk
769 39.8 808581 807679 genome.dna 3544242 3545133 NC_002927.gbk
1135 53.2 812975 814090 genome.dna 901798 902899 NC_002927.gbk
3738 59.4 814656 817529 genome.dna 903414 906279 NC_002927.gbk
757 41.6 819141 820013 genome.dna 5244944 5245820 NC_002927.gbk
723 41.0 820003 820902 genome.dna 5245816 5246617 NC_002927.gbk
609 38.6 821149 821973 genome.dna 5241631 5242453 NC_002927.gbk
780 31.7 823054 824361 genome.dna 5243641 5244934 NC_002927.gbk
1047 57.4 839867 840766 genome.dna 1521918 1522851 NC_002927.gbk
1337 46.4 841615 843360 genome.dna 2427038 2425469 NC_002927.gbk
1952 59.6 844582 846099 genome.dna 2423471 2421950 NC_002927.gbk
584 35.7 853003 853935 genome.dna 200034 199143 NC_002927.gbk
592 43.2 858630 859340 genome.dna 4767859 4768537 NC_002927.gbk
558 31.4 862985 864421 genome.dna 1929817 1931164 NC_002927.gbk
1145 46.1 866383 867786 genome.dna 2242979 2244596 NC_002927.gbk
1584 39.3 899255 901552 genome.dna 4385218 4387663 NC_002927.gbk
1887 66.1 909308 910588 genome.dna 1137333 1138629 NC_002927.gbk
375 32.7 912721 911924 genome.dna 2055720 2056551 NC_002927.gbk
435 35.0 919428 918802 genome.dna 4216275 4216932 NC_002927.gbk
475 44.6 927840 927358 genome.dna 2790893 2790425 NC_002927.gbk
479 48.6 927996 928442 genome.dna 2790958 2791393 NC_002927.gbk
216 38.7 928432 928713 genome.dna 2791382 2791733 NC_002927.gbk
1361 41.5 931102 929441 genome.dna 4189186 4190848 NC_002927.gbk
725 41.3 932060 931182 genome.dna 4188271 4189171 NC_002927.gbk
388 41.1 932209 932796 genome.dna 4185541 4184986 NC_002927.gbk
109 36.8 934700 934497 genome.dna 257654 257462 NC_002927.gbk
2361 61.8 955638 953644 genome.dna 1477428 1479465 NC_002927.gbk
1005 54.1 956604 955654 genome.dna 1542730 1541746 NC_002927.gbk
3192 62.9 964883 967162 genome.dna 3891398 3893705 NC_002927.gbk
527 54.8 969365 968913 genome.dna 1359002 1359485 NC_002927.gbk
1363 64.3 970301 969369 genome.dna 1985114 1984202 NC_002927.gbk
665 38.4 983011 983910 genome.dna 2630694 2631741 NC_002927.gbk
1169 62.2 987143 988024 genome.dna 3705028 3704116 NC_002927.gbk
1284 39.1 995970 994243 genome.dna 2302841 2304536 NC_002927.gbk
174 36.6 1001658 1001365 genome.dna 2184557 2184863 NC_002927.gbk
763 60.2 1002298 1002951 genome.dna 5289761 5290454 NC_002927.gbk
569 31.5 1010351 1008708 genome.dna 4341143 4339619 NC_002927.gbk
493 48.9 1011943 1012413 genome.dna 4542333 4541877 NC_002927.gbk
644 48.2 1013085 1012423 genome.dna 1327820 1327160 NC_002927.gbk
1341 57.0 1013309 1014424 genome.dna 1327102 1326025 NC_002927.gbk
839 58.6 1014421 1015077 genome.dna 4959068 4959719 NC_002927.gbk
649 37.5 1030829 1029897 genome.dna 2918862 2917935 NC_002927.gbk
290 31.1 1035378 1034710 genome.dna 2147666 2147045 NC_002927.gbk
1674 37.6 1046527 1048740 genome.dna 4143940 4146145 NC_002927.gbk
331 30.8 1054769 1054020 genome.dna 3183601 3182776 NC_002927.gbk
549 50.3 1067553 1068080 genome.dna 437539 436990 NC_002927.gbk
1081 33.0 1076168 1078321 genome.dna 896229 898500 NC_002927.gbk
705 55.1 1079828 1079199 genome.dna 3518930 3519614 NC_002927.gbk
1560 60.7 1080117 1081325 genome.dna 3518767 3517558 NC_002927.gbk
1405 77.0 1081339 1082172 genome.dna 3517549 3516718 NC_002927.gbk
329 51.7 1085958 1085686 genome.dna 3649515 3649788 NC_002927.gbk
1049 42.4 1087061 1085955 genome.dna 4745870 4746947 NC_002927.gbk
737 49.4 1087227 1087946 genome.dna 539826 538995 NC_002927.gbk
1387 59.8 1093574 1092513 genome.dna 3685563 3684408 NC_002927.gbk
136 33.8 1093990 1093781 genome.dna 2050274 2050496 NC_002927.gbk
608 50.3 1096541 1097074 genome.dna 4506838 4506265 NC_002927.gbk
721 54.0 1099537 1100406 genome.dna 4491891 4492680 NC_002927.gbk
245 35.9 1100443 1101237 genome.dna 927183 926211 NC_002927.gbk
630 35.9 1116801 1117997 genome.dna 2846416 2847541 NC_002927.gbk
898 50.0 1119665 1120909 genome.dna 4313578 4314823 NC_002927.gbk
1186 47.7 1125945 1124593 genome.dna 5321381 5320181 NC_002927.gbk
924 52.7 1128600 1127662 genome.dna 5029808 5030648 NC_002927.gbk
1055 48.3 1129588 1128602 genome.dna 2001378 2000361 NC_002927.gbk
1247 38.0 1131228 1129642 genome.dna 2003060 2001485 NC_002927.gbk
2270 46.1 1131750 1134008 genome.dna 1650420 1652760 NC_002927.gbk
605 39.9 1134065 1134883 genome.dna 4296184 4295311 NC_002927.gbk
600 37.0 1137533 1138456 genome.dna 1246436 1245533 NC_002927.gbk
227 32.5 1138546 1138941 genome.dna 3069487 3069865 NC_002927.gbk
865 50.2 1143476 1142628 genome.dna 3566801 3567713 NC_002927.gbk
1321 71.8 1150402 1149575 genome.dna 2335070 2334248 NC_002927.gbk
1786 37.2 1153145 1150431 genome.dna 2766347 2763749 NC_002927.gbk
883 51.0 1154052 1153258 genome.dna 2767198 2766376 NC_002927.gbk
959 62.6 1154397 1155122 genome.dna 2767924 2768674 NC_002927.gbk
797 49.5 1155257 1156108 genome.dna 2768806 2769736 NC_002927.gbk
778 52.5 1156279 1157004 genome.dna 2769887 2770550 NC_002927.gbk
676 56.1 1157130 1157687 genome.dna 2770564 2771125 NC_002927.gbk
1217 52.7 1157925 1159121 genome.dna 2772929 2774129 NC_002927.gbk
802 51.6 1159320 1160081 genome.dna 2771162 2772056 NC_002927.gbk
413 34.8 1160091 1160948 genome.dna 2772075 2772933 NC_002927.gbk
1087 42.3 1160970 1162325 genome.dna 2774168 2775503 NC_002927.gbk
1359 36.2 1162361 1164805 genome.dna 2775555 2777892 NC_002927.gbk
264 31.3 1164946 1165443 genome.dna 2778017 2778581 NC_002927.gbk
827 44.2 1165447 1166469 genome.dna 2778589 2779681 NC_002927.gbk
484 51.0 1166572 1167027 genome.dna 2779752 2780208 NC_002927.gbk
920 53.3 1167032 1167820 genome.dna 2780208 2781003 NC_002927.gbk
886 43.3 1167824 1168975 genome.dna 2780999 2782181 NC_002927.gbk
657 56.2 1168997 1169593 genome.dna 2782167 2782773 NC_002927.gbk
3701 49.1 1169670 1173152 genome.dna 3642852 3639360 NC_002927.gbk
1375 65.0 1173165 1174124 genome.dna 1824869 1825835 NC_002927.gbk
596 46.1 1176745 1177299 genome.dna 2677425 2677962 NC_002927.gbk
1059 52.8 1180703 1178139 genome.dna 1765723 1763125 NC_002927.gbk
521 50.0 1209647 1209126 genome.dna 4949723 4950233 NC_002927.gbk
679 31.0 1209940 1211562 genome.dna 3326661 3325086 NC_002927.gbk
601 38.0 1212161 1213231 genome.dna 3702914 3704060 NC_002927.gbk
736 51.2 1213819 1214541 genome.dna 1345268 1344500 NC_002927.gbk
1027 53.6 1215431 1214538 genome.dna 1345730 1346636 NC_002927.gbk
435 36.3 1220231 1220965 genome.dna 2816951 2816231 NC_002927.gbk
777 42.7 1248508 1249548 genome.dna 5109 6111 NC_002927.gbk
691 36.4 1254320 1253391 genome.dna 2206315 2205415 NC_002927.gbk
933 58.8 1260789 1261478 genome.dna 4765783 4766482 NC_002927.gbk
1003 42.1 1261506 1262828 genome.dna 4766493 4767804 NC_002927.gbk
1071 43.5 1269779 1268505 genome.dna 2661649 2662996 NC_002927.gbk
1240 57.8 1271755 1272822 genome.dna 1458364 1457290 NC_002927.gbk
1669 66.4 1272920 1274065 genome.dna 1457294 1456157 NC_002927.gbk
301 45.3 1274175 1274507 genome.dna 1456009 1455664 NC_002927.gbk
1009 44.5 1274535 1276382 genome.dna 1455598 1453717 NC_002927.gbk
832 39.7 1276393 1277361 genome.dna 1453668 1452732 NC_002927.gbk
528 51.4 1278470 1278919 genome.dna 4629404 4628921 NC_002927.gbk
958 47.7 1278982 1280091 genome.dna 4627171 4626046 NC_002927.gbk
334 42.9 1280201 1280677 genome.dna 1029052 1029580 NC_002927.gbk
369 45.6 1280702 1281121 genome.dna 1029587 1030052 NC_002927.gbk
769 44.2 1281190 1282170 genome.dna 1030091 1031108 NC_002927.gbk
2374 57.7 1284598 1282733 genome.dna 2034195 2036058 NC_002927.gbk
731 47.4 1285528 1284617 genome.dna 2033234 2034146 NC_002927.gbk
196 42.5 1285773 1285525 genome.dna 2032963 2033230 NC_002927.gbk
495 47.9 1289161 1289652 genome.dna 1390930 1391413 NC_002927.gbk
1044 42.4 1291078 1289714 genome.dna 72887 74072 NC_002927.gbk
544 34.8 1292157 1291267 genome.dna 5135458 5134564 NC_002927.gbk
344 49.1 1292504 1292172 genome.dna 1378239 1378587 NC_002927.gbk
869 61.4 1293119 1292505 genome.dna 1377628 1378240 NC_002927.gbk
3391 70.4 1295100 1293109 genome.dna 1375642 1377625 NC_002927.gbk
1109 58.8 1296067 1295105 genome.dna 1374727 1375642 NC_002927.gbk
1043 38.7 1299536 1300840 genome.dna 2381474 2382785 NC_002927.gbk
900 67.9 1301367 1301990 genome.dna 2382787 2383441 NC_002927.gbk
1929 69.9 1302154 1303428 genome.dna 2383488 2384850 NC_002927.gbk
2537 67.6 1303620 1306001 genome.dna 2385038 2387492 NC_002927.gbk
387 68.9 1306200 1306472 genome.dna 2117578 2117851 NC_002927.gbk
607 46.4 1310544 1309849 genome.dna 436217 436952 NC_002927.gbk
504 47.3 1312030 1312560 genome.dna 1251119 1251581 NC_002927.gbk
1354 60.6 1316909 1318201 genome.dna 2183524 2182285 NC_002927.gbk
232 45.5 1322693 1322445 genome.dna 3490790 3491057 NC_002927.gbk
4598 66.6 1326027 1322899 genome.dna 2683138 2686318 NC_002927.gbk
1384 58.0 1327249 1326056 genome.dna 2681935 2683126 NC_002927.gbk
564 46.4 1329655 1330212 genome.dna 4792650 4792074 NC_002927.gbk
1394 39.7 1330287 1332362 genome.dna 1534371 1536603 NC_002927.gbk
427 56.6 1332403 1332732 genome.dna 1536649 1536976 NC_002927.gbk
592 46.6 1332732 1333337 genome.dna 1537025 1537634 NC_002927.gbk
2557 60.2 1333507 1335396 genome.dna 530985 532893 NC_002927.gbk
883 62.0 1335658 1336302 genome.dna 2144487 2143830 NC_002927.gbk
1014 49.1 1336525 1337487 genome.dna 4187095 4186006 NC_002927.gbk
660 40.3 1348853 1349839 genome.dna 189035 187925 NC_002927.gbk
296 36.8 1352428 1351949 genome.dna 1522864 1523353 NC_002927.gbk
1749 39.2 1356196 1353473 genome.dna 1260911 1263338 NC_002927.gbk
334 40.2 1356312 1356722 genome.dna 3217993 3218392 NC_002927.gbk
767 39.6 1358126 1357212 genome.dna 2788295 2789222 NC_002927.gbk
904 58.1 1363250 1362525 genome.dna 3720604 3721378 NC_002927.gbk
2191 59.0 1363499 1366138 genome.dna 3719527 3716893 NC_002927.gbk
741 49.6 1375437 1376318 genome.dna 2616393 2617134 NC_002927.gbk
462 37.6 1381835 1382692 genome.dna 4915221 4914444 NC_002927.gbk
1355 32.8 1392768 1395197 genome.dna 3666193 3663661 NC_002927.gbk
631 46.7 1426894 1426256 genome.dna 2320979 2321633 NC_002927.gbk
1366 57.8 1427931 1426894 genome.dna 4319611 4318561 NC_002927.gbk
955 64.3 1428285 1428911 genome.dna 1460047 1460689 NC_002927.gbk
703 36.8 1429248 1430537 genome.dna 1554783 1556097 NC_002927.gbk
376 35.0 1430628 1431344 genome.dna 4319863 4320565 NC_002927.gbk
296 37.8 1433876 1433409 genome.dna 2045498 2045033 NC_002927.gbk
903 48.5 1434853 1435731 genome.dna 1758454 1759360 NC_002927.gbk
350 38.1 1445214 1444792 genome.dna 2120132 2120600 NC_002927.gbk
401 34.3 1446962 1446084 genome.dna 2118347 2119154 NC_002927.gbk
501 41.7 1454597 1455214 genome.dna 3289846 3289141 NC_002927.gbk
1187 48.0 1458435 1457257 genome.dna 3594723 3593517 NC_002927.gbk
697 50.9 1459094 1458447 genome.dna 3939709 3939055 NC_002927.gbk
598 43.2 1459750 1459094 genome.dna 376145 375440 NC_002927.gbk
1197 43.5 1461546 1460206 genome.dna 3423339 3421962 NC_002927.gbk
722 38.2 1463404 1464303 genome.dna 3423435 3424386 NC_002927.gbk
1470 58.0 1466359 1465232 genome.dna 2334249 2333109 NC_002927.gbk
243 35.0 1466738 1466361 genome.dna 3658430 3658073 NC_002927.gbk
305 63.6 1468125 1468334 genome.dna 2153852 2153606 NC_002927.gbk
286 43.6 1468782 1468399 genome.dna 3505717 3505330 NC_002927.gbk
1349 61.2 1470427 1469462 genome.dna 180331 181333 NC_002927.gbk
185 38.6 1471750 1471487 genome.dna 179324 179600 NC_002927.gbk
411 31.3 1474380 1473265 genome.dna 4810277 4811228 NC_002927.gbk
683 45.7 1475506 1474394 genome.dna 4822576 4821439 NC_002927.gbk
1486 38.5 1477420 1475516 genome.dna 4824525 4822572 NC_002927.gbk
487 48.4 1477924 1477454 genome.dna 1983158 1982687 NC_002927.gbk
314 35.4 1479078 1478437 genome.dna 1984206 1983618 NC_002927.gbk
471 31.3 1480118 1479093 genome.dna 3610493 3611549 NC_002927.gbk
979 49.3 1483266 1480684 genome.dna 3607158 3609816 NC_002927.gbk
1175 74.0 1484840 1484115 genome.dna 4846908 4847643 NC_002927.gbk
712 50.0 1485514 1484840 genome.dna 4846194 4846884 NC_002927.gbk
774 46.1 1486258 1485518 genome.dna 343642 344401 NC_002927.gbk
964 49.0 1487375 1486479 genome.dna 342644 343559 NC_002927.gbk
447 34.3 1489354 1487825 genome.dna 1447751 1446107 NC_002927.gbk
769 42.7 1490240 1489362 genome.dna 1448650 1447747 NC_002927.gbk
377 41.8 1490971 1490492 genome.dna 1449249 1448775 NC_002927.gbk
1145 55.4 1492026 1490968 genome.dna 1450261 1449238 NC_002927.gbk
1881 64.6 1493774 1492350 genome.dna 1451685 1450257 NC_002927.gbk
1545 50.9 1504627 1506285 genome.dna 4264274 4266038 NC_002927.gbk
485 52.9 1506798 1506349 genome.dna 4191342 4190922 NC_002927.gbk
959 63.5 1515559 1514879 genome.dna 4168950 4169646 NC_002927.gbk
1465 46.9 1518297 1515565 genome.dna 4166148 4168944 NC_002927.gbk
625 56.8 1519100 1518525 genome.dna 4165531 4166131 NC_002927.gbk
2632 67.5 1521264 1519120 genome.dna 4163355 4165521 NC_002927.gbk
1506 58.2 1522968 1521280 genome.dna 4161547 4163332 NC_002927.gbk
747 51.8 1530248 1530991 genome.dna 5178278 5179055 NC_002927.gbk
777 51.0 1532732 1533469 genome.dna 4775055 4775814 NC_002927.gbk
1865 64.2 1536355 1535069 genome.dna 3897605 3896294 NC_002927.gbk
2295 58.0 1537737 1539503 genome.dna 3900419 3898640 NC_002927.gbk
1078 63.6 1539520 1540236 genome.dna 3898628 3897911 NC_002927.gbk
3368 53.0 1540513 1543320 genome.dna 3885553 3882682 NC_002927.gbk
1436 52.5 1543336 1544562 genome.dna 3882637 3881416 NC_002927.gbk
1302 52.1 1544898 1546064 genome.dna 2227313 2228474 NC_002927.gbk
1092 56.7 1546064 1546936 genome.dna 2228493 2229375 NC_002927.gbk
2149 60.2 1547669 1549237 genome.dna 4799059 4797439 NC_002927.gbk
340 44.0 1550947 1551351 genome.dna 4508686 4509115 NC_002927.gbk
707 50.7 1551348 1552034 genome.dna 4509117 4509798 NC_002927.gbk
263 30.0 1552537 1553724 genome.dna 4510292 4511432 NC_002927.gbk
955 37.6 1553863 1555155 genome.dna 4511439 4512765 NC_002927.gbk
381 39.4 1555196 1555705 genome.dna 4512796 4513294 NC_002927.gbk
276 30.4 1561588 1560626 genome.dna 28245 27309 NC_002927.gbk
1533 64.8 1561884 1562939 genome.dna 2058278 2059352 NC_002927.gbk
1085 65.0 1563766 1563014 genome.dna 300236 300989 NC_002927.gbk
491 36.9 1575561 1574770 genome.dna 3582587 3583394 NC_002927.gbk
856 44.2 1577582 1578640 genome.dna 871050 869940 NC_002927.gbk
534 32.1 1589590 1588340 genome.dna 717121 718234 NC_002927.gbk
853 51.6 1598005 1595975 genome.dna 886189 884110 NC_002927.gbk
1109 52.6 1598229 1599338 genome.dna 886809 887898 NC_002927.gbk
496 31.1 1607969 1609105 genome.dna 3106071 3104973 NC_002927.gbk
204 31.6 1609114 1609548 genome.dna 2405857 2406349 NC_002927.gbk
645 34.9 1613498 1614457 genome.dna 3428496 3427449 NC_002927.gbk
652 39.6 1635671 1634820 genome.dna 182850 181953 NC_002927.gbk
632 51.7 1636204 1635668 genome.dna 181896 181347 NC_002927.gbk
176 39.0 1651130 1650843 genome.dna 4427590 4427896 NC_002927.gbk
2078 60.2 1652381 1653892 genome.dna 922723 921229 NC_002927.gbk
770 52.3 1667956 1667267 genome.dna 3134836 3135613 NC_002927.gbk
2086 63.2 1669675 1667978 genome.dna 3133161 3134832 NC_002927.gbk
1573 69.4 1670708 1669659 genome.dna 3131988 3133038 NC_002927.gbk
752 43.2 1674049 1674948 genome.dna 2568899 2567924 NC_002927.gbk
540 31.5 1738556 1737522 genome.dna 2022243 2023266 NC_002927.gbk
463 34.5 1745705 1744989 genome.dna 3073421 3074165 NC_002927.gbk
580 48.9 1758941 1759468 genome.dna 3818902 3818365 NC_002927.gbk
1309 69.1 1773723 1772857 genome.dna 5317228 5316346 NC_002927.gbk
1229 69.8 1774549 1773683 genome.dna 5318040 5317224 NC_002927.gbk
1186 51.2 1775629 1774607 genome.dna 5319085 5318041 NC_002927.gbk
707 37.8 1775956 1776978 genome.dna 4820358 4821414 NC_002927.gbk
610 35.3 1778057 1778830 genome.dna 88560 89331 NC_002927.gbk
911 55.2 1778827 1779630 genome.dna 1230522 1231272 NC_002927.gbk
1492 67.3 1779652 1780665 genome.dna 4843282 4844308 NC_002927.gbk
478 36.6 1780662 1781378 genome.dna 4847648 4848383 NC_002927.gbk
1338 47.2 1803146 1801686 genome.dna 3154980 3153489 NC_002927.gbk
762 52.1 1813209 1812400 genome.dna 1154822 1155575 NC_002927.gbk
392 37.6 1821057 1820434 genome.dna 2167226 2167895 NC_002927.gbk
1506 43.5 1822700 1821054 genome.dna 2165548 2167222 NC_002927.gbk
394 40.0 1831876 1832349 genome.dna 2523333 2522841 NC_002927.gbk
632 37.4 1849141 1848239 genome.dna 4779818 4780754 NC_002927.gbk
606 65.0 1860773 1860348 genome.dna 2949144 2948700 NC_002927.gbk
2047 71.4 1862075 1860786 genome.dna 1287356 1288637 NC_002927.gbk
1049 66.5 1862527 1863225 genome.dna 2948708 2947985 NC_002927.gbk
686 37.6 1868891 1867875 genome.dna 5209422 5210442 NC_002927.gbk
224 30.7 1871090 1870197 genome.dna 5207503 5208325 NC_002927.gbk
339 30.4 1871770 1871087 genome.dna 5206805 5207507 NC_002927.gbk
1578 34.5 1876889 1874142 genome.dna 5202777 5205252 NC_002927.gbk
314 55.2 1903356 1903090 genome.dna 2646321 2646060 NC_002927.gbk
363 35.6 1928122 1927325 genome.dna 4001973 4002807 NC_002927.gbk
1046 38.7 1930007 1928679 genome.dna 2098615 2097187 NC_002927.gbk
321 49.0 1934361 1934720 genome.dna 2703880 2704204 NC_002927.gbk
726 60.0 1934724 1935302 genome.dna 2704238 2704799 NC_002927.gbk
1131 56.8 1935437 1936324 genome.dna 2704919 2705795 NC_002927.gbk
1107 57.5 1936321 1937376 genome.dna 2705807 2706755 NC_002927.gbk
2040 62.1 1937404 1939404 genome.dna 2707176 2709240 NC_002927.gbk
736 77.0 1939436 1939933 genome.dna 2709254 2709755 NC_002927.gbk
1329 48.0 1940069 1941754 genome.dna 2733169 2735002 NC_002927.gbk
1120 63.1 1942291 1943163 genome.dna 2711543 2712404 NC_002927.gbk
1627 72.2 1943163 1944215 genome.dna 2712400 2713453 NC_002927.gbk
661 79.5 1944254 1944643 genome.dna 2713505 2713895 NC_002927.gbk
785 61.5 1944653 1945297 genome.dna 2713903 2714536 NC_002927.gbk
1280 52.5 1945543 1946694 genome.dna 2714763 2715918 NC_002927.gbk
2560 63.8 1946687 1948771 genome.dna 2715921 2718039 NC_002927.gbk
160 37.8 1950000 1949704 genome.dna 2721215 2720924 NC_002927.gbk
498 55.1 1950974 1951390 genome.dna 2722235 2722643 NC_002927.gbk
671 75.4 1951419 1951823 genome.dna 2722655 2723075 NC_002927.gbk
600 44.5 1951839 1952513 genome.dna 2723122 2723827 NC_002927.gbk
574 39.4 1952589 1953806 genome.dna 2723893 2725315 NC_002927.gbk
801 50.0 1953828 1954583 genome.dna 2725353 2726118 NC_002927.gbk
1143 66.7 1954611 1955393 genome.dna 2726161 2726947 NC_002927.gbk
836 56.5 1955568 1956287 genome.dna 2726943 2727636 NC_002927.gbk
1504 65.6 1956304 1957413 genome.dna 2727638 2728772 NC_002927.gbk
553 40.2 1957413 1958375 genome.dna 2728789 2729809 NC_002927.gbk
1177 40.2 1958502 1960208 genome.dna 2729878 2731525 NC_002927.gbk
880 48.8 1962314 1961529 genome.dna 2741938 2741149 NC_002927.gbk
353 59.1 1962586 1962317 genome.dna 2742230 2741960 NC_002927.gbk
1039 64.6 1963383 1962607 genome.dna 2743038 2742246 NC_002927.gbk
504 60.4 1964215 1963802 genome.dna 2743920 2743401 NC_002927.gbk
1202 51.2 1965221 1964208 genome.dna 2744923 2743912 NC_002927.gbk
343 37.6 1965712 1965227 genome.dna 2745498 2744925 NC_002927.gbk
354 39.7 1967603 1967157 genome.dna 2747435 2746988 NC_002927.gbk
1678 66.4 1968985 1967612 genome.dna 2748903 2747427 NC_002927.gbk
1307 58.7 1970689 1969697 genome.dna 2750658 2749647 NC_002927.gbk
1616 46.6 1972410 1970686 genome.dna 2752324 2750647 NC_002927.gbk
303 45.5 1972671 1972985 genome.dna 2752636 2752969 NC_002927.gbk
356 44.0 1974025 1973615 genome.dna 2755793 2755364 NC_002927.gbk
421 32.6 1975483 1974065 genome.dna 2757174 2755800 NC_002927.gbk
706 51.3 1975728 1976600 genome.dna 2702321 2701145 NC_002927.gbk
524 31.4 1980555 1981667 genome.dna 165699 164598 NC_002927.gbk
711 52.1 1986118 1986840 genome.dna 2703445 2702707 NC_002927.gbk
2033 43.4 1992328 1990295 genome.dna 4113827 4111595 NC_002927.gbk
1282 42.2 1993342 1994814 genome.dna 1992957 1991463 NC_002927.gbk
1330 41.5 1994834 1996513 genome.dna 4596018 4594416 NC_002927.gbk
356 32.1 1996673 1997326 genome.dna 4562148 4562829 NC_002927.gbk
180 38.8 2010635 2010913 genome.dna 5298889 5299174 NC_002927.gbk
484 40.5 2012054 2011395 genome.dna 3963199 3963910 NC_002927.gbk
446 42.5 2016186 2015680 genome.dna 4958190 4957689 NC_002927.gbk
1112 47.0 2028974 2027880 genome.dna 1241129 1242212 NC_002927.gbk
1291 56.6 2034173 2033130 genome.dna 4477878 4476798 NC_002927.gbk
2280 41.6 2038000 2034716 genome.dna 3990035 3993176 NC_002927.gbk
974 50.6 2038594 2039550 genome.dna 3989528 3988562 NC_002927.gbk
520 44.5 2040198 2039605 genome.dna 3983970 3984570 NC_002927.gbk
239 63.0 2040877 2041047 genome.dna 3983217 3983034 NC_002927.gbk
919 43.4 2041077 2042123 genome.dna 3982978 3981919 NC_002927.gbk
1022 48.8 2042130 2043083 genome.dna 3981923 3980933 NC_002927.gbk
1066 56.1 2043101 2044030 genome.dna 3980852 3979916 NC_002927.gbk
956 62.0 2044045 2044779 genome.dna 3979915 3979162 NC_002927.gbk
354 72.4 2044934 2045170 genome.dna 3978980 3978740 NC_002927.gbk
1705 59.1 2045253 2046494 genome.dna 3978551 3977321 NC_002927.gbk
784 39.9 2047434 2048453 genome.dna 2797618 2798665 NC_002927.gbk
480 42.0 2048443 2049102 genome.dna 2798661 2799288 NC_002927.gbk
721 45.1 2050132 2050929 genome.dna 2800377 2801157 NC_002927.gbk
1295 46.8 2053746 2055224 genome.dna 2481927 2483358 NC_002927.gbk
288 39.1 2055442 2055792 genome.dna 5174734 5175103 NC_002927.gbk
943 46.4 2057749 2058777 genome.dna 3572602 3571540 NC_002927.gbk
1107 44.2 2059718 2061022 genome.dna 1034525 1033205 NC_002927.gbk
723 33.0 2063309 2062113 genome.dna 2487632 2486405 NC_002927.gbk
3560 51.5 2070405 2066956 genome.dna 4042641 4046097 NC_002927.gbk
818 57.9 2071740 2072447 genome.dna 2429411 2430107 NC_002927.gbk
802 35.1 2072444 2073691 genome.dna 2428186 2429419 NC_002927.gbk
239 30.7 2074702 2075532 genome.dna 1903813 1904638 NC_002927.gbk
415 44.0 2079241 2079792 genome.dna 3060747 3061248 NC_002927.gbk
1430 48.6 2088494 2089945 genome.dna 2251754 2253242 NC_002927.gbk
582 42.1 2090762 2089965 genome.dna 4956897 4957686 NC_002927.gbk
910 47.0 2091759 2090755 genome.dna 4955938 4956883 NC_002927.gbk
541 35.7 2092574 2091756 genome.dna 4955031 4955895 NC_002927.gbk
607 38.0 2093620 2092571 genome.dna 4953988 4955035 NC_002927.gbk
348 30.1 2097009 2097755 genome.dna 1222336 1223083 NC_002927.gbk
791 45.4 2102053 2101232 genome.dna 2784382 2783554 NC_002927.gbk
3408 65.1 2102354 2104732 genome.dna 2784542 2786906 NC_002927.gbk
599 35.2 2106065 2105019 genome.dna 3510266 3511283 NC_002927.gbk
633 31.6 2107755 2106565 genome.dna 3547431 3548514 NC_002927.gbk
408 38.9 2138606 2139226 genome.dna 2968179 2968854 NC_002927.gbk
585 48.4 2139226 2139882 genome.dna 2968909 2969485 NC_002927.gbk
690 47.8 2139951 2140691 genome.dna 2969492 2970278 NC_002927.gbk
357 42.8 2140906 2141388 genome.dna 2970413 2970875 NC_002927.gbk
2124 50.0 2141385 2143340 genome.dna 2970871 2972866 NC_002927.gbk
442 43.0 2143337 2143894 genome.dna 2972865 2973387 NC_002927.gbk
704 52.3 2146500 2145886 genome.dna 2967530 2968193 NC_002927.gbk
4099 68.6 2150965 2148479 genome.dna 2964537 2967027 NC_002927.gbk
400 30.8 2154856 2155701 genome.dna 1355212 1354408 NC_002927.gbk
635 35.8 2162123 2163253 genome.dna 1329750 1328592 NC_002927.gbk
779 34.7 2181270 2179897 genome.dna 2586768 2585385 NC_002927.gbk
510 45.0 2181519 2182154 genome.dna 1249715 1249013 NC_002927.gbk
329 40.4 2186467 2186817 genome.dna 399123 399450 NC_002927.gbk
563 64.0 2188157 2187750 genome.dna 4353349 4353745 NC_002927.gbk
369 40.6 2189954 2189487 genome.dna 4672840 4672336 NC_002927.gbk
986 47.0 2190305 2191417 genome.dna 4634628 4635765 NC_002927.gbk
642 46.4 2191939 2192622 genome.dna 4298400 4299033 NC_002927.gbk
495 36.5 2195725 2195117 genome.dna 709016 709655 NC_002927.gbk
3052 53.0 2198282 2200954 genome.dna 1950963 1948257 NC_002927.gbk
442 30.6 2215224 2216393 genome.dna 3708875 3707651 NC_002927.gbk
231 54.4 2218041 2217826 genome.dna 4268603 4268381 NC_002927.gbk
1036 62.1 2239913 2239125 genome.dna 4560681 4561467 NC_002927.gbk
1201 59.9 2263993 2263058 genome.dna 4918447 4919410 NC_002927.gbk
1078 36.9 2269305 2267752 genome.dna 3324927 3323268 NC_002927.gbk
629 50.0 2275290 2274685 genome.dna 4500360 4499730 NC_002927.gbk
1618 47.0 2275609 2279496 genome.dna 3647906 3644021 NC_002927.gbk
305 31.6 2288706 2289281 genome.dna 4388269 4387678 NC_002927.gbk
276 38.2 2290600 2290133 genome.dna 1391971 1392499 NC_002927.gbk
644 40.4 2298807 2297113 genome.dna 2558141 2556449 NC_002927.gbk
611 31.2 2300071 2298971 genome.dna 1221650 1220570 NC_002927.gbk
451 30.4 2301204 2300401 genome.dna 2999014 2998213 NC_002927.gbk
391 35.8 2301922 2302608 genome.dna 4297669 4298329 NC_002927.gbk
375 42.1 2318259 2318798 genome.dna 3605366 3605879 NC_002927.gbk
1172 48.7 2320507 2319365 genome.dna 465302 464156 NC_002927.gbk
1392 67.2 2322430 2321456 genome.dna 4254918 4253949 NC_002927.gbk
794 61.9 2322658 2323281 genome.dna 2293410 2294043 NC_002927.gbk
191 40.8 2324296 2324544 genome.dna 2688102 2687850 NC_002927.gbk
909 42.2 2335148 2334054 genome.dna 2214984 2216049 NC_002927.gbk
1673 54.8 2336847 2335354 genome.dna 1908800 1910234 NC_002927.gbk
1975 68.7 2336995 2338260 genome.dna 1908604 1907338 NC_002927.gbk
2274 69.0 2338271 2339743 genome.dna 1907259 1905789 NC_002927.gbk
602 36.7 2342538 2343356 genome.dna 1841234 1842038 NC_002927.gbk
902 40.3 2359305 2358133 genome.dna 3129822 3128658 NC_002927.gbk
570 34.5 2364687 2365619 genome.dna 1011463 1010521 NC_002927.gbk
645 34.2 2366723 2365644 genome.dna 1734657 1735707 NC_002927.gbk
538 31.9 2367537 2366737 genome.dna 1733860 1734661 NC_002927.gbk
250 50.0 2367804 2367544 genome.dna 1733573 1733849 NC_002927.gbk
698 49.1 2368465 2367812 genome.dna 1732905 1733577 NC_002927.gbk
1352 51.3 2371991 2370621 genome.dna 1729444 1730779 NC_002927.gbk
1865 43.6 2375035 2372933 genome.dna 1719871 1717771 NC_002927.gbk
350 34.8 2376550 2377092 genome.dna 1738519 1737916 NC_002927.gbk
551 40.9 2378840 2379481 genome.dna 1204457 1203830 NC_002927.gbk
768 31.5 2382616 2380997 genome.dna 3339370 3337798 NC_002927.gbk
399 34.3 2406120 2405455 genome.dna 350973 351708 NC_002927.gbk
356 34.7 2446059 2446862 genome.dna 353798 353075 NC_002927.gbk
575 39.8 2450865 2451701 genome.dna 1702675 1703419 NC_002927.gbk
627 44.1 2451703 2452401 genome.dna 2924805 2925510 NC_002927.gbk
228 33.7 2461266 2461811 genome.dna 4299062 4299581 NC_002927.gbk
1720 69.1 2487322 2486231 genome.dna 964740 965832 NC_002927.gbk
619 50.3 2488039 2487452 genome.dna 963241 963889 NC_002927.gbk
1341 65.6 2489732 2488785 genome.dna 961494 962427 NC_002927.gbk
726 48.0 2490742 2489870 genome.dna 960368 961268 NC_002927.gbk
1164 46.0 2491599 2492855 genome.dna 395819 397094 NC_002927.gbk
1572 65.5 2492889 2493971 genome.dna 397180 398263 NC_002927.gbk
644 46.2 2493971 2494816 genome.dna 398330 399086 NC_002927.gbk
823 45.5 2496092 2496946 genome.dna 3925827 3924969 NC_002927.gbk
1396 50.6 2503696 2505084 genome.dna 2083370 2081933 NC_002927.gbk
627 38.6 2507176 2506430 genome.dna 3527055 3527784 NC_002927.gbk
494 45.5 2507977 2507444 genome.dna 4959739 4960327 NC_002927.gbk
612 50.6 2511822 2511298 genome.dna 3586861 3586348 NC_002927.gbk
570 31.4 2513105 2511876 genome.dna 3600254 3598988 NC_002927.gbk
559 59.0 2524682 2525110 genome.dna 2305347 2304921 NC_002927.gbk
810 44.0 2530749 2531648 genome.dna 240358 241258 NC_002927.gbk
623 32.7 2556170 2554698 genome.dna 122527 121093 NC_002927.gbk
1174 45.9 2559536 2560804 genome.dna 3544133 3542846 NC_002927.gbk
2124 69.7 2563367 2561970 genome.dna 4312819 4311427 NC_002927.gbk
1037 53.2 2566550 2567527 genome.dna 3321425 3320453 NC_002927.gbk
1151 53.6 2570445 2569453 genome.dna 2042135 2041166 NC_002927.gbk
1005 35.4 2575279 2573756 genome.dna 2878461 2876907 NC_002927.gbk
935 67.8 2585970 2586605 genome.dna 4008422 4009058 NC_002927.gbk
915 46.0 2589820 2588846 genome.dna 3955641 3954696 NC_002927.gbk
635 48.3 2598308 2597688 genome.dna 1757038 1757665 NC_002927.gbk
688 41.8 2599344 2598460 genome.dna 2444135 2444981 NC_002927.gbk
633 37.0 2605113 2606180 genome.dna 4928104 4929136 NC_002927.gbk
1368 53.3 2607572 2608762 genome.dna 3998339 3997139 NC_002927.gbk
530 37.6 2608762 2609568 genome.dna 3997136 3996278 NC_002927.gbk
557 43.9 2611473 2610838 genome.dna 5159158 5159797 NC_002927.gbk
527 40.7 2619430 2619996 genome.dna 4023543 4024113 NC_002927.gbk
360 46.4 2620019 2620441 genome.dna 4442827 4443238 NC_002927.gbk
996 48.6 2628084 2627089 genome.dna 4276882 4275907 NC_002927.gbk
802 48.2 2639766 2638855 genome.dna 4240393 4241233 NC_002927.gbk
282 38.0 2642181 2642648 genome.dna 3616271 3616673 NC_002927.gbk
713 38.8 2642732 2643580 genome.dna 4300747 4301602 NC_002927.gbk
670 48.9 2645012 2644386 genome.dna 4834702 4834129 NC_002927.gbk
436 32.5 2645457 2646263 genome.dna 4831537 4832326 NC_002927.gbk
332 33.5 2649224 2648673 genome.dna 2659466 2660051 NC_002927.gbk
465 53.9 2654386 2653967 genome.dna 4023145 4023547 NC_002927.gbk
794 48.2 2657649 2656798 genome.dna 2543415 2542569 NC_002927.gbk
3203 72.6 2658991 2660925 genome.dna 4625723 4623743 NC_002927.gbk
1414 50.2 2660962 2662236 genome.dna 4623731 4622471 NC_002927.gbk
1774 63.0 2664862 2663609 genome.dna 3256524 3255219 NC_002927.gbk
2145 61.0 2670474 2672015 genome.dna 4622475 4620936 NC_002927.gbk
491 40.0 2677723 2677067 genome.dna 2236677 2237373 NC_002927.gbk
359 31.0 2678460 2679146 genome.dna 4266149 4267028 NC_002927.gbk
1287 71.5 2679167 2679979 genome.dna 4267140 4267956 NC_002927.gbk
274 51.2 2679983 2680252 genome.dna 4267959 4268211 NC_002927.gbk
2096 57.3 2683421 2681736 genome.dna 1883490 1881816 NC_002927.gbk
812 41.0 2687417 2685498 genome.dna 3827046 3824970 NC_002927.gbk
330 45.2 2687612 2687956 genome.dna 4003796 4003445 NC_002927.gbk
1533 53.1 2691006 2692370 genome.dna 3461671 3460273 NC_002927.gbk
446 36.9 2694345 2695058 genome.dna 1265535 1266162 NC_002927.gbk
2064 60.1 2696737 2695181 genome.dna 1817751 1819338 NC_002927.gbk
309 62.3 2702947 2702738 genome.dna 5337181 5337388 NC_002927.gbk
500 34.7 2712101 2712862 genome.dna 610970 610217 NC_002927.gbk
419 67.0 2728844 2728548 genome.dna 2190912 2191254 NC_002927.gbk
2168 45.5 2731236 2728849 genome.dna 2188489 2190907 NC_002927.gbk
940 57.2 2732234 2731251 genome.dna 2187430 2188477 NC_002927.gbk
538 67.8 2732903 2732547 genome.dna 2187020 2187380 NC_002927.gbk
196 50.8 2733144 2732947 genome.dna 2186807 2187005 NC_002927.gbk
741 69.9 2733782 2733240 genome.dna 2300338 2300833 NC_002927.gbk
2528 56.6 2735713 2733785 genome.dna 2298317 2300267 NC_002927.gbk
449 34.3 2738767 2737976 genome.dna 720651 721395 NC_002927.gbk
831 50.3 2741372 2740491 genome.dna 2014981 2014099 NC_002927.gbk
2017 71.9 2755752 2754499 genome.dna 4173490 4172233 NC_002927.gbk
1386 57.4 2757088 2758194 genome.dna 2088084 2089200 NC_002927.gbk
1807 60.4 2759027 2760397 genome.dna 2090942 2092364 NC_002927.gbk
639 34.9 2762917 2764038 genome.dna 1763129 1761941 NC_002927.gbk
378 36.8 2770193 2769657 genome.dna 4811797 4811224 NC_002927.gbk
886 59.1 2771944 2772576 genome.dna 4631681 4631024 NC_002927.gbk
519 51.6 2777056 2776550 genome.dna 100004 100499 NC_002927.gbk
1533 61.6 2791280 2792458 genome.dna 4801051 4799830 NC_002927.gbk
1718 58.5 2796565 2798007 genome.dna 4359444 4358001 NC_002927.gbk
520 30.2 2800594 2799272 genome.dna 4633207 4634623 NC_002927.gbk
1536 70.3 2809298 2808294 genome.dna 4255040 4256114 NC_002927.gbk
507 43.1 2809923 2809306 genome.dna 4252373 4252946 NC_002927.gbk
438 49.3 2810663 2810151 genome.dna 4251744 4252293 NC_002927.gbk
878 55.9 2811487 2810744 genome.dna 1987269 1986537 NC_002927.gbk
2342 58.8 2813755 2811956 genome.dna 116221 118012 NC_002927.gbk
1644 50.0 2838878 2837343 genome.dna 2142955 2141362 NC_002927.gbk
739 34.5 2852337 2851093 genome.dna 2164210 2165530 NC_002927.gbk
1659 47.2 2854450 2852540 genome.dna 4474950 4476759 NC_002927.gbk
1165 52.7 2859653 2858643 genome.dna 4222016 4223066 NC_002927.gbk
1234 48.2 2862472 2859857 genome.dna 2054340 2051631 NC_002927.gbk
1032 41.8 2862696 2863901 genome.dna 4005065 4003847 NC_002927.gbk
356 32.6 2879580 2880428 genome.dna 3630575 3631340 NC_002927.gbk
781 52.6 2884168 2883416 genome.dna 2145342 2144577 NC_002927.gbk
255 56.7 2884347 2884165 genome.dna 2145540 2145351 NC_002927.gbk
646 44.6 2885460 2884459 genome.dna 2146639 2145595 NC_002927.gbk
1377 37.1 2887241 2885457 genome.dna 3629486 3627710 NC_002927.gbk
333 31.0 2889516 2887243 genome.dna 2440623 2443098 NC_002927.gbk
451 32.8 2903705 2902830 genome.dna 2990418 2989506 NC_002927.gbk
749 43.9 2906057 2905173 genome.dna 1694646 1695510 NC_002927.gbk
931 41.8 2917289 2918617 genome.dna 5168650 5169973 NC_002927.gbk
467 32.1 2918614 2919687 genome.dna 5169969 5171067 NC_002927.gbk
268 35.5 2920770 2921360 genome.dna 5171687 5172365 NC_002927.gbk
486 38.0 2921367 2922104 genome.dna 5172383 5173169 NC_002927.gbk
712 44.4 2922086 2922862 genome.dna 5173165 5173975 NC_002927.gbk
2331 63.7 2925698 2924025 genome.dna 3711515 3709784 NC_002927.gbk
776 56.7 2926492 2925815 genome.dna 3712357 3711685 NC_002927.gbk
1434 56.3 2928002 2926713 genome.dna 3713700 3712371 NC_002927.gbk
855 48.9 2929170 2928085 genome.dna 3716894 3715760 NC_002927.gbk
932 56.7 2975613 2974318 genome.dna 4151929 4150573 NC_002927.gbk
1487 54.2 2977060 2975717 genome.dna 4153355 4151975 NC_002927.gbk
542 53.3 2981911 2981417 genome.dna 3256659 3257127 NC_002927.gbk
1483 69.8 2982496 2983455 genome.dna 4156451 4157411 NC_002927.gbk
1232 38.9 2983684 2985450 genome.dna 4796134 4794382 NC_002927.gbk
388 45.1 2987214 2987927 genome.dna 4220449 4221214 NC_002927.gbk
353 73.6 2988043 2988261 genome.dna 47866 48085 NC_002927.gbk
653 56.0 2990339 2989860 genome.dna 3920305 3919825 NC_002927.gbk
3025 59.7 2992855 2990582 genome.dna 2161857 2164206 NC_002927.gbk
355 48.5 2993205 2992885 genome.dna 2154079 2154394 NC_002927.gbk
568 43.2 3002258 3001431 genome.dna 3985278 3986106 NC_002927.gbk
984 56.2 3009847 3009002 genome.dna 3659236 3658426 NC_002927.gbk
1148 55.8 3010809 3009844 genome.dna 3660147 3659232 NC_002927.gbk
1318 54.6 3011957 3010824 genome.dna 3661271 3660143 NC_002927.gbk
1214 47.5 3013338 3012229 genome.dna 3662381 3661277 NC_002927.gbk
832 31.3 3017580 3019268 genome.dna 2819698 2818000 NC_002927.gbk
1023 44.1 3022380 3021175 genome.dna 177045 178302 NC_002927.gbk
636 42.7 3025403 3026020 genome.dna 533804 533183 NC_002927.gbk
1611 62.3 3027219 3026053 genome.dna 3072566 3071393 NC_002927.gbk
2197 72.0 3042056 3043384 genome.dna 257355 256035 NC_002927.gbk
450 33.3 3045534 3044359 genome.dna 3445947 3444735 NC_002927.gbk
461 41.6 3049052 3049924 genome.dna 1353351 1352475 NC_002927.gbk
1721 65.4 3050037 3051158 genome.dna 5151360 5150253 NC_002927.gbk
1000 51.8 3051198 3052058 genome.dna 5150252 5149403 NC_002927.gbk
1206 42.6 3061480 3059363 genome.dna 5064221 5066486 NC_002927.gbk
2451 71.9 3063296 3061821 genome.dna 3328702 3330277 NC_002927.gbk
476 33.7 3064304 3063432 genome.dna 4441611 4440732 NC_002927.gbk
863 43.4 3064423 3065496 genome.dna 4441795 4442764 NC_002927.gbk
372 54.8 3072258 3072004 genome.dna 3631344 3631617 NC_002927.gbk
1485 44.8 3080104 3081720 genome.dna 5030652 5032344 NC_002927.gbk
769 32.4 3083683 3082493 genome.dna 3600440 3601607 NC_002927.gbk
745 33.7 3092131 3093381 genome.dna 966028 967240 NC_002927.gbk
604 77.1 3102175 3101846 genome.dna 1488314 1487984 NC_002927.gbk
736 33.8 3105774 3104605 genome.dna 1244353 1245586 NC_002927.gbk
1017 58.8 3106945 3107832 genome.dna 1403788 1402984 NC_002927.gbk
962 61.9 3109585 3110331 genome.dna 3163999 3163246 NC_002927.gbk
872 59.4 3110358 3111017 genome.dna 3163178 3162518 NC_002927.gbk
1119 70.8 3111014 3111736 genome.dna 3162522 3161793 NC_002927.gbk
611 47.8 3132533 3133219 genome.dna 69817 69157 NC_002927.gbk
782 50.8 3134242 3133295 genome.dna 1525300 1524520 NC_002927.gbk
1148 73.0 3140808 3141479 genome.dna 3459463 3460123 NC_002927.gbk
212 37.3 3145018 3144548 genome.dna 3068846 3068324 NC_002927.gbk
1657 58.5 3147123 3145672 genome.dna 5223305 5224751 NC_002927.gbk
153 40.7 3155372 3155127 genome.dna 1418025 1417773 NC_002927.gbk
464 48.4 3155863 3155369 genome.dna 1418491 1418005 NC_002927.gbk
609 59.0 3156400 3155882 genome.dna 1417289 1416767 NC_002927.gbk
574 36.5 3157424 3156435 genome.dna 1414270 1415368 NC_002927.gbk
2916 68.1 3161386 3159374 genome.dna 2403568 2405596 NC_002927.gbk
737 37.8 3165022 3163865 genome.dna 3559704 3560904 NC_002927.gbk
1342 63.5 3166099 3165062 genome.dna 1427632 1426624 NC_002927.gbk
627 51.7 3166195 3167499 genome.dna 3559607 3558332 NC_002927.gbk
502 37.0 3169188 3169883 genome.dna 3563326 3564070 NC_002927.gbk
1421 73.0 3173816 3172911 genome.dna 3932410 3931510 NC_002927.gbk
1635 78.1 3174746 3173826 genome.dna 3933338 3932417 NC_002927.gbk
2059 59.4 3176400 3174856 genome.dna 3934953 3933399 NC_002927.gbk
2769 68.5 3178327 3176426 genome.dna 2674827 2676687 NC_002927.gbk
1173 47.1 3178804 3180039 genome.dna 2262402 2261109 NC_002927.gbk
457 33.2 3185100 3184360 genome.dna 368232 367440 NC_002927.gbk
114 33.9 3203055 3203267 genome.dna 2337778 2337577 NC_002927.gbk
531 50.5 3228583 3228035 genome.dna 3569709 3569136 NC_002927.gbk
1651 46.1 3230474 3228642 genome.dna 3571488 3569748 NC_002927.gbk
472 32.7 3265816 3266967 genome.dna 1714139 1713074 NC_002927.gbk
740 34.9 3276884 3278356 genome.dna 3287713 3289135 NC_002927.gbk
379 35.7 3295986 3295378 genome.dna 1295024 1295645 NC_002927.gbk
744 40.6 3311103 3310240 genome.dna 3418974 3418143 NC_002927.gbk
943 47.1 3312061 3311105 genome.dna 1003581 1004523 NC_002927.gbk
681 30.2 3313639 3312074 genome.dna 3421563 3419988 NC_002927.gbk
506 42.8 3320342 3321007 genome.dna 1513997 1514690 NC_002927.gbk
519 32.5 3324257 3325147 genome.dna 3958687 3959608 NC_002927.gbk
670 40.4 3327630 3326722 genome.dna 1520993 1521881 NC_002927.gbk
423 60.9 3332182 3332514 genome.dna 4158080 4158413 NC_002927.gbk
286 46.9 3333853 3334194 genome.dna 1379052 1378704 NC_002927.gbk
508 33.3 3345329 3344487 genome.dna 1229657 1230515 NC_002927.gbk
1325 51.2 3353699 3354838 genome.dna 4797424 4796269 NC_002927.gbk
1432 47.3 3358506 3357067 genome.dna 1332560 1333982 NC_002927.gbk
563 42.5 3359337 3358615 genome.dna 2787693 2786973 NC_002927.gbk
2390 67.4 3364676 3363084 genome.dna 3235886 3234218 NC_002927.gbk
394 32.9 3364794 3365690 genome.dna 3815662 3814780 NC_002927.gbk
830 32.6 3372145 3370688 genome.dna 4059274 4057789 NC_002927.gbk
822 35.3 3373687 3372152 genome.dna 4060787 4059284 NC_002927.gbk
1254 36.5 3375638 3373788 genome.dna 4062796 4060783 NC_002927.gbk
263 41.0 3375937 3375635 genome.dna 4063122 4062813 NC_002927.gbk
502 40.4 3378041 3377067 genome.dna 4065367 4064293 NC_002927.gbk
1224 47.5 3382301 3380952 genome.dna 4069077 4067709 NC_002927.gbk
830 46.4 3387504 3386554 genome.dna 1644727 1643836 NC_002927.gbk
830 46.4 3388991 3388041 genome.dna 1644727 1643836 NC_002927.gbk
732 36.5 3395711 3396913 genome.dna 1483794 1482603 NC_002927.gbk
706 54.3 3408161 3407589 genome.dna 399454 400015 NC_002927.gbk
1921 60.1 3409858 3408341 genome.dna 2760906 2762427 NC_002927.gbk
279 32.1 3410380 3409880 genome.dna 2760376 2760865 NC_002927.gbk
1230 50.4 3412525 3411257 genome.dna 2758181 2759489 NC_002927.gbk
1166 61.4 3413548 3412631 genome.dna 3996242 3995363 NC_002927.gbk
690 52.0 3414435 3413773 genome.dna 4315604 4314965 NC_002927.gbk
813 45.6 3415469 3414618 genome.dna 2284236 2285049 NC_002927.gbk
902 48.9 3418053 3418931 genome.dna 4272046 4271128 NC_002927.gbk
679 32.1 3421795 3423822 genome.dna 4436727 4434828 NC_002927.gbk
1563 63.6 3427528 3426443 genome.dna 2258612 2259674 NC_002927.gbk
975 50.9 3428548 3427616 genome.dna 2333103 2332206 NC_002927.gbk
1094 34.0 3438550 3436355 genome.dna 5115392 5113274 NC_002927.gbk
811 35.0 3439860 3438547 genome.dna 1892322 1891029 NC_002927.gbk
556 30.6 3440778 3442064 genome.dna 1889018 1887713 NC_002927.gbk
437 33.1 3444907 3444146 genome.dna 5163229 5164045 NC_002927.gbk
409 38.6 3451704 3451132 genome.dna 3086924 3087536 NC_002927.gbk
1634 54.3 3453156 3451774 genome.dna 4649062 4647673 NC_002927.gbk
723 46.3 3459693 3458845 genome.dna 830130 830958 NC_002927.gbk
912 37.5 3468186 3466690 genome.dna 820203 818577 NC_002927.gbk
2105 77.4 3477877 3476636 genome.dna 2046049 2047357 NC_002927.gbk
788 44.4 3479267 3480127 genome.dna 345870 346731 NC_002927.gbk
1291 35.5 3482655 3480208 genome.dna 1966691 1964270 NC_002927.gbk
156 38.0 3493480 3493259 genome.dna 4672015 4671775 NC_002927.gbk
1158 45.5 3494931 3493498 genome.dna 4669355 4667891 NC_002927.gbk
1025 45.4 3496046 3494928 genome.dna 4670493 4669365 NC_002927.gbk
1063 52.2 3500028 3499135 genome.dna 2488438 2489398 NC_002927.gbk
555 34.1 3511745 3510762 genome.dna 4546295 4545236 NC_002927.gbk
873 41.4 3512886 3511738 genome.dna 162202 160969 NC_002927.gbk
963 54.3 3516455 3517318 genome.dna 2692095 2691243 NC_002927.gbk
1112 49.8 3519048 3517663 genome.dna 1822710 1824168 NC_002927.gbk
729 66.3 3520193 3520687 genome.dna 1821659 1821149 NC_002927.gbk
549 44.4 3520698 3521420 genome.dna 1821157 1820380 NC_002927.gbk
506 50.6 3521609 3522118 genome.dna 1507242 1507722 NC_002927.gbk
434 31.8 3522115 3523185 genome.dna 1507724 1508915 NC_002927.gbk
1299 35.4 3531913 3533985 genome.dna 1567862 1569944 NC_002927.gbk
1111 40.6 3533985 3535520 genome.dna 1567627 1566133 NC_002927.gbk
1185 42.7 3537873 3539351 genome.dna 4443248 4444721 NC_002927.gbk
2431 61.8 3556399 3554642 genome.dna 5091497 5093219 NC_002927.gbk
1183 48.4 3559135 3560370 genome.dna 4724348 4723097 NC_002927.gbk
4266 64.8 3560370 3563492 genome.dna 4723101 4719999 NC_002927.gbk
3997 60.9 3563489 3566569 genome.dna 4720003 4716895 NC_002927.gbk
1126 39.5 3566972 3568372 genome.dna 4730413 4731871 NC_002927.gbk
841 51.3 3577570 3576767 genome.dna 4756553 4757405 NC_002927.gbk
660 42.6 3583245 3582508 genome.dna 3495539 3494765 NC_002927.gbk
844 45.5 3583505 3584407 genome.dna 539852 540752 NC_002927.gbk
950 63.6 3586091 3587221 genome.dna 3994196 3993251 NC_002927.gbk
2226 65.0 3590632 3589055 genome.dna 2479037 2480630 NC_002927.gbk
2039 62.1 3592205 3590739 genome.dna 2477480 2478941 NC_002927.gbk
1146 43.7 3592378 3593766 genome.dna 2148015 2149407 NC_002927.gbk
1256 55.2 3594004 3595047 genome.dna 3052563 3051525 NC_002927.gbk
225 34.5 3595044 3595388 genome.dna 3051529 3051205 NC_002927.gbk
633 44.2 3596586 3597341 genome.dna 2845308 2844528 NC_002927.gbk
989 51.2 3599984 3598497 genome.dna 3386331 3384975 NC_002927.gbk
563 31.1 3601310 3600129 genome.dna 3387518 3386357 NC_002927.gbk
1490 54.7 3603229 3601955 genome.dna 3389447 3388160 NC_002927.gbk
283 36.1 3604488 3603367 genome.dna 3390801 3389499 NC_002927.gbk
761 51.5 3607701 3606505 genome.dna 3392459 3391310 NC_002927.gbk
582 60.3 3608433 3608005 genome.dna 3392912 3392486 NC_002927.gbk
397 32.2 3611852 3612721 genome.dna 2016041 2016893 NC_002927.gbk
225 51.6 3616273 3616073 genome.dna 2411932 2412127 NC_002927.gbk
506 62.5 3616630 3616295 genome.dna 2411591 2411933 NC_002927.gbk
2158 58.8 3618482 3616632 genome.dna 2409668 2411582 NC_002927.gbk
328 38.0 3619075 3618557 genome.dna 2409077 2409590 NC_002927.gbk
478 62.6 3619470 3619147 genome.dna 2408751 2409075 NC_002927.gbk
717 82.8 3619938 3619552 genome.dna 2408339 2408750 NC_002927.gbk
2002 73.3 3621177 3619963 genome.dna 2407094 2408306 NC_002927.gbk
496 52.1 3621953 3621459 genome.dna 2406564 2407077 NC_002927.gbk
517 38.9 3622783 3622058 genome.dna 1816707 1815930 NC_002927.gbk
764 46.9 3622920 3623723 genome.dna 1816814 1817597 NC_002927.gbk
1431 64.3 3625021 3626103 genome.dna 4514069 4515119 NC_002927.gbk
912 56.8 3626100 3626900 genome.dna 4515115 4515910 NC_002927.gbk
272 30.2 3631822 3630734 genome.dna 193304 194273 NC_002927.gbk
1740 61.8 3635387 3634134 genome.dna 4630810 4629562 NC_002927.gbk
1066 41.6 3635748 3636938 genome.dna 3298396 3297187 NC_002927.gbk
564 72.3 3640872 3640534 genome.dna 2664712 2665051 NC_002927.gbk
1375 53.9 3649390 3645506 genome.dna 2449090 2453137 NC_002927.gbk
500 53.3 3651787 3651263 genome.dna 3242335 3241828 NC_002927.gbk
712 32.5 3670963 3672315 genome.dna 1285237 1283767 NC_002927.gbk
2155 45.5 3672395 3674611 genome.dna 1283564 1281389 NC_002927.gbk
1258 45.9 3674598 3675959 genome.dna 1281387 1279944 NC_002927.gbk
335 59.7 3679566 3679826 genome.dna 1018088 1017836 NC_002927.gbk
268 40.0 3680225 3679845 genome.dna 3573102 3572640 NC_002927.gbk
913 62.0 3680956 3680225 genome.dna 3573933 3573186 NC_002927.gbk
858 44.1 3682691 3681786 genome.dna 3969533 3968642 NC_002927.gbk
745 51.6 3683368 3682688 genome.dna 3970300 3969529 NC_002927.gbk
450 40.6 3684626 3683661 genome.dna 3971181 3970296 NC_002927.gbk
2750 67.0 3686442 3684643 genome.dna 3972997 3971203 NC_002927.gbk
698 55.0 3689432 3688857 genome.dna 3976823 3976223 NC_002927.gbk
614 46.9 3694571 3695257 genome.dna 218458 217705 NC_002927.gbk
375 32.8 3695855 3696739 genome.dna 2078488 2077576 NC_002927.gbk
1580 51.7 3698228 3696813 genome.dna 4654198 4655644 NC_002927.gbk
499 31.7 3700216 3699110 genome.dna 1844532 1843503 NC_002927.gbk
595 35.4 3700404 3701453 genome.dna 3309167 3308186 NC_002927.gbk
435 47.6 3702410 3702844 genome.dna 3052767 3053172 NC_002927.gbk
1192 56.2 3703917 3702925 genome.dna 3694382 3693317 NC_002927.gbk
1064 60.0 3704788 3703907 genome.dna 3695306 3694406 NC_002927.gbk
1061 60.0 3705613 3704801 genome.dna 3696178 3695302 NC_002927.gbk
1343 61.3 3706780 3705770 genome.dna 3697228 3696193 NC_002927.gbk
238 34.2 3711890 3712588 genome.dna 220013 219275 NC_002927.gbk
517 36.0 3712592 3713431 genome.dna 4754762 4755656 NC_002927.gbk
535 67.6 3714535 3714188 genome.dna 4636206 4635834 NC_002927.gbk
1657 58.2 3714803 3716083 genome.dna 4693581 4694865 NC_002927.gbk
1137 41.2 3717621 3716161 genome.dna 2200890 2199276 NC_002927.gbk
450 40.4 3717757 3718347 genome.dna 4540201 4540861 NC_002927.gbk
253 35.1 3727604 3728134 genome.dna 450434 449846 NC_002927.gbk
362 39.9 3729128 3729583 genome.dna 187782 187317 NC_002927.gbk
825 43.6 3730782 3732230 genome.dna 4321260 4322616 NC_002927.gbk
367 45.7 3732230 3732727 genome.dna 4322612 4323104 NC_002927.gbk
627 43.3 3732844 3733638 genome.dna 4862063 4862900 NC_002927.gbk
644 45.2 3733793 3734647 genome.dna 4729169 4728326 NC_002927.gbk
452 56.6 3734665 3735045 genome.dna 3428922 3428553 NC_002927.gbk
709 39.0 3735878 3735108 genome.dna 3549291 3548529 NC_002927.gbk
779 42.8 3736813 3735875 genome.dna 3550211 3549287 NC_002927.gbk
234 33.1 3737076 3737717 genome.dna 420236 419585 NC_002927.gbk
732 49.4 3749695 3748958 genome.dna 4552692 4551957 NC_002927.gbk
618 58.2 3749751 3750215 genome.dna 4557515 4557047 NC_002927.gbk
648 45.8 3750989 3751744 genome.dna 4558366 4559167 NC_002927.gbk
628 33.1 3751815 3753179 genome.dna 4559177 4560587 NC_002927.gbk
3626 65.0 3762599 3760023 genome.dna 3526733 3524135 NC_002927.gbk
632 47.6 3763458 3762733 genome.dna 3823057 3822301 NC_002927.gbk
755 44.3 3764478 3763501 genome.dna 3824007 3823044 NC_002927.gbk
564 37.9 3764613 3765347 genome.dna 3824108 3824909 NC_002927.gbk
539 31.5 3766362 3767522 genome.dna 3715768 3714682 NC_002927.gbk
970 50.5 3771461 3772399 genome.dna 1371653 1372562 NC_002927.gbk
443 63.2 3773009 3772662 genome.dna 3687074 3686693 NC_002927.gbk
826 51.8 3773827 3773072 genome.dna 3401663 3400889 NC_002927.gbk
1336 60.6 3776200 3774839 genome.dna 535703 537113 NC_002927.gbk
1276 42.9 3779493 3777940 genome.dna 4856742 4858326 NC_002927.gbk
211 39.7 3780004 3779576 genome.dna 4787509 4786972 NC_002927.gbk
3549 62.2 3784972 3782345 genome.dna 3406531 3403906 NC_002927.gbk
1507 67.1 3786717 3785644 genome.dna 2221375 2222437 NC_002927.gbk
454 51.2 3787319 3786825 genome.dna 1031643 1032210 NC_002927.gbk
718 49.8 3788942 3789616 genome.dna 3336908 3337610 NC_002927.gbk
2156 42.8 3854898 3852301 genome.dna 849229 851839 NC_002927.gbk
1170 42.1 3857041 3855704 genome.dna 854013 855348 NC_002927.gbk
412 30.1 3859786 3858788 genome.dna 847214 848309 NC_002927.gbk
1242 38.0 3863434 3861956 genome.dna 841191 842694 NC_002927.gbk
1183 44.4 3866442 3865039 genome.dna 2686314 2687781 NC_002927.gbk
4079 59.3 3869582 3866439 genome.dna 3578656 3575425 NC_002927.gbk
1184 44.0 3882715 3881462 genome.dna 3611670 3612930 NC_002927.gbk
913 41.1 3883829 3882726 genome.dna 316489 315352 NC_002927.gbk
853 44.3 3889382 3888324 genome.dna 3300116 3299030 NC_002927.gbk
780 48.5 3890258 3889458 genome.dna 4747767 4746957 NC_002927.gbk
915 53.3 3890504 3891274 genome.dna 4747856 4748630 NC_002927.gbk
2791 56.1 3894156 3896603 genome.dna 1894683 1892334 NC_002927.gbk
1265 50.5 3908071 3909228 genome.dna 5336809 5335615 NC_002927.gbk
928 40.0 3911288 3910026 genome.dna 728397 729669 NC_002927.gbk
964 34.8 3917101 3918687 genome.dna 2669726 2671355 NC_002927.gbk
674 32.6 3918901 3920391 genome.dna 418145 419564 NC_002927.gbk
245 35.1 3921260 3920868 genome.dna 2849501 2849912 NC_002927.gbk
1196 48.2 3921930 3923132 genome.dna 3596509 3595246 NC_002927.gbk
1648 81.0 3926541 3925651 genome.dna 873539 872654 NC_002927.gbk
767 56.8 3926632 3927213 genome.dna 873563 874208 NC_002927.gbk
1524 63.7 3928680 3929900 genome.dna 3605875 3607081 NC_002927.gbk
494 37.5 3930070 3930801 genome.dna 1490879 1491593 NC_002927.gbk
842 44.9 3932105 3933280 genome.dna 2009012 2007797 NC_002927.gbk
1863 55.7 3933298 3934833 genome.dna 2007801 2006214 NC_002927.gbk
538 30.3 3939697 3942345 genome.dna 5118571 5120761 NC_002927.gbk
331 37.1 3952181 3951618 genome.dna 4351112 4351652 NC_002927.gbk
973 43.1 3952362 3953393 genome.dna 4432144 4431055 NC_002927.gbk
700 52.8 3953386 3954039 genome.dna 4431045 4430445 NC_002927.gbk
804 46.0 3954101 3954916 genome.dna 4430398 4429600 NC_002927.gbk
2199 58.9 3956293 3958011 genome.dna 4506903 4508634 NC_002927.gbk
574 49.3 3961248 3960622 genome.dna 3224038 3223348 NC_002927.gbk
561 56.8 3963052 3962555 genome.dna 4041932 4041443 NC_002927.gbk
497 42.4 3963804 3963091 genome.dna 4042612 4041928 NC_002927.gbk
256 42.1 3964143 3963808 genome.dna 3923302 3922945 NC_002927.gbk
1090 46.7 3969453 3967963 genome.dna 3691558 3690259 NC_002927.gbk
860 47.3 3970373 3969465 genome.dna 3692519 3691610 NC_002927.gbk
1456 52.2 3971825 3970383 genome.dna 1465585 1464163 NC_002927.gbk
347 32.2 3972869 3972135 genome.dna 3693321 3692568 NC_002927.gbk
224 34.5 3986036 3985365 genome.dna 3279986 3280619 NC_002927.gbk
840 43.6 3986238 3987221 genome.dna 4932889 4933876 NC_002927.gbk
594 35.5 3988169 3987237 genome.dna 953048 953957 NC_002927.gbk
1005 60.0 3989266 3990012 genome.dna 4930861 4930096 NC_002927.gbk
1014 67.9 3996022 3996702 genome.dna 3273705 3273012 NC_002927.gbk
1741 62.0 4001743 4000448 genome.dna 3924670 3923383 NC_002927.gbk
2368 63.9 4003479 4001842 genome.dna 3927476 3925823 NC_002927.gbk
1409 40.1 4007080 4004843 genome.dna 4001890 3999676 NC_002927.gbk
1023 41.1 4008483 4007131 genome.dna 3219816 3218415 NC_002927.gbk
1117 49.6 4012636 4011491 genome.dna 4359548 4360694 NC_002927.gbk
575 35.3 4013697 4012813 genome.dna 2794300 2795194 NC_002927.gbk
1058 63.6 4014558 4013788 genome.dna 2138890 2139667 NC_002927.gbk
193 44.3 4025097 4024876 genome.dna 3530195 3529976 NC_002927.gbk
1465 54.9 4027241 4025196 genome.dna 4027399 4025308 NC_002927.gbk
1300 38.3 4031933 4029078 genome.dna 3456602 3459428 NC_002927.gbk
851 47.0 4034399 4035643 genome.dna 213354 214449 NC_002927.gbk
368 45.5 4036522 4035704 genome.dna 1819362 1820226 NC_002927.gbk
453 45.3 4037132 4037767 genome.dna 3224996 3225644 NC_002927.gbk
758 63.3 4039680 4040210 genome.dna 2235957 2236494 NC_002927.gbk
340 45.3 4059399 4059037 genome.dna 2817451 2817067 NC_002927.gbk
436 48.7 4059979 4059527 genome.dna 2038367 2038823 NC_002927.gbk
511 59.8 4060971 4060579 genome.dna 2037142 2037616 NC_002927.gbk
845 54.1 4068636 4067902 genome.dna 2114501 2115239 NC_002927.gbk
1427 44.8 4071195 4068739 genome.dna 2111956 2114377 NC_002927.gbk
357 42.0 4071662 4071237 genome.dna 3297177 3296706 NC_002927.gbk
1062 50.4 4076878 4075862 genome.dna 829884 828843 NC_002927.gbk
564 40.1 4077711 4078532 genome.dna 3080813 3079979 NC_002927.gbk
333 34.3 4078582 4079136 genome.dna 4667308 4667884 NC_002927.gbk
610 50.5 4079441 4080034 genome.dna 3144536 3143885 NC_002927.gbk
1233 49.7 4080027 4081166 genome.dna 3143864 3142643 NC_002927.gbk
210 37.2 4086876 4086421 genome.dna 2110000 2110444 NC_002927.gbk
295 40.0 4088112 4086889 genome.dna 4032291 4033602 NC_002927.gbk
403 30.9 4102382 4101120 genome.dna 62964 61674 NC_002927.gbk
613 34.3 4102518 4103441 genome.dna 1081098 1080177 NC_002927.gbk
1125 55.9 4104376 4103468 genome.dna 3483362 3482450 NC_002927.gbk
1017 49.4 4109655 4110677 genome.dna 2248536 2249550 NC_002927.gbk
1220 60.3 4114259 4113273 genome.dna 2013034 2014024 NC_002927.gbk
1638 55.8 4114440 4115846 genome.dna 2039772 2041146 NC_002927.gbk
784 41.4 4115888 4116970 genome.dna 3502156 3501028 NC_002927.gbk
1512 57.1 4119655 4120848 genome.dna 1264151 1265351 NC_002927.gbk
4223 65.4 4139901 4137067 genome.dna 72732 69873 NC_002927.gbk
567 53.2 4140147 4140710 genome.dna 74304 74805 NC_002927.gbk
461 45.4 4143007 4143462 genome.dna 226502 226052 NC_002927.gbk
397 44.8 4144145 4143714 genome.dna 1304722 1305172 NC_002927.gbk
190 30.8 4144983 4144591 genome.dna 3869379 3869742 NC_002927.gbk
509 40.8 4147026 4146418 genome.dna 3866803 3867424 NC_002927.gbk
1129 47.7 4148747 4147596 genome.dna 3864509 3865694 NC_002927.gbk
1943 50.4 4150526 4148757 genome.dna 3862723 3864499 NC_002927.gbk
842 48.1 4151444 4150536 genome.dna 3861827 3862721 NC_002927.gbk
339 52.5 4151759 4151454 genome.dna 3861503 3861809 NC_002927.gbk
120 35.0 4152000 4151812 genome.dna 3860645 3860870 NC_002927.gbk
339 54.6 4156501 4156845 genome.dna 3858903 3858522 NC_002927.gbk
781 59.2 4156848 4157495 genome.dna 3858523 3857887 NC_002927.gbk
1100 43.6 4159330 4160865 genome.dna 3856211 3854528 NC_002927.gbk
470 33.2 4163802 4164911 genome.dna 3850727 3849719 NC_002927.gbk
192 37.1 4165894 4166232 genome.dna 3849674 3849314 NC_002927.gbk
642 46.5 4196148 4196876 genome.dna 190143 190866 NC_002927.gbk
1074 59.0 4196873 4197727 genome.dna 190862 191759 NC_002927.gbk
533 42.3 4197767 4198645 genome.dna 191755 192685 NC_002927.gbk
928 47.4 4200650 4199670 genome.dna 2043192 2042214 NC_002927.gbk
724 36.9 4202207 4203343 genome.dna 4429102 4427953 NC_002927.gbk
481 39.6 4207998 4208687 genome.dna 4291688 4290977 NC_002927.gbk
4186 72.7 4221505 4218908 genome.dna 1959117 1956525 NC_002927.gbk
229 37.0 4222572 4222883 genome.dna 229044 229380 NC_002927.gbk
1864 49.6 4225257 4223014 genome.dna 2080635 2078490 NC_002927.gbk
739 41.2 4225741 4226724 genome.dna 2080879 2081890 NC_002927.gbk
523 31.6 4226833 4228161 genome.dna 2503540 2504893 NC_002927.gbk
2055 64.8 4231793 4230366 genome.dna 2699147 2700923 NC_002927.gbk
1331 55.7 4233904 4232027 genome.dna 2697479 2699135 NC_002927.gbk
3664 60.6 4236582 4233919 genome.dna 2694761 2697467 NC_002927.gbk
441 31.7 4237489 4236725 genome.dna 94888 95653 NC_002927.gbk
632 52.5 4243540 4242965 genome.dna 534417 533835 NC_002927.gbk
669 42.2 4244964 4245854 genome.dna 4564806 4563900 NC_002927.gbk
489 42.9 4250722 4251348 genome.dna 4725973 4725322 NC_002927.gbk
459 31.6 4251341 4252093 genome.dna 4725290 4724528 NC_002927.gbk
3433 58.2 4255592 4252890 genome.dna 4454076 4451340 NC_002927.gbk
1112 53.0 4257707 4256787 genome.dna 4456813 4455889 NC_002927.gbk
1155 53.5 4258960 4257809 genome.dna 4458226 4457041 NC_002927.gbk
1218 45.8 4260285 4259029 genome.dna 4459641 4458414 NC_002927.gbk
980 53.3 4262088 4261168 genome.dna 4461430 4460479 NC_002927.gbk
1661 54.4 4263557 4262097 genome.dna 4462833 4461426 NC_002927.gbk
1048 48.3 4264711 4263620 genome.dna 4463903 4462829 NC_002927.gbk
938 39.6 4265910 4264708 genome.dna 4465093 4463899 NC_002927.gbk
417 38.2 4267226 4265910 genome.dna 4466622 4465089 NC_002927.gbk
888 55.9 4268312 4267230 genome.dna 4467752 4466618 NC_002927.gbk
1358 40.8 4272901 4271138 genome.dna 4472312 4470611 NC_002927.gbk
339 38.1 4274647 4274189 genome.dna 4474211 4473719 NC_002927.gbk
641 58.3 4277861 4277370 genome.dna 4126266 4125774 NC_002927.gbk
2160 56.5 4279582 4277864 genome.dna 4127992 4126276 NC_002927.gbk
1032 32.6 4281750 4279945 genome.dna 2419025 2420891 NC_002927.gbk
1161 53.1 4283764 4284855 genome.dna 2280004 2281081 NC_002927.gbk
2005 63.4 4284858 4286258 genome.dna 2277824 2279258 NC_002927.gbk
760 56.1 4286272 4286874 genome.dna 2279254 2279923 NC_002927.gbk
224 31.7 4291683 4292240 genome.dna 2522308 2522833 NC_002927.gbk
818 45.8 4295557 4296462 genome.dna 456710 457733 NC_002927.gbk
948 32.2 4302196 4303860 genome.dna 997619 995957 NC_002927.gbk
1201 40.3 4305089 4306693 genome.dna 3800300 3798677 NC_002927.gbk
309 33.5 4316738 4318033 genome.dna 4363107 4361547 NC_002927.gbk
791 51.2 4319027 4319845 genome.dna 4361523 4360725 NC_002927.gbk
399 47.9 4319858 4320235 genome.dna 4924127 4923752 NC_002927.gbk
736 40.8 4320238 4321083 genome.dna 4686829 4687663 NC_002927.gbk
637 37.8 4322394 4323299 genome.dna 4974506 4973561 NC_002927.gbk
440 45.6 4323873 4323391 genome.dna 926181 925683 NC_002927.gbk
4798 68.0 4330684 4327460 genome.dna 1544100 1547343 NC_002927.gbk
1485 63.6 4331847 4330699 genome.dna 1543046 1544090 NC_002927.gbk
928 55.5 4333114 4332293 genome.dna 4192041 4192851 NC_002927.gbk
1293 62.2 4334402 4333452 genome.dna 3487821 3486840 NC_002927.gbk
420 42.0 4335368 4334856 genome.dna 2317101 2316594 NC_002927.gbk
1696 51.0 4338181 4335368 genome.dna 2319965 2317103 NC_002927.gbk
899 48.2 4339154 4338213 genome.dna 2320920 2319954 NC_002927.gbk
280 52.3 4339580 4339843 genome.dna 2140048 2139784 NC_002927.gbk
1209 50.9 4342070 4340889 genome.dna 223923 222726 NC_002927.gbk
1532 57.4 4343498 4342359 genome.dna 4182482 4181360 NC_002927.gbk
2973 71.8 4345514 4343607 genome.dna 4184508 4182582 NC_002927.gbk
885 69.4 4348720 4348133 genome.dna 1493614 1494265 NC_002927.gbk
906 53.9 4351702 4352475 genome.dna 4132723 4131949 NC_002927.gbk
542 30.2 4353827 4352538 genome.dna 2048654 2050061 NC_002927.gbk
365 31.8 4362071 4361421 genome.dna 1549084 1548439 NC_002927.gbk
2688 71.4 4365488 4367155 genome.dna 4271034 4269360 NC_002927.gbk
651 38.1 4370100 4369195 genome.dna 4500481 4501405 NC_002927.gbk
1414 55.5 4372650 4371418 genome.dna 4770578 4771799 NC_002927.gbk
808 57.0 4373604 4372945 genome.dna 3653353 3652672 NC_002927.gbk
355 33.8 4376373 4375759 genome.dna 240229 239593 NC_002927.gbk
548 38.1 4377440 4376580 genome.dna 1812959 1813793 NC_002927.gbk
1487 61.2 4379941 4378778 genome.dna 1480610 1481804 NC_002927.gbk
1140 48.6 4381030 4380014 genome.dna 1479482 1480493 NC_002927.gbk
899 58.0 4383748 4384500 genome.dna 2617958 2617265 NC_002927.gbk
1743 69.3 4388480 4389631 genome.dna 201044 202343 NC_002927.gbk
667 47.2 4390561 4391259 genome.dna 2202689 2201948 NC_002927.gbk
436 33.9 4391555 4392289 genome.dna 1477234 1476493 NC_002927.gbk
945 48.3 4392301 4393260 genome.dna 2300969 2301926 NC_002927.gbk
486 40.4 4393344 4393907 genome.dna 4691770 4691092 NC_002927.gbk
400 49.3 4393907 4394326 genome.dna 4691100 4690698 NC_002927.gbk
890 46.5 4395434 4394430 genome.dna 2051622 2050602 NC_002927.gbk
1609 55.1 4395604 4396995 genome.dna 4679082 4680453 NC_002927.gbk
1713 58.4 4398393 4397095 genome.dna 3378739 3377431 NC_002927.gbk
402 34.3 4399815 4398820 genome.dna 3381044 3380144 NC_002927.gbk
669 38.2 4401072 4399819 genome.dna 3382205 3381062 NC_002927.gbk
1029 53.2 4403893 4402952 genome.dna 4317576 4318518 NC_002927.gbk
1095 37.7 4405841 4403886 genome.dna 4315690 4317580 NC_002927.gbk
445 46.6 4408042 4407560 genome.dna 4312970 4313507 NC_002927.gbk
365 36.2 4413698 4413135 genome.dna 4038106 4038655 NC_002927.gbk
392 31.7 4419630 4418704 genome.dna 440193 439266 NC_002927.gbk
596 36.2 4424160 4425050 genome.dna 1117889 1118771 NC_002927.gbk
754 60.7 4435345 4434803 genome.dna 3682023 3681477 NC_002927.gbk
650 39.5 4435653 4436702 genome.dna 3683329 3684232 NC_002927.gbk
902 50.3 4436846 4437871 genome.dna 3065176 3066070 NC_002927.gbk
316 37.5 4446212 4446796 genome.dna 4858391 4858910 NC_002927.gbk
120 39.5 4447435 4447304 genome.dna 474226 474358 NC_002927.gbk
386 33.9 4448185 4447619 genome.dna 1944730 1944172 NC_002927.gbk
1083 37.7 4451372 4449723 genome.dna 942163 940597 NC_002927.gbk
981 33.9 4455241 4453595 genome.dna 3461832 3463494 NC_002927.gbk
1307 36.5 4459180 4457075 genome.dna 1878500 1876391 NC_002927.gbk
614 38.9 4460329 4459373 genome.dna 4141508 4142483 NC_002927.gbk
2868 60.0 4464530 4460847 genome.dna 4752525 4748751 NC_002927.gbk
414 30.6 4464724 4465554 genome.dna 4230693 4229844 NC_002927.gbk
1417 42.5 4467628 4465850 genome.dna 5255919 5257779 NC_002927.gbk
2066 71.4 4468982 4467675 genome.dna 3566573 3565250 NC_002927.gbk
362 37.4 4477982 4478530 genome.dna 3917101 3917623 NC_002927.gbk
782 49.1 4479596 4478769 genome.dna 4683945 4684809 NC_002927.gbk
253 38.3 4481228 4480755 genome.dna 5272611 5273070 NC_002927.gbk
748 43.0 4482321 4481200 genome.dna 249129 248016 NC_002927.gbk
583 51.5 4482450 4482959 genome.dna 251203 251716 NC_002927.gbk
965 53.5 4482986 4483933 genome.dna 251781 252720 NC_002927.gbk
900 38.4 4484001 4485290 genome.dna 263677 265012 NC_002927.gbk
1476 49.8 4485347 4486723 genome.dna 268644 270024 NC_002927.gbk
260 46.9 4486815 4487225 genome.dna 5179538 5179079 NC_002927.gbk
573 67.9 4488068 4487676 genome.dna 51051 51447 NC_002927.gbk
1323 61.9 4489098 4488109 genome.dna 49906 50893 NC_002927.gbk
900 64.3 4489744 4489124 genome.dna 49068 49692 NC_002927.gbk
666 70.7 4490164 4489775 genome.dna 48655 49057 NC_002927.gbk
503 62.3 4490537 4490181 genome.dna 48274 48640 NC_002927.gbk
208 73.7 4490800 4490684 genome.dna 48119 48233 NC_002927.gbk
1925 66.8 4492165 4490834 genome.dna 46531 47857 NC_002927.gbk
584 62.7 4492607 4492173 genome.dna 46076 46517 NC_002927.gbk
176 50.9 4492790 4492611 genome.dna 45881 46067 NC_002927.gbk
689 65.6 4493297 4492797 genome.dna 45353 45878 NC_002927.gbk
405 55.0 4493665 4493312 genome.dna 44975 45338 NC_002927.gbk
659 57.6 4494208 4493675 genome.dna 44420 44954 NC_002927.gbk
579 64.1 4494614 4494222 genome.dna 44014 44410 NC_002927.gbk
416 60.4 4494953 4494648 genome.dna 43698 44004 NC_002927.gbk
856 65.7 4495506 4494967 genome.dna 43146 43686 NC_002927.gbk
373 58.6 4495835 4495521 genome.dna 42813 43134 NC_002927.gbk
611 75.6 4496217 4495846 genome.dna 42434 42803 NC_002927.gbk
295 55.8 4496635 4496381 genome.dna 38710 38992 NC_002927.gbk
215 58.1 4496826 4496635 genome.dna 38517 38709 NC_002927.gbk
691 76.5 4497236 4496826 genome.dna 38090 38507 NC_002927.gbk
1011 60.5 4497950 4497249 genome.dna 37296 38088 NC_002927.gbk
415 66.4 4498300 4497968 genome.dna 36957 37287 NC_002927.gbk
473 71.4 4498593 4498315 genome.dna 36678 36954 NC_002927.gbk
1301 67.2 4499431 4498610 genome.dna 35838 36666 NC_002927.gbk
307 53.8 4499751 4499449 genome.dna 35541 35838 NC_002927.gbk
742 58.8 4500353 4499748 genome.dna 34927 35545 NC_002927.gbk
903 65.4 4500993 4500364 genome.dna 34221 34923 NC_002927.gbk
524 76.5 4501337 4501026 genome.dna 33564 33876 NC_002927.gbk
636 61.8 4502117 4501644 genome.dna 5228336 5227859 NC_002927.gbk
3395 72.6 4505956 4503842 genome.dna 4536288 4534164 NC_002927.gbk
722 66.7 4506523 4506053 genome.dna 29643 30114 NC_002927.gbk
683 80.5 4506994 4506620 genome.dna 29039 29480 NC_002927.gbk
1276 74.1 4514856 4514044 genome.dna 3047255 3046439 NC_002927.gbk
1631 53.2 4514960 4516456 genome.dna 741556 743065 NC_002927.gbk
115 34.8 4517758 4517976 genome.dna 1358925 1358706 NC_002927.gbk
365 31.3 4518864 4519643 genome.dna 1232194 1232974 NC_002927.gbk
1991 49.1 4523306 4525213 genome.dna 2332210 2330284 NC_002927.gbk
391 47.4 4528763 4528356 genome.dna 927673 927235 NC_002927.gbk
977 41.8 4531124 4529898 genome.dna 5264254 5263063 NC_002927.gbk
826 64.0 4531820 4531245 genome.dna 4927522 4928086 NC_002927.gbk
844 55.1 4553293 4554057 genome.dna 2962192 2961439 NC_002927.gbk
437 34.1 4558484 4557780 genome.dna 4924977 4925682 NC_002927.gbk
1042 71.4 4559154 4558477 genome.dna 4924232 4924970 NC_002927.gbk
1144 53.7 4562421 4561336 genome.dna 66756 67833 NC_002927.gbk
1468 39.2 4567199 4569754 genome.dna 66008 63563 NC_002927.gbk
308 42.3 4573911 4574321 genome.dna 2665535 2665916 NC_002927.gbk
281 35.3 4574406 4575275 genome.dna 3917672 3918593 NC_002927.gbk
615 31.2 4578723 4577365 genome.dna 4036619 4038044 NC_002927.gbk
1051 67.7 4579442 4578723 genome.dna 4035880 4036615 NC_002927.gbk
414 36.0 4590788 4591669 genome.dna 4337357 4336517 NC_002927.gbk
382 43.5 4592217 4591738 genome.dna 2445048 2445603 NC_002927.gbk
2947 60.4 4597892 4600225 genome.dna 3827210 3829586 NC_002927.gbk
736 37.1 4601730 4602686 genome.dna 3434201 3433178 NC_002927.gbk
284 36.9 4613483 4614184 genome.dna 295487 296102 NC_002927.gbk
781 32.3 4616966 4614891 genome.dna 3037966 3039985 NC_002927.gbk
781 49.4 4620311 4619553 genome.dna 3265323 3266133 NC_002927.gbk
439 32.9 4622349 4623851 genome.dna 3266172 3267777 NC_002927.gbk
1044 39.1 4634257 4632818 genome.dna 3023816 3025349 NC_002927.gbk
1477 47.1 4637576 4635600 genome.dna 3034098 3036219 NC_002927.gbk
2516 52.6 4639754 4637577 genome.dna 3031898 3034094 NC_002927.gbk
1649 66.0 4644844 4643741 genome.dna 2281267 2282398 NC_002927.gbk
808 51.1 4651246 4650551 genome.dna 3137314 3136615 NC_002927.gbk
521 40.5 4660865 4661485 genome.dna 5224784 5225414 NC_002927.gbk
1607 47.4 4664050 4662224 genome.dna 4257939 4256118 NC_002927.gbk
1718 47.9 4672431 4670269 genome.dna 2324959 2327260 NC_002927.gbk
483 49.3 4675687 4674863 genome.dna 199101 198189 NC_002927.gbk
244 33.3 4676010 4676330 genome.dna 63177 63507 NC_002927.gbk
752 34.5 4677558 4676383 genome.dna 993953 995129 NC_002927.gbk
1086 58.7 4680620 4681561 genome.dna 2231342 2232287 NC_002927.gbk
493 38.3 4687992 4687321 genome.dna 724825 725476 NC_002927.gbk
1227 52.8 4702353 4701286 genome.dna 183908 182846 NC_002927.gbk
578 31.5 4703612 4702350 genome.dna 930302 931676 NC_002927.gbk
420 36.4 4704862 4703738 genome.dna 164489 163502 NC_002927.gbk
1989 70.1 4708658 4707399 genome.dna 3451585 3452842 NC_002927.gbk
1767 48.6 4714432 4712411 genome.dna 4900452 4898382 NC_002927.gbk
4701 62.0 4718921 4714953 genome.dna 2168051 2171873 NC_002927.gbk
779 44.3 4721531 4720644 genome.dna 4218973 4219867 NC_002927.gbk
1758 51.8 4728119 4726569 genome.dna 4787595 4789104 NC_002927.gbk
3013 73.4 4729969 4728119 genome.dna 445840 447700 NC_002927.gbk
1009 50.0 4730969 4730043 genome.dna 4235962 4236883 NC_002927.gbk
1421 49.2 4733613 4735139 genome.dna 2184969 2186472 NC_002927.gbk
569 30.7 4750000 4748153 genome.dna 4752861 4754751 NC_002927.gbk
776 42.8 4755209 4754301 genome.dna 3122086 3121132 NC_002927.gbk
718 42.1 4756712 4755816 genome.dna 205925 206768 NC_002927.gbk
1490 39.1 4770998 4773196 genome.dna 4902597 4900494 NC_002927.gbk
545 32.1 4773468 4774511 genome.dna 2520775 2521837 NC_002927.gbk
774 68.8 4775884 4776414 genome.dna 187170 186630 NC_002927.gbk
1840 63.8 4776424 4777755 genome.dna 186609 185274 NC_002927.gbk
210 33.5 4780345 4781184 genome.dna 2294153 2294864 NC_002927.gbk
1824 54.5 4781238 4782749 genome.dna 4731857 4733384 NC_002927.gbk
460 32.5 4784192 4784938 genome.dna 3131667 3130890 NC_002927.gbk
713 49.0 4786326 4787093 genome.dna 4115923 4115176 NC_002927.gbk
475 48.0 4834867 4834403 genome.dna 296128 296647 NC_002927.gbk
767 49.2 4837408 4836659 genome.dna 3213572 3214322 NC_002927.gbk
1303 57.8 4838481 4837408 genome.dna 3084318 3085407 NC_002927.gbk
1191 61.5 4839358 4838507 genome.dna 3083414 3084266 NC_002927.gbk
1192 59.3 4840266 4839379 genome.dna 3082513 3083395 NC_002927.gbk
1609 54.7 4841673 4840339 genome.dna 3081023 3082337 NC_002927.gbk
706 38.1 4844257 4845171 genome.dna 1112546 1113467 NC_002927.gbk
516 36.0 4847113 4847901 genome.dna 2597638 2596831 NC_002927.gbk
931 39.8 4859267 4858077 genome.dna 243969 245211 NC_002927.gbk
1071 70.0 4859998 4859297 genome.dna 3074984 3074282 NC_002927.gbk
1041 59.3 4860774 4860004 genome.dna 3075752 3074984 NC_002927.gbk
1595 58.9 4862045 4860771 genome.dna 3076987 3075748 NC_002927.gbk
1237 60.7 4862968 4862042 genome.dna 3077913 3076986 NC_002927.gbk
1241 51.1 4864237 4863125 genome.dna 3086690 3085562 NC_002927.gbk
958 55.5 4866035 4865178 genome.dna 5148546 5147622 NC_002927.gbk
712 49.3 4867996 4867325 genome.dna 4739554 4740226 NC_002927.gbk
416 42.1 4869761 4870336 genome.dna 1019293 1018672 NC_002927.gbk
1622 39.5 4872230 4874593 genome.dna 2658847 2656510 NC_002927.gbk
174 39.1 4875073 4874828 genome.dna 3403920 3403665 NC_002927.gbk
258 33.7 4875290 4875967 genome.dna 3079983 3079401 NC_002927.gbk
874 35.3 4911222 4909444 genome.dna 4308241 4306486 NC_002927.gbk
650 37.0 4917573 4916662 genome.dna 1961126 1962029 NC_002927.gbk
1014 50.8 4926494 4925484 genome.dna 4275911 4274918 NC_002927.gbk
952 45.6 4927471 4926491 genome.dna 4894176 4895160 NC_002927.gbk
660 39.4 4951144 4951938 genome.dna 1153988 1154810 NC_002927.gbk
1205 61.7 4961520 4960612 genome.dna 5324400 5323479 NC_002927.gbk
1237 53.7 4962494 4961517 genome.dna 4892274 4893252 NC_002927.gbk
1389 45.4 4967043 4965493 genome.dna 5326977 5325390 NC_002927.gbk
396 34.9 4977725 4978915 genome.dna 3568973 3567719 NC_002927.gbk
3082 59.6 4981440 4979023 genome.dna 5308918 5306464 NC_002927.gbk
972 42.6 4983694 4982594 genome.dna 5310128 5309012 NC_002927.gbk
1375 52.2 4985096 4983699 genome.dna 5311567 5310124 NC_002927.gbk
204 65.9 4985770 4985910 genome.dna 5311972 5312107 NC_002927.gbk
149 31.9 4985929 4986288 genome.dna 5312202 5312574 NC_002927.gbk
1396 41.4 4986512 4988146 genome.dna 5312918 5314583 NC_002927.gbk
1508 54.2 4988276 4989640 genome.dna 5327093 5328446 NC_002927.gbk
1385 48.1 4994663 4993335 genome.dna 1853795 1852535 NC_002927.gbk
1385 48.1 4994663 4993335 genome.dna 1853795 1852535 NC_002927.gbk
1775 43.7 4996675 4994660 genome.dna 1855904 1853798 NC_002927.gbk
1603 50.7 5001994 5003496 genome.dna 3626238 3627738 NC_002927.gbk
1490 52.8 5010680 5009268 genome.dna 3226863 3228156 NC_002927.gbk
327 32.2 5011178 5011843 genome.dna 219223 218494 NC_002927.gbk
1089 44.6 5015861 5014662 genome.dna 1017840 1016622 NC_002927.gbk
620 41.3 5017538 5016804 genome.dna 3652518 3651738 NC_002927.gbk
1353 75.2 5018328 5017552 genome.dna 1573205 1574030 NC_002927.gbk
1102 58.7 5019301 5018414 genome.dna 1572351 1573209 NC_002927.gbk
1324 63.2 5020260 5019301 genome.dna 1571313 1572330 NC_002927.gbk
1323 58.2 5021463 5020423 genome.dna 1570138 1571179 NC_002927.gbk
1116 67.9 5022536 5021802 genome.dna 3538707 3539445 NC_002927.gbk
840 54.0 5023303 5022533 genome.dna 3537998 3538688 NC_002927.gbk
715 50.4 5024004 5023309 genome.dna 3537316 3538006 NC_002927.gbk
604 34.3 5026353 5025430 genome.dna 365302 364390 NC_002927.gbk
1301 50.4 5026700 5027902 genome.dna 1127583 1128810 NC_002927.gbk
599 36.4 5029737 5028745 genome.dna 4774045 4775059 NC_002927.gbk
601 36.2 5031278 5030439 genome.dna 3536394 3537213 NC_002927.gbk
2045 53.2 5049054 5047222 genome.dna 5111401 5109568 NC_002927.gbk
1555 54.2 5050610 5049240 genome.dna 5131775 5130401 NC_002927.gbk
417 51.2 5053946 5053527 genome.dna 4905542 4905119 NC_002927.gbk
2409 80.2 5055348 5053966 genome.dna 4906952 4905551 NC_002927.gbk
667 52.5 5056259 5055396 genome.dna 4907900 4906994 NC_002927.gbk
2303 68.5 5057853 5056312 genome.dna 4909540 4907998 NC_002927.gbk
356 33.3 5058399 5057866 genome.dna 4910114 4909574 NC_002927.gbk
463 46.2 5058884 5058414 genome.dna 4910597 4910126 NC_002927.gbk
234 46.6 5059187 5058948 genome.dna 4910977 4910734 NC_002927.gbk
648 46.8 5060037 5059237 genome.dna 4911975 4911093 NC_002927.gbk
173 39.2 5061686 5061066 genome.dna 1916 2549 NC_002927.gbk
2836 67.7 5063659 5061770 genome.dna 0 1920 NC_002927.gbk
