400 47.5 10521 10940 genome.dna 2634452 2634056 NC_004193.gbk
1541 47.1 10948 12453 genome.dna 2634039 2632548 NC_004193.gbk
1081 55.5 12461 13429 genome.dna 2632556 2631617 NC_004193.gbk
831 47.6 13455 14342 genome.dna 2631604 2630692 NC_004193.gbk
454 37.2 14538 15464 genome.dna 2635330 2634457 NC_004193.gbk
1386 38.2 25826 28615 genome.dna 2197496 2194853 NC_004193.gbk
428 39.1 29669 29034 genome.dna 2103146 2102558 NC_004193.gbk
745 39.2 36667 35258 genome.dna 1692715 1694053 NC_004193.gbk
2246 53.8 37037 38860 genome.dna 612854 614678 NC_004193.gbk
430 44.8 39698 40135 genome.dna 2049245 2048798 NC_004193.gbk
683 34.9 44746 43358 genome.dna 1104746 1106051 NC_004193.gbk
1244 38.5 47188 45107 genome.dna 1563630 1565661 NC_004193.gbk
529 41.9 50956 50333 genome.dna 1545154 1545775 NC_004193.gbk
475 30.4 59253 58054 genome.dna 2346589 2347855 NC_004193.gbk
968 48.1 93925 92960 genome.dna 2932643 2931668 NC_004193.gbk
682 51.6 97287 96724 genome.dna 565838 566417 NC_004193.gbk
1235 60.8 98527 99441 genome.dna 1977805 1976923 NC_004193.gbk
1250 33.3 99451 101520 genome.dna 1976920 1974841 NC_004193.gbk
1035 45.4 104909 106057 genome.dna 2661370 2660209 NC_004193.gbk
799 58.0 110262 109636 genome.dna 1959202 1958590 NC_004193.gbk
2404 68.8 111626 113161 genome.dna 2590613 2589092 NC_004193.gbk
996 35.2 115831 114374 genome.dna 3250816 3249316 NC_004193.gbk
1522 50.2 117217 115898 genome.dna 3252211 3250891 NC_004193.gbk
1883 58.4 138613 140052 genome.dna 523735 522280 NC_004193.gbk
417 31.6 154586 153765 genome.dna 3081487 3080662 NC_004193.gbk
725 45.9 155671 154589 genome.dna 902890 901903 NC_004193.gbk
894 33.5 159068 157527 genome.dna 826207 827800 NC_004193.gbk
851 53.6 162282 162998 genome.dna 2141101 2140366 NC_004193.gbk
1047 43.8 166824 165547 genome.dna 1546148 1547357 NC_004193.gbk
143 42.9 168129 168296 genome.dna 1953240 1953090 NC_004193.gbk
544 33.3 168516 169325 genome.dna 2194838 2193995 NC_004193.gbk
492 42.1 170854 170375 genome.dna 1489193 1489679 NC_004193.gbk
1016 40.6 186786 187982 genome.dna 3171471 3170280 NC_004193.gbk
609 32.8 187993 189078 genome.dna 3489676 3488620 NC_004193.gbk
865 39.8 192775 193791 genome.dna 1832753 1831718 NC_004193.gbk
491 33.3 217784 218788 genome.dna 1118172 1119213 NC_004193.gbk
366 30.4 218826 219599 genome.dna 1120458 1121256 NC_004193.gbk
1418 48.0 219661 221034 genome.dna 3262503 3261123 NC_004193.gbk
552 37.8 222967 223722 genome.dna 1826735 1826018 NC_004193.gbk
998 46.3 228573 229595 genome.dna 2094473 2093486 NC_004193.gbk
1055 45.0 233849 232686 genome.dna 2743742 2742590 NC_004193.gbk
2054 76.6 250357 251541 genome.dna 139728 140916 NC_004193.gbk
556 44.6 252164 252709 genome.dna 124552 125089 NC_004193.gbk
625 67.6 252872 253300 genome.dna 125249 125675 NC_004193.gbk
767 50.2 253304 254008 genome.dna 125861 126554 NC_004193.gbk
346 36.8 254326 254823 genome.dna 126821 127322 NC_004193.gbk
421 58.7 254890 255255 genome.dna 127377 127740 NC_004193.gbk
2096 45.4 255584 259612 genome.dna 128939 132479 NC_004193.gbk
2509 47.4 259736 263959 genome.dna 132589 136201 NC_004193.gbk
882 40.0 275283 276347 genome.dna 1216770 1217808 NC_004193.gbk
1224 46.8 280242 278956 genome.dna 798371 799643 NC_004193.gbk
1065 50.8 281849 280260 genome.dna 796821 798354 NC_004193.gbk
539 39.8 292998 292333 genome.dna 929778 930471 NC_004193.gbk
413 33.6 293855 293088 genome.dna 2802364 2801518 NC_004193.gbk
894 42.5 295276 296334 genome.dna 338551 339541 NC_004193.gbk
422 30.5 303420 302533 genome.dna 1994027 1993079 NC_004193.gbk
1508 47.9 304889 303438 genome.dna 535127 536564 NC_004193.gbk
1600 53.8 306633 305290 genome.dna 1920581 1919213 NC_004193.gbk
274 32.1 307112 306645 genome.dna 1921074 1920594 NC_004193.gbk
924 44.0 310630 309653 genome.dna 922648 921664 NC_004193.gbk
1169 55.5 313270 314313 genome.dna 2079516 2078481 NC_004193.gbk
1732 53.9 329415 330869 genome.dna 2949568 2948149 NC_004193.gbk
728 41.6 334964 334107 genome.dna 2525585 2524703 NC_004193.gbk
732 42.7 341977 341009 genome.dna 469495 470452 NC_004193.gbk
454 33.3 342391 343203 genome.dna 474398 473657 NC_004193.gbk
1330 51.2 345980 347242 genome.dna 3083050 3081718 NC_004193.gbk
582 35.3 348448 347351 genome.dna 3584447 3583244 NC_004193.gbk
587 59.3 352201 352629 genome.dna 159764 160202 NC_004193.gbk
500 56.2 352645 353037 genome.dna 160221 160614 NC_004193.gbk
503 34.1 355354 354581 genome.dna 3449854 3449080 NC_004193.gbk
748 35.7 357036 355618 genome.dna 3223828 3222343 NC_004193.gbk
2613 44.0 361542 357046 genome.dna 3228455 3223862 NC_004193.gbk
625 42.5 372605 373492 genome.dna 43850 44732 NC_004193.gbk
614 36.2 386934 386071 genome.dna 3114793 3113938 NC_004193.gbk
901 50.4 399153 398326 genome.dna 568546 569371 NC_004193.gbk
931 39.6 400586 399423 genome.dna 3177559 3176389 NC_004193.gbk
1282 44.7 406489 405197 genome.dna 2896839 2895531 NC_004193.gbk
683 32.6 414371 413001 genome.dna 643411 644779 NC_004193.gbk
390 30.3 417112 416177 genome.dna 2247567 2248530 NC_004193.gbk
369 45.6 431880 431494 genome.dna 3177958 3177580 NC_004193.gbk
700 41.9 435364 434357 genome.dna 485837 486806 NC_004193.gbk
282 38.0 436647 436144 genome.dna 3221059 3220585 NC_004193.gbk
758 42.2 460910 458055 genome.dna 2089359 2086707 NC_004193.gbk
475 57.7 503049 502735 genome.dna 524066 524381 NC_004193.gbk
906 51.9 504017 503193 genome.dna 528631 529468 NC_004193.gbk
1683 56.7 505284 504022 genome.dna 527342 528596 NC_004193.gbk
1264 42.8 506771 505281 genome.dna 525927 527340 NC_004193.gbk
989 44.3 518034 519071 genome.dna 3053150 3054170 NC_004193.gbk
1391 47.6 530287 528905 genome.dna 114314 115688 NC_004193.gbk
1547 48.0 533382 534971 genome.dna 2334519 2336091 NC_004193.gbk
929 41.5 543754 544950 genome.dna 1001359 1002556 NC_004193.gbk
1677 46.0 544947 546572 genome.dna 1002549 1004169 NC_004193.gbk
974 48.4 546583 547458 genome.dna 1004182 1005067 NC_004193.gbk
678 45.6 550604 551389 genome.dna 1000557 1001334 NC_004193.gbk
810 42.2 567396 568499 genome.dna 1020267 1021371 NC_004193.gbk
1045 55.6 568499 569425 genome.dna 1021367 1022237 NC_004193.gbk
693 41.9 569422 570210 genome.dna 1022226 1023069 NC_004193.gbk
494 35.9 570232 570948 genome.dna 1024279 1024999 NC_004193.gbk
577 30.1 570938 572074 genome.dna 1023079 1024264 NC_004193.gbk
238 46.2 697176 697469 genome.dna 689871 690153 NC_004193.gbk
2144 61.9 697515 699164 genome.dna 690216 691854 NC_004193.gbk
150 33.5 704061 704669 genome.dna 1711340 1710716 NC_004193.gbk
1730 51.6 715386 716795 genome.dna 390631 392050 NC_004193.gbk
631 33.6 727813 726815 genome.dna 2768110 2767141 NC_004193.gbk
83 32.2 741625 741816 genome.dna 3462535 3462340 NC_004193.gbk
878 43.9 755628 756641 genome.dna 682423 683449 NC_004193.gbk
389 30.7 757677 758612 genome.dna 2200938 2199999 NC_004193.gbk
306 41.7 761608 761919 genome.dna 2073548 2073239 NC_004193.gbk
266 54.4 761939 762196 genome.dna 2072878 2072587 NC_004193.gbk
1058 44.3 763509 764681 genome.dna 2071730 2070449 NC_004193.gbk
395 43.6 766454 766933 genome.dna 2027003 2026526 NC_004193.gbk
214 37.9 767354 767061 genome.dna 2013164 2012873 NC_004193.gbk
1920 46.6 768185 770122 genome.dna 79587 81615 NC_004193.gbk
651 39.6 770241 771074 genome.dna 87476 88298 NC_004193.gbk
1196 44.6 771082 772419 genome.dna 254121 255462 NC_004193.gbk
276 37.3 777307 777729 genome.dna 1633901 1634372 NC_004193.gbk
301 41.3 782083 782481 genome.dna 1638470 1638812 NC_004193.gbk
319 53.9 783547 783816 genome.dna 1640973 1641243 NC_004193.gbk
2123 49.3 784066 786186 genome.dna 1641435 1643553 NC_004193.gbk
976 38.5 795852 797180 genome.dna 1877240 1875947 NC_004193.gbk
944 44.2 797270 798493 genome.dna 1879282 1878103 NC_004193.gbk
884 54.1 798538 799257 genome.dna 2399589 2400297 NC_004193.gbk
244 32.7 803045 802602 genome.dna 681992 682442 NC_004193.gbk
579 35.9 805628 804636 genome.dna 472774 471838 NC_004193.gbk
464 31.7 808581 807679 genome.dna 2958495 2959386 NC_004193.gbk
699 34.8 812414 811260 genome.dna 2809563 2808363 NC_004193.gbk
812 38.2 812975 814090 genome.dna 1936104 1934946 NC_004193.gbk
429 49.2 814149 814541 genome.dna 2439992 2439611 NC_004193.gbk
572 36.9 830229 830876 genome.dna 2308421 2307779 NC_004193.gbk
806 44.6 839867 840766 genome.dna 1880273 1879379 NC_004193.gbk
1721 52.8 844582 846099 genome.dna 89568 91050 NC_004193.gbk
526 38.0 858630 859340 genome.dna 621065 621755 NC_004193.gbk
1543 46.6 894744 893086 genome.dna 2499447 2497917 NC_004193.gbk
413 42.9 927840 927358 genome.dna 2479978 2479510 NC_004193.gbk
979 33.3 931102 929441 genome.dna 1910307 1908612 NC_004193.gbk
342 30.1 932209 932796 genome.dna 1997809 1997236 NC_004193.gbk
1306 55.9 937176 936079 genome.dna 349039 350149 NC_004193.gbk
280 34.9 969365 968913 genome.dna 481435 480994 NC_004193.gbk
492 40.1 994093 993584 genome.dna 2830240 2829742 NC_004193.gbk
1750 49.2 995970 994243 genome.dna 2485673 2487389 NC_004193.gbk
222 41.2 996273 996016 genome.dna 2522273 2522012 NC_004193.gbk
728 42.6 997695 996727 genome.dna 1747465 1748389 NC_004193.gbk
578 43.7 1002298 1002951 genome.dna 3347384 3346760 NC_004193.gbk
348 32.2 1029050 1029736 genome.dna 2931643 2930983 NC_004193.gbk
356 30.4 1030959 1031849 genome.dna 2937740 2938586 NC_004193.gbk
900 37.0 1040649 1039456 genome.dna 3174678 3175878 NC_004193.gbk
346 35.5 1064207 1064794 genome.dna 3312789 3313362 NC_004193.gbk
746 37.6 1087061 1085955 genome.dna 947502 948567 NC_004193.gbk
797 48.2 1100443 1101237 genome.dna 1781166 1780212 NC_004193.gbk
302 39.3 1138546 1138941 genome.dna 3138464 3138092 NC_004193.gbk
662 40.9 1154052 1153258 genome.dna 1169308 1170061 NC_004193.gbk
814 51.0 1154397 1155122 genome.dna 1622570 1623335 NC_004193.gbk
390 45.5 1155257 1156108 genome.dna 1623426 1624311 NC_004193.gbk
721 47.8 1156279 1157004 genome.dna 1624481 1625204 NC_004193.gbk
573 46.6 1157130 1157687 genome.dna 1625206 1625764 NC_004193.gbk
706 46.1 1159320 1160081 genome.dna 1626075 1626834 NC_004193.gbk
393 32.0 1160091 1160948 genome.dna 1626849 1627638 NC_004193.gbk
504 51.8 1166572 1167027 genome.dna 3053008 3052585 NC_004193.gbk
974 35.2 1169670 1173152 genome.dna 2215874 2212553 NC_004193.gbk
1125 55.4 1173165 1174124 genome.dna 2209595 2208641 NC_004193.gbk
1971 38.5 1180703 1178139 genome.dna 1670807 1673411 NC_004193.gbk
414 36.0 1221233 1222429 genome.dna 3549117 3550167 NC_004193.gbk
477 33.1 1248508 1249548 genome.dna 1845241 1844269 NC_004193.gbk
583 42.1 1260789 1261478 genome.dna 3590105 3589403 NC_004193.gbk
1150 47.8 1264025 1265131 genome.dna 1097833 1096729 NC_004193.gbk
982 38.1 1265611 1266930 genome.dna 447524 448877 NC_004193.gbk
981 46.1 1271755 1272822 genome.dna 2064484 2063455 NC_004193.gbk
1416 54.9 1272920 1274065 genome.dna 2063441 2062301 NC_004193.gbk
433 45.8 1278470 1278919 genome.dna 2191486 2191012 NC_004193.gbk
828 40.3 1278982 1280091 genome.dna 450665 449561 NC_004193.gbk
519 56.2 1280201 1280677 genome.dna 3346740 3346254 NC_004193.gbk
280 40.0 1280702 1281121 genome.dna 1915322 1914941 NC_004193.gbk
549 35.0 1281190 1282170 genome.dna 679854 680823 NC_004193.gbk
680 43.5 1285528 1284617 genome.dna 1912501 1911616 NC_004193.gbk
148 30.3 1285773 1285525 genome.dna 1912734 1912497 NC_004193.gbk
613 38.5 1292157 1291267 genome.dna 1476419 1477364 NC_004193.gbk
565 44.0 1293119 1292505 genome.dna 1480376 1481003 NC_004193.gbk
2310 50.0 1295100 1293109 genome.dna 2296666 2298619 NC_004193.gbk
661 32.8 1299536 1300840 genome.dna 2108500 2107213 NC_004193.gbk
926 69.9 1301367 1301990 genome.dna 2513421 2514003 NC_004193.gbk
1673 62.7 1302154 1303428 genome.dna 2106921 2105643 NC_004193.gbk
2782 53.9 1303620 1306001 genome.dna 2105468 2103149 NC_004193.gbk
338 55.1 1306200 1306472 genome.dna 1828178 1827905 NC_004193.gbk
538 41.1 1310544 1309849 genome.dna 342974 343640 NC_004193.gbk
1519 41.3 1312639 1314408 genome.dna 1150951 1152694 NC_004193.gbk
1198 35.8 1314401 1316176 genome.dna 1152697 1154728 NC_004193.gbk
368 51.4 1316552 1316875 genome.dna 1262210 1261868 NC_004193.gbk
740 34.8 1316909 1318201 genome.dna 1261845 1260474 NC_004193.gbk
269 42.7 1320316 1319996 genome.dna 3280315 3279976 NC_004193.gbk
248 48.7 1322693 1322445 genome.dna 3108805 3108559 NC_004193.gbk
284 37.1 1329039 1329440 genome.dna 3485758 3486142 NC_004193.gbk
512 50.6 1329655 1330212 genome.dna 2052607 2052094 NC_004193.gbk
244 37.9 1332403 1332732 genome.dna 35219 35534 NC_004193.gbk
607 46.6 1332732 1333337 genome.dna 35697 36294 NC_004193.gbk
1342 38.2 1333507 1335396 genome.dna 3290712 3288834 NC_004193.gbk
701 52.1 1335658 1336302 genome.dna 151863 152511 NC_004193.gbk
693 30.6 1346334 1348487 genome.dna 1422101 1423835 NC_004193.gbk
728 38.1 1348853 1349839 genome.dna 3572877 3571905 NC_004193.gbk
1637 38.2 1356196 1353473 genome.dna 1192205 1194581 NC_004193.gbk
1714 52.7 1363499 1366138 genome.dna 7122 9636 NC_004193.gbk
1232 65.6 1381835 1382692 genome.dna 2374443 2373624 NC_004193.gbk
429 35.7 1426894 1426256 genome.dna 796246 796816 NC_004193.gbk
1180 52.0 1427931 1426894 genome.dna 795230 796250 NC_004193.gbk
707 50.2 1428285 1428911 genome.dna 3095424 3094794 NC_004193.gbk
1768 63.5 1429248 1430537 genome.dna 2340246 2338986 NC_004193.gbk
483 45.0 1433876 1433409 genome.dna 954194 954671 NC_004193.gbk
771 42.9 1434853 1435731 genome.dna 1753140 1754028 NC_004193.gbk
684 44.5 1436929 1437642 genome.dna 789965 790679 NC_004193.gbk
1464 58.2 1458435 1457257 genome.dna 2700851 2699666 NC_004193.gbk
873 61.5 1459094 1458447 genome.dna 2701530 2700867 NC_004193.gbk
866 61.4 1459750 1459094 genome.dna 2702196 2701548 NC_004193.gbk
824 54.4 1467907 1467197 genome.dna 3529098 3529794 NC_004193.gbk
298 71.4 1468125 1468334 genome.dna 606230 606428 NC_004193.gbk
231 35.7 1468782 1468399 genome.dna 2789062 2788672 NC_004193.gbk
945 50.3 1470427 1469462 genome.dna 1326506 1327451 NC_004193.gbk
267 38.1 1478243 1477926 genome.dna 2011720 2011363 NC_004193.gbk
312 33.7 1479078 1478437 genome.dna 2012849 2012273 NC_004193.gbk
1836 42.2 1483266 1480684 genome.dna 2359436 2357021 NC_004193.gbk
253 34.4 1490971 1490492 genome.dna 1981279 1980814 NC_004193.gbk
874 49.0 1492026 1490968 genome.dna 1984428 1983495 NC_004193.gbk
1278 46.1 1493774 1492350 genome.dna 1667701 1669261 NC_004193.gbk
558 30.1 1501778 1500630 genome.dna 2996874 2995698 NC_004193.gbk
626 38.5 1502595 1501795 genome.dna 639809 639056 NC_004193.gbk
269 34.6 1506798 1506349 genome.dna 1881054 1880598 NC_004193.gbk
556 42.0 1531148 1531804 genome.dna 2749783 2749069 NC_004193.gbk
693 38.7 1531798 1532742 genome.dna 2748283 2747332 NC_004193.gbk
752 45.5 1532732 1533469 genome.dna 2749049 2748275 NC_004193.gbk
511 41.6 1533499 1534146 genome.dna 2594039 2593439 NC_004193.gbk
659 31.8 1536355 1535069 genome.dna 2313232 2312125 NC_004193.gbk
1734 38.8 1540513 1543320 genome.dna 1136658 1139520 NC_004193.gbk
964 43.2 1543336 1544562 genome.dna 1139506 1140775 NC_004193.gbk
1412 54.7 1544898 1546064 genome.dna 1585508 1586669 NC_004193.gbk
1266 64.2 1546064 1546936 genome.dna 1586714 1587617 NC_004193.gbk
829 42.5 1561588 1560626 genome.dna 1442196 1441293 NC_004193.gbk
788 40.4 1580800 1579820 genome.dna 3612963 3611979 NC_004193.gbk
628 34.0 1598229 1599338 genome.dna 210182 211241 NC_004193.gbk
705 50.0 1599518 1600159 genome.dna 2027763 2027130 NC_004193.gbk
677 39.4 1635671 1634820 genome.dna 1179884 1179035 NC_004193.gbk
1138 56.7 1637078 1636206 genome.dna 2476316 2475383 NC_004193.gbk
2159 69.2 1638449 1639855 genome.dna 200367 201774 NC_004193.gbk
1603 49.5 1652381 1653892 genome.dna 870713 872174 NC_004193.gbk
619 37.2 1778827 1779630 genome.dna 2368826 2369624 NC_004193.gbk
795 39.0 1796099 1797505 genome.dna 2330385 2329188 NC_004193.gbk
383 41.0 1851097 1851453 genome.dna 1300174 1299817 NC_004193.gbk
1651 57.5 1862075 1860786 genome.dna 2478315 2477016 NC_004193.gbk
192 36.5 1862440 1862120 genome.dna 350823 351126 NC_004193.gbk
1051 33.0 1937404 1939404 genome.dna 2599952 2597915 NC_004193.gbk
325 32.4 1939436 1939933 genome.dna 1617801 1618278 NC_004193.gbk
386 32.3 1942291 1943163 genome.dna 1824387 1823601 NC_004193.gbk
888 38.9 1943163 1944215 genome.dna 1616721 1617780 NC_004193.gbk
256 35.3 1944254 1944643 genome.dna 1608859 1609222 NC_004193.gbk
847 40.3 1945543 1946694 genome.dna 1611625 1612705 NC_004193.gbk
1688 40.9 1946687 1948771 genome.dna 1612724 1614758 NC_004193.gbk
297 41.1 1951419 1951823 genome.dna 1596271 1596727 NC_004193.gbk
234 40.4 1962586 1962317 genome.dna 1610571 1610841 NC_004193.gbk
1300 45.9 1968985 1967612 genome.dna 1600467 1601787 NC_004193.gbk
658 33.7 1970689 1969697 genome.dna 1598724 1599738 NC_004193.gbk
207 32.3 1974025 1973615 genome.dna 2559621 2559219 NC_004193.gbk
483 39.2 1975728 1976600 genome.dna 2796967 2795950 NC_004193.gbk
441 34.8 1986118 1986840 genome.dna 1619436 1620213 NC_004193.gbk
1268 39.8 1993342 1994814 genome.dna 2955187 2953663 NC_004193.gbk
336 37.4 2009604 2010017 genome.dna 1731512 1731929 NC_004193.gbk
190 37.6 2010635 2010913 genome.dna 3390781 3390460 NC_004193.gbk
618 41.7 2028974 2027880 genome.dna 32257 33289 NC_004193.gbk
715 37.6 2041077 2042123 genome.dna 1566491 1567490 NC_004193.gbk
922 45.3 2042130 2043083 genome.dna 1253167 1254106 NC_004193.gbk
812 42.5 2043101 2044030 genome.dna 1567492 1568431 NC_004193.gbk
795 51.4 2044045 2044779 genome.dna 1568431 1569172 NC_004193.gbk
269 57.3 2044934 2045170 genome.dna 1569285 1569519 NC_004193.gbk
1423 50.1 2045253 2046494 genome.dna 1254136 1255375 NC_004193.gbk
389 30.8 2047434 2048453 genome.dna 2029601 2028482 NC_004193.gbk
392 37.1 2048443 2049102 genome.dna 38893 39571 NC_004193.gbk
606 37.2 2050132 2050929 genome.dna 47566 48337 NC_004193.gbk
2118 35.8 2070405 2066956 genome.dna 60558 64080 NC_004193.gbk
606 42.0 2071740 2072447 genome.dna 377963 378647 NC_004193.gbk
374 32.0 2074702 2075532 genome.dna 3290866 3291577 NC_004193.gbk
377 40.7 2079241 2079792 genome.dna 600068 599591 NC_004193.gbk
423 34.0 2097009 2097755 genome.dna 640433 641180 NC_004193.gbk
1795 44.6 2099496 2097796 genome.dna 2612849 2611190 NC_004193.gbk
1062 39.5 2112831 2114330 genome.dna 2429895 2428497 NC_004193.gbk
881 52.2 2114428 2115174 genome.dna 2433684 2432898 NC_004193.gbk
1349 46.7 2116495 2117718 genome.dna 2431572 2430348 NC_004193.gbk
1461 51.1 2121733 2120321 genome.dna 2207400 2205639 NC_004193.gbk
826 43.0 2158261 2157266 genome.dna 873583 874519 NC_004193.gbk
444 33.8 2175615 2174920 genome.dna 397146 397848 NC_004193.gbk
1729 51.6 2177036 2175615 genome.dna 395723 397160 NC_004193.gbk
798 44.9 2177765 2177046 genome.dna 394992 395727 NC_004193.gbk
997 35.4 2181270 2179897 genome.dna 1144158 1142814 NC_004193.gbk
383 34.0 2181519 2182154 genome.dna 3348022 3347395 NC_004193.gbk
1405 50.2 2192856 2194133 genome.dna 2256084 2254797 NC_004193.gbk
713 31.9 2196576 2197859 genome.dna 24171 25398 NC_004193.gbk
1904 55.0 2198282 2200954 genome.dna 1721634 1724346 NC_004193.gbk
536 44.5 2216576 2217319 genome.dna 1536001 1536697 NC_004193.gbk
932 59.7 2218378 2219073 genome.dna 2878652 2877956 NC_004193.gbk
1211 55.6 2222606 2221689 genome.dna 2703611 2702696 NC_004193.gbk
752 46.2 2239913 2239125 genome.dna 244018 243241 NC_004193.gbk
375 30.1 2250678 2251343 genome.dna 986904 987576 NC_004193.gbk
482 46.0 2258625 2258122 genome.dna 2228840 2228345 NC_004193.gbk
431 34.1 2306210 2305560 genome.dna 2902595 2901962 NC_004193.gbk
720 38.4 2322430 2321456 genome.dna 2680008 2678991 NC_004193.gbk
122 38.0 2324296 2324544 genome.dna 2801155 2801407 NC_004193.gbk
893 34.7 2336995 2338260 genome.dna 1308458 1307153 NC_004193.gbk
794 57.4 2351826 2352485 genome.dna 2133198 2132532 NC_004193.gbk
1257 48.8 2352527 2353639 genome.dna 2782721 2783831 NC_004193.gbk
1114 49.7 2439405 2440412 genome.dna 3536586 3537678 NC_004193.gbk
896 37.0 2460964 2459636 genome.dna 2855827 2854456 NC_004193.gbk
871 36.7 2463282 2462086 genome.dna 2644428 2643222 NC_004193.gbk
546 31.5 2463567 2464547 genome.dna 429833 428831 NC_004193.gbk
1358 56.6 2487322 2486231 genome.dna 3615538 3614437 NC_004193.gbk
476 40.0 2488039 2487452 genome.dna 59593 60157 NC_004193.gbk
1061 50.8 2489732 2488785 genome.dna 57650 58604 NC_004193.gbk
379 34.1 2490742 2489870 genome.dna 53740 54583 NC_004193.gbk
925 36.7 2491599 2492855 genome.dna 2098383 2097009 NC_004193.gbk
1188 50.7 2492889 2493971 genome.dna 3107511 3106440 NC_004193.gbk
400 34.9 2493971 2494816 genome.dna 3106436 3105572 NC_004193.gbk
1914 63.0 2508508 2509803 genome.dna 2114693 2113412 NC_004193.gbk
704 32.5 2559536 2560804 genome.dna 2597138 2595920 NC_004193.gbk
1818 60.2 2563367 2561970 genome.dna 1183892 1185278 NC_004193.gbk
617 31.4 2571743 2570592 genome.dna 3508040 3507023 NC_004193.gbk
1635 50.8 2578455 2579960 genome.dna 2877979 2876494 NC_004193.gbk
542 46.4 2585970 2586605 genome.dna 1797035 1796384 NC_004193.gbk
723 39.4 2593132 2590532 genome.dna 1588747 1590826 NC_004193.gbk
441 35.8 2597527 2596643 genome.dna 1860591 1859856 NC_004193.gbk
671 35.9 2605113 2606180 genome.dna 558112 557089 NC_004193.gbk
1419 55.4 2607572 2608762 genome.dna 555692 554492 NC_004193.gbk
498 36.2 2608762 2609568 genome.dna 554493 553704 NC_004193.gbk
1128 53.4 2627092 2626058 genome.dna 2510560 2509537 NC_004193.gbk
1093 53.4 2628084 2627089 genome.dna 3078720 3077712 NC_004193.gbk
850 41.9 2629004 2628096 genome.dna 3079683 3078729 NC_004193.gbk
850 40.3 2629936 2629016 genome.dna 3080618 3079679 NC_004193.gbk
899 33.3 2631627 2629990 genome.dna 3077695 3076033 NC_004193.gbk
814 45.6 2639766 2638855 genome.dna 3031026 3030141 NC_004193.gbk
722 39.4 2642732 2643580 genome.dna 2765867 2764964 NC_004193.gbk
652 33.0 2648577 2646652 genome.dna 2650153 2647990 NC_004193.gbk
1209 55.4 2654735 2655739 genome.dna 2494552 2493544 NC_004193.gbk
928 32.1 2658991 2660925 genome.dna 2722596 2720700 NC_004193.gbk
211 37.2 2666335 2666628 genome.dna 3553968 3553686 NC_004193.gbk
606 30.8 2670474 2672015 genome.dna 2715219 2713806 NC_004193.gbk
764 46.8 2679167 2679979 genome.dna 2076307 2075512 NC_004193.gbk
1317 39.6 2683421 2681736 genome.dna 2156882 2155166 NC_004193.gbk
317 31.8 2685383 2684682 genome.dna 681292 682000 NC_004193.gbk
765 39.1 2697304 2698272 genome.dna 3510985 3510016 NC_004193.gbk
853 50.2 2698450 2699247 genome.dna 3509986 3509173 NC_004193.gbk
846 49.8 2699262 2700104 genome.dna 3509157 3508242 NC_004193.gbk
313 32.2 2701066 2701629 genome.dna 3102669 3102120 NC_004193.gbk
708 42.7 2704954 2705844 genome.dna 458569 459334 NC_004193.gbk
918 47.7 2711183 2712019 genome.dna 2893688 2892854 NC_004193.gbk
855 52.8 2712101 2712862 genome.dna 2894468 2893712 NC_004193.gbk
708 36.8 2714816 2715706 genome.dna 3561593 3560621 NC_004193.gbk
1377 48.5 2722186 2723580 genome.dna 2784119 2785514 NC_004193.gbk
1097 60.7 2724246 2725070 genome.dna 410868 411696 NC_004193.gbk
2151 54.7 2726216 2727934 genome.dna 3580428 3578709 NC_004193.gbk
1237 35.6 2731236 2728849 genome.dna 2167096 2164660 NC_004193.gbk
833 49.8 2732234 2731251 genome.dna 2168158 2167123 NC_004193.gbk
471 59.8 2732903 2732547 genome.dna 2182395 2182038 NC_004193.gbk
204 50.8 2733144 2732947 genome.dna 2182630 2182435 NC_004193.gbk
582 51.9 2733782 2733240 genome.dna 2183170 2182663 NC_004193.gbk
1787 40.9 2735713 2733785 genome.dna 2187353 2185412 NC_004193.gbk
528 38.6 2738767 2737976 genome.dna 2899682 2900456 NC_004193.gbk
1148 64.2 2755752 2754499 genome.dna 2202319 2201050 NC_004193.gbk
1348 54.9 2757088 2758194 genome.dna 2039787 2038671 NC_004193.gbk
1369 51.2 2765355 2764123 genome.dna 564879 563649 NC_004193.gbk
976 46.9 2765687 2766838 genome.dna 3284743 3285856 NC_004193.gbk
560 36.4 2766822 2767682 genome.dna 3285845 3286649 NC_004193.gbk
601 39.0 2767679 2768455 genome.dna 3286650 3287454 NC_004193.gbk
823 36.3 2768546 2769589 genome.dna 3287450 3288527 NC_004193.gbk
550 54.7 2777056 2776550 genome.dna 2236378 2236861 NC_004193.gbk
1181 39.1 2794931 2793456 genome.dna 3041746 3043222 NC_004193.gbk
423 31.7 2795320 2796189 genome.dna 641552 642401 NC_004193.gbk
1337 59.5 2809298 2808294 genome.dna 2065698 2064693 NC_004193.gbk
412 36.9 2809923 2809306 genome.dna 2066320 2065714 NC_004193.gbk
767 48.8 2811487 2810744 genome.dna 2067307 2066575 NC_004193.gbk
1992 50.8 2813755 2811956 genome.dna 2045832 2044056 NC_004193.gbk
772 36.8 2864092 2865492 genome.dna 1799099 1797806 NC_004193.gbk
423 34.5 2869134 2868487 genome.dna 1944101 1943477 NC_004193.gbk
1147 33.6 2887241 2885457 genome.dna 1446083 1447832 NC_004193.gbk
698 61.8 2890358 2889900 genome.dna 2630497 2630026 NC_004193.gbk
907 51.8 2891958 2891200 genome.dna 574186 574963 NC_004193.gbk
765 39.7 2892962 2891955 genome.dna 573233 574190 NC_004193.gbk
956 47.7 2893911 2892949 genome.dna 572290 573247 NC_004193.gbk
602 36.6 2894873 2893923 genome.dna 575176 576205 NC_004193.gbk
496 37.2 2906057 2905173 genome.dna 2501043 2500137 NC_004193.gbk
942 30.8 2907965 2909560 genome.dna 3389863 3388276 NC_004193.gbk
436 33.2 2909647 2910348 genome.dna 3388280 3387611 NC_004193.gbk
966 38.6 2917289 2918617 genome.dna 583966 582682 NC_004193.gbk
468 39.7 2920770 2921360 genome.dna 582093 581487 NC_004193.gbk
513 32.6 2921367 2922104 genome.dna 581491 580768 NC_004193.gbk
746 48.0 2922086 2922862 genome.dna 580779 580014 NC_004193.gbk
504 41.2 2922856 2923488 genome.dna 580018 579370 NC_004193.gbk
501 41.1 2926492 2925815 genome.dna 1838040 1837347 NC_004193.gbk
1424 51.6 2975613 2974318 genome.dna 15502 16777 NC_004193.gbk
910 38.3 2977060 2975717 genome.dna 2041604 2042882 NC_004193.gbk
745 39.3 2982496 2983455 genome.dna 2526845 2525897 NC_004193.gbk
1065 31.4 2983684 2985450 genome.dna 1086645 1088367 NC_004193.gbk
908 30.8 2985450 2987189 genome.dna 1088366 1090088 NC_004193.gbk
349 69.4 2988043 2988261 genome.dna 153102 153321 NC_004193.gbk
557 38.1 3016080 3015361 genome.dna 1431670 1430920 NC_004193.gbk
675 54.2 3019705 3020373 genome.dna 1990931 1990265 NC_004193.gbk
559 34.1 3022380 3021175 genome.dna 1874750 1873583 NC_004193.gbk
1130 51.9 3024334 3023318 genome.dna 2134210 2133184 NC_004193.gbk
790 46.9 3025261 3024416 genome.dna 2132512 2131687 NC_004193.gbk
96 30.2 3040751 3040365 genome.dna 2259917 2259446 NC_004193.gbk
893 38.5 3050037 3051158 genome.dna 2882908 2881783 NC_004193.gbk
778 42.6 3054591 3053503 genome.dna 3466291 3465157 NC_004193.gbk
494 32.3 3058890 3057901 genome.dna 2899369 2898379 NC_004193.gbk
497 33.2 3064304 3063432 genome.dna 3543300 3544176 NC_004193.gbk
535 31.2 3064423 3065496 genome.dna 3543186 3542163 NC_004193.gbk
452 31.3 3065575 3066420 genome.dna 1965580 1964686 NC_004193.gbk
1290 41.1 3068393 3066702 genome.dna 891000 889119 NC_004193.gbk
724 30.2 3083683 3082493 genome.dna 20452 21691 NC_004193.gbk
501 38.0 3084419 3083724 genome.dna 2344760 2344046 NC_004193.gbk
114 31.7 3102175 3101846 genome.dna 552303 552690 NC_004193.gbk
281 33.0 3108374 3107820 genome.dna 1291138 1291648 NC_004193.gbk
683 45.9 3109585 3110331 genome.dna 1047532 1048351 NC_004193.gbk
703 51.4 3110358 3111017 genome.dna 1048450 1049125 NC_004193.gbk
1076 58.9 3148240 3147401 genome.dna 477462 476628 NC_004193.gbk
794 39.6 3149284 3148253 genome.dna 479824 480847 NC_004193.gbk
787 36.9 3150266 3149277 genome.dna 478814 479828 NC_004193.gbk
2531 57.5 3161386 3159374 genome.dna 2546335 2544352 NC_004193.gbk
485 41.0 3169188 3169883 genome.dna 3265411 3264721 NC_004193.gbk
946 48.9 3173816 3172911 genome.dna 3184750 3185653 NC_004193.gbk
307 35.3 3228583 3228035 genome.dna 1661301 1661880 NC_004193.gbk
792 37.5 3230474 3228642 genome.dna 2151037 2149246 NC_004193.gbk
1189 48.0 3265816 3266967 genome.dna 3455049 3456171 NC_004193.gbk
1399 46.5 3306810 3308309 genome.dna 388241 386789 NC_004193.gbk
828 42.7 3312061 3311105 genome.dna 3185669 3186626 NC_004193.gbk
1447 58.9 3314908 3313691 genome.dna 3297277 3298477 NC_004193.gbk
1690 46.1 3364676 3363084 genome.dna 3167090 3168713 NC_004193.gbk
1091 46.1 3395711 3396913 genome.dna 2227027 2225833 NC_004193.gbk
837 48.4 3399252 3400112 genome.dna 444443 445247 NC_004193.gbk
172 31.0 3401548 3400997 genome.dna 2139720 2139210 NC_004193.gbk
602 35.4 3402984 3403889 genome.dna 945109 944209 NC_004193.gbk
655 39.8 3409858 3408341 genome.dna 793798 795205 NC_004193.gbk
738 42.8 3413548 3412631 genome.dna 2210452 2209591 NC_004193.gbk
516 37.8 3415469 3414618 genome.dna 158839 159601 NC_004193.gbk
541 33.3 3416479 3415469 genome.dna 1647984 1649037 NC_004193.gbk
214 37.6 3427528 3426443 genome.dna 1823504 1822334 NC_004193.gbk
1708 52.5 3443783 3442200 genome.dna 992339 993848 NC_004193.gbk
938 35.5 3477877 3476636 genome.dna 2325733 2324554 NC_004193.gbk
548 34.4 3479267 3480127 genome.dna 1130829 1129962 NC_004193.gbk
548 33.3 3511745 3510762 genome.dna 2474384 2473418 NC_004193.gbk
580 32.5 3514279 3513113 genome.dna 3030133 3028810 NC_004193.gbk
866 46.1 3516455 3517318 genome.dna 1914923 1914065 NC_004193.gbk
1255 44.8 3519048 3517663 genome.dna 119736 121143 NC_004193.gbk
581 54.6 3521609 3522118 genome.dna 787046 787538 NC_004193.gbk
543 31.4 3522115 3523185 genome.dna 787524 788658 NC_004193.gbk
958 54.7 3527868 3527053 genome.dna 3266974 3266143 NC_004193.gbk
363 43.4 3537011 3536586 genome.dna 3596704 3597127 NC_004193.gbk
415 45.8 3537641 3537204 genome.dna 3596582 3596147 NC_004193.gbk
550 32.5 3542091 3543101 genome.dna 2636314 2635330 NC_004193.gbk
816 34.2 3546973 3548205 genome.dna 2618137 2616859 NC_004193.gbk
1484 50.5 3548305 3549609 genome.dna 2616360 2615037 NC_004193.gbk
999 49.5 3549622 3550470 genome.dna 2615038 2614198 NC_004193.gbk
1108 43.3 3557692 3558888 genome.dna 1141161 1142361 NC_004193.gbk
533 35.3 3575248 3576147 genome.dna 819416 820334 NC_004193.gbk
647 41.9 3577570 3576767 genome.dna 503672 502877 NC_004193.gbk
567 39.3 3578361 3577567 genome.dna 678730 677947 NC_004193.gbk
1855 52.7 3590632 3589055 genome.dna 760793 762329 NC_004193.gbk
1765 55.3 3592205 3590739 genome.dna 12071 13541 NC_004193.gbk
1123 40.0 3592378 3593766 genome.dna 1914076 1912708 NC_004193.gbk
627 38.0 3599984 3598497 genome.dna 1834083 1832772 NC_004193.gbk
1103 39.3 3603229 3601955 genome.dna 2047114 2045824 NC_004193.gbk
707 34.1 3607701 3606505 genome.dna 3222192 3221124 NC_004193.gbk
433 45.6 3608433 3608005 genome.dna 1824934 1824487 NC_004193.gbk
830 33.7 3610387 3611748 genome.dna 2316064 2317375 NC_004193.gbk
479 32.4 3611852 3612721 genome.dna 564993 565839 NC_004193.gbk
899 40.3 3621177 3619963 genome.dna 2040941 2039801 NC_004193.gbk
265 35.3 3621953 3621459 genome.dna 2041471 2041051 NC_004193.gbk
510 33.7 3622920 3623723 genome.dna 1464951 1465758 NC_004193.gbk
1588 58.6 3635387 3634134 genome.dna 3096953 3095717 NC_004193.gbk
1023 40.5 3635748 3636938 genome.dna 325578 324357 NC_004193.gbk
451 44.1 3651787 3651263 genome.dna 30225 30726 NC_004193.gbk
965 53.6 3653449 3652523 genome.dna 642515 643400 NC_004193.gbk
227 35.7 3680225 3679845 genome.dna 648006 648366 NC_004193.gbk
798 39.1 3682691 3681786 genome.dna 1980102 1979199 NC_004193.gbk
448 36.1 3683368 3682688 genome.dna 1569825 1570512 NC_004193.gbk
2284 53.7 3686442 3684643 genome.dna 2002083 2000274 NC_004193.gbk
342 34.6 3689432 3688857 genome.dna 250168 250732 NC_004193.gbk
865 56.8 3694571 3695257 genome.dna 2163784 2164474 NC_004193.gbk
824 35.1 3698228 3696813 genome.dna 116985 118455 NC_004193.gbk
480 32.4 3708260 3707103 genome.dna 2861783 2862917 NC_004193.gbk
718 43.7 3711890 3712588 genome.dna 2025619 2024929 NC_004193.gbk
258 38.1 3714535 3714188 genome.dna 2406870 2406513 NC_004193.gbk
1544 53.1 3714803 3716083 genome.dna 2093474 2092187 NC_004193.gbk
334 37.4 3732230 3732727 genome.dna 88662 89175 NC_004193.gbk
612 43.1 3732844 3733638 genome.dna 3410758 3411571 NC_004193.gbk
705 42.8 3733793 3734647 genome.dna 3411567 3412419 NC_004193.gbk
321 43.4 3734665 3735045 genome.dna 1804281 1803897 NC_004193.gbk
506 32.7 3736813 3735875 genome.dna 1113341 1114274 NC_004193.gbk
547 47.4 3738313 3737777 genome.dna 78878 79433 NC_004193.gbk
1262 48.6 3762599 3760023 genome.dna 111691 114121 NC_004193.gbk
662 41.4 3764478 3763501 genome.dna 1526090 1527002 NC_004193.gbk
421 34.2 3770090 3770806 genome.dna 1681913 1681172 NC_004193.gbk
427 59.3 3773009 3772662 genome.dna 1580337 1580682 NC_004193.gbk
764 47.6 3773827 3773072 genome.dna 1579271 1580009 NC_004193.gbk
276 31.1 3774414 3773866 genome.dna 1578759 1579272 NC_004193.gbk
216 43.4 3774681 3774433 genome.dna 1577680 1577953 NC_004193.gbk
1537 51.7 3776200 3774839 genome.dna 1576132 1577479 NC_004193.gbk
364 40.0 3777786 3777271 genome.dna 1160575 1161037 NC_004193.gbk
2107 44.5 3784972 3782345 genome.dna 2033857 2031217 NC_004193.gbk
1387 60.9 3786717 3785644 genome.dna 1663301 1664345 NC_004193.gbk
1212 45.9 3882715 3881462 genome.dna 1095416 1096664 NC_004193.gbk
652 33.8 3883829 3882726 genome.dna 1094301 1095420 NC_004193.gbk
649 32.2 3889382 3888324 genome.dna 1889408 1888148 NC_004193.gbk
409 34.0 3909216 3909983 genome.dna 3240349 3239563 NC_004193.gbk
835 36.7 3911288 3910026 genome.dna 3580643 3581885 NC_004193.gbk
851 32.8 3917101 3918687 genome.dna 3404732 3403118 NC_004193.gbk
637 31.8 3918901 3920391 genome.dna 816299 817766 NC_004193.gbk
1293 51.0 3921930 3923132 genome.dna 3595029 3593829 NC_004193.gbk
201 31.8 3952181 3951618 genome.dna 1318402 1318939 NC_004193.gbk
1070 50.0 3952362 3953393 genome.dna 3464300 3463262 NC_004193.gbk
625 35.8 3954101 3954916 genome.dna 3465161 3464339 NC_004193.gbk
1049 63.7 3966155 3966877 genome.dna 1049124 1049847 NC_004193.gbk
689 53.6 3967961 3967344 genome.dna 1705038 1705638 NC_004193.gbk
340 30.6 3972869 3972135 genome.dna 1694571 1695294 NC_004193.gbk
1946 50.4 3974615 3972882 genome.dna 1697284 1699015 NC_004193.gbk
1457 36.8 3976444 3974615 genome.dna 1695413 1697255 NC_004193.gbk
200 31.7 3984884 3985300 genome.dna 2885633 2885189 NC_004193.gbk
718 39.8 3994559 3995977 genome.dna 1886683 1888063 NC_004193.gbk
518 37.3 3996022 3996702 genome.dna 3486901 3487588 NC_004193.gbk
1729 64.5 4001743 4000448 genome.dna 2489834 2488544 NC_004193.gbk
1963 56.2 4003479 4001842 genome.dna 3117160 3115552 NC_004193.gbk
1798 38.6 4007080 4004843 genome.dna 2051751 2049546 NC_004193.gbk
1262 50.9 4012636 4011491 genome.dna 2864339 2865473 NC_004193.gbk
610 35.8 4013697 4012813 genome.dna 607830 606933 NC_004193.gbk
2177 71.1 4015967 4014627 genome.dna 2919964 2918599 NC_004193.gbk
1931 45.9 4027241 4025196 genome.dna 810516 812520 NC_004193.gbk
458 30.5 4036522 4035704 genome.dna 1250640 1249812 NC_004193.gbk
396 40.4 4037132 4037767 genome.dna 1728747 1728165 NC_004193.gbk
217 32.0 4059979 4059527 genome.dna 3599364 3598917 NC_004193.gbk
281 61.5 4060248 4060021 genome.dna 3613393 3613162 NC_004193.gbk
454 31.4 4061905 4061153 genome.dna 1246813 1247578 NC_004193.gbk
601 42.0 4068636 4067902 genome.dna 121548 122295 NC_004193.gbk
1745 38.3 4071195 4068739 genome.dna 2483390 2481155 NC_004193.gbk
358 37.2 4071662 4071237 genome.dna 325710 326154 NC_004193.gbk
503 33.7 4077711 4078532 genome.dna 17533 18346 NC_004193.gbk
489 42.2 4079441 4080034 genome.dna 2140336 2139742 NC_004193.gbk
620 30.1 4080027 4081166 genome.dna 2000189 1999013 NC_004193.gbk
279 46.2 4094786 4094469 genome.dna 2831467 2831773 NC_004193.gbk
2306 65.6 4096252 4094816 genome.dna 834758 836198 NC_004193.gbk
907 34.5 4097614 4096277 genome.dna 2317387 2318680 NC_004193.gbk
1278 45.7 4114440 4115846 genome.dna 3598747 3597382 NC_004193.gbk
3730 58.7 4139901 4137067 genome.dna 2544345 2541468 NC_004193.gbk
268 34.4 4140147 4140710 genome.dna 3613943 3613457 NC_004193.gbk
750 30.2 4181249 4182667 genome.dna 2757993 2759388 NC_004193.gbk
485 30.2 4197767 4198645 genome.dna 457626 458568 NC_004193.gbk
942 48.2 4200650 4199670 genome.dna 1056961 1057960 NC_004193.gbk
657 30.6 4201971 4200643 genome.dna 1055673 1056969 NC_004193.gbk
353 39.0 4215531 4215974 genome.dna 3554413 3553960 NC_004193.gbk
976 36.6 4216300 4217559 genome.dna 3553660 3552385 NC_004193.gbk
487 36.7 4217612 4218277 genome.dna 3113858 3113216 NC_004193.gbk
1247 44.3 4231793 4230366 genome.dna 1458595 1460002 NC_004193.gbk
559 31.7 4250428 4249388 genome.dna 1356640 1355656 NC_004193.gbk
369 33.9 4250722 4251348 genome.dna 2193996 2193396 NC_004193.gbk
961 50.4 4255592 4252890 genome.dna 2557338 2554821 NC_004193.gbk
1152 48.7 4258960 4257809 genome.dna 1513777 1514953 NC_004193.gbk
692 31.4 4260285 4259029 genome.dna 1512421 1513708 NC_004193.gbk
530 31.7 4262088 4261168 genome.dna 1350502 1351603 NC_004193.gbk
875 39.2 4265910 4264708 genome.dna 1510115 1511234 NC_004193.gbk
672 31.9 4267226 4265910 genome.dna 1508688 1510038 NC_004193.gbk
511 46.5 4268312 4267230 genome.dna 1507708 1508689 NC_004193.gbk
1021 38.5 4271151 4269664 genome.dna 1504801 1506283 NC_004193.gbk
629 31.9 4272901 4271138 genome.dna 1502731 1504663 NC_004193.gbk
704 39.1 4274186 4273242 genome.dna 1499027 1500017 NC_004193.gbk
306 35.5 4274647 4274189 genome.dna 1498566 1498998 NC_004193.gbk
355 33.5 4277861 4277370 genome.dna 2686340 2685815 NC_004193.gbk
1699 45.6 4279582 4277864 genome.dna 2688058 2686336 NC_004193.gbk
1363 45.4 4282166 4283764 genome.dna 2684740 2683192 NC_004193.gbk
1180 53.3 4283764 4284855 genome.dna 2683176 2682075 NC_004193.gbk
1823 58.5 4284858 4286258 genome.dna 2682059 2680652 NC_004193.gbk
672 54.1 4286272 4286874 genome.dna 2680639 2680060 NC_004193.gbk
529 33.2 4319027 4319845 genome.dna 50455 51340 NC_004193.gbk
373 38.0 4323873 4323391 genome.dna 1780160 1779671 NC_004193.gbk
3096 45.2 4330684 4327460 genome.dna 1123515 1126743 NC_004193.gbk
444 46.7 4331847 4330699 genome.dna 1530042 1531143 NC_004193.gbk
257 30.0 4335368 4334856 genome.dna 1525620 1526094 NC_004193.gbk
2565 42.5 4338181 4335368 genome.dna 1522526 1525283 NC_004193.gbk
227 43.0 4339580 4339843 genome.dna 2005104 2005365 NC_004193.gbk
1275 49.7 4343498 4342359 genome.dna 1995215 1994087 NC_004193.gbk
1955 54.1 4345514 4343607 genome.dna 1997202 1995363 NC_004193.gbk
330 31.9 4354760 4353831 genome.dna 492995 492110 NC_004193.gbk
1159 34.2 4365488 4367155 genome.dna 905692 907576 NC_004193.gbk
501 42.7 4373604 4372945 genome.dna 2671922 2671247 NC_004193.gbk
854 45.7 4379941 4378778 genome.dna 2493360 2492178 NC_004193.gbk
2197 50.4 4383337 4381343 genome.dna 1712668 1714669 NC_004193.gbk
1164 61.7 4388480 4389631 genome.dna 2365229 2364032 NC_004193.gbk
168 32.3 4391555 4392289 genome.dna 1993071 1992303 NC_004193.gbk
1336 46.4 4398393 4397095 genome.dna 3591690 3590400 NC_004193.gbk
900 42.9 4402445 4401165 genome.dna 1689627 1690869 NC_004193.gbk
610 35.5 4403893 4402952 genome.dna 1675859 1676801 NC_004193.gbk
771 30.9 4405841 4403886 genome.dna 1673424 1675317 NC_004193.gbk
234 35.9 4408042 4407560 genome.dna 680832 681282 NC_004193.gbk
400 30.4 4409618 4408062 genome.dna 648426 649956 NC_004193.gbk
597 33.9 4409761 4410900 genome.dna 1133147 1134284 NC_004193.gbk
1259 57.7 4422828 4421779 genome.dna 841720 842761 NC_004193.gbk
1038 36.1 4442783 4444579 genome.dna 2147620 2145868 NC_004193.gbk
478 38.5 4448185 4447619 genome.dna 1927253 1926695 NC_004193.gbk
451 33.2 4464724 4465554 genome.dna 2246810 2247557 NC_004193.gbk
1900 66.4 4468982 4467675 genome.dna 2458436 2457149 NC_004193.gbk
1674 49.3 4470612 4469014 genome.dna 2460031 2458435 NC_004193.gbk
1085 51.2 4471827 4470898 genome.dna 465349 466261 NC_004193.gbk
428 42.9 4477982 4478530 genome.dna 2362544 2363066 NC_004193.gbk
420 33.9 4479596 4478769 genome.dna 2013997 2013166 NC_004193.gbk
759 39.3 4482986 4483933 genome.dna 1549792 1550734 NC_004193.gbk
609 30.3 4484001 4485290 genome.dna 1550735 1552082 NC_004193.gbk
414 48.5 4486815 4487225 genome.dna 1063132 1063525 NC_004193.gbk
322 47.8 4488068 4487676 genome.dna 155463 155817 NC_004193.gbk
818 42.6 4489098 4488109 genome.dna 154473 155418 NC_004193.gbk
589 47.8 4489744 4489124 genome.dna 2240955 2241558 NC_004193.gbk
573 62.0 4490164 4489775 genome.dna 153876 154266 NC_004193.gbk
459 55.2 4490537 4490181 genome.dna 153489 153855 NC_004193.gbk
175 65.8 4490800 4490684 genome.dna 153352 153466 NC_004193.gbk
1129 42.6 4492165 4490834 genome.dna 150539 151832 NC_004193.gbk
386 43.8 4492607 4492173 genome.dna 150097 150538 NC_004193.gbk
179 50.8 4492790 4492611 genome.dna 149883 150066 NC_004193.gbk
591 53.0 4493297 4492797 genome.dna 149366 149870 NC_004193.gbk
318 45.3 4493665 4493312 genome.dna 148983 149343 NC_004193.gbk
574 49.7 4494208 4493675 genome.dna 148416 148953 NC_004193.gbk
425 47.3 4494614 4494222 genome.dna 147986 148385 NC_004193.gbk
230 47.5 4494953 4494648 genome.dna 3571644 3571374 NC_004193.gbk
807 60.3 4495506 4494967 genome.dna 147202 147742 NC_004193.gbk
269 42.0 4495835 4495521 genome.dna 146864 147176 NC_004193.gbk
513 65.0 4496217 4495846 genome.dna 146461 146830 NC_004193.gbk
255 50.6 4496635 4496381 genome.dna 146154 146418 NC_004193.gbk
177 45.0 4496826 4496635 genome.dna 145928 146129 NC_004193.gbk
558 59.7 4497236 4496826 genome.dna 145504 145939 NC_004193.gbk
843 61.1 4497950 4497249 genome.dna 144844 145486 NC_004193.gbk
364 53.6 4498300 4497968 genome.dna 144499 144841 NC_004193.gbk
427 65.6 4498593 4498315 genome.dna 144202 144481 NC_004193.gbk
1113 59.8 4499431 4498610 genome.dna 143313 144144 NC_004193.gbk
182 42.9 4499751 4499449 genome.dna 142994 143282 NC_004193.gbk
505 42.4 4500353 4499748 genome.dna 142371 142995 NC_004193.gbk
661 51.0 4500993 4500364 genome.dna 141715 142345 NC_004193.gbk
456 64.7 4501337 4501026 genome.dna 141378 141687 NC_004193.gbk
2478 61.1 4505956 4503842 genome.dna 137540 139619 NC_004193.gbk
633 57.7 4506523 4506053 genome.dna 137031 137502 NC_004193.gbk
517 68.4 4506994 4506620 genome.dna 136579 136993 NC_004193.gbk
479 37.2 4514856 4514044 genome.dna 1519408 1520080 NC_004193.gbk
266 38.8 4528763 4528356 genome.dna 2870053 2870473 NC_004193.gbk
906 36.7 4531124 4529898 genome.dna 1121248 1122448 NC_004193.gbk
691 55.0 4531820 4531245 genome.dna 741128 741743 NC_004193.gbk
333 38.8 4539402 4538833 genome.dna 1408573 1407964 NC_004193.gbk
837 49.6 4553293 4554057 genome.dna 589504 588733 NC_004193.gbk
1298 44.4 4555196 4556704 genome.dna 3424590 3423153 NC_004193.gbk
1156 55.5 4557783 4556779 genome.dna 1257602 1256618 NC_004193.gbk
724 51.2 4559154 4558477 genome.dna 1555884 1556541 NC_004193.gbk
709 36.6 4562421 4561336 genome.dna 1822332 1821252 NC_004193.gbk
282 30.2 4562994 4562473 genome.dna 2512189 2512741 NC_004193.gbk
1527 48.3 4575473 4577092 genome.dna 2365718 2367302 NC_004193.gbk
571 36.0 4584899 4583883 genome.dna 1161090 1162020 NC_004193.gbk
1824 43.4 4597892 4600225 genome.dna 657581 659756 NC_004193.gbk
743 41.0 4601730 4602686 genome.dna 1054649 1055645 NC_004193.gbk
676 33.7 4622349 4623851 genome.dna 2529861 2528199 NC_004193.gbk
2270 43.2 4632742 4630295 genome.dna 438122 440555 NC_004193.gbk
929 35.2 4634257 4632818 genome.dna 436674 438108 NC_004193.gbk
720 38.9 4635563 4634286 genome.dna 434386 435544 NC_004193.gbk
2125 49.4 4639754 4637577 genome.dna 432480 434394 NC_004193.gbk
1140 38.6 4647455 4646079 genome.dna 2250398 2251760 NC_004193.gbk
576 32.4 4648692 4650488 genome.dna 1340700 1342707 NC_004193.gbk
1475 40.0 4664050 4662224 genome.dna 3153024 3155172 NC_004193.gbk
769 37.6 4665855 4666784 genome.dna 3161082 3161994 NC_004193.gbk
1627 39.4 4672431 4670269 genome.dna 808279 810505 NC_004193.gbk
628 37.1 4675687 4674863 genome.dna 2407803 2406942 NC_004193.gbk
868 49.0 4680620 4681561 genome.dna 2096162 2095232 NC_004193.gbk
813 32.5 4690836 4689472 genome.dna 788654 789950 NC_004193.gbk
1446 58.0 4700495 4699365 genome.dna 2472362 2471231 NC_004193.gbk
1084 47.5 4702353 4701286 genome.dna 2475391 2474353 NC_004193.gbk
761 34.1 4703612 4702350 genome.dna 2983907 2982560 NC_004193.gbk
1514 53.6 4708658 4707399 genome.dna 3110306 3109025 NC_004193.gbk
338 49.0 4709479 4709153 genome.dna 2151554 2151239 NC_004193.gbk
1660 51.6 4719117 4720601 genome.dna 1395524 1397015 NC_004193.gbk
508 39.2 4729969 4728119 genome.dna 2690755 2689069 NC_004193.gbk
998 41.3 4766891 4765731 genome.dna 1162034 1163168 NC_004193.gbk
1388 34.2 4770998 4773196 genome.dna 1547353 1549762 NC_004193.gbk
565 49.7 4775884 4776414 genome.dna 1592675 1593221 NC_004193.gbk
948 51.1 4776424 4777755 genome.dna 1593238 1594636 NC_004193.gbk
229 37.3 4780345 4781184 genome.dna 2534599 2533768 NC_004193.gbk
2106 61.2 4781238 4782749 genome.dna 2533756 2532253 NC_004193.gbk
847 48.2 4782875 4783885 genome.dna 3111714 3110736 NC_004193.gbk
637 41.8 4786326 4787093 genome.dna 2492151 2491392 NC_004193.gbk
1065 51.9 4825789 4824827 genome.dna 2208469 2207509 NC_004193.gbk
570 41.5 4829201 4829899 genome.dna 2199698 2199002 NC_004193.gbk
367 41.1 4834867 4834403 genome.dna 1135411 1135885 NC_004193.gbk
1213 51.6 4838481 4837408 genome.dna 1186831 1185733 NC_004193.gbk
291 30.6 4846439 4847095 genome.dna 3391452 3390807 NC_004193.gbk
753 47.4 4859998 4859297 genome.dna 721725 722433 NC_004193.gbk
653 39.1 4860774 4860004 genome.dna 720968 721733 NC_004193.gbk
453 36.1 4862968 4862042 genome.dna 719103 719967 NC_004193.gbk
666 46.6 4867996 4867325 genome.dna 2552896 2552209 NC_004193.gbk
311 36.6 4869761 4870336 genome.dna 1488624 1489191 NC_004193.gbk
1552 37.9 4872230 4874593 genome.dna 310439 308303 NC_004193.gbk
173 32.4 4875073 4874828 genome.dna 2717837 2717609 NC_004193.gbk
420 30.2 4881213 4880005 genome.dna 3198111 3196920 NC_004193.gbk
1101 49.8 4927471 4926491 genome.dna 3186674 3187718 NC_004193.gbk
1033 45.6 4929420 4928401 genome.dna 2507389 2506387 NC_004193.gbk
1033 45.6 4929420 4928401 genome.dna 2507389 2506387 NC_004193.gbk
1126 35.9 4931262 4929655 genome.dna 2509541 2507879 NC_004193.gbk
950 35.8 4932696 4934039 genome.dna 3350451 3349134 NC_004193.gbk
579 42.0 4936111 4935389 genome.dna 3352562 3351848 NC_004193.gbk
1288 39.1 4937762 4936104 genome.dna 3354160 3352558 NC_004193.gbk
2129 61.6 4946843 4945446 genome.dna 2833501 2834899 NC_004193.gbk
2129 61.6 4946843 4945446 genome.dna 2833501 2834899 NC_004193.gbk
273 45.7 4948499 4948188 genome.dna 2319016 2319322 NC_004193.gbk
406 30.7 4949991 4951133 genome.dna 3200451 3199395 NC_004193.gbk
1690 62.6 4956187 4955039 genome.dna 2249208 2250357 NC_004193.gbk
1690 62.6 4956187 4955039 genome.dna 2249208 2250357 NC_004193.gbk
1690 62.6 4956187 4955039 genome.dna 2249208 2250357 NC_004193.gbk
378 32.2 4956801 4956184 genome.dna 2773974 2773341 NC_004193.gbk
378 32.2 4956801 4956184 genome.dna 2773974 2773341 NC_004193.gbk
716 35.2 4962494 4961517 genome.dna 2303625 2302656 NC_004193.gbk
349 31.1 4969043 4968228 genome.dna 1246678 1245841 NC_004193.gbk
257 42.7 4974776 4974429 genome.dna 2833176 2833488 NC_004193.gbk
1039 37.9 4976079 4974766 genome.dna 736711 737965 NC_004193.gbk
1157 44.1 4985096 4983699 genome.dna 299 1643 NC_004193.gbk
206 74.4 4985770 4985910 genome.dna 3630057 3629922 NC_004193.gbk
867 34.4 4988276 4989640 genome.dna 3627049 3625669 NC_004193.gbk
1248 43.9 5010680 5009268 genome.dna 769882 771187 NC_004193.gbk
395 31.1 5017538 5016804 genome.dna 1954941 1954284 NC_004193.gbk
415 30.5 5019301 5018414 genome.dna 3267890 3266999 NC_004193.gbk
962 38.6 5026700 5027902 genome.dna 1800298 1799113 NC_004193.gbk
1445 39.7 5049054 5047222 genome.dna 259197 261000 NC_004193.gbk
1110 39.7 5050610 5049240 genome.dna 56253 57621 NC_004193.gbk
249 32.0 5053946 5053527 genome.dna 3085279 3084883 NC_004193.gbk
2008 67.2 5055348 5053966 genome.dna 3086770 3085375 NC_004193.gbk
652 35.9 5056259 5055396 genome.dna 3087670 3086809 NC_004193.gbk
1248 56.1 5057853 5056312 genome.dna 3089273 3087761 NC_004193.gbk
280 31.2 5058884 5058414 genome.dna 3090361 3089833 NC_004193.gbk
188 47.7 5059187 5058948 genome.dna 3090705 3090498 NC_004193.gbk
329 33.2 5061686 5061066 genome.dna 3623677 3622960 NC_004193.gbk
1985 47.8 5063659 5061770 genome.dna 3625635 3623745 NC_004193.gbk
