501 50.3 1026 565 genome.dna 588487 588004 NC_004557.gbk
659 50.8 1179 2171 genome.dna 827493 828519 NC_004557.gbk
480 33.8 9676 9014 genome.dna 1606506 1605837 NC_004557.gbk
400 46.0 10521 10940 genome.dna 2491946 2491550 NC_004557.gbk
1659 51.3 10948 12453 genome.dna 2491551 2490033 NC_004557.gbk
1139 57.4 12461 13429 genome.dna 2490021 2489070 NC_004557.gbk
697 39.3 14538 15464 genome.dna 963176 964103 NC_004557.gbk
625 33.0 15468 16463 genome.dna 2488017 2487018 NC_004557.gbk
1140 34.1 25826 28615 genome.dna 2240352 2237703 NC_004557.gbk
986 37.5 33859 32447 genome.dna 2456671 2455315 NC_004557.gbk
2172 54.8 37037 38860 genome.dna 1130387 1132214 NC_004557.gbk
417 42.8 39698 40135 genome.dna 2322348 2321898 NC_004557.gbk
1152 37.3 47188 45107 genome.dna 1319118 1321170 NC_004557.gbk
502 38.9 50956 50333 genome.dna 1302744 1303371 NC_004557.gbk
669 32.8 62838 64181 genome.dna 1391584 1392850 NC_004557.gbk
1154 37.4 67552 65657 genome.dna 2118579 2116506 NC_004557.gbk
380 32.3 81805 82428 genome.dna 2312616 2311941 NC_004557.gbk
299 34.8 96727 96284 genome.dna 662957 663476 NC_004557.gbk
306 37.2 110262 109636 genome.dna 115151 115748 NC_004557.gbk
331 32.7 123485 122910 genome.dna 1868753 1868186 NC_004557.gbk
515 33.2 151546 150683 genome.dna 1301574 1302462 NC_004557.gbk
316 40.9 165569 165111 genome.dna 1296537 1296975 NC_004557.gbk
984 40.2 166824 165547 genome.dna 1303572 1304766 NC_004557.gbk
491 37.1 166978 167643 genome.dna 2206493 2205806 NC_004557.gbk
493 43.8 170854 170375 genome.dna 1321774 1322302 NC_004557.gbk
919 39.8 192775 193791 genome.dna 1203872 1204922 NC_004557.gbk
1371 48.6 219661 221034 genome.dna 581424 582741 NC_004557.gbk
1008 48.8 228573 229595 genome.dna 755227 756217 NC_004557.gbk
1160 39.0 238222 239673 genome.dna 205174 203719 NC_004557.gbk
1927 72.0 250357 251541 genome.dna 2749590 2748396 NC_004557.gbk
1927 72.0 250357 251541 genome.dna 2765531 2764337 NC_004557.gbk
483 42.3 252164 252709 genome.dna 2763643 2763121 NC_004557.gbk
602 64.8 252872 253300 genome.dna 2763046 2762620 NC_004557.gbk
757 54.2 253304 254008 genome.dna 2762568 2761878 NC_004557.gbk
337 37.3 254326 254823 genome.dna 2761689 2761170 NC_004557.gbk
2165 46.5 255584 259612 genome.dna 2760504 2756793 NC_004557.gbk
2765 49.0 259736 263959 genome.dna 2756816 2753363 NC_004557.gbk
790 51.6 269828 269043 genome.dna 1862710 1861942 NC_004557.gbk
237 30.9 271449 270808 genome.dna 1864521 1863852 NC_004557.gbk
1226 44.9 280242 278956 genome.dna 2087492 2086235 NC_004557.gbk
693 44.2 281849 280260 genome.dna 2089005 2087505 NC_004557.gbk
539 43.8 292998 292333 genome.dna 578639 579290 NC_004557.gbk
472 34.2 293855 293088 genome.dna 576910 577729 NC_004557.gbk
728 37.1 301263 300298 genome.dna 167983 168952 NC_004557.gbk
1666 55.7 306633 305290 genome.dna 92508 93849 NC_004557.gbk
291 33.8 307112 306645 genome.dna 91579 92038 NC_004557.gbk
368 40.8 307589 307137 genome.dna 1718019 1717578 NC_004557.gbk
1292 59.9 313270 314313 genome.dna 2205787 2204770 NC_004557.gbk
664 38.7 334964 334107 genome.dna 2651586 2650701 NC_004557.gbk
471 36.6 338215 337490 genome.dna 208055 208781 NC_004557.gbk
1237 46.7 345980 347242 genome.dna 124710 123444 NC_004557.gbk
582 57.0 352201 352629 genome.dna 2729028 2728593 NC_004557.gbk
557 64.6 352645 353037 genome.dna 2728563 2728170 NC_004557.gbk
995 35.9 357036 355618 genome.dna 2560320 2558895 NC_004557.gbk
732 37.2 362158 363087 genome.dna 134763 135708 NC_004557.gbk
631 41.1 372605 373492 genome.dna 192435 193281 NC_004557.gbk
572 33.7 387875 387024 genome.dna 514112 514958 NC_004557.gbk
1357 35.5 392535 394805 genome.dna 46186 43744 NC_004557.gbk
965 39.9 400586 399423 genome.dna 402594 403758 NC_004557.gbk
272 31.4 424707 424243 genome.dna 226912 227422 NC_004557.gbk
1134 31.3 426927 424789 genome.dna 224793 226908 NC_004557.gbk
429 49.2 431880 431494 genome.dna 201265 201649 NC_004557.gbk
247 31.2 432443 431979 genome.dna 2521564 2521129 NC_004557.gbk
843 48.3 433394 432459 genome.dna 2522360 2521565 NC_004557.gbk
907 42.5 460910 458055 genome.dna 2429622 2426979 NC_004557.gbk
942 36.3 463248 461737 genome.dna 1982703 1984149 NC_004557.gbk
1431 46.5 485144 483705 genome.dna 872756 874169 NC_004557.gbk
772 30.5 500272 497561 genome.dna 680659 683152 NC_004557.gbk
1160 41.8 530287 528905 genome.dna 2778688 2777290 NC_004557.gbk
1578 51.2 533382 534971 genome.dna 2592441 2590851 NC_004557.gbk
719 36.8 537938 539215 genome.dna 1503021 1501818 NC_004557.gbk
879 41.6 564264 565418 genome.dna 1811322 1810191 NC_004557.gbk
625 34.6 599597 601615 genome.dna 396523 398716 NC_004557.gbk
2008 59.7 697515 699164 genome.dna 2554049 2552417 NC_004557.gbk
394 38.1 704061 704669 genome.dna 1394721 1395324 NC_004557.gbk
1023 31.7 755031 753277 genome.dna 2141185 2139415 NC_004557.gbk
819 38.9 755628 756641 genome.dna 2573520 2572497 NC_004557.gbk
284 59.3 761939 762196 genome.dna 2190454 2190148 NC_004557.gbk
381 42.6 766454 766933 genome.dna 169857 170418 NC_004557.gbk
1999 51.5 768185 770122 genome.dna 164703 166515 NC_004557.gbk
1219 44.9 771082 772419 genome.dna 2703882 2702535 NC_004557.gbk
332 40.6 777307 777729 genome.dna 1365135 1365597 NC_004557.gbk
273 36.7 782083 782481 genome.dna 1369369 1369735 NC_004557.gbk
561 34.1 782481 783425 genome.dna 1370683 1371553 NC_004557.gbk
1965 44.6 784066 786186 genome.dna 1372994 1375112 NC_004557.gbk
1039 41.1 795852 797180 genome.dna 2120925 2119614 NC_004557.gbk
893 42.8 797270 798493 genome.dna 1501776 1500579 NC_004557.gbk
832 53.5 798538 799257 genome.dna 1500546 1499838 NC_004557.gbk
265 35.3 803045 802602 genome.dna 2583955 2584414 NC_004557.gbk
684 48.1 830229 830876 genome.dna 610380 611016 NC_004557.gbk
673 37.8 839867 840766 genome.dna 1658695 1657783 NC_004557.gbk
607 30.8 841615 843360 genome.dna 1859000 1857164 NC_004557.gbk
1581 46.9 844582 846099 genome.dna 170434 171943 NC_004557.gbk
741 34.9 854876 856231 genome.dna 2098470 2097270 NC_004557.gbk
1245 45.8 909308 910588 genome.dna 1226134 1224745 NC_004557.gbk
425 44.4 927840 927358 genome.dna 379025 379496 NC_004557.gbk
441 32.8 932060 931182 genome.dna 1701811 1700986 NC_004557.gbk
979 42.4 937176 936079 genome.dna 621415 620314 NC_004557.gbk
403 43.8 957261 956803 genome.dna 290356 290806 NC_004557.gbk
240 33.8 969365 968913 genome.dna 2543234 2542793 NC_004557.gbk
1736 48.1 995970 994243 genome.dna 1885110 1883394 NC_004557.gbk
960 53.1 997695 996727 genome.dna 1448223 1447305 NC_004557.gbk
1151 61.9 1081339 1082172 genome.dna 1905048 1904217 NC_004557.gbk
841 36.6 1125945 1124593 genome.dna 2537107 2535883 NC_004557.gbk
638 32.1 1129588 1128602 genome.dna 2022891 2023878 NC_004557.gbk
481 35.2 1134065 1134883 genome.dna 923375 922634 NC_004557.gbk
701 43.1 1154052 1153258 genome.dna 2736846 2736096 NC_004557.gbk
791 52.7 1154397 1155122 genome.dna 1351197 1351899 NC_004557.gbk
343 43.6 1155257 1156108 genome.dna 1351984 1352899 NC_004557.gbk
756 47.6 1156279 1157004 genome.dna 1353049 1353763 NC_004557.gbk
571 47.8 1157130 1157687 genome.dna 1353777 1354329 NC_004557.gbk
631 41.9 1157925 1159121 genome.dna 1357346 1358501 NC_004557.gbk
703 44.7 1159320 1160081 genome.dna 1354390 1355158 NC_004557.gbk
446 50.4 1166572 1167027 genome.dna 92072 92501 NC_004557.gbk
1743 35.7 1169670 1173152 genome.dna 2647043 2643542 NC_004557.gbk
1918 37.6 1180703 1178139 genome.dna 1402519 1399873 NC_004557.gbk
728 38.3 1203627 1202668 genome.dna 1279431 1280439 NC_004557.gbk
628 44.2 1260789 1261478 genome.dna 1195144 1195843 NC_004557.gbk
921 35.3 1265611 1266930 genome.dna 1985587 1984249 NC_004557.gbk
365 34.5 1270601 1269999 genome.dna 947820 948492 NC_004557.gbk
1010 47.3 1271755 1272822 genome.dna 2333349 2332314 NC_004557.gbk
1236 49.0 1272920 1274065 genome.dna 2332268 2331137 NC_004557.gbk
550 33.8 1276393 1277361 genome.dna 2327098 2326222 NC_004557.gbk
475 46.3 1278470 1278919 genome.dna 1194288 1194762 NC_004557.gbk
759 37.4 1278982 1280091 genome.dna 688535 689678 NC_004557.gbk
558 54.8 1280201 1280677 genome.dna 691943 692405 NC_004557.gbk
222 31.1 1280702 1281121 genome.dna 1709552 1709090 NC_004557.gbk
1700 43.1 1284598 1282733 genome.dna 1704522 1702659 NC_004557.gbk
573 35.8 1285528 1284617 genome.dna 1706705 1705838 NC_004557.gbk
938 69.2 1301367 1301990 genome.dna 2514284 2513675 NC_004557.gbk
1717 61.6 1302154 1303428 genome.dna 2513655 2512359 NC_004557.gbk
2536 50.5 1303620 1306001 genome.dna 2510313 2507997 NC_004557.gbk
562 50.6 1329655 1330212 genome.dna 2325185 2324666 NC_004557.gbk
251 39.0 1332403 1332732 genome.dna 21755 21413 NC_004557.gbk
575 46.0 1332732 1333337 genome.dna 21386 20789 NC_004557.gbk
1332 37.0 1333507 1335396 genome.dna 1615899 1614003 NC_004557.gbk
637 47.2 1335658 1336302 genome.dna 2737496 2736845 NC_004557.gbk
706 41.7 1358126 1357212 genome.dna 698196 699138 NC_004557.gbk
1349 36.8 1363499 1366138 genome.dna 1879330 1876450 NC_004557.gbk
361 32.2 1426894 1426256 genome.dna 2089639 2089018 NC_004557.gbk
1038 47.0 1427931 1426894 genome.dna 2090662 2089666 NC_004557.gbk
731 52.7 1428285 1428911 genome.dna 290827 291457 NC_004557.gbk
1070 46.9 1429248 1430537 genome.dna 1732705 1731349 NC_004557.gbk
743 41.0 1434853 1435731 genome.dna 2419893 2420778 NC_004557.gbk
1488 58.5 1458435 1457257 genome.dna 294439 295615 NC_004557.gbk
180 30.6 1466738 1466361 genome.dna 1262902 1263259 NC_004557.gbk
732 36.0 1475506 1474394 genome.dna 2198470 2197246 NC_004557.gbk
314 33.6 1479078 1478437 genome.dna 2187912 2187309 NC_004557.gbk
1744 40.8 1483266 1480684 genome.dna 326096 323609 NC_004557.gbk
1212 42.5 1493774 1492350 genome.dna 1403998 1402636 NC_004557.gbk
547 36.5 1502595 1501795 genome.dna 2779513 2778787 NC_004557.gbk
289 35.1 1506798 1506349 genome.dna 1127634 1128117 NC_004557.gbk
809 41.8 1573036 1572017 genome.dna 920539 921538 NC_004557.gbk
697 49.3 1599518 1600159 genome.dna 1135166 1135796 NC_004557.gbk
1716 53.4 1638449 1639855 genome.dna 1982499 1981077 NC_004557.gbk
2657 60.1 1654089 1656020 genome.dna 516776 518744 NC_004557.gbk
878 41.9 1656775 1657761 genome.dna 518779 519802 NC_004557.gbk
745 40.0 1660540 1661571 genome.dna 915472 916483 NC_004557.gbk
907 46.2 1664731 1665621 genome.dna 519833 520730 NC_004557.gbk
916 44.4 1735237 1734179 genome.dna 253524 254604 NC_004557.gbk
846 44.4 1738556 1737522 genome.dna 250698 251769 NC_004557.gbk
467 34.8 1745705 1744989 genome.dna 872009 872705 NC_004557.gbk
529 30.7 1777037 1778050 genome.dna 1505161 1506196 NC_004557.gbk
699 40.0 1778057 1778830 genome.dna 1504352 1505129 NC_004557.gbk
701 42.1 1778827 1779630 genome.dna 1506253 1507051 NC_004557.gbk
295 32.2 1939436 1939933 genome.dna 1846930 1846471 NC_004557.gbk
1564 40.6 1946687 1948771 genome.dna 1776978 1775148 NC_004557.gbk
250 42.7 1951419 1951823 genome.dna 1792401 1791969 NC_004557.gbk
343 30.4 1954611 1955393 genome.dna 1771040 1770257 NC_004557.gbk
800 50.4 1963383 1962607 genome.dna 1780164 1779378 NC_004557.gbk
1240 49.1 1968985 1967612 genome.dna 1788264 1786923 NC_004557.gbk
726 38.1 1970689 1969697 genome.dna 1790067 1789044 NC_004557.gbk
223 35.3 1974025 1973615 genome.dna 1832728 1832341 NC_004557.gbk
518 43.9 1975728 1976600 genome.dna 1829794 1828966 NC_004557.gbk
538 30.9 1980555 1981667 genome.dna 1757411 1756289 NC_004557.gbk
460 37.2 1986118 1986840 genome.dna 1772443 1771714 NC_004557.gbk
356 37.7 2016186 2015680 genome.dna 2396974 2396497 NC_004557.gbk
621 36.3 2041077 2042123 genome.dna 1329662 1330694 NC_004557.gbk
560 40.6 2042130 2043083 genome.dna 86417 87422 NC_004557.gbk
759 41.0 2043101 2044030 genome.dna 88610 89549 NC_004557.gbk
702 44.4 2044045 2044779 genome.dna 89556 90312 NC_004557.gbk
1270 44.7 2045253 2046494 genome.dna 90332 91577 NC_004557.gbk
526 33.6 2050132 2050929 genome.dna 213495 214269 NC_004557.gbk
343 42.6 2055442 2055792 genome.dna 2156166 2155821 NC_004557.gbk
1940 36.8 2070405 2066956 genome.dna 149077 152170 NC_004557.gbk
631 42.9 2071740 2072447 genome.dna 1935720 1935039 NC_004557.gbk
250 38.4 2076838 2077179 genome.dna 436739 437081 NC_004557.gbk
722 37.1 2091759 2090755 genome.dna 831144 830091 NC_004557.gbk
569 30.0 2116495 2117718 genome.dna 1461240 1459917 NC_004557.gbk
1438 49.5 2121733 2120321 genome.dna 2642316 2640561 NC_004557.gbk
779 45.8 2179364 2177811 genome.dna 1038822 1040343 NC_004557.gbk
418 38.6 2181519 2182154 genome.dna 689706 690357 NC_004557.gbk
637 35.1 2183367 2182216 genome.dna 2009113 2010292 NC_004557.gbk
684 37.2 2184700 2183675 genome.dna 234851 235850 NC_004557.gbk
1019 41.6 2192856 2194133 genome.dna 2585699 2584460 NC_004557.gbk
538 30.8 2214721 2213777 genome.dna 1006325 1007291 NC_004557.gbk
744 36.8 2237016 2237987 genome.dna 1094878 1093849 NC_004557.gbk
930 30.3 2256486 2258054 genome.dna 2690072 2688512 NC_004557.gbk
399 39.0 2258625 2258122 genome.dna 844750 844255 NC_004557.gbk
728 37.7 2267632 2266640 genome.dna 1953686 1952702 NC_004557.gbk
622 38.8 2298807 2297113 genome.dna 1537938 1536279 NC_004557.gbk
1282 53.6 2487322 2486231 genome.dna 1761294 1760175 NC_004557.gbk
392 36.5 2488039 2487452 genome.dna 148497 149064 NC_004557.gbk
1132 56.8 2489732 2488785 genome.dna 143928 144891 NC_004557.gbk
382 35.0 2490742 2489870 genome.dna 267404 268247 NC_004557.gbk
1161 46.9 2492889 2493971 genome.dna 286214 287282 NC_004557.gbk
428 30.4 2493971 2494816 genome.dna 285271 286150 NC_004557.gbk
115 30.9 2511822 2511298 genome.dna 614645 614183 NC_004557.gbk
715 57.5 2580340 2580921 genome.dna 1091409 1091985 NC_004557.gbk
356 34.3 2583574 2584629 genome.dna 1089254 1090187 NC_004557.gbk
578 49.1 2585266 2585973 genome.dna 1090760 1091363 NC_004557.gbk
629 46.8 2585970 2586605 genome.dna 340304 340943 NC_004557.gbk
932 37.1 2593132 2590532 genome.dna 1347855 1349946 NC_004557.gbk
294 31.8 2595969 2596559 genome.dna 769280 769817 NC_004557.gbk
418 32.1 2597527 2596643 genome.dna 1419780 1419075 NC_004557.gbk
708 34.6 2628084 2627089 genome.dna 1515428 1516370 NC_004557.gbk
3686 62.8 2634501 2637176 genome.dna 1471650 1469019 NC_004557.gbk
794 43.9 2639766 2638855 genome.dna 2393655 2392752 NC_004557.gbk
255 31.7 2645457 2646263 genome.dna 1731072 1730289 NC_004557.gbk
510 31.0 2651794 2652813 genome.dna 1996231 1995154 NC_004557.gbk
1174 52.4 2654735 2655739 genome.dna 367594 368602 NC_004557.gbk
1058 33.6 2658991 2660925 genome.dna 1108090 1109992 NC_004557.gbk
564 47.6 2679167 2679979 genome.dna 2199790 2198992 NC_004557.gbk
1651 43.5 2726216 2727934 genome.dna 1924191 1922424 NC_004557.gbk
1493 33.5 2731236 2728849 genome.dna 2404938 2402562 NC_004557.gbk
865 49.3 2732234 2731251 genome.dna 2405981 2404961 NC_004557.gbk
445 57.3 2732903 2732547 genome.dna 2409635 2409275 NC_004557.gbk
536 49.1 2733782 2733240 genome.dna 2410419 2409897 NC_004557.gbk
2143 47.7 2735713 2733785 genome.dna 2412520 2410600 NC_004557.gbk
461 32.4 2746160 2745411 genome.dna 2105015 2105783 NC_004557.gbk
823 32.0 2747899 2746157 genome.dna 2103321 2105019 NC_004557.gbk
845 39.9 2757088 2758194 genome.dna 1574944 1573867 NC_004557.gbk
423 36.1 2788070 2787564 genome.dna 97609 97099 NC_004557.gbk
698 34.0 2794931 2793456 genome.dna 1981088 1979648 NC_004557.gbk
1327 59.1 2809298 2808294 genome.dna 2334412 2333374 NC_004557.gbk
357 30.3 2809923 2809306 genome.dna 2335010 2334416 NC_004557.gbk
774 48.8 2811487 2810744 genome.dna 2336583 2335842 NC_004557.gbk
1853 48.2 2813755 2811956 genome.dna 2319773 2317994 NC_004557.gbk
666 34.3 2835515 2837245 genome.dna 1031451 1033143 NC_004557.gbk
1765 55.4 2864092 2865492 genome.dna 102351 100959 NC_004557.gbk
438 35.7 2869134 2868487 genome.dna 2321888 2321282 NC_004557.gbk
261 31.5 2900715 2899810 genome.dna 2715343 2714431 NC_004557.gbk
1757 52.5 2902776 2901247 genome.dna 2620948 2619394 NC_004557.gbk
1008 52.6 2903705 2902830 genome.dna 2621870 2620937 NC_004557.gbk
712 36.4 2905083 2904019 genome.dna 2716926 2715873 NC_004557.gbk
456 37.7 2926492 2925815 genome.dna 1415945 1415264 NC_004557.gbk
646 38.7 2931779 2932639 genome.dna 979677 980580 NC_004557.gbk
1314 48.4 2975613 2974318 genome.dna 29963 28682 NC_004557.gbk
865 35.0 2977060 2975717 genome.dna 1117280 1118564 NC_004557.gbk
629 35.5 2982496 2983455 genome.dna 893890 894838 NC_004557.gbk
985 36.8 2992855 2990582 genome.dna 2782104 2779668 NC_004557.gbk
1248 40.6 2997034 2998686 genome.dna 404597 406310 NC_004557.gbk
207 37.4 3002657 3002334 genome.dna 1627896 1627575 NC_004557.gbk
728 54.8 3019705 3020373 genome.dna 2121600 2120949 NC_004557.gbk
599 32.9 3022380 3021175 genome.dna 1656689 1655501 NC_004557.gbk
991 36.7 3042056 3043384 genome.dna 1381294 1382629 NC_004557.gbk
503 31.2 3058890 3057901 genome.dna 895969 897043 NC_004557.gbk
450 35.9 3084419 3083724 genome.dna 2539783 2539066 NC_004557.gbk
444 34.5 3109585 3110331 genome.dna 577753 578569 NC_004557.gbk
267 36.5 3135321 3134965 genome.dna 1647680 1647335 NC_004557.gbk
652 37.8 3148240 3147401 genome.dna 1280431 1281229 NC_004557.gbk
2437 57.2 3161386 3159374 genome.dna 2664406 2662420 NC_004557.gbk
643 35.0 3166099 3165062 genome.dna 109057 108079 NC_004557.gbk
242 31.0 3168781 3169188 genome.dna 1938590 1938944 NC_004557.gbk
481 36.1 3169188 3169883 genome.dna 1938940 1939630 NC_004557.gbk
689 34.0 3174746 3173826 genome.dna 1486154 1485206 NC_004557.gbk
1000 34.1 3230474 3228642 genome.dna 2654661 2652792 NC_004557.gbk
475 40.5 3278435 3279220 genome.dna 2693107 2692423 NC_004557.gbk
5373 66.7 3303128 3306640 genome.dna 1854911 1851263 NC_004557.gbk
692 35.6 3312061 3311105 genome.dna 1513647 1514598 NC_004557.gbk
530 34.6 3314908 3313691 genome.dna 2617864 2616688 NC_004557.gbk
1709 48.1 3364676 3363084 genome.dna 603667 605254 NC_004557.gbk
1074 42.2 3395711 3396913 genome.dna 1327413 1328616 NC_004557.gbk
638 50.3 3401548 3400997 genome.dna 1927511 1928057 NC_004557.gbk
687 38.9 3409858 3408341 genome.dna 2092078 2090680 NC_004557.gbk
474 32.2 3415469 3414618 genome.dna 2729910 2729163 NC_004557.gbk
637 35.2 3416479 3415469 genome.dna 2418868 2419867 NC_004557.gbk
572 34.0 3425582 3424782 genome.dna 2068638 2067861 NC_004557.gbk
219 31.2 3427528 3426443 genome.dna 2241516 2240355 NC_004557.gbk
237 34.2 3505828 3505436 genome.dna 1388974 1389331 NC_004557.gbk
521 31.2 3512886 3511738 genome.dna 1758615 1757439 NC_004557.gbk
635 35.8 3516455 3517318 genome.dna 1709024 1708238 NC_004557.gbk
1415 48.8 3519048 3517663 genome.dna 2770353 2768955 NC_004557.gbk
434 47.9 3521609 3522118 genome.dna 2092635 2092155 NC_004557.gbk
949 55.9 3527868 3527053 genome.dna 1200419 1201169 NC_004557.gbk
811 36.4 3540580 3539417 genome.dna 919220 920399 NC_004557.gbk
703 38.4 3573115 3574479 genome.dna 1133918 1135136 NC_004557.gbk
481 43.6 3577570 3576767 genome.dna 1866210 1865319 NC_004557.gbk
463 33.1 3578361 3577567 genome.dna 1865299 1864474 NC_004557.gbk
1838 51.2 3590632 3589055 genome.dna 2549717 2548184 NC_004557.gbk
1716 55.2 3592205 3590739 genome.dna 2551203 2549748 NC_004557.gbk
842 33.9 3592378 3593766 genome.dna 1708239 1707048 NC_004557.gbk
689 40.6 3599984 3598497 genome.dna 1202608 1203925 NC_004557.gbk
1123 47.4 3604488 3603367 genome.dna 1359570 1360620 NC_004557.gbk
652 39.2 3607701 3606505 genome.dna 1310566 1311616 NC_004557.gbk
1169 45.6 3621177 3619963 genome.dna 1119133 1120336 NC_004557.gbk
362 39.4 3621953 3621459 genome.dna 1118696 1119131 NC_004557.gbk
365 42.5 3651787 3651263 genome.dna 26051 25610 NC_004557.gbk
249 37.4 3680225 3679845 genome.dna 2674258 2673877 NC_004557.gbk
822 41.8 3682691 3681786 genome.dna 2149582 2148694 NC_004557.gbk
436 35.6 3683368 3682688 genome.dna 1331153 1331861 NC_004557.gbk
2338 56.8 3686442 3684643 genome.dna 2167645 2165821 NC_004557.gbk
788 37.0 3698228 3696813 genome.dna 1045444 1043875 NC_004557.gbk
837 42.6 3703917 3702925 genome.dna 1815228 1814247 NC_004557.gbk
481 34.6 3711890 3712588 genome.dna 1738378 1737685 NC_004557.gbk
1479 51.1 3714803 3716083 genome.dna 756209 757478 NC_004557.gbk
338 32.5 3728155 3728859 genome.dna 16138 15445 NC_004557.gbk
572 49.1 3738313 3737777 genome.dna 164059 164605 NC_004557.gbk
664 38.3 3742499 3743362 genome.dna 2368797 2369643 NC_004557.gbk
2989 52.2 3762599 3760023 genome.dna 549603 552201 NC_004557.gbk
609 39.1 3764478 3763501 genome.dna 1734380 1733456 NC_004557.gbk
405 50.4 3773009 3772662 genome.dna 1341917 1342286 NC_004557.gbk
725 44.1 3773827 3773072 genome.dna 1341094 1341814 NC_004557.gbk
240 31.5 3774414 3773866 genome.dna 1340597 1341110 NC_004557.gbk
1445 48.8 3776200 3774839 genome.dna 1338661 1340017 NC_004557.gbk
1771 43.2 3784972 3782345 genome.dna 1123798 1126438 NC_004557.gbk
1440 64.2 3786717 3785644 genome.dna 1383543 1384596 NC_004557.gbk
1263 46.5 3882715 3881462 genome.dna 1113681 1112394 NC_004557.gbk
1005 35.6 3886800 3888260 genome.dna 2446590 2445102 NC_004557.gbk
728 35.3 3889382 3888324 genome.dna 434467 435526 NC_004557.gbk
751 34.5 3898328 3897126 genome.dna 1009090 1010302 NC_004557.gbk
655 33.9 3911288 3910026 genome.dna 2018609 2019830 NC_004557.gbk
607 30.8 3918901 3920391 genome.dna 2530708 2529250 NC_004557.gbk
1282 50.5 3921930 3923132 genome.dna 2481750 2480565 NC_004557.gbk
741 38.0 3952362 3953393 genome.dna 1456594 1455637 NC_004557.gbk
670 42.9 3954101 3954916 genome.dna 1454982 1454163 NC_004557.gbk
1794 49.0 3956293 3958011 genome.dna 2773342 2771629 NC_004557.gbk
549 53.8 3963052 3962555 genome.dna 200658 201135 NC_004557.gbk
928 59.3 3966155 3966877 genome.dna 579331 580063 NC_004557.gbk
612 33.3 3994559 3995977 genome.dna 2681389 2680024 NC_004557.gbk
1621 60.8 4001743 4000448 genome.dna 372257 373553 NC_004557.gbk
1848 39.9 4007080 4004843 genome.dna 2324555 2322359 NC_004557.gbk
1357 54.6 4012636 4011491 genome.dna 725155 724018 NC_004557.gbk
1524 40.6 4027241 4025196 genome.dna 2533481 2531474 NC_004557.gbk
681 42.6 4036522 4035704 genome.dna 561863 562679 NC_004557.gbk
270 30.5 4056533 4057198 genome.dna 1992890 1992191 NC_004557.gbk
260 36.2 4059979 4059527 genome.dna 70011 70455 NC_004557.gbk
551 37.3 4068636 4067902 genome.dna 2767735 2766997 NC_004557.gbk
1700 39.3 4071195 4068739 genome.dna 376265 378392 NC_004557.gbk
926 44.2 4076878 4075862 genome.dna 1186167 1187223 NC_004557.gbk
474 31.7 4077711 4078532 genome.dna 2572481 2571668 NC_004557.gbk
423 37.0 4079441 4080034 genome.dna 2525664 2525058 NC_004557.gbk
634 32.3 4080027 4081166 genome.dna 2165750 2164601 NC_004557.gbk
311 34.0 4086876 4086421 genome.dna 1247615 1248062 NC_004557.gbk
1248 44.5 4114440 4115846 genome.dna 72415 73750 NC_004557.gbk
476 30.5 4115888 4116970 genome.dna 2671668 2670504 NC_004557.gbk
3478 56.5 4139901 4137067 genome.dna 2662247 2659508 NC_004557.gbk
3508 62.6 4209249 4211753 genome.dna 1565777 1563236 NC_004557.gbk
1041 45.8 4211839 4212789 genome.dna 1563224 1562261 NC_004557.gbk
460 36.3 4217612 4218277 genome.dna 195169 195850 NC_004557.gbk
942 37.8 4246629 4248101 genome.dna 1724859 1723410 NC_004557.gbk
359 34.9 4250722 4251348 genome.dna 2237735 2237051 NC_004557.gbk
902 49.2 4255592 4252890 genome.dna 310718 313244 NC_004557.gbk
1119 49.6 4258960 4257809 genome.dna 1190064 1191180 NC_004557.gbk
628 34.5 4262088 4261168 genome.dna 700106 701012 NC_004557.gbk
795 36.1 4263557 4262097 genome.dna 140998 139627 NC_004557.gbk
767 38.7 4265910 4264708 genome.dna 1746492 1745385 NC_004557.gbk
456 30.1 4267226 4265910 genome.dna 174261 175656 NC_004557.gbk
461 39.9 4268312 4267230 genome.dna 1747471 1746511 NC_004557.gbk
743 31.8 4269667 4268306 genome.dna 1748881 1747501 NC_004557.gbk
954 35.0 4271151 4269664 genome.dna 1750351 1748893 NC_004557.gbk
768 42.4 4274186 4273242 genome.dna 1754080 1753147 NC_004557.gbk
301 35.2 4274647 4274189 genome.dna 1754543 1754114 NC_004557.gbk
166 31.8 4324442 4323972 genome.dna 2442722 2443196 NC_004557.gbk
484 33.8 4333114 4332293 genome.dna 2420792 2421560 NC_004557.gbk
275 30.5 4335368 4334856 genome.dna 1734819 1734348 NC_004557.gbk
528 32.9 4339154 4338213 genome.dna 1371558 1372515 NC_004557.gbk
1194 47.4 4343498 4342359 genome.dna 2160759 2159631 NC_004557.gbk
1991 56.1 4345514 4343607 genome.dna 2162688 2160831 NC_004557.gbk
248 31.0 4353827 4352538 genome.dna 2499536 2498042 NC_004557.gbk
1201 39.5 4365488 4367155 genome.dna 1243571 1241630 NC_004557.gbk
602 34.6 4377440 4376580 genome.dna 486491 487301 NC_004557.gbk
1054 42.1 4379941 4378778 genome.dna 368701 369907 NC_004557.gbk
2177 50.2 4383337 4381343 genome.dna 1435109 1433120 NC_004557.gbk
1115 58.9 4388480 4389631 genome.dna 303525 304701 NC_004557.gbk
357 32.1 4391555 4392289 genome.dna 2158322 2157569 NC_004557.gbk
234 31.8 4393907 4394326 genome.dna 1126829 1127246 NC_004557.gbk
587 34.5 4403893 4402952 genome.dna 1397982 1397037 NC_004557.gbk
518 44.3 4448185 4447619 genome.dna 1716439 1715863 NC_004557.gbk
956 47.2 4471827 4470898 genome.dna 1224727 1223806 NC_004557.gbk
461 41.9 4477982 4478530 genome.dna 1795630 1796128 NC_004557.gbk
531 35.7 4482321 4481200 genome.dna 1346720 1347806 NC_004557.gbk
409 44.4 4482450 4482959 genome.dna 1307077 1307530 NC_004557.gbk
765 41.1 4482986 4483933 genome.dna 1307531 1308464 NC_004557.gbk
653 31.1 4484001 4485290 genome.dna 1309201 1310566 NC_004557.gbk
846 36.3 4485347 4486723 genome.dna 206594 205124 NC_004557.gbk
493 55.4 4486815 4487225 genome.dna 427479 427881 NC_004557.gbk
303 42.2 4488068 4487676 genome.dna 2732837 2732495 NC_004557.gbk
774 43.5 4489098 4488109 genome.dna 2733819 2732871 NC_004557.gbk
665 50.7 4489744 4489124 genome.dna 2734514 2733893 NC_004557.gbk
566 66.9 4490164 4489775 genome.dna 2734943 2734544 NC_004557.gbk
438 56.5 4490537 4490181 genome.dna 2735338 2734966 NC_004557.gbk
1038 38.5 4492165 4490834 genome.dna 2738788 2737510 NC_004557.gbk
454 50.7 4492607 4492173 genome.dna 2739230 2738789 NC_004557.gbk
302 44.1 4493665 4493312 genome.dna 2740319 2739959 NC_004557.gbk
530 42.0 4494208 4493675 genome.dna 2740882 2740339 NC_004557.gbk
468 52.7 4494614 4494222 genome.dna 2741303 2740904 NC_004557.gbk
750 58.3 4495506 4494967 genome.dna 2742077 2741534 NC_004557.gbk
236 42.0 4495835 4495521 genome.dna 2742419 2742098 NC_004557.gbk
553 69.9 4496217 4495846 genome.dna 2742806 2742437 NC_004557.gbk
534 55.6 4497236 4496826 genome.dna 2743760 2743316 NC_004557.gbk
790 51.4 4497950 4497249 genome.dna 2744446 2743777 NC_004557.gbk
324 49.1 4498300 4497968 genome.dna 2744798 2744462 NC_004557.gbk
1030 55.8 4499431 4498610 genome.dna 2746044 2745171 NC_004557.gbk
573 43.4 4500353 4499748 genome.dna 2746997 2746376 NC_004557.gbk
641 46.6 4500993 4500364 genome.dna 2747652 2747022 NC_004557.gbk
2494 61.2 4505956 4503842 genome.dna 2751715 2749639 NC_004557.gbk
633 59.0 4506523 4506053 genome.dna 2752268 2751797 NC_004557.gbk
626 76.4 4506994 4506620 genome.dna 2752816 2752438 NC_004557.gbk
485 37.7 4514856 4514044 genome.dna 1742478 1741800 NC_004557.gbk
699 38.7 4542308 4541385 genome.dna 1514581 1515415 NC_004557.gbk
1255 55.2 4557783 4556779 genome.dna 2594512 2593495 NC_004557.gbk
688 52.8 4559154 4558477 genome.dna 1315037 1315691 NC_004557.gbk
601 37.9 4560090 4559278 genome.dna 380623 381466 NC_004557.gbk
696 35.3 4562421 4561336 genome.dna 1739616 1738494 NC_004557.gbk
1961 45.7 4597892 4600225 genome.dna 315915 318072 NC_004557.gbk
1528 39.4 4664050 4662224 genome.dna 2222012 2219891 NC_004557.gbk
1325 38.5 4672431 4670269 genome.dna 2535429 2533509 NC_004557.gbk
720 34.7 4703612 4702350 genome.dna 2389468 2388148 NC_004557.gbk
1316 56.6 4704862 4703738 genome.dna 293134 294298 NC_004557.gbk
307 39.2 4709479 4709153 genome.dna 2712955 2712637 NC_004557.gbk
1272 43.2 4733613 4735139 genome.dna 1345129 1346704 NC_004557.gbk
853 40.3 4766891 4765731 genome.dna 2688313 2687116 NC_004557.gbk
710 36.1 4769378 4770382 genome.dna 1019949 1018881 NC_004557.gbk
1273 31.8 4770998 4773196 genome.dna 1304820 1307055 NC_004557.gbk
223 37.2 4780345 4781184 genome.dna 2124329 2125034 NC_004557.gbk
2272 66.0 4781238 4782749 genome.dna 1871117 1869620 NC_004557.gbk
738 43.8 4782875 4783885 genome.dna 1076937 1077909 NC_004557.gbk
646 43.3 4786326 4787093 genome.dna 369919 370687 NC_004557.gbk
1031 51.3 4825789 4824827 genome.dna 2643298 2642338 NC_004557.gbk
421 44.0 4834867 4834403 genome.dna 354694 355183 NC_004557.gbk
259 30.7 4846439 4847095 genome.dna 1007318 1007969 NC_004557.gbk
593 41.4 4867996 4867325 genome.dna 2668666 2667979 NC_004557.gbk
330 33.3 4869761 4870336 genome.dna 1321260 1321818 NC_004557.gbk
851 36.0 4886675 4885383 genome.dna 870750 871995 NC_004557.gbk
477 34.9 4936111 4935389 genome.dna 1649984 1649282 NC_004557.gbk
544 34.2 4963465 4962494 genome.dna 598187 599120 NC_004557.gbk
656 37.1 4969043 4968228 genome.dna 2592462 2593425 NC_004557.gbk
931 34.7 4988276 4989640 genome.dna 55192 56572 NC_004557.gbk
862 33.1 5010680 5009268 genome.dna 430437 431733 NC_004557.gbk
406 32.0 5019301 5018414 genome.dna 1199521 1200409 NC_004557.gbk
336 32.6 5020260 5019301 genome.dna 1198596 1199517 NC_004557.gbk
1037 40.1 5026700 5027902 genome.dna 1389516 1390710 NC_004557.gbk
1712 46.2 5049054 5047222 genome.dna 2702180 2700347 NC_004557.gbk
1029 38.7 5050610 5049240 genome.dna 142542 143910 NC_004557.gbk
407 32.1 5061686 5061066 genome.dna 58474 59194 NC_004557.gbk
1968 48.1 5063659 5061770 genome.dna 56581 58453 NC_004557.gbk
